0:248,1,5,10,12,13,17,25,28,30,39,43,46,49,50,57,62,66,73,78,85,96,106,108,110,112,116,117,120,131,140,141,144,148,149,170,175,180,189,190,195,196,197,205,213,216,223,231,239,242,247
1:0,192,4,9,12,19,20,21,22,25,35,36,41,43,44,48,50,51,53,57,71,77,79,84,87,89,98,103,106,109,112,113,117,124,125,136,138,142,152,155,158,159,167,169,171,175,176,180,182,187,197,201,215,219,222,224,229,231,237,239,246
2:197,6,9,16,17,32,35,44,47,53,61,65,96,97,101,106,108,117,122,131,133,136,145,146,148,149,151,159,164,168,172,179,184,190,196,205,207,215,221,225,230,234,237,241,242,243,246,248,249
3:212,4,13,16,22,25,31,45,50,53,56,58,63,65,70,71,74,75,81,86,89,91,97,110,112,114,119,121,122,123,127,128,131,135,137,138,140,157,158,159,162,169,172,178,179,184,186,187,204,211,217,218,224,229,233,234,242,244,245,248
4:1,3,44,14,16,19,29,34,36,40,50,51,72,73,74,80,95,96,102,108,109,110,113,115,117,119,120,124,126,133,141,143,145,158,161,169,174,184,186,188,189,191,192,197,199,215,228,230,234,236,241,247,248
5:0,81,6,7,14,40,43,48,60,61,66,67,70,84,99,100,106,124,130,131,143,145,148,149,152,153,154,159,161,165,176,178,179,195,199,207,216,223,228,230,234,235,236,240,248
6:2,5,213,8,24,35,44,46,48,49,55,61,78,81,83,89,90,93,94,106,107,113,119,123,124,125,130,135,146,151,153,158,160,165,170,171,172,179,181,182,184,188,190,199,202,210,211,222,223,231,240
7:5,247,10,16,23,25,27,29,30,33,34,35,42,49,52,54,57,61,62,73,85,91,92,109,111,112,114,126,131,134,138,139,150,156,160,170,171,201,208,210,221,223,225,232,238,239,241
8:6,106,9,13,14,17,19,20,23,26,31,39,52,70,77,78,79,81,83,85,101,102,114,115,122,129,146,147,148,150,156,161,162,183,185,188,189,201,202,204,205,216,227,233
9:1,2,8,227,12,18,28,34,36,43,44,56,58,59,63,66,68,70,81,83,90,91,92,97,132,138,139,142,160,161,166,169,173,178,184,185,186,188,189,197,205,209,211,212,214,216,217,224,228,231,235,237,241
10:0,7,64,14,15,28,39,41,46,51,52,54,55,56,66,73,75,81,82,84,88,94,96,97,110,112,114,115,123,126,128,131,133,137,139,145,151,162,164,171,174,192,195,202,204,214,227,230,235,238,243
11:20,19,28,41,49,56,60,72,75,78,81,85,88,92,93,99,110,113,115,123,130,131,132,136,139,140,146,147,155,157,161,164,173,176,177,182,185,192,194,196,204,206,208,209,217,221,222,224,225,226,237,239,244,247
12:0,1,9,235,14,15,18,21,38,40,41,50,61,65,67,72,78,82,90,97,99,102,109,111,121,123,124,132,147,152,158,189,194,199,204,211,221,228
13:0,3,8,73,15,18,19,21,22,26,27,31,32,33,35,36,46,47,52,53,70,80,81,95,110,111,112,125,130,131,136,137,139,144,154,159,166,168,188,190,207,209,213,215,220,221,222,246,248
14:4,5,8,10,12,205,17,28,39,48,51,52,53,56,58,62,67,68,69,85,93,115,128,131,141,144,147,149,157,158,165,171,173,174,187,199,201,202,206,209,210,214,216,225,231,240,243,248,249
15:10,12,13,174,17,24,26,29,35,42,47,49,54,60,63,66,68,70,72,77,82,83,90,104,107,108,110,112,113,121,123,126,134,135,142,144,153,161,166,172,184,186,192,195,197,201,213,225,227,228,242,246,249
16:2,3,4,7,126,29,34,36,38,39,42,43,44,48,60,61,64,76,77,89,91,112,113,115,119,134,146,158,159,161,164,165,173,184,197,203,207,215,216,219,220,222,225,228,239,241,245,247,249
17:0,2,8,14,15,205,20,21,28,33,40,52,64,65,68,71,78,79,83,84,86,99,102,103,104,109,111,114,115,116,130,135,141,146,151,153,154,165,166,168,169,171,176,179,180,183,186,194,202,210,212,217,218,222,223,224,230,235,237,240
18:9,12,13,165,20,21,25,26,31,32,33,35,40,42,45,46,48,51,53,55,56,58,63,83,89,90,106,108,113,121,124,126,127,136,137,150,156,157,159,176,181,184,185,190,196,198,199,201,202,209,212,217,223,225,228,232,233,234,247,248
19:1,4,8,11,13,172,20,22,23,25,26,31,32,39,42,56,58,80,85,87,92,115,121,122,132,133,141,148,152,157,161,164,165,168,182,185,192,196,198,200,202,205,206,209,210,213,214,223,224,232,233,234,237,241,243,247
20:1,8,11,17,18,19,108,29,30,32,36,41,43,47,48,52,56,65,75,79,86,87,92,99,104,107,115,119,128,129,130,139,140,146,151,152,154,167,169,175,181,185,189,195,203,215,216,217,218,230,235,244,245,248,249
21:1,12,13,17,18,237,22,27,33,34,45,50,56,58,60,62,65,81,82,90,92,99,100,114,115,117,120,124,125,127,128,129,133,140,142,143,149,151,158,163,171,191,214,217,230,231,234,235,236,238,243,245
22:1,3,13,19,21,76,38,42,45,46,53,59,65,67,68,86,96,98,100,103,106,114,116,117,129,130,132,133,137,141,142,150,153,155,156,163,164,171,172,181,184,185,190,192,194,199,200,203,220,225,228,233,234,240
23:7,8,19,109,25,35,41,43,45,47,55,69,77,83,87,95,98,101,107,110,122,137,152,159,168,171,174,175,181,183,189,193,195,202,205,211,212,226,231,242,247
24:6,15,50,27,34,36,37,42,44,45,51,62,65,69,84,86,88,90,94,104,107,113,121,125,135,139,145,146,150,151,153,162,170,172,186,192,193,196,200,202,206,211,212,222,227,228,230,233,235,242,243,244,245
25:0,1,3,7,18,19,23,139,30,40,42,45,48,53,72,86,87,89,91,93,96,97,106,111,114,126,129,133,141,145,147,148,154,159,160,166,171,179,183,191,192,193,195,197,202,209,211,212,213,216,218,220,222,224,233,234,237,239
26:8,13,15,18,19,149,30,31,35,39,49,59,71,72,76,102,107,112,118,124,127,128,132,133,140,141,146,152,158,160,162,165,166,167,180,187,191,206,212,219,220,223,242,244
27:7,13,21,24,93,43,49,53,54,62,64,69,70,74,79,82,88,95,97,107,108,114,120,124,126,128,131,134,148,149,166,179,183,185,187,192,197,204,213,220,233,244,245
28:0,9,10,11,14,17,71,31,32,34,48,63,66,67,72,76,83,86,90,97,98,103,108,111,113,115,121,123,134,135,144,153,167,175,178,182,193,204,213,217,218,220,221,228,229,230,238,242,247
29:4,7,15,16,20,129,36,60,64,65,73,77,90,104,107,111,113,118,124,130,139,141,142,147,149,165,174,175,177,178,185,193,196,206,212,213,224,225,233,239,244,245,247,249
30:0,7,20,25,26,187,32,40,49,56,58,59,62,72,75,76,91,92,93,94,103,111,118,126,151,154,159,162,166,172,175,177,182,185,186,198,200,203,229,230,237,246
31:3,8,13,18,19,26,28,90,41,48,51,52,53,57,61,65,68,70,81,89,93,95,96,98,101,102,105,106,112,113,115,124,126,129,143,149,154,155,162,171,174,184,189,198,211,212,218,219,223,232,239,241,243,248
32:2,13,18,19,20,28,30,96,33,37,42,49,51,67,72,73,78,80,82,98,99,126,130,131,134,135,136,141,146,152,153,155,159,164,175,178,188,194,195,200,204,205,210,217,234,242
33:7,13,17,18,21,32,246,37,57,59,62,73,76,79,83,94,96,101,104,106,117,123,127,134,144,146,158,167,170,175,179,180,191,194,195,196,197,199,204,208,215,216,226,229,230
34:4,7,9,16,21,24,28,234,51,60,67,71,72,78,81,89,92,97,102,103,105,111,114,117,121,128,131,132,133,149,150,154,169,179,185,187,191,196,198,214,217,218,223,226,229,238,241,249
35:1,2,6,7,13,15,18,23,26,193,49,58,63,64,70,78,80,88,98,101,102,109,110,112,131,146,147,156,157,162,165,166,167,170,172,175,178,179,180,190,191,206,208,212,227,230,232,236,237,239,243,244
36:1,4,9,13,16,20,24,29,66,44,45,46,53,55,59,74,85,92,94,100,120,122,134,137,153,159,162,165,166,172,179,180,190,210,212,216,217,223,224,228,230,231,235,237,246
37:24,32,33,53,44,47,57,60,66,70,72,75,77,79,81,86,88,106,109,117,118,119,121,126,127,133,135,137,138,139,143,144,146,154,159,165,179,181,182,190,192,193,194,195,198,201,203,204,205,206,215,216,217,222,231,234,237,239
38:12,16,22,190,39,40,42,47,49,55,59,60,62,63,66,70,74,79,81,82,88,89,92,93,105,112,121,125,127,132,134,136,143,147,150,157,159,173,175,179,181,183,185,193,195,201,207,220,223,230,231,238,240,244,248
39:0,8,10,14,16,19,26,38,240,46,54,56,61,75,91,92,99,102,110,111,112,113,117,123,131,139,143,152,163,170,171,180,187,196,206,214,216,224,232,233,236,239,242,244,246
40:4,5,12,17,18,25,30,38,46,44,50,57,60,63,70,72,76,81,90,99,102,107,111,115,117,119,130,134,135,136,139,150,151,158,163,171,186,196,199,202,226,232,233,246,248
41:1,10,11,12,20,23,31,160,45,65,70,75,88,91,93,95,104,113,114,116,117,123,125,126,132,134,140,142,145,146,150,156,158,161,162,164,166,168,175,177,178,187,202,203,205,206,230,233,245
42:7,15,16,18,19,22,24,25,32,38,48,50,52,53,57,62,65,69,71,72,91,110,113,126,127,128,132,133,135,138,144,147,148,157,159,161,176,177,180,191,193,194,197,211,212,217,221,222,235,246,249
43:0,1,5,9,16,20,23,27,156,51,52,54,56,58,75,82,85,89,92,95,100,107,112,113,114,118,120,125,127,130,134,141,145,151,157,161,163,167,174,184,195,207,208,210,215,220,223,225,227,228,229,238
44:1,2,4,6,9,16,24,36,37,40,111,45,54,57,64,74,77,83,85,91,97,98,105,106,107,115,117,118,120,122,127,135,138,147,148,149,152,163,165,173,176,178,185,186,188,190,191,192,194,195,204,206,210,212,215,219,222,223,231,236,240,245
45:3,18,21,22,23,24,25,36,41,44,155,46,59,65,76,78,79,92,95,101,105,108,121,127,131,132,133,134,144,151,158,162,171,176,178,200,208,209,220,230,236,238,247,249
46:0,6,10,13,18,22,36,39,40,45,125,52,54,62,67,70,78,81,83,84,99,105,111,114,117,119,122,132,133,143,145,146,151,154,155,160,164,169,172,173,176,177,179,180,190,192,201,204,207,209,213,217,220,221,224,226,227,231,232,233,238,244
47:2,13,15,20,23,37,38,87,48,49,50,58,64,67,71,72,78,81,82,85,92,101,103,112,114,116,136,143,146,149,151,155,161,170,171,173,175,178,182,185,186,189,194,210,213,216,218,220,234,238,245,246,247
48:1,5,6,14,16,18,20,25,28,31,42,47,152,55,60,64,77,84,87,92,94,96,99,102,110,112,114,115,116,117,127,128,132,133,138,144,148,163,166,168,172,176,180,181,189,208,209,210,211,212,213,214,218,240,245
49:0,6,7,11,15,26,27,30,32,35,38,47,162,58,62,64,66,71,75,76,83,86,88,92,95,98,101,110,115,116,122,123,128,130,132,134,138,142,145,152,154,156,161,173,178,179,187,191,203,205,211,213,214,215,222,233,238,243,245,249
50:0,1,3,4,12,21,24,40,42,47,62,59,69,74,76,80,82,84,93,99,103,105,106,107,112,113,118,122,124,126,136,142,144,151,155,157,171,182,185,190,199,200,208,209,212,216,218,226,229,231,234,238,239,247,248
51:1,4,10,14,18,24,31,32,34,43,243,52,55,66,67,72,75,79,83,87,90,97,99,100,103,111,113,120,135,137,141,143,147,150,157,158,160,162,174,189,203,204,214,219,223,224,237,238,246,247
52:7,8,10,13,14,17,20,31,42,43,46,51,106,55,57,59,61,62,82,92,94,98,101,103,104,105,108,113,131,134,135,137,140,142,156,158,162,166,167,168,169,176,183,188,200,203,205,211,213,217,226,236,240,241,242,246,249
53:1,2,3,13,14,18,22,25,27,31,36,37,42,96,60,65,71,75,78,79,82,84,86,87,105,108,122,128,132,133,134,137,149,154,161,168,171,172,182,183,197,218,219,224,227,228,231,234,235,238,239,240,248
54:7,10,15,27,39,43,44,46,118,57,62,66,67,75,87,91,102,104,106,114,117,123,132,133,136,139,144,152,153,173,193,200,202,210,217,221,233,236,241,244,248
55:6,10,18,23,36,38,48,51,52,174,58,59,61,62,66,70,79,83,89,96,102,103,106,108,113,115,124,130,136,150,152,153,155,160,163,164,167,168,171,178,185,186,193,205,207,208,214,215,234,235,237,239,240,248
56:3,9,10,11,14,18,19,20,21,30,39,43,134,62,63,67,74,75,79,86,88,97,100,101,106,110,120,125,136,141,145,150,166,167,168,169,182,183,187,190,192,201,204,217,218,225,226,232,239,243,247,249
57:0,1,7,31,33,37,40,42,44,52,54,127,58,68,69,70,72,75,81,83,93,94,96,104,111,117,119,121,128,131,133,145,155,166,172,174,176,178,180,185,186,200,204,205,208,211,213,219,227,228,231,237,245,246,247,249
58:3,9,14,18,19,21,30,35,43,47,49,55,57,120,60,64,82,83,92,94,95,99,100,114,116,125,129,135,143,163,177,181,185,189,194,195,198,199,200,201,202,205,211,212,222,236,237,238,245
59:9,22,26,30,33,36,38,45,50,52,55,175,64,66,74,75,77,79,81,95,96,98,99,100,105,109,110,112,117,136,145,147,150,151,153,154,164,169,170,181,184,187,188,197,199,203,209,211,221,224,226,230,232,233,243,245,247,248,249
60:5,11,15,16,21,29,34,37,38,40,48,53,58,96,64,79,89,99,109,111,112,115,121,135,139,143,147,148,152,155,156,160,161,165,191,195,197,218,227,247,249
61:2,5,6,7,12,16,31,39,52,55,73,65,66,69,86,90,92,96,103,114,115,132,136,138,140,142,151,154,158,165,171,179,191,197,199,208,214,218,222,226,230,233,234,237,238,244,246,247
62:0,7,14,21,24,27,30,33,38,42,46,49,50,52,54,55,56,71,63,66,69,79,80,84,85,88,90,94,100,101,103,108,110,116,117,125,131,132,133,138,139,141,148,150,151,154,163,172,177,183,184,188,190,196,197,199,200,215,222,232,233,237,247
63:3,9,15,18,28,35,38,40,56,62,76,64,66,73,79,80,81,86,96,105,106,111,117,118,123,132,135,137,139,144,153,156,164,166,167,169,171,174,177,180,181,187,190,213,216,217,232,245,246,249
64:10,16,17,27,29,35,44,47,48,49,58,59,60,63,174,67,74,75,76,77,81,82,84,104,107,111,118,120,121,123,124,132,151,153,154,159,161,163,164,166,170,176,205,213,217,223,230,231,236,244,246,249
65:2,3,12,17,20,21,22,24,29,31,41,42,45,53,61,154,72,94,110,115,122,129,130,141,143,150,151,153,155,162,169,195,198,200,204,207,211,229,238,248
66:0,5,9,10,15,28,36,37,38,49,51,54,55,59,61,62,63,213,67,69,71,75,94,99,100,105,110,112,114,120,123,130,132,137,148,164,168,172,173,175,176,179,180,186,195,198,205,215,222,229,232,242,243,245
67:5,12,14,22,28,32,34,46,47,51,54,56,64,66,154,79,80,81,83,84,89,93,101,102,108,122,129,149,151,153,159,161,165,166,167,173,174,175,180,181,186,197,198,211,223,230,233,234,239,240
68:9,14,15,17,22,31,57,130,71,72,76,90,97,101,105,106,112,113,127,129,132,136,139,144,147,151,160,161,164,165,166,169,173,180,182,185,196,197,204,208,221,224,235,237,244,247,249
69:14,23,24,27,42,50,57,61,62,66,190,71,77,80,88,90,91,93,102,103,118,120,122,124,128,134,137,140,145,153,166,171,172,176,178,181,192,194,195,199,200,202,206,209,216,217,220,225,230,233,234,235,237,239,242
70:3,5,8,9,13,15,27,31,35,37,38,40,41,46,55,57,93,82,84,91,97,114,130,133,136,147,156,158,159,163,173,175,178,180,186,188,203,204,208,213,221,225,228,234,235,237,244
71:1,3,17,26,28,34,42,47,49,53,62,66,68,69,173,77,91,94,98,99,107,114,116,121,148,150,152,153,159,167,180,194,207,218,223,224,225,227,235,243
72:4,11,12,15,25,26,28,30,32,34,37,40,42,47,51,57,65,68,114,73,75,78,85,91,97,98,100,106,111,129,140,149,152,159,163,168,173,176,182,191,193,194,195,197,200,205,207,210,214,220,222,230,232,234,239,242,247
73:0,4,7,10,13,29,32,33,61,63,72,154,75,82,84,89,108,116,118,122,129,139,147,162,176,190,193,200,208,214,217,221,231,233,234,238,240,243,247,249
74:3,4,27,36,38,44,50,56,59,64,177,80,84,91,105,110,111,122,123,127,130,131,136,137,144,150,153,156,157,158,160,161,166,169,170,176,188,190,192,197,202,214,215,237,242
75:3,10,11,20,30,37,39,41,43,49,51,53,54,56,57,59,64,66,72,73,166,78,97,105,108,109,112,114,120,121,126,129,131,132,139,144,154,156,158,169,170,173,201,207,209,210,214,219,223,224,229,230,231,233,236,241,248
76:16,22,26,28,30,33,40,45,49,50,63,64,68,237,77,89,96,103,106,108,111,113,115,120,126,127,128,131,133,137,140,158,162,163,166,171,172,183,184,191,202,205,208,214,215,216,223,224,226,243
77:1,8,15,16,23,29,37,44,48,59,64,69,71,76,132,81,92,94,96,110,111,118,126,127,128,137,154,157,162,164,175,183,198,205,218,219,224,231,242
78:0,6,8,11,12,17,32,34,35,45,46,47,53,72,75,148,79,80,81,84,86,89,90,93,94,103,107,109,111,113,117,129,137,143,147,152,160,172,177,185,186,187,193,198,216,224,227,234,238,243,244,245,247,249
79:1,8,17,20,27,33,37,38,45,51,53,55,56,59,60,62,63,67,78,89,81,82,87,88,97,106,109,114,117,118,120,128,129,130,142,149,152,153,154,156,158,163,168,169,170,175,180,185,188,196,199,213,218,219,220,222,236,240,243,247,248
80:4,13,19,32,35,50,62,63,67,69,74,78,176,82,90,93,95,98,108,113,116,121,124,153,159,168,172,173,184,185,187,188,200,202,204,206,214,215,226,228,229,232,235,240
81:3,5,6,8,9,10,11,13,21,31,34,37,38,40,46,47,57,59,63,64,67,77,78,79,128,85,87,92,94,98,106,107,109,111,114,122,123,130,133,134,149,151,155,157,169,178,186,197,199,207,223,226,229,231,244,248
82:10,12,15,21,27,32,38,43,47,50,52,53,58,64,70,73,79,80,84,87,89,90,114,115,117,131,133,134,142,149,152,155,160,163,170,171,178,185,186,187,189,192,194,198,205,216,223,225,230,232,237,239,241,244
83:6,8,9,15,17,18,23,28,33,44,46,49,51,55,57,58,67,96,84,85,94,107,110,112,128,133,141,147,150,164,165,172,173,175,178,182,183,187,201,206,208,220,226,230,233,236,239,244,247
84:1,5,10,17,24,46,48,50,53,62,64,67,70,73,74,78,82,83,247,98,128,129,133,135,144,145,146,155,156,162,174,176,188,189,190,191,197,204,205,207,208,211,212,217,223,224,229,230,241
85:0,7,8,11,14,19,36,43,44,47,62,72,81,83,184,87,90,95,99,100,103,107,119,123,130,142,144,153,166,167,169,170,178,180,183,186,188,189,190,193,195,213,222,231,233,234,238,239,240,243,246,247
86:3,17,20,22,24,25,28,37,49,53,56,61,63,78,139,104,109,112,116,117,129,134,141,146,153,155,177,179,191,193,195,203,206,208,217,227,233,237,240,244
87:1,19,20,23,25,47,48,51,53,54,79,81,82,85,120,90,97,100,101,102,109,111,114,115,124,131,149,150,151,152,154,156,157,161,169,171,173,174,176,186,189,193,194,197,205,206,207,210,211,213,221,222,228,234,241,246
88:10,11,24,27,35,37,38,41,49,56,62,69,79,127,91,99,107,110,112,117,123,124,126,133,150,158,159,168,178,179,180,182,184,190,194,198,199,212,219,229,234,237,243
89:1,3,6,16,18,25,31,34,38,43,55,60,67,73,76,78,79,82,217,90,97,107,118,120,121,135,137,152,156,163,167,170,171,185,189,194,198,201,220,222,224,229,246
90:6,9,12,15,18,21,24,28,29,31,40,51,61,62,68,69,78,80,82,85,87,89,217,92,111,115,123,125,139,140,143,144,152,155,156,158,162,163,165,168,181,184,185,190,193,194,198,206,210,215,218,220,222,228,229,230,234,236,242,243
91:3,7,9,16,25,30,39,41,42,44,54,69,70,71,72,74,88,215,105,108,115,125,134,149,156,184,199,205,208,210,228,229,233,236,244,246
92:7,9,11,19,20,21,30,34,36,38,39,43,45,47,48,49,52,58,61,77,81,90,135,94,99,100,101,109,111,112,114,118,129,134,136,139,144,145,151,156,166,184,186,188,191,192,193,196,199,203,205,206,219,224,227,230,235,238,242
93:6,11,14,25,27,30,31,38,41,50,57,67,69,70,78,80,248,95,99,102,112,113,114,119,128,149,163,170,171,175,182,193,194,202,212,216,222,234,245
94:6,10,24,30,33,36,48,52,57,58,62,65,66,71,77,78,81,83,92,104,101,102,107,109,119,120,134,146,150,166,181,185,189,191,194,205,210,217,223,230,234,235,239,244,247
95:4,13,23,27,31,41,43,45,49,58,59,80,85,93,109,100,102,108,112,115,120,121,122,123,130,131,135,149,156,162,171,181,189,190,196,204,206,209,216,220,222,224,229,231,235,236,242,244,249
96:0,2,4,10,22,25,31,32,33,48,53,55,57,59,60,61,63,76,77,83,220,97,101,111,115,118,138,152,154,156,158,173,175,186,187,192,194,195,196,198,200,205,219,222,234,235,246
97:2,3,9,10,12,25,27,28,34,44,51,56,68,70,72,75,79,87,89,96,195,99,105,112,113,114,116,118,123,130,131,134,135,136,139,141,142,148,151,152,154,160,163,167,168,170,172,180,207,218,220,228,244,245,249
98:1,22,23,28,31,32,35,44,49,52,59,71,72,80,81,84,112,103,104,108,109,122,124,125,136,137,140,141,146,155,160,163,171,185,200,203,217,223,225,227,228,232,235,237,245
99:5,11,12,17,20,21,32,39,40,46,48,50,51,58,59,60,66,71,85,88,92,93,97,242,102,118,131,132,135,140,143,155,159,161,162,166,169,173,175,178,182,192,194,196,201,203,210,213,214,215,216,224,228,234,237,244,246
100:5,21,22,36,43,51,56,58,59,62,66,72,85,87,92,95,158,103,104,112,126,139,149,150,157,159,167,171,180,182,198,201,202,205,208,209,214,226,233,239,240,245,249
101:2,8,23,31,33,35,45,47,49,52,56,62,67,68,87,92,94,96,119,102,111,116,118,124,129,140,145,155,156,162,166,174,175,181,184,192,196,199,201,213,218,222,232,240,241
102:4,8,12,17,26,31,34,35,39,40,48,54,55,67,69,87,93,94,95,99,101,235,111,114,125,132,135,138,139,141,147,148,150,155,157,162,164,176,184,189,194,196,198,199,201,207,223,224,234,238,239,246
103:1,17,22,28,30,34,47,50,51,52,55,61,62,69,76,78,85,98,100,151,105,114,116,121,122,133,135,136,139,140,141,146,148,150,153,158,160,164,167,170,178,194,207,209,216,219,227,239,241,248
104:15,17,20,24,29,33,41,52,54,57,64,86,94,98,100,248,110,114,123,124,136,138,144,153,156,157,158,159,163,170,181,201,202,207,218,226,232,234,240,243,244,245
105:31,34,38,44,45,46,50,52,53,59,63,66,68,74,75,91,97,103,228,107,114,117,121,145,158,161,165,172,175,183,184,186,189,192,203,204,210,227,232,233,236,240,241,244
106:0,1,2,5,6,8,18,22,25,31,33,37,44,50,52,54,55,56,63,68,72,76,79,81,162,107,119,122,129,130,132,133,134,137,145,146,149,151,158,161,163,173,174,179,186,188,191,201,223,229,232,233,235,236,237,239,240,243,247
107:6,15,20,23,24,26,27,29,40,43,44,50,64,71,78,81,83,85,88,89,94,105,106,153,108,109,113,118,122,129,130,138,140,145,150,154,158,161,163,165,171,176,178,180,181,185,191,193,197,202,204,205,206,211,216,222,224,227,237,240,242,243
108:0,2,4,15,18,20,27,28,45,52,53,55,62,67,73,75,76,80,91,95,98,107,211,112,118,122,137,139,143,144,147,148,159,168,186,188,189,200,212,213,229,233,236,237,238,240,242,243,244,248
109:1,4,7,12,17,23,35,37,59,60,75,78,79,81,86,87,92,94,95,98,107,142,110,116,119,120,129,133,139,144,150,152,160,165,167,190,193,194,207,212,214,215,230,233,236,238,239,241
110:0,3,4,10,11,13,15,23,35,39,42,48,49,56,59,62,65,66,74,77,83,88,104,109,196,113,122,127,128,133,139,145,146,147,149,152,171,172,184,191,195,198,213,220,224,238,240,243
111:7,12,13,17,25,28,29,30,34,39,40,44,46,51,57,60,63,64,72,74,76,77,78,81,87,90,92,96,101,102,151,113,115,117,118,133,142,149,150,154,159,160,161,164,167,176,179,185,191,195,202,206,212,215,218,222,223,226,231,232,236,237,240
112:0,1,3,7,10,13,15,16,26,31,35,38,39,43,47,48,50,59,60,66,68,75,83,86,88,92,93,95,97,98,100,108,135,115,120,140,141,142,143,149,154,157,165,166,168,170,172,177,179,183,184,186,192,197,209,215,216,218,223,226,231,244,247,248
113:1,4,6,11,15,16,18,24,28,29,31,39,41,42,43,50,51,52,55,68,76,78,80,93,97,107,110,111,234,114,118,121,123,125,126,134,136,137,141,149,164,176,181,203,213,220,221,224,225,231,240
114:3,7,8,10,17,21,22,25,27,34,41,43,46,47,48,54,58,61,66,70,71,72,75,79,81,82,87,92,93,97,102,103,104,105,113,125,118,122,132,142,145,151,159,161,163,176,178,181,184,186,190,194,205,217,219,221,223,225,226,228,237,239,242,245
115:4,8,10,11,14,16,17,19,20,21,28,31,40,44,48,49,55,60,61,65,76,82,87,90,91,95,96,111,112,200,130,138,140,142,146,151,154,160,163,169,179,194,205,206,214,219,229,230,236,238,241,247
116:0,17,22,41,47,48,49,58,62,71,73,80,86,97,101,103,109,184,134,142,143,144,151,157,165,168,169,171,172,173,174,188,193,194,198,199,201,203,207,214,216,223,227,230,243,245
117:0,1,2,4,21,22,33,34,37,39,40,41,44,46,48,54,57,59,62,63,78,79,82,86,88,105,111,224,122,130,143,157,158,160,165,195,196,202,204,206,211,212,225,232,243
118:26,29,30,37,43,44,50,54,63,64,69,73,77,79,89,92,96,97,99,101,107,108,111,113,114,128,123,127,134,138,142,147,148,149,153,169,173,174,179,183,187,201,209,218,220,223,226,229,232,233,242,243,244
119:3,4,6,16,20,37,40,46,57,85,93,94,101,106,109,198,121,125,128,129,149,155,159,167,171,174,181,183,184,186,193,194,197,204,221,222,224,225,235,236,245,246
120:0,4,21,27,36,43,44,51,56,58,64,66,69,75,76,79,87,89,94,95,109,112,215,125,127,130,134,138,148,150,161,164,168,169,179,203,204,217,229,235,236,238,239,248
121:3,12,15,18,19,24,28,34,37,38,45,57,60,64,71,75,80,89,95,103,105,113,119,132,122,125,126,127,128,130,136,138,142,148,150,155,160,167,171,193,197,211,212,213,215,216,225,242,243
122:2,3,8,19,23,36,44,46,49,50,53,65,67,69,73,74,81,95,98,103,106,107,108,110,114,117,121,219,124,130,133,135,154,155,158,161,163,165,177,179,181,188,189,195,198,202,204,210,216,222,227,230,235,236,244,247
123:3,6,10,11,12,15,28,33,39,41,49,54,63,64,66,74,81,85,88,90,95,97,104,113,118,130,126,132,133,135,136,138,153,156,157,163,169,172,180,182,185,193,198,201,203,211,218,222,232,234,237,245
124:1,4,5,6,12,18,21,26,27,29,31,50,55,64,69,80,87,88,98,101,104,122,201,130,134,144,158,163,168,174,176,179,182,195,196,198,203,209,210,226,229,232,237,240
125:1,6,13,21,24,38,41,43,46,56,58,62,90,91,98,102,113,114,119,120,121,174,130,132,140,143,147,150,160,162,168,170,172,185,195,198,208,212,213,216,217,218,219,221,222,226,228
126:4,7,10,15,16,18,25,27,30,31,32,37,41,42,50,75,76,77,88,100,113,121,123,136,130,134,135,141,142,155,168,175,176,179,180,184,187,192,193,199,213,227,228,233,238,242,243,247
127:3,18,21,26,33,37,38,42,43,44,45,48,57,68,74,76,77,88,110,118,120,121,223,133,139,145,150,155,156,166,168,171,176,181,183,192,197,199,204,228,232,240,244,249
128:3,10,14,20,21,26,27,34,42,48,49,53,57,69,76,77,79,81,83,84,93,110,118,119,121,238,131,134,137,139,145,148,152,159,162,166,176,177,180,181,182,183,188,189,190,191,194,198,200,201,205,208,212,220,221,223,224,225,227,228,234,239,247
129:8,20,21,22,25,29,31,58,65,67,68,72,73,75,78,79,84,86,92,101,106,107,109,119,134,138,141,149,150,163,172,176,185,199,202,204,215,216,218,221,222,225,230,237,238,239,246,249
130:5,6,11,13,17,20,22,29,32,40,43,49,55,65,66,68,70,74,79,81,85,95,97,106,107,115,117,120,121,122,123,124,125,126,231,132,134,138,140,141,145,147,154,156,157,161,167,180,181,182,186,200,202,205,207,213,214,216,218,221,222,223,234,242,245
131:0,2,3,5,7,10,11,13,14,27,32,34,35,39,45,52,57,62,74,75,76,82,87,95,97,99,128,201,141,146,150,151,168,173,174,177,179,197,202,203,204,207,209,210,211,213,214,215,219,228,232,235,244,245,247,249
132:9,11,12,19,22,26,34,38,41,42,45,46,48,49,53,54,61,62,63,64,66,68,75,77,99,102,106,114,121,123,125,130,162,150,153,158,164,168,169,175,178,179,181,190,191,195,197,229,241
133:2,4,10,19,21,22,25,26,34,37,42,45,46,48,53,54,57,62,70,76,81,82,83,84,88,103,106,109,110,111,122,123,127,207,134,140,151,159,160,162,166,170,175,184,185,191,196,206,211,212,229,231,237
134:7,15,16,27,28,32,33,36,38,40,41,43,45,49,52,53,56,69,81,82,86,91,92,94,97,106,113,116,118,120,124,126,128,129,130,133,161,135,137,138,148,152,157,158,159,173,178,191,195,197,200,202,208,212,218,219,220,246
135:3,6,15,17,24,28,32,37,40,42,44,51,52,58,60,63,84,89,92,95,97,99,102,103,112,122,123,126,134,169,144,155,156,157,164,168,170,174,179,185,190,196,207,208,209,214,216,218,222,223,224,232,234
136:1,2,11,13,18,32,38,40,47,50,54,55,56,59,61,68,70,74,92,97,98,103,104,113,121,123,126,163,139,140,142,148,155,156,161,165,181,185,187,194,203,208,220,225,229,237,240,246,248
137:3,10,13,18,22,23,36,37,51,52,53,63,66,69,74,76,77,78,89,98,106,108,113,128,134,150,140,142,151,154,157,158,165,166,169,174,187,188,192,195,203,214,219,221,226,244,247
138:1,3,7,9,37,42,44,48,49,61,62,96,102,104,107,115,118,120,121,123,129,130,134,237,139,159,160,164,180,182,185,186,204,205,209,211,213,215,218,219,222,228,235,236,241,248,249
139:7,9,10,11,13,20,24,25,29,37,39,40,54,60,62,63,68,73,75,86,90,92,97,100,102,103,108,109,110,127,128,136,138,143,146,149,151,157,158,159,174,177,179,185,192,195,211,220,225,230,243,244
140:0,3,11,20,21,26,41,52,61,69,72,76,90,98,99,101,103,107,112,115,125,130,133,136,137,230,147,149,151,156,157,159,161,172,176,178,183,196,201,213,214,216,217,218,223,226,232,234,239,241,244,247
141:0,4,14,17,19,22,25,26,29,32,43,51,56,62,65,83,86,97,98,102,103,112,113,126,129,130,131,143,146,163,175,184,187,203,207,212,214,218,225,226,244,247,249
142:1,9,15,21,22,29,41,49,50,52,61,79,82,85,97,109,111,112,114,115,116,118,121,126,136,137,177,156,157,160,171,173,175,183,184,185,187,189,193,196,197,201,208,213,215,222,223,229,230,245
143:4,5,21,31,37,38,39,46,47,51,58,60,65,78,90,99,108,112,116,117,125,139,141,148,149,153,156,163,175,178,190,191,192,198,201,210,212,223,227,245,247
144:0,13,14,15,28,33,37,42,45,48,50,54,63,68,74,75,84,85,90,92,104,108,109,116,124,135,177,150,155,156,159,162,171,172,179,180,181,194,198,203,212,213,221,223,227,229,230,234,235,243,245
145:2,4,5,10,24,25,41,43,46,49,56,57,59,69,84,92,101,105,106,107,110,114,127,128,130,199,158,159,161,165,175,176,202,210,213,223,237,238,240,241,249
146:2,6,8,11,16,17,20,24,26,32,33,35,37,41,46,47,84,86,94,98,103,106,110,115,131,139,141,202,153,157,168,169,172,181,184,186,188,190,191,197,199,203,210,219,222,227,229,230,235,243,249
147:8,11,12,14,25,29,35,38,42,44,51,59,60,68,70,73,78,83,102,108,110,118,125,130,140,211,148,166,170,175,181,182,190,200,201,207,210,217,225,229,233,234,237,238,242,245
148:0,2,5,8,19,25,27,42,44,48,60,62,66,71,78,97,102,103,108,118,120,121,128,134,136,143,147,206,153,155,163,167,174,178,179,183,194,203,211,212,216,218,228,232,241,246
149:0,2,5,14,21,26,27,29,31,34,44,47,53,67,72,79,81,82,87,91,93,95,100,106,110,111,112,113,118,119,129,139,140,143,235,151,161,165,171,175,188,198,201,207,214,223,227,232,239,240
150:7,8,18,22,24,34,38,40,41,51,55,56,59,62,65,71,74,83,87,88,94,100,102,103,107,109,111,120,121,125,127,129,131,132,137,144,206,154,158,161,162,163,164,167,168,172,177,178,186,197,202,203,205,216,217,227,234,239,244
151:2,6,10,17,20,21,24,30,40,43,45,46,47,50,59,61,62,64,65,67,68,81,87,92,97,103,106,111,114,115,116,131,133,137,139,140,149,206,152,155,159,161,163,164,165,173,181,185,188,189,197,207,213,214,220,222,231,235,236,243,244,248
152:1,5,12,19,20,23,26,32,39,44,48,49,54,55,60,71,72,78,79,82,87,89,90,96,97,109,110,128,134,151,185,164,166,173,178,180,189,193,194,202,204,212,216,217,221,225,228,231,236,237,243,245,247
153:5,6,15,17,22,24,28,32,36,54,55,59,63,64,65,67,69,71,74,79,80,85,86,103,104,107,118,123,132,143,146,148,202,155,169,172,191,192,201,203,210,215,218,223,226,229,233,243
154:5,13,17,20,25,30,31,34,37,46,49,53,59,61,62,64,65,67,73,75,77,79,87,96,97,107,111,112,115,122,130,137,150,218,155,175,178,185,189,191,193,198,203,207,210,216,219,221,223,228,246
155:1,11,22,31,32,45,46,47,50,55,57,60,65,81,82,84,86,90,98,99,101,102,119,121,122,126,127,135,136,144,148,151,153,154,236,158,161,164,166,172,173,176,182,183,186,191,197,199,207,208,209,214,215,224,226,232,234,240,242
156:7,8,18,22,35,41,43,49,52,60,63,70,74,75,79,84,87,89,90,91,92,95,96,101,104,123,127,130,135,136,140,142,143,144,188,158,159,161,166,169,181,184,192,195,200,201,206,211,214,217,220,223,227,239,249
157:3,11,14,18,19,35,38,42,43,50,51,74,77,81,87,100,102,104,112,116,117,123,130,134,135,137,139,140,142,146,215,158,159,162,166,172,184,198,201,203,213,216,221,223,224,243,248
158:1,3,4,6,12,14,16,21,26,33,40,41,45,51,52,61,70,74,75,76,79,88,90,96,100,103,104,105,106,107,117,122,124,132,134,137,139,145,150,155,156,157,203,159,162,164,173,178,183,210,232,234,243
159:1,2,3,5,13,16,18,23,25,30,32,36,37,38,42,64,67,70,71,72,80,88,99,100,104,108,111,114,119,128,133,134,138,139,140,144,145,151,156,157,158,212,162,165,171,187,191,201,207,208,216,219,220,224,230,235,247,248,249
160:6,7,9,25,26,41,46,51,55,60,68,74,78,82,97,98,103,109,111,115,117,121,125,133,138,142,204,161,174,175,182,183,184,185,188,198,211,212,217,225,227,228,233,235,239,242,245
161:4,5,8,9,11,15,16,19,41,42,43,47,49,53,60,64,67,68,74,87,99,105,106,107,111,114,120,122,130,134,136,140,145,149,150,151,155,156,160,219,172,175,178,187,192,194,200,201,207,214,223,228,230,235,236,237,238
162:3,8,10,24,26,30,31,35,36,41,45,49,51,52,65,73,76,77,84,90,95,99,101,102,106,125,128,132,133,144,150,157,158,159,204,164,165,170,172,174,178,182,184,197,213,219,223,233,246,247,249
163:21,22,39,40,43,44,48,55,58,62,64,70,72,76,79,82,89,90,93,97,98,104,106,107,114,115,122,123,124,129,136,141,143,148,150,151,188,168,169,200,204,205,211,212,217,227,235,236,238,244,246
164:2,10,11,16,19,22,32,41,46,55,59,63,64,66,68,77,83,102,103,111,113,120,132,135,138,150,151,152,155,158,162,177,169,172,180,184,185,186,191,200,210,223,243,245
165:5,6,14,16,17,18,19,26,29,35,36,37,44,60,61,67,68,83,90,105,107,109,112,116,117,122,136,137,145,149,151,159,162,177,178,179,180,185,187,188,190,191,193,194,196,198,203,205,207,210,212,219,221,224,231,233,235,237,246,248,249
166:9,13,15,17,25,26,27,30,35,36,41,48,52,56,57,63,64,67,68,69,74,75,76,85,92,94,99,101,112,127,128,133,137,147,152,155,156,157,167,168,180,200,202,209,214,222,223,224,225,228,244,246,248
167:1,20,26,28,33,35,43,52,55,56,63,67,71,85,89,97,100,103,109,111,119,121,130,148,150,166,208,172,173,176,177,179,183,190,197,202,203,204,206,210,211,216,221,222,224,225,228,229,232
168:2,13,17,19,23,41,48,52,53,55,56,66,72,79,80,88,90,97,108,112,116,120,124,125,126,127,131,132,135,146,150,163,166,219,169,178,188,190,192,195,196,203,209,210,213,215,217,218,221,227,228,231,241,243,244,248
169:1,3,4,9,17,20,34,46,52,56,59,63,65,68,74,75,79,81,85,87,99,115,116,118,120,123,132,135,137,146,153,156,163,164,168,220,177,184,191,200,203,206,225,226,229,231,241,243
170:0,6,7,24,33,35,39,47,59,64,74,75,79,82,85,89,93,97,103,104,112,125,133,135,147,162,223,173,183,192,200,204,206,209,212,218,219,232,245
171:1,6,7,10,14,17,21,22,23,25,31,39,40,45,47,50,53,55,61,63,69,76,82,87,89,93,95,98,100,107,110,116,119,121,127,142,144,149,159,230,174,175,188,193,197,215,225,233,234,239,249
172:2,3,6,15,19,22,24,30,35,36,46,48,53,57,62,66,69,76,78,80,83,97,105,110,112,116,123,125,129,140,144,146,150,153,155,157,161,162,164,167,248,176,181,183,200,211,213,214,216,218,220,243
173:9,11,14,16,38,44,46,47,49,54,66,67,68,70,71,72,75,80,83,87,96,99,106,116,118,131,134,142,151,152,155,158,167,170,212,175,177,178,180,182,192,195,203,204,213,225,228,229,239,243,247
174:4,10,14,15,23,29,31,43,51,55,57,63,64,67,84,87,101,106,116,118,119,124,125,131,135,137,139,148,160,162,171,214,178,186,194,196,202,203,206,211,220,225,236,237
175:0,1,20,23,28,29,30,32,33,35,38,41,47,59,66,67,70,77,79,83,93,96,99,101,105,126,132,133,141,142,143,145,147,149,154,160,161,171,173,241,176,196,198,201,204,206,209,210,211,221,222,227,230,249
176:1,5,11,17,18,42,44,45,46,48,52,57,64,66,69,72,73,74,80,84,87,102,107,111,113,114,124,126,127,128,129,140,145,155,167,172,175,226,177,184,193,194,207,211,212,216,224,229,240,241,243,244,246
177:11,29,30,41,42,46,58,62,63,74,78,86,112,122,128,131,139,142,144,150,164,165,167,169,173,176,219,178,181,183,192,196,199,200,202,205,207,213,215,222,227,237,242,244,248
178:3,5,9,28,29,32,35,41,44,45,47,49,55,57,69,70,81,82,83,85,88,99,103,107,114,132,134,140,143,148,150,152,154,158,161,162,165,168,173,174,177,220,184,187,194,195,219,245,246
179:2,3,5,6,17,25,27,33,34,35,36,37,38,46,49,61,66,86,88,106,111,112,115,118,120,122,124,126,131,132,135,139,144,148,165,167,202,184,187,192,203,204,209,211,217,226,228,241,246,249
180:0,1,17,26,33,35,36,39,42,46,48,57,63,66,67,68,70,71,79,85,88,97,100,107,123,126,128,130,138,144,152,164,165,166,173,191,182,189,202,205,209,211,217,222,226,233,242,244,247
181:6,18,20,22,23,37,38,48,58,59,63,67,69,90,94,95,101,104,107,113,114,119,122,127,128,130,132,136,144,146,147,151,156,172,177,214,182,192,193,197,198,199,200,217,220,237,240
182:1,6,11,19,28,30,37,47,50,53,56,68,72,83,88,93,99,100,123,124,128,130,138,147,155,160,162,173,180,181,210,185,190,194,206,207,211,212,220,241
183:8,17,23,25,27,38,52,53,56,62,76,77,83,85,105,112,118,119,127,128,140,142,148,155,158,160,167,170,172,177,236,184,193,194,199,200,206,208,212,218,219,222,224,237
184:2,3,4,6,9,15,16,18,22,31,43,59,62,76,80,85,88,90,91,92,101,102,105,110,112,114,116,119,126,133,141,142,146,156,157,160,162,164,169,176,178,179,183,185,194,197,203,205,212,216,218,222,229,241
185:8,9,11,18,19,20,22,27,29,30,34,38,44,47,50,55,57,58,68,78,79,80,82,89,90,94,98,107,111,123,125,129,133,135,136,138,139,142,151,152,154,160,164,165,182,184,241,187,196,198,199,211,219,226,227,229,230,233,238,244,247,249
186:3,4,9,15,17,24,30,40,44,47,55,57,66,67,70,78,81,82,85,87,92,96,105,106,108,112,114,119,130,138,146,150,155,164,174,227,191,214,216,219,220,222,225,234,237
187:1,3,14,26,27,30,34,39,41,49,56,59,63,78,80,82,83,96,118,126,136,137,141,142,159,161,165,178,179,185,214,196,201,206,207,219,222,224,226,227,228,235,240,248,249
188:4,6,8,9,13,32,44,52,59,62,70,74,79,80,84,85,92,106,108,116,122,128,137,146,149,151,156,160,163,165,168,171,207,197,198,200,208,223,226,234,238,239,240
189:0,4,8,9,12,20,23,31,47,48,51,58,82,84,85,87,89,94,95,102,105,108,122,128,142,151,152,154,180,202,203,204,205,206,208,211,217,218,227,228,241,242,249
190:0,2,6,13,18,22,35,36,37,38,44,46,50,56,62,63,69,73,74,84,85,88,90,95,109,114,128,132,135,143,146,147,165,167,168,182,232,195,209,211,214,217,218,219,225,226,227,233,239
191:4,21,25,26,33,34,35,42,44,49,60,61,72,76,84,86,92,94,106,107,110,111,128,132,133,134,143,146,153,154,155,159,164,165,169,180,186,207,212,214,215,217,226,232,243,248
192:1,4,10,11,15,19,22,24,25,27,37,44,46,56,69,74,82,92,96,99,101,105,112,126,127,137,139,143,153,156,161,168,170,173,177,179,181,214,194,200,211,223,226,230,236,243,249
193:23,24,25,28,29,35,37,38,42,54,55,72,73,78,85,86,87,90,92,93,107,109,116,119,121,123,126,142,152,154,165,171,176,181,183,235,196,199,201,210,211,215,218,220,224,227,228,230,231,240
194:11,12,17,22,32,33,37,42,44,47,58,69,71,72,82,87,88,89,90,93,94,96,99,102,103,109,114,115,116,119,128,136,144,148,152,161,165,174,176,178,182,183,184,192,215,197,198,204,206,208,212,219,220,225,227,234,235,236,237
195:0,5,10,15,20,23,25,32,33,37,38,43,44,58,60,65,66,69,72,85,86,96,97,110,111,117,122,124,125,132,134,137,139,156,168,173,178,190,248,200,205,209,243,244,246
196:0,2,11,18,19,24,29,33,34,39,40,62,68,79,92,95,96,99,101,102,110,117,124,133,135,140,142,165,168,174,175,177,185,187,193,204,202,211,214,215,217,227,228,236,239,246
197:0,1,2,4,9,15,16,25,27,33,42,53,59,60,61,62,67,68,72,74,81,84,87,107,112,119,121,127,131,132,134,142,146,150,151,155,162,167,171,181,184,188,194,219,198,203,215,221,226,228,230,237,240,248
198:18,19,30,31,34,37,58,65,66,67,77,78,82,88,89,90,96,100,102,110,116,119,122,123,124,125,128,143,144,149,154,157,160,165,175,181,185,188,194,197,210,201,213,221,223,225,228,229,230,231,237
199:4,5,6,12,14,18,22,33,40,50,58,59,61,62,69,79,81,88,91,92,101,102,116,126,127,129,145,146,155,177,181,183,185,193,242,205,212,214,218,224,231,236,244
200:19,22,24,30,32,45,50,52,54,57,58,62,65,69,72,73,80,96,98,108,115,128,130,134,147,156,161,163,164,166,169,170,172,177,181,183,188,192,195,234,202,205,209,210,211,213,215,221,222,224,225,226,227,228,229,241,242,244,245,249
201:1,7,8,14,15,18,37,38,46,56,58,75,83,89,99,100,101,102,104,106,116,118,123,124,128,131,140,142,143,147,149,153,156,157,159,161,175,187,193,198,218,203,205,210,211,217,223,226,228,237,246,248
202:6,8,10,14,17,18,19,23,24,25,40,41,54,58,69,74,76,80,93,100,104,107,111,117,122,129,130,131,134,145,146,150,152,153,166,167,174,177,179,180,189,196,200,210,204,208,213,218,223,228,248
203:16,20,22,30,37,41,49,51,52,59,70,86,92,98,99,105,113,116,120,123,124,131,136,137,141,144,146,148,150,153,154,157,158,165,167,168,169,173,174,179,184,189,197,201,208,209,218,226,227,241,243,244
204:3,8,10,11,12,27,28,32,33,37,44,46,51,56,57,65,68,70,80,84,95,105,107,117,119,120,122,127,129,131,138,152,160,162,163,167,170,173,175,179,189,194,196,202,216,206,214,222,223,225,231,233,240,241,244,246
205:0,2,8,9,14,17,19,23,32,37,41,49,52,55,57,58,64,66,72,76,77,82,84,87,91,92,94,96,100,107,114,115,128,130,138,150,163,165,177,180,184,189,195,199,200,201,241,206,207,210,212,217,225,231,235,246
206:11,14,19,24,26,29,35,37,39,41,44,69,80,83,86,87,90,92,95,107,111,115,117,133,148,150,151,156,167,169,170,174,175,182,183,187,189,194,204,205,244,208,212,213,215,219,230,236,240
207:2,5,13,16,38,43,46,55,65,71,72,75,81,84,87,97,102,103,104,109,116,130,131,133,135,141,147,149,151,154,155,159,161,165,176,177,182,187,188,191,205,227,209,217,235,236,245
208:7,11,33,35,43,45,48,50,55,57,61,68,70,73,76,83,84,86,91,100,125,128,134,135,136,142,155,159,167,183,188,189,194,202,203,206,235,217,219,224,226,244,246
209:9,11,13,14,18,19,25,45,46,48,50,59,69,75,95,100,103,112,118,124,131,135,138,155,166,168,170,175,179,180,190,195,200,203,207,244,211,212,214,218,224,227,233,241,245,247
210:6,7,14,17,19,32,36,43,44,47,48,54,72,75,87,90,91,94,99,105,122,124,131,143,145,146,147,153,154,158,164,165,167,168,175,182,193,198,200,201,202,205,229,211,213,214,218,222,225,234,235,239,242,243,245,249
211:3,6,9,12,23,24,25,31,42,48,49,52,57,58,59,65,67,84,87,107,108,117,121,123,131,133,138,139,147,148,156,160,163,167,172,174,175,176,179,180,182,185,189,190,192,193,196,200,201,209,210,239,220,223,224,229,232,240,244,245,247
212:3,9,17,18,23,24,25,26,29,31,35,36,42,44,48,50,58,84,88,93,108,109,111,117,121,125,128,133,134,141,143,144,148,152,159,160,163,165,170,173,176,182,183,184,191,194,199,205,206,209,213,217,218,224,230,232,237,239,240,246,247,249
213:0,6,13,15,19,25,27,28,29,46,47,48,49,52,57,63,64,66,70,79,85,87,99,101,108,110,113,121,125,126,130,131,138,140,142,144,145,151,157,162,168,172,173,177,198,200,202,206,210,212,238,220,228,231,235,240,243,245
214:9,10,14,19,21,34,39,48,49,51,55,61,72,73,74,75,76,80,99,100,109,115,116,130,131,135,137,140,141,149,151,155,156,161,166,172,174,181,186,187,190,191,192,196,199,204,209,210,225,239,241,244,246
215:1,2,4,13,16,20,33,37,43,44,49,55,62,66,74,76,80,90,91,99,109,111,112,120,121,129,131,138,142,153,155,157,168,171,177,191,193,194,196,197,200,206,246,221,224,227,229,237,238,247
216:0,5,8,9,14,16,20,25,33,36,37,39,47,50,63,69,76,78,82,93,95,99,103,107,112,116,121,122,125,129,130,135,140,148,150,152,154,157,159,167,172,176,184,186,204,242,217,229,230,232,237,247
217:3,9,11,17,18,20,21,28,32,34,36,37,42,46,52,54,56,63,64,69,73,84,86,89,90,94,98,114,120,125,140,147,150,152,156,160,163,168,179,180,181,189,190,191,196,201,205,207,208,212,216,229,220,226,227,236,247
218:3,17,20,25,28,31,34,47,48,50,53,56,60,61,71,77,79,90,97,101,104,111,112,118,123,125,129,130,134,135,138,140,141,148,153,154,168,170,172,183,184,189,190,193,199,201,202,203,209,210,212,235,221,224,237,242,245,247,248,249
219:1,16,26,31,44,51,53,57,75,77,79,88,92,96,103,114,115,122,125,131,134,137,138,146,154,159,161,162,165,168,170,177,178,183,185,186,187,190,194,197,206,208,220,221,228,229,239,243,248
220:13,16,22,25,26,27,28,38,43,45,46,47,69,72,79,83,89,90,95,96,97,110,113,118,128,134,136,139,151,156,159,169,172,174,178,181,182,186,193,194,211,213,217,219,233,232,238,242,245,246,249
221:2,7,11,12,13,28,42,46,54,59,68,70,73,87,113,114,119,125,128,129,130,137,144,152,154,157,165,167,168,175,197,198,200,215,218,219,228,223,224,229,234,237,245
222:1,6,11,13,16,17,24,25,37,42,44,49,58,61,62,66,72,79,85,87,89,90,93,95,96,101,107,111,119,122,123,125,129,130,135,138,142,146,151,166,167,175,177,180,183,184,186,187,200,204,210,235,236,241
223:0,5,6,7,17,18,19,26,31,34,36,38,43,44,51,64,67,71,75,76,81,82,84,94,98,102,106,111,112,114,116,118,127,128,130,135,140,142,143,144,145,149,153,154,156,157,161,162,164,166,170,188,192,198,201,202,204,211,221,230,226,240,244,248,249
224:1,3,9,11,17,19,25,29,36,39,46,51,53,59,68,71,75,76,77,78,84,89,92,95,99,102,107,110,113,117,119,128,135,155,157,159,165,166,167,176,183,187,193,199,200,208,209,211,212,215,218,221,237,230,231,234,235,240
225:2,7,11,14,15,16,18,22,29,43,56,69,70,71,82,98,113,114,117,119,121,128,129,136,139,141,147,152,160,166,167,169,171,173,174,186,190,194,198,200,204,205,210,214,240,228,232,236,237,239,241,246,247
226:11,23,33,34,40,46,50,52,56,59,61,76,80,81,83,100,104,111,112,114,118,124,125,137,140,141,153,155,169,176,179,180,185,187,188,190,191,192,197,200,201,203,208,217,223,235,231,233,236,242
227:8,9,10,15,24,35,43,46,53,57,60,71,78,86,92,98,103,105,107,116,122,126,128,143,144,146,149,150,156,160,163,168,175,177,185,186,187,189,190,193,194,196,200,203,207,209,215,217,249,228,230,232,239,247
228:4,5,9,12,15,16,18,22,24,28,36,43,53,57,70,80,87,90,91,97,98,99,105,114,125,126,127,128,131,138,148,152,154,160,161,166,167,168,173,179,187,189,193,196,197,198,200,201,202,213,219,221,225,227,229,234,235,237,249
229:1,3,28,30,33,34,43,50,65,66,75,80,81,84,88,89,90,91,95,106,108,115,118,120,124,132,133,136,142,144,146,147,153,167,169,173,176,184,185,198,200,210,211,215,216,217,219,221,228,237,234,240,244,245,246,248,249
230:2,4,5,10,17,20,21,24,28,30,33,35,36,38,41,45,59,61,64,67,69,72,75,82,83,84,90,92,94,109,115,116,122,129,139,140,142,144,146,159,161,171,175,185,192,193,197,198,206,212,216,223,224,227,249,231,233,234,238,239
231:0,1,6,9,14,21,23,36,37,38,44,46,50,53,57,64,73,75,77,81,85,95,111,112,113,130,133,151,152,165,168,169,193,198,199,204,205,213,224,226,230,241,238,244,245
232:7,18,19,31,35,39,40,46,56,59,62,63,66,72,80,82,98,101,104,105,106,111,117,118,123,124,127,131,135,140,148,149,155,158,167,170,190,191,211,212,216,220,225,227,248,234,235,244,245
233:3,8,18,19,22,24,25,27,29,39,40,41,46,49,54,59,61,62,67,69,73,75,83,85,86,91,100,105,106,108,109,118,126,147,153,160,162,165,171,180,185,190,204,209,220,226,230,247,234
234:2,3,4,5,18,19,21,22,25,32,34,37,47,50,53,55,61,67,69,70,72,73,78,85,87,88,90,93,94,96,99,102,104,113,123,128,130,135,140,144,147,150,155,158,171,186,188,194,200,210,221,224,228,229,230,232,233,247,242,248
235:5,9,10,12,17,20,21,24,36,42,53,55,68,69,70,71,80,92,94,95,96,98,102,106,119,120,122,131,138,144,146,149,151,159,160,161,163,165,187,193,194,205,207,208,210,213,218,222,224,226,228,232,248,237,239,243,245,249
236:4,5,21,35,39,44,45,52,54,58,64,75,79,83,90,91,95,105,106,108,109,111,115,119,120,122,138,151,152,155,161,163,174,183,192,194,196,199,206,207,217,222,225,226,238,242,243,244,247,249
237:1,2,9,11,17,19,21,25,30,35,36,37,51,55,57,58,61,62,68,69,70,74,76,82,86,88,98,99,106,107,108,111,114,123,124,129,133,136,138,145,147,152,161,165,174,177,181,183,186,194,197,198,201,212,215,216,218,221,224,225,228,229,235,245,246,248
238:7,10,21,28,34,38,43,45,46,47,49,50,51,53,58,61,65,73,78,85,92,102,108,109,110,115,120,126,128,129,145,147,161,163,185,188,213,215,220,230,231,236,239,242,244,245
239:0,1,7,11,16,25,29,31,35,37,39,50,53,55,56,67,69,72,82,83,85,94,100,102,103,106,109,114,120,128,129,140,149,150,156,160,171,173,188,190,196,210,211,212,214,219,225,227,230,235,238,248,243
240:5,6,14,17,22,38,39,44,48,52,53,55,67,73,79,80,85,86,100,101,104,105,106,107,108,110,111,113,124,127,136,145,149,155,176,181,187,188,193,197,204,206,211,212,213,223,224,225,229,249,242
241:2,4,7,9,16,19,31,34,52,54,75,82,84,87,101,103,105,109,115,132,138,140,145,148,168,169,175,176,179,182,184,185,189,200,203,204,205,209,214,222,225,231,245,246,247
242:0,2,3,15,23,24,26,28,32,39,52,66,69,72,74,77,90,92,95,99,107,108,114,118,121,126,130,147,155,160,177,180,189,199,200,210,216,218,220,226,234,236,238,240,243,244,246,247
243:2,10,14,19,21,24,31,35,49,51,56,59,66,71,73,76,78,79,85,88,90,104,106,107,108,110,116,117,118,121,126,139,144,146,151,152,153,157,158,164,168,169,172,173,176,191,192,195,203,210,213,219,235,236,239,242,245,247
244:3,11,20,24,26,27,29,35,38,39,46,54,61,64,68,70,78,81,82,83,86,91,94,95,97,99,104,105,108,112,118,122,127,131,137,139,140,141,150,151,163,166,168,176,177,180,185,195,199,200,203,204,206,208,209,211,214,223,229,231,232,236,238,242,246
245:3,16,20,21,24,27,29,41,44,47,48,49,57,58,59,63,66,78,93,97,98,100,104,114,116,119,123,130,131,142,143,144,147,152,160,164,170,178,200,207,209,210,211,213,218,220,221,229,231,232,235,237,238,241,243,246,247,248
246:1,2,13,15,30,33,36,39,40,42,47,51,52,57,61,63,64,85,87,89,91,96,99,102,119,129,134,136,148,154,162,163,165,166,176,178,179,195,196,201,204,205,208,212,214,215,220,225,229,237,241,242,244,245,249
247:0,4,7,11,16,18,19,23,28,29,45,47,50,51,56,57,59,60,61,62,68,72,73,78,79,83,84,85,94,106,112,115,122,126,128,131,137,140,141,143,152,159,162,173,180,185,209,211,212,215,216,217,218,225,227,233,234,236,241,242,243,245,248
248:0,2,3,4,5,13,14,18,20,31,38,40,50,53,54,55,59,65,75,79,81,93,103,104,108,112,120,136,138,151,157,159,165,166,168,172,177,187,191,195,197,201,202,218,219,223,229,232,234,235,237,239,245,247,249
249:2,14,15,16,20,29,34,42,45,49,52,56,57,59,60,63,64,68,73,78,95,97,100,127,129,131,138,141,145,146,156,159,162,165,171,175,179,185,187,189,192,200,210,212,218,220,223,227,228,229,230,235,236,240,246,248
