0:58,4,7,9,10,13,16,17,18,20,23,26,27,30,38,39,40,41,43,44,46,47,51,52,54,60,62,64,67,69,70,72,74,75,83,85,86,87,88,93,94,96,97,98,100,104,105,106,108,109,113,116,119,120,122,124,125,127,128,129,130,135,136,137,140,142,144,147,153,155,164,166,171,174,177,180,181,182,184,186,188,191,192,194,196,199,200,201,202,205,207,208
1:17,8,20,21,22,25,26,28,30,34,36,38,39,45,46,47,49,52,53,56,58,59,60,61,63,64,66,68,71,72,74,76,77,78,80,82,83,84,86,87,89,91,93,94,95,97,98,100,101,102,103,106,110,112,115,116,117,118,119,122,123,125,128,129,130,131,140,141,142,143,144,145,146,147,148,151,154,155,157,158,160,161,162,164,167,169,173,176,177,179,184,185,186,188,189,190,191,192,193,194,195,199,200,201,203,204,207,209
2:96,4,5,6,7,11,12,13,15,17,18,19,20,21,22,23,24,26,27,30,33,35,36,38,40,45,46,47,49,50,51,52,55,57,61,62,63,66,67,71,77,79,81,82,83,84,85,87,88,92,93,100,101,104,106,108,111,114,115,119,124,133,134,136,137,140,141,142,149,153,154,155,156,157,161,162,164,167,169,173,175,178,182,185,187,189,190,191,193,194,197,198,199,200,201,203,204,205,208
3:87,4,11,12,14,16,17,18,20,27,29,30,32,33,36,39,40,43,45,48,49,51,52,54,56,58,59,60,61,67,72,74,76,77,78,79,80,81,85,88,89,90,93,95,98,101,102,104,107,108,110,111,113,117,118,119,121,123,124,125,126,128,130,133,136,138,139,141,142,144,147,149,151,152,153,155,157,159,161,166,167,169,172,174,176,177,181,183,184,185,186,189,190,191,192,193,194,195,197,198,199,203,207,209
4:0,2,3,163,5,7,8,9,11,12,13,15,18,19,20,23,24,26,27,33,35,38,41,44,45,47,48,49,52,53,56,65,69,70,74,76,77,78,79,85,88,89,91,94,96,99,100,102,104,105,110,111,112,115,116,117,119,120,122,123,124,125,128,132,133,134,138,139,142,143,145,148,149,150,152,158,159,160,161,164,168,169,174,177,178,181,187,188,189,192,194,195,196,197,201,203,204,205,206,208,209
5:2,4,154,7,9,14,16,20,21,25,27,31,32,36,37,39,41,43,45,47,49,51,56,58,59,61,62,63,65,66,67,68,70,73,75,76,77,80,82,84,86,87,88,89,98,99,100,101,103,104,109,111,112,114,117,118,120,123,124,128,129,130,133,134,135,136,138,140,141,147,150,151,155,159,162,163,165,167,169,170,171,172,174,176,177,182,183,184,186,191,193,194,195,198,199,202,204,205,206,207,209
6:2,153,10,13,14,17,18,19,20,24,26,28,32,33,35,37,40,42,44,45,47,49,54,60,61,63,64,66,70,72,74,81,82,83,84,86,87,90,91,93,94,96,98,103,105,107,111,114,116,118,119,121,122,124,125,126,127,128,130,132,135,136,137,141,142,143,145,146,149,150,151,154,157,160,163,164,166,167,170,172,173,175,181,187,188,189,192,194,196,198,201,202,205,206,209
7:0,2,4,5,74,9,12,13,14,17,18,21,22,23,25,26,29,30,32,33,34,39,40,41,42,44,45,46,48,49,50,53,54,56,57,58,60,62,63,64,65,66,68,75,78,79,80,81,82,85,86,87,88,89,90,91,92,93,94,97,98,100,101,102,105,106,107,108,109,111,112,113,114,115,116,119,121,123,129,132,133,139,140,141,142,144,145,146,149,151,153,154,155,157,159,160,161,162,164,167,171,172,174,175,177,179,180,181,183,184,185,186,189,190,191,192,196,198,199,200,208
8:1,4,65,9,10,12,13,14,15,18,24,26,28,30,35,36,37,40,43,45,49,50,51,52,54,55,59,61,63,64,69,72,74,76,77,78,79,81,83,86,87,93,94,96,98,99,102,104,105,106,107,108,109,111,114,115,121,122,123,124,127,129,133,134,135,138,140,141,142,144,145,146,149,154,156,158,161,163,168,172,174,178,179,180,181,182,183,184,185,188,191,192,193,194,196,197,198,199,205,206
9:0,4,5,7,8,118,11,15,16,17,18,19,21,22,23,25,26,28,35,43,44,46,47,51,52,53,55,57,58,59,60,61,62,64,65,66,68,69,70,71,73,74,75,79,82,84,89,90,91,92,96,98,99,102,104,105,108,109,121,122,123,125,127,128,131,133,134,136,137,138,140,142,143,144,146,150,153,154,158,159,170,171,172,173,175,176,180,181,186,189,193,194,195,204,207,208,209
10:0,6,8,158,12,13,14,16,19,20,24,28,32,34,37,39,40,42,44,47,48,49,52,54,55,58,62,63,66,67,69,70,72,73,75,76,77,78,82,84,85,87,89,90,92,93,94,98,99,100,101,104,105,106,107,108,114,118,120,121,123,126,127,129,130,131,135,137,141,142,143,144,145,148,149,152,153,154,157,159,163,165,168,169,170,171,174,175,176,181,182,183,186,187,189,190,191,192,195,196,198,200,201,203,206,207,208
11:2,3,4,9,130,12,14,17,19,20,24,29,30,31,32,33,34,37,38,39,42,43,45,46,47,48,49,52,53,55,56,62,63,65,66,67,68,71,73,74,75,76,77,78,80,82,83,88,89,96,98,99,100,102,104,105,106,107,110,111,115,116,119,120,121,122,124,126,128,129,132,135,137,141,142,143,145,146,147,148,149,150,152,153,155,156,161,165,166,168,169,170,171,176,177,178,179,180,181,183,184,186,190,193,198,200,204,207,208
12:2,3,4,7,8,10,11,142,13,15,17,18,19,21,22,25,27,31,33,34,35,37,39,40,43,44,47,48,51,52,54,56,58,60,61,63,64,65,71,74,75,77,79,82,84,85,87,91,92,93,94,96,98,100,101,102,103,104,106,108,109,115,116,117,118,119,124,125,127,131,133,135,136,138,140,141,145,148,149,150,151,154,155,158,160,163,165,166,167,171,176,177,178,179,181,184,185,186,187,188,190,191,193,198,199,200,201,202,206,207,208,209
13:0,2,4,6,7,8,10,12,204,15,16,22,25,28,29,31,32,34,35,36,37,38,40,44,45,52,56,57,58,59,64,66,67,72,73,75,76,77,80,81,84,85,87,92,93,94,96,97,99,100,104,106,108,109,110,113,114,115,116,117,122,123,125,126,129,132,133,135,137,139,140,145,148,149,150,151,152,153,155,157,159,162,163,164,166,168,169,170,172,174,176,177,179,181,184,185,189,191,196,197,202,208,209
14:3,5,6,7,8,10,11,102,15,18,24,27,29,30,31,32,33,34,35,36,42,45,47,51,53,55,57,61,63,64,66,67,70,71,74,75,79,80,82,91,93,99,100,104,105,110,111,112,113,116,117,119,121,124,126,128,130,131,133,134,139,141,142,144,146,147,148,151,153,154,155,156,157,158,159,160,161,162,164,169,171,172,177,180,181,182,184,185,188,190,194,195,197,198,201,203,204,209
15:2,4,8,9,12,13,14,55,18,19,20,22,23,25,29,34,39,45,46,47,48,50,53,56,57,60,62,63,64,65,66,68,72,73,74,75,76,78,84,85,86,90,92,94,95,96,101,102,103,107,108,110,112,113,114,115,116,117,120,121,122,123,129,130,131,132,134,135,137,139,140,141,143,148,149,150,155,156,161,163,169,171,175,185,186,188,190,191,192,193,195,197,198,199,200,202,205,207,208
16:0,3,5,9,10,13,66,17,18,20,25,27,29,33,34,36,37,38,40,45,46,47,48,49,51,52,53,55,57,59,60,61,62,64,67,73,75,80,81,82,83,85,86,89,93,94,95,98,99,100,103,104,108,110,115,117,122,123,127,128,130,131,132,134,135,136,138,145,146,147,150,153,157,159,160,161,163,165,166,167,168,169,170,171,172,175,176,182,187,194,195,196,198,204,208,209
17:0,1,2,3,6,7,9,11,12,16,77,18,19,21,22,23,24,25,28,30,36,37,38,42,45,47,48,49,50,51,52,53,54,60,62,63,64,65,67,71,75,76,78,79,81,83,86,88,90,92,93,94,95,98,99,100,102,104,106,107,108,109,111,112,114,115,119,122,125,126,129,130,132,134,136,140,144,147,149,151,152,153,156,160,161,162,165,167,170,172,173,175,178,180,183,185,187,190,191,192,194,198,204,205,208,209
18:0,2,3,4,6,7,8,9,12,14,15,16,17,186,24,25,27,28,30,33,35,36,37,38,41,44,45,46,48,50,51,52,56,58,60,63,66,67,68,71,72,75,77,78,79,80,81,82,85,86,89,90,91,93,94,95,98,101,103,105,106,107,110,112,113,114,115,118,119,121,124,129,130,131,132,133,135,136,139,140,141,143,144,145,149,151,158,160,163,167,168,169,177,178,179,181,182,187,189,190,195,197,198,199,202,203,208,209
19:2,4,6,9,10,11,12,15,17,111,20,22,23,24,26,27,30,35,37,38,41,42,44,45,48,52,54,55,58,59,61,62,64,65,66,68,72,75,79,81,85,87,88,89,92,93,94,100,101,102,106,109,110,112,114,116,119,120,121,122,123,125,126,127,129,131,134,135,136,139,140,142,144,147,151,152,154,155,159,160,161,162,164,166,173,174,177,178,185,186,190,191,192,193,194,195,196,197,199,204,209
20:0,1,2,3,4,5,6,10,11,15,16,19,142,21,23,25,26,27,30,34,35,36,37,38,42,43,46,47,48,50,51,53,54,55,57,61,63,64,66,70,71,73,74,75,77,78,82,83,84,86,87,88,89,93,94,96,97,99,100,101,102,103,104,105,106,109,113,119,120,126,127,128,129,130,131,133,135,136,137,140,145,148,151,153,157,158,159,160,161,165,167,169,171,175,176,177,180,181,184,185,187,188,189,190,191,192,193,195,196,199,200,201,203,205,206,207
21:1,2,5,7,9,12,17,20,186,22,23,25,26,28,29,32,33,35,36,37,38,39,44,45,49,50,52,53,56,57,59,62,64,65,67,68,71,76,78,79,81,83,87,88,93,95,99,100,102,103,105,107,112,113,117,118,120,121,123,124,127,129,130,132,133,134,136,140,141,145,148,150,151,155,158,159,160,167,168,172,175,176,177,178,179,180,184,190,191,193,194,195,197,204,205,207,209
22:1,2,7,9,12,13,15,17,19,21,102,23,24,25,27,28,29,31,32,35,36,41,42,43,45,46,47,48,50,52,54,57,59,61,63,64,66,69,70,71,73,74,76,77,80,81,82,84,85,87,92,96,100,101,103,107,108,109,111,114,121,122,123,124,128,131,133,134,135,136,137,138,139,141,142,145,148,150,151,153,155,158,159,160,162,163,165,167,173,175,178,179,180,183,185,189,190,192,193,197,198,199,201,202,203,204,207,208,209
23:0,2,4,7,9,15,17,19,20,21,22,168,28,29,33,34,35,36,40,41,42,44,46,48,49,54,55,58,59,61,63,68,70,72,73,74,76,77,78,79,80,81,84,85,86,87,89,96,97,99,100,102,105,108,113,114,115,120,121,123,125,126,127,128,129,130,131,138,142,143,144,145,146,151,153,158,163,164,171,172,174,175,177,180,183,184,186,194,197,200,203,207,209
24:2,4,6,8,10,11,14,17,18,19,22,78,28,33,34,35,36,37,39,40,45,46,48,49,51,52,55,56,57,58,60,62,63,68,73,74,75,77,79,80,83,85,86,87,88,90,93,94,99,102,104,106,107,109,110,111,114,115,117,118,122,125,128,130,131,134,136,140,141,143,144,146,147,148,149,153,156,158,161,162,163,165,167,168,169,172,173,174,176,177,178,179,182,183,186,187,188,194,195,196,198,199,201,202,203,208,209
25:1,5,7,9,12,13,15,16,17,18,20,21,22,139,26,29,31,33,35,36,38,39,43,44,45,46,47,50,52,53,54,55,59,62,63,66,68,70,72,73,75,76,77,78,83,87,88,89,92,93,94,96,102,103,104,105,107,109,111,113,116,117,118,121,122,124,125,126,129,130,135,136,137,140,142,144,147,149,150,153,154,155,156,158,165,167,169,170,171,173,174,177,179,183,185,189,190,191,192,193,195,196,197,199,200,201,203,207
26:0,1,2,4,6,7,8,9,19,20,21,25,170,27,29,30,31,35,38,40,43,46,48,49,50,51,52,57,58,59,61,62,64,67,68,70,71,75,76,77,78,79,80,81,82,83,88,90,91,94,97,98,100,102,103,106,108,111,113,114,116,118,119,120,121,123,125,127,130,131,133,134,137,140,143,144,147,149,150,152,154,159,161,163,164,166,167,171,174,185,189,190,191,192,193,195,199,201,202,203,204,205,208
27:0,2,3,4,5,12,14,16,18,19,20,22,26,112,28,31,33,37,39,42,45,46,48,49,53,54,57,58,60,63,64,66,68,70,71,78,81,82,84,85,87,89,91,93,94,99,104,105,109,111,114,115,118,119,121,124,126,128,130,132,138,141,144,145,147,148,152,154,157,159,160,162,164,165,171,172,175,177,184,185,190,191,193,194,195,196,197,200,202,203,204,207,209
28:1,6,8,9,10,13,17,18,21,22,23,24,27,87,30,33,35,39,41,44,46,47,49,50,53,54,55,56,57,63,64,65,66,67,70,71,73,74,75,76,78,81,82,88,91,93,96,99,103,104,106,107,108,109,114,116,117,120,122,123,124,125,127,130,133,134,137,146,148,149,152,154,156,157,159,160,161,162,164,165,166,167,174,180,181,183,184,187,188,189,190,191,192,197,201,202,208,209
29:3,7,11,13,14,15,16,21,22,23,25,26,207,30,31,32,33,36,38,39,40,41,42,43,45,47,54,57,61,62,63,64,67,70,71,75,77,78,82,84,88,89,90,93,95,96,97,98,99,100,101,102,108,111,113,114,115,117,118,120,122,124,125,126,127,130,133,137,138,142,143,146,148,155,159,161,162,164,165,168,169,173,174,175,178,179,181,182,183,187,189,190,193,196,198,200,201,202,203,204,206,209
30:0,1,2,3,7,8,11,14,17,18,19,20,26,28,29,206,31,32,35,36,37,38,39,40,44,45,49,51,54,55,58,63,66,70,76,81,83,88,92,93,94,95,97,98,99,100,103,106,107,108,109,111,113,114,116,121,125,126,127,128,129,130,131,132,134,137,142,143,144,145,146,149,151,152,154,155,156,159,160,163,165,169,170,171,175,176,178,179,182,183,184,185,186,187,188,189,191,192,194,195,196,197,198,199,200,202,204,208
31:5,11,12,13,14,22,25,26,27,29,30,202,32,33,34,37,40,41,43,44,45,47,49,51,56,57,59,60,62,64,65,66,67,68,69,71,72,73,75,76,77,78,79,80,83,87,89,90,93,94,95,97,98,99,101,106,108,109,110,111,112,113,114,120,122,123,125,126,127,128,129,130,132,133,134,135,136,138,143,151,152,153,154,157,158,159,164,165,166,167,169,171,173,174,175,176,179,180,182,183,185,186,188,189,190,191,192,193,194,195,197,201,204,205,206
32:3,5,6,7,10,11,13,14,21,22,29,30,31,75,34,36,39,43,47,48,55,56,58,59,62,63,64,65,66,68,71,77,78,79,80,83,84,86,87,90,92,93,95,96,97,98,100,101,103,106,107,109,110,114,116,118,119,120,121,122,124,125,126,127,128,129,133,134,135,136,137,138,143,145,148,149,151,152,153,155,156,157,158,159,162,164,167,170,171,174,175,177,179,180,181,183,184,189,191,195,196,198,199,200,202,206
33:2,3,4,6,7,11,12,14,16,18,21,23,24,25,27,28,29,31,171,34,38,40,41,42,45,46,47,51,53,56,58,60,61,62,63,64,65,67,68,71,74,75,76,77,78,79,81,82,84,88,91,95,99,100,103,104,105,107,109,111,112,114,117,121,122,126,127,128,132,133,135,136,137,142,143,144,146,147,148,151,153,155,158,159,160,163,164,166,170,174,175,179,180,181,183,184,186,187,188,189,194,195,196,200,201,204,206,207,209
34:1,7,10,11,12,13,14,15,16,20,23,24,31,32,33,96,35,36,37,43,44,45,47,48,49,50,52,53,54,56,57,58,60,62,64,66,68,73,75,76,78,79,81,84,87,89,90,91,93,95,97,100,103,104,110,112,113,115,117,118,119,120,124,125,128,129,132,134,135,138,140,141,142,144,145,146,147,155,156,159,160,162,164,167,168,172,174,176,181,183,184,189,190,193,196,199,200,201,202,203,208
35:2,4,6,8,9,12,13,14,18,19,20,21,22,23,24,25,26,28,30,34,163,39,41,43,50,54,56,57,61,62,63,69,70,72,74,76,78,79,83,85,87,90,91,97,108,110,111,112,113,114,116,121,122,123,124,126,130,131,135,136,137,138,140,144,148,149,150,152,153,155,157,164,165,167,173,177,179,180,182,185,187,188,191,192,193,199,200,204,206,209
36:1,2,3,5,8,13,14,16,17,18,20,21,22,23,24,25,29,30,32,34,62,38,42,44,45,46,47,51,52,53,58,61,64,65,66,73,74,77,83,85,88,89,95,97,103,104,105,106,107,109,110,117,118,119,121,123,129,131,132,133,134,135,137,139,141,143,147,148,149,150,154,155,156,158,160,161,163,164,166,170,172,177,178,185,186,187,193,194,195,197,199,201,203,204,206
37:5,6,8,10,11,12,13,16,17,18,19,20,21,24,27,30,31,34,50,38,40,43,45,46,48,49,52,53,54,55,56,62,63,64,65,69,70,72,73,77,78,83,87,88,90,92,93,94,96,98,99,100,103,104,105,107,110,113,114,115,116,117,122,123,127,128,129,131,135,136,137,138,141,142,144,146,147,148,151,153,155,157,158,159,165,166,167,170,171,172,176,177,179,180,185,188,189,190,191,192,194,195,196,200,202,203,204,205,209
38:0,1,2,4,11,13,16,17,18,19,20,21,25,26,29,30,33,36,37,168,39,40,41,42,43,44,46,48,52,55,57,59,60,61,62,64,66,67,68,71,73,75,77,79,80,83,84,85,86,89,90,91,92,93,95,96,97,98,99,100,106,107,110,111,113,120,123,124,127,128,130,134,136,137,139,140,141,142,143,147,148,150,151,152,154,156,158,161,162,163,164,169,171,172,173,175,178,182,186,189,190,191,193,195,197,199,200,207,208
39:0,1,3,5,7,10,11,12,15,21,24,25,27,28,29,30,32,35,38,109,43,45,46,47,49,51,54,55,58,60,61,63,65,71,72,76,77,78,80,82,83,84,85,87,88,89,92,93,94,96,97,98,101,102,104,106,108,111,112,117,118,121,122,124,125,126,130,135,141,142,143,144,146,148,149,150,154,158,159,160,161,166,167,168,172,175,176,179,180,183,184,185,186,187,188,192,193,194,198,199,202,203,204,205,206
40:0,2,3,6,7,8,10,12,13,16,23,24,26,29,30,31,33,37,38,112,41,47,48,49,51,55,57,60,61,62,63,64,65,66,69,71,72,73,74,78,79,82,83,86,88,89,91,94,101,103,104,105,106,108,109,110,113,115,116,119,120,121,126,129,132,134,135,141,143,145,148,149,152,153,156,158,161,162,163,169,170,172,174,175,177,183,186,188,189,191,192,201,202,203,205,206,208
41:0,4,5,7,18,19,22,23,28,29,31,33,35,38,40,64,42,43,44,46,51,52,60,61,65,68,70,73,74,78,79,80,81,84,85,86,87,90,91,96,98,106,107,112,113,114,118,124,126,127,131,133,134,137,138,140,142,143,145,147,149,150,151,153,157,158,159,161,162,164,165,166,171,173,174,176,178,180,182,183,185,186,188,190,191,192,196,197,201,204,205,206
42:6,7,10,11,14,17,19,20,22,23,27,29,33,36,38,41,161,46,47,50,52,53,62,64,70,73,74,78,82,83,85,87,90,91,95,99,100,103,105,106,110,111,113,116,119,124,125,129,130,133,134,141,143,144,145,146,147,150,151,157,158,159,162,167,169,170,171,172,176,177,180,182,183,184,185,187,188,191,193,199,202,204,205,206
43:0,3,5,8,9,11,12,20,22,25,26,29,31,32,34,35,37,38,39,41,112,46,48,49,52,56,59,60,61,63,64,66,67,68,69,70,71,72,76,77,79,82,84,88,89,92,93,94,95,100,103,107,109,115,116,121,123,124,126,130,134,135,136,140,142,146,147,148,150,151,153,156,159,161,163,165,169,170,173,174,175,176,177,178,180,186,187,188,190,191,193,194,197,198,200,201,203,207,208
44:0,4,6,7,9,10,12,13,18,19,21,23,25,28,30,31,34,36,38,41,54,47,49,52,56,58,61,63,67,71,72,73,74,75,78,83,84,85,87,88,90,92,93,94,98,101,104,105,106,107,108,109,114,121,122,123,124,125,126,127,128,132,134,135,137,139,148,149,150,151,152,158,159,160,167,168,170,171,172,174,176,179,181,183,184,188,190,191,194,195,198,199,202,203,209
45:1,2,3,4,5,6,7,8,11,13,14,15,16,17,18,19,21,22,24,25,27,29,30,31,33,34,36,37,39,121,46,48,50,51,55,56,57,59,60,61,63,64,66,67,68,72,73,74,78,79,80,85,87,88,90,91,92,95,96,97,99,100,101,102,105,106,110,112,123,124,127,128,129,132,135,136,138,142,143,144,145,147,153,154,158,159,160,163,167,169,172,173,182,183,185,190,193,194,195,196,197,200,202,209
46:0,1,2,7,9,11,15,16,18,20,22,23,24,25,26,27,28,33,36,37,38,39,41,42,43,45,63,47,50,51,53,56,60,61,62,66,68,69,70,72,73,77,78,79,83,86,89,90,91,93,94,95,101,104,105,106,107,111,112,115,116,117,118,119,121,122,124,125,128,129,131,133,135,138,139,143,145,147,149,151,152,156,161,162,163,164,165,166,170,171,172,173,174,179,180,181,186,187,188,189,191,195,199,201,203,204,206,207,208,209
47:0,1,2,4,5,6,9,10,11,12,14,15,16,17,20,22,25,28,29,31,32,33,34,36,39,40,42,44,46,158,49,51,52,53,55,56,58,60,63,64,68,69,71,72,74,75,78,79,81,83,84,85,86,89,90,95,99,100,103,104,106,108,115,116,117,118,124,125,126,127,129,130,133,134,135,138,140,141,144,146,147,148,150,152,153,154,160,161,162,164,165,171,173,175,176,177,179,180,187,188,190,191,192,196,197,198,202,204,206,208
48:3,4,7,10,11,12,15,16,17,18,19,20,22,23,24,26,27,32,34,37,38,40,43,45,167,49,50,51,55,56,57,58,62,63,64,67,69,71,72,76,80,85,87,88,89,90,91,94,95,96,97,102,106,109,110,113,115,117,118,120,123,124,128,130,131,132,134,137,139,142,143,144,147,149,150,151,153,155,158,159,161,162,163,164,170,172,176,178,179,180,182,183,184,186,187,192,195,196,198,200,201,203,204,206,208
49:1,2,3,4,5,6,7,8,10,11,16,17,21,23,24,26,27,28,30,31,34,37,39,40,43,44,47,48,91,54,55,57,59,62,63,64,65,67,68,69,70,73,74,75,76,78,81,83,84,87,90,93,94,99,102,103,106,107,113,117,127,128,133,134,135,136,139,143,146,147,150,158,159,160,161,166,168,169,170,181,182,185,188,190,191,194,197,198,200,201,205,208
50:2,7,8,15,17,18,20,21,22,25,26,28,34,35,37,42,45,46,48,117,51,52,53,54,57,58,59,61,62,65,67,68,70,76,78,79,80,82,85,90,91,93,94,95,97,99,100,106,109,110,111,112,118,119,122,125,126,128,129,130,131,132,133,134,136,141,142,145,146,147,150,152,155,161,162,163,164,167,169,170,171,172,173,179,180,181,182,185,186,187,191,192,196,198,199,200,201,202,203,204,205
51:0,2,3,5,8,9,12,14,16,17,18,20,24,26,30,31,33,36,39,40,41,45,46,47,48,50,58,52,53,54,55,57,59,60,61,63,64,65,66,67,68,72,77,78,79,80,83,92,94,95,98,100,101,104,107,108,110,111,112,113,115,118,119,122,123,124,125,126,127,128,129,131,133,135,136,138,139,140,142,147,148,149,150,151,153,157,159,161,164,165,166,167,168,169,170,172,177,178,179,181,182,186,189,191,193,195,196,201,203,205,206,207
52:0,1,2,3,4,8,9,10,11,12,13,16,17,18,19,21,22,24,25,26,34,36,37,38,41,42,43,44,47,50,51,94,53,59,60,61,63,67,68,70,71,79,81,85,86,87,89,95,99,100,101,102,103,104,106,107,108,110,113,116,119,122,124,125,126,127,128,131,133,134,135,136,138,140,141,144,145,146,149,152,154,155,157,158,160,161,163,165,168,169,171,172,174,176,179,180,181,182,184,185,186,187,188,189,190,192,194,195,196,197,198,199,203,204,206,208,209
53:1,4,7,9,11,14,15,16,17,20,21,25,27,28,33,34,36,37,42,46,47,50,51,52,98,55,56,57,58,59,60,61,64,65,67,68,69,70,73,77,79,83,85,86,89,90,94,99,101,103,108,109,110,115,118,119,120,121,124,125,127,128,133,135,136,138,143,145,146,147,151,152,153,156,158,159,161,163,165,168,173,175,178,179,181,184,185,186,188,189,190,191,192,195,196,198,199,202,203,204,207,209
54:0,3,6,7,8,10,12,17,19,20,22,23,25,27,28,29,30,34,35,37,39,44,49,50,51,113,55,56,57,58,60,61,62,64,68,75,77,79,84,90,91,93,96,98,99,100,102,103,104,106,108,109,110,111,116,117,119,120,121,122,123,126,130,131,132,136,137,138,139,140,142,148,150,153,154,155,156,159,161,163,164,165,167,171,172,173,175,180,182,183,184,185,187,191,193,195,196,198,199,201,202,206,207,208
55:2,8,9,10,11,14,15,16,19,20,23,24,25,28,30,32,37,38,39,40,45,47,48,49,51,53,54,122,58,59,60,61,63,64,65,66,67,69,70,71,72,75,76,79,80,82,84,89,90,91,93,94,95,97,101,102,104,106,108,109,110,111,112,115,120,124,125,127,129,130,131,133,134,136,137,138,139,142,143,146,149,150,152,153,154,155,156,157,158,162,165,168,169,171,172,176,179,180,181,182,183,184,185,187,190,191,192,200,201,202,205
56:1,3,4,5,7,11,12,13,15,18,21,24,28,31,32,33,34,35,37,43,44,45,46,47,48,53,54,141,57,58,59,60,61,66,69,70,71,72,74,75,76,77,78,80,81,83,85,86,89,91,92,93,94,96,97,98,99,100,102,103,106,108,109,110,111,112,113,114,120,121,123,124,125,127,128,133,134,137,139,140,146,149,150,151,153,155,157,159,160,161,162,164,166,167,169,170,171,174,176,177,178,180,181,182,183,184,187,190,192,195,196,198,200,201,202,206,207
57:2,7,9,13,14,15,16,20,21,22,24,26,27,28,29,31,34,35,38,40,45,48,49,50,51,53,54,56,184,60,61,62,64,66,68,71,74,75,76,77,79,84,85,89,96,97,98,99,100,101,104,105,106,107,111,112,113,114,115,117,118,120,122,123,124,125,126,127,130,133,135,138,139,140,142,144,151,154,156,158,160,163,164,165,166,167,168,169,171,172,175,176,177,178,179,180,182,187,189,192,198,200,201,202,204,206,207,208,209
58:0,1,3,5,7,9,10,12,13,18,19,23,24,26,27,30,32,33,34,36,39,44,47,48,50,51,53,54,55,56,132,60,61,62,63,64,67,70,71,72,74,75,79,83,89,93,95,96,97,99,103,105,107,108,110,112,117,118,119,120,121,122,123,124,126,129,130,131,133,135,136,137,138,141,143,144,146,147,150,151,152,154,155,156,157,160,161,163,164,166,167,168,169,170,171,174,177,178,179,181,185,187,188,190,192,193,198,202,203,204,205,207,208
59:1,3,5,8,9,13,16,19,21,22,23,25,26,31,32,38,43,45,49,50,51,52,53,55,56,198,63,64,65,66,67,68,70,71,72,74,75,80,87,90,93,97,98,99,100,102,103,104,105,108,109,111,112,113,119,120,123,131,135,136,141,143,144,145,146,148,149,151,156,159,164,168,169,170,171,176,178,180,183,185,186,189,190,199,202,204,205,206,209
60:0,1,3,6,7,9,12,15,16,17,18,24,27,31,33,34,38,39,40,41,43,45,46,47,51,52,53,54,55,56,57,58,127,66,67,69,70,71,74,75,76,77,81,82,88,89,90,93,94,95,96,97,101,104,106,110,111,112,113,114,115,119,121,123,125,126,128,130,131,135,140,141,143,144,149,151,153,156,158,159,162,163,164,165,166,167,172,173,177,178,179,180,183,184,185,186,189,195,197,198,202,203,204,206,207
61:1,2,3,5,6,8,9,12,14,16,19,20,22,23,26,29,33,35,36,38,39,40,41,43,44,45,46,50,51,52,53,54,55,56,57,58,128,63,65,66,67,68,71,72,74,75,78,83,84,87,91,94,95,96,97,99,104,108,110,114,118,119,120,121,124,127,130,132,134,135,139,150,151,154,159,160,164,166,167,172,173,174,175,176,177,179,180,185,186,187,188,196,197,198,199,206,208
62:0,2,5,7,9,10,11,15,16,17,19,21,24,25,26,29,31,32,33,34,35,36,37,38,40,42,46,48,49,50,54,57,58,107,65,67,69,71,72,73,75,77,81,82,83,85,87,89,91,94,95,96,97,100,101,102,103,105,106,109,110,111,112,114,115,116,117,118,121,124,125,126,127,128,130,131,133,134,135,140,142,143,144,151,152,153,154,157,158,159,161,162,163,164,165,166,169,174,176,177,179,180,183,185,186,187,188,191,193,195,196,197,201,202,203,204,208
63:1,2,5,6,7,8,10,11,12,14,15,17,18,20,22,23,24,25,27,28,29,30,32,33,35,37,39,40,43,44,45,46,47,48,49,51,52,55,58,59,61,140,64,67,68,71,76,78,80,82,83,84,91,92,93,94,98,101,102,104,106,108,109,113,114,115,116,123,124,125,134,136,137,138,143,144,146,148,151,152,154,155,156,158,165,167,169,171,172,174,175,176,177,178,182,183,185,190,191,195,196,199,200,201,202,206,207
64:0,1,6,7,8,9,12,13,14,15,16,17,19,20,21,22,26,27,28,29,31,32,33,34,36,37,38,40,41,42,43,45,47,48,49,51,53,54,55,57,58,59,63,181,66,67,70,71,72,73,78,79,80,83,84,89,90,94,96,97,100,102,105,108,109,111,113,115,120,122,123,125,126,127,128,129,130,131,134,137,138,141,144,145,146,148,151,152,153,159,161,164,166,169,172,174,175,176,178,179,180,182,183,184,185,186,191,192,193,195,197,198,203,205,206,207,208,209
65:4,5,7,8,9,11,12,15,17,19,21,28,31,32,33,36,37,39,40,41,49,50,51,53,55,59,61,62,197,73,77,78,80,82,83,85,86,87,88,90,93,96,98,101,103,104,105,108,111,112,113,114,116,117,118,120,121,124,125,126,127,128,129,131,133,137,138,139,141,143,144,146,147,148,149,150,151,154,155,156,157,158,159,160,163,164,165,167,168,171,173,174,175,177,178,179,180,181,184,186,189,190,191,192,194,196,199,202,203,204,206,207,208,209
66:1,2,5,6,7,9,10,11,13,14,15,16,18,19,20,22,25,27,28,30,31,32,34,36,38,40,43,45,46,51,55,56,57,59,60,61,64,199,67,74,81,82,84,85,86,87,88,93,94,95,101,102,103,106,107,109,110,113,118,120,121,122,124,125,129,132,135,136,137,138,139,144,145,148,151,158,160,162,165,166,168,169,174,177,178,179,180,182,184,185,186,188,191,192,193,195,197,200,201,204,207,208
67:0,2,3,5,10,11,13,14,16,17,18,21,26,28,29,31,33,38,43,44,45,48,49,50,51,52,53,55,58,59,60,61,62,63,64,66,123,71,73,77,82,84,85,86,87,93,95,96,98,99,101,102,104,105,106,107,109,115,117,119,122,124,125,126,130,131,132,144,145,146,151,152,153,157,158,159,162,163,167,168,172,173,180,182,183,184,185,188,189,190,191,192,193,197,199,203,205,206,208,209
68:1,5,7,9,11,15,18,19,21,23,24,25,26,27,31,32,33,34,38,41,43,45,46,47,49,50,51,52,53,54,57,59,61,63,171,69,70,73,75,76,77,79,80,81,83,85,86,87,88,89,91,92,97,101,102,107,108,109,110,112,117,118,120,121,122,128,129,131,135,136,138,140,142,144,146,147,153,154,160,161,162,163,166,167,170,176,181,184,188,189,192,194,195,197,199,202,203,204,207,209
69:0,4,8,9,10,22,31,35,37,40,43,46,47,48,49,53,55,56,60,62,68,76,71,72,73,75,78,79,80,82,83,84,85,87,89,91,92,94,96,99,103,104,106,108,112,114,115,116,118,120,124,126,128,129,130,133,135,136,138,139,140,141,142,143,146,149,152,153,154,159,164,172,174,175,179,181,185,187,195,196,197,199,200,201,205,206,209
70:0,4,5,6,9,10,14,20,22,23,25,26,27,28,29,30,35,37,41,42,43,46,49,50,52,53,55,56,58,59,60,64,68,121,72,73,74,75,77,79,80,81,83,86,87,90,92,93,96,97,98,100,101,105,106,113,115,116,118,120,122,123,124,125,126,127,128,131,132,134,137,138,142,143,147,148,149,150,151,152,154,156,157,158,162,163,165,173,176,177,178,179,180,181,182,183,184,186,187,188,189,193,196,197,202,208,209
71:1,2,9,11,12,14,17,18,20,21,22,26,27,28,29,31,32,33,38,39,40,43,44,47,48,52,55,56,57,58,59,60,61,62,63,64,67,69,177,75,81,83,85,86,87,89,90,91,93,95,96,97,100,103,106,107,109,121,123,124,127,128,129,130,131,132,136,137,139,142,146,147,149,153,154,156,158,159,160,161,165,167,171,172,173,174,175,176,178,180,182,189,191,192,193,194,196,197,206,208,209
72:0,1,3,6,8,10,13,15,18,19,23,25,31,35,37,39,40,43,44,45,46,47,48,51,55,56,58,59,61,62,64,69,70,187,73,77,82,83,87,92,93,95,96,97,99,102,103,105,107,108,109,112,113,116,117,119,123,125,126,127,129,131,134,137,139,141,143,146,147,148,149,150,151,152,153,154,155,156,158,160,164,167,169,170,172,175,178,180,181,182,188,189,190,193,194,199,201,205,207,208
73:5,9,10,11,13,15,16,20,22,23,24,25,28,31,34,36,37,38,40,41,42,44,45,46,49,53,62,64,65,67,68,69,70,72,125,74,75,77,78,80,81,83,84,86,89,91,94,97,98,100,101,104,105,106,108,109,115,117,121,127,128,131,132,133,137,139,141,142,149,150,152,153,154,157,159,161,162,163,165,167,169,172,176,179,180,182,183,184,187,188,193,195,196,199,205,207,208,209
74:0,1,3,4,6,7,8,9,11,12,14,15,20,22,23,24,28,33,35,36,40,41,42,44,45,47,49,56,57,58,59,60,61,66,70,73,124,77,78,80,81,84,85,86,88,90,94,98,103,105,106,109,110,112,114,117,118,121,126,127,128,130,131,135,137,139,142,143,144,145,146,147,150,152,153,155,158,160,162,165,166,169,170,172,174,175,176,177,179,180,181,183,184,188,191,193,195,196,197,200,201,202,205
75:0,5,7,9,10,11,12,13,14,15,16,17,18,19,20,24,25,26,28,29,31,32,33,34,38,44,47,49,54,55,56,57,58,59,60,61,62,68,69,70,71,73,134,79,81,83,86,87,90,92,95,96,97,99,100,101,102,103,104,105,106,107,113,115,118,121,122,124,126,127,131,133,135,136,146,147,148,153,156,157,161,162,163,164,166,167,168,169,172,173,176,178,180,181,184,189,190,192,194,201,208,209
76:1,3,4,5,8,10,11,13,15,17,21,22,23,25,26,28,30,31,33,34,35,39,43,48,49,50,55,56,57,60,63,68,69,107,77,78,79,80,83,90,92,93,94,97,100,104,105,114,115,116,117,123,127,128,132,133,134,135,139,140,141,146,147,152,155,156,157,158,159,160,161,165,166,168,169,171,172,175,179,182,185,188,189,195,197,200,201,202,203,206
77:1,2,3,4,5,8,10,11,12,13,17,18,20,22,23,24,25,26,29,31,32,33,36,37,38,39,43,46,51,53,54,56,57,60,62,65,67,68,70,72,73,74,76,202,79,80,81,86,87,89,90,92,93,94,95,97,98,99,101,104,106,107,110,111,113,115,116,117,118,120,124,129,131,132,134,136,140,141,142,144,146,147,151,155,162,163,164,166,168,170,171,172,176,177,178,185,188,192,193,197,199,203,204,205,206,207,209
78:1,3,4,7,8,10,11,15,17,18,20,21,23,24,25,26,27,28,29,31,32,33,34,35,37,39,40,41,42,44,45,46,47,49,50,51,56,61,63,64,65,69,73,74,76,158,82,83,85,86,90,91,93,94,95,96,97,98,103,104,106,109,110,112,113,114,118,122,125,126,127,128,129,131,133,135,136,142,143,144,146,147,149,155,157,162,166,167,168,169,171,172,173,174,179,180,181,187,188,190,191,193,195,201,202,203,206
79:2,3,4,7,8,9,12,14,17,18,19,21,23,24,26,31,32,33,34,35,38,40,41,43,45,46,47,50,51,52,53,54,55,57,58,64,68,69,70,75,76,77,173,82,84,88,90,92,93,96,97,98,102,104,106,108,109,112,113,114,115,116,117,118,121,123,128,131,136,137,138,139,140,142,144,146,152,158,160,161,162,164,165,168,169,175,176,178,182,184,187,188,189,192,194,196,198,199,200,201,205,206,207,208,209
80:1,3,5,7,11,13,14,16,18,22,23,24,26,31,32,38,39,41,45,48,50,51,55,56,59,63,64,65,68,69,70,73,74,76,77,166,82,83,90,92,93,98,99,101,105,109,111,112,114,115,116,117,118,120,123,125,130,131,134,142,145,146,147,149,150,153,154,155,156,158,160,162,165,167,170,172,173,176,178,180,181,182,184,185,188,191,192,193,195,198,202,203,204,206,207,208,209
81:2,3,6,7,8,13,16,17,18,19,21,22,23,26,27,28,30,33,34,41,47,49,52,56,60,62,66,68,70,71,73,74,75,77,146,82,83,89,92,93,94,95,96,98,101,102,103,104,105,107,108,112,116,119,120,121,123,126,128,129,135,137,138,139,140,144,145,147,148,149,151,152,154,156,159,160,161,163,164,165,166,167,169,170,171,173,175,176,180,181,182,183,184,188,190,191,193,194,197,198,199,200,201,203,204,205,207
82:1,2,5,6,7,9,10,11,12,14,16,18,20,22,26,27,28,29,33,39,40,42,43,50,55,60,62,63,65,66,67,69,72,78,79,80,81,90,83,86,87,88,91,92,95,97,98,99,100,101,102,103,105,106,107,109,111,112,114,117,121,122,124,128,130,131,138,139,142,146,147,151,153,154,155,156,159,161,162,164,165,167,168,170,175,176,178,179,183,185,186,190,191,193,194,195,196,198,199,203,204,206
83:0,1,2,6,8,11,16,17,20,21,24,25,26,30,31,32,35,36,37,38,39,40,42,44,46,47,49,51,53,56,58,61,62,63,64,65,68,69,70,71,72,73,75,76,78,80,81,82,198,84,91,92,93,95,97,98,99,100,103,104,106,110,115,118,119,122,123,124,126,127,128,129,130,131,133,137,139,141,143,146,147,152,154,156,157,160,163,165,167,170,171,173,175,176,177,180,181,182,184,187,189,191,192,199,201,202,203,206,207,209
84:1,2,5,6,9,10,12,13,15,20,22,23,27,29,32,33,34,38,39,41,43,44,47,49,54,55,57,61,63,64,66,67,69,73,74,79,83,90,86,87,89,91,93,94,96,97,98,99,100,101,104,105,107,108,109,110,113,115,117,118,119,120,121,122,126,128,131,132,135,137,140,141,142,143,146,148,150,155,158,159,160,162,163,164,168,170,171,172,176,177,182,183,185,190,191,200,201,202,203,204,206,207,208
85:0,2,3,4,7,10,12,13,15,16,18,19,22,23,24,27,35,36,38,39,41,42,44,45,47,48,50,52,53,56,57,62,65,66,67,68,69,71,74,78,171,89,92,93,94,96,98,100,101,102,106,109,118,120,122,123,126,129,132,135,136,137,138,139,141,142,143,148,153,155,156,157,160,169,174,176,179,180,182,184,185,187,189,190,191,194,196,198,200,201,202,205,208
86:0,1,5,6,7,8,15,16,17,18,20,23,24,32,38,40,41,46,47,52,53,56,65,66,67,68,70,71,73,74,75,77,78,82,84,143,89,92,93,95,97,100,102,103,107,111,112,115,122,123,127,128,135,136,139,141,142,144,145,148,149,151,152,154,155,156,157,159,160,165,166,168,169,173,174,175,176,178,180,182,184,186,188,189,191,198,200,202
87:0,1,2,3,5,6,7,8,10,12,13,19,20,21,22,23,24,25,27,28,31,32,34,35,37,39,41,42,44,45,48,49,52,59,61,62,65,66,67,68,69,70,71,72,75,77,82,84,178,92,94,95,98,100,101,105,107,108,109,110,111,113,115,116,117,120,121,123,126,128,133,134,135,137,139,140,141,143,144,146,149,151,152,155,156,159,161,162,163,164,165,168,171,173,175,177,179,180,183,184,185,187,188,189,191,192,194,195,196,200,201,204,208
88:0,2,3,4,5,7,11,17,19,20,21,24,25,26,28,29,30,33,36,37,39,40,43,44,45,48,60,65,66,68,74,79,82,204,89,91,92,94,95,101,104,105,106,108,110,111,114,116,118,119,120,121,127,128,131,133,134,135,138,142,143,144,147,151,152,155,156,157,160,163,165,166,167,169,172,173,175,177,178,179,181,186,187,190,191,193,197,198,199,201,202,206,208,209
89:1,3,4,5,7,9,10,11,16,18,19,20,23,25,27,29,31,34,36,38,39,40,43,46,47,48,52,53,55,56,57,58,60,62,64,68,69,71,73,77,81,84,85,86,88,201,90,96,98,100,101,103,107,111,112,113,116,118,120,126,127,133,145,150,153,155,158,159,160,161,162,163,164,167,168,169,170,173,174,182,183,184,185,186,187,192,193,195,198,200,203,205,207,208,209
90:3,6,7,9,10,15,17,18,24,26,29,31,32,34,35,37,38,41,42,44,45,46,47,48,49,50,53,54,55,59,60,64,65,70,71,74,75,76,77,78,79,80,82,84,89,181,91,92,93,96,98,99,100,103,111,113,114,115,117,121,122,124,125,128,129,131,132,134,135,136,138,142,143,146,148,149,151,158,161,165,166,167,168,169,172,173,174,176,179,180,182,184,185,186,189,192,193,195,197,198,199,200,201,202,203
91:1,4,6,7,9,12,14,18,26,27,28,33,34,35,38,40,41,42,45,46,48,49,50,54,55,56,61,62,63,68,69,71,73,78,82,83,84,88,90,158,95,97,98,99,100,102,103,104,105,106,107,110,116,124,126,131,133,135,136,140,142,144,145,149,150,151,152,153,154,155,156,160,163,164,165,168,171,172,176,179,181,185,187,188,189,193,195,196,198,200,201,203,204,205,206
92:2,7,9,10,12,13,15,17,19,22,25,30,32,37,38,39,43,44,45,51,56,63,68,69,70,72,75,76,77,79,80,81,82,83,85,86,87,88,90,186,93,95,96,97,103,104,107,108,109,110,112,114,115,119,120,123,125,126,128,129,130,131,132,133,135,137,138,139,140,141,145,146,147,148,149,152,154,155,156,157,162,166,168,173,179,184,185,187,191,193,197,198,200,201,204,208
93:0,1,2,3,6,7,8,10,12,13,14,16,17,18,19,20,21,24,25,27,28,29,30,31,32,34,37,38,39,43,44,46,49,50,54,55,56,58,59,60,63,65,66,67,70,71,72,76,77,78,79,80,81,83,84,85,86,90,92,98,94,95,96,97,101,109,112,113,116,119,120,122,124,125,128,133,138,141,142,143,144,147,150,154,155,156,157,159,160,163,164,169,171,172,173,174,175,178,180,181,183,189,190,192,194,196,197,201,203,204,205,209
94:0,1,4,6,7,8,10,12,13,15,16,17,18,19,20,24,25,26,27,30,31,37,39,40,43,44,46,48,49,50,51,52,53,55,56,60,61,62,63,64,66,69,73,74,76,77,78,81,84,85,87,88,93,130,95,101,102,103,105,106,108,109,116,118,121,124,125,126,131,134,136,137,138,145,146,148,150,154,155,158,163,164,167,168,169,170,174,176,178,182,183,185,191,192,193,196,199,201
95:1,3,15,16,17,18,21,29,30,31,32,33,34,36,38,42,43,45,46,47,48,50,51,52,55,58,60,61,62,66,67,71,72,75,77,78,81,82,83,86,87,88,91,92,93,94,169,96,97,99,104,106,109,110,111,116,117,118,120,121,122,124,125,128,131,134,136,137,139,141,142,149,150,151,152,160,161,163,164,165,166,167,168,171,176,178,180,183,184,185,186,187,188,194,195,196,199,200,204,205,206,207,209
96:0,2,4,6,8,9,11,12,13,15,20,22,23,25,28,29,32,34,37,38,39,41,45,48,54,56,57,58,60,61,62,64,65,67,69,70,71,72,75,78,79,81,84,85,89,90,92,93,95,151,97,98,100,102,105,107,110,112,114,115,117,119,120,121,124,126,127,129,130,133,134,136,137,138,141,142,143,144,146,148,149,156,157,164,165,166,172,173,174,176,181,183,184,185,186,189,190,192,193,194,195,199,200,204,206,208,209
97:0,1,7,13,20,23,26,29,30,31,32,34,35,36,38,39,45,48,50,55,56,57,58,59,60,61,62,64,68,70,71,72,73,75,76,77,78,79,82,83,84,86,91,92,93,95,96,104,98,100,102,105,107,109,110,111,114,115,118,120,121,122,123,127,128,130,131,134,137,139,140,144,147,151,152,155,156,157,159,161,163,164,165,166,168,169,170,171,173,176,177,178,180,181,187,189,190,191,192,195,197,198,199,202,203,204,209
98:0,1,3,5,6,7,8,9,10,11,12,16,17,18,26,29,30,31,32,37,38,39,41,44,51,53,54,56,57,59,63,65,67,70,73,74,77,78,79,80,81,82,83,84,85,87,89,90,91,93,96,97,105,99,100,106,107,108,109,110,111,112,115,116,117,118,122,123,124,125,126,127,128,130,131,132,134,135,138,143,144,146,148,149,150,151,152,153,154,155,157,158,161,162,163,164,165,166,167,168,171,172,174,175,176,178,179,184,187,190,191,193,194,195,196,203,206,207,208,209
99:4,5,8,9,10,11,13,14,16,17,20,21,23,24,27,28,29,30,31,33,37,38,42,45,47,49,50,52,53,54,56,57,58,59,61,67,69,72,75,77,80,82,83,84,90,91,95,98,181,100,102,104,109,110,112,113,115,116,117,120,123,124,125,129,133,134,137,138,141,142,143,147,148,149,150,152,154,156,158,160,162,170,172,178,183,187,189,190,193,200,201,202,203,206,209
100:0,1,2,4,5,7,10,11,12,13,14,16,17,19,20,21,22,23,26,29,30,32,33,34,37,38,42,43,45,47,50,51,52,54,56,57,59,62,64,70,71,73,75,76,82,83,84,85,86,87,89,90,91,96,97,98,99,179,101,105,108,109,111,113,119,122,125,128,129,132,134,135,136,139,140,141,142,143,145,146,151,152,154,159,161,164,170,171,172,174,178,183,186,187,191,193,194,196,199,201,202,203,207,208
101:1,2,3,5,7,10,12,15,18,19,20,22,29,31,32,39,40,44,45,46,51,52,53,55,57,60,62,63,65,66,67,68,70,73,75,77,80,81,82,84,85,87,88,89,93,94,100,114,102,104,106,107,108,109,110,111,115,117,118,119,120,121,126,127,128,131,132,133,134,136,138,140,141,144,150,151,153,155,156,157,158,159,160,162,163,166,168,170,171,172,173,174,176,177,190,192,195,196,197,198,200,201,205,208,209
102:1,3,4,7,8,9,11,12,14,15,17,19,20,21,22,23,24,25,26,29,39,45,48,49,52,54,55,56,59,62,63,64,66,67,68,72,75,79,81,82,85,86,91,94,96,97,99,101,176,105,106,108,109,112,113,115,118,119,121,124,125,128,131,132,140,141,145,147,149,150,154,156,157,158,159,162,164,166,170,171,172,173,177,178,183,184,186,192,195,197,199,204,205,206,207,208
103:1,5,6,12,15,16,18,20,21,22,25,26,28,30,32,33,34,36,37,40,42,43,47,49,52,53,54,56,58,59,62,65,66,69,71,72,74,75,78,81,82,83,86,89,90,91,92,94,123,108,109,111,112,114,116,117,119,122,126,129,131,132,133,137,140,141,146,149,151,152,153,155,163,165,170,172,173,174,175,179,180,184,185,186,187,188,192,194,195,196,202,207,209
104:0,2,3,4,5,8,9,10,11,12,13,14,16,17,20,24,25,27,28,33,34,36,37,39,40,44,46,47,51,52,54,55,57,59,60,61,63,65,67,69,73,75,76,77,78,79,81,83,84,88,91,92,95,97,99,101,190,107,109,111,113,115,116,119,120,122,123,124,125,127,128,129,134,135,136,141,143,147,148,149,152,154,157,158,159,160,161,162,163,164,166,168,169,170,173,174,175,176,179,180,183,188,191,194,195,196,197,198,204,207,209
105:0,4,6,7,8,9,10,11,14,18,20,21,23,25,27,33,36,37,40,42,44,45,46,57,58,59,62,64,65,67,70,72,73,74,75,76,80,81,82,84,87,88,91,94,96,97,98,100,102,169,106,107,108,109,110,111,124,125,126,129,130,132,133,135,136,137,138,139,141,143,145,146,150,151,152,154,155,157,160,163,164,167,168,171,174,177,181,182,183,184,190,191,194,195,199,201,202,206,207,208
106:0,1,2,7,8,10,11,12,13,17,18,19,20,24,26,28,30,31,32,36,38,39,40,41,42,44,45,46,47,48,49,50,52,54,55,56,57,60,62,63,66,67,69,70,71,73,74,75,77,78,79,82,83,85,88,91,94,95,98,101,102,105,179,107,108,116,122,125,127,129,131,132,134,135,136,147,150,155,156,157,158,159,160,161,162,163,164,165,168,169,170,171,172,176,177,178,180,181,182,183,185,186,187,191,192,193,194,196,199,200,201,204,206,209
107:3,6,7,8,10,11,15,17,18,21,22,24,25,28,30,32,33,36,37,38,41,43,44,46,49,51,52,57,58,62,66,67,68,71,72,75,76,77,81,82,84,86,87,89,91,92,96,97,98,101,104,105,106,166,109,110,111,113,115,116,119,120,124,127,131,132,136,137,140,142,147,150,152,155,161,162,165,167,168,170,174,175,176,179,181,185,186,190,191,192,193,194,195,196,198,200,201,202,203,204,206,207,209
108:0,2,3,7,8,9,10,12,13,15,16,17,22,23,26,28,29,30,31,35,39,40,44,47,51,52,53,54,55,56,58,59,61,63,64,65,68,69,72,73,79,81,84,87,88,92,94,98,100,101,102,103,105,106,162,109,110,112,117,118,122,123,126,130,134,135,139,140,142,143,144,145,149,150,152,154,155,156,157,158,161,165,167,170,171,172,173,174,177,178,179,184,186,188,190,192,193,194,196,201,205,208,209
109:0,5,7,8,9,12,13,17,19,20,22,24,25,27,28,30,31,32,33,36,39,40,43,44,48,50,53,54,55,56,59,62,63,64,66,67,68,71,72,73,74,78,79,80,82,84,85,87,92,93,94,95,97,98,99,100,101,102,103,104,105,107,108,128,112,116,118,119,120,121,123,126,131,132,133,134,135,139,142,143,145,149,150,151,153,160,162,164,165,167,168,169,171,172,174,176,180,182,184,185,186,187,188,189,190,191,192,193,195,197,198,200,201,202,203,206,209
110:1,3,4,11,13,14,15,16,18,19,24,31,32,34,35,36,37,38,40,42,45,48,50,51,52,53,54,55,56,58,60,61,62,66,68,74,77,78,83,84,87,88,91,92,95,96,97,98,99,101,105,107,108,140,111,112,118,122,123,124,131,136,137,138,144,145,146,153,157,160,161,164,165,166,167,168,170,173,176,179,181,183,185,187,189,190,192,194,196,197,198,201,208,209
111:2,3,4,5,6,7,8,11,14,17,19,22,24,25,26,27,29,30,31,33,35,38,39,42,46,50,51,54,55,56,57,59,60,62,64,65,77,80,82,86,87,88,89,90,95,97,98,100,101,103,104,105,107,110,154,113,117,119,120,122,123,124,125,126,129,130,131,132,133,134,136,138,139,142,148,149,150,152,153,156,159,160,161,162,163,164,165,167,170,171,173,176,177,179,188,191,192,193,194,195,201,202,204,205,206,207
112:1,4,5,7,14,15,17,18,19,21,27,31,33,34,35,39,40,41,43,45,46,50,51,55,56,57,58,59,60,62,65,68,69,72,74,78,79,80,81,82,86,89,92,93,96,98,99,102,103,108,109,110,130,113,115,118,119,121,122,123,124,125,134,136,138,140,141,147,155,156,160,161,166,167,170,171,175,177,180,182,184,185,189,190,191,193,194,195,197,198,203
113:0,3,7,13,14,15,18,20,21,23,25,26,29,30,31,34,35,37,38,40,41,42,48,49,51,52,54,56,57,59,60,63,64,65,66,70,72,75,77,78,79,84,87,89,90,93,99,100,102,104,107,111,112,183,115,117,118,120,121,123,125,127,132,134,135,137,138,139,141,143,149,150,151,153,154,155,158,159,160,165,166,167,170,172,173,175,176,177,179,180,187,188,191,193,195,196,198,202,205,206
114:2,5,6,7,8,10,13,15,17,18,19,22,23,24,26,27,28,29,30,31,32,33,35,37,41,44,56,57,60,61,62,63,65,69,74,76,78,79,80,82,88,90,92,96,97,101,103,202,115,116,117,118,120,121,122,125,126,127,128,129,132,139,140,141,142,143,144,145,146,147,149,150,152,155,157,159,160,161,164,165,166,167,168,169,170,176,177,179,180,182,184,186,188,190,191,193,194,196,200,203,204,205,206,207
115:1,2,4,7,8,11,12,13,15,16,17,18,23,24,27,29,34,37,40,43,46,47,48,51,53,55,57,60,62,63,64,67,69,70,73,75,76,77,79,80,83,84,86,87,90,92,96,97,98,99,101,102,104,107,112,113,114,159,117,121,123,124,125,126,128,129,130,134,138,140,141,142,143,146,149,152,153,156,157,158,160,166,168,169,171,172,173,175,177,178,179,183,184,187,189,194,195,198,200,201,202,203,204,206,208,209
116:0,1,4,6,7,11,12,13,14,15,19,25,26,28,30,32,35,37,40,42,43,46,47,52,54,62,63,65,69,70,72,76,77,79,80,81,87,88,89,91,93,94,95,98,99,103,104,106,107,109,114,155,117,119,121,122,123,124,125,127,128,129,131,132,134,136,137,139,140,141,144,157,158,159,160,170,171,173,176,178,180,181,182,183,184,185,186,187,190,191,192,193,194,196,198,199,200,201,202,204,208,209
117:1,3,4,5,12,13,14,15,16,21,24,25,28,29,33,34,36,37,39,46,47,48,49,50,54,57,58,62,65,67,68,72,73,74,76,77,79,80,82,84,87,90,95,96,98,99,101,103,108,111,113,114,115,116,201,121,122,123,125,126,129,130,131,132,136,138,141,142,143,144,146,148,149,150,154,156,157,159,162,165,167,168,169,170,171,172,175,179,185,190,194,195,196,198,199,200,202,203,204,206,208,209
118:1,3,5,6,9,10,12,18,21,24,25,26,27,29,32,34,36,39,41,46,47,48,50,51,53,57,58,61,62,65,66,68,69,70,74,75,77,78,79,80,83,84,85,88,89,94,95,97,98,101,102,108,109,110,112,113,114,202,120,122,124,125,126,128,129,130,132,133,136,137,138,141,142,143,145,146,149,150,152,154,158,160,161,173,174,177,178,179,182,184,188,190,191,196,198,200,204,208
119:0,1,2,3,4,6,7,11,12,14,17,18,19,20,26,27,32,34,36,40,42,46,50,51,52,53,54,58,59,60,61,67,72,81,83,84,88,92,93,96,100,101,102,103,104,107,109,111,112,116,204,122,123,124,127,129,130,132,136,137,140,146,153,154,155,161,162,163,167,168,170,172,174,175,178,179,182,185,186,191,192,196,197,201,202,203,205,209
120:0,4,5,10,11,15,19,20,21,23,26,28,29,31,32,34,38,40,48,53,54,55,56,57,58,59,61,64,65,66,68,69,70,77,80,81,84,85,87,88,89,92,93,95,96,97,99,101,104,107,109,111,113,114,118,136,121,122,123,124,125,126,127,131,133,135,137,144,145,148,156,157,159,161,163,166,169,171,172,175,176,180,181,184,185,187,188,189,191,192,193,196,197,201,203,204,209
121:3,6,7,8,9,10,11,14,15,18,19,21,22,23,25,26,27,30,32,33,35,36,39,40,43,44,45,46,53,54,56,58,60,61,62,65,66,68,70,71,73,74,75,79,81,82,84,87,88,90,94,95,96,97,101,102,109,112,113,114,115,116,117,120,160,126,127,129,131,139,141,144,145,147,149,150,153,154,155,156,162,166,167,169,173,174,175,176,177,182,183,186,187,191,195,196,197,198,203,205
122:0,1,4,6,8,9,11,13,15,16,17,19,22,24,25,28,29,31,32,33,35,37,39,44,46,50,51,52,54,55,57,58,64,66,67,68,70,75,78,82,83,84,85,86,90,93,95,97,98,100,103,104,106,108,110,111,112,114,116,117,118,119,120,149,123,126,127,134,139,140,141,142,143,145,146,147,148,152,154,155,157,161,162,164,165,166,168,169,172,173,179,180,181,182,183,185,187,188,189,190,191,193,196,197,198,200,201,204,205,209
123:1,3,4,5,7,8,9,10,13,15,16,19,21,22,23,26,28,31,35,36,37,38,43,44,45,48,51,54,56,57,58,59,60,63,64,67,70,71,72,76,79,80,81,83,85,86,87,92,97,98,99,103,104,108,109,110,111,112,113,115,116,117,119,120,122,146,124,125,128,131,133,134,135,136,140,141,143,151,156,158,161,163,165,167,168,169,170,174,175,176,178,180,181,183,185,187,191,192,196,197,198,199,200,201,203,204,206,208,209
124:0,2,3,4,5,6,8,11,12,14,18,21,22,25,27,28,29,32,34,35,38,39,41,42,43,44,45,46,47,48,51,52,53,55,56,57,58,61,62,63,65,66,67,69,70,71,74,75,77,82,83,90,91,93,94,95,96,98,99,102,104,105,107,110,111,112,115,116,118,119,120,123,172,127,128,129,131,137,138,139,140,143,145,146,147,148,149,152,155,156,157,160,167,170,171,173,175,176,178,180,181,183,185,188,190,191,192,193,195,196,200,203,207
125:0,1,3,4,6,9,12,13,17,19,23,24,25,26,28,29,30,31,32,34,39,42,44,46,47,50,51,52,53,55,56,57,60,62,63,64,65,66,67,70,72,73,78,80,90,92,93,94,95,98,99,100,102,104,105,106,111,112,113,114,115,116,117,118,120,123,184,126,128,129,134,137,140,141,142,143,145,146,148,149,151,152,157,158,159,162,163,165,166,168,169,170,171,173,174,175,177,180,182,186,191,192,193,195,197,198,199,202,207,209
126:3,6,10,11,13,14,17,19,20,23,25,27,29,30,31,32,33,35,39,40,41,43,44,47,50,51,52,54,57,58,60,62,64,65,67,69,70,72,74,75,78,81,83,84,85,87,89,91,92,94,96,98,101,103,105,108,109,111,114,115,117,118,120,121,122,125,187,130,131,135,137,140,143,144,147,148,150,153,156,157,159,161,162,164,165,166,169,170,171,173,174,175,177,178,181,183,184,186,190,191,192,194,195,197,198,201,203,204,206,207,208
127:0,6,8,9,10,12,16,19,20,21,23,26,28,29,30,31,32,33,37,38,41,44,45,47,49,51,52,53,55,56,57,60,61,62,64,65,70,71,72,73,74,75,76,78,83,86,88,89,96,97,98,101,104,106,107,113,114,116,119,120,121,122,124,200,129,132,133,137,138,142,143,145,146,147,148,153,155,156,160,162,163,164,165,166,168,171,173,175,180,181,182,185,186,187,189,190,191,193,194,195,199,201,202,205,206,209
128:0,1,3,4,5,6,9,11,14,16,20,22,23,24,27,30,31,32,33,34,37,38,44,45,46,48,49,50,51,52,53,56,60,61,62,64,65,68,69,70,71,73,74,76,78,79,81,82,83,84,86,87,88,90,92,93,95,97,98,100,101,102,104,109,114,115,116,118,123,124,125,142,129,131,133,135,139,140,141,144,145,147,148,151,152,154,155,156,161,162,165,171,173,175,177,182,183,186,187,191,192,193,195,196,197,198,199,201,204,205,208,209
129:0,1,5,7,8,10,11,13,15,17,18,19,20,21,23,25,30,31,32,34,36,37,40,42,45,46,47,50,51,55,58,64,65,66,68,69,71,72,77,78,81,83,85,90,92,96,99,100,103,104,105,106,111,114,115,116,117,118,119,121,124,125,127,128,184,133,134,137,139,140,143,144,148,149,150,151,152,155,159,162,163,165,167,169,170,179,180,185,186,188,193,198,202,204,206,207,208
130:0,1,3,5,6,10,11,14,15,16,17,18,20,21,23,24,25,26,27,28,29,30,31,35,38,39,42,43,47,48,50,54,55,57,58,60,61,62,64,67,69,71,74,80,82,83,92,94,96,97,98,105,108,111,112,115,117,118,119,126,177,136,137,147,149,150,151,155,156,157,158,161,162,163,164,166,168,169,170,173,175,176,178,179,181,182,183,184,185,193,197,199,201,202,203,204,206,209
131:1,9,10,12,14,15,16,18,19,20,22,23,24,26,30,35,36,37,41,46,48,50,51,52,54,55,58,59,60,62,64,65,67,68,70,71,72,73,74,75,77,78,79,80,82,83,84,88,90,91,92,94,95,97,98,101,102,103,106,107,109,110,111,116,117,120,121,123,124,126,128,181,132,134,135,136,138,141,142,143,144,145,147,149,151,153,156,157,158,161,168,170,171,173,174,175,177,179,183,184,185,188,190,193,195,196,197,198,199,201,202,205,208,209
132:4,6,7,11,13,15,16,17,18,21,27,30,31,33,34,36,40,44,45,48,50,54,58,61,66,67,70,71,73,76,77,84,85,90,92,98,100,101,102,103,105,106,107,109,111,113,114,116,117,118,119,127,131,135,137,139,140,141,142,143,146,148,150,151,154,155,156,160,161,163,165,166,172,175,177,180,182,183,184,185,187,188,189,191,192,193,194,196,199,200,201,202,203,204,206,209
133:2,3,4,5,7,8,9,12,13,14,18,20,21,22,26,28,29,31,32,33,36,41,42,46,47,49,50,51,52,53,55,56,57,58,62,65,69,73,75,76,78,83,87,88,89,91,92,93,96,99,101,103,105,109,111,118,120,123,127,128,129,138,142,143,144,145,148,153,154,156,159,164,166,168,170,172,174,175,176,177,178,179,181,183,187,188,189,191,194,196,197,198,201,204,205,206,207,209
134:2,4,5,8,9,14,15,16,17,19,21,22,24,26,28,30,31,32,34,36,38,40,41,42,43,44,47,48,49,50,52,55,56,61,62,63,64,70,72,75,76,77,80,87,88,90,94,95,96,97,98,99,100,101,104,106,108,109,111,112,113,115,116,122,123,125,129,131,153,135,136,138,139,141,142,143,147,149,151,152,157,158,160,161,163,164,167,168,169,170,171,175,177,178,179,187,188,190,191,192,193,198,201,205,208,209
135:0,5,6,8,10,11,12,13,15,16,18,19,20,22,25,31,32,33,34,35,36,37,39,40,43,44,45,46,47,49,51,52,53,57,58,59,60,61,62,66,68,69,74,75,76,78,81,84,85,86,87,88,90,91,92,98,100,104,105,106,108,109,113,120,123,126,128,131,132,134,180,136,139,141,142,144,145,146,148,149,150,156,157,159,160,163,167,170,171,172,174,175,178,179,181,188,189,190,191,193,203,204,206,209
136:0,2,3,5,6,9,12,16,17,18,19,20,21,22,24,25,31,32,33,35,37,38,43,45,49,50,51,52,53,54,55,58,59,63,66,68,69,71,75,77,78,79,85,86,90,91,94,95,96,100,101,104,105,106,107,110,111,112,116,117,118,119,120,123,130,131,134,135,172,139,140,141,142,145,146,149,150,151,152,153,155,157,158,160,161,163,165,168,169,173,174,178,180,183,184,188,190,191,194,196,198,200,202,205,206,207,208,209
137:0,2,6,9,10,11,13,15,20,22,25,26,28,29,30,32,33,35,36,37,38,41,44,48,54,55,56,58,63,64,65,66,70,71,72,73,74,79,81,83,84,85,87,92,94,95,96,97,99,103,105,107,110,113,116,118,119,120,124,125,126,127,129,130,132,171,138,140,142,143,146,147,153,157,158,159,160,161,164,165,166,167,169,170,172,174,179,183,184,186,188,189,191,193,194,195,196,197,198,199,202,203,204
138:3,4,5,8,9,12,16,22,23,27,29,31,32,34,35,37,41,45,46,47,51,52,53,54,55,57,58,63,64,65,66,68,69,70,79,81,82,85,88,90,92,93,94,96,98,99,101,105,110,111,112,113,115,117,118,124,127,131,133,134,137,166,142,143,144,145,146,148,149,151,153,157,158,159,164,167,168,169,170,171,174,179,182,183,184,185,186,187,188,189,192,193,194,198,204,205,208,209
139:3,4,7,13,14,15,18,19,22,25,36,38,44,46,48,49,51,54,55,56,57,61,65,66,69,71,72,73,74,76,79,81,82,83,85,86,87,92,95,97,100,105,108,109,111,113,114,116,121,122,124,128,129,132,134,135,136,163,141,142,145,147,149,150,151,155,158,160,161,164,168,169,170,171,172,176,177,182,183,184,185,187,189,193,194,196,199,200,202,204,209
140:0,1,2,5,7,8,9,12,13,15,17,18,19,20,21,24,25,26,34,35,38,41,43,47,51,52,54,56,57,60,62,63,68,69,76,77,79,81,84,87,91,92,97,100,101,102,103,107,108,110,112,114,115,116,119,122,123,124,125,126,128,129,132,136,137,149,141,144,145,147,150,152,153,155,157,159,160,167,172,173,174,176,178,179,180,181,182,184,187,189,192,193,194,201,204,206
141:1,2,3,5,6,7,8,10,11,12,14,15,18,21,22,24,27,34,36,37,38,39,40,42,47,50,52,56,58,59,60,64,65,69,72,73,76,77,83,84,85,86,87,92,93,95,96,99,100,101,102,103,104,105,112,113,114,115,116,117,118,121,122,123,125,128,131,132,134,135,136,139,140,160,142,145,146,147,148,149,150,151,152,153,154,156,159,161,164,165,166,170,171,172,174,176,177,178,179,180,181,183,184,185,190,192,194,195,196,197,199,201,202,205,206
142:0,1,2,3,4,6,7,8,9,10,11,12,14,19,20,22,23,25,29,30,33,34,37,38,39,41,43,45,48,50,51,54,55,57,62,68,69,70,71,73,74,77,78,79,80,82,84,85,86,88,90,91,93,95,96,99,100,107,108,109,111,114,115,117,118,122,125,127,128,131,132,133,134,135,136,137,138,139,141,196,145,148,149,150,151,153,154,155,161,162,164,165,166,169,181,185,187,188,189,193,195,199,200,202,203,205,208
143:1,4,6,9,10,11,15,18,23,24,26,29,30,31,32,33,36,38,39,40,41,42,45,46,48,49,53,55,58,59,60,62,63,65,69,70,72,74,78,83,84,85,86,87,88,90,93,96,98,99,100,104,105,108,109,113,114,115,117,118,122,123,124,125,126,127,129,131,132,133,134,137,138,201,144,147,148,149,153,157,158,160,166,169,171,173,174,177,185,187,189,192,195,196,202,203
144:0,1,3,7,8,9,10,14,17,18,19,23,24,25,26,27,30,33,34,35,37,39,42,45,47,48,52,57,58,59,60,62,63,64,65,66,67,68,74,77,78,79,81,86,87,88,91,93,96,97,98,101,108,110,114,116,117,120,121,126,128,129,131,133,135,138,140,143,209,145,146,147,151,152,154,157,159,161,163,164,166,167,168,169,170,174,175,178,180,182,183,185,187,188,190,194,195,198,199,200,204,205,206,207,208
145:1,4,6,7,8,10,11,12,13,16,18,20,21,22,23,27,30,32,34,40,41,42,45,46,50,52,53,59,64,66,67,74,80,81,86,89,91,92,94,100,102,105,108,109,110,114,118,120,121,122,124,125,127,128,131,133,135,136,138,139,140,141,142,144,192,147,151,152,154,156,160,163,164,165,166,167,168,170,172,173,176,177,178,179,180,184,185,187,193,194,199,200,201,202,206,207
146:1,6,7,8,9,11,14,16,23,24,28,29,30,33,34,37,39,42,43,47,49,50,52,53,55,56,58,59,63,64,65,67,68,69,71,72,74,75,76,77,78,79,80,81,82,83,84,87,90,92,94,96,98,100,103,105,110,114,115,117,118,119,122,123,124,125,127,132,135,136,137,138,141,144,164,150,151,156,157,158,159,161,166,171,172,175,180,182,184,185,190,191,195,196,198,200,202,203,207,209
147:0,1,3,5,11,14,16,17,19,24,25,26,27,33,34,36,37,38,41,42,43,45,46,47,48,49,50,51,53,58,65,68,70,71,72,74,75,76,77,78,80,81,82,83,88,92,93,97,99,102,104,106,107,112,114,121,122,124,126,127,128,130,131,134,137,139,140,141,143,144,145,149,153,154,155,161,163,165,166,170,171,173,174,176,180,181,183,185,186,188,190,192,193,194,195,199,200,203,207,209
148:1,4,10,11,12,13,14,15,20,21,22,24,27,28,29,32,33,35,36,37,38,39,40,43,44,47,51,54,59,63,64,65,66,70,72,75,81,84,85,86,90,92,94,96,98,99,104,111,117,120,122,124,125,126,127,128,129,132,133,135,138,141,142,143,169,150,153,154,157,159,161,166,168,170,171,172,173,175,176,179,180,183,185,186,187,191,192,194,195,197,204,205,208
149:2,3,4,6,7,8,10,11,12,13,15,17,18,24,25,26,28,30,32,35,36,39,40,41,44,46,48,51,52,55,56,59,60,65,69,70,71,72,73,78,80,81,86,87,90,91,92,95,96,98,99,102,103,104,108,109,111,113,114,115,117,118,121,122,124,125,129,130,131,134,135,136,138,139,140,141,142,143,147,171,150,155,157,159,163,166,167,168,169,170,174,175,177,179,182,183,184,185,195,198,200,201,202,205,206,208,209
150:4,5,6,9,11,12,13,15,16,21,22,25,26,35,36,38,39,41,42,43,44,47,48,49,50,51,54,55,56,58,61,65,70,72,73,74,80,84,89,91,93,94,95,98,99,101,102,105,106,107,108,109,111,113,114,117,118,121,126,129,130,132,135,136,139,140,141,142,146,148,149,156,151,152,154,155,157,158,159,161,165,166,170,171,174,175,179,180,181,182,184,188,189,192,196,198,203,205,206
151:1,3,5,6,7,12,13,14,17,18,19,20,21,22,23,30,31,32,33,37,38,41,42,43,44,46,48,51,53,56,57,58,59,60,61,62,63,64,65,66,67,70,72,77,81,82,86,87,88,90,91,95,96,97,98,100,101,103,105,109,113,123,125,128,129,130,131,132,134,136,138,139,141,142,144,145,146,150,158,152,154,156,157,163,167,168,174,176,179,180,181,183,184,190,191,192,193,195,196,197,199,200,201,203,204,206,208
152:3,4,10,11,13,17,19,26,27,28,30,31,32,35,38,40,44,46,47,50,52,53,55,58,62,63,64,67,69,70,72,73,74,76,79,81,83,86,87,88,91,92,95,97,98,99,100,103,104,105,107,108,111,114,115,118,122,124,125,128,129,134,136,140,141,144,145,150,151,185,155,156,158,160,162,166,169,171,173,174,175,176,177,181,182,188,190,191,193,194,196,200,201,202,207,209
153:0,2,3,6,7,9,10,11,13,14,16,17,20,22,23,24,25,31,32,33,35,37,40,41,43,45,47,48,51,53,54,55,56,60,62,64,67,68,69,71,72,73,74,75,80,82,85,89,91,98,101,103,109,110,111,113,115,119,121,126,127,131,133,134,136,137,138,140,141,142,143,147,148,163,155,156,157,162,164,169,175,177,179,181,183,190,192,196,198,201,208
154:1,2,5,6,7,8,9,10,12,14,19,25,26,27,28,30,31,36,38,39,45,47,52,54,55,57,58,61,62,63,65,68,69,70,71,72,73,80,81,82,83,86,91,92,93,94,98,99,100,102,104,105,108,111,113,117,118,119,121,122,128,132,133,141,142,144,145,147,148,150,151,203,155,156,159,160,161,163,164,166,168,170,173,175,176,178,179,182,188,193,194,197,198,199,200,202,204,205,208,209
155:0,1,2,3,5,7,11,12,13,14,15,19,21,22,25,29,30,32,33,34,35,36,37,48,50,52,54,55,56,58,63,65,72,74,76,77,78,80,82,84,85,86,87,88,89,91,92,93,94,97,98,101,103,105,106,107,108,112,113,114,116,119,121,122,124,127,128,129,130,132,136,139,140,142,147,149,150,152,153,154,173,156,159,161,163,164,165,169,174,175,180,182,183,186,190,191,192,193,196,197,198,199,204,205,206,207,209
156:2,8,11,14,15,17,24,25,28,30,32,34,36,38,40,43,46,53,54,55,57,58,59,60,63,65,70,71,72,75,76,80,81,82,83,85,86,87,88,91,92,93,96,97,99,101,102,106,108,111,112,115,117,120,121,123,124,126,127,128,130,131,132,133,135,141,145,146,150,151,152,153,154,155,160,159,161,165,166,168,169,171,174,176,178,179,182,186,188,190,192,193,195,196,200,205,208
157:1,2,3,6,7,10,13,14,16,20,27,28,31,32,35,37,41,42,51,52,55,56,58,62,65,67,70,73,75,76,78,83,85,86,88,92,93,96,97,98,101,102,104,105,106,108,110,114,115,116,117,120,122,124,125,126,130,131,134,135,136,137,138,140,143,144,146,148,149,150,151,153,185,167,168,169,171,174,175,183,184,189,191,194,195,197,200,201,204,205,208
158:1,4,8,9,10,12,14,18,20,21,22,23,24,25,31,32,33,36,37,38,39,40,41,42,44,45,47,48,49,52,53,55,57,60,62,63,65,66,67,70,71,72,74,76,78,79,80,84,89,90,91,94,98,99,101,102,104,106,108,113,115,116,118,123,125,130,131,134,136,137,138,139,143,146,150,151,152,203,159,160,163,164,167,170,171,173,174,176,178,179,181,184,185,186,187,189,193,194,200,209
159:3,4,5,7,9,10,13,14,16,19,20,21,22,26,27,28,29,30,31,32,33,34,37,39,41,42,43,44,45,48,49,51,53,54,56,59,60,61,62,64,65,67,69,71,73,76,81,82,84,86,87,89,93,97,100,101,102,104,106,111,113,114,115,116,117,120,125,126,129,133,135,137,138,140,141,144,146,148,149,150,154,155,156,158,167,160,163,165,168,170,171,173,174,176,178,181,182,183,184,185,186,187,188,190,192,193,194,195,197,204,206,207,208,209
160:1,4,6,7,12,14,16,17,18,19,20,21,22,27,28,30,33,34,36,39,44,45,47,49,52,56,57,58,61,65,66,68,71,72,74,76,79,80,81,83,84,85,86,88,89,91,93,95,99,101,104,105,106,109,110,111,112,113,114,115,116,118,121,124,127,132,134,135,136,137,139,140,141,143,145,152,154,156,158,159,209,165,166,170,174,175,176,186,189,192,193,194,197,199,200,202,203,206,208
161:1,2,3,4,7,8,11,14,15,16,17,19,20,24,26,28,29,36,38,39,40,41,42,43,46,47,48,49,50,51,52,53,54,56,58,62,64,68,71,73,75,76,79,81,82,87,89,90,95,97,98,100,104,106,107,108,110,111,112,114,118,119,120,122,123,126,128,130,131,132,134,136,137,139,141,142,144,146,147,148,150,154,155,156,174,162,163,164,166,167,168,169,170,173,176,177,181,183,185,186,189,190,191,193,194,195,196,198,199,200,203,206
162:1,2,5,7,13,14,17,19,22,24,27,28,29,32,34,38,40,41,42,46,47,48,50,55,56,60,62,66,67,68,70,73,74,75,77,78,79,80,82,84,87,89,92,98,99,101,102,104,106,107,108,109,111,117,119,121,122,125,126,127,128,129,130,142,152,153,161,169,164,165,168,172,174,175,176,177,180,184,185,187,189,191,196,200,204,205,206,207,208
163:4,5,6,8,10,12,13,15,16,18,22,23,24,26,30,33,35,36,38,40,43,45,46,48,50,52,53,54,57,58,60,62,65,67,68,70,73,75,77,81,83,84,87,88,89,91,93,94,95,97,98,101,103,104,105,106,111,119,120,123,125,127,129,130,132,134,135,136,139,144,145,147,149,151,153,154,155,158,159,161,174,165,167,169,171,176,177,180,185,186,187,188,190,192,193,194,195,197,200,203,204,205,206,207,208
164:0,1,2,4,6,7,13,14,19,23,26,27,28,29,31,32,33,34,35,36,38,41,46,47,48,50,51,54,56,57,58,59,60,61,62,64,65,69,72,75,77,79,81,82,84,87,89,91,93,94,95,96,97,98,100,102,104,105,106,109,110,111,114,122,126,127,130,133,134,137,138,139,141,142,144,145,146,153,154,155,158,161,162,194,169,171,173,175,177,178,185,187,188,191,196,197,198,200,201,202,205,206,207,208
165:5,10,11,12,16,17,20,22,24,25,27,28,29,30,31,35,37,41,43,46,47,51,52,53,54,55,57,60,62,63,65,66,70,71,73,74,76,79,80,81,82,83,86,87,88,90,91,95,96,97,98,103,106,107,108,109,110,111,113,114,117,122,123,125,126,127,128,129,132,136,137,141,142,145,147,150,155,156,159,160,162,163,176,166,169,170,171,177,183,188,191,192,195,198,199,201,202,203,204,205,206,209
166:0,3,6,11,12,13,16,19,26,28,31,33,36,37,39,41,46,49,51,56,57,58,60,61,62,64,66,68,74,75,76,77,78,80,81,86,88,90,92,95,96,97,98,101,102,104,107,110,112,113,114,115,120,121,122,125,126,127,130,132,133,137,138,141,142,143,144,145,146,147,148,149,150,152,154,156,160,161,165,207,167,168,170,172,173,175,176,180,181,186,192,193,194,197,198,199
167:1,2,3,5,6,7,12,16,17,18,20,21,22,24,25,26,28,31,32,34,35,37,39,42,44,45,48,50,51,54,56,57,58,60,61,63,65,67,68,71,72,73,75,78,80,81,82,83,88,89,90,94,95,98,105,107,108,109,110,111,112,113,114,117,119,121,123,124,129,134,135,137,138,140,144,145,149,151,157,158,159,161,163,166,180,168,169,171,173,176,181,189,190,191,192,195,197,198,201,203,204,208
168:4,8,10,11,13,16,18,21,23,24,29,34,38,39,44,49,51,52,53,55,57,58,59,65,66,67,75,76,77,78,79,82,84,86,87,89,90,91,92,94,95,97,98,101,104,105,106,107,109,110,114,115,117,119,122,123,125,127,130,131,133,134,136,138,139,144,145,148,149,151,154,156,157,159,161,162,166,167,186,169,170,173,174,175,176,177,180,182,183,192,194,195,196,199,200,201,202,204,205,206,208,209
169:1,2,3,4,5,10,11,13,14,15,16,18,20,24,25,29,30,31,38,40,42,43,45,49,50,51,52,55,56,57,58,59,62,63,64,66,72,73,74,75,76,78,79,81,85,86,88,89,90,93,94,95,97,104,105,106,109,114,115,117,120,121,122,123,125,126,129,130,134,136,137,138,139,142,143,144,148,149,152,153,155,156,157,161,162,163,164,165,167,168,180,170,171,174,177,179,181,186,188,190,195,196,197,198,200,201,203,204,209
170:5,6,9,10,11,13,16,17,25,26,30,32,33,36,37,40,42,43,44,46,48,49,50,51,56,58,59,68,72,74,77,80,81,82,83,84,89,94,97,99,100,101,102,103,104,106,107,108,110,111,112,113,114,116,117,119,123,124,125,126,129,130,131,133,134,135,137,138,139,141,144,145,147,148,149,150,154,158,159,160,161,165,166,168,169,207,172,173,174,175,180,188,190,193,197,199,200,201,202,203,205,206,209
171:0,5,7,9,10,11,12,14,15,16,20,23,25,26,27,30,31,32,33,37,38,41,42,44,46,47,50,52,54,55,56,57,58,59,63,65,68,71,76,77,78,81,83,84,85,87,91,93,95,97,98,100,101,102,105,106,108,109,111,112,115,116,117,120,124,125,126,127,128,131,134,135,137,138,139,141,143,146,147,148,149,150,152,156,157,158,159,163,164,165,167,169,205,172,173,175,177,178,179,183,185,187,188,189,193,194,195,196,199,201,203,204,208,209
172:3,5,6,7,8,9,13,14,16,17,21,23,24,27,34,36,37,38,39,40,42,44,45,46,48,50,51,52,54,55,57,60,61,63,64,67,69,71,72,73,74,75,76,77,78,80,84,88,90,91,93,96,98,99,100,101,102,103,106,108,109,113,115,117,119,120,122,124,132,133,135,136,137,139,140,141,145,146,148,162,166,170,171,177,174,175,178,181,187,189,191,192,194,196,198,199,203,204,205,206
173:1,2,6,9,17,19,22,24,25,29,31,35,38,41,43,45,46,47,50,53,54,60,61,65,67,70,71,75,78,79,80,81,83,86,87,88,89,90,92,93,96,97,101,102,103,104,108,110,111,113,115,116,118,121,122,124,125,126,127,128,130,131,136,140,143,145,147,148,152,154,155,158,159,161,164,166,167,168,170,171,208,175,176,181,184,185,186,187,188,190,191,195,196,198,200,202,204,205,207
174:0,3,4,5,7,8,10,13,19,23,24,25,26,28,29,31,32,33,34,40,41,43,44,46,52,56,58,61,62,63,64,65,66,69,71,74,78,85,86,89,90,93,94,96,98,100,101,103,104,105,107,108,109,118,119,121,123,125,126,131,133,135,136,137,138,140,141,143,144,147,149,150,151,152,155,156,157,158,159,160,161,162,163,168,169,170,172,178,175,176,177,180,181,184,186,187,189,190,191,195,197,198,199,200,203,204,205,206,207,208
175:2,6,7,9,10,15,16,17,20,21,22,23,27,29,30,31,32,33,38,39,40,43,47,53,54,57,61,63,64,65,69,71,72,74,76,79,81,82,83,86,87,88,93,98,103,104,107,112,113,115,117,119,120,121,123,124,125,126,127,128,130,131,132,133,134,135,144,146,148,149,150,152,153,154,155,157,160,162,164,166,168,170,171,172,173,174,208,176,178,179,182,184,185,186,187,189,190,196,197,200,201,203,204,209
176:1,3,5,9,10,11,12,13,16,20,21,24,30,31,34,37,39,41,42,43,44,47,48,52,55,56,57,59,61,62,63,64,68,70,71,73,74,75,77,79,80,81,82,83,84,85,86,90,91,94,95,96,97,98,101,102,104,106,107,109,110,111,113,114,116,120,121,123,124,130,133,139,140,141,145,147,148,151,152,154,156,158,159,160,161,162,163,165,166,167,168,173,174,175,200,177,180,181,183,187,191,192,193,194,196,198,205,206,207,208,209
177:0,1,3,4,5,7,11,12,13,14,18,19,20,21,23,24,25,27,32,35,36,37,40,42,43,47,51,56,57,58,60,61,62,63,65,66,70,71,74,77,83,84,87,88,97,101,102,105,106,108,111,112,113,114,115,118,121,125,126,128,130,131,132,133,134,139,141,143,145,149,152,153,161,162,163,164,165,168,169,171,172,174,176,194,179,181,182,185,186,187,191,192,193,200,201,204,205,206,207,208
178:2,4,8,11,12,17,18,19,21,22,24,29,30,36,38,41,43,48,51,53,56,57,58,59,60,63,64,65,66,70,71,72,75,77,79,80,82,86,87,88,93,94,95,97,98,99,100,102,106,108,115,116,118,119,123,124,126,130,133,134,135,136,140,141,144,145,154,156,158,159,164,171,172,174,175,200,179,180,181,182,184,187,188,189,191,193,194,195,197,199,201,208,209
179:1,7,8,11,12,13,18,21,22,24,25,29,30,31,32,33,35,37,39,44,46,47,48,50,51,52,53,55,57,58,60,61,62,64,65,66,69,70,73,74,76,78,82,85,87,88,90,91,92,98,100,103,104,106,107,108,110,111,113,114,115,117,118,119,122,129,130,131,133,134,135,137,138,140,141,145,148,149,150,151,153,154,156,158,169,171,175,177,178,187,180,183,184,188,189,191,192,198,199,200,201,202,203,204,208
180:0,7,8,9,11,14,17,20,21,22,23,28,31,32,33,35,37,39,41,42,43,46,47,48,50,52,54,55,56,57,59,60,61,62,64,65,66,67,70,71,72,73,74,75,78,80,81,83,85,86,87,90,93,95,97,103,104,106,109,112,113,114,116,120,122,123,124,125,127,129,132,135,136,140,141,144,145,146,147,148,150,151,155,162,163,166,167,168,169,170,174,176,178,179,184,181,183,185,186,187,189,191,194,198,199,204,206,207,208,209
181:0,3,4,6,7,8,9,10,11,12,13,14,18,20,28,29,32,33,34,44,46,49,50,51,52,53,55,56,58,64,65,68,69,70,72,74,75,78,80,81,83,88,90,91,93,96,97,99,105,106,107,110,116,120,122,123,124,126,127,130,131,133,135,140,141,142,147,150,151,152,153,158,159,161,166,167,169,172,173,174,176,177,178,180,206,182,185,189,192,194,195,196,197,198,202,203,205,207,208
182:0,2,5,8,10,14,16,18,24,29,30,31,35,38,41,42,45,48,49,50,51,52,54,55,56,57,63,64,66,67,70,71,72,73,76,79,80,81,83,84,85,86,89,90,94,105,106,109,112,114,116,118,119,121,122,125,127,128,130,132,138,139,140,144,146,149,150,152,154,155,156,159,168,175,177,178,181,206,184,186,187,190,191,192,194,195,201,202,203,205,207,208,209
183:3,5,7,8,10,11,17,22,23,24,25,28,29,30,31,32,33,34,39,40,41,42,44,45,48,54,55,56,59,60,62,63,64,67,70,73,74,81,82,84,87,89,93,94,95,96,99,100,102,104,105,106,110,113,115,116,121,122,123,124,126,128,130,131,132,133,136,137,138,139,141,144,147,148,149,151,153,155,157,159,161,165,168,171,176,179,180,193,184,187,194,196,199,200,202,204,205,209
184:0,1,3,5,7,8,11,12,13,14,20,21,23,27,28,30,32,33,34,39,42,44,48,52,53,54,55,56,57,60,64,65,66,67,68,70,73,74,75,79,80,81,83,85,86,87,89,90,92,95,96,98,102,103,105,108,109,112,114,115,116,118,120,125,126,129,130,131,132,136,137,138,139,140,141,145,146,149,150,151,157,158,159,162,173,174,175,178,179,180,182,183,187,186,191,192,193,194,195,200,202,205
185:1,2,3,7,8,12,13,14,15,17,19,20,22,25,26,27,30,31,35,36,37,39,41,42,45,49,50,52,53,54,55,58,59,60,61,62,63,64,66,67,69,76,77,80,82,84,85,87,89,90,91,92,94,95,96,103,106,107,109,110,112,116,117,119,120,122,123,124,127,129,130,131,132,138,139,141,142,143,144,145,146,147,148,149,152,157,158,159,161,162,163,164,171,173,175,177,180,181,192,188,189,191,193,194,196,197,198,200,201,207
186:0,1,3,5,7,9,10,11,12,15,18,19,21,23,24,30,31,33,36,38,39,40,41,43,46,48,50,51,52,53,59,60,61,62,64,65,66,70,82,86,88,89,90,92,95,96,100,102,103,106,107,108,109,114,116,119,121,125,126,127,128,129,137,138,147,148,155,156,158,159,160,161,163,166,168,169,173,174,175,177,180,182,184,189,187,191,195,197,198,199,200,201,204,205,206,207
187:2,4,6,10,12,16,17,18,20,24,28,29,30,33,35,36,39,42,43,46,47,48,50,52,54,55,56,57,58,61,62,69,70,72,73,78,79,83,85,87,88,89,91,92,95,97,98,99,100,103,106,109,110,113,115,116,120,121,122,123,126,127,128,132,133,134,138,139,140,142,143,144,145,148,158,159,162,163,164,171,172,173,174,175,176,177,178,179,180,182,183,184,186,202,188,192,193,194,195,196,198,199,203,205
188:0,1,4,6,8,12,14,15,20,24,28,30,31,33,35,37,39,40,41,42,43,44,46,47,49,52,53,58,61,62,66,67,68,70,72,73,74,76,77,78,79,80,81,86,87,91,95,103,104,108,109,111,113,114,118,120,122,124,129,131,132,133,134,135,136,137,138,142,144,147,150,152,154,156,159,163,164,165,169,170,171,173,178,179,185,187,208,190,191,192,193,196,199,202,203,206
189:1,2,3,4,6,7,9,10,13,18,20,22,25,26,28,29,30,31,32,33,34,37,38,40,46,51,52,53,57,59,60,65,67,68,70,71,72,75,76,79,83,85,86,87,90,91,93,96,97,99,109,110,112,115,120,122,127,132,133,135,137,138,139,140,142,143,150,157,158,160,161,162,167,171,172,174,175,178,179,180,181,185,186,190,191,192,193,194,195,196,198,200,201,206,208
190:1,2,3,7,10,11,12,14,15,17,18,19,20,21,22,25,26,27,28,29,31,34,37,38,41,43,44,45,47,49,52,53,55,56,58,59,63,65,67,72,75,78,81,82,84,85,88,93,96,97,98,99,101,104,105,107,108,109,110,112,114,116,117,118,122,124,126,127,131,134,135,136,141,144,146,147,151,152,153,155,156,159,161,163,167,169,170,173,174,175,182,188,189,204,191,193,194,197,200,202,203,205,209
191:0,1,2,3,5,7,8,10,12,13,15,17,19,20,21,25,26,27,28,30,31,32,35,37,38,40,41,42,43,44,46,47,49,50,51,53,54,55,62,63,64,65,66,67,71,74,78,80,81,82,83,84,85,86,87,88,92,94,97,98,100,104,105,106,107,109,111,112,113,114,116,118,119,120,121,122,123,124,125,126,127,128,132,133,134,135,136,137,146,148,151,152,155,157,161,162,164,165,167,172,173,174,176,177,178,179,180,182,184,185,186,188,189,190,197,196,199,201,207,208,209
192:0,1,3,4,6,7,8,10,15,17,19,20,22,25,26,28,30,31,35,37,39,40,41,47,48,50,52,53,55,56,57,58,64,65,66,67,68,71,75,77,79,80,83,87,89,90,93,94,96,97,101,102,103,106,107,108,109,110,111,116,119,120,123,124,125,126,128,132,134,138,140,141,143,145,147,148,150,151,153,155,156,159,160,163,165,166,167,168,172,176,177,179,181,182,184,185,187,188,189,205,193,194,198,200,201,202,206,207,208,209
193:1,2,3,5,8,9,11,12,15,19,20,21,22,25,26,27,29,31,34,35,36,38,39,42,43,45,51,54,58,62,64,66,67,70,71,72,73,74,77,78,80,81,82,88,89,90,91,92,94,96,98,99,100,106,107,108,109,111,112,113,114,116,120,122,124,125,127,128,129,130,131,132,134,135,137,138,139,140,142,145,147,151,152,154,155,156,158,159,160,161,163,166,170,171,176,177,178,183,184,185,187,188,189,190,192,195,200,201,203,205,207,209
194:0,1,2,3,4,5,6,8,9,14,16,17,19,21,23,24,27,30,31,33,36,37,39,43,44,45,49,52,65,68,71,72,75,79,81,82,85,87,93,95,96,98,100,103,104,105,106,107,108,110,111,112,114,115,116,117,126,127,132,133,136,137,138,139,140,141,144,145,147,148,152,154,157,158,159,160,161,163,164,166,168,171,172,176,177,178,180,181,182,183,184,185,187,189,190,192,200,195,203,206
195:1,3,4,5,9,10,14,15,16,18,19,20,21,24,25,26,27,30,31,32,33,36,37,38,44,45,46,48,51,52,53,54,56,60,62,63,64,66,68,69,73,74,76,78,80,82,87,89,90,91,95,96,97,98,101,102,103,104,105,107,109,111,112,113,115,117,121,124,125,126,127,128,131,137,141,142,143,144,146,147,148,149,151,156,157,159,161,163,165,167,168,169,171,173,174,178,181,182,184,186,187,189,193,194,197,196,200,202,204,206,207,208
196:0,4,6,7,8,10,13,16,19,20,24,25,27,29,30,32,33,34,37,41,45,47,48,50,51,52,53,54,56,61,62,63,65,69,70,71,73,74,79,82,85,87,91,93,94,95,98,100,101,103,104,106,107,108,110,113,114,116,117,118,119,120,121,122,123,124,128,131,132,133,136,137,139,141,142,143,146,150,151,152,153,155,156,161,162,164,168,169,171,172,173,175,176,181,183,185,187,188,189,191,195,205,197,198,200,201,206,208
197:2,3,4,8,13,14,15,18,19,21,22,23,25,27,28,30,31,36,38,41,43,45,47,49,52,60,61,62,64,65,66,67,68,69,70,71,74,76,77,81,88,90,92,93,97,101,102,104,109,110,112,119,120,121,122,123,125,126,128,130,131,133,137,141,148,151,154,155,157,159,160,163,164,166,167,169,170,174,175,178,181,185,186,190,191,195,196,198,202,203,204,206,207
198:2,3,5,6,7,8,10,11,12,14,15,16,17,18,22,24,29,30,32,39,43,44,47,48,49,50,52,53,54,56,57,58,59,60,61,64,79,80,81,82,83,85,86,88,89,90,91,92,97,101,104,107,109,110,112,113,115,116,117,118,121,122,123,125,126,128,129,131,133,134,136,137,138,144,146,149,150,153,154,155,161,164,165,166,167,169,172,173,174,176,179,180,181,185,186,187,189,192,196,197,206,199,201,202,203,204,209
199:0,1,2,3,5,7,8,12,15,18,19,20,22,24,25,26,30,32,34,35,36,38,39,42,44,46,50,52,53,54,59,61,63,65,66,67,68,69,72,73,77,79,81,82,83,88,90,94,95,96,97,100,102,105,106,116,117,123,125,127,128,130,131,132,137,139,141,142,144,145,147,151,154,155,160,161,165,166,168,170,171,172,174,178,179,180,183,186,187,188,191,198,200,202,204,207,208,209
200:0,1,2,7,10,11,12,15,20,23,25,27,29,30,32,33,34,35,37,38,43,45,48,49,50,55,56,57,63,66,69,74,76,79,81,84,85,86,87,89,90,91,92,95,96,99,101,106,107,109,114,115,116,117,118,122,123,124,127,132,136,139,142,144,145,146,147,149,151,152,154,156,157,158,160,161,162,163,164,168,169,170,173,174,175,176,177,178,179,183,184,185,186,189,190,192,193,194,195,196,199,207,201,205,206,209
201:0,1,2,4,6,10,12,14,20,22,24,25,26,28,29,31,33,34,36,40,41,43,46,48,49,50,51,54,55,56,57,62,63,66,69,72,74,75,76,78,79,81,83,84,85,87,88,89,90,91,92,93,94,99,100,101,105,106,107,108,109,110,111,115,116,117,119,120,122,123,126,127,128,130,131,132,133,134,140,141,143,145,149,151,152,153,157,164,165,167,168,169,170,171,175,177,178,179,182,185,186,189,191,192,193,196,198,200,202,203,204,205,209
202:0,5,6,12,13,15,18,22,24,26,27,28,29,30,31,32,34,37,39,40,42,44,45,47,50,53,54,55,56,57,58,59,60,62,63,65,68,70,74,76,77,78,80,83,84,85,86,88,90,97,99,100,103,105,107,109,111,113,114,115,116,117,118,119,125,127,129,130,131,132,136,137,139,141,142,143,145,146,149,152,154,160,164,165,168,170,173,179,181,182,183,184,187,188,190,192,195,197,198,199,201,208,203,209
203:1,2,3,4,10,14,18,20,22,23,24,25,26,27,29,34,36,37,39,40,43,44,46,48,50,51,52,53,58,60,62,64,65,67,68,76,77,78,80,81,82,83,84,89,90,91,93,97,98,99,100,107,109,112,114,115,117,119,120,121,123,124,126,130,132,135,137,142,143,146,147,150,151,154,158,160,161,163,165,167,169,170,171,172,174,175,179,181,182,187,188,190,193,194,197,198,201,202,207,206
204:1,2,4,5,9,11,13,14,16,17,19,21,22,26,27,29,30,31,33,35,36,37,39,41,42,46,47,48,50,52,53,57,58,59,60,62,65,66,68,77,80,81,82,84,87,88,91,92,93,95,96,97,102,104,106,107,111,114,115,116,117,118,119,120,122,123,126,128,129,130,132,133,135,137,138,139,140,144,148,151,154,155,157,159,162,163,165,167,168,169,171,172,173,174,175,177,179,180,183,186,190,195,197,198,199,201,207,205,209
205:0,2,4,5,6,8,15,17,20,21,26,31,37,39,40,41,42,49,50,51,55,58,59,64,67,69,72,73,74,77,79,81,85,89,91,93,95,101,102,108,111,113,114,119,121,122,127,128,131,133,134,136,138,141,142,144,148,149,150,154,155,156,157,162,163,164,165,168,170,171,172,173,174,176,177,181,182,183,184,186,187,190,192,193,196,200,201,204,206
206:4,5,6,8,10,12,20,29,30,31,32,33,35,36,39,40,41,42,46,47,48,51,52,54,56,57,59,60,61,63,64,65,67,69,71,76,77,78,79,80,82,83,84,88,91,95,96,98,99,102,105,106,107,109,111,113,114,115,117,123,126,127,129,130,132,133,135,136,140,141,144,145,149,150,151,155,159,160,161,162,163,164,165,168,170,172,174,176,177,180,181,182,186,188,189,192,194,195,196,197,198,200,203,205,207
207:0,1,3,5,9,10,11,12,15,20,21,22,23,25,27,29,33,38,43,46,51,53,54,56,57,58,60,63,64,65,66,68,72,73,77,79,80,81,83,84,89,95,98,100,102,103,104,105,107,111,114,124,125,126,129,133,136,144,145,146,147,152,155,159,162,163,164,166,170,173,174,176,177,180,181,182,185,186,191,192,193,195,197,199,200,203,204,206,208,209
208:0,2,4,7,9,10,11,12,13,15,16,17,18,22,24,26,28,30,34,38,40,43,46,47,48,49,52,54,57,58,61,62,64,65,66,67,70,71,72,73,75,79,80,84,85,87,88,89,92,96,98,100,101,102,105,108,110,115,116,117,118,123,126,128,129,131,134,136,138,142,144,148,149,151,153,154,156,157,159,160,162,163,164,167,168,171,173,174,175,176,177,178,179,180,181,182,188,189,191,192,195,196,199,202,207,209
209:1,3,4,5,6,9,12,13,14,16,17,18,19,21,22,23,24,27,28,29,33,35,37,44,45,46,52,53,57,59,64,65,67,68,69,70,71,73,75,77,79,80,83,88,89,93,95,96,97,98,99,101,103,104,106,107,108,109,110,115,116,117,119,120,122,123,125,127,128,130,131,132,133,134,135,136,138,139,144,146,147,149,152,154,155,158,159,160,165,168,169,170,171,175,176,178,180,182,183,190,191,192,193,198,199,200,201,202,204,207,208
