0:213,1,3,7,8,9,14,18,22,23,24,26,27,28,30,32,34,38,41,44,45,48,49,53,57,58,59,60,62,64,66,67,78,81,82,87,94,101,102,105,106,108,111,112,114,116,119,126,127,132,140,143,144,147,151,154,157,162,163,164,165,166,169,170,171,173,174,176,177,178,181,183,187,188,189,190,192,193,197,198,201,207,209,210,219,223,226,227,228,236,239,244,248,249,250,255,259
1:0,259,3,7,14,17,21,23,25,26,28,30,33,36,37,41,43,55,57,59,63,67,68,71,79,84,85,86,89,93,94,97,104,107,111,112,117,118,119,120,122,124,125,126,131,132,134,137,138,151,154,155,158,160,163,164,166,167,168,169,172,173,174,175,178,180,183,185,190,192,195,198,204,206,209,218,220,222,223,224,226,230,233,235,239,241,250,253,257,258
2:46,3,5,18,22,24,25,29,31,34,36,37,39,42,44,50,53,56,58,61,62,65,69,81,83,84,90,91,93,94,96,97,98,103,105,109,111,112,118,119,130,132,137,140,141,143,145,151,153,154,155,157,158,160,162,163,166,168,181,186,189,194,196,197,199,201,203,205,207,211,213,215,217,218,223,225,226,228,231,232,233,237,239,242,243,246,248,249,251,256,258,259
3:0,1,2,187,4,11,12,15,16,17,21,22,27,29,32,38,48,55,56,57,61,62,67,72,76,80,86,87,89,90,98,99,103,106,107,113,117,122,124,125,127,130,132,134,136,139,143,144,148,149,150,151,154,156,161,162,165,171,172,174,183,186,188,190,199,202,203,204,206,207,210,213,215,216,218,219,224,227,228,231,232,238,239,241,244,245,248,249,251,254,255
4:3,99,5,6,8,10,12,21,22,26,28,29,31,33,35,36,40,41,42,43,44,45,46,48,56,58,63,68,69,71,73,78,83,85,86,89,92,93,94,98,100,102,104,107,113,121,124,129,134,140,142,143,144,146,150,155,157,162,165,167,169,170,174,176,177,182,193,195,197,201,203,210,214,216,218,220,222,223,224,229,230,231,236,237,241,243,245,247,248,249,250,254,255,258,259
5:2,4,80,8,10,12,18,20,27,28,30,32,33,38,40,41,44,46,51,52,53,54,55,57,63,73,84,85,97,100,107,110,111,115,118,122,123,124,126,131,133,136,137,143,145,150,152,162,163,166,168,169,173,174,175,176,177,178,186,187,189,192,193,194,195,196,201,205,207,212,217,218,220,224,230,231,235,236,237,238,240,241,248,249,251,252,255,257,258,259
6:4,179,8,13,14,15,16,17,18,24,26,29,30,35,41,42,44,49,50,52,55,58,61,63,67,68,76,77,78,80,81,87,93,95,96,101,102,103,111,115,118,120,121,122,124,126,127,128,129,130,135,140,144,145,148,156,159,161,165,166,168,169,175,177,180,181,182,188,194,200,201,202,206,207,208,213,222,223,224,227,230,231,232,238,239,240,241,243,244,248,250,253
7:0,1,236,11,12,13,15,21,23,25,27,28,29,30,33,39,41,43,44,48,53,55,59,63,64,67,69,71,73,74,77,79,82,83,84,87,90,92,93,96,97,99,100,101,104,105,106,108,109,110,111,121,122,126,127,128,140,145,146,158,162,165,168,170,177,179,182,185,186,188,190,194,196,197,199,201,205,207,208,214,216,219,222,223,228,229,237,238,239,241,243,247,249,252,256,258
8:0,4,5,6,97,9,12,18,19,27,31,32,34,36,41,43,50,52,57,60,65,67,70,72,77,80,82,85,90,94,95,96,98,100,118,120,121,129,132,142,143,149,150,157,159,166,171,173,177,183,184,186,191,194,195,196,200,202,203,205,207,208,212,215,219,221,228,242,245,248,252,257
9:0,8,58,11,12,13,16,17,19,26,27,28,29,30,31,40,41,43,45,49,54,64,65,66,70,73,76,82,85,87,91,92,97,99,101,103,104,105,109,110,111,117,119,120,122,123,124,128,129,130,140,143,145,146,147,151,152,157,161,162,163,164,166,167,169,170,171,172,173,174,178,181,189,191,194,200,202,207,210,211,214,216,220,221,224,225,226,228,229,232,235,240,241,244,247,257,259
10:4,5,139,11,12,16,18,21,23,24,28,35,36,42,43,44,45,51,53,55,58,60,61,63,64,65,67,68,70,71,74,77,78,82,84,87,89,90,94,95,98,99,100,103,104,106,111,116,121,123,124,126,128,138,141,143,146,147,150,153,154,156,158,161,166,167,173,174,178,181,184,189,191,195,196,198,199,200,201,205,206,209,210,212,213,215,221,222,223,228,229,231,233,234,237,238,240,241,243,250
11:3,7,9,10,42,13,15,18,21,24,27,29,35,38,39,41,43,44,48,49,55,60,61,65,68,71,79,83,84,85,86,91,100,107,109,113,115,117,124,125,128,131,143,148,158,164,168,171,172,173,177,178,180,182,183,188,189,191,193,196,198,199,201,202,205,208,215,216,217,218,219,220,222,228,230,232,237,238,242,245,246,247,249,250,253
12:3,4,5,7,8,9,10,241,19,20,22,24,25,26,29,31,32,38,41,42,43,47,51,57,58,61,65,67,70,71,84,87,94,95,97,100,107,110,111,112,115,118,120,121,124,129,130,131,132,135,141,144,146,148,155,161,162,165,171,173,174,176,179,182,188,194,195,196,201,202,203,204,207,209,213,215,217,219,220,224,225,227,228,232,233,237,239,243,245,246,248,249,251,253,256
13:6,7,9,11,210,15,16,19,23,26,27,38,39,42,44,50,51,52,53,54,57,58,59,60,61,63,66,69,71,75,79,80,84,85,88,89,95,96,98,101,103,104,107,110,116,119,123,125,127,129,131,143,147,148,152,153,154,157,159,164,166,167,168,169,171,172,174,176,178,181,182,190,191,193,198,201,204,205,207,208,209,211,214,216,217,219,225,227,230,231,234,238,243,252,253,254,259
14:0,1,6,154,16,20,21,22,25,26,27,28,29,33,34,35,36,39,41,46,47,48,52,57,58,60,61,62,66,70,71,72,73,78,83,85,86,88,91,92,93,95,96,99,100,101,105,113,114,117,121,122,128,129,130,131,132,135,139,140,141,142,143,144,148,150,155,160,165,175,177,178,179,181,185,187,188,190,195,196,197,200,202,203,207,209,212,213,223,224,225,226,227,228,230,236,239,242,243,247,250,253,256
15:3,6,7,11,13,61,19,26,27,29,30,31,34,44,46,47,51,52,54,55,64,66,72,73,78,79,80,83,85,86,90,92,95,97,98,99,100,102,105,109,112,113,114,116,118,119,122,123,124,125,129,134,135,142,147,149,150,163,173,176,180,183,185,186,187,192,196,201,208,213,216,220,222,223,224,229,234,237,239,243,247,248,249,251,254,256,257
16:3,6,9,10,13,14,76,18,21,23,31,33,36,37,39,44,46,48,50,51,55,62,64,66,67,68,70,72,74,77,79,81,82,83,86,94,95,96,100,104,106,108,111,113,116,126,127,128,141,145,146,148,149,152,156,157,159,161,162,163,164,168,172,176,189,190,192,194,196,198,200,204,206,207,212,215,221,222,226,228,229,230,234,239,244,248,250,253,259
17:1,3,6,9,177,20,21,22,24,25,26,27,31,33,40,42,43,45,48,51,57,59,61,62,63,69,71,74,76,80,85,86,88,91,94,96,100,101,104,106,111,115,119,121,124,125,127,128,131,132,133,140,148,150,152,153,156,157,159,163,172,174,181,185,187,189,193,194,195,198,199,201,202,204,206,207,209,211,212,213,215,217,223,226,238,239,240,242,243,245,246,250,252,254,255,258,259
18:0,2,5,6,8,10,11,16,245,23,25,33,35,36,40,42,43,44,47,48,49,50,52,53,54,56,62,72,73,77,79,80,84,85,87,89,90,94,96,97,103,106,107,109,111,114,116,118,119,123,124,127,130,131,132,133,134,135,138,141,143,146,149,150,152,155,157,160,164,166,167,168,172,179,180,185,188,189,190,191,193,194,199,201,202,204,206,209,210,211,212,214,215,219,220,222,223,224,226,227,229,230,231,235,236,238,243,246,249,258,259
19:8,9,12,13,15,234,22,24,26,28,32,35,42,43,45,46,48,49,50,54,55,58,62,63,67,70,78,79,81,83,85,87,88,89,91,95,96,106,107,108,109,110,113,116,124,130,131,134,135,136,138,144,148,150,153,154,156,158,163,165,169,171,172,174,178,182,183,184,187,188,197,203,205,212,213,214,216,217,219,220,222,224,225,226,228,230,238,239,244,247,252,253
20:5,12,14,17,232,24,26,28,32,36,44,46,49,51,53,56,57,58,59,69,73,75,82,85,86,97,99,100,105,106,113,114,117,120,123,124,128,131,132,134,136,139,144,146,148,151,153,159,167,170,180,182,184,185,188,190,193,202,207,208,210,211,214,215,221,224,227,238,240,243,250,253,254,257,258,259
21:1,3,4,7,10,11,14,16,17,166,23,28,29,30,32,35,37,38,40,43,44,47,49,53,55,60,62,63,66,73,74,75,78,80,81,88,97,100,102,103,109,110,111,114,116,117,121,123,124,130,131,134,137,139,140,141,145,147,149,153,155,157,168,171,172,173,175,176,180,182,186,189,193,195,197,199,200,201,203,204,207,210,215,217,220,221,224,230,236,240,248,251,254,255,257,258,259
22:0,2,3,4,12,14,17,19,199,24,30,32,34,36,48,50,52,54,55,56,57,58,59,64,69,72,76,78,81,84,85,92,94,98,101,104,105,106,107,112,115,122,123,133,135,136,137,145,146,147,153,154,156,157,158,164,170,171,178,185,186,197,201,214,215,218,222,227,229,232,233,236,244,249,250,254,256
23:0,1,7,10,13,16,18,21,135,26,29,30,31,35,36,37,38,39,46,48,52,53,59,60,64,65,66,70,71,72,80,82,83,87,89,94,98,102,104,106,110,112,113,115,116,121,122,125,128,130,136,140,141,149,150,151,153,154,156,157,159,160,161,162,163,164,171,173,177,181,182,184,185,190,195,197,198,201,204,206,208,210,211,219,221,222,225,226,227,231,233,234,237,241,243,244,246,247,248,250,254,258
24:0,2,6,10,11,12,17,19,20,22,120,28,29,31,34,35,36,38,42,44,45,47,56,58,63,65,70,72,74,75,77,79,83,84,93,98,99,106,108,111,112,121,122,133,135,140,143,144,148,149,151,155,156,158,160,161,165,167,171,175,176,178,180,181,182,185,187,190,193,194,198,199,201,202,203,204,207,213,214,215,216,223,230,231,232,235,236,237,239,241,242,245,247,249,252,253,254,258
25:1,2,7,12,14,17,18,73,29,32,34,39,46,47,50,54,55,56,59,60,62,65,69,72,78,80,82,83,86,90,98,100,103,109,110,112,113,115,116,120,122,123,127,129,132,136,138,139,141,143,145,148,149,152,153,154,156,159,160,161,164,165,170,174,175,177,179,186,187,188,189,191,194,199,203,204,206,207,211,212,215,216,217,218,219,224,225,228,229,234,235,236,239,241,243,245,247,248,254
26:0,1,4,6,9,12,13,14,15,17,19,20,23,99,29,31,36,38,39,40,42,48,50,51,57,58,61,62,63,65,66,71,75,83,95,101,104,105,111,114,115,118,119,125,132,133,134,135,137,142,146,148,149,150,154,156,166,167,169,172,173,174,175,179,181,184,189,193,196,198,199,200,204,207,208,210,215,217,218,221,226,229,230,232,233,234,241,244,245,250,251,255,258,259
27:0,3,5,7,8,9,11,13,14,15,17,194,28,32,40,41,48,52,57,61,62,63,64,65,68,69,70,72,73,74,75,77,78,84,85,88,89,90,92,93,94,97,103,106,108,111,112,113,114,116,118,121,122,124,126,128,131,132,141,149,150,151,153,155,157,160,164,169,172,174,181,183,184,186,190,191,192,196,203,205,206,208,212,217,220,223,225,228,234,236,240,243,244,246,251,252,255,256,259
28:0,1,4,5,7,9,10,14,19,20,21,24,27,97,30,38,40,45,49,50,53,55,57,58,59,63,64,66,68,76,81,96,99,101,102,103,107,108,110,111,112,113,114,115,116,118,119,122,124,130,131,132,133,136,137,138,144,149,153,154,159,161,164,171,173,174,179,189,192,195,196,197,199,200,201,204,205,206,210,211,212,213,214,215,216,217,219,223,225,227,232,233,234,236,237,239,240,251,252,253,259
29:2,3,4,6,7,9,11,12,14,15,21,23,24,25,26,212,30,33,35,41,42,44,48,49,52,54,55,58,60,62,63,66,69,72,73,75,78,79,81,83,85,89,90,91,92,95,97,101,102,105,107,108,114,117,120,121,127,128,129,130,134,137,138,141,143,145,146,148,149,152,164,166,167,168,169,170,173,178,185,205,208,209,213,215,218,219,221,222,223,226,227,229,232,242,243,244,246,247,250,252,253,255
30:0,1,5,6,7,9,15,21,22,23,28,29,53,31,41,54,56,58,66,71,79,81,83,84,86,87,89,90,92,95,96,98,100,101,102,103,104,106,110,113,117,124,125,127,128,129,130,132,133,136,137,138,147,148,153,155,156,160,161,163,165,170,173,176,187,188,196,198,201,208,211,212,219,227,229,230,232,233,234,235,237,241,244,249,251,253,254,256
31:2,4,8,9,12,15,16,17,23,24,26,30,175,32,35,36,40,41,45,48,50,51,54,57,59,61,64,65,71,73,75,77,82,83,86,89,92,98,100,101,104,106,118,121,122,129,133,134,140,142,145,148,151,153,154,156,157,158,160,161,163,165,169,173,174,176,177,178,179,180,181,182,186,187,188,189,191,193,199,204,206,207,208,209,211,215,217,219,225,226,227,231,232,233,235,243,247,249,251,252,253,254,255,256,258
32:0,3,5,8,12,19,20,21,22,25,27,31,208,33,34,37,43,46,51,53,56,61,64,66,68,73,78,85,87,90,93,98,99,103,105,108,109,112,114,115,116,125,126,130,131,136,141,142,143,146,148,149,150,154,157,160,162,176,179,180,182,183,184,188,189,194,198,202,206,209,214,216,217,219,222,224,226,229,232,236,238,239,242,243,244,252,254,257,259
33:1,4,5,7,14,16,17,18,29,32,76,37,40,41,43,44,46,47,52,53,60,61,63,66,75,78,80,82,83,87,88,94,95,99,106,107,109,110,112,113,114,115,116,117,118,120,122,127,128,129,130,133,135,136,138,142,151,155,162,163,166,167,168,170,175,181,184,185,188,189,190,191,195,201,203,205,210,211,215,218,227,229,230,231,235,237,238,241,243,246,247,251,253,254,257,258
34:0,2,8,14,15,22,24,25,32,253,35,39,40,41,44,45,49,52,53,54,56,67,73,75,84,85,86,89,95,96,97,98,99,101,103,106,107,116,119,125,127,129,131,132,134,137,143,146,147,149,152,155,156,157,159,161,163,164,167,172,173,179,180,181,183,185,187,188,189,191,192,197,198,200,203,204,207,208,210,212,214,216,219,220,222,226,232,234,238,239,240,243,244,245,250,254,255,256,258
35:4,6,10,11,14,18,19,21,23,24,29,31,34,153,36,42,44,47,48,49,51,54,55,56,57,58,59,61,63,73,76,77,78,83,84,87,89,90,91,93,97,101,106,108,112,113,115,117,118,119,122,126,127,128,131,138,140,146,158,162,164,169,172,175,177,179,182,185,189,192,193,195,196,197,199,200,201,204,207,208,210,211,215,217,219,225,226,230,232,234,235,244,246,247,248,249,251,253,254,256,259
36:1,2,4,8,10,14,16,18,20,22,23,24,26,31,35,215,37,38,39,40,42,46,48,49,50,51,57,63,66,70,78,80,81,83,84,86,87,88,89,94,96,97,98,100,101,105,107,109,111,112,115,117,118,122,123,127,132,134,136,141,143,147,154,157,158,161,166,177,179,181,185,187,191,192,195,196,199,203,204,208,210,214,217,223,224,226,227,230,237,245,249,251,254,256,258
37:1,2,16,21,23,32,33,36,101,39,41,42,48,53,54,55,56,57,61,62,63,64,67,69,75,76,77,82,86,87,91,93,94,96,97,99,100,103,105,107,108,109,116,120,121,124,140,146,147,151,152,154,158,161,164,165,166,168,170,172,176,179,182,183,184,188,195,204,205,208,218,220,223,225,226,234,235,236,237,242,243,245,246,249,252,253,254,259
38:0,3,5,11,12,13,21,23,24,26,28,36,74,40,42,45,47,52,53,57,60,65,67,70,72,80,82,86,91,93,96,98,99,102,105,108,109,114,115,116,118,121,124,127,130,139,144,147,148,151,153,154,156,160,161,164,165,169,171,172,173,176,179,182,184,185,186,187,189,202,206,207,208,209,214,216,217,218,219,220,221,223,229,233,237,239,242,243,246,249,253,255,256
39:2,7,11,13,14,16,23,25,26,34,36,37,66,42,43,44,45,56,60,62,63,68,70,71,73,76,78,85,86,87,92,100,103,105,106,108,109,110,111,112,118,121,123,124,125,126,127,128,137,150,151,152,153,154,157,163,165,167,170,171,173,180,182,184,185,188,191,193,202,203,205,206,209,211,217,222,224,225,229,233,234,237,239,240,244,245,246,247,248,249,250,252,255,256,257,258,259
40:4,5,9,17,18,21,26,27,28,31,33,34,36,38,163,41,45,46,51,52,54,55,61,77,78,79,80,81,82,85,92,93,95,97,98,101,105,106,111,114,116,118,120,123,124,127,132,136,137,138,141,143,146,156,160,165,167,173,186,188,190,194,198,207,208,210,211,214,224,228,231,235,238,240,243,246,251,254
41:0,1,4,5,6,7,8,9,11,12,14,27,29,30,31,33,34,37,40,191,42,49,50,52,54,59,62,63,65,70,72,73,76,78,80,87,89,90,93,95,96,99,101,104,108,110,114,115,117,118,124,125,126,128,129,130,137,138,140,142,147,149,151,153,154,157,158,162,170,171,172,173,174,175,177,181,182,184,188,195,197,200,201,202,209,211,217,218,220,225,227,236,237,242,244,248,249,253,256,259
42:2,4,6,10,11,12,13,17,18,19,24,26,29,35,36,37,38,39,41,111,45,50,51,55,57,59,62,66,67,69,71,74,76,80,81,83,91,92,94,98,99,100,103,104,105,106,108,112,115,119,120,123,125,129,131,132,134,136,141,142,149,153,156,158,160,163,164,165,166,167,174,181,183,185,186,188,189,193,194,197,198,200,203,206,210,212,214,216,218,220,221,223,225,228,229,230,232,237,238,244,246,248,251,252,255,256,257,259
43:1,4,7,8,9,10,11,12,17,18,19,21,32,33,39,102,44,47,50,52,53,57,58,59,61,63,64,67,72,74,75,77,82,83,85,94,95,104,112,115,117,120,121,124,126,131,133,135,136,140,145,147,148,149,152,156,160,161,163,165,166,168,169,170,171,176,177,178,179,181,182,184,187,190,192,193,194,201,211,223,226,227,228,233,239,240,244,247,248,250,257,259
44:0,2,4,5,6,7,10,11,13,15,16,18,20,21,24,29,33,34,35,39,43,141,45,48,50,59,60,62,65,72,76,77,80,82,83,84,86,87,89,94,95,99,101,103,113,114,116,118,125,129,130,134,135,137,140,143,145,146,158,165,167,168,170,175,176,179,183,184,188,189,193,194,197,199,201,215,216,217,218,221,226,227,230,237,238,239,241,244,248,250,253,255
45:0,4,9,10,17,19,24,28,31,34,38,39,40,42,44,89,47,51,56,60,62,63,64,67,70,72,73,80,81,82,83,85,86,99,100,101,102,104,107,109,112,114,116,117,122,123,127,129,131,133,134,137,139,140,144,145,146,147,151,152,153,156,157,158,159,161,163,165,169,171,176,179,181,182,184,187,194,199,202,204,205,206,207,208,211,216,218,219,221,223,225,229,230,235,236,237,239,241,243,245,249,253,257
46:2,4,5,14,15,16,19,20,23,25,32,33,36,40,173,50,54,57,59,61,62,63,66,68,70,71,75,79,81,87,92,94,97,100,103,111,114,115,118,119,121,122,127,128,129,130,137,139,142,146,147,151,152,153,155,156,157,159,160,162,167,170,172,175,185,187,192,194,199,201,203,205,207,208,209,211,214,216,217,221,223,225,227,231,232,234,235,236,239,244,246,248,253,258
47:12,14,15,18,21,24,25,33,35,38,43,45,124,48,51,53,54,55,56,58,59,62,64,65,66,69,71,74,77,80,84,85,86,87,89,90,94,96,97,101,102,105,110,112,113,114,116,123,125,126,128,129,135,137,142,148,149,157,161,162,164,167,173,176,177,179,180,183,187,192,195,196,198,199,201,204,206,207,208,209,210,212,215,217,219,220,221,223,226,230,234,238,243,244,247,248,252,256
48:0,3,4,7,11,14,16,17,18,19,22,23,26,27,29,31,35,36,37,44,47,100,49,51,57,59,60,65,68,71,77,81,85,87,94,96,102,103,107,109,112,113,119,121,123,124,125,126,128,129,131,137,139,142,144,146,150,151,154,158,160,167,168,172,173,176,178,179,181,182,183,193,197,199,200,201,202,207,213,218,219,220,221,228,229,238,239,240,255,256,259
49:0,6,9,11,18,19,20,21,28,29,34,35,36,41,48,111,50,51,53,68,70,71,72,73,74,75,77,78,80,82,84,85,87,88,92,95,96,97,99,103,104,105,109,110,114,128,129,141,143,149,160,163,165,166,171,175,176,181,182,183,192,199,200,203,205,207,213,214,216,217,220,222,224,225,227,229,232,241,242,243,244,245,252,253,255,258
50:2,6,8,13,16,18,19,22,25,26,28,31,36,41,42,43,44,46,49,197,55,59,61,62,64,65,66,70,79,82,83,84,85,89,92,93,94,95,99,101,102,104,107,108,109,111,113,114,116,118,119,120,123,124,125,127,128,133,134,135,138,141,143,144,145,149,153,155,156,157,158,160,163,164,165,166,172,174,179,180,183,185,186,187,189,192,193,195,198,200,202,206,207,208,209,214,216,217,218,219,221,222,223,227,231,232,233,236,238,244,248,249,251,254,258
51:5,10,12,13,15,16,17,20,26,31,32,35,36,40,42,45,47,48,49,180,58,60,64,66,67,72,73,75,77,79,80,81,84,89,91,92,96,99,101,104,109,110,111,112,113,117,119,121,125,130,133,135,139,140,147,148,149,150,152,153,155,157,163,164,169,171,172,174,177,178,179,182,183,185,187,189,190,191,192,196,199,200,204,206,208,210,211,212,213,216,220,221,223,227,228,232,238,240,241,249,252,253,257,258
52:5,6,8,13,14,15,18,22,23,27,29,33,34,38,40,41,43,76,57,61,63,65,71,79,85,87,88,89,91,93,95,96,97,98,100,102,105,106,113,118,120,124,126,131,133,136,139,145,146,150,151,152,154,158,159,163,165,167,169,173,174,175,177,190,193,195,196,197,202,207,209,218,219,222,224,225,226,230,231,238,239,246,247,248,250,251,254,258
53:0,2,5,7,10,13,18,20,21,23,28,30,32,33,34,37,38,43,47,49,111,54,58,60,61,62,65,66,69,76,77,84,88,91,97,98,100,102,103,107,109,110,114,117,125,127,128,131,135,144,145,147,152,154,157,160,166,167,168,171,176,177,180,182,183,185,186,194,195,197,198,201,203,207,209,211,212,213,214,220,224,227,228,230,240,241,246,249,256,259
54:5,9,13,15,18,19,22,25,29,30,31,34,35,37,40,41,46,47,53,57,61,63,69,71,73,76,81,87,88,91,92,93,95,99,104,106,107,108,116,124,126,127,128,129,130,134,136,137,139,144,145,147,148,153,155,157,159,160,162,166,168,170,171,172,173,174,175,176,178,181,188,190,192,194,202,204,207,209,211,217,218,219,222,224,225,226,229,230,233,234,235,241,247,249,250,251,252,254,257
55:1,3,5,6,7,10,11,15,16,19,21,22,25,28,29,35,37,40,42,47,50,82,64,65,68,69,70,75,77,84,85,86,87,96,98,100,106,111,113,116,121,122,124,126,127,132,136,140,145,146,150,151,152,153,154,158,159,166,168,169,171,173,175,177,178,179,183,186,188,193,194,201,206,208,213,214,217,224,232,234,236,238,242,243,244,246,247,250,252,254,257,258
56:2,3,4,18,20,22,24,25,30,32,34,35,37,39,45,47,145,57,60,61,65,66,72,74,75,77,83,85,86,87,89,90,96,97,98,99,103,105,108,111,117,119,120,122,123,124,127,128,133,135,136,139,144,152,154,158,159,160,161,163,167,170,171,172,182,183,190,193,196,197,200,209,211,214,216,221,224,225,226,231,235,237,239,240,241,245,246,247,250,251,253,259
57:0,1,3,5,8,12,13,14,17,20,22,26,27,28,31,35,36,37,38,42,43,46,48,52,54,56,250,61,65,69,71,72,74,76,79,85,86,91,92,93,96,99,102,104,108,109,114,119,124,125,126,127,129,132,133,135,137,139,140,147,149,157,160,165,166,167,171,172,174,178,179,180,187,191,197,199,200,201,202,204,205,206,209,215,216,218,219,225,227,231,234,241,246,255,256,258
58:0,2,4,6,9,10,12,13,14,19,20,22,24,26,28,29,30,35,43,47,51,53,234,59,60,65,69,70,80,86,87,89,91,93,94,96,99,104,108,110,112,115,117,118,126,132,135,136,147,148,149,150,154,159,164,166,168,170,172,179,181,185,186,187,196,197,198,201,202,208,209,215,217,219,220,223,224,225,229,230,231,233,237,240,242,246,248,252,253,254,257,258
59:0,1,7,13,17,20,22,23,25,28,31,35,41,42,43,44,46,47,48,50,58,126,60,61,62,63,64,68,69,73,75,76,77,78,79,84,85,86,89,93,106,108,109,110,115,116,117,118,119,120,123,131,133,136,138,139,145,147,149,150,152,154,167,168,170,172,180,181,184,186,192,194,197,203,207,209,212,215,217,220,221,227,228,230,233,235,238,245,248,249,250,252,253,259
60:0,8,10,11,13,14,21,23,25,29,33,38,39,44,45,48,51,53,56,58,59,144,63,64,66,68,69,70,71,74,78,81,82,86,87,88,90,91,97,98,101,107,111,115,123,125,126,129,131,138,140,141,142,143,147,151,159,160,163,164,165,169,171,173,174,175,176,181,182,187,190,192,193,196,199,202,204,208,209,217,224,226,227,228,229,232,233,239,240,242,244,249,252,253,255,256,258,259
61:2,3,6,10,11,12,13,14,15,17,26,27,31,32,33,35,37,40,43,46,50,52,53,54,56,57,59,253,65,66,69,73,75,77,78,81,84,88,89,94,96,102,104,106,107,113,114,122,123,126,127,131,132,136,147,148,151,157,160,161,168,169,182,183,184,185,188,193,201,202,203,204,206,210,211,218,219,220,221,224,227,232,238,239,241,242,243,245,251
62:0,2,3,14,16,17,18,19,21,25,26,27,29,37,39,41,42,44,45,46,47,50,53,59,220,63,65,66,70,71,72,73,77,79,81,84,89,90,93,96,101,106,108,109,111,113,121,122,123,125,127,130,132,137,138,152,160,163,164,166,169,170,171,178,181,182,189,191,192,195,196,197,199,203,209,211,214,217,218,219,222,224,234,240,254,258,259
63:1,4,5,6,7,10,13,17,19,21,24,26,27,28,29,33,35,36,37,39,41,43,45,46,52,54,59,60,62,88,66,67,71,78,90,91,92,95,98,99,100,101,110,112,115,118,120,121,123,127,128,130,132,135,137,139,140,141,144,149,154,157,158,160,161,162,163,169,174,175,186,190,192,198,203,208,209,210,215,216,219,222,225,230,237,238,240,243,247,249,258,259
64:0,7,9,10,15,16,22,23,27,28,31,32,37,43,45,47,50,51,55,59,60,145,65,66,67,69,71,79,83,85,87,91,94,97,105,106,109,112,113,117,121,125,127,128,129,131,137,139,143,144,157,158,170,171,178,180,183,184,187,188,189,190,192,196,197,200,201,202,204,210,211,212,213,214,216,217,218,221,224,226,229,230,235,236,237,239,243,244,250,251,252,254,256,257,258
65:2,8,9,10,11,12,23,24,25,26,27,31,38,41,44,47,48,50,52,53,55,56,57,58,61,62,64,131,66,67,71,73,74,78,80,81,82,83,86,87,95,97,98,99,101,103,106,107,110,113,115,116,117,121,122,123,124,128,130,132,133,139,144,145,156,158,159,164,165,167,168,174,176,178,179,181,189,192,193,200,202,207,209,210,212,216,220,221,222,224,230,236,238,245,247,248,253,257
66:0,9,13,14,15,16,21,23,26,28,29,30,32,33,36,39,42,46,47,50,51,53,56,60,61,62,63,64,65,77,71,76,84,91,98,101,106,107,110,114,115,118,122,124,126,131,136,138,143,144,152,155,156,160,161,167,169,178,185,187,188,189,190,197,198,200,201,206,207,209,210,213,217,218,222,230,231,236,237,243,250,253,254,259
67:0,1,3,6,7,8,10,12,16,19,34,37,38,42,43,45,51,63,64,65,144,68,70,71,72,81,82,84,87,92,95,97,99,104,105,109,112,115,117,123,124,125,126,127,128,129,132,137,141,142,151,152,155,156,158,161,164,166,168,170,174,181,183,187,196,198,202,203,204,209,212,214,215,217,220,223,231,233,234,238,240,241,242,243,245,247,248,249,250,254,255,256,257,258
68:1,4,6,10,11,16,27,28,32,39,46,48,49,55,59,60,67,122,69,74,75,77,78,80,83,84,88,91,95,98,101,102,112,113,118,119,123,127,138,143,146,147,148,155,156,158,160,161,165,166,167,168,171,172,176,179,181,182,185,187,193,194,195,198,204,207,208,213,215,219,223,227,228,229,230,231,240,243,244,245,247,251,254,256
69:2,4,7,13,17,20,22,25,27,29,37,42,47,53,54,55,57,58,59,60,61,64,68,105,71,72,73,74,76,78,79,84,85,86,92,93,103,109,110,117,120,123,126,127,130,131,134,136,137,139,141,143,148,156,163,164,166,167,174,175,177,179,180,181,182,185,188,192,193,197,198,205,210,215,218,221,227,228,230,234,235,239,241,242,244,247,251,253,255,259
70:8,9,10,12,14,16,19,23,24,27,36,38,39,41,45,46,49,50,55,58,60,62,67,107,77,81,93,94,95,98,100,102,108,109,110,116,118,120,121,122,123,124,133,134,137,138,139,141,143,149,150,152,156,169,171,176,179,181,182,183,184,185,188,194,195,206,207,210,211,214,221,224,226,228,229,230,236,241,248,249,258
71:1,4,7,10,11,12,13,14,17,23,26,30,31,39,42,46,47,48,49,52,54,57,60,62,63,64,65,66,67,69,122,73,75,76,77,81,82,87,88,93,96,100,104,109,111,117,119,120,124,126,128,132,133,137,139,140,141,148,149,152,156,160,166,171,174,175,176,178,179,180,186,187,188,196,199,207,209,211,216,217,218,219,221,222,225,226,227,228,229,233,234,236,237,239,240,245,247,257,258,259
72:3,8,14,15,16,18,22,23,24,25,27,29,38,41,43,44,45,49,51,56,57,62,67,69,110,73,75,76,77,80,84,89,91,92,93,95,99,104,106,115,116,117,123,125,127,130,131,132,133,137,138,141,145,149,151,156,159,161,162,163,169,170,171,174,176,178,180,187,189,195,198,199,202,208,209,215,216,218,222,224,225,226,236,239,241,248,251,254,255,256,257
73:4,5,7,9,14,15,18,20,21,25,27,29,31,32,34,35,39,41,45,49,51,54,59,61,62,65,69,71,72,141,76,79,82,86,91,93,100,102,109,110,111,112,116,117,118,119,122,125,127,128,129,137,138,140,142,143,144,145,147,148,149,151,153,154,155,156,158,160,161,163,166,169,170,175,177,181,185,190,192,195,203,204,207,208,209,212,215,216,218,221,223,224,226,230,239,240,247,248,250,258
74:7,10,16,17,21,24,27,38,42,43,47,49,56,57,60,65,68,69,214,75,77,79,83,87,88,91,95,99,100,103,104,106,108,110,114,119,124,125,126,134,138,143,149,151,152,154,156,157,163,167,169,172,174,176,177,179,181,182,186,188,189,191,192,193,195,196,198,200,201,203,206,209,217,219,220,221,222,223,226,227,228,229,230,231,232,235,236,238,246,249,254,255,256
75:13,20,21,24,26,27,29,31,33,34,37,43,46,49,51,55,56,59,61,68,71,72,74,197,77,82,85,86,95,97,102,108,115,122,123,129,136,137,138,139,140,144,145,149,150,151,156,158,159,161,166,172,173,179,181,183,187,189,192,193,195,202,204,211,213,215,223,225,228,230,231,234,239,242,246,249,250,253,255
76:3,6,9,16,17,22,28,33,35,37,39,41,42,44,52,53,54,57,59,66,69,71,72,73,159,79,85,87,88,89,91,93,94,95,102,104,105,106,107,110,113,118,122,123,124,125,126,128,135,138,139,141,142,143,144,145,146,148,151,153,157,163,165,168,173,174,178,182,184,185,186,189,191,192,194,195,197,204,206,207,208,209,211,214,215,219,226,229,231,232,237,239,240,247,249,251,253,256
77:6,7,8,10,16,18,24,27,31,35,37,40,43,44,47,48,49,51,53,55,56,59,61,62,66,68,70,71,72,74,75,187,78,79,80,82,84,86,88,90,93,94,98,101,103,107,111,112,113,121,123,124,126,130,131,133,136,138,140,142,143,145,146,148,150,151,153,155,156,159,162,164,167,169,170,171,178,183,188,192,193,197,199,202,204,205,206,208,216,219,222,223,226,228,231,234,237,240,245,246,248,252,253,259
78:0,4,6,10,14,15,19,21,22,25,27,29,32,33,35,36,39,40,41,49,59,60,61,63,65,68,69,77,232,79,80,91,93,98,104,105,107,109,111,112,113,116,117,119,120,121,128,129,134,135,136,137,140,141,146,150,152,154,158,167,173,174,175,181,183,185,186,192,193,195,197,204,209,210,212,215,216,219,222,224,227,228,229,233,235,237,239,240,243,244,245,248,249,253,255,259
79:1,7,11,13,15,16,18,19,24,29,30,40,46,50,51,52,57,59,62,64,69,73,74,76,77,78,102,83,84,93,94,96,97,108,109,114,115,116,118,119,120,125,126,127,129,136,141,142,144,145,148,153,155,157,159,160,166,168,170,174,176,178,181,183,186,187,188,191,195,200,206,208,209,210,216,222,230,237,239,247,248,250,252,259
80:3,5,6,8,13,15,17,18,21,23,25,33,36,38,40,41,42,44,45,47,49,51,58,65,68,72,77,78,91,83,84,88,93,95,96,98,99,104,108,111,112,122,123,126,127,128,131,133,134,138,142,144,147,149,151,156,158,162,166,171,173,178,187,195,197,198,200,202,205,207,209,210,216,217,229,231,235,237,241,245,246,248,252,256,258
81:0,2,6,16,19,21,22,28,29,30,36,40,42,45,46,48,51,54,60,61,62,65,67,70,71,85,83,86,87,89,91,107,108,112,119,120,121,123,125,127,130,136,137,139,143,147,148,152,153,158,160,161,163,164,165,169,172,174,175,176,177,178,181,187,189,192,194,196,197,201,203,207,209,210,211,214,218,220,229,230,233,237,238,239,240,242,247,250,252
82:0,7,8,9,10,16,20,23,25,31,33,37,38,40,43,44,45,49,50,55,60,65,67,71,73,75,77,110,83,84,88,95,101,102,105,112,113,119,121,132,134,138,141,145,148,151,154,158,159,164,165,169,172,182,184,185,186,189,200,202,204,205,206,217,218,219,220,221,224,227,228,229,234,236,238,245,248,249,250,254
83:2,4,7,11,14,15,16,19,23,24,25,26,29,30,31,33,35,36,42,43,44,45,50,56,64,65,68,74,79,80,81,82,143,86,90,91,92,96,100,102,103,104,105,107,108,109,110,111,119,125,131,135,137,139,140,142,144,145,154,160,162,170,174,176,177,182,185,188,189,191,192,194,197,198,204,205,207,210,214,216,219,221,222,223,224,230,233,242,243,244,247,249
84:1,2,5,7,10,11,12,13,18,22,24,27,30,34,35,36,44,47,49,50,51,53,55,59,61,62,66,67,68,69,72,77,79,80,82,122,92,93,102,104,108,114,118,119,123,124,126,128,133,135,138,139,140,141,142,147,157,159,164,166,167,176,181,184,185,190,194,200,201,203,204,206,222,224,226,229,230,232,235,236,238,239,240,242,243,244,246,247,248,258
85:1,4,5,8,9,11,13,14,15,17,18,19,20,22,27,29,32,34,39,40,43,45,47,48,49,50,52,55,56,57,59,64,69,75,76,81,119,87,90,93,95,102,106,116,120,121,122,125,132,138,144,146,148,149,150,151,158,160,164,167,168,173,174,176,178,180,182,183,184,185,188,189,190,191,193,194,195,201,202,203,206,210,212,213,215,216,217,222,224,227,240,241,247,248,249,250,252,254,255,257
86:1,3,4,11,14,15,16,17,20,25,30,31,34,36,37,38,39,44,45,47,55,56,57,58,59,60,65,69,73,75,77,81,83,90,87,91,92,95,96,97,100,102,107,108,109,110,111,113,115,117,122,124,125,127,128,130,136,138,141,142,146,148,150,156,157,158,160,171,176,177,178,179,185,187,197,198,200,203,205,206,213,219,220,221,225,226,229,231,232,238,241,250,251,252,253,257,259
87:0,3,6,7,9,10,12,18,19,23,30,32,33,35,36,37,39,41,44,46,47,48,49,52,54,55,56,58,60,64,65,67,71,74,76,81,85,86,154,88,91,93,99,101,102,106,107,112,115,116,117,118,121,126,127,138,142,146,149,151,158,159,170,171,174,180,181,182,184,185,195,200,201,202,206,208,209,212,214,216,217,221,228,231,235,237,239,241,247,249,252,254,256,257,258
88:13,14,17,19,21,27,33,36,49,52,53,54,60,61,63,68,71,74,76,77,80,82,87,165,94,95,97,98,99,100,104,105,106,107,113,115,117,118,120,124,125,129,130,132,136,137,138,142,145,146,148,151,152,155,157,164,169,171,172,173,175,176,179,182,184,187,195,198,204,209,210,211,212,216,217,219,220,223,225,226,231,232,233,235,237,241,242,244,245,249,252,253,255,256,257
89:1,3,4,10,13,18,19,23,27,29,30,31,34,35,36,41,44,45,47,50,51,52,56,58,59,61,62,72,76,81,188,90,91,97,99,101,105,109,110,116,121,122,125,126,128,129,134,135,139,142,157,158,160,163,165,166,172,173,175,183,189,191,193,198,202,203,207,209,210,216,218,219,222,223,225,228,234,235,238,247,249,251,257
90:2,3,7,8,10,15,18,25,27,29,30,32,35,41,47,56,60,62,63,77,83,85,86,89,138,91,93,97,99,100,102,107,110,112,113,118,119,120,124,126,131,133,137,140,141,151,152,153,155,158,159,160,162,164,165,166,167,169,173,174,178,181,182,183,188,189,193,198,199,200,211,220,228,229,231,235,240,250,251,252,257,259
91:2,9,11,14,17,19,29,35,37,38,42,51,52,53,54,57,58,60,63,64,66,68,72,73,74,76,78,80,81,83,86,87,89,90,138,95,99,102,103,109,115,121,123,124,127,129,134,135,139,142,146,147,148,150,151,152,153,156,160,163,165,166,167,176,179,180,184,186,192,193,194,195,197,198,204,208,211,213,216,218,220,226,227,232,236,242,244,245,246,251,254,257,259
92:4,7,9,14,15,22,27,29,30,31,39,40,42,46,49,50,51,54,57,63,67,69,72,83,84,86,102,93,100,104,105,106,108,110,114,115,116,117,123,124,126,129,132,145,148,150,153,157,158,159,160,161,163,165,170,172,176,183,185,188,194,197,199,200,207,211,212,214,221,222,223,224,231,233,234,235,249,250,252,253,254,256,257,258
93:1,2,4,6,7,14,24,27,32,35,37,38,40,41,50,52,54,57,58,59,62,69,70,71,72,73,76,77,78,79,80,84,85,87,90,92,100,101,106,107,108,109,113,114,115,121,122,124,127,129,130,135,142,147,156,158,160,161,164,167,172,180,181,182,190,192,203,205,207,210,215,217,218,219,225,227,228,232,233,236,237,239,246,249,254,258,259
94:0,1,2,4,8,10,12,16,17,18,22,23,27,33,36,37,42,43,44,46,47,48,50,58,61,64,70,76,77,79,88,191,101,103,104,109,111,115,120,122,126,129,131,133,135,136,138,139,141,143,144,146,147,149,162,163,165,167,168,172,173,174,176,179,181,182,185,186,187,190,192,194,195,196,197,199,201,204,205,206,207,209,213,214,216,221,222,223,225,231,239,244,245,247,248,249,250,255,256,257,259
95:6,8,10,12,13,14,15,16,19,26,29,30,33,34,40,41,43,44,49,50,52,54,63,65,67,68,70,72,74,75,76,80,82,85,86,88,91,245,97,99,104,108,109,111,112,114,116,118,121,122,124,125,128,133,134,138,140,142,143,148,149,151,152,156,158,162,163,164,167,171,172,175,181,186,191,200,203,209,210,214,215,217,219,224,225,226,232,234,236,237,246,250,251,252,253,255
96:2,6,7,8,13,14,16,17,18,19,28,30,34,36,37,38,41,47,48,49,51,52,55,56,57,58,61,62,71,79,80,83,86,103,97,98,102,106,107,109,110,111,112,119,120,126,132,136,138,142,144,149,150,151,158,161,167,169,171,172,173,174,181,182,183,184,185,188,190,192,193,199,202,203,204,205,207,210,215,221,229,230,231,233,235,240,243,247,249,251,257,259
97:1,2,5,7,8,9,12,15,18,20,21,27,28,29,34,35,36,37,40,46,47,49,52,53,56,60,64,65,67,75,79,86,88,89,90,95,96,153,102,105,109,116,117,118,119,120,121,123,125,127,132,133,134,136,137,140,142,157,158,162,163,165,166,171,173,184,189,191,192,196,200,203,205,206,207,208,210,212,213,216,217,220,223,224,229,230,235,236,237,242,243,245,247,249,251,253
98:2,3,4,8,10,13,15,22,23,24,25,30,31,32,34,36,38,40,42,52,53,55,56,60,63,65,66,68,70,77,78,80,88,96,216,100,101,103,106,108,113,117,118,119,120,122,124,125,126,127,135,142,143,152,154,160,163,171,178,179,183,184,185,186,191,192,195,198,202,207,208,209,211,212,217,219,224,225,228,232,239,240,241,243,249,251,256
99:3,4,7,9,10,14,15,20,24,26,28,32,33,34,37,38,41,42,44,45,49,50,51,54,56,57,58,63,65,67,72,74,80,87,88,89,90,91,95,132,101,102,107,114,115,116,119,122,124,134,140,144,146,148,151,155,159,161,163,164,165,170,171,175,184,187,188,191,194,196,198,200,206,210,213,216,226,227,230,232,236,239,241,243,256,259
100:4,5,7,8,10,11,12,14,15,16,17,20,21,25,30,31,36,37,39,42,45,46,48,52,53,55,63,70,71,73,74,83,86,88,90,92,93,98,214,101,103,106,108,111,115,118,123,125,127,128,129,130,133,134,135,142,148,150,155,158,162,167,169,177,182,183,184,187,189,191,192,194,197,200,202,205,206,207,208,210,211,215,216,218,220,224,225,227,229,236,238,241,242,246,248,250,251,257,258
101:0,6,7,9,13,14,17,22,26,28,29,30,31,34,35,36,37,40,41,44,45,47,50,51,60,62,63,65,66,68,77,82,87,89,93,94,98,99,100,179,104,106,107,108,109,111,117,118,120,123,124,125,126,129,138,139,143,148,152,153,164,165,167,168,169,170,171,174,177,183,186,187,189,193,195,204,205,206,211,212,214,215,216,218,223,224,225,231,232,238,239,241,247,249,254,255,256,258
102:0,4,6,15,21,23,28,29,30,38,43,45,47,48,50,52,53,57,61,68,70,73,75,76,79,82,83,84,85,86,87,90,91,92,96,97,99,140,103,110,116,117,122,125,127,129,134,135,136,139,141,144,149,150,155,161,163,164,165,166,167,168,175,176,177,181,183,187,191,193,202,205,206,208,210,214,215,218,220,221,222,223,232,240,241,242,243,246,254,258,259
103:2,3,6,9,10,13,18,21,25,27,28,30,32,34,37,39,42,44,46,48,49,53,56,65,69,74,77,83,91,94,96,98,100,102,133,104,108,110,111,112,113,119,120,121,125,126,130,140,145,146,148,149,152,166,168,172,173,176,178,179,184,185,190,197,198,199,207,208,209,211,213,215,216,217,218,219,222,225,228,231,232,237,243,250,252,253,256,259
104:1,4,7,9,10,13,16,17,22,23,26,30,31,41,42,43,45,49,50,51,54,57,58,61,67,71,72,74,76,78,80,83,84,88,92,94,95,101,103,116,109,110,111,113,115,118,121,123,128,134,135,145,150,155,159,160,167,169,175,181,186,187,188,190,191,193,194,196,200,206,210,215,216,218,221,224,225,230,233,238,239,241,242,244,248,256,259
105:0,2,7,9,14,15,20,22,26,29,32,36,37,38,39,40,42,47,49,52,56,64,67,69,76,78,82,83,88,89,92,97,203,108,110,115,118,125,126,128,130,135,136,142,143,144,147,150,161,164,168,171,178,179,181,182,184,187,191,194,196,197,212,213,218,225,229,230,234,235,240,245,246,249,250,252,256,259
106:0,3,7,10,16,17,18,19,20,22,23,24,27,30,31,33,34,35,39,40,42,52,54,55,59,61,62,64,65,66,72,74,76,85,87,88,92,93,96,98,100,101,158,109,111,116,117,123,126,127,128,130,132,135,136,137,140,142,143,145,148,150,160,163,165,166,167,172,173,177,181,184,186,193,194,200,204,205,207,215,216,217,218,226,230,236,237,240,241,244,246,248,250,251,256,257,259
107:1,3,4,5,11,12,13,18,19,22,28,29,33,34,36,37,45,48,50,53,54,60,61,65,66,70,76,77,78,81,83,86,87,88,90,93,96,99,101,232,108,109,113,115,116,121,123,125,126,128,131,133,135,139,145,154,155,165,166,168,169,170,173,176,180,182,184,190,192,194,195,196,197,199,203,204,206,208,209,211,214,215,216,218,221,223,224,230,235,242,245,246,249,251,254
108:0,7,16,19,24,27,28,29,32,35,37,38,39,41,42,50,54,56,57,58,59,62,70,74,75,79,80,81,83,84,86,92,93,95,98,100,101,103,105,107,196,111,112,115,119,120,121,122,125,127,128,130,135,136,139,143,145,153,154,155,156,159,161,162,164,172,177,182,183,188,189,191,192,193,195,202,203,204,212,213,225,227,230,234,240,242,243,246,252,254
109:2,7,9,11,15,18,19,21,25,32,33,36,37,38,39,45,48,49,50,51,53,57,59,62,64,67,69,70,71,73,78,79,83,86,89,91,93,94,95,96,97,101,104,106,107,161,114,115,117,118,120,122,129,130,132,135,136,139,141,142,147,149,152,156,162,166,167,170,179,180,182,183,184,187,193,194,196,200,202,208,210,212,215,219,222,227,231,238,240,244,245,248,251,253,255,257,258
110:5,7,9,12,13,19,21,23,25,28,30,33,39,41,47,49,51,53,58,59,63,65,66,69,70,72,73,74,76,82,83,86,89,90,92,96,102,103,104,105,256,112,114,117,119,121,122,124,125,126,127,130,131,135,136,137,139,144,145,147,148,152,155,156,157,158,159,164,169,171,174,176,177,179,182,187,191,194,197,202,205,207,209,214,216,219,222,227,229,231,232,233,234,239,241,242,245,246,247,248,258
111:0,1,2,5,6,7,9,10,12,16,17,18,21,24,26,27,28,36,39,40,42,46,49,50,51,53,55,56,60,62,71,73,77,78,80,83,86,94,95,96,100,101,103,104,106,108,217,112,113,116,118,119,126,128,133,136,137,140,146,149,151,152,153,156,158,165,167,172,175,178,179,181,191,194,196,197,200,201,203,204,207,213,220,223,226,228,229,230,231,233,234,244,246,248,249,255
112:0,1,2,12,15,22,23,24,25,27,28,32,33,35,36,39,42,43,45,47,48,51,58,63,64,67,68,73,77,78,80,81,82,87,90,95,96,103,108,110,111,168,113,117,121,122,123,124,128,133,134,136,139,140,141,146,147,149,151,152,156,157,158,162,165,171,172,184,185,188,189,190,191,192,193,194,200,201,208,215,216,221,228,229,231,232,236,237,238,243,244,245,250,256
113:3,4,11,14,15,16,19,20,23,25,27,28,30,33,35,44,47,48,50,51,52,55,61,62,64,65,68,76,77,78,82,86,88,90,93,98,103,104,107,111,112,182,114,118,120,130,131,133,135,137,138,139,140,142,143,144,145,147,149,153,154,156,158,160,162,167,169,170,176,178,180,183,185,189,196,199,201,202,209,211,217,218,221,222,225,226,232,234,235,236,239,247,250,251,255,256
114:0,14,15,18,20,21,26,27,28,29,32,33,38,40,41,44,45,46,47,49,50,53,57,61,66,74,79,84,92,93,95,99,109,110,113,223,115,119,123,124,131,137,139,140,143,146,157,159,160,161,162,167,168,169,170,177,179,180,181,182,183,186,188,195,196,197,200,201,202,204,205,206,209,210,212,213,215,216,218,222,225,226,227,228,229,233,234,241,244,248,249,251,257,258,259
115:5,6,11,12,17,22,23,25,26,28,32,33,35,36,38,41,42,43,46,58,59,60,63,65,66,67,72,75,79,86,87,88,91,92,93,94,99,100,104,105,107,108,109,114,128,120,126,130,131,136,138,140,144,145,146,148,149,155,157,159,166,171,172,174,178,183,186,198,200,201,205,207,208,211,213,222,229,232,234,235,236,237,238,240,244,246,247,253,255,256,258,259
116:0,10,13,15,16,18,19,21,23,25,27,28,32,33,34,37,38,40,44,45,47,50,54,55,59,65,70,72,73,78,79,85,87,89,92,95,97,99,102,104,106,107,111,251,120,122,124,125,126,132,135,138,151,152,165,167,168,170,172,178,184,186,187,189,192,193,197,202,208,210,212,214,215,218,219,221,222,224,226,227,228,229,238,240,246,250,254,255,256
117:1,3,9,11,14,20,21,29,30,33,35,36,41,43,45,51,53,56,58,59,64,65,67,69,71,72,73,78,86,87,88,92,97,98,101,102,106,109,110,112,202,118,123,125,126,129,132,133,135,136,138,139,140,141,142,144,156,157,158,159,165,168,171,173,174,175,176,182,188,189,193,194,195,197,199,201,204,206,207,210,211,212,213,216,223,225,226,229,234,242,247,248,254,255
118:1,2,5,6,8,12,15,18,26,27,28,31,33,35,36,38,39,40,41,44,46,50,52,58,59,63,66,68,70,73,76,79,84,87,88,90,95,97,98,100,101,104,105,109,111,113,117,252,122,124,126,128,129,130,131,136,143,146,147,148,149,153,154,155,158,160,162,164,165,168,169,174,178,179,181,183,187,190,194,195,202,203,209,211,212,213,215,216,220,229,231,236,237,238,241,244,247,248,250,253,254,255,256,257
119:0,1,2,9,13,15,17,18,26,28,34,35,42,46,48,50,51,56,57,59,68,71,73,74,78,79,81,82,83,84,85,90,96,97,98,99,103,108,110,111,114,241,121,127,128,135,136,140,142,143,144,145,148,154,155,157,158,159,160,170,171,174,175,181,184,193,194,197,198,203,204,208,209,215,220,222,225,226,227,229,235,236,237,242,245,246,250,254,255,257
120:1,6,8,9,12,20,24,25,29,33,37,40,42,43,50,52,56,59,63,69,70,71,78,79,81,85,88,90,94,96,97,98,101,103,108,109,113,115,116,157,124,125,127,131,132,139,140,143,144,145,146,151,152,160,163,165,168,179,181,188,190,192,193,194,199,200,202,210,211,212,214,215,216,218,219,221,222,228,231,238,239,240,241,246,253,258
121:4,6,7,8,10,12,14,17,21,23,24,27,29,31,37,38,39,43,46,48,51,55,62,63,64,65,70,77,78,81,82,85,87,89,91,93,95,97,103,104,107,108,110,112,119,175,123,124,126,140,144,145,147,151,152,155,159,160,161,163,164,169,172,173,177,178,180,182,188,193,195,197,206,208,210,213,214,216,217,219,220,222,223,232,235,236,239,244,245,247,248,250,252,254,255,257,259
122:1,3,5,6,7,9,14,15,22,23,24,25,27,28,31,33,35,36,45,46,55,56,61,62,65,66,68,70,71,73,75,76,80,84,85,86,89,93,94,95,98,99,102,108,109,110,112,116,118,203,124,125,126,127,130,136,138,142,143,145,148,151,153,154,160,161,162,163,164,165,166,170,171,173,174,177,178,179,184,185,188,192,196,197,199,200,206,207,209,210,211,215,216,218,219,222,223,227,229,230,237,240,242,246,249,252,253,257,258
123:5,9,10,13,15,18,20,21,22,25,36,39,40,42,45,47,48,50,56,59,60,61,62,63,65,67,68,69,70,72,75,76,77,80,81,84,91,92,97,100,101,104,106,107,112,114,117,121,134,135,139,143,145,146,147,148,151,152,154,155,158,159,160,166,167,174,175,176,178,186,187,188,189,191,192,194,198,200,203,205,206,210,211,213,215,216,220,224,228,231,232,236,238,241,242,244,246,248,255,258
124:1,3,4,5,6,9,10,11,12,15,17,18,19,20,21,27,28,30,37,38,39,40,41,43,47,48,50,52,54,55,56,57,65,66,67,70,71,74,76,77,84,86,88,90,91,92,93,95,98,99,101,110,112,114,116,118,120,121,122,126,125,129,132,134,135,141,150,152,158,164,170,171,172,174,185,186,187,191,193,196,197,199,200,201,205,206,207,209,210,212,213,219,221,222,223,228,230,236,251,253,254
125:1,3,11,13,15,17,23,26,30,32,34,39,41,42,44,47,48,50,51,53,57,60,62,64,67,72,73,74,76,79,81,83,85,86,88,89,95,97,98,100,101,102,103,105,107,108,110,116,117,120,122,124,254,127,128,129,131,135,137,144,146,148,154,155,156,157,170,173,178,186,188,189,195,202,203,206,207,209,216,217,223,225,229,230,233,235,237,245,247,249,256,259
126:0,1,5,6,7,10,16,27,32,35,39,41,43,47,48,52,54,55,57,58,59,60,61,66,67,69,71,74,76,77,79,80,84,87,89,90,92,94,96,98,101,103,105,106,107,110,111,115,116,117,118,121,122,124,153,127,132,133,140,141,142,143,147,148,150,152,154,157,158,164,165,169,173,174,175,178,183,190,191,193,196,199,207,209,210,214,215,217,219,220,224,225,233,234,242,245,247,250,252,253,254,255,257,258,259
127:0,3,6,7,13,16,17,18,25,29,30,33,34,35,36,38,39,40,45,46,50,53,54,55,56,57,61,62,63,64,67,68,69,72,73,79,80,81,86,87,91,93,97,98,100,102,106,108,110,119,120,122,125,126,138,129,130,133,135,139,141,144,157,159,164,166,172,177,179,183,190,191,193,194,196,197,199,201,205,206,209,213,216,217,223,228,229,230,233,235,238,239,241,244,251,255,257
128:6,7,9,10,11,14,16,17,20,23,27,29,30,33,35,39,41,46,47,48,49,50,53,54,56,63,64,65,67,71,73,76,78,80,84,86,89,95,100,104,105,106,107,108,111,112,115,118,119,125,240,130,132,137,138,139,141,146,150,154,163,164,167,169,176,185,188,189,193,196,199,202,203,205,212,216,218,222,226,228,232,235,238,242,243,247,249,251,254,257
129:4,6,8,9,12,13,14,15,25,29,30,31,33,34,41,42,44,45,46,47,48,49,54,57,60,64,67,73,75,78,79,88,89,91,92,93,94,100,101,102,109,117,118,124,125,127,225,130,133,135,140,141,146,149,151,152,154,156,158,160,167,168,169,171,173,176,179,181,183,187,188,189,190,191,200,201,204,205,206,207,208,209,217,218,220,224,232,233,235,236,240,241,251,252,253,257,258
130:2,3,6,9,12,14,18,19,21,23,28,29,30,32,33,38,41,44,46,51,54,62,63,65,69,72,77,81,86,88,93,100,103,105,106,108,109,110,113,115,118,122,127,128,129,167,133,146,147,148,151,152,154,156,159,161,162,163,165,166,171,172,174,175,176,179,180,182,183,184,185,187,189,190,195,198,199,204,208,210,219,229,234,237,240,241,242,244,248,250
131:1,5,11,12,13,14,17,18,19,20,21,27,28,32,34,35,42,43,45,48,52,53,59,60,61,64,65,66,69,72,77,80,83,90,94,107,110,113,114,115,118,120,125,169,132,134,136,150,152,153,156,159,162,171,176,178,181,184,185,186,190,192,195,199,200,202,211,212,218,222,228,240,241,246,252
132:0,1,2,3,8,12,14,17,18,20,25,26,27,28,30,34,36,40,42,55,57,58,61,62,63,65,67,71,72,82,85,88,92,96,97,99,106,109,116,117,120,124,126,128,131,156,133,135,136,138,139,140,148,149,158,161,162,165,167,168,169,174,176,181,183,185,191,192,193,196,200,203,205,208,210,211,213,214,216,217,219,221,222,224,226,228,230,232,238,242,250,252,253,258
133:5,17,18,22,24,26,28,30,31,33,43,45,50,51,52,56,57,59,65,70,71,72,77,80,84,90,94,95,97,100,103,107,111,112,113,117,126,127,129,130,132,155,134,136,137,140,145,146,148,151,156,159,161,168,169,172,173,174,175,180,181,182,186,188,189,193,198,200,205,207,208,209,216,219,222,228,231,233,236,237,238,241,242,243,245,246,251,253,256,257
134:1,3,4,15,18,19,20,21,26,29,31,34,36,42,44,45,50,54,69,70,74,78,80,82,89,91,95,97,99,100,102,104,112,123,124,131,133,239,143,146,152,154,155,156,157,158,164,165,166,169,170,171,172,174,175,186,188,193,194,197,198,203,208,212,213,216,217,222,223,225,226,227,230,231,232,238,240,246,251,254,257,259
135:6,12,14,15,18,19,22,23,24,26,33,43,44,47,50,51,53,56,57,58,63,76,78,83,84,89,91,93,94,98,100,102,104,105,106,107,108,109,110,113,116,117,119,123,124,125,127,129,132,201,137,140,141,143,146,147,151,152,154,158,159,164,165,171,172,173,179,180,188,190,191,192,196,198,199,203,205,206,207,208,209,211,212,214,215,218,220,224,225,226,227,229,234,235,240,243,245,247,251,255,256,257
136:3,5,19,20,22,23,25,28,30,32,33,36,40,42,43,52,54,55,56,58,59,61,66,69,75,77,78,79,81,86,88,94,96,97,102,105,106,108,109,110,111,112,115,117,118,119,122,131,132,133,247,137,143,145,147,148,151,153,154,158,159,166,168,170,176,177,179,180,184,187,188,189,192,193,196,198,202,204,207,209,210,212,214,218,222,228,231,233,236,241,251,253,254,257,259
137:1,2,5,21,22,26,28,29,30,34,39,40,41,44,45,46,47,48,54,57,62,63,64,67,69,70,71,72,73,75,78,81,83,88,90,97,106,110,111,113,114,125,128,133,135,136,241,141,156,163,165,168,169,170,175,176,178,183,184,185,186,187,189,193,194,197,204,205,206,209,210,211,213,214,216,220,224,228,229,230,233,237,242,245,246,250,251,253
138:1,10,18,19,25,28,29,30,33,35,40,41,50,59,60,62,66,68,70,72,73,74,75,76,77,80,82,84,85,86,87,88,90,91,94,95,96,101,113,115,116,117,122,127,128,132,160,140,142,149,151,152,157,158,163,169,170,172,175,178,180,181,182,188,189,190,192,194,196,197,198,199,200,201,202,203,204,205,210,216,223,226,227,228,229,231,233,234,243,244,246,247,250,253,255,256,258
139:3,10,14,20,21,25,38,45,46,48,51,52,54,56,57,59,63,64,65,69,70,71,75,76,81,83,84,89,91,94,101,102,107,108,109,110,112,113,114,117,120,123,127,128,132,194,141,144,146,147,150,151,152,153,154,156,157,159,162,163,164,169,172,173,175,182,185,186,187,191,192,196,200,201,202,209,210,212,213,214,215,218,221,224,227,229,233,235,237,243,246,247,248,253,256
140:0,2,4,6,7,9,14,17,21,23,24,31,35,37,41,43,44,45,51,55,57,60,63,71,73,75,77,78,83,84,90,95,97,99,102,103,106,111,112,113,114,115,117,119,120,121,126,129,132,133,135,138,237,142,144,150,151,152,153,155,156,157,159,160,161,167,170,173,176,178,182,188,193,195,196,198,200,203,204,209,210,217,218,222,226,229,231,235,236,239,240,241,243,245,247,248,254,255,258,259
141:2,10,12,14,16,18,21,23,25,27,29,32,36,40,42,44,49,50,60,63,67,69,70,71,72,73,76,78,79,82,84,86,90,94,102,109,112,117,124,126,127,128,129,135,137,139,147,143,154,157,162,165,172,175,178,180,182,183,185,186,189,190,192,195,199,201,203,207,208,214,215,216,218,223,224,225,226,229,234,239,240,241,242,243,248,251,257
142:4,8,14,15,26,31,32,33,41,42,46,47,48,60,67,73,76,77,79,80,83,84,86,87,88,89,91,93,95,96,97,98,100,105,106,109,113,117,119,122,126,138,140,147,144,154,155,157,159,161,164,171,172,173,181,183,186,193,198,209,210,212,213,218,219,220,226,227,230,233,235,238,241,243,244,249,254,256,257,258
143:0,2,3,4,5,8,9,10,11,13,14,18,24,25,29,32,34,36,40,44,49,50,60,64,66,68,69,70,73,74,76,77,81,83,94,95,98,101,105,106,108,113,114,118,119,120,122,123,126,134,135,136,141,176,150,151,155,158,160,161,166,167,169,170,180,182,183,184,186,188,190,191,193,194,197,202,203,204,205,207,209,211,213,215,216,223,224,225,226,235,237,238,240,245,247,248,250,253,256
144:0,3,4,6,12,14,19,20,24,28,38,45,48,50,53,54,56,60,63,64,65,66,67,73,75,76,79,80,83,85,94,96,99,102,105,110,113,115,117,119,120,121,125,127,139,140,142,231,146,149,152,153,154,155,157,160,163,165,167,170,171,173,174,180,186,187,191,192,194,195,199,202,204,208,210,211,212,214,216,217,219,228,229,232,233,236,238,242,245,246,247,251,253,258,259
145:2,5,6,7,9,16,21,22,25,29,31,43,44,45,50,52,53,54,55,56,59,64,65,72,73,75,76,77,79,82,83,88,92,103,104,106,107,108,110,113,115,119,120,121,122,123,133,136,258,147,152,153,161,162,163,165,169,170,173,176,177,181,184,185,187,191,193,202,203,206,211,220,223,229,230,231,235,236,237,238,239,240,243,246,247,249,252,254,259
146:4,7,9,10,12,16,18,20,22,26,29,32,34,35,37,40,44,45,46,48,52,55,68,76,77,78,85,86,87,88,91,94,99,103,111,112,114,115,118,120,123,125,128,129,130,133,134,135,139,144,182,147,149,154,155,160,161,163,164,169,173,175,177,179,180,184,189,190,194,195,196,197,200,201,202,205,206,209,211,213,216,218,220,221,229,234,236,237,240,244,247,248,251,253,255,257,258
147:0,9,10,13,15,21,22,30,34,36,37,38,41,43,45,46,51,53,54,57,58,59,60,61,68,73,80,81,84,91,93,94,105,109,110,112,113,118,121,123,126,130,135,136,139,141,142,145,146,180,149,154,156,157,161,166,173,174,176,188,189,191,192,202,204,206,208,210,211,218,222,239,241,243,248,251,253,254,255,258
148:3,6,11,12,13,14,16,17,19,20,24,25,26,29,30,31,32,38,43,47,51,54,58,61,68,69,71,73,76,77,79,81,82,85,86,88,91,92,95,99,100,101,103,106,110,115,118,119,122,123,125,126,130,132,133,136,233,149,150,153,154,158,160,165,166,167,169,170,171,174,178,179,180,183,184,185,187,190,192,195,196,197,198,201,202,204,206,214,224,227,238,241,243,246,248,249,250,252,254,255,256,257
149:3,8,15,16,18,21,23,24,25,26,27,28,29,32,34,41,42,43,47,49,50,51,57,58,59,63,70,71,72,73,74,75,80,85,87,94,95,96,102,103,109,111,112,113,115,118,129,132,138,144,146,147,148,244,153,154,155,157,158,162,163,165,168,171,173,176,177,181,182,183,187,188,193,196,199,205,209,210,213,214,217,220,223,227,233,235,239,241,242,245,246,251,253,254,255,256,258
150:3,4,5,8,10,14,15,17,18,19,23,26,27,32,39,48,51,52,55,58,59,70,75,77,78,85,86,91,92,96,100,102,104,105,106,124,126,128,131,139,140,143,148,156,155,161,167,169,170,171,173,183,188,189,192,194,195,196,199,200,202,205,206,207,212,213,216,218,219,225,228,231,233,235,238,244,247,251
151:0,1,2,3,9,20,23,24,27,31,33,37,38,39,41,45,46,48,52,55,60,61,67,72,73,74,75,76,77,80,82,85,87,88,90,91,95,96,99,111,112,116,120,121,122,123,129,130,133,135,136,138,139,140,143,257,152,157,162,164,165,168,177,182,184,185,187,189,191,196,201,202,206,208,209,211,214,215,217,219,225,236,238,239,244,245,250,251,252,256
152:5,9,13,16,17,18,25,29,34,37,39,43,45,46,51,52,53,55,56,59,62,66,67,70,71,74,78,81,88,90,91,95,98,101,103,109,110,111,112,116,120,121,123,124,126,129,130,131,134,135,138,139,140,144,145,151,259,155,156,158,163,165,168,173,183,192,194,200,202,204,207,217,220,224,226,229,230,234,236,237,238,242,246,247,248,251,258
153:2,10,13,17,19,20,21,22,23,25,27,28,30,31,35,38,39,41,42,45,46,50,51,54,55,73,76,77,79,81,90,91,92,97,101,108,111,113,118,122,126,131,136,139,140,144,145,148,149,204,156,158,161,162,163,170,171,175,181,182,186,187,188,192,194,199,200,203,207,208,214,215,216,218,219,220,221,228,231,232,234,235,245,254,257
154:0,1,2,3,10,13,14,19,22,23,25,26,28,31,32,36,37,38,39,41,48,52,53,55,56,58,59,63,73,74,78,82,83,87,98,107,108,113,118,119,122,123,125,126,128,129,130,134,135,136,139,141,142,144,146,147,148,149,227,158,160,165,166,168,169,171,173,178,179,180,184,187,189,191,192,193,194,198,204,206,207,214,215,217,219,222,225,231,232,233,234,235,238,239,242,246,253
155:1,2,4,12,14,18,21,24,27,30,33,34,46,50,51,54,66,67,68,73,77,79,88,90,99,100,102,104,107,108,110,115,118,119,121,123,125,133,134,140,142,143,144,146,149,150,152,208,156,158,160,161,166,168,172,176,179,184,185,187,192,195,198,202,203,211,212,214,216,225,226,230,235,238,246,248,251,255,257
156:3,6,10,16,17,19,22,23,24,25,26,30,31,34,38,40,42,43,45,46,50,65,66,67,68,69,70,71,72,73,74,75,77,80,86,91,93,95,108,109,110,111,112,113,117,125,129,130,131,132,133,134,137,139,140,147,150,152,153,155,259,158,161,162,164,169,174,181,182,195,196,205,207,210,213,214,218,220,224,225,226,228,234,236,248,250,252,253,256,257
157:0,2,4,8,9,13,16,17,18,21,22,23,27,31,32,34,36,39,41,45,46,47,50,51,53,54,57,61,63,64,74,76,79,84,86,88,89,92,97,110,112,114,115,117,119,120,125,126,127,134,138,139,140,141,142,144,147,149,151,182,165,168,169,172,174,186,187,189,191,200,204,206,207,209,216,217,219,220,223,225,228,234,237,244,246,251,257
158:1,2,7,10,11,19,22,24,31,35,36,37,41,42,44,45,48,50,52,55,56,63,64,65,67,68,73,75,78,80,81,82,85,86,87,89,90,92,93,95,96,97,100,106,110,111,112,113,117,118,119,123,124,126,129,132,134,135,136,138,143,148,149,152,153,154,155,156,168,163,174,175,177,179,180,183,187,189,191,192,193,197,198,201,210,212,214,215,217,221,222,223,224,226,227,231,232,237,241,242,243,244,258
159:6,8,13,16,17,20,23,25,28,34,45,46,52,54,55,56,58,60,65,72,75,76,77,79,82,84,87,90,92,99,104,108,110,114,115,117,119,121,123,127,130,131,133,135,136,139,140,142,216,161,164,167,170,171,172,177,180,181,182,190,191,192,194,195,199,205,208,211,212,214,218,219,220,228,230,232,236,239,241,244,247,252,257
160:1,2,14,18,23,24,25,27,30,31,32,38,40,42,43,46,48,49,50,53,54,56,57,60,61,62,63,66,68,71,73,79,81,83,85,86,89,90,91,92,93,98,104,106,113,114,118,119,120,121,122,123,129,138,140,143,144,146,148,154,155,196,162,164,166,168,173,178,179,187,189,193,195,198,199,201,202,203,206,209,210,215,218,220,224,226,228,229,231,232,233,234,235,236,240,241,242,245,251,253,255,258
161:3,6,9,10,12,16,23,24,25,28,30,31,34,36,37,38,43,45,47,56,61,63,66,67,68,72,73,75,81,92,93,96,99,102,105,108,109,114,121,122,130,132,133,140,142,143,145,146,147,150,153,155,156,159,252,163,164,165,169,170,172,176,178,179,183,185,186,189,190,193,198,202,203,205,211,214,219,222,224,227,228,231,234,241,242,245,249,250
162:0,2,3,4,5,7,9,12,16,23,32,33,35,41,46,47,54,63,72,77,80,83,90,94,95,97,100,108,109,112,113,114,118,122,130,131,132,139,141,145,149,151,153,156,160,167,165,166,169,174,175,181,183,189,190,192,194,195,196,202,204,205,208,209,210,213,214,218,220,222,223,224,227,229,230,234,237,239,240,244,251,253,256,258
163:0,1,2,5,9,15,16,17,19,23,30,31,33,34,39,40,42,43,45,49,50,51,52,56,60,62,63,69,72,73,74,76,81,89,91,92,94,95,97,98,99,102,106,120,121,122,128,130,137,138,139,144,145,146,149,152,153,158,161,180,165,166,167,170,172,177,179,182,183,186,190,191,194,202,205,215,217,219,221,222,223,225,227,234,237,239,240,241,242,245,248,255,257
164:0,1,9,11,13,16,18,22,23,25,27,28,29,34,35,37,38,42,47,50,51,58,60,62,65,67,69,77,81,82,84,85,88,90,93,95,99,101,102,105,108,110,118,121,122,124,126,127,128,134,135,139,142,146,151,156,159,160,161,180,165,167,170,171,179,187,190,192,193,194,196,200,201,202,203,206,211,217,219,220,221,227,230,233,238,243,248,249,251,253
165:0,3,4,6,7,12,14,19,24,25,30,31,37,38,39,40,42,43,44,45,49,50,52,57,60,65,68,76,81,82,88,89,90,91,92,94,97,99,101,102,106,107,111,112,116,117,118,120,122,126,130,132,134,135,137,141,144,145,148,149,151,152,154,157,161,162,163,164,258,170,173,174,181,183,187,192,196,197,198,199,200,203,204,211,212,213,216,221,222,225,228,229,230,232,236,239,240,241,243,244,245,249,250,256
166:0,1,2,5,6,8,9,10,13,18,21,26,29,33,36,37,42,43,49,50,53,54,55,57,58,62,67,68,69,71,73,75,79,80,84,89,90,91,97,102,103,106,107,109,115,122,123,127,130,134,136,143,147,148,154,155,160,162,163,257,169,170,171,172,173,175,177,178,179,181,182,183,184,188,193,194,202,204,205,207,209,212,218,223,227,230,238,242,243,244,245,248,250,252,254,255,259
167:1,4,9,10,13,18,20,24,26,29,33,34,39,40,42,44,46,47,48,52,53,56,57,59,65,66,68,69,74,77,78,84,85,90,91,93,94,95,96,100,101,102,104,106,109,111,113,114,116,123,128,129,130,132,140,143,144,148,150,159,162,163,164,198,170,171,172,175,177,184,187,191,192,193,194,195,201,207,209,211,217,218,220,221,229,232,233,236,237,238,239,241,248,251,255,257,259
168:1,2,5,6,7,11,13,16,18,21,29,33,37,43,44,48,53,54,55,58,59,61,65,67,68,76,79,85,94,101,102,103,105,107,112,114,116,117,118,120,129,132,133,136,137,149,151,152,154,155,157,158,160,211,170,174,175,179,191,201,203,205,213,217,220,221,225,228,230,231,232,239,243,245,246,247,251,252,253,254,255,256,257,258
169:0,1,4,5,6,9,13,19,26,27,29,31,35,38,43,45,51,52,55,60,61,62,63,66,70,72,73,74,77,81,82,88,90,96,100,101,104,107,110,113,114,118,121,126,128,129,131,132,133,134,137,138,139,143,145,146,148,150,154,156,157,161,162,166,178,170,173,175,176,180,181,182,183,186,187,188,189,190,193,194,196,198,199,207,208,209,211,212,213,214,228,233,238,239,240,241,243,254,255,258,259
170:0,4,7,9,20,22,25,29,30,33,37,39,41,43,44,46,54,56,58,59,62,64,67,72,73,77,79,83,87,92,99,101,107,109,113,114,116,119,122,124,125,134,136,137,138,140,143,144,145,148,150,153,159,161,163,164,165,166,167,168,169,254,174,177,178,181,182,183,184,185,187,189,190,191,194,195,197,198,199,200,202,208,209,215,218,227,228,229,230,232,234,235,239,243,245,247,252,253,255,258,259
171:0,3,8,9,11,12,13,19,21,22,23,24,28,38,39,41,43,45,49,51,53,54,55,56,57,60,62,64,68,70,71,72,77,80,86,87,88,95,96,97,98,99,101,105,110,112,115,117,119,122,124,129,130,131,134,135,142,144,148,149,150,153,154,159,164,166,167,257,176,177,180,181,182,183,184,186,187,188,190,194,195,196,199,200,202,207,208,209,211,212,223,227,233,239,240,241,244,245,246,247,249,250,251,253
172:1,3,9,11,13,16,17,18,19,21,26,27,34,35,37,38,41,46,48,50,51,54,56,57,58,59,68,74,75,81,82,88,89,92,93,94,95,96,103,106,108,111,112,115,116,121,124,127,130,133,134,135,138,139,141,142,155,157,159,161,163,166,167,246,180,184,188,190,197,202,203,206,208,210,212,216,222,224,226,228,234,240,242,243,249,250,255,257
173:0,1,5,8,9,10,11,12,15,21,23,26,28,29,30,31,34,38,39,40,41,46,47,48,52,54,55,60,75,76,78,80,85,88,89,90,94,96,97,103,106,107,117,121,122,125,126,129,133,135,139,140,142,144,145,146,147,149,150,152,154,160,165,166,169,201,174,176,178,182,184,192,195,198,203,204,207,209,210,211,214,221,222,225,229,232,233,234,238,239,240,241,243,244,245,247,248,257,258,259
174:0,1,3,4,5,9,10,12,13,17,19,25,26,27,28,31,41,42,50,51,52,54,57,60,63,65,67,69,71,72,74,76,78,79,81,83,85,87,90,94,96,101,110,115,117,118,119,122,123,124,126,130,132,133,134,144,147,148,156,157,158,162,165,168,170,173,175,178,183,184,185,187,190,191,193,194,199,203,205,206,210,213,217,218,223,238,245,257
175:1,5,6,14,21,24,25,26,31,33,35,41,44,46,49,52,54,55,60,63,69,71,73,78,81,88,89,95,99,102,104,111,117,119,121,123,126,130,133,134,137,138,139,141,146,153,158,162,166,167,168,169,174,238,176,179,182,189,191,192,202,205,206,208,212,214,216,223,226,234,237,239,247,248,254,255,259
176:0,4,5,12,13,15,16,21,24,30,31,32,37,38,43,44,45,47,48,49,53,54,60,65,68,70,71,72,74,79,81,83,84,85,86,88,91,92,94,102,103,107,110,113,117,123,128,129,130,131,132,136,137,140,143,145,147,149,155,161,169,171,173,175,190,181,183,184,185,187,189,197,198,200,209,210,215,218,219,222,225,226,228,231,233,238,239,240,243,245,247,250,252,255,257,259
177:0,4,5,6,7,8,11,14,17,23,25,31,35,36,41,43,47,51,52,53,55,69,73,74,81,83,86,100,101,102,106,108,110,114,121,122,127,136,145,146,149,151,158,159,163,166,167,170,171,242,179,183,185,186,190,197,198,202,210,211,213,214,215,217,218,219,221,227,229,235,249,250,251,252,253,258,259
178:0,1,5,9,10,11,13,14,19,22,24,29,31,43,48,51,54,55,57,62,64,65,66,71,72,76,77,79,80,81,85,86,90,98,103,105,111,113,115,116,118,121,122,123,125,126,131,137,138,140,141,148,154,160,161,166,169,170,173,174,211,188,193,197,198,199,201,202,203,206,208,209,212,215,216,217,224,226,229,231,232,236,238,240,242,244,245,247,251,252,254,255
179:6,7,12,14,18,25,26,28,31,32,34,35,36,37,38,43,44,45,47,48,50,51,55,57,58,65,68,69,70,71,74,75,86,88,91,94,98,101,103,105,109,110,111,114,118,120,122,127,129,130,135,136,146,148,154,155,158,160,161,163,164,166,168,175,177,223,181,185,189,191,193,194,197,200,201,203,208,212,215,216,219,220,222,231,236,238,240,242,243,246,248,250,251,254,255,258,259
180:1,6,11,15,18,20,21,24,31,32,34,39,47,50,51,53,57,59,64,69,71,72,85,87,91,93,107,109,113,114,121,130,133,135,136,138,141,143,144,146,147,148,154,158,159,163,164,169,171,172,250,181,188,195,196,197,201,203,204,208,209,210,212,213,217,218,219,220,223,225,226,231,233,235,237,238,240,245,247,249,252,253,254,257,259
181:0,2,6,9,10,13,14,17,23,24,26,27,31,33,34,36,41,42,43,45,48,49,54,58,59,60,62,65,67,68,69,70,73,74,75,78,79,81,84,87,90,93,94,95,96,102,104,105,106,111,114,118,119,120,129,131,132,133,138,142,145,149,153,156,159,162,165,166,169,170,171,176,179,180,230,182,185,186,189,190,191,192,196,206,209,210,211,214,216,217,218,222,234,235,238,239,240,241,242,248,255,256
182:4,6,7,11,12,13,19,20,21,23,24,31,32,35,37,38,39,41,43,45,48,49,51,53,56,60,61,62,68,69,70,74,76,82,83,85,87,88,90,93,94,96,100,105,107,108,109,110,113,114,117,121,130,133,138,139,140,141,143,146,149,151,153,156,157,159,163,166,169,170,171,173,175,181,236,188,191,192,193,197,199,204,205,208,210,211,212,213,215,216,217,222,225,229,230,232,244,248,249,250,251,253,258,259
183:0,1,3,8,11,15,19,27,32,34,37,42,44,47,48,49,50,51,53,55,56,61,64,67,70,75,77,78,79,85,89,90,92,96,98,100,101,102,108,109,113,114,115,118,126,127,129,130,132,137,141,142,143,148,149,150,152,158,161,162,163,165,166,169,170,171,174,176,177,252,185,190,195,196,197,198,199,201,202,206,215,217,219,220,221,223,226,228,238,244,248,249,251,253,254,256,257
184:8,10,19,20,23,26,27,32,33,37,38,39,41,43,44,45,59,61,64,70,76,82,84,85,87,88,91,96,97,98,99,100,103,105,106,107,109,112,116,119,122,130,131,136,137,143,145,146,148,151,154,155,166,167,170,171,172,173,174,176,252,185,187,191,193,198,204,206,210,212,213,214,216,222,233,235,236,237,241,242,243,244,245,246,249,253,257,259
185:1,7,14,15,17,18,20,22,23,24,29,33,34,35,36,38,39,42,46,50,51,53,58,61,66,68,69,70,73,76,78,82,83,84,85,86,87,92,94,96,98,103,112,113,122,124,128,130,131,132,137,139,141,145,148,151,155,161,170,174,176,177,179,181,183,184,255,186,187,189,190,196,199,202,203,206,209,212,213,219,220,222,225,226,227,230,234,235,240,242,244,250,251,254,256,259
186:2,3,5,7,8,15,21,22,25,27,31,38,40,42,50,53,55,58,59,63,71,74,76,78,79,82,91,94,95,98,101,104,106,114,115,116,123,124,125,131,133,134,137,139,141,142,143,144,153,157,161,163,169,171,177,181,185,237,188,189,195,196,197,202,203,206,211,220,221,224,225,226,227,228,230,231,232,233,234,239,240,243,245,248,249,255,256,257
187:0,3,5,14,15,17,19,24,25,30,31,34,36,38,43,45,46,47,50,51,57,58,60,64,66,67,68,71,72,75,77,79,80,81,86,88,94,99,100,101,102,104,105,109,110,116,118,123,124,129,130,136,137,139,144,145,148,149,151,153,154,155,157,158,160,164,165,167,169,170,171,174,176,184,185,214,192,193,195,202,203,205,206,208,209,213,217,221,227,230,233,239,240,243,246,248,249,252,253,257
188:0,3,6,7,11,12,14,18,19,20,25,30,31,32,33,34,37,39,40,41,42,44,54,55,61,64,66,69,70,71,74,77,79,83,85,89,90,92,96,99,104,108,112,114,117,120,121,122,123,125,128,129,133,134,135,136,138,140,143,147,149,150,153,166,169,171,172,178,180,182,186,212,190,193,194,195,198,199,201,207,208,214,221,226,232,239,240,241,242,245,246,249,253,254,256,257
189:0,2,5,9,10,11,16,17,18,21,25,26,28,31,32,33,34,35,38,42,44,50,51,62,64,65,66,72,74,75,76,81,82,83,85,89,90,97,100,101,108,112,113,116,117,123,125,128,129,130,133,136,137,138,141,146,147,150,151,154,157,158,160,161,162,169,170,175,176,179,181,185,186,225,192,194,195,197,198,202,206,221,226,227,228,230,234,235,236,237,245,246,248,249,251,253,255,257,259
190:0,1,3,7,13,14,16,18,20,23,24,27,33,40,43,51,52,54,56,60,63,64,66,73,84,85,93,94,96,103,104,107,112,118,120,126,127,129,130,131,135,138,141,143,146,148,159,161,162,163,164,169,170,171,172,174,176,177,181,183,185,188,216,191,194,197,199,202,206,208,211,213,220,222,224,228,231,232,233,236,241,242,256,259
191:8,9,10,11,13,18,25,27,31,33,34,36,39,41,51,57,62,74,76,79,83,85,89,94,95,97,98,99,100,102,104,105,108,110,111,112,123,124,126,127,129,132,135,139,143,144,145,147,151,154,157,158,159,163,167,168,170,174,175,179,181,182,184,190,226,203,204,207,208,209,210,214,215,217,218,219,221,223,224,225,229,231,237,241,242,244,245,248,252,257
192:0,1,5,15,16,27,28,34,35,36,43,46,47,49,50,51,54,59,60,62,63,64,65,69,73,74,75,76,77,78,81,83,91,93,94,96,97,98,100,107,108,112,116,120,122,123,131,132,135,136,138,139,141,144,147,148,150,152,153,154,155,158,159,162,164,165,167,173,175,181,182,187,189,194,195,197,202,203,205,208,211,212,214,215,218,221,231,235,236,242,246,249,250,251,252,256,258,259
193:0,4,5,11,13,17,18,20,21,24,26,31,35,39,42,43,44,48,50,52,55,56,60,61,65,68,69,74,75,77,78,85,89,90,91,96,101,102,104,106,108,109,112,116,117,119,120,121,124,126,127,128,132,133,134,136,137,140,142,143,145,149,154,158,160,161,164,166,167,169,174,178,179,182,184,187,188,214,196,197,200,202,208,210,211,221,222,224,225,228,229,231,232,233,238,239,240,245,246,251,253,254,255,258
194:2,5,6,7,8,9,12,16,17,18,24,25,27,32,40,42,43,44,45,46,53,54,55,59,68,70,76,81,83,84,85,91,92,94,99,100,104,105,106,107,109,110,111,112,117,118,119,120,123,127,134,137,138,139,143,144,146,150,152,153,154,159,162,163,164,166,167,169,170,171,174,179,188,189,190,192,236,196,197,204,205,211,213,215,217,218,221,222,224,225,226,228,233,235,237,239,242,244,247,253,254,256,257
195:1,4,5,8,10,12,14,17,21,23,28,33,35,36,37,41,47,50,52,53,62,68,70,72,73,74,75,76,78,79,80,85,87,88,91,94,98,101,107,108,114,117,118,121,125,130,131,140,141,144,146,148,150,155,156,159,160,162,167,170,171,173,180,183,186,187,188,189,192,236,198,206,210,211,213,217,223,224,227,230,231,234,237,240,244,247,250,251,258
196:2,5,7,8,10,11,12,14,15,16,26,27,28,30,35,36,47,51,52,56,58,60,62,64,67,71,74,81,94,97,99,104,105,107,108,109,111,113,114,122,124,126,127,128,132,135,136,138,139,140,146,148,149,150,151,156,160,162,164,165,169,171,180,181,183,185,186,193,194,233,197,198,200,202,204,207,208,213,216,217,219,223,226,228,230,236,237,238,249,250,255,256,259
197:0,2,4,7,14,19,21,22,23,28,34,35,41,42,44,48,50,52,53,56,57,58,59,62,64,66,69,75,76,77,78,80,81,83,86,91,92,94,100,103,105,107,110,111,114,116,117,119,121,122,124,127,134,137,138,143,146,148,158,165,170,172,176,177,178,179,180,182,183,186,189,190,192,193,194,196,231,199,200,202,204,210,211,216,217,222,225,228,229,230,235,239,244,251,252,258,259
198:0,1,10,11,13,16,17,23,24,26,30,32,34,40,42,47,50,53,58,63,66,67,68,69,72,74,80,83,86,88,89,90,91,98,99,103,115,119,123,130,133,134,135,136,138,140,142,148,154,155,158,160,161,165,167,169,170,173,176,177,178,183,184,188,189,195,196,211,202,203,206,207,210,212,214,216,218,219,220,221,223,224,226,228,230,232,233,234,235,237,238,244,245,253,254,256,259
199:2,3,7,10,11,17,18,21,22,24,25,26,28,31,35,36,44,45,46,47,48,49,51,57,60,62,71,72,77,90,92,94,96,103,107,113,117,120,122,124,126,127,128,130,131,135,138,141,144,149,150,153,159,160,165,169,170,171,174,178,182,183,185,188,190,197,217,200,201,202,206,208,210,212,214,219,220,221,222,223,225,228,233,236,238,243,246,247,249,252,254,259
200:6,8,9,10,14,16,21,26,28,34,35,41,42,48,49,50,51,56,57,64,65,66,74,79,80,82,84,86,87,90,92,95,97,99,100,104,106,109,111,112,114,115,120,122,123,124,129,131,132,133,138,139,140,146,150,152,153,157,164,165,170,171,176,179,193,196,197,199,201,202,207,209,211,221,223,224,226,228,232,233,244,245,249,253,254,258
201:0,2,4,5,6,7,10,11,12,13,15,17,18,21,22,23,24,28,30,33,35,41,43,44,46,47,48,53,55,57,58,61,64,66,74,81,84,85,87,94,111,112,113,114,115,117,124,127,129,135,138,139,141,146,148,151,158,160,164,167,168,173,178,179,180,183,188,199,200,206,202,210,213,214,218,222,227,228,229,238,241,242,243,244,246,247,250,251,254,259
202:3,6,8,9,11,12,14,17,18,20,24,32,38,39,41,45,48,50,52,54,57,58,60,61,64,65,67,72,75,77,80,82,85,87,89,96,98,100,102,108,109,110,113,114,116,117,118,120,125,128,131,136,138,139,143,144,145,146,147,148,150,151,152,155,160,161,162,163,164,166,170,171,172,175,177,178,183,185,186,187,189,190,192,193,196,197,198,199,200,201,237,205,208,211,212,214,216,219,220,222,225,230,236,238,240,241,245,247,248,253,256,258
203:2,3,4,8,12,14,19,21,24,25,27,33,34,36,39,42,46,49,53,59,61,62,63,67,73,74,81,84,85,86,89,93,95,96,97,105,107,108,111,118,119,122,123,125,128,132,134,135,138,140,141,143,145,153,155,160,161,164,165,168,172,173,174,178,179,180,185,186,187,191,192,198,243,204,205,206,207,209,210,211,212,214,215,217,218,223,224,226,232,234,236,245,246,247,249,253,258
204:1,3,12,13,16,17,18,21,23,24,25,26,28,31,34,35,36,37,45,47,51,54,57,60,61,64,67,68,73,75,76,77,78,82,83,84,88,91,94,96,101,106,107,108,111,114,117,119,129,130,136,137,138,140,143,144,147,148,152,153,154,157,162,165,166,173,180,182,184,191,194,196,197,203,222,207,208,209,213,215,216,217,221,226,228,232,234,237,238,242,243,244,245,251,253
205:2,5,7,8,10,11,13,19,27,28,29,33,37,39,45,46,49,57,69,77,80,82,83,86,93,94,96,97,100,101,102,106,110,114,115,123,124,127,128,129,132,133,135,137,138,143,146,149,150,156,159,161,162,163,166,168,174,175,182,187,192,194,202,203,259,206,207,211,213,214,216,217,218,220,222,223,225,227,228,230,234,236,238,242,243,249,252,255
206:1,3,6,10,16,17,18,23,25,27,28,31,32,38,39,42,45,47,50,51,55,57,61,66,70,74,76,77,79,82,84,85,86,87,94,97,99,100,101,102,104,107,114,117,121,122,123,124,125,127,129,135,137,145,146,147,148,150,151,154,157,160,164,172,174,175,178,181,183,184,185,186,187,189,190,195,198,199,201,203,205,210,215,216,217,219,223,224,226,227,229,233,235,237,238,240,245,248,251,256,258,259
207:0,2,3,5,6,7,8,9,12,13,14,16,17,20,21,24,25,26,31,34,35,38,40,45,46,47,48,49,50,52,53,54,59,65,66,68,70,71,73,76,80,81,83,89,92,93,94,96,97,98,100,103,106,110,111,115,117,122,124,125,126,129,133,135,136,141,143,150,152,153,154,156,157,166,167,169,171,173,188,191,196,198,200,203,204,205,216,212,215,218,226,227,228,229,231,233,237,238,239,243,245,250,252,258
208:6,7,8,11,13,15,20,23,26,27,29,30,31,32,34,35,36,37,38,40,45,46,47,50,51,55,58,60,63,68,72,73,76,77,79,87,91,97,98,100,102,103,107,109,112,115,116,119,121,129,130,132,133,134,135,141,144,147,151,153,155,159,162,169,170,171,172,175,178,179,180,182,187,188,190,191,192,193,196,199,202,204,217,213,216,219,221,222,225,230,235,244,246,247,249,250,251,252,253,256,257,258,259
209:0,1,10,12,13,14,17,18,29,31,32,38,39,41,46,47,50,52,53,54,56,57,58,59,60,62,63,65,66,67,71,72,73,74,76,78,79,80,81,87,88,89,94,95,98,103,107,110,113,114,118,119,122,124,125,126,127,129,133,135,136,137,139,140,142,143,146,149,151,157,160,162,166,167,169,170,171,173,176,178,180,181,185,187,191,200,203,204,218,212,213,214,217,220,222,224,229,232,236,240,244,245,254
210:0,3,4,9,10,13,18,20,21,23,26,28,33,34,35,36,40,42,47,51,61,63,64,65,66,69,70,78,79,80,81,83,85,88,89,93,95,96,97,99,100,102,104,109,114,116,117,120,121,122,123,124,126,130,132,136,137,138,139,140,142,144,147,149,156,158,160,162,172,173,174,176,177,180,181,182,184,191,193,195,197,198,199,201,203,206,222,211,212,213,216,223,224,225,228,229,231,232,237,238,239,240,241,251,255
211:2,9,13,17,18,20,23,25,28,30,31,33,35,39,40,41,43,45,46,51,53,54,56,61,62,64,70,71,75,76,81,88,90,91,92,98,100,101,103,107,113,115,117,118,120,122,123,131,132,135,137,143,144,145,146,147,151,155,159,161,164,165,167,168,169,171,173,177,178,181,182,186,190,192,193,194,195,197,198,200,202,203,205,210,230,212,218,219,220,222,224,226,227,228,232,233,238,244,246,251,253,254,256,258
212:5,8,10,14,16,17,18,19,25,27,28,29,30,34,42,47,51,53,59,64,65,67,73,78,85,87,88,92,97,98,101,105,108,109,114,116,117,118,120,124,128,131,134,135,136,139,142,144,150,155,158,159,165,166,169,171,172,175,178,179,180,182,184,185,188,192,198,199,202,203,207,209,210,211,256,213,215,217,218,221,227,229,231,234,239,245,247,250,252,258
213:0,2,3,6,10,12,14,15,17,19,24,28,29,48,49,51,53,55,64,66,68,75,85,86,91,94,97,99,103,105,108,111,114,115,117,118,121,123,124,127,132,134,137,139,142,143,146,149,150,156,162,165,168,169,174,177,180,182,184,185,187,190,194,195,196,201,204,205,208,209,210,212,243,215,216,217,223,225,226,227,230,232,233,235,236,238,239,241,245,248,249,256,257,258,259
214:4,7,9,13,18,19,20,22,24,28,32,34,36,38,40,42,46,49,50,53,55,56,62,64,67,70,74,76,81,83,87,92,94,95,100,101,102,107,110,116,120,121,126,132,135,136,137,139,141,144,148,149,151,153,154,155,156,158,159,161,162,169,173,175,177,181,184,187,188,191,192,193,198,199,201,202,203,205,209,221,223,224,225,227,230,232,234,237,238,239,245,246,247,249,252,256,259
215:2,3,8,10,11,12,16,17,18,20,21,22,24,25,26,28,29,31,33,35,36,44,47,57,58,59,63,67,68,69,72,73,75,76,78,85,93,95,96,100,101,102,103,104,106,107,109,112,114,116,118,119,120,122,123,126,135,139,141,143,151,153,154,158,160,163,170,176,177,178,179,182,183,191,192,194,203,204,206,207,212,213,251,218,225,226,231,236,239,250,254,256,259
216:3,4,7,9,11,13,15,19,24,25,28,32,34,38,42,44,45,46,49,50,51,56,57,63,64,65,71,72,73,77,78,79,80,83,85,87,88,89,91,94,97,98,99,100,101,103,104,106,107,110,112,114,117,118,120,121,122,123,125,127,128,132,133,134,137,138,141,143,144,146,150,153,155,157,159,165,172,175,178,179,181,182,184,190,196,197,198,202,204,205,206,207,208,210,213,241,219,227,230,232,234,240,243,253,259
217:2,5,11,12,13,17,19,21,25,26,27,28,31,32,35,36,38,39,41,44,46,47,49,50,54,55,58,59,60,62,64,66,67,71,74,80,82,85,87,88,93,95,97,98,103,106,111,113,121,125,126,127,129,132,134,140,144,149,151,152,154,157,158,163,164,167,168,174,177,178,180,181,182,183,187,191,194,195,196,197,199,203,204,205,206,208,209,212,213,256,218,219,221,222,223,224,227,228,230,231,232,238,245,250,251,252,257
218:1,2,3,4,5,11,22,25,26,29,33,37,38,41,42,44,45,48,50,52,54,57,61,62,64,66,69,71,72,73,81,82,89,91,93,100,101,102,103,104,105,106,107,113,114,116,120,122,128,129,131,135,136,139,140,141,142,146,147,150,153,156,159,160,162,166,167,170,174,176,177,180,181,191,192,194,198,201,203,205,207,209,211,212,215,217,224,221,228,233,234,236,239,252,254,256,258
219:0,3,7,8,11,12,13,18,19,23,25,28,29,30,31,32,34,35,38,45,47,48,50,52,54,57,58,61,62,63,68,71,74,76,77,78,82,83,86,88,89,93,95,98,103,109,110,116,120,121,122,124,126,130,132,133,142,144,150,151,153,154,157,159,161,163,164,176,177,179,180,183,185,191,196,198,199,202,206,208,211,216,217,240,220,222,224,225,226,229,233,234,241,243,244,248,250,251,252,254,257,259
220:1,4,5,9,11,12,15,18,19,21,27,34,37,38,41,42,47,48,49,51,53,58,59,61,62,65,67,74,81,82,86,88,90,91,97,100,102,111,118,119,121,123,126,129,135,137,142,145,146,149,152,153,156,157,159,160,162,164,167,168,179,180,183,185,186,190,198,199,202,205,209,211,219,245,223,225,228,230,231,246,248,251,255,258
221:8,9,10,16,20,21,23,26,29,38,42,44,45,46,47,48,50,51,56,59,61,64,65,69,70,71,73,74,82,83,86,87,92,94,96,102,104,107,112,113,116,120,124,132,139,146,153,158,163,164,165,167,168,173,177,183,186,187,188,189,191,192,193,194,198,199,200,204,208,212,214,217,218,237,222,230,231,243,247,252,253,254,255,256,258
222:1,4,6,7,10,11,15,16,18,19,22,23,29,32,34,39,49,50,52,54,62,63,65,66,71,72,74,77,78,79,83,84,85,89,92,94,102,103,109,110,113,114,115,116,119,120,121,122,124,128,131,132,133,134,136,140,147,154,158,161,162,163,165,172,173,176,179,181,182,184,185,190,193,194,197,199,201,202,204,205,208,209,210,211,217,219,221,236,224,226,227,229,234,235,238,239,240,241,243,247,248,254,256,258
223:0,1,2,4,6,7,10,14,15,17,18,24,27,28,29,36,37,38,42,43,45,46,47,50,51,58,67,68,73,74,75,77,83,88,89,92,94,97,101,102,107,111,114,117,121,122,124,125,127,134,138,141,143,145,149,157,158,162,163,166,171,174,175,179,180,183,191,195,196,198,199,200,203,205,206,210,213,214,217,220,240,224,227,230,233,243,246,249,251,254,257,258
224:1,3,4,5,6,9,12,14,15,18,19,20,21,25,32,36,39,40,49,52,53,54,55,56,58,60,61,62,64,65,70,72,73,78,82,83,84,85,92,95,97,98,100,101,104,107,116,123,126,129,132,135,137,139,141,143,148,152,156,158,160,161,162,172,178,186,190,191,193,194,195,198,200,203,206,209,210,211,214,217,218,219,222,223,235,228,231,233,234,236,241,242,243,247,251,254,257,258
225:2,9,12,13,14,19,23,25,27,28,31,35,37,39,41,42,45,46,49,52,54,56,57,58,63,71,72,75,86,88,89,93,94,95,98,100,101,103,104,105,108,113,114,117,119,125,126,129,134,135,141,143,150,151,154,155,156,157,163,165,168,173,176,180,182,185,186,189,191,193,194,197,199,202,205,208,210,213,214,215,219,220,249,226,230,231,233,237,241,248,255
226:0,1,2,9,14,16,17,18,19,23,26,29,31,32,34,35,36,37,43,44,47,52,54,56,60,64,70,71,72,73,74,76,77,84,86,88,91,95,99,106,111,113,114,116,117,119,128,132,134,135,138,140,141,142,143,152,155,156,158,160,172,175,176,178,180,183,185,186,188,189,191,194,196,198,200,203,204,206,207,211,213,215,219,222,225,235,229,230,236,238,241,244,245,249,250,251,255,257,258,259
227:0,3,6,12,13,14,18,20,22,23,28,29,30,31,33,36,41,43,44,46,49,50,51,53,57,59,60,61,68,69,71,74,78,82,85,91,93,99,100,108,109,110,114,116,119,122,134,135,138,139,142,148,149,154,158,161,162,163,164,166,170,171,177,185,186,187,189,195,201,205,206,207,211,212,213,214,216,217,222,223,256,234,236,237,238,243,245,247,249,250,251,252,253,254,255,257,259
228:0,2,3,7,8,9,10,11,12,14,16,19,25,27,40,42,43,48,51,53,59,60,68,69,70,71,74,75,77,78,82,87,89,90,93,98,103,111,112,114,116,120,123,124,127,128,131,132,133,136,137,138,144,150,153,156,157,159,160,161,165,168,169,170,172,176,183,186,189,190,193,194,196,197,198,199,200,201,204,205,207,210,211,217,218,220,224,236,232,237,239,246,250,251,254,255
229:4,7,9,10,15,16,18,22,25,26,29,30,32,33,38,39,42,45,48,49,54,58,60,64,68,70,71,74,76,78,80,81,82,84,86,90,96,97,100,105,110,111,112,114,115,116,117,118,119,122,125,127,130,135,137,138,139,140,141,144,145,146,152,160,162,165,167,170,173,177,178,182,191,193,197,201,206,207,209,210,212,219,222,226,252,230,232,233,237,241,242,243,245,246,247,248,250,251,253,255,256,259
230:1,4,5,6,11,13,14,16,18,19,21,24,26,30,33,35,36,42,44,45,47,52,53,54,58,59,63,64,65,66,68,69,70,73,74,75,79,81,83,84,96,97,99,104,105,106,107,108,111,122,124,125,127,132,134,137,142,145,152,155,159,162,164,165,166,168,170,181,182,185,186,187,189,195,196,197,198,202,205,208,211,213,214,216,217,220,221,223,225,226,229,249,231,236,237,239,242,248,253,254,257,259
231:2,3,4,5,6,10,13,18,23,24,31,33,40,46,50,52,56,57,58,66,67,68,74,75,76,77,80,86,87,88,90,92,94,96,101,103,109,110,111,112,118,120,123,133,134,136,138,140,144,145,150,153,154,158,160,161,168,176,178,179,180,186,190,191,192,193,195,197,207,210,212,215,217,220,221,224,225,230,245,232,241,257
232:2,3,6,9,11,12,20,22,24,26,28,29,30,31,32,34,35,42,46,49,50,51,55,60,61,74,76,78,84,86,88,91,93,95,98,99,101,102,103,107,110,112,113,115,121,123,128,129,132,134,144,153,154,158,159,160,165,167,168,170,173,178,182,186,188,190,193,198,200,203,204,209,210,211,213,214,216,217,228,229,231,246,236,238,239,243,244,247,250,252,257
233:1,2,10,12,22,23,26,28,30,31,38,39,43,50,54,58,59,60,67,71,78,81,83,88,92,93,96,104,110,111,114,125,126,127,129,133,136,137,138,139,142,144,148,149,150,154,160,164,167,169,171,173,176,180,184,186,187,190,193,194,196,198,199,200,206,207,211,213,218,219,223,224,225,229,237,234,240,241,245,246,247,249,252,253,254,256
234:10,13,15,16,19,23,25,26,27,28,30,34,35,37,39,46,47,54,55,57,58,62,67,69,71,75,77,82,89,92,95,105,108,110,111,113,114,115,117,126,130,135,138,141,146,152,153,154,156,157,160,161,162,163,170,172,173,175,181,185,186,189,195,198,203,204,205,212,214,216,218,219,222,224,227,233,240,239,243,253,255,259
235:1,5,9,18,24,25,30,31,33,35,37,40,45,46,54,56,59,64,69,74,78,80,84,87,88,89,90,92,96,97,105,107,113,115,119,121,125,127,128,129,135,139,140,142,143,145,149,150,153,154,155,160,170,177,180,181,184,185,189,192,194,197,198,206,208,213,222,224,226,248,239,240,242,245,246,249,250,252,253,254,255
236:0,4,5,7,14,18,21,22,24,25,27,28,32,37,41,45,46,50,55,64,65,66,70,71,72,74,82,84,91,93,95,97,99,100,106,112,113,115,118,119,121,123,124,129,133,136,140,144,145,146,151,152,156,159,160,165,167,178,179,182,184,189,190,192,194,195,196,199,202,203,205,209,213,215,218,222,224,226,227,228,230,232,240,237,242,248,249,252,253,255,257,259
237:2,4,5,7,10,11,12,15,23,24,28,30,33,36,37,38,39,41,42,44,45,56,58,63,64,66,71,76,77,78,79,80,81,87,88,93,95,97,103,106,112,115,118,119,122,125,130,133,137,139,140,143,145,146,152,157,158,162,163,167,175,180,184,186,189,191,194,195,196,198,202,204,206,207,210,214,221,225,227,228,229,230,233,236,251,242,243,246,253,258
238:3,5,6,7,10,11,13,17,18,19,20,32,33,34,40,42,44,47,48,50,51,52,55,59,61,63,65,67,74,81,82,84,86,89,100,101,104,109,112,115,116,118,120,123,127,128,132,133,134,142,143,144,145,148,150,151,152,154,155,164,166,167,169,173,174,175,176,178,179,180,181,183,193,196,198,199,201,202,204,205,206,207,210,211,213,214,217,222,226,227,232,253,240,241,242,244,247,248,249,252,254,256,257,259
239:0,1,2,3,6,7,12,14,15,16,17,19,24,25,28,32,34,38,39,43,44,45,46,48,52,56,60,61,64,69,71,72,73,75,76,78,79,81,84,87,93,94,98,99,101,104,110,113,120,121,127,134,140,141,145,147,149,151,154,159,162,163,165,167,168,169,170,171,173,175,176,181,186,187,188,193,194,197,207,210,212,213,214,215,218,222,228,230,232,234,235,253,240,241,243,244,245,248
240:5,6,9,10,17,20,21,27,28,34,39,40,43,48,51,53,56,58,60,62,63,67,68,71,73,76,77,78,81,84,85,90,96,98,102,105,106,108,109,115,116,120,122,128,129,130,131,134,135,140,141,143,145,146,160,162,163,165,169,171,172,173,176,178,179,180,181,185,186,187,188,193,195,202,206,209,210,216,219,222,223,233,234,235,236,238,239,242,241,246,248,251,253,257,258,259
241:1,3,4,5,6,7,9,10,12,23,24,25,26,30,33,44,45,49,51,53,54,56,57,61,67,69,70,72,80,85,86,87,88,98,99,100,101,102,104,106,110,114,118,119,120,123,127,129,130,131,133,136,137,140,141,142,147,148,149,158,159,160,161,163,165,167,169,171,173,181,184,188,190,191,201,202,210,213,216,219,222,224,225,226,229,231,233,238,239,240,254,243,246,248,252,259
242:2,8,11,14,17,24,29,32,37,38,41,49,55,58,60,61,67,69,75,81,83,84,88,91,97,100,102,104,107,108,110,117,119,122,123,126,128,130,132,133,137,141,144,149,152,154,158,160,161,163,166,172,177,178,179,181,184,185,188,190,191,192,194,201,204,205,224,229,230,235,236,237,238,240,254,244,245,249,252
243:2,4,6,7,10,12,13,14,15,17,18,20,23,25,27,29,31,32,33,34,37,38,40,45,47,49,55,61,63,64,66,67,68,78,83,84,96,97,98,99,102,103,108,112,128,133,135,138,139,140,141,142,145,147,148,158,164,165,166,168,169,170,172,173,176,179,184,186,187,199,201,203,204,205,207,213,216,219,221,222,223,224,227,229,232,234,237,239,241,254,244,245,248,249,250,251,253
244:0,3,6,9,16,19,22,23,26,27,29,30,32,34,35,39,41,42,43,44,46,47,49,50,55,60,64,68,69,78,83,84,88,91,94,104,106,109,111,112,114,115,118,121,123,127,130,138,142,146,149,150,151,157,158,159,162,165,166,171,173,178,182,183,184,185,191,194,195,197,198,200,201,204,208,209,211,219,226,232,238,239,242,243,250,251,257
245:3,4,8,11,12,17,18,24,25,26,34,36,37,39,45,49,56,59,61,65,67,68,71,77,78,80,82,88,91,94,95,97,105,107,109,110,112,119,121,125,126,133,135,137,140,143,144,149,151,153,160,161,163,165,166,168,170,171,173,174,176,178,180,184,186,188,189,191,193,198,200,202,203,204,206,207,209,212,213,214,217,220,226,227,229,231,233,235,239,242,243,258,249,250,253,254,259
246:2,11,12,17,18,23,27,29,33,35,37,38,39,40,42,46,52,53,55,56,57,58,74,75,77,80,84,91,93,95,100,102,105,106,107,108,110,111,115,116,119,120,122,123,131,133,134,137,138,139,144,145,148,149,152,154,155,157,168,171,172,179,184,187,188,189,192,193,199,201,203,208,211,214,220,223,228,229,232,233,235,237,240,241,255,252,256
247:4,7,9,11,14,15,19,23,24,25,29,31,33,35,39,43,47,52,54,55,56,63,65,67,68,69,71,73,76,79,81,83,84,85,87,89,94,96,97,101,110,113,115,117,118,121,125,126,128,135,136,138,139,140,143,144,145,146,150,152,159,168,170,171,173,175,176,178,180,194,195,199,201,202,203,208,212,214,221,222,224,227,229,232,233,238,249,248,250,252,257,258
248:0,2,3,4,5,6,8,12,15,16,21,23,25,35,39,41,42,43,44,46,47,50,52,58,59,65,67,70,72,73,77,78,79,80,82,84,85,94,100,104,106,109,110,111,114,117,118,121,123,130,139,140,141,143,146,147,148,152,155,156,163,164,166,167,173,175,179,181,182,183,186,187,189,191,202,206,213,219,220,222,225,229,230,235,236,238,239,240,241,243,247,249,250,251,253,254,255,256
249:0,2,3,4,5,7,11,12,15,18,22,24,30,31,35,36,37,38,39,41,45,50,51,53,54,59,60,63,67,70,74,75,76,78,82,83,85,87,88,89,92,93,94,96,97,98,101,105,107,111,114,122,125,128,142,145,148,161,164,165,171,172,177,180,182,183,184,186,187,188,189,192,196,199,200,203,205,208,213,214,223,225,226,227,230,233,235,236,238,242,243,245,247,248,254,250,255,257,259
250:0,1,4,6,10,11,14,16,17,20,22,23,26,29,34,39,43,44,52,54,55,56,57,59,64,66,67,73,75,79,81,82,85,86,90,92,94,95,100,103,105,106,112,113,116,118,119,121,126,130,132,137,138,143,148,151,156,161,165,166,171,172,176,177,179,180,182,185,192,195,196,201,207,208,212,215,217,219,226,227,228,229,232,235,243,244,245,247,248,249,259,255,256,257
251:2,3,5,12,15,21,26,27,28,30,31,33,35,36,40,42,50,52,54,56,61,64,68,69,72,76,86,89,90,91,95,96,97,98,100,106,107,109,113,114,116,124,127,128,129,133,134,135,136,137,141,144,146,147,149,150,151,152,155,157,160,162,164,167,168,171,177,178,179,182,183,185,189,192,193,195,197,201,204,206,208,210,211,215,217,219,220,223,224,226,227,228,229,237,240,243,244,248,253,257
252:5,7,8,13,17,19,24,27,28,29,31,32,37,39,42,47,49,51,54,55,58,59,60,64,77,79,80,81,85,86,87,88,90,92,95,103,105,108,118,121,122,126,129,131,132,145,148,151,156,159,161,166,168,170,176,177,178,180,183,184,187,191,192,197,199,205,207,208,212,214,217,218,219,221,227,229,232,233,235,236,238,241,242,246,247,257
253:1,6,11,12,13,14,16,19,20,24,28,29,30,31,33,34,35,37,38,41,44,45,46,49,51,56,58,59,60,61,65,66,69,75,76,77,78,86,88,92,95,97,103,109,115,118,120,122,124,126,129,132,133,136,137,138,139,143,144,146,147,149,154,156,160,162,164,168,170,171,177,180,182,183,184,187,188,189,193,194,198,200,202,203,204,208,211,216,221,227,229,230,233,234,235,236,237,238,239,240,243,245,248,251,256,257,258
254:3,4,13,15,17,20,21,22,23,24,25,30,31,32,33,34,35,36,37,40,50,52,54,55,58,62,64,66,67,68,72,74,82,85,87,91,92,93,101,102,107,108,116,117,118,119,121,124,125,126,128,134,136,140,142,145,147,148,149,153,166,168,169,170,175,178,179,180,183,185,188,193,194,198,199,200,201,209,211,215,218,219,221,222,223,224,227,228,230,233,235,238,241,242,243,245,248,249,259
255:0,3,4,5,17,21,26,27,29,31,34,38,39,42,44,48,49,57,60,67,69,72,74,75,78,85,88,94,95,101,109,111,113,115,116,117,118,119,121,123,126,127,135,138,140,146,147,148,149,155,160,163,166,167,168,169,170,172,175,176,178,179,181,185,186,189,193,196,205,210,220,221,225,226,227,228,229,234,235,236,246,248,249,250,256,257,258
256:2,7,12,14,15,22,27,30,31,34,35,36,38,39,41,42,47,48,53,57,60,64,67,68,72,74,76,80,87,88,92,94,98,99,101,103,104,105,106,110,112,113,115,116,118,125,133,135,138,139,142,143,148,149,151,156,162,165,168,181,183,185,186,188,190,192,194,196,198,202,206,208,211,212,213,214,215,217,218,221,222,227,229,233,238,246,248,250,253,255,259,257
257:1,5,8,9,15,20,21,32,33,39,42,43,45,51,54,55,58,64,65,67,71,72,85,86,87,88,89,90,91,92,94,96,100,106,109,114,118,119,121,122,126,127,128,129,133,134,135,136,141,142,146,148,151,153,155,156,157,159,163,166,167,168,171,172,173,174,176,180,183,184,186,187,188,189,191,194,208,213,217,219,223,224,226,227,230,231,232,236,238,240,244,247,249,250,251,252,253,255,256,259,258
258:1,2,4,5,7,17,18,20,21,23,24,26,31,33,34,36,39,46,49,50,51,52,55,57,58,60,62,63,64,67,70,71,73,80,84,87,92,93,100,101,102,109,110,114,115,120,122,123,126,129,132,138,140,142,144,145,146,147,149,152,158,160,162,165,168,169,170,173,177,179,182,192,193,195,197,200,202,203,206,207,208,211,212,213,218,220,221,222,223,224,226,237,240,245,247,253,255,257,259
259:0,1,2,4,5,9,13,16,17,18,20,21,26,27,28,32,35,37,39,41,42,43,48,53,56,59,60,62,63,66,69,71,77,78,79,86,90,91,93,94,96,99,102,103,104,105,106,114,115,121,125,126,134,136,140,144,145,152,156,166,167,169,170,173,175,176,177,179,180,182,184,185,189,190,192,196,197,198,199,201,205,206,208,213,214,215,216,219,226,227,229,230,234,236,238,240,241,245,249,250,254,256,257,258
