0:1,4,5,6,13,14,20,28,32,39,44,55,59,60,74,77,82,84,88,98,102,113,121,128,141,142,151,165,168,191,192,205,213,221,224,225,227,228
1:0,67,4,5,6,17,34,39,41,45,55,58,66,68,72,75,84,86,98,112,114,117,120,122,135,159,166,173,178,179,186,195,197,199,209,223
2:156,5,22,49,57,73,81,84,89,106,110,119,129,153,159,164,177,179,186,190,191,192,204,208,220,221
3:164,14,18,28,37,62,72,94,96,102,124,127,128,130,137,152,155,156,159,163,169,174,176,177,179,188,197,204,209,214,216,222,224,228
4:0,1,226,5,10,26,35,39,50,52,62,95,96,105,110,115,118,130,143,150,166,169,170,176,181,187,190,195,197,207,209,211,212,216,223
5:0,1,2,4,45,8,25,26,27,39,52,84,93,102,126,130,148,158,161,164,170,173,179,190,191,195,205,216,217,227
6:0,1,11,24,28,36,65,73,78,85,88,89,90,93,94,106,116,150,159,165,170,175,187,189,197,204,210,213,217
7:108,8,14,28,34,38,42,54,67,70,76,96,102,103,118,119,132,139,140,151,155,160,166,175,185,191,205,212,225,226
8:5,7,212,11,13,15,26,27,32,46,54,63,64,71,72,80,96,102,104,113,114,119,128,130,132,140,147,153,188,198,203,209,214,219,223,224
9:103,40,46,50,66,75,83,96,98,108,129,130,139,143,145,154,172,178,189
10:4,121,11,14,19,23,28,29,32,34,40,44,59,75,81,85,96,98,102,126,127,130,131,135,137,150,166,168,171,174,175,205,210
11:6,8,10,118,12,22,31,43,45,50,63,68,71,80,82,85,86,92,96,117,123,138,147,159,168,175,178,180,197,199,209,213,216
12:11,67,17,34,38,39,42,73,80,91,115,117,119,132,135,146,147,151,155,182,207,210,211,212,214,216,221,225
13:0,8,115,29,33,35,44,49,55,66,70,82,94,107,108,112,118,121,122,128,129,133,137,143,147,148,154,156,158,165,173,184,201,213
14:0,3,7,10,20,19,33,40,42,44,47,48,57,62,78,81,84,91,94,99,101,102,111,119,128,140,143,144,149,160,163,167,169,170,171,174,175,179,185,188,190,198,203,204,205,212,215,221,222,228
15:8,186,33,42,43,49,50,69,72,79,95,100,111,130,140,142,146,147,148,151,154,156,163,166,179,180,192,198,199,210,211,213,221
16:101,19,31,35,42,43,50,52,55,61,64,65,85,96,97,115,116,121,145,158,166,169,173,174,176,183,186,198,205,206,209,214,219
17:1,12,175,21,23,33,41,44,56,62,71,80,81,89,92,102,103,118,127,138,153,172,173,187,188,189,191,200,212
18:3,69,19,22,28,34,45,52,65,70,80,84,90,95,96,100,114,121,148,152,161,167,175,177,182,183,185,193,198,206,208,214,216
19:10,14,16,18,213,21,34,39,46,48,51,52,53,65,74,79,83,97,98,101,102,104,116,121,133,145,148,149,174,175,178,179,184,190,195,205,206,210,211,215,217,221,224,225,226,229
20:0,14,30,23,27,33,34,40,48,51,58,67,78,97,101,103,111,113,116,120,121,125,127,132,133,135,138,146,147,148,154,155,156,164,173,176,180,189,193,200,206,222,226,227
21:17,19,95,43,55,71,72,75,88,103,105,123,127,140,142,146,154,182,183
22:2,11,18,226,48,64,67,73,76,81,87,91,99,104,117,118,122,125,130,131,137,143,159,165,169,175
23:10,17,20,145,34,38,40,50,55,58,62,63,79,80,92,95,102,104,117,130,137,158,161,169,171,173,188,200,212
24:6,167,25,28,43,44,47,52,57,58,62,64,66,69,75,79,96,101,105,110,112,114,118,169,175,177,196,200,202,217,219,220,222
25:5,24,215,32,47,48,54,70,72,76,90,93,107,116,124,131,156,165,166,168,170,178,182,192,199,202,205
26:4,5,8,102,32,33,35,38,42,46,51,65,68,77,78,79,85,87,90,93,105,118,128,129,131,134,137,145,146,151,155,156,159,160,161,168,171,201,210,211,229
27:5,8,20,165,39,44,64,65,77,78,81,94,102,128,130,151,152,159,160,161,162,166,170,171,172,175,182,193,195,200,203,206,211,212,221,225
28:0,3,6,7,10,18,24,129,29,30,42,50,59,61,62,65,72,80,84,85,91,94,100,101,104,113,114,137,163,164,181,189,192,201,214,217,225
29:10,13,28,219,35,38,59,65,74,86,98,101,113,131,137,141,150,170,173,181,182,188,190,193,194,205,215,217,220
30:20,28,96,48,55,65,87,93,99,105,112,114,127,131,140,149,150,161,163,164,166,174,175,180,186,188,190,202,212,223
31:11,16,163,36,41,49,52,57,64,66,75,78,80,86,103,119,124,140,151,159,186,193,198,204,206,208,209,211,215,217,221,228
32:0,8,10,25,26,129,40,41,64,68,71,83,87,91,93,95,98,107,115,123,140,141,160,162,165,196,206,224,228
33:13,14,15,17,20,26,226,36,38,45,48,61,71,74,82,88,99,100,109,113,119,134,139,141,147,156,160,164,171,174,182,195,209,211,217,225
34:1,7,10,12,18,19,20,23,167,35,36,46,52,61,63,64,69,74,77,85,87,92,97,106,127,129,130,141,156,161,168,199,202,203,220,228
35:4,13,16,26,29,34,206,36,40,44,63,67,69,70,71,75,79,86,89,93,95,98,100,110,119,120,129,132,141,156,172,174,183,193,204,207,218,227
36:6,31,33,34,35,69,38,43,48,50,62,64,68,83,84,94,97,98,105,107,110,130,135,136,148,154,164,165,170,171,175,182,187,188,195,197,198,210,225
37:3,215,39,44,62,66,76,84,85,96,97,100,103,107,108,112,113,117,119,139,143,154,155,156,162,166,168,173,184,186,189,199,202,206,210,220,222,224,227
38:7,12,23,26,29,33,36,211,59,60,64,72,75,84,87,91,93,96,102,103,120,128,129,134,137,156,170,174,175,177,182,190,191,194,199,200,202,208,220,226
39:0,1,4,5,12,19,27,37,129,40,41,50,53,55,59,62,74,80,89,94,95,98,119,132,134,140,148,151,152,159,182,183,202,211,213,214,216,221,225
40:9,10,14,20,23,32,35,39,103,47,53,58,70,71,77,92,100,122,130,131,134,136,138,140,142,147,157,159,163,166,194,196,198,207,211,222
41:1,17,31,32,39,75,49,60,61,70,78,79,88,99,106,107,112,124,134,135,140,142,147,149,152,153,161,167,175,193,200,209,215,218,229
42:7,12,14,15,16,26,28,196,44,48,52,59,61,71,82,86,88,101,111,116,123,127,141,150,153,157,160,166,175,179,181,195,202,209,212,229
43:11,15,16,21,24,36,130,49,70,87,90,93,95,97,99,106,108,114,115,127,139,153,158,175,193,202,216
44:0,10,13,14,17,24,27,35,37,42,210,45,46,50,51,58,62,76,81,93,98,127,140,149,152,153,154,161,162,163,166,168,169,179,189,197,203,208,209,217,219,224,225,229
45:1,5,11,18,33,44,183,49,63,70,72,76,87,93,99,102,103,106,113,125,135,149,157,168,176,177,179,189,191,200,211,214,216,226
46:8,9,19,26,34,44,215,50,54,62,72,74,77,83,88,89,105,111,115,116,120,122,124,137,138,145,149,165,166,177,179,180,198,203,210,213,214,218,220,224,225,228
47:14,24,25,40,226,52,56,64,70,75,80,84,95,99,115,127,135,151,158,162,171,174,179,183,191,194,198,206,209,216,218,223
48:14,19,20,22,25,30,33,36,42,175,56,60,64,80,84,87,88,95,106,108,110,114,129,142,153,157,197,208,211,212,217,218,224,227
49:2,13,15,31,41,43,45,76,61,65,70,84,85,104,107,108,114,135,142,149,150,151,165,166,172,174,194,197,201,211,213,224
50:4,9,11,15,16,23,28,36,39,44,46,128,53,58,70,79,81,123,145,147,161,166,169,173,175,181,190,194,213,223
51:19,20,26,44,209,55,64,66,70,83,90,93,105,106,117,118,121,125,126,135,136,169,173,189,211,213,216,225,227,229
52:4,5,16,18,19,24,31,34,42,47,148,65,74,81,85,89,95,104,105,109,111,121,127,130,138,142,159,176,178,188,203,205,206,211,218,226,227
53:19,39,40,50,82,63,64,65,72,83,93,95,103,110,117,123,130,131,146,151,170,173,175,181,183,214,222,226
54:7,8,25,46,76,59,60,64,65,91,92,93,95,97,100,104,109,112,116,117,123,140,143,148,161,166,168,173,179,191,194,195,203,211,217,218,225
55:0,1,13,16,21,23,30,39,51,171,57,67,75,85,87,89,92,98,99,111,113,116,118,119,124,128,130,136,143,165,175,177,188,208,209,224,228
56:17,47,48,63,58,60,81,83,88,95,99,102,111,114,119,120,123,129,131,148,156,157,162,189,195,197,207,212,214,225
57:2,14,24,31,55,61,66,69,92,93,105,117,119,121,136,149,152,155,166,181,182,183,184,186,189,205,211,214,215,221,226
58:1,20,23,24,40,44,50,56,134,59,65,75,82,100,104,109,124,127,130,133,143,146,150,153,158,162,173,179,181,188,190,193,211
59:0,10,28,29,38,39,42,54,58,212,66,80,116,118,124,126,130,132,144,168,173,179,183,186,191,204,217,218
60:0,38,41,48,54,56,114,66,73,88,103,110,113,118,121,131,147,161,169,172,180,182,187,190,194
61:16,28,33,34,41,42,49,57,161,64,78,83,86,95,96,98,102,104,105,106,107,132,151,158,160,169,170,173,191,193,196,197,202,219,222
62:3,4,14,17,23,24,28,36,37,39,44,46,92,75,88,106,112,113,118,123,125,126,127,133,135,138,146,152,166,169,179,187,199,200,204,206,210,227
63:8,11,23,34,35,45,53,56,106,68,69,74,75,76,77,87,88,89,94,101,110,118,122,128,130,131,173,182,191,196,203,208,209,217,223,225,228
64:8,16,22,24,27,31,32,34,36,38,47,48,51,53,54,61,72,77,79,84,93,105,123,141,152,163,166,168,173,175,179,189,205,208,209,226,229
65:6,16,18,19,26,27,28,29,30,49,52,53,54,58,79,71,76,82,90,93,101,106,111,117,143,151,152,161,166,173,183,192,194,202,205,226,228
66:1,9,13,24,31,37,51,57,59,60,184,70,71,75,80,81,93,95,104,106,118,119,122,123,124,125,127,129,131,145,146,151,159,162,169,179,182,187,193,194,199,208,215,220,224,227
67:1,7,12,20,22,35,55,190,74,81,124,137,138,141,146,148,150,155,166,167,173,182,183,188,200,202,215,221,224
68:1,11,26,32,36,63,131,79,80,87,94,98,110,112,114,115,120,145,151,158,163,166,192,197,200,201,212,213,214,226,229
69:15,18,24,34,35,36,57,63,196,74,75,80,81,82,93,100,102,106,116,118,125,133,149,158,163,170,176,180,181,182,194,208,213,220,229
70:7,13,18,25,35,40,41,43,45,47,49,50,51,66,169,77,93,100,102,103,107,108,112,118,122,124,134,135,143,150,154,192,198,199,205,211,219
71:8,11,17,21,32,33,35,40,42,65,66,118,79,95,102,122,129,137,139,141,158,164,172,174,199,223,229
72:1,3,8,15,21,25,28,38,45,46,53,64,119,76,88,95,125,126,137,145,146,149,162,176,177,201,202,216,225
73:2,6,12,22,60,221,75,79,92,115,122,127,131,132,140,144,146,148,158,159,165,171,181,182,193,194,195,207,210,211,213,223,225,227
74:0,19,29,33,34,39,46,52,63,67,69,119,81,87,94,101,104,109,112,130,141,148,151,166,168,177,187,191,199,203,204,208,216
75:1,9,10,21,24,31,35,38,41,47,55,58,62,63,66,69,73,197,77,79,80,91,92,96,98,127,129,136,142,152,153,157,168,171,173,186,192,203,209,213,216,219,227
76:7,22,25,37,44,45,49,54,63,65,72,201,79,90,95,99,111,116,124,132,140,149,160,190,191,204,216,220,228
77:0,26,27,34,40,46,63,64,70,75,139,81,90,105,119,123,126,136,147,155,156,159,174,185,194,200,206,208,225
78:6,14,20,26,27,31,41,61,217,86,100,119,122,139,143,147,158,162,164,165,168,176,178,187,188,189,195,203,209,213,219,221,223,224,226
79:15,19,23,24,26,35,41,50,64,65,68,71,73,75,76,110,83,84,89,92,95,98,100,102,109,111,123,130,147,155,164,165,167,168,169,170,172,186,187,188,190,192,203,210,211,212
80:8,11,12,17,18,23,28,31,39,47,48,59,66,68,69,75,159,81,101,103,108,110,112,113,115,122,132,150,169,172,180,189,196,209,210,217
81:2,10,14,17,22,27,44,50,52,56,66,67,69,74,77,80,118,84,89,93,104,108,119,120,128,131,137,138,148,155,164,171,173,176,178,190,191,193,209,212,215
82:0,11,13,33,42,53,58,65,69,126,100,104,110,113,129,134,145,147,157,160,163,180,185,189,204,219,225
83:9,19,32,36,46,51,53,56,61,79,209,95,111,113,140,145,146,171,181,188,189,195,208
84:0,1,2,5,14,18,28,36,37,38,47,48,49,64,79,81,174,87,104,108,110,124,130,145,156,162,163,164,166,169,177,180,189,198,204
85:6,10,11,16,26,28,34,37,49,52,55,172,96,102,111,128,132,135,138,142,146,147,153,161,166,169,175,176,177,180,185,193,195,197,198,203,204,209,214,223,226
86:1,11,29,31,35,42,61,78,159,107,116,132,151,163,175,196,200,201,204,206,208,213,224,225
87:22,26,30,32,34,38,43,45,48,55,63,68,74,84,174,89,90,97,108,110,111,120,134,136,148,170,177,182,183,186,187,205,212,222,228
88:0,6,21,33,41,42,46,48,56,60,62,63,72,182,105,115,120,137,144,155,161,164,166,185,191,198,199,205,214,218,219,225
89:2,6,17,35,39,46,52,55,63,79,81,87,112,103,104,105,110,117,121,122,126,127,130,132,135,152,153,155,158,160,165,168,172,178,188,189,207,213,217,225,226
90:6,18,25,26,43,51,65,76,77,87,100,93,101,102,113,116,118,147,154,156,157,159,161,174,175,179,188,197,203,204,211,223
91:12,14,22,28,32,38,54,75,139,110,118,128,138,142,147,154,159,166,168,170,175,186,208,210,226
92:11,17,23,34,40,54,55,57,62,73,75,79,101,110,117,128,134,138,139,145,146,163,171,174,182,183,196,204,206
93:5,6,25,26,30,32,35,38,43,44,45,51,53,54,57,64,65,66,69,70,81,90,151,104,109,114,122,127,139,148,153,166,170,179,182,192,201,204,207,215
94:3,6,13,14,27,28,36,39,63,68,74,202,102,103,106,107,120,124,126,142,145,162,170,171,177,182,183,188,192,197,199,215
95:4,15,18,21,23,32,35,39,43,47,48,52,53,54,56,61,66,71,72,76,79,83,174,99,108,116,145,152,155,172,177,179,182,188,190,197,198,204,208,211,218,219,220,223
96:3,4,7,8,9,10,11,16,18,24,30,37,38,61,75,85,110,98,101,102,114,115,119,126,152,154,155,156,161,181,188,193,194,201,206,213,216,217,224,228
97:16,19,20,34,36,37,43,54,87,228,99,100,125,127,136,142,145,150,162,166,172,180,204
98:0,1,9,10,19,29,32,35,36,39,44,55,61,68,75,79,96,164,101,110,113,114,115,118,127,131,134,141,158,168,176,178,179,187,194,204,209,211,216
99:14,22,30,33,41,43,45,47,55,56,76,95,97,113,106,109,112,123,124,130,143,155,164,167,175,182,184,186,189,197,198,204,211,214,220,226
100:15,18,28,33,35,37,40,54,58,69,70,78,79,82,90,97,132,114,115,124,126,127,128,129,130,140,149,151,164,167,170,171,179,191,192,196,198,206,207,214,222
101:14,16,19,20,24,28,29,42,63,65,74,80,90,92,96,98,229,107,117,124,130,133,143,159,163,167,169,171,184,191,203,205,210,212,217,220,223
102:0,3,5,7,8,10,14,17,19,23,26,27,38,45,56,61,69,70,71,79,85,90,94,96,124,103,114,119,144,145,153,156,163,164,169,174,185,189,194,204,210,223
103:7,9,17,20,21,31,37,38,40,45,53,60,70,80,89,94,102,201,112,123,128,135,136,140,151,154,156,162,163,173,193,197,208,210,223,225,228
104:8,19,22,23,28,49,52,54,58,61,66,74,81,82,84,89,93,122,109,120,133,135,139,141,148,152,153,158,167,170,173,174,179,180,203,204,207,211,213,227
105:4,21,24,26,30,36,46,51,52,57,61,64,77,88,89,176,110,122,125,127,129,133,139,140,147,159,180,201,209,214,216
106:2,6,34,41,43,45,48,51,61,62,63,65,66,69,94,99,172,121,123,127,128,130,133,158,168,171,175,183,188,190,193,198,204,209,214,217,221,222
107:13,25,32,36,37,41,49,61,70,86,94,101,172,113,119,138,145,175,193,194,210
108:7,9,13,37,43,48,49,70,80,81,84,87,95,152,113,136,147,176,187,196,203,216,227
109:33,52,54,58,74,79,93,99,104,113,122,126,128,132,134,139,146,151,155,159,165,168,170,171,179,180,182,185,186,194,197,204,207,208,209,211,215,218,220,229
110:2,4,24,35,36,48,53,60,63,68,79,80,82,84,87,89,91,92,96,98,105,125,116,119,130,131,145,149,152,161,164,167,171,187,198,209,215,216,218,223
111:14,15,20,42,46,52,55,56,65,76,79,83,85,87,120,112,127,145,147,148,162,178,193,197,202,206,220,221,222
112:1,13,24,30,37,41,54,62,68,70,74,80,89,99,103,111,160,120,125,126,130,146,154,156,161,165,171,184,203,225,227
113:0,8,20,28,29,33,37,45,55,60,62,80,82,83,90,98,99,107,108,109,192,123,128,134,153,159,165,168,171,182,183,187,194,195,200,202,211,212,214
114:1,8,18,24,28,30,43,48,49,56,60,68,93,96,98,100,102,179,116,119,121,122,123,124,140,142,143,154,167,168,176,180,198,199,202,206,210,217
115:4,12,13,16,32,43,46,47,68,73,80,88,96,98,100,124,134,135,156,158,163,169,175,181,182,185,194,202,205,221,224,229
116:6,16,19,20,25,42,46,54,55,59,69,76,86,90,95,110,114,169,119,121,122,138,162,175,184,196,197,203,213,220,223
117:1,11,12,22,23,37,51,53,54,57,65,89,92,101,124,120,123,125,135,136,166,175,212,214,215,221,222
118:4,7,11,13,17,22,24,26,51,55,59,60,62,63,66,69,70,71,81,90,91,98,196,129,157,161,176,180,183,185,197,202,203,205,214,218,223,224
119:2,7,8,12,14,31,33,35,37,39,55,56,57,66,72,74,77,78,81,96,102,107,110,114,116,203,122,124,134,141,190,194,204,206,218
120:1,20,35,38,46,56,68,81,87,88,94,104,111,112,117,153,124,128,131,133,140,142,147,148,150,184,191,198,216,219,229
121:0,10,13,16,18,19,20,51,52,57,60,89,106,114,116,226,126,130,165,177,191,192,194,208
122:1,13,22,40,46,63,66,70,71,73,78,80,89,93,104,105,109,114,116,119,209,124,126,133,137,160,163,183,184,186,187,193,216,228
123:11,21,32,42,50,53,54,56,62,64,66,77,79,99,103,106,113,114,117,184,131,133,135,142,144,163,176,186,188,195,211,216,222,229
124:3,25,31,41,46,55,58,59,66,67,70,76,84,94,99,100,101,102,114,115,117,119,120,122,187,130,134,150,198,203,204,205,213,221,227,229
125:20,22,45,51,62,66,69,72,97,105,110,112,117,165,129,137,145,149,152,161,169,171,178,184,198,205,206,215,219,226
126:5,10,51,59,62,72,77,82,89,94,96,100,109,112,121,122,179,127,135,148,165,168,177,188,195,208,222,224,225,229
127:3,10,17,20,21,30,34,42,43,44,47,52,58,62,66,73,75,89,93,97,98,100,105,106,111,126,147,130,131,133,137,159,160,162,163,175,176,182,185,186,189,192,194,199,205,206,214,215
128:0,3,8,13,14,26,27,38,50,55,63,81,85,91,92,100,103,106,109,113,120,188,131,143,146,153,163,178,180,185,190,196,200,211,212,225
129:2,9,13,26,28,32,34,35,38,39,48,56,66,71,75,82,100,105,118,125,193,131,138,141,150,154,177,196,204,217,219,220
130:3,4,5,8,9,10,15,22,23,27,34,36,40,43,52,53,55,58,59,63,74,79,84,89,99,100,101,106,110,112,121,124,127,154,138,162,177,191,193,196,207,214,215,217,222,227
131:10,22,25,26,29,30,40,53,56,60,63,66,68,73,81,98,110,120,123,127,128,129,181,143,145,149,151,152,160,166,170,182,183,187,190,192,203,216,227,228
132:7,8,12,20,35,39,59,61,73,76,80,85,86,89,100,109,166,139,149,171,172,173,179,194,196,200,216,225,228,229
133:13,19,20,58,62,69,101,104,105,106,120,122,123,127,185,135,136,145,149,158,165,173,178,179,181,184,187,195,196,200,204,205,208,210,213,214,216,219,220,224,227,229
134:26,33,38,39,40,41,58,70,82,87,92,98,109,113,115,119,124,174,139,147,149,158,160,178,191,203,213,214,224
135:1,10,12,20,36,41,45,47,49,51,62,70,85,89,103,104,115,117,123,126,133,206,143,148,158,159,160,163,182,185,216,219,226
136:36,40,51,55,57,75,77,87,97,103,108,117,133,167,139,148,160,163,168,170,181,185,187,197,199,212,225
137:3,10,13,22,23,26,28,29,38,46,67,71,72,81,88,122,125,127,212,138,153,157,170,174,192,208,218,220,229
138:11,17,20,40,46,52,62,67,81,85,91,92,107,116,129,130,137,180,159,167,181,203,212,228
139:7,9,33,37,43,71,77,78,91,92,93,104,105,109,132,134,136,199,148,149,151,152,153,158,163,177,179,184,192,197,208,216,217
140:7,8,14,15,21,30,31,32,39,40,41,44,54,73,76,83,100,103,105,114,120,163,154,155,156,161,174,179,182,185,190,200,209,211,216,228
141:0,29,32,33,34,35,42,64,67,71,74,98,104,119,129,186,153,156,160,170,183,194,216,217,222,226
142:0,15,21,40,41,48,49,52,75,85,91,94,97,114,120,123,229,144,146,161,162,172,179,182,195,207,211,215,222
143:4,9,13,14,22,37,54,55,58,65,70,78,99,101,114,128,131,135,209,146,152,153,154,159,173,178,181,185,188,190,199,203,220,221,222
144:14,59,73,88,102,123,142,208,145,151,155,160,162,170,174,181,183,184,209,211,212,228
145:9,16,19,23,26,46,50,66,68,72,82,83,84,92,94,95,97,102,107,110,111,125,131,133,144,168,153,165,169,172,175,181,192,193,212,218,222,228
146:12,15,20,21,26,53,58,62,66,67,72,73,83,85,92,109,112,128,142,143,186,148,149,151,155,162,163,165,169,175,181,196,218,220,221,226,229
147:8,11,12,13,15,20,33,40,41,50,60,77,78,79,82,85,90,91,105,108,111,120,127,134,152,148,165,167,168,170,175,187,202,206,219,229
148:5,13,15,18,19,20,36,39,52,54,56,67,73,74,81,87,93,104,111,120,126,135,136,139,146,147,216,150,157,170,182,197,198,202,207,209,221,229
149:14,19,30,41,44,45,46,49,57,69,72,76,100,110,125,131,132,133,134,139,146,228,157,161,165,174,175,176,181,182,187,188,196,199,205,212,214
150:4,6,10,29,30,42,49,58,67,70,80,97,120,124,129,148,209,155,160,180,182,183,186,201,213,218,219,228
151:0,7,12,15,26,27,31,39,47,49,53,61,65,66,68,74,86,93,100,103,109,131,139,144,146,220,169,175,186,195,204,208,221
152:3,18,27,39,41,44,57,62,64,65,75,89,95,96,104,108,110,125,131,139,143,147,210,163,168,173,185,186,203,217,227,228
153:2,8,17,41,42,43,44,48,58,75,85,89,93,102,104,113,120,128,137,139,141,143,145,170,160,169,178,180,181,188,194,199,202,214,216,221,222,224,228
154:9,13,15,20,21,36,37,44,70,90,91,96,103,112,114,129,130,140,143,173,169,172,180,182,185,188,190,201,227
155:3,7,12,20,26,37,57,67,77,79,81,88,89,95,96,99,109,140,144,146,150,217,158,160,161,164,174,178,187,188,190,198,224,225,229
156:2,3,13,15,20,25,26,33,34,35,37,38,56,77,84,90,96,102,103,112,115,140,141,177,162,164,169,173,178,214,217,227
157:40,42,45,48,56,75,82,90,118,137,148,149,202,165,175,190,196,198,209,211,223
158:5,13,16,23,43,47,58,61,68,69,71,73,78,89,98,104,106,115,133,134,135,139,155,183,162,164,169,170,172,180,191,199,212,214,216,222,223
159:1,2,3,6,11,22,26,27,31,39,40,52,66,73,77,80,86,90,91,101,105,109,113,127,135,138,143,182,166,174,179,188,196,202,213,217,220
160:7,14,26,27,32,33,42,61,76,82,89,112,122,127,131,134,135,136,141,144,150,153,155,212,167,169,171,174,190,192,194,195,202,216,225,228
161:5,18,23,26,27,30,34,41,44,50,54,60,61,65,85,88,90,96,110,112,118,125,140,142,149,155,173,175,178,191,201,209,216,219,225,227,228
162:27,32,37,44,47,56,58,66,72,78,84,94,97,103,111,116,127,130,142,144,146,156,158,210,176,193,195,200,202,216,221
163:3,14,15,28,30,31,40,44,64,68,69,82,84,86,92,101,102,103,115,122,123,127,128,135,136,139,140,146,152,228,166,173,174,176,178,179,184,185,192,193,200,201,203,204,207,212,225,226
164:2,3,5,20,28,30,33,36,71,78,79,81,84,88,98,99,100,102,110,155,156,158,204,168,171,173,175,179,182,183,185,186,192,193,195,196,203,211,218
165:0,6,13,22,25,27,32,36,46,49,55,73,78,79,89,109,112,113,121,125,126,133,145,146,147,149,157,196,167,182,190,201,208,214,221,229
166:1,4,7,10,15,16,25,27,30,37,40,42,44,46,49,50,54,57,62,64,65,67,68,74,84,85,88,91,93,97,117,131,132,159,163,185,175,177,184,216,222
167:14,18,24,34,41,67,79,99,100,101,104,110,114,136,138,147,160,165,177,169,173,175,186,196,200,202,206,215,226
168:0,10,11,25,26,34,37,44,45,54,59,64,74,75,78,79,89,91,98,106,109,113,114,126,136,145,147,152,164,200,169,190,195,205,213,224
169:3,4,14,16,22,23,24,44,50,51,60,61,62,66,70,79,80,84,85,101,102,115,116,125,145,146,151,153,154,156,158,160,167,168,185,187,193,200,207,215,221,225
170:4,5,6,14,25,27,29,36,38,53,61,69,79,87,91,93,94,100,104,109,131,136,137,141,144,147,148,153,158,213,176,178,197,204,214,215,228
171:10,14,23,26,27,33,36,47,55,73,75,81,83,92,94,100,101,106,109,110,112,113,125,132,160,164,229,184,188,199,203,204,210,215,219,224
172:9,17,27,35,49,60,71,79,80,85,89,95,97,106,107,132,142,145,154,158,193,176,188,206,219,221,227
173:1,5,13,16,17,20,23,29,37,50,51,53,54,58,59,61,63,64,65,67,75,81,103,104,132,133,143,152,154,156,161,163,164,167,190,179,181,183,214,217,220,225,229
174:3,10,14,16,19,30,33,35,38,47,49,71,77,84,87,90,92,95,102,104,134,137,140,144,149,155,159,160,163,204,177,183,186,188,191,193,221,223
175:6,7,10,11,14,17,18,19,22,24,27,30,36,38,41,42,43,48,50,53,55,64,85,86,90,91,99,106,107,115,116,117,127,145,146,147,149,151,157,161,164,166,167,204,184,198,200,205,221
176:3,4,16,20,45,52,69,72,78,81,85,98,105,108,114,118,123,127,149,162,163,170,172,220,186,194,211,217,221,224
177:2,3,18,24,38,45,46,55,72,74,84,85,87,94,95,121,126,129,130,139,156,166,167,174,221,188,199,206,207,211,215,220,223
178:1,9,11,19,25,52,78,81,89,98,111,125,128,133,134,143,153,155,156,161,163,170,227,181,190,192,204,228
179:1,2,3,5,14,15,19,42,44,45,46,47,54,58,59,62,64,66,90,93,95,98,100,104,109,114,126,132,133,139,140,142,159,163,164,173,198,181,182,185,190,192,194,196,201,205,209,212,213
180:11,15,20,30,46,60,69,80,82,84,85,97,104,105,109,114,118,128,138,150,153,154,158,191,185,195,199,200,225
181:4,28,29,42,50,53,57,58,69,73,83,96,115,131,133,136,138,143,144,145,146,149,153,173,178,179,227,189,191,206,211,219,220
182:12,18,21,25,27,29,33,36,38,39,57,60,63,66,67,69,73,87,88,92,93,94,95,99,109,113,115,127,131,135,140,142,148,149,150,154,159,164,165,179,205,189,196,203,215,218
183:16,18,21,35,39,45,47,53,57,59,65,67,87,92,94,106,113,118,122,131,141,144,150,158,164,173,174,220,186,194,197,202,205,208,211,228,229
184:13,19,37,57,66,99,101,112,116,120,122,123,125,133,139,144,163,166,171,175,210,192,199,214,219,221,222,225,229
185:7,14,18,77,82,85,88,102,109,115,118,127,128,133,135,136,140,143,152,154,163,164,166,169,179,180,226,186,190,192,194,196,198,201,218
186:1,2,15,16,30,31,37,57,59,75,79,87,91,99,109,122,123,127,141,146,150,151,152,164,167,174,176,183,185,204,193,199,207,209,216,217,227
187:4,6,17,36,60,62,66,74,78,79,87,98,108,110,113,122,124,131,133,136,147,149,155,169,192,189,201,227
188:3,8,14,17,23,29,30,36,52,55,58,67,78,79,83,89,90,94,95,96,106,123,126,128,143,149,153,154,155,159,171,172,174,177,219,192,195,202,204,210,213,215,216,221,225,229
189:6,9,17,20,28,37,44,45,51,56,57,64,78,80,82,83,84,89,99,102,127,181,182,187,200,210,212,213,225
190:2,4,5,14,19,29,30,38,50,58,60,67,76,79,81,95,106,119,128,131,140,143,154,155,157,160,165,168,173,178,179,185,198,192,193,196,206,211,213,228
191:0,2,5,7,17,38,45,47,54,59,61,63,74,76,81,88,100,101,120,121,130,134,158,161,174,180,181,199,229
192:0,2,15,25,28,65,68,70,75,79,93,94,100,113,121,127,131,137,139,145,160,163,164,178,179,184,185,187,188,190,221,199,202,207,212,214,220,224
193:18,20,27,29,31,35,41,43,58,61,66,73,81,85,96,103,106,107,111,122,129,130,145,162,163,164,169,172,174,186,190,219,195,199,207,209,214,229
194:29,38,40,47,49,50,54,60,65,66,69,73,77,96,98,102,107,109,113,115,119,121,127,132,141,153,160,176,179,183,185,207,196,199,201,208,217,219,229
195:1,4,5,19,27,33,36,42,54,56,73,78,83,85,113,123,126,133,142,151,160,162,164,168,180,188,193,223,198,207,220
196:24,32,40,42,61,63,69,80,86,92,100,108,116,118,128,129,130,132,133,146,149,157,159,164,165,167,179,182,185,190,194,223,207,221,222,224
197:1,3,4,6,11,36,44,48,49,56,61,68,75,85,90,94,95,99,103,109,111,116,118,136,139,148,170,183,213,202,210,214,229
198:8,14,15,16,18,31,36,40,46,47,70,84,85,88,95,99,100,106,110,114,120,124,125,148,155,157,175,179,185,190,195,207,204,206,210,211,212,222,226
199:1,11,15,25,34,37,38,62,66,70,71,74,88,94,114,127,136,139,143,149,153,158,171,177,180,184,186,191,192,193,194,227,212,216
200:17,20,23,24,27,38,41,45,62,67,68,77,86,113,128,132,133,140,162,163,167,168,169,175,180,189,202,206,209,225
201:13,26,28,49,68,72,76,86,93,96,103,105,150,154,161,163,165,179,185,187,194,207,203,217,223,227
202:24,25,30,34,37,38,39,42,43,61,65,67,72,94,111,113,114,115,118,147,148,153,157,159,160,162,167,183,188,192,197,200,214,203,208,218,224
203:8,14,27,34,44,46,52,54,63,74,75,78,79,85,90,101,104,108,112,116,118,119,124,131,134,138,143,152,163,164,171,182,201,202,222,219,226
204:2,3,6,14,31,35,59,62,74,76,82,84,85,86,90,92,93,95,97,98,99,102,104,106,109,119,124,129,133,151,163,164,170,171,174,175,178,186,188,198,219,208,209,211,212,221,224
205:0,5,7,10,14,16,19,25,29,52,57,64,65,70,87,88,101,115,118,124,125,127,133,149,168,175,179,182,183,223
206:16,18,19,20,27,31,32,35,37,47,52,62,77,86,92,96,100,111,114,119,125,127,135,147,167,172,177,181,190,198,200,210,211,222
207:4,12,35,40,56,73,89,93,100,104,109,130,142,148,163,169,177,186,192,193,194,195,196,198,201,228,218,224,225,227
208:2,18,31,38,44,48,55,63,64,66,69,74,77,83,86,91,95,103,109,121,126,133,137,139,144,151,165,183,194,202,204,211,209,214,216,219,221
209:1,3,4,8,11,16,31,33,41,42,44,47,51,55,63,64,75,78,80,81,83,85,98,105,106,109,110,122,140,143,144,148,150,157,161,179,186,193,200,204,208,211,221,225,228
210:6,10,12,15,19,26,36,37,44,46,62,73,79,80,91,101,102,103,107,114,133,152,162,171,184,188,189,197,198,206,214,227
211:4,12,15,19,26,27,31,33,38,39,40,45,48,49,51,52,54,57,58,70,73,79,90,95,98,99,104,109,113,123,128,140,142,144,157,164,176,177,181,183,190,198,204,206,208,209,221,217,223,229
212:4,7,8,12,14,17,23,27,30,42,48,56,59,68,79,81,87,101,113,117,128,136,137,138,144,145,149,158,160,163,179,189,192,198,199,204,221,217,219,220,223,224,229
213:0,6,11,13,15,19,39,46,49,50,51,68,69,73,75,78,86,89,96,104,116,124,133,134,150,159,168,170,179,188,189,190,197,222,217,227
214:3,8,12,16,18,28,39,45,46,53,56,57,68,85,88,99,100,105,106,113,117,118,127,130,133,134,149,153,156,158,165,170,173,184,192,193,197,202,208,210,229,219,220,221,223,226,228
215:14,19,25,29,31,37,41,46,57,66,67,81,93,94,109,110,117,125,127,130,142,167,169,170,171,177,182,188,216,222,226,228
216:3,4,5,11,12,18,39,43,45,47,51,72,74,75,76,96,98,105,108,110,120,122,123,131,132,133,135,139,140,141,148,153,158,160,161,162,166,186,188,199,208,215,225
217:5,6,19,24,28,29,31,33,44,48,54,59,63,78,80,89,96,101,106,114,129,130,139,141,152,155,156,159,173,176,186,194,201,211,212,213,221,220
218:35,41,46,47,48,52,54,59,88,95,109,110,118,119,137,145,146,150,164,182,185,202,207,227,221,223,225,229
219:8,16,24,29,44,61,70,75,78,82,88,95,120,125,129,133,135,147,150,161,171,172,181,184,188,193,194,203,204,208,212,214,226
220:2,24,29,34,37,38,46,66,69,76,95,99,101,109,111,116,129,133,137,143,146,151,159,173,176,177,181,183,192,195,212,214,217,227
221:0,2,12,14,15,19,27,31,39,57,67,73,78,106,111,115,117,124,143,146,148,151,153,162,165,169,172,174,175,176,177,184,188,192,196,204,208,209,211,212,214,217,218,229
222:3,14,20,24,37,40,53,61,87,100,106,111,117,123,126,130,141,142,143,145,153,158,166,184,196,198,203,206,213,215,226
223:1,4,8,30,47,50,63,71,73,78,85,90,95,101,102,103,110,116,118,157,158,174,177,195,196,201,205,211,212,214,218,225,224,226,227
224:0,3,8,19,32,37,44,46,48,49,55,66,67,78,86,96,115,118,126,133,134,153,155,168,171,176,192,196,202,204,207,212,223,226,225
225:0,7,12,19,27,28,33,36,39,44,46,51,54,56,63,72,73,77,82,86,88,89,103,112,126,128,132,136,155,160,161,163,169,173,180,184,188,189,200,207,209,216,218,223,224,226
226:4,7,19,20,22,33,38,45,47,52,53,57,64,65,68,78,85,89,91,99,121,125,135,141,146,163,167,185,198,203,214,215,219,222,223,224,225,228
227:0,5,20,35,37,48,51,52,62,66,73,75,104,108,112,124,130,131,133,152,154,156,161,172,178,181,186,187,199,201,207,210,213,218,220,223,229
228:0,3,14,31,32,34,46,55,63,65,76,87,96,97,103,122,131,132,138,140,144,145,149,150,152,153,160,161,163,170,178,183,190,207,209,214,215,226,229
229:19,26,41,42,44,51,64,68,69,71,101,109,115,120,123,124,126,132,133,137,142,146,147,148,155,165,171,173,183,184,188,191,193,194,197,211,212,214,218,221,227,228
