0:82,28,51,101,108,110,124,133,142,173,195,208,216
1:129,26,30,75,84,91,100,110,166,170,171,188,196,203,206,214
2:49,6,32,50,67,69,124,134,168,174,177,201,218
3:44,9,46,56,65,96,104,106,108,130,161,173,183
4:24,9,45,52,86,91,107,177,183,188
5:146,9,16,18,22,28,143,144,182,185,210
6:2,58,13,14,33,42,54,73,132,133,141,203,207
7:139,16,18,24,27,53,61,62,67,110,141,151,152,187,188,204,214
8:105,17,59,86,95,126,131,143,150,151,160,165,176
9:3,4,5,145,44,54,167,196
10:90,15,21,23,46,78,98,99,106,112,121,127,141,148,151,163,171,178,185,189,204,214,216
11:34,17,29,49,101,124,162,172,203,209
12:152,35,38,41,48,58,105,133,151,163,174,216
13:6,175,23,40,55,92,95,108,125,139,142,149,161,162,213,216
14:6,44,71,77,80,120,124,147,148,157,184,186,201
15:10,52,57,63,76,81,93,95,100,131,144,157,166,184,189
16:5,7,161,45,82,90,99,128,135,139,141,156,160,163,171,203
17:8,11,213,27,65,74,79,104,113,147,202
18:5,7,121,27,39,93,112,114,136,149,153,156,168,188,193,200
19:199,20,34,47,62,81,91,97,123,152,158,163,167,172,204,219
20:19,136,26,43,59,73,113,189,212,214
21:10,51,65,75,84,92,108,142,146,156,176,185,209,214,219
22:5,54,28,34,43,105,110,112,144,164,190,198,200,204,214
23:10,13,50,97,134,150,156,164,165,197,202,203,214,216
24:4,7,121,63,68,87,88,95,112,126,131,144,176,184,212,219
25:56,28,41,89,115,139,166,174,191,210
26:1,20,68,27,28,31,76,88,96,168,175
27:7,17,18,26,127,33,64,70,77,99,134,162,170,172,176,180
28:0,5,22,25,26,167,62,106,109,113,133,169,178,199,206,215
29:11,195,91,104,131,135,140,142,171,200
30:1,179,39,53,86,99,122,128,131,134,160,166,190,202
31:26,45,50,77,101,133,157,167,169,172,181,201,208
32:2,168,49,73,87,96,97,111,123,124,130,141,148,160,187,194
33:6,27,119,47,51,81,97,116,117,126,131,140,179,182
34:11,19,22,117,109,111,159,198,215
35:12,75,44,145,147,165,166,192,197,216
36:113,39,43,50,51,56,112,117,147,154,157,163,164,172,175,190,219
37:75,45,50,81,117,122,175,179,192,210
38:12,104,47,60,68,73,75,113,141,198
39:18,30,36,188,48,59,72,108,130,163,172,177,190,195
40:13,167,50,67,104,109,134,170,179,181,214
41:12,25,112,106,119,141,159,174,206
42:6,112,84,99,135,143,172,174,179,192
43:20,22,36,95,49,70,152,164,179,191,196
44:3,9,14,35,80,53,148,165,169,171,179
45:4,16,31,37,208,47,49,52,60,64,92,101,105,120,136,151,165,172,174
46:3,10,211,49,56,92,98,99,135,149,155,171,175,188,216
47:19,33,38,45,199,55,63,66,94,115,127,191,212
48:12,39,170,66,76,87,141,156,159,195,205,211,219
49:2,11,32,43,45,46,210,63,79,80,108,119,153,197,203
50:2,23,31,36,37,40,178,68,122,125,128,167,188
51:0,21,33,36,56,59,74,83,85,97,107
52:4,15,45,158,79,84,104,117,118,120,125,126,141,146,173
53:7,30,44,55,62,70,72,77,111,121,122,123,136,140
54:6,9,22,113,57,67,88,100,128,133,210,211
55:13,47,53,70,62,67,71,81,92,94,158,189,190,196,197,215,216
56:3,25,36,46,51,70,60,115,128,141,144,156,212,214,215
57:15,54,189,71,112,130,152,157,187,214
58:6,12,127,70,84,145,149,181,182,199
59:8,20,39,51,155,64,75,127,135,162,165
60:38,45,56,67,61,63,86,88,105,147,149,191,200,207,208
61:7,60,107,65,105,130,177,183,189
62:7,19,28,53,55,112,76,86,99,116,117,160,181,190,214,216
63:15,24,47,49,60,107,65,74,77,90,101,106,126,131,132,140,172,194,197
64:27,45,59,178,89,104,123,124,130,146,155,159,175,177,197
65:3,17,21,61,63,70,66,81,89,100,117,148,158,172,186,203,205
66:47,48,65,147,72,87,100,119,120,128,154,162,164,167,209
67:2,7,40,54,55,60,178,85,88,122,123,126,139,140,151,163
68:24,26,38,50,85,93,131,132,134,184,187,188
69:2,190,82,89,113,157,159,177,181,185,214
70:27,43,53,55,56,58,65,180,72,85,92,98,107,112,117,155,212,213
71:14,55,57,177,80,98,140,149,156,157,185,194,199,201
72:39,53,66,70,164,76,78,107,112,124,157,161,195
73:6,20,32,38,109,78,84,88,141,150,167,172,209
74:17,51,63,147,87,104,118,145,171,195,196,197,214,218
75:1,21,35,37,38,59,192,116,131,133,135,139,140,146,213
76:15,26,48,62,72,134,81,100,105,141,166,168,207,208,219
77:14,27,31,53,63,88,84,120,132,147,159,196
78:10,72,73,96,79,93,106,113,130,144,158,164,184,186
79:17,49,52,78,131,87,92,154,161,168,175,202
80:14,44,49,71,132,96,100,123,126,135,145,149,181,198,211
81:15,19,33,37,55,65,76,131,82,108,116,119,146,153,163,171
82:0,16,69,81,149,88,91,131,135,138,139,148,167,181,184,192
83:51,84,99,134,147,162
84:1,21,42,52,58,73,77,83,135,102,107,110,122,163,173,203
85:51,67,68,70,151,91,113,129,154,158,166,172,202,203
86:4,8,30,60,62,124,93,94,102,127,146,174,201,203,208
87:24,32,48,66,74,79,160,125,158,159,163,181,182,189,194,212
88:24,26,54,60,67,73,77,82,176,94,98,149,163,184,196,211
89:25,64,65,69,128,96,157,182,201
90:10,16,63,140,117,135,138,154
91:1,4,19,29,82,85,104,123,124,140,148,156,160,208
92:13,21,45,46,55,70,79,105,110,118,123,135,147,185,198,201
93:15,18,68,78,86,168,106,118,124,157,218
94:47,55,86,88,179,97,104,111,129,158,176,199
95:8,13,15,24,43,168,96,104,150,180,186,192,207,217
96:3,26,32,78,80,89,95,104,134,141,152,165,172,210,219
97:19,23,32,33,51,94,102,101,106,175,183,205,216,218
98:10,46,70,71,88,136,112,118,125,126,127,131,188,195
99:10,16,27,30,42,46,62,83,150,105,129,139,145,165,173,174,186,212
100:1,15,54,65,66,76,80,101,114,121,123,137,140,141,162,171
101:0,11,31,45,63,97,100,183,109,114,124,125,143,163
102:84,86,97,111,105,132,139,165,172,180,202
103:209,148,154,163,169,177,187,208
104:3,17,29,38,40,52,64,74,91,94,95,96,180,105,175,191,217
105:8,12,22,45,60,61,76,92,99,102,104,166,123,125,136,163,168,217
106:3,10,28,41,63,78,93,97,177,110,120,123,145,191,206
107:4,51,61,63,70,72,84,155,111,119,120,131,139,145,168,172,182,206
108:0,3,13,21,39,49,81,113
109:28,34,40,73,101,183,142,145,197
110:0,1,7,22,84,92,106,112,148,168,185
111:32,34,53,94,102,107,177,128,136,146,183,203
112:10,18,22,24,36,41,42,57,62,70,72,98,110,208,162,207,213
113:17,20,28,36,38,54,69,78,85,108,189,116,118,140,159,160,178,195,213
114:18,100,101,202,136,156,179,187,197,207,208,219
115:25,47,56,183,140,161,162,164
116:33,62,75,81,113,163,170,171,181,183,199,207,218
117:33,34,36,37,52,62,65,70,90,195,167,211
118:52,74,92,93,98,113,207,142,163,175,219
119:33,41,49,66,81,107,176,126,132,135,145,153,208,215
120:14,45,52,66,77,106,107,203,122,123,125,132,134,145,180,185,194
121:10,18,24,53,100,214,130,161,163,166,190,213
122:30,37,50,53,67,84,120,151,130,166,171,209
123:19,32,53,64,67,80,91,92,100,105,106,120,208,126,164,205,213
124:0,2,11,14,32,64,72,86,91,93,101,181,196
125:13,50,52,87,98,101,105,120,165,129,147,154,155,193,202
126:8,24,33,52,63,67,80,98,119,123,190,130,143,145,150,152,161,162,187,211,213,215
127:10,27,47,58,59,86,98,135,129,148,175,213
128:16,30,50,54,56,66,89,111,192,182,196
129:1,85,94,99,125,127,145,135,148,164,166,215
130:3,32,39,57,61,64,78,121,122,126,150,135,137,163,190
131:8,15,24,29,30,33,63,68,75,79,81,82,98,107,161,140,160,185,201,216
132:6,63,68,77,80,102,119,120,157,141,154,183,196
133:0,6,12,28,31,54,75,140,149,154,158,176,179,201,206,217
134:2,23,27,30,40,68,76,83,96,120,183,181,204,206
135:16,29,42,46,59,75,80,82,84,90,92,119,127,129,130,160,158,187,190,206
136:18,20,45,53,98,105,111,114,205,139,149,172
137:100,130,206,139,160,199
138:82,90,189,142,162,170,176,196,213,217
139:7,13,16,25,67,75,82,99,102,107,136,137,219,158,166,171,175,216
140:29,33,53,63,67,71,75,90,91,100,113,115,131,133,189,150,160,172,175
141:6,7,10,16,32,38,41,48,52,56,73,76,96,100,132,210,145,146,157,179,197
142:0,13,21,29,109,118,138,181,145,148,149,155,185,194,218
143:5,8,42,101,126,216,176
144:5,15,22,24,56,78,161,153,155,167,192,194,198,199,204,205,218
145:9,35,58,74,80,99,106,107,109,119,120,126,129,141,142,177,146,171,175,203,204
146:5,21,52,64,75,81,86,111,141,145,154,160,173,216,218
147:14,17,35,36,60,66,74,77,83,92,125,155,161,189,194
148:10,14,32,44,65,82,91,103,110,127,129,142,158,152,165,181,191,194,202,211
149:13,18,46,58,60,71,80,82,88,133,136,142,181,156,218
150:8,23,73,95,99,126,130,140,184,196,215
151:7,8,10,12,45,67,85,122,181,197
152:7,12,19,43,57,96,126,148,205,154,180,184,197
153:18,49,81,119,144,157,155
154:36,66,79,85,90,103,125,132,133,146,152,193,159,161,195,218
155:46,59,64,70,107,125,142,144,147,153,203,164,171,175,178,182,190,200,206
156:16,18,21,23,48,56,71,91,114,149,198,164,171,181,194,196,202,206,209
157:14,15,31,36,57,69,71,72,89,93,132,141,153,205,170,194,195
158:19,52,55,65,78,85,87,94,133,135,139,148,201,183,187,203
159:34,41,48,64,69,77,87,113,154,214,170,184,215
160:8,16,30,32,62,87,91,113,131,135,137,140,146,206,170,172,189
161:3,13,16,72,79,115,121,126,131,144,147,154,210,164,175,189,218
162:11,13,27,59,66,83,100,112,115,126,138,214,169,174,187,196,211
163:10,12,16,19,36,39,67,81,84,87,88,101,103,105,116,118,121,130,176,181,200,215
164:22,23,36,43,66,72,78,115,123,129,155,156,161,201,186,219
165:8,23,35,44,45,59,96,99,102,125,148,205,175,201
166:1,15,25,30,35,76,85,105,121,122,129,139,213,172,185
167:9,19,28,31,40,50,66,73,82,117,144,194,174,188,193,198,201,215
168:2,18,26,32,76,79,93,95,105,107,110,213,170,183
169:28,31,44,103,162,187,173,185,193,204
170:1,27,40,48,116,138,157,159,160,168,178,176,190
171:1,10,16,29,44,46,74,81,100,116,122,139,145,155,156,190,188,198,201,204,216
172:11,19,27,31,36,39,42,45,63,65,73,85,96,102,107,136,140,160,166,188,204,213,219
173:0,3,52,84,99,146,169,202,182,199
174:2,12,25,41,42,45,86,99,162,167,191,177,190,194,195,207
175:13,26,36,37,46,64,79,97,104,118,127,139,140,145,155,161,165,209,188,197,198,211
176:8,21,24,27,88,94,119,133,138,143,163,170,214,216
177:2,4,39,61,64,69,71,103,106,111,145,174,202,191
178:10,28,50,64,67,113,155,170,194,185,187,188
179:30,33,37,40,42,43,44,94,114,133,141,191
180:27,70,95,102,104,120,152,194,213,214
181:31,40,58,62,69,80,82,87,116,124,134,142,148,149,151,156,163,208,194,195,206
182:5,33,58,87,89,107,128,155,173,215,189,201,217
183:3,4,61,97,101,109,111,115,116,132,134,158,168,185
184:14,15,24,68,78,82,88,150,152,159,187,185,189
185:5,10,21,69,71,92,110,120,131,142,166,169,178,183,184,208,187
186:14,65,78,95,99,164,189,193,207
187:7,32,57,68,103,114,126,135,158,162,169,178,184,185,213,190,196
188:1,4,7,18,39,46,50,68,98,167,171,172,175,178,198,209
189:10,15,20,55,57,61,87,113,138,140,147,160,161,182,184,186,216,195,203
190:22,30,36,39,55,62,69,121,126,130,135,155,170,171,174,187,215,191,194
191:25,43,47,60,104,106,148,174,177,179,190,198,199
192:35,37,42,75,82,95,128,144,210,197
193:18,125,154,167,169,186,204,194
194:32,63,71,87,120,142,144,147,148,156,157,167,174,178,180,181,190,193,208
195:0,29,39,48,72,74,98,113,117,154,157,174,181,189,217,200,209,211
196:1,9,43,55,74,77,88,124,128,132,138,150,156,162,187,203
197:23,35,49,55,63,64,74,109,114,141,151,152,175,192,212,201,206
198:22,34,38,80,92,144,156,167,171,175,188,191,208
199:19,28,47,58,71,94,116,137,144,173,191,201
200:18,22,29,60,155,163,195,208,204,213
201:2,14,31,71,86,89,92,131,133,158,164,165,167,171,182,197,199,202
202:17,23,30,79,85,102,114,125,148,156,173,177,201,207
203:1,6,11,16,23,49,65,84,85,86,111,120,145,155,158,189,196,210,208
204:7,10,19,22,134,144,145,169,171,172,193,200,212,205,207,215,218
205:48,65,97,123,136,144,152,157,165,204,219
206:1,28,41,106,107,133,134,135,137,155,156,160,181,197,209,213
207:6,60,76,95,112,114,116,118,174,186,202,204,217,212
208:0,31,45,60,76,86,91,103,112,114,119,123,181,185,194,198,200,203,218,210
209:11,21,66,73,103,122,156,175,188,195,206,211,218
210:5,25,37,49,54,96,141,161,192,203,208,211
211:46,48,54,80,88,117,126,148,162,175,195,209,210,214
212:20,24,47,56,70,87,99,197,204,207,215
213:13,17,70,75,112,113,121,123,126,127,138,166,168,172,180,187,200,206,215
214:1,7,10,20,21,22,23,40,56,57,62,69,74,121,159,162,176,180,211,216,219
215:28,34,55,56,119,126,129,150,159,163,167,182,190,204,212,213,219
216:0,10,12,13,23,35,46,55,62,97,131,139,143,146,171,176,189,214,217
217:95,104,105,133,138,182,195,207,216,218
218:2,74,93,97,116,142,144,146,149,154,161,204,208,209,217,219
219:19,21,24,36,48,76,96,114,118,139,164,172,205,214,215,218
