0:55,72,79,91,137,146,199,205,215,220,245,284
1:166,83,97,111,134,138,155,159,173,221,231,246,298
2:80,15,25,26,27,37,43,73,99,112,118,161,167,189,192,193,196,197,212,216,223,226,231,232,239,247,249,253,254,275,293
3:81,15,17,28,31,43,97,111,113,136,156,161,162,171,179,193,196,209,216,223,245,273,297
4:24,8,12,30,41,43,59,71,78,80,91,128,143,153,159,161,162,203,229,231,237,265,276,283,288,291,297
5:170,42,67,69,74,79,86,147,176,177,182,195,209,211,227,228,231,256,276
6:48,18,28,37,41,55,67,84,87,125,136,148,160,187,220,225,234,237,238,243,288,295
7:46,38,43,47,58,62,103,112,115,126,138,141,142,145,171,189,212,233,236,242,245,264,271,282
8:4,159,37,54,69,75,78,81,98,115,119,178,195,226,231,241,255,263,275
9:142,11,15,19,45,59,68,70,111,125,139,152,154,169,170,204,212,225,248,256,266,277,278,279,285,290
10:135,28,40,76,88,89,108,132,136,142,162,164,165,211,215,220,223,236,273
11:9,287,36,47,59,60,74,83,84,92,97,98,100,139,148,153,173,183,184,199,219,229,230,231,233,235,242,249,251,257,261
12:4,293,19,48,79,87,93,105,108,132,151,168,204,229,239,242,270,283
13:81,39,46,49,71,76,92,150,152,154,167,172,185,187,190,242,245,259,265,271,273,292
14:43,21,38,70,74,110,114,127,152,161,175,204,207,208,248,268,269,272,278,295,297
15:2,3,9,223,21,27,31,36,60,67,68,82,84,93,121,126,133,143,146,150,158,160,171,184,187,244,264,273
16:56,23,53,85,102,103,111,121,141,151,194,197,220,232,238,240,258,271,272,275,290
17:3,236,34,42,77,79,89,95,130,147,164,172,194,198,219,241,256,270,283
18:6,230,32,33,49,60,112,113,146,170,213,232,241,242,243,249,250,255,262,266,297
19:9,12,265,30,38,61,62,114,159,164,181,188,203,226,230,234,238,242,247,255,284
20:108,37,57,131,148,149,151,156,163,167,175,177,209
21:14,15,24,28,32,38,53,66,75,93,110,114,122,125,133,147,156,189,260
22:213,63,92,108,150,162,177,182,219,235,265,269,271,274,287
23:16,284,33,40,50,61,70,80,81,91,93,157,178,190,205,208,211,214,270,276
24:4,21,252,32,38,91,150,156,171,175,178,211,213,214,223,226,227,236,239,258,259,269,275
25:2,56,28,44,49,61,67,84,113,125,132,143,168,170,194,217,253,262,270,277
26:2,77,54,108,109,111,137,149,155,174,188,200,230,240,255,257,276,279
27:2,15,169,45,56,58,70,71,86,95,98,116,143,174,187,196,207,212,229,244,266,267,291
28:3,6,10,21,25,119,82,96,99,100,124,158,163,185,196,217,247,287,298
29:207,42,47,95,97,143,150,172,191,214,219,243,263,283
30:4,19,178,31,35,40,62,71,85,95,101,136,150,180,193,198,201,209,211,214,226,232,244,249
31:3,15,30,268,68,72,88,93,96,97,99,110,111,136,171,216,233,235,246,265,282
32:18,21,24,109,40,65,77,82,143,150,153,162,177,187,194,205,208,210,219,240,252,257,258,299
33:18,23,197,40,45,54,58,76,123,150,195,233,236,247,261
34:17,158,47,55,84,125,128,139,142,148,174,184,237,276
35:30,230,43,49,52,61,82,85,91,108,146,177,180,196,203,231
36:11,15,257,89,128,181,193,200,209,216,221,230,241,274,281,287,296
37:2,6,8,20,114,39,50,63,92,118,180,193,214,219,247,248,253,263,285,290
38:7,14,19,21,24,91,41,59,62,71,96,99,100,103,109,135,157,172,175,187,200,216,243,251,270,295
39:13,37,263,45,48,66,72,87,88,91,100,115,119,124,164,173,195,205,206,232,238,241,243,244,280,283,289,292
40:10,23,30,32,33,102,41,50,53,55,63,67,87,119,120,127,140,142,143,178,203,207,210,225,234,235,240,242,243,246,252,267,269,277,278,284,286
41:4,6,38,40,128,49,62,81,91,95,99,119,160,164,177,184,192,206,225,249,292
42:5,17,29,253,52,56,81,92,100,143,147,154,157,162,178,193,212,214,238,246,259,294
43:2,3,4,7,14,35,142,51,81,134,141,158,165,180,181,182,183,199,206,222,246,257,258,259,273,279,283,286
44:25,292,50,56,124,128,146,149,172,182,186,187,189,212,232,235,293
45:9,27,33,39,261,51,66,69,109,125,156,158,163,166,176,192,193,197,207,235,241,254,262,275,285,286
46:7,13,239,57,158,163,169,173,176,201,220,221,236,257,259,264,286
47:7,11,29,34,148,57,75,78,82,103,110,117,118,154,191,222,299
48:6,12,39,122,58,61,66,81,82,96,111,186,188,206,214,243,246,250,254,268,271
49:13,18,25,35,41,167,56,70,84,94,110,117,142,151,171,200,206,208,221,227,266,284,290,298
50:23,37,40,44,93,62,63,71,83,102,121,122,139,146,175,178,184,222,244,289,297
51:43,45,146,56,95,100,117,118,128,135,139,176,184,190,192,223,231,243,244,255,263,284
52:35,42,199,61,62,64,101,107,132,141,150,151,166,172,174,184,190,198,210,239,257,266,281,291
53:16,21,40,233,64,98,124,129,141,143,158,228,245,265,279,298
54:8,26,33,128,69,80,84,95,131,134,164,173,191,222,225,226,247,266
55:0,6,34,40,199,61,65,83,98,113,134,144,168,194,203,209,225,231,238,244
56:16,25,27,42,44,49,51,101,73,76,78,80,117,129,153,170,176,194,198,200,207,212,213,227,234,248,250,271
57:20,46,47,252,107,113,118,120,134,172,186,199,204,210,221,242,254,267,275,297
58:7,27,33,48,258,60,62,74,83,98,118,143,152,157,168,190,229,232,244,274
59:4,9,11,38,66,69,72,73,101,114,127,131,141,143,153,156,157,173,228,232,237,240,252,288,292,295,299
60:11,15,18,58,84,98,143,150,198,209,211,214,224,241,244,254,282,292
61:19,23,25,35,48,52,55,238,72,98,99,107,114,126,127,132,138,143,154,162,177,191,193,210,217,237,239,274,275,283
62:7,19,30,38,41,50,52,58,217,87,100,109,127,180,181,191,198,218,233,234,238,240,243,252,290
63:22,37,40,50,142,84,85,87,108,122,132,156,161,175,212,228,266,270,273,298,299
64:52,53,184,67,69,78,110,122,163,167,168,178,212,240,272,278,283
65:32,55,281,80,105,108,121,139,147,170,193,196,209,225,233,239,264,274,280,290,295
66:21,39,45,48,59,134,75,76,82,104,117,142,143,158,175,187,202,214,215,225,244,255,261,264,280,292,294
67:5,6,15,25,40,64,275,72,74,76,78,91,109,161,164,165,168,170,207,218,233,243,248
68:9,15,31,284,69,84,105,106,108,114,122,151,162,193,204,223,263
69:5,8,45,54,59,64,68,105,78,97,110,127,138,158,169,172,195,196,197,230,261,270,273,284,295,297
70:9,14,23,27,49,83,75,81,95,107,111,117,118,145,148,152,158,172,199,205,206,238,239,240,256,270,277,278,291,292
71:4,13,27,30,38,50,239,89,101,135,137,176,180,192,202,205,210,218,221,225,229,234,272,279,287
72:0,31,39,59,61,67,137,89,95,110,125,163,171,179,180,187,203,205,235,275
73:2,56,59,204,79,87,109,115,126,172,174,177,182,183,187,197,216
74:5,11,14,58,67,293,93,119,130,131,183,186,188,192,237,251,268,296
75:8,21,47,66,70,178,97,103,104,112,136,142,181,208,210,219,253,278,280,282,294
76:10,13,33,56,66,67,115,77,107,108,113,163,172,181,185,200,214,241,249,270,289,291
77:17,26,32,76,119,88,107,111,114,134,145,169,200,242,267,299
78:4,8,47,56,64,67,69,118,89,90,173,187,235,255,258,261,264
79:0,5,12,17,73,142,96,97,102,111,128,186,188,255,267,268,280
80:2,4,23,54,56,65,128,136,151,194,204,254,278,291,293,299
81:3,8,13,23,41,42,43,48,70,199,98,112,122,127,134,159,162,166,171,174,222,251,256,263,266
82:15,28,32,35,47,48,66,286,83,94,95,107,157,181,225,271,285
83:1,11,50,55,58,70,82,115,96,107,108,117,130,161,173,180,192,207,218,219,230,234,262,270,276,277
84:6,11,15,25,34,49,54,60,63,68,188,88,113,174,185,232,244,289,299
85:16,30,35,63,111,105,107,121,128,165,171,190,210,211,241,252,257,260,278,281,298
86:5,27,259,94,111,113,159,178,197,199,203,232,234,250,251,257,296
87:6,12,39,40,62,63,73,139,102,113,120,127,132,152,157,203,205,210,223,238,246,247,285,287,288
88:10,31,39,77,84,129,96,113,120,143,146,157,159,175,206,212,214,216,236,252,255
89:10,17,36,71,72,78,132,90,93,104,105,107,110,155,159,161,206,231,275,289,299
90:78,89,127,97,110,114,116,134,142,148,171,192,210,213,216,226,258,264,265,271,280,292
91:0,4,23,24,35,38,39,41,67,127,102,153,171,178,200,201,220,241
92:11,13,22,37,42,175,107,108,113,130,149,166,174,180,202,222,242,244,260,282,296
93:12,15,21,23,31,50,74,89,297,98,108,114,134,156,164,168,170,195,204,215,236,245,285
94:49,82,86,198,110,115,120,161,165,175,185,206,224,236,254,269,270,275,278,298
95:17,27,29,30,41,51,54,70,72,82,286,154,176,194,197,206,212,222,225,237,268,287,292,299
96:28,31,38,48,79,83,88,258,101,134,135,140,164,231,240,246,252,259,290,291
97:1,3,11,29,31,69,75,79,90,137,159,178,203,220,231,237,246,248,250,281,289,291
98:8,11,27,53,55,58,60,61,81,93,171,100,138,156,187,247,253,260,262,284,293,299
99:2,28,31,38,41,61,205,130,131,144,149,150,217,249,253,270,289
100:11,28,38,39,42,51,62,98,135,105,108,119,151,159,161,165,178,194,203,217,228,256,269,284,295,297,299
101:30,52,56,59,71,96,177,118,144,168,169,172,174,181,193,200,219,262,273,298
102:16,40,50,79,87,91,115,103,139,142,150,160,170,186,222,243,293
103:7,16,38,47,75,102,113,111,117,123,125,135,157,161,175,181,183,189,223,243,255,256,257,281,282,285
104:66,75,89,244,118,133,149,151,173,175,202,203,207,213,252,271,272,276,284,298
105:12,65,68,69,85,89,100,269,121,122,134,165,166,169,173,187,192,203,221,230,236,242,274,279,283,287
106:68,261,114,118,119,136,151,152,158,175,180,194,229,230,274
107:52,57,61,70,76,77,82,83,85,89,92,182,124,125,131,154,158,188,199,222,243,247,250,265,273,297
108:10,12,20,22,26,35,63,65,68,76,83,92,93,100,242,140,151,153,157,175,195,199,201,216,220,231,236,256,265,267,271,272,284,287
109:26,32,38,45,62,67,73,224,162,177,179,181,202,236,251,262,272,279,280,286
110:14,21,31,47,49,64,69,72,89,90,94,299,113,116,118,126,131,158,189,269,271,297
111:1,3,9,16,26,31,48,70,77,79,85,86,103,148,139,159,168,193,206,212,218,235,247,279,281,287,291
112:2,7,18,75,81,247,115,142,147,172,194,225,232,236,242,281,291
113:3,18,25,55,57,76,84,86,87,88,92,103,110,179,120,131,165,167,184,187,188,210,226,284,286,288,297
114:14,19,21,37,59,61,68,77,90,93,106,134,161,164,165,167,169,187,196,205,209,212,233,287,293
115:7,8,39,73,76,83,94,102,112,180,127,167,172,182,183,194,196,221,242,255,259,283,288,289
116:27,90,110,242,120,151,159,193,202,205,217,219,221,223,232,254,281,289
117:47,49,51,56,66,70,83,103,232,124,137,141,154,167,190,207,219,225,229,248,284,297,299
118:2,37,47,51,57,58,70,78,101,104,106,110,152,138,144,153,157,168,175,184,216,246,262,264,279,280,287,289
119:8,28,39,40,41,74,77,100,106,292,122,137,141,153,159,171,187,197,288,290,298
120:40,57,87,88,94,113,116,158,125,139,160,164,180,186,200,218,219,222,228,234,254,270,275,280,285
121:15,16,50,65,85,105,183,136,155,160,174,198,203,227,233,242,256,290
122:21,48,50,63,64,68,81,105,119,273,125,129,143,163,180,195,202,206,241,243,264,283,290,299
123:33,103,213,126,137,140,189,208,211,227,229,248,287,295
124:28,39,44,53,107,117,262,131,159,173,174,188,195,215,216,218,224,254,281,286,289
125:6,9,21,25,34,45,72,103,107,120,122,220,126,129,140,158,175,183,199,202,246,265
126:7,15,61,73,110,123,125,159,136,139,158,160,161,169,187,189,242,264,273,283,296
127:14,40,59,61,62,69,81,87,90,91,115,215,160,163,182,185,199,259,282,287,295
128:4,34,36,41,44,51,54,79,80,85,245,135,145,169,181,191,202,214,215,222,246,252,258,270,281,288
129:53,56,88,122,125,226,137,139,147,171,188,192,194,199,204,214,263,274,283,284
130:17,74,83,92,99,154,148,158,160,162,169,175,182,227,230,246,247,253,274,278,290,294,296
131:20,54,59,74,99,107,110,113,124,155,137,143,146,157,174,215,229,234,254,286,291
132:10,12,25,52,61,63,87,89,153,164,174,197,211,218,221,222,244,251,252,264,271,298
133:15,21,104,277,138,140,168,172,184,197,200,229,238,253,258,262,266,282
134:1,43,54,55,57,66,77,81,90,93,96,105,114,173,141,160,184,197,227,236,248,249,266,285,289,295
135:10,38,51,71,96,100,103,128,172,177,191,198,205,241,265,274,292
136:3,6,10,30,31,75,80,106,121,126,173,138,150,170,199,214,232,256,270
137:0,26,71,72,97,117,119,123,129,131,295,154,157,169,170,193,210,213,214,224,232,245,254,267,269,284
138:1,7,61,69,98,118,133,136,288,149,158,178,181,197,203,209,213,242,259,270,293,299
139:9,11,34,50,51,65,87,102,111,120,126,129,143,147,159,194,275,298
140:40,96,108,123,125,133,188,142,149,160,165,169,177,212,219,229,260,264,269,276
141:7,16,43,52,53,59,117,119,134,147,148,157,160,182,188,197,223,224,235,238,257,272,295
142:7,9,10,34,40,43,49,63,66,75,79,90,102,112,140,183,154,161,166,185,200,204,211,250,251,252,263,265
143:4,15,25,27,29,32,40,42,53,58,59,60,61,66,88,122,131,139,190,172,174,188,218,228,261,275,294
144:55,99,101,118,191,150,162,212,229,297,299
145:7,70,77,128,271,149,152,157,158,166,197,226,278,281
146:0,15,18,35,44,50,51,88,131,200,173,189,198,203,205,246,260,261,273,294,299
147:5,17,21,42,65,112,129,139,141,164,159,196,217,253,259,274
148:6,11,20,34,47,70,90,111,130,141,162,150,154,171,200,204,209,231,232,253,287,289
149:20,26,44,92,99,104,138,140,145,213,152,157,182,190,191,200,208,249,257,263
150:13,15,22,24,29,30,32,33,52,60,99,102,136,144,148,268,188,218,220,224,242,247,276,295,298
151:12,16,20,49,52,68,80,100,104,106,108,116,166,182,186,206,207,236,237,248,255,267
152:9,13,14,58,70,87,106,118,145,149,220,174,205,229,232,262,266,271,284,288,294
153:4,11,32,56,59,91,108,118,119,132,185,173,184,229,255,288
154:9,13,42,47,61,95,107,117,130,137,142,148,166,185,192,193,196,208,225,241,290
155:1,26,89,121,131,159,157,194,200,213,222,233,235,244,256,272,282,292
156:3,20,21,24,45,59,63,93,98,279,166,192,207,208,213,216,234,254,265,269,290,297
157:23,38,42,58,59,82,87,88,103,108,118,131,137,141,145,149,155,271,158,169,171,186,187,189,190,192,229
158:15,28,34,43,45,46,53,66,69,70,106,107,110,120,125,126,130,138,145,157,166,170,180,186,190,215,228,240,242,253,271,282,283,299
159:1,4,8,19,81,86,88,89,97,100,111,116,119,124,126,139,147,155,227,177,189,193,214,218,226,257,293,296
160:6,15,41,102,120,121,126,127,130,134,140,141,199,168,170,172,179,183,187,195,206,215,257,258,261,266
161:2,3,4,14,63,67,83,89,94,100,103,114,126,142,214,186,192,196,205,206,216,235,246,271,299
162:3,4,10,22,32,42,61,68,81,109,130,144,148,223,172,174,179,180,189,191,209,255,263,266,267,289
163:20,28,45,46,64,72,76,122,127,241,178,209,210,212,223,233,287,288,298
164:10,17,19,39,41,54,67,93,96,114,120,132,147,277,174,206,222,225,226,238,239,252,268,297
165:10,43,67,85,94,100,105,113,114,140,285,198,206,208,211,213,252,261,286,293
166:1,45,52,81,92,105,142,145,151,154,156,158,168,173,240,245,277,278,289
167:2,13,20,49,64,113,114,115,117,195,171,172,198,212,250,257,267,278,279,295,296
168:12,25,55,58,64,67,93,101,111,118,133,160,166,298,204,214,223,232,237,238,279,283,286,295
169:9,27,46,69,77,101,105,114,126,128,130,137,140,157,234,188,193,209,211,212,214,226,233,254,263,266,271,286
170:5,9,18,25,56,65,67,93,102,136,137,158,160,291,179,181,189,196,235,258,267,299
171:3,7,15,24,31,49,72,81,85,90,91,98,119,129,148,157,167,206,173,203,217,225,277,278
172:13,17,29,38,44,52,57,69,70,73,76,101,112,115,133,135,143,160,162,167,277,175,183,234,256,261,278,293,298
173:1,11,39,46,54,59,78,83,104,105,124,134,136,146,153,166,171,270,181,185,192,193,227,255,257,260,279,281,290,294
174:26,27,34,52,73,81,84,92,101,121,124,131,132,143,152,162,164,249,184,191,233,255,268,287,289
175:14,20,24,38,50,63,66,88,92,94,103,104,106,108,118,125,130,172,200,183,191,193,202,221,222,229,248,251,260,294
176:5,45,46,51,56,71,95,178,195,205,206,218,223,236,272,280,282
177:5,20,22,32,35,41,61,73,101,109,135,140,159,205,186,198,208,215,222,248,271,289,295
178:8,23,24,30,40,42,50,64,75,86,91,97,100,138,163,176,200,209,219,247,274,281,292
179:3,72,109,113,160,162,170,209,180,232,235,252,270,276,283,285,292
180:30,35,37,43,62,71,72,83,92,106,115,120,122,158,162,179,245,236,244,267
181:19,36,43,62,75,76,82,101,103,109,128,138,170,173,276,193,206,220,225,231,232,249,252,267,282,287,298
182:5,22,43,44,73,107,115,127,130,141,149,151,185,187,196,229,240,243,273
183:11,43,73,74,103,115,121,125,142,160,172,175,220,198,233,240,243,252,276,279,299
184:11,15,34,41,50,51,52,64,113,118,133,134,153,174,216,232,247,250,260,289
185:13,28,76,84,94,127,142,153,154,173,182,252,205,207,214,255,261,269,282,289,298
186:44,48,57,74,79,102,120,151,157,158,161,177,220,188,221,228,231,265
187:6,13,15,27,32,38,44,66,72,73,78,98,105,113,114,119,126,157,160,182,235,189,190,200,206,258,279,283,288
188:19,26,48,74,79,84,107,113,124,129,140,141,143,150,169,186,205,189,200,204,244,250,258,288
189:2,7,21,44,103,110,123,126,146,157,159,162,170,187,188,209,210,222,223,231,259,271,285,295
190:13,23,51,52,58,85,117,143,149,157,158,187,249,204,206,264,280
191:29,47,54,61,62,128,135,144,149,162,174,175,282,196,226,233,244,249,277,285
192:2,41,45,51,71,74,83,90,105,129,154,156,157,161,173,234,193,201,219,220,223,233,247,250,257,265,270,296
193:2,3,30,36,37,42,45,61,65,68,101,111,116,137,154,159,169,173,175,181,192,253,224,225,240,269,283
194:16,17,25,32,55,56,80,95,100,106,112,115,129,139,155,277,210,242,245,246,255,256,263,292,294
195:5,8,33,39,69,93,108,122,124,160,167,176,196,198,223,224,230,249,256,292,295
196:2,3,27,28,35,65,69,114,115,147,154,161,170,182,191,195,227,208,212,216,240,245,259,265,276,286,294
197:2,16,33,45,69,73,86,95,119,132,133,134,138,141,145,214,202,213,232,246,254,255,261,275,277,294
198:17,30,52,56,60,62,94,121,135,146,165,167,177,183,195,261,204,210,231,239,262,271,275,280,281,285
199:0,11,43,52,55,57,70,81,86,107,108,125,127,129,136,160,270,202,215,218,219,266,293,298
200:26,36,38,49,56,76,77,91,101,120,133,142,146,148,149,155,175,178,187,188,222,207,209,210,217,276,277,291
201:30,46,91,108,192,222,240,254,267,275,283
202:66,71,92,104,109,116,122,125,128,175,197,199,240,203,223,231,234,238,239,253,257,268,278
203:4,19,35,40,55,72,86,87,97,100,104,105,121,138,146,171,202,282,206,216,217,226,246,269
204:9,12,14,57,68,73,80,93,129,142,148,168,188,190,198,211,216,222,227,234,239,249,288,294
205:0,23,32,39,70,71,72,87,99,114,116,135,146,152,161,176,177,185,188,255,244,251,260,285
206:39,41,43,48,49,70,88,89,94,95,111,122,151,160,161,164,165,171,176,181,187,190,203,294,215,221,236,260,267,272
207:14,27,29,40,45,56,67,83,104,117,151,156,185,200,279,226,243,250
208:14,23,32,49,75,123,149,154,156,165,177,196,237,210,221,250,251,252,292,294
209:3,5,20,30,36,55,60,65,114,138,148,162,163,169,178,179,189,200,270,235,240,244,261,262,285,293
210:32,40,52,57,61,71,75,85,87,90,113,137,163,189,194,198,200,208,218,235,243,260,269,278,292
211:5,10,23,24,30,60,85,123,132,142,165,169,204,231,214,245,246,260,293
212:2,7,9,27,42,44,56,63,64,88,95,111,114,140,144,163,167,169,196,278,254,262,270,274,287,298
213:18,22,24,56,90,104,123,137,138,149,155,156,165,197,274,245,258,268,290
214:23,24,29,30,37,42,48,60,66,76,88,128,129,136,137,159,161,168,169,185,197,211,223,231,232,267
215:0,10,66,93,124,127,128,131,158,160,177,199,206,281,220,233,237,262,266,275,287,296
216:2,3,31,36,38,73,88,90,108,118,124,156,161,184,196,203,204,233,228,260,274,282,285,295,298
217:25,28,61,62,99,100,116,147,171,200,203,248,243,255,270,277,282,297
218:62,67,71,83,111,120,124,132,143,150,159,176,199,210,230,222,225,227,241,261,266,268,293
219:11,17,22,29,32,37,75,83,101,116,117,120,140,178,192,199,298,225,238,251,265,277,280,281,295
220:0,6,10,16,46,91,97,108,125,150,152,181,183,186,192,215,270,225,232,256,260,274
221:1,36,46,49,57,71,105,115,116,132,175,186,206,208,295,244,256,263,265,286,296
222:43,47,50,54,81,92,95,102,107,120,128,132,155,164,175,177,189,200,201,204,218,296,225,262,267,272,288,293
223:2,3,10,15,24,51,68,87,103,116,141,162,163,168,176,189,192,195,202,214,265,247,266,267,269,271,277,284,294
224:60,94,109,124,137,141,150,193,195,268,229,238,239,261,263,271,273,277,295,299
225:6,9,40,41,54,55,65,66,71,82,95,112,117,154,164,171,181,193,218,219,220,222,273,234,240,248,257,263,265,285,286,290
226:2,8,19,24,30,54,90,113,129,145,159,164,169,191,203,207,258,250
227:5,24,49,56,121,123,130,134,159,173,196,204,218,272,228,233,235,244,258,275,277,287
228:5,53,59,63,100,120,143,158,186,216,227,256,233,278,284,294,297
229:4,11,12,27,58,71,106,117,123,131,133,140,144,152,153,157,175,182,224,263,237,238,252,283,295
230:11,18,19,26,35,36,69,83,105,106,130,195,218,267,246,258,273,274
231:1,2,4,5,8,11,35,51,55,89,96,97,108,148,181,186,189,198,202,211,214,237,245,248,249,264
232:2,16,18,30,39,44,58,59,84,86,112,116,117,136,137,148,152,168,179,181,184,197,214,220,237,242,249,255
233:7,11,31,33,53,62,65,67,114,121,155,163,169,174,183,191,192,215,216,227,228,271,234,243,244,249,251,292
234:6,19,40,56,62,71,83,86,120,131,156,169,172,192,202,204,225,233,249,275,283
235:11,22,31,40,44,45,72,78,111,141,155,161,170,179,187,209,210,227,238,241,247,277,283
236:7,10,17,24,33,46,88,93,94,105,108,109,112,134,151,176,180,206,294,237,250,265,268
237:4,6,34,59,61,74,95,97,151,168,208,215,229,231,232,236,298,240,266,267,275,286,290,291,293,296
238:6,16,19,39,42,55,61,62,70,87,133,141,164,168,202,219,224,229,235,265,251,254,277,287,289,294,297
239:2,12,24,46,52,61,65,70,71,164,198,202,204,224,275,261,294
240:16,26,32,40,59,62,64,70,96,158,166,182,183,193,196,201,202,209,225,237,243,299
241:8,17,18,36,39,45,60,76,85,91,122,135,154,163,218,235,295,271,279,284
242:7,11,12,13,18,19,40,57,77,92,105,108,112,115,116,121,126,138,150,158,194,232,290,254,258,268
243:6,18,29,38,39,40,48,51,62,67,102,103,107,122,182,183,207,210,217,233,240,276,270,285
244:15,27,30,39,50,51,55,58,60,66,84,92,104,132,155,180,188,191,205,209,221,227,233,269,288,292
245:0,3,7,13,53,93,128,137,166,180,194,196,211,213,231,284,249,262,264,274,277,285
246:1,31,40,42,43,48,87,96,97,118,125,128,130,146,161,194,197,203,211,230,274
247:2,19,28,33,37,54,87,98,107,111,112,130,150,178,184,192,223,235,276,250,296
248:9,14,37,56,67,97,117,123,134,151,175,177,217,225,231,291,252,259,270
249:2,11,18,30,41,76,99,134,149,174,181,190,191,195,204,231,232,233,234,245,264,276,288
250:18,48,56,86,97,107,142,167,184,188,192,207,208,226,236,247,297,261,276,295,299
251:11,38,74,81,86,109,132,142,175,205,208,219,233,238,280,252,253
252:24,32,40,57,59,62,85,88,96,104,128,132,142,164,165,179,181,183,185,208,229,248,251,292,255,259,271,286,296
253:2,25,37,42,75,98,99,130,133,147,148,158,193,202,251,270,274,297
254:2,45,48,57,60,80,94,116,120,124,131,137,156,169,197,201,212,238,242,269,281,293
255:8,18,19,26,51,66,78,79,88,103,115,151,153,162,173,174,185,194,197,205,217,232,252,264,268,284
256:5,9,17,70,81,100,103,108,121,136,155,172,194,195,220,221,228,259,273,274
257:11,26,32,36,43,46,52,85,86,103,141,149,159,160,167,173,192,202,225,288,273,275,293
258:16,24,32,43,58,78,90,96,128,133,160,170,187,188,213,226,227,230,242,274,275,277,281,295
259:13,24,42,43,46,86,96,115,127,138,147,189,196,248,252,256,280,285,294
260:21,85,92,98,140,146,173,175,184,205,206,210,211,216,220,262,284
261:11,33,45,66,69,78,106,143,146,160,165,172,185,197,198,209,218,224,239,250,268,262,269,289
262:18,25,45,83,98,101,109,118,124,133,152,198,209,212,215,222,245,260,261,269,270,273,277
263:8,29,37,39,51,68,81,129,142,149,162,169,194,221,224,225,229,274,271,295
264:7,15,46,65,66,78,90,118,122,126,132,140,190,231,245,249,255,278,268,279,280,292
265:4,13,19,22,31,53,90,107,108,125,135,142,156,186,192,196,219,221,223,225,236,238,291,268,294,297,298,299
266:9,18,27,49,52,54,63,81,133,134,152,160,162,169,199,215,218,223,237,283,286,288
267:27,40,57,77,79,108,137,151,162,167,170,180,181,201,206,214,222,223,230,237,282,284,290,293
268:14,31,48,74,79,95,150,164,174,202,213,218,224,236,242,255,261,264,265,269,277,286
269:14,22,24,40,94,100,105,110,137,140,156,185,193,203,210,223,244,254,261,262,268,277,271,278,287
270:12,17,23,25,38,63,69,70,76,83,94,99,120,128,136,138,173,179,192,199,209,212,217,220,243,248,253,262,286,271,272,291
271:7,13,16,22,48,56,82,90,104,108,110,132,145,152,157,158,161,169,177,189,198,223,224,233,241,252,263,269,270,278,292
272:14,16,64,71,104,108,109,141,155,176,206,222,227,270,283,281,287,288
273:3,10,13,15,43,63,69,101,107,122,126,146,182,224,225,230,256,257,262,276,277,289,294
274:22,36,58,61,65,105,106,129,130,135,147,178,212,213,216,220,230,245,246,253,256,258,263,290,280,288,289,293,295,298
275:2,8,16,24,45,57,61,67,72,89,94,120,139,143,197,198,201,215,227,234,237,239,257,258,294,299
276:4,5,23,26,34,83,104,140,150,179,181,183,196,200,243,247,249,250,273,280,294,295
277:9,25,40,70,83,133,164,166,171,172,191,194,197,200,217,219,223,224,227,235,238,245,258,262,268,269,273,297,299
278:9,14,40,64,70,75,80,85,94,130,145,166,167,171,172,202,210,212,228,264,269,271,281,293
279:9,26,43,53,71,105,109,111,118,156,167,168,173,183,187,207,241,264,285,283,287,298
280:39,65,66,75,79,90,109,118,120,176,190,198,219,251,259,264,274,276,295,296
281:36,52,65,85,97,103,111,112,116,124,128,145,173,178,198,215,219,254,258,272,278,299,294
282:7,31,60,75,92,103,127,133,155,158,176,181,185,191,203,216,217,267,297
283:4,12,17,29,39,43,61,64,105,115,122,126,129,158,168,179,187,193,201,229,234,235,266,272,279,289,285,298
284:0,19,23,40,49,51,68,69,98,100,104,108,113,117,129,137,152,223,228,241,245,255,260,267,298
285:9,37,45,82,87,93,103,120,134,165,179,189,191,198,205,209,216,225,243,245,259,279,283,289,292
286:40,43,45,46,82,95,109,113,124,131,165,168,169,196,221,225,237,252,266,268,270,299,295
287:11,22,28,36,71,87,95,105,108,111,114,118,123,127,148,163,174,181,212,215,227,238,269,272,279,299
288:4,6,59,87,113,115,119,128,138,152,153,163,187,188,204,222,244,249,257,266,272,274,299,297
289:39,50,76,84,89,97,99,115,116,118,124,134,148,162,166,174,177,184,185,238,261,273,274,283,285,290,296
290:9,16,37,49,62,65,96,119,121,122,130,154,156,173,213,225,237,242,267,274,289,294
291:4,27,52,70,76,80,96,97,111,112,131,170,200,237,248,265,270,294,299
292:13,39,41,44,59,60,66,70,90,95,119,135,155,178,179,194,195,208,210,233,244,252,264,271,285,299,295
293:2,12,44,74,80,98,102,114,138,159,165,172,199,209,211,218,222,237,254,257,267,274,278,298
294:42,66,75,130,143,146,152,173,175,194,196,197,204,206,208,223,228,236,238,239,259,265,273,275,276,281,290,291,297
295:6,14,38,59,65,69,100,123,127,134,137,141,150,167,168,177,189,195,216,219,221,224,229,241,250,258,263,274,276,280,286,292,297
296:36,74,86,92,126,130,159,167,192,215,221,222,237,247,252,280,289,299
297:3,4,14,18,50,57,69,93,100,107,110,113,117,144,156,164,217,228,238,250,253,265,277,282,288,294,295,299
298:1,28,49,53,63,85,94,101,104,119,132,139,150,163,168,172,181,185,199,212,216,219,237,265,274,279,283,284,293,299
299:32,47,59,63,77,80,84,89,95,98,100,110,117,122,138,144,146,158,161,170,183,224,240,250,265,275,277,281,286,287,288,291,292,296,297,298
