0:22,2,4,14,17,19,26,28,30,31,33,34,35,36,37,39,41,42,44,47,50,52,54,59,63,65,66,70,71,72,73,74,80,84,89,92,95,97,99,101,102,105,108,109,111,112,114,115,116,125,129,131,132,135,143,145,146,147,149,150,151,154,155,157,163,166,170,171,172,176,179,184,185,186,189,193,198,203,208,210,213,215,218,220,224,225,226,232,234,236,238,239,240,246,253,259
1:85,10,11,13,16,18,25,26,39,41,42,50,51,54,55,56,58,60,62,65,71,73,74,80,82,83,87,89,100,102,107,109,114,115,117,120,123,124,127,129,131,134,136,137,140,141,143,147,149,151,152,155,156,157,158,160,162,167,169,171,173,179,182,184,186,187,188,191,195,201,204,206,207,210,212,216,217,218,219,220,222,223,224,226,232,233,234,236,239,243,244,254,255
2:0,124,3,4,8,10,11,15,18,19,22,23,24,26,28,30,31,34,35,40,41,43,45,49,53,54,62,64,71,74,77,79,82,83,85,89,91,94,97,98,101,103,105,106,107,112,114,115,121,126,132,136,139,143,145,149,160,166,170,171,174,175,176,178,179,181,184,185,187,188,191,192,193,195,196,198,199,204,205,206,213,214,215,216,218,222,223,225,229,230,232,235,236,240,242,249,251,252,253,254,256,258
3:2,82,7,10,14,16,17,18,22,23,24,25,31,38,44,46,48,52,55,57,61,64,65,66,67,68,72,74,76,80,84,87,88,89,90,91,92,96,97,101,103,105,108,109,113,122,127,128,129,131,132,136,138,139,145,146,147,149,152,154,156,157,160,164,166,170,171,173,177,179,182,184,185,186,192,195,200,201,204,206,207,210,211,215,216,223,226,229,232,235,240,241,242,246,248,249,251,254,255,256,257,259
4:0,2,198,9,10,14,15,17,21,22,29,32,33,35,36,40,42,43,46,52,53,55,60,62,65,67,68,71,75,79,80,84,87,95,96,97,98,100,105,108,112,117,120,124,127,132,138,139,141,142,146,148,149,150,154,157,163,164,166,167,169,170,172,174,180,181,186,188,191,194,195,196,202,203,204,205,206,207,215,216,217,220,221,224,225,228,229,230,231,234,235,237,238,241,243,246,247,250,254,256
5:222,8,11,15,20,24,27,43,46,51,52,54,55,57,58,62,63,64,66,67,68,70,72,74,75,77,79,81,84,85,86,88,89,93,98,101,102,104,107,108,109,117,118,120,121,123,125,126,128,130,135,137,138,139,145,148,152,162,163,164,165,170,172,178,181,183,184,185,186,187,188,193,197,200,201,202,204,206,207,208,210,211,212,219,221,225,228,234,235,241,244,245,246,249,250,255,259
6:160,10,15,18,20,21,23,28,29,32,34,35,36,42,44,45,49,50,52,54,55,57,65,69,73,76,82,83,85,87,89,91,92,95,96,97,100,105,106,110,115,116,117,119,123,125,126,129,138,139,140,143,149,150,159,164,169,170,172,175,176,178,180,181,184,186,187,189,195,196,203,206,207,208,213,215,217,221,224,226,229,231,233,234,235,238,241,242,243,244,246,251,252,255,257,259
7:3,242,11,30,33,34,36,40,43,44,45,48,52,53,65,72,73,76,78,81,85,86,93,94,95,111,112,114,115,117,123,125,126,133,134,135,136,137,141,144,145,146,147,148,149,155,156,159,160,161,164,167,170,171,177,179,180,181,182,183,189,192,193,195,197,202,203,204,207,208,211,214,217,218,219,220,224,231,232,233,236,240,245,259
8:2,5,119,9,12,13,21,25,30,37,41,42,43,44,46,53,59,62,65,78,79,80,81,82,93,94,95,96,97,98,103,106,107,114,115,117,120,125,126,132,135,137,140,141,144,145,147,151,152,160,161,166,170,174,175,176,178,179,182,183,184,189,191,192,195,199,200,203,205,212,214,219,220,221,222,223,224,227,229,231,233,234,239,240,241,249,250,252,253,255,257
9:4,8,118,11,14,17,18,19,21,22,24,27,29,34,35,41,42,44,46,48,51,57,58,61,64,66,70,72,77,81,85,92,106,108,109,110,111,112,121,123,124,125,126,133,134,138,142,143,153,155,156,159,161,164,167,170,171,174,176,178,180,187,188,197,201,206,209,214,218,224,225,226,228,229,230,234,244,246,247,248,250,252,256,259
10:1,2,3,4,6,147,12,14,15,16,18,19,20,22,26,31,32,36,42,52,53,54,56,59,65,66,67,68,71,73,74,76,83,85,91,95,97,100,102,106,111,114,116,118,120,124,129,134,137,139,141,142,143,144,153,156,161,168,170,172,177,178,181,182,183,184,186,191,192,196,203,205,206,208,210,211,212,216,219,220,225,226,228,230,232,242,244,248,249,251,256,257,258,259
11:1,2,5,7,9,33,13,18,21,29,35,37,40,41,42,52,54,56,57,60,61,64,67,68,69,74,79,83,86,89,92,93,97,99,105,108,109,110,113,114,118,123,124,125,131,133,134,138,141,143,145,147,149,156,159,160,161,162,166,168,169,171,174,175,179,181,184,187,189,193,194,199,203,205,206,207,210,211,216,219,221,222,230,236,240,242,246,247,252,255,256,258,259
12:8,10,179,13,15,16,18,19,26,30,38,42,45,48,50,55,57,58,67,68,82,83,84,86,87,88,91,97,98,100,103,105,106,111,117,118,120,123,124,131,132,133,138,139,141,142,145,149,151,152,154,162,167,170,173,174,175,180,189,192,197,199,205,206,208,210,212,218,220,222,224,226,232,235,237,240,249,253
13:1,8,11,12,95,14,15,16,17,18,19,24,28,30,31,37,38,41,44,45,46,51,52,53,54,57,58,60,69,71,72,76,78,79,81,98,114,119,120,126,127,135,136,140,145,147,148,152,154,156,158,159,163,168,169,171,176,182,188,189,191,198,201,208,210,212,213,215,227,238,239,241,244,245,246,251,252,259
14:0,3,4,9,10,13,233,15,18,19,33,36,37,38,40,42,43,44,48,49,57,58,59,60,62,63,64,65,66,68,69,72,75,82,83,87,90,93,98,100,104,106,109,110,111,112,118,120,124,125,126,129,131,139,141,142,143,148,154,158,159,164,166,168,169,170,174,175,185,187,188,193,194,195,197,200,202,203,207,208,209,210,220,223,225,231,232,234,236,243,244,245,246,248,252,257
15:2,4,5,6,10,12,13,14,237,17,20,23,26,27,30,31,32,33,35,39,40,42,45,48,52,62,64,67,71,77,79,85,87,91,92,103,104,105,106,115,119,121,127,129,130,138,139,145,150,151,160,162,163,164,169,170,171,172,176,179,180,183,187,188,191,193,194,195,201,202,206,207,209,213,214,220,221,224,226,227,229,232,233,238,242,245,247,249,252,256,257
16:1,3,10,12,13,53,17,23,24,25,27,37,38,39,41,42,43,46,47,54,60,61,62,63,66,71,72,76,77,80,83,86,92,93,96,97,99,101,102,103,105,106,107,111,115,117,118,119,122,123,124,135,144,147,148,149,152,154,156,157,159,160,164,166,169,170,171,172,174,176,177,178,185,187,189,193,197,198,202,205,210,211,212,218,219,225,227,230,231,232,233,239,240,243,250,253,256
17:0,3,4,9,13,15,16,86,19,20,21,24,25,31,32,33,34,35,37,40,44,47,50,53,58,60,61,63,64,67,68,70,71,73,77,81,82,84,88,92,93,94,98,99,100,101,103,104,109,111,112,114,116,120,123,125,131,132,134,135,137,138,139,141,144,150,152,154,157,159,163,164,169,171,174,175,179,182,183,184,186,195,196,197,199,201,205,209,210,218,225,227,228,237,240,243,244,245,248,252,255
18:1,2,3,6,9,10,11,12,13,14,127,20,22,25,28,29,32,38,39,41,44,45,47,48,49,51,52,53,54,58,60,67,71,76,80,82,85,87,88,90,91,94,95,99,100,103,104,105,106,111,112,113,114,118,120,123,126,129,131,132,133,141,142,153,154,160,163,164,165,166,167,168,169,173,178,180,182,183,189,193,194,195,199,201,204,205,206,207,208,215,219,221,224,229,230,231,233,234,239,240,243,245,249,251,252,253,259
19:0,2,9,10,12,13,14,17,235,20,24,28,33,40,43,44,49,50,53,55,57,61,62,66,74,75,77,78,86,87,89,91,92,96,97,98,100,110,111,114,116,117,120,122,125,127,129,132,134,138,143,144,147,150,151,155,158,161,162,164,166,170,172,173,176,179,180,183,184,189,190,191,193,194,199,201,207,209,214,216,218,219,220,223,228,229,230,234,236,238,239,241,242,243,246,248,250,256,259
20:5,6,10,15,17,18,19,100,21,23,28,29,32,35,38,39,50,56,58,61,62,71,73,77,80,82,83,88,90,93,94,101,102,103,105,107,108,109,110,116,117,120,123,125,128,134,136,137,140,142,151,153,156,158,162,163,165,166,171,176,181,182,184,195,200,201,204,205,211,214,215,216,229,232,235,236,237,240,244,249,254,258,259
21:4,6,8,9,11,17,20,254,23,25,26,27,28,30,32,33,35,37,42,43,50,51,54,59,61,62,63,64,65,68,69,78,79,82,85,87,88,89,94,96,99,100,109,125,126,129,132,136,142,144,145,149,150,153,162,164,170,172,176,182,183,192,194,199,202,204,206,207,228,230,231,235,236,245,255,256,259
22:0,2,3,4,9,10,18,28,24,26,27,29,36,40,45,47,56,59,61,63,68,70,74,77,80,83,87,88,93,98,99,100,101,104,106,109,113,121,122,123,128,129,132,133,139,141,142,146,147,152,157,158,159,161,168,170,180,181,182,183,189,191,194,201,208,214,222,223,224,226,227,228,229,230,231,233,235,237,239,240,242,245,251
23:2,3,6,15,16,20,21,155,25,28,35,37,38,44,46,51,52,54,57,63,64,70,71,73,75,76,80,81,82,83,85,86,87,90,95,98,105,109,110,112,113,119,123,131,133,136,141,143,144,145,146,152,154,159,160,162,163,169,171,181,183,185,186,187,188,194,195,196,197,198,201,204,205,206,208,210,211,212,226,228,232,234,235,236,241,244,245,247,249,252,256
24:2,3,5,9,13,16,17,19,22,204,26,27,29,30,33,42,44,45,49,50,57,58,61,62,68,69,71,73,79,80,83,91,92,98,99,103,105,108,109,112,114,116,120,125,128,129,131,132,135,137,139,141,142,147,149,151,153,154,155,157,161,164,165,166,173,174,176,178,181,184,188,190,191,192,194,198,199,201,202,203,205,207,208,211,213,214,215,216,217,219,223,224,226,231,233,239,243,244,247,252,253,256,257,258,259
25:1,3,8,16,17,18,21,23,127,26,28,29,30,31,33,34,35,36,37,38,41,42,43,51,53,59,66,68,69,70,72,75,76,77,82,84,87,95,96,97,100,104,106,108,113,114,117,126,128,132,135,137,146,151,153,158,162,165,167,168,170,171,173,176,177,178,182,184,186,190,195,197,198,201,203,207,210,211,213,214,216,217,220,221,223,224,226,232,233,235,237,239,241,242,247,249,254
26:0,1,2,10,12,15,21,22,24,25,166,28,29,34,35,38,40,42,43,50,51,53,56,67,69,71,75,79,80,82,87,89,90,92,96,97,104,105,106,108,110,115,117,120,126,128,129,132,134,135,137,140,144,154,155,157,165,167,172,173,175,181,186,188,189,190,191,195,196,200,203,204,206,207,208,211,214,215,217,219,224,226,227,228,229,233,237,239,240,245,247,248,250,254,255,258,259
27:5,9,15,16,21,22,24,43,28,30,32,34,37,41,42,44,50,51,52,53,54,55,56,66,69,70,71,72,84,85,86,88,92,93,96,98,101,104,105,107,109,112,117,122,124,126,143,144,146,153,156,158,163,164,168,177,180,186,187,188,189,190,193,201,203,204,206,211,216,219,220,222,225,226,231,232,236,240,242,245,246,247,248,251,253,254,256,257,259
28:0,2,6,13,18,19,20,21,22,23,25,26,27,38,30,36,37,40,45,46,50,53,54,56,58,59,60,62,63,65,67,68,69,72,76,86,90,94,97,99,100,103,104,107,108,112,116,117,119,120,122,124,125,126,127,128,133,140,143,144,147,153,154,155,156,163,164,165,167,169,170,172,174,175,181,182,188,190,191,192,194,198,199,202,205,208,209,215,216,217,221,224,225,235,236,242,246,247,248,249,250,251,252,257,258
29:4,6,9,11,18,20,22,24,25,26,55,34,35,36,38,39,42,43,48,51,54,57,59,64,65,66,68,69,72,75,76,80,84,85,89,91,94,99,104,105,106,108,113,117,122,124,126,130,133,135,136,137,142,143,144,147,150,152,155,158,160,163,167,171,174,176,177,178,179,181,185,189,194,199,200,203,204,212,213,230,232,234,235,237,240,242,245,246,249,255,257,258
30:0,2,7,8,12,13,15,21,24,25,27,28,46,38,39,43,45,47,48,53,55,56,57,59,60,65,68,72,73,75,76,84,85,86,88,89,97,99,101,103,108,109,111,114,118,121,122,124,125,130,133,134,137,140,144,147,151,152,154,155,164,172,173,177,179,185,190,195,196,202,206,207,208,210,211,212,213,216,217,219,224,225,231,235,240,242,243,245,246,247,249,251,253,254,257,258,259
31:0,2,3,10,13,15,17,25,36,34,35,43,44,48,52,53,56,57,62,64,65,67,74,77,80,84,85,90,91,92,94,97,100,104,107,110,111,113,114,115,120,121,125,127,133,134,137,144,145,156,157,158,164,165,166,169,172,175,176,181,182,183,191,197,198,206,207,209,216,220,221,223,225,227,233,240,241,247,252,253,256
32:4,6,10,15,17,18,20,21,27,122,33,35,36,45,47,48,53,54,56,57,63,64,67,69,70,72,74,76,77,78,80,88,92,97,99,100,103,109,111,112,114,115,116,118,119,131,132,133,141,142,143,146,147,149,150,157,160,162,168,176,179,184,185,189,194,199,200,202,203,210,212,215,217,224,231,233,235,241,242,243,245,248,257,258
33:0,4,7,11,14,15,17,19,21,24,25,32,123,39,43,46,47,48,49,50,58,60,63,68,73,75,81,82,83,87,89,90,91,92,94,100,102,104,109,113,114,115,116,117,118,119,121,122,126,130,131,132,133,134,136,138,141,142,143,144,145,146,148,151,158,159,160,165,167,170,183,185,193,195,196,198,199,202,208,211,212,214,220,221,222,226,229,230,231,233,234,237,242,244,247,248,250,251,252,253,255
34:0,2,6,7,9,17,25,26,27,29,31,185,35,39,40,41,45,47,48,49,50,52,53,55,56,57,59,61,64,66,68,69,70,72,73,77,81,82,83,86,87,88,90,92,95,96,97,101,102,104,105,106,108,114,117,119,120,127,133,138,140,142,144,146,147,148,152,153,154,155,160,164,165,166,168,175,178,179,182,184,187,188,189,191,192,195,200,202,203,204,205,206,209,218,222,223,228,232,236,243,246,247,248,249,250,251,252,255,256,258
35:0,2,4,6,9,11,15,17,20,21,23,25,26,29,31,32,34,216,36,37,42,45,48,50,51,55,58,59,62,63,71,72,85,86,87,89,90,93,96,97,102,103,106,107,115,117,121,125,126,130,133,135,140,143,150,155,158,160,161,162,163,165,170,174,176,178,179,188,191,195,199,200,202,203,205,206,207,208,213,214,219,220,221,224,232,233,238,239,241,242,243,248,249,253,256,257,258
36:0,4,6,7,10,14,22,25,28,29,31,32,35,229,38,39,41,42,44,46,50,51,53,58,59,66,67,70,71,72,73,74,77,80,83,85,89,92,96,104,105,109,110,113,115,118,120,122,124,129,131,138,142,148,149,150,153,155,156,160,161,162,169,173,175,176,177,178,179,180,186,187,188,189,193,194,200,204,208,209,210,214,215,222,228,231,234,241,248,250,251,253,255,258
37:0,8,11,13,14,16,17,21,23,25,27,28,35,76,49,50,52,56,59,60,61,63,64,66,68,69,74,75,83,84,87,90,92,94,95,99,100,105,106,112,118,123,125,127,133,135,136,138,140,148,150,154,156,161,163,167,170,171,172,177,180,184,187,188,193,195,198,204,206,211,216,217,218,220,225,229,235,236,237,245,246,252,253,258
38:3,12,13,14,16,18,20,23,25,26,28,29,30,36,112,39,44,55,57,62,64,69,71,74,75,77,78,94,95,98,99,103,106,107,108,115,117,118,119,125,126,128,137,141,142,144,147,150,152,154,156,157,158,159,163,164,167,170,173,176,180,182,184,185,186,188,192,196,201,202,207,210,213,216,217,226,227,234,236,242,243,245,247,248,249,250,251,252,255,258
39:0,1,15,16,18,20,29,30,33,34,36,38,193,44,48,49,50,51,54,63,68,69,70,74,75,85,87,92,94,100,101,105,109,110,111,112,114,115,118,119,126,127,128,129,130,134,136,139,144,145,150,153,157,160,162,163,164,166,168,174,177,179,182,184,185,187,190,191,192,200,201,205,213,214,218,221,224,226,229,235,242,253,256,259
40:2,4,7,11,14,15,17,19,22,26,28,34,236,41,44,45,54,57,58,59,60,61,64,67,75,78,81,85,87,91,100,103,112,113,114,121,124,126,128,132,134,135,142,145,147,149,156,160,161,168,171,176,179,181,183,187,194,195,202,210,212,215,217,219,222,223,225,230,232,234,235,237,241,242,243,244,249,251,253,254,258
41:0,1,2,8,9,11,13,16,18,25,27,34,36,40,135,42,44,47,58,61,62,67,69,70,71,72,74,77,78,80,87,92,94,97,98,99,101,102,108,112,114,120,122,125,127,132,134,139,145,148,155,157,158,161,162,164,166,167,170,172,174,176,180,181,185,186,195,197,199,202,206,207,209,217,220,222,225,228,229,231,239,240,242,249,250,251,254,255,257,258
42:0,1,4,6,8,9,10,11,12,14,15,16,21,24,25,26,27,29,35,36,41,143,48,49,53,59,60,64,69,70,73,74,84,85,87,101,110,111,114,117,118,119,120,124,126,127,128,130,137,139,140,144,146,147,150,152,153,158,159,161,162,165,167,170,171,172,179,183,190,197,199,201,203,204,205,206,209,210,212,213,217,218,220,224,225,227,229,232,239,241,242,243,246,247,252,253,255,257
43:2,4,5,7,8,14,16,19,21,25,26,27,29,30,31,33,70,47,48,49,50,57,58,60,64,68,71,72,73,74,75,77,79,80,84,85,86,87,90,91,92,98,99,103,104,108,109,111,118,123,127,130,132,135,138,140,149,154,155,165,176,177,178,180,187,189,190,192,194,197,198,199,208,209,217,219,228,232,233,235,240,241,245,251,252,254,257,258,259
44:0,3,6,7,8,9,13,14,17,18,19,23,24,27,31,36,38,39,40,41,217,45,54,56,58,72,74,78,79,81,88,89,91,92,94,97,101,102,106,110,113,120,122,125,126,127,129,132,136,137,139,140,141,143,144,148,149,152,153,163,167,168,169,172,174,177,178,181,193,194,196,198,202,206,210,212,215,220,221,222,225,229,231,236,240,242,244,248,257
45:2,6,7,12,13,15,18,22,24,28,30,32,34,35,40,44,131,50,51,52,53,56,58,60,62,64,69,74,79,81,88,89,90,95,99,104,105,107,108,110,120,121,132,141,145,147,148,149,150,158,159,162,163,165,172,174,178,179,186,189,190,191,192,195,201,203,206,207,209,212,213,216,217,218,223,226,227,231,232,239,240,242,247,250,255,257,258
46:3,4,5,8,9,13,16,23,28,30,33,36,146,51,52,54,55,58,60,61,62,65,67,70,76,77,79,82,84,87,88,94,96,98,99,103,104,105,113,120,123,127,132,139,141,142,143,147,148,151,153,154,158,161,162,164,165,167,168,169,171,177,180,181,184,192,193,195,199,201,202,208,210,211,212,215,219,222,223,225,229,231,232,235,253,254,255,257
47:0,16,17,18,22,30,32,33,34,41,43,144,54,59,65,67,69,73,75,77,79,80,82,83,91,94,101,105,106,108,115,117,120,121,122,123,126,129,132,134,138,141,142,146,147,152,155,158,159,160,162,163,165,170,178,181,182,191,194,195,196,197,201,204,207,209,216,217,222,225,227,229,234,235,236,237,239,240,243,244,245,246,248,254,257
48:3,7,9,12,14,15,18,29,30,31,32,33,34,35,39,42,43,195,50,51,53,57,59,70,72,74,75,82,83,85,86,89,95,96,97,98,99,102,106,107,111,112,113,114,115,119,120,124,125,129,135,140,144,145,146,148,149,150,151,152,153,154,157,160,161,162,165,170,172,173,174,175,176,180,182,185,194,196,207,211,212,214,215,218,219,221,224,225,226,227,228,232,241,242,246,250,255,257,258
49:2,6,14,18,19,24,33,34,37,39,42,43,123,50,51,60,62,64,67,73,76,78,80,85,86,88,96,99,100,101,103,107,115,116,119,120,126,129,130,132,135,138,139,141,145,147,150,157,158,162,164,166,168,169,170,174,175,182,185,189,191,193,195,199,201,203,209,211,215,220,221,222,230,231,233,236,239,247,251,258,259
50:0,1,6,12,17,19,20,21,24,26,27,28,33,34,35,36,37,39,43,45,48,49,191,52,56,59,65,69,70,76,81,84,88,90,92,94,95,96,100,104,105,107,111,112,115,116,117,121,122,123,124,128,129,135,139,141,143,145,148,149,151,152,153,155,156,166,169,172,175,182,185,187,188,190,194,196,197,201,205,207,214,218,227,228,230,235,236,244,254,259
51:1,5,9,13,18,21,23,25,26,27,29,35,36,39,45,46,48,49,169,58,59,61,62,66,68,72,73,75,76,77,81,83,84,86,87,91,94,95,108,109,111,113,119,121,125,126,130,131,132,133,135,147,148,153,157,161,162,164,165,168,171,172,174,179,181,186,190,192,198,200,204,206,212,216,219,224,225,230,231,232,235,236,238,239,240,241,247,252,255,256
52:0,3,4,5,6,7,10,11,13,15,18,23,27,31,34,37,45,46,50,180,55,56,59,62,65,67,68,72,76,79,84,87,90,91,92,94,95,96,99,100,103,106,108,116,118,119,122,128,131,137,139,141,145,146,147,149,155,157,158,160,161,162,167,170,187,189,191,194,203,209,214,221,224,226,231,232,239,240,241,242,244,247,248,249,250,251,252
53:2,4,7,8,10,13,16,17,18,19,25,26,27,28,30,31,32,34,36,42,45,48,193,54,57,59,60,61,62,67,68,69,70,71,84,89,95,97,98,99,104,107,108,109,113,115,117,121,122,128,130,132,133,135,139,146,147,149,150,153,154,155,157,161,162,163,170,171,172,174,177,178,180,181,185,187,188,192,201,202,210,215,218,219,223,225,226,227,228,229,230,238,239,243,245,249,253,259
54:0,1,2,5,6,10,11,13,16,18,21,23,27,28,29,32,39,40,44,46,47,53,185,56,59,63,64,69,73,76,77,78,79,82,87,88,90,92,96,98,106,108,111,116,120,121,126,127,131,132,135,138,145,146,149,155,156,160,164,166,167,177,180,181,182,183,190,195,196,207,211,220,225,226,228,231,232,238,242,245,254
55:1,3,4,5,6,12,19,27,29,30,34,35,38,46,52,240,59,60,62,63,64,66,68,70,71,75,77,81,84,85,86,87,88,92,93,98,104,105,107,108,112,126,127,131,132,134,135,136,137,138,142,145,146,150,153,154,156,158,163,165,166,168,178,180,181,184,185,187,188,192,194,196,197,201,202,207,208,211,213,220,223,224,230,233,236,237,239,246,248,251,253,254,255
56:1,10,11,20,22,26,27,28,30,31,32,34,37,44,45,50,52,54,103,58,64,66,67,68,76,88,90,91,92,93,96,106,107,111,112,115,116,117,118,120,121,122,125,129,136,139,141,150,153,156,158,159,161,162,163,168,169,170,174,175,178,180,182,183,184,185,189,192,194,195,196,199,207,208,213,214,223,232,233,235,240,242,243,244,248,252,257,259
57:3,5,6,9,11,12,13,14,19,23,24,29,30,31,32,34,38,40,43,48,53,188,60,61,62,64,71,82,84,89,91,92,93,96,97,98,101,103,104,105,111,112,122,123,124,125,127,133,135,141,148,150,153,155,156,158,167,180,182,183,184,187,190,198,200,201,202,205,207,209,211,216,218,219,220,224,225,227,231,236,238,247,253,254,255,257
58:1,5,9,12,13,14,17,18,20,24,28,33,35,36,40,41,43,44,45,46,51,56,92,60,64,65,66,72,74,76,78,79,82,85,86,87,88,89,93,98,100,101,102,104,105,108,116,119,120,129,130,131,133,139,143,147,150,156,158,160,161,162,163,164,168,171,172,175,181,188,189,192,193,199,200,201,206,214,216,218,219,220,222,226,228,229,232,234,235,238,240,243,245,246,248,256,257
59:0,8,10,14,21,22,25,28,29,30,34,35,36,37,40,42,47,48,50,51,52,53,54,55,180,61,62,65,68,70,75,76,81,83,84,86,88,89,91,92,102,104,109,113,115,117,120,121,124,129,130,132,133,134,135,137,141,143,146,147,148,149,152,182,183,188,189,196,198,199,204,205,208,211,212,217,218,219,220,224,225,226,231,233,236,238,240,241,244,248,249,258
60:1,4,11,13,14,16,17,18,28,30,33,37,40,42,43,45,46,49,53,55,57,58,93,71,72,73,75,77,82,85,91,92,94,95,101,102,113,116,118,119,120,123,124,127,128,129,134,135,140,143,144,146,147,152,161,163,165,171,172,173,176,180,185,187,188,194,195,202,208,210,211,215,216,217,221,227,229,230,232,234,235,236,238,240,241,243,244,245,249,250,257,258,259
61:3,9,11,16,17,19,20,21,22,24,34,37,40,41,46,51,53,57,59,175,67,69,71,74,75,78,80,82,84,86,88,89,93,97,98,99,109,111,113,115,121,122,124,126,129,130,134,137,138,140,141,142,143,145,149,150,152,161,163,167,168,172,173,174,176,178,181,182,183,189,190,191,198,205,206,207,208,209,211,212,217,218,220,227,229,232,235,238,239,240,243,244,245,246,248,249,251,252,254,255,257,259
62:1,2,4,5,8,14,15,16,19,20,21,24,28,31,35,38,41,45,46,49,51,52,53,55,57,59,71,66,74,75,82,84,85,87,90,92,93,94,96,97,99,102,105,110,114,115,119,120,123,129,130,131,136,139,143,144,149,151,162,164,166,167,168,170,173,180,182,185,189,192,197,203,205,209,211,214,219,220,221,223,225,228,234,235,236,237,238,239,242,243,246,247,251,254,256
63:0,5,14,16,17,21,22,23,28,32,33,35,37,39,54,55,177,71,73,74,77,81,87,90,92,93,94,96,99,101,104,105,108,111,118,121,125,126,129,130,132,137,140,146,147,152,153,157,164,167,168,179,182,185,187,189,190,197,198,201,202,205,212,213,215,216,217,218,220,229,230,231,232,235,240,244,247,248,256,257,259
64:2,3,5,9,11,14,15,17,21,23,29,31,32,34,37,38,40,42,43,45,49,54,55,56,57,58,172,65,67,68,73,75,76,78,79,81,84,88,89,93,102,104,107,108,109,110,115,119,120,124,125,127,131,133,134,135,138,140,143,145,149,151,153,156,157,162,167,171,175,176,177,178,181,183,184,192,198,199,202,204,206,207,209,214,215,216,217,220,221,225,229,230,232,238,239,243,247,249
65:0,1,3,4,6,7,8,10,14,21,28,29,30,31,46,47,50,52,58,59,64,119,66,71,72,74,75,77,78,82,83,84,87,90,91,92,93,95,101,103,113,114,117,122,123,124,133,134,135,137,141,142,144,145,150,156,157,158,161,166,167,169,170,184,187,188,200,201,203,205,211,212,214,215,219,221,222,224,225,227,228,231,232,234,240,241,243,250,255,259
66:0,3,5,9,10,14,16,19,25,27,29,34,36,37,51,55,56,58,62,65,130,70,72,73,79,81,87,90,92,98,99,100,102,104,106,108,111,117,118,124,125,127,137,142,143,146,152,153,157,159,160,175,176,177,180,184,187,197,198,199,200,201,203,205,206,211,213,215,216,220,222,223,224,225,228,232,233,236,238,239,240,243,249,251,253,254,256
67:3,4,5,10,11,12,15,17,18,26,28,31,32,36,40,41,46,47,49,52,53,56,61,64,139,68,69,70,71,72,73,76,78,80,81,82,84,88,90,92,93,94,99,100,101,103,105,108,110,111,114,115,119,127,129,136,144,146,147,148,152,153,155,156,158,161,162,163,164,165,168,169,170,171,172,179,182,184,187,192,195,200,204,205,214,217,219,220,222,223,234,237,239,240,244,245,247,249,251,252,253,254,259
68:3,4,5,10,11,12,14,17,21,22,24,25,28,29,30,33,34,37,39,43,51,52,53,55,56,59,64,67,193,70,74,75,76,80,81,83,84,85,90,91,92,93,95,96,98,99,104,108,109,113,114,117,127,129,131,133,135,136,138,141,143,148,156,160,164,165,168,170,171,172,174,177,178,180,188,191,194,199,203,208,212,216,220,221,226,231,235,236,238,241,248,250,254
69:6,11,13,14,21,24,25,26,27,28,29,32,34,37,38,39,41,42,45,47,50,53,54,61,67,137,73,90,92,103,107,111,112,113,115,117,119,120,122,125,126,127,138,142,146,147,150,151,155,156,158,167,169,171,177,179,180,181,182,183,184,185,190,194,197,199,200,201,202,207,210,212,215,219,224,225,226,228,229,232,236,239,240,242,244,251,254,255,256,257,258,259
70:0,5,9,17,22,23,25,27,32,34,36,39,41,42,43,46,48,50,53,55,59,66,67,68,144,71,74,75,80,84,86,89,97,98,102,103,113,115,119,126,128,130,133,134,135,136,138,143,146,147,152,153,154,155,156,160,165,168,171,172,178,179,182,183,184,187,188,194,195,201,204,206,208,209,213,217,219,226,233,236,238,239,241,246,249,253,255,257
71:0,1,2,4,10,13,15,16,17,18,20,23,24,26,27,35,36,38,41,43,53,55,57,60,61,62,63,65,67,70,81,73,74,79,89,96,97,100,105,106,108,109,116,117,124,125,130,132,133,136,138,139,140,141,145,146,150,151,152,154,157,158,164,165,167,175,177,178,179,181,183,186,187,189,191,193,201,204,210,213,214,218,219,220,225,227,228,235,236,237,239,241,247,248,249,250,251,253,255,256,257
72:0,3,5,7,9,13,14,16,25,27,28,29,30,32,34,35,36,41,43,44,48,51,52,58,60,65,66,67,86,73,78,79,80,82,84,87,89,90,91,94,98,100,102,104,106,109,112,116,122,123,128,129,130,133,135,137,138,143,144,149,155,159,163,173,174,179,180,185,186,193,194,195,198,199,200,204,205,206,207,210,211,212,214,215,217,221,236,238,239,240,243,245,251,253
73:0,1,6,7,10,17,20,23,24,30,33,34,36,42,43,47,49,51,54,60,63,64,66,67,69,71,72,82,74,75,79,80,83,91,92,93,98,108,110,111,114,117,118,124,127,129,131,135,136,137,138,144,150,151,155,157,158,160,163,164,165,166,167,168,169,170,172,180,182,188,196,199,201,205,207,209,216,218,220,222,224,225,226,228,232,237,238,239,240,241,243,245,246,248,249,256,257,258
74:0,1,2,3,5,10,11,19,22,31,32,36,37,38,39,41,42,43,44,45,48,58,61,62,63,65,68,70,71,73,161,75,77,79,80,87,88,89,91,96,98,99,100,102,103,105,109,111,116,120,123,124,126,128,129,133,136,140,144,145,148,149,150,151,153,156,162,166,167,170,171,174,187,189,191,195,199,202,210,211,213,214,217,219,221,222,224,225,226,229,230,232,233,234,241,245,247,252
75:4,5,14,19,23,25,26,29,30,33,37,38,39,40,43,47,48,51,55,59,60,61,62,64,65,68,70,73,74,243,78,80,82,84,87,88,99,101,102,103,105,106,107,114,116,122,123,131,137,139,140,141,145,146,147,153,156,160,163,167,171,175,183,191,193,197,206,211,212,214,215,218,220,221,223,224,228,234,241,248,249,251,252,254,256,257,258,259
76:3,6,7,10,13,16,18,23,25,28,29,30,32,37,46,49,50,51,52,54,56,58,59,64,67,68,150,79,82,83,85,86,88,90,95,98,104,105,106,111,112,113,114,120,124,125,126,127,131,133,135,136,137,139,145,147,151,154,156,157,161,163,177,181,182,184,188,189,190,191,194,195,200,203,206,207,210,214,216,218,220,221,222,224,230,231,232,236,238,239,240,243,244,250,251,254,255,256
77:2,5,9,15,16,17,19,20,22,25,31,32,34,36,38,41,43,46,47,51,54,55,60,63,65,74,82,79,85,87,90,94,95,100,101,103,105,107,108,110,111,112,116,117,118,125,126,127,136,137,138,142,144,148,149,151,155,156,162,163,164,165,166,170,171,172,174,175,177,179,182,184,189,191,204,209,211,215,221,222,226,230,231,233,234,235,237,241,242,243,244,246,251,254,255,258
78:7,8,13,19,21,32,38,40,41,44,49,54,58,61,64,65,67,72,75,96,79,82,83,84,87,93,97,100,103,105,110,114,119,120,121,124,130,135,136,137,138,139,141,145,146,148,153,154,157,158,161,162,165,167,171,175,182,183,184,187,189,194,197,202,203,211,214,215,218,219,224,225,228,229,232,233,237,238,239,242,247,248,249,250,252,256,257,258
79:2,4,5,8,11,13,15,21,24,26,43,44,45,46,47,52,54,58,64,66,71,72,73,74,76,77,78,233,82,91,93,94,95,96,98,99,100,101,102,106,109,112,121,122,124,128,130,131,135,136,144,146,147,148,149,153,154,155,157,158,159,164,165,166,167,168,169,172,174,178,180,181,182,183,184,185,193,194,201,202,206,208,209,213,215,218,219,220,221,223,224,229,231,232,239,241,244,245,246,249,250,252,253,256
80:0,1,3,4,8,16,18,20,22,23,24,26,29,31,32,36,41,43,47,49,61,67,68,70,72,73,74,75,150,84,85,86,89,94,96,98,101,102,106,108,109,112,115,116,118,119,121,122,124,126,127,133,136,142,145,147,148,151,152,153,155,161,165,169,171,172,175,176,178,180,184,185,186,189,194,195,197,200,201,203,205,208,211,221,223,227,230,241,243,244,248,252,253,254
81:5,7,8,9,13,17,23,33,34,40,44,45,50,51,55,59,63,64,66,67,68,71,224,83,87,91,93,95,96,99,102,103,106,108,109,112,115,116,117,119,121,124,126,128,130,131,134,138,139,141,142,145,150,154,155,160,162,166,174,175,176,178,181,188,190,200,201,203,204,205,214,215,222,225,227,233,234,236,237,252,254
82:1,2,3,6,8,12,14,17,18,20,21,23,25,26,33,34,46,47,48,54,57,58,60,61,62,65,67,72,73,75,76,77,78,79,137,85,88,89,91,99,101,106,107,108,110,111,112,113,115,120,121,123,130,138,149,150,151,152,158,164,169,172,174,177,178,179,180,181,185,187,189,194,198,211,213,214,215,221,223,229,237,239,241,242,245,250,252,253,255,257,258,259
83:1,2,6,10,11,12,14,16,20,22,23,24,33,34,36,37,47,48,51,59,65,68,73,76,78,81,228,84,86,87,91,92,94,99,101,105,106,107,108,112,121,122,125,130,133,134,137,138,139,147,149,150,153,156,160,167,170,173,176,183,185,186,190,191,198,205,206,207,208,213,215,216,217,218,220,221,222,223,226,230,233,236,237,244,247,248,252,254,257,258
84:0,3,4,5,12,17,25,27,29,30,31,37,42,43,46,50,51,52,53,55,57,59,61,62,64,65,67,68,70,72,75,78,80,83,204,88,89,91,98,99,101,108,111,114,120,121,133,138,141,142,145,153,156,164,169,171,174,177,181,182,185,191,192,193,197,201,203,206,214,225,232,234,235,239,242,246,249,250,253,254,257
85:1,2,5,6,7,9,10,15,18,21,23,27,29,30,31,35,36,39,40,42,43,48,49,55,58,60,62,68,76,77,80,82,113,86,89,90,93,94,95,96,102,103,104,105,116,118,120,124,127,128,131,133,134,140,142,144,150,151,152,155,157,161,168,172,173,174,175,178,180,181,186,187,190,197,198,203,204,211,212,213,216,217,223,224,227,230,232,235,238,240,244,249,257,258
86:5,7,11,12,16,17,19,23,27,28,30,34,35,43,48,49,51,55,58,59,61,70,72,76,80,83,85,150,89,93,98,102,104,105,106,107,112,113,116,117,121,123,125,126,130,132,134,142,145,146,148,149,151,153,156,161,162,172,177,183,188,189,190,193,194,199,204,205,207,211,216,219,225,227,234,236,243,244,245,247,253,256,257
87:1,3,4,6,12,14,15,18,19,21,22,23,25,26,33,34,35,37,39,40,41,42,43,46,51,52,54,55,58,62,63,65,66,72,74,75,77,78,81,83,211,90,93,94,97,100,101,103,106,107,109,110,112,116,118,119,121,123,124,125,127,128,130,136,141,143,146,151,153,156,158,161,162,163,169,172,176,179,181,185,186,192,193,195,197,200,203,205,206,207,212,216,218,219,223,224,230,232,235,238,244,248,251,252,254,259
88:3,5,12,17,18,20,21,22,27,30,32,34,44,45,46,49,50,54,55,56,58,59,61,64,67,74,75,76,82,84,259,90,91,93,95,98,99,100,102,103,104,108,111,115,119,123,124,126,129,131,134,135,141,142,143,144,145,150,151,153,157,160,163,165,167,168,173,180,183,185,186,187,189,191,192,193,197,200,201,206,218,219,224,225,226,228,230,232,234,242,245,246,248,258
89:0,1,2,3,5,6,11,19,21,26,29,30,33,35,36,44,45,48,53,57,58,59,61,64,70,71,72,74,80,82,84,85,86,242,93,94,102,108,109,111,112,116,117,118,119,120,122,127,129,130,131,135,136,138,149,150,151,152,154,157,162,164,168,169,170,172,174,175,177,178,180,181,184,188,189,190,191,197,199,203,205,207,209,213,214,220,227,230,231,232,235,237,245,249,251,252,257
90:3,14,18,20,23,26,28,31,33,34,35,37,43,45,50,52,54,56,62,63,65,66,67,68,69,72,76,77,85,87,88,178,91,100,106,109,110,112,115,117,119,121,124,125,138,139,141,142,144,150,153,155,156,163,164,165,166,169,174,176,177,180,184,186,190,193,194,202,204,207,213,217,218,221,224,226,231,237,238,241,245,246,247,249,250,252,255,258
91:2,3,6,10,12,15,18,19,24,29,31,33,40,43,44,47,51,52,56,57,59,60,65,68,72,73,74,79,81,82,83,84,88,90,210,95,104,109,114,115,116,117,120,121,122,123,125,126,128,130,135,136,137,138,140,141,142,143,146,147,155,156,158,161,162,169,172,173,177,180,183,184,186,190,192,194,202,203,204,205,206,215,224,228,230,231,232,235,236,237,243,244,247,249,253,254,255,257,258
92:0,3,6,9,11,15,16,17,19,24,26,27,31,32,33,34,36,37,39,41,43,44,50,52,54,55,56,57,58,59,60,62,63,65,66,67,68,69,73,83,200,95,96,97,104,107,114,119,120,121,122,134,135,139,143,145,146,147,149,152,155,157,167,173,175,178,188,190,192,193,194,196,197,199,201,205,206,207,210,212,214,215,221,222,223,229,231,233,237,241,247,248,252,255,258,259
93:5,7,8,11,14,16,17,20,22,27,35,55,56,57,58,60,61,62,63,64,65,67,68,73,78,79,81,85,86,87,88,89,206,97,98,100,101,103,105,106,112,115,116,120,127,130,134,138,139,140,146,149,150,152,153,158,162,170,172,174,175,177,182,183,190,191,194,196,203,207,214,217,221,225,228,229,231,236,238,240,241,242,243,244,245,249,250,251,254,256,257,258,259
94:2,7,8,17,18,20,21,28,29,31,33,37,38,39,41,44,46,47,50,51,52,60,62,63,67,72,77,79,80,83,85,87,89,219,98,102,104,112,117,120,123,124,126,129,131,133,135,138,139,141,144,147,148,150,151,153,156,160,163,164,165,170,171,172,173,174,181,183,185,187,190,192,195,196,198,200,204,206,207,208,220,226,227,230,231,232,233,236,238,239,244,246,247,250,252,254,255,257,259
95:0,4,6,7,8,10,13,18,23,25,34,37,38,45,48,50,51,52,53,60,65,68,76,77,79,81,85,88,91,92,173,96,97,102,117,119,122,123,124,125,133,137,138,144,145,147,149,151,153,154,155,158,160,161,166,171,176,183,185,186,189,192,196,197,198,203,204,212,216,217,219,222,227,228,232,234,235,241,243,246,247,248,249
96:3,4,6,8,16,19,21,25,26,27,34,35,36,46,48,49,50,52,54,56,57,62,63,68,71,74,78,79,80,81,85,92,95,121,100,101,109,111,113,116,119,120,122,131,132,135,139,147,148,149,150,151,156,157,161,165,166,169,174,176,180,182,183,185,187,190,193,196,199,202,204,211,213,216,217,227,228,230,231,236,237,240,241,248,249,253,254,256,258
97:0,2,3,4,6,8,10,11,12,16,19,25,26,28,30,31,32,34,35,41,44,48,53,57,61,62,70,71,78,87,92,93,95,233,99,100,105,107,109,113,116,118,119,125,126,131,132,134,138,139,140,145,146,147,148,149,150,156,159,160,161,162,163,164,167,168,173,174,175,176,177,181,182,184,189,190,196,198,199,201,203,205,207,209,210,211,216,218,220,222,228,230,232,240,243,244,248,253,254,257,259
98:2,4,5,8,12,13,14,17,19,22,23,24,27,38,41,43,46,48,53,54,55,57,58,61,66,68,70,72,73,74,76,79,80,84,86,88,93,94,252,99,102,106,107,108,109,113,114,115,119,122,124,125,126,133,140,142,147,149,152,155,160,164,166,170,172,173,176,177,181,185,186,197,199,204,208,213,222,226,228,229,232,238,239,240,243,245,246,250,254
99:0,11,16,17,18,21,22,24,28,29,30,32,37,38,41,43,45,46,48,49,52,53,61,62,63,66,67,68,74,75,79,81,82,83,84,88,97,98,166,102,103,104,107,108,109,116,119,122,126,130,131,132,133,136,139,153,154,162,163,165,167,171,174,186,190,191,192,194,196,200,202,203,205,206,207,213,216,217,219,222,223,226,227,229,230,233,234,235,237,240,243,244,246,250,252,255,256
100:1,4,6,10,12,14,17,18,19,20,21,22,25,28,31,32,33,37,39,40,49,50,52,58,66,67,71,72,74,77,78,79,87,88,90,93,96,97,213,103,105,109,111,116,122,123,128,130,131,132,134,136,138,139,141,142,143,144,147,148,151,152,155,156,157,158,162,163,169,170,172,173,181,186,187,192,193,195,199,201,202,203,204,205,206,208,211,216,217,238,239,242,252,258,259
101:0,2,3,5,16,17,20,22,27,30,34,39,41,42,44,47,49,57,58,60,63,65,67,75,77,79,80,82,83,84,87,93,96,254,102,103,108,109,110,112,113,120,121,125,128,129,131,134,141,142,146,147,148,150,153,154,155,160,169,170,175,177,179,183,184,185,189,193,196,197,200,203,211,213,219,226,227,228,230,231,235,240,241,244,245,250,252,253,255,256,257,258
102:0,1,5,10,16,20,33,34,35,41,44,48,58,59,60,62,64,66,70,72,74,75,79,80,81,85,86,88,89,94,95,98,99,101,124,103,105,106,108,111,113,115,117,118,121,122,127,131,138,140,144,147,148,156,158,159,161,162,163,165,167,171,174,176,177,178,179,182,184,187,193,194,197,203,206,207,208,209,213,217,221,224,230,231,236,237,243,247,251,252,253
103:2,3,8,12,15,16,17,18,20,24,28,30,32,35,38,40,43,46,49,52,56,57,65,67,69,70,74,75,77,78,81,85,87,88,93,99,100,101,102,168,104,105,107,112,120,121,126,128,129,138,139,141,144,149,152,154,156,158,164,167,176,177,178,179,180,183,184,185,187,192,197,203,204,205,208,209,211,212,217,218,219,224,226,229,230,232,234,236,238,242,243,244,247,252,253,257,259
104:5,14,15,17,18,22,25,26,27,28,29,31,33,34,36,43,45,46,50,53,55,57,58,59,63,64,66,68,72,76,85,86,88,91,92,94,99,103,198,107,108,111,112,115,118,119,121,122,126,131,134,135,137,139,143,145,149,152,155,156,161,162,168,173,175,176,177,178,179,181,184,185,189,193,196,197,199,202,207,208,210,211,213,214,215,219,222,225,227,229,230,231,237,239,240,241,243,247,252,254,255,256,258
105:0,2,3,4,6,11,12,15,16,18,20,23,24,26,27,29,34,36,37,39,45,46,47,50,55,57,58,62,63,67,71,74,75,76,77,78,83,85,86,93,97,100,102,103,168,114,115,118,119,121,122,136,142,143,152,154,155,157,158,159,162,164,167,169,170,172,177,180,185,186,190,191,192,197,201,203,205,206,207,208,211,212,214,215,219,224,230,231,232,234,235,239,240,243,246,247,258,259
106:2,6,8,9,10,12,14,15,16,18,22,25,26,29,34,35,37,38,44,47,48,52,54,56,66,71,72,75,76,79,80,81,82,83,86,87,90,93,98,102,121,107,111,112,119,125,126,129,130,131,133,138,143,148,149,158,159,160,161,166,169,171,172,173,175,176,178,179,180,181,191,194,196,197,200,208,211,212,216,217,221,225,226,230,232,234,235,244,246,247,254,255,259
107:1,2,5,8,16,20,27,28,31,35,38,45,48,49,50,53,55,56,64,69,75,77,82,83,86,87,92,97,98,99,103,104,106,239,110,120,123,124,127,128,131,132,135,136,137,138,142,144,148,154,155,156,161,162,164,165,166,167,169,171,172,173,174,183,187,193,195,198,202,205,207,209,218,227,228,234,235,243,244,245,249,258
108:0,3,4,5,9,11,20,24,25,26,28,29,30,34,38,41,43,45,47,51,52,53,54,55,58,63,64,66,67,68,71,73,77,80,81,82,83,84,88,89,98,99,101,102,104,130,115,117,120,126,128,129,131,132,133,135,137,138,139,140,141,143,151,152,154,165,166,167,168,171,172,174,175,176,178,180,184,190,193,194,195,202,203,205,207,208,209,211,213,214,215,220,221,225,230,234,238,239,242,245,247,249,250,252,259
109:0,1,3,5,9,11,14,17,20,21,22,23,24,27,30,32,33,36,39,43,51,53,59,61,64,68,71,72,74,79,80,81,87,89,90,91,96,97,98,99,100,101,201,110,111,114,116,124,128,133,134,136,142,143,144,145,146,147,148,153,154,156,157,158,159,160,162,163,167,169,175,179,183,184,186,191,195,196,199,203,207,210,212,213,214,215,221,223,225,226,227,230,231,234,236,237,240,243,245,247,249,250,251,252,256,258
110:6,9,11,14,19,20,23,26,31,36,39,42,44,45,62,64,67,73,77,78,82,87,90,101,107,109,202,113,115,117,120,121,124,132,135,138,139,146,154,159,162,163,165,167,169,179,185,190,192,194,195,196,197,205,212,214,216,217,222,224,227,228,232,233,234,237,239,240,243,244,246,247,249,250,251,255,256,258
111:0,7,9,10,12,14,16,17,18,19,30,31,32,39,42,43,48,50,51,54,56,57,61,63,66,67,69,73,74,76,77,82,84,88,89,96,100,102,104,106,109,129,113,116,117,120,121,135,140,141,146,147,149,150,152,153,154,156,162,164,165,167,172,174,178,187,188,189,193,194,203,211,213,216,218,219,224,235,239,240,242,248,249,254,255,258,259
112:0,2,4,7,9,14,17,18,23,24,27,28,32,37,38,39,40,41,48,50,55,56,57,69,72,76,77,79,80,81,82,83,86,87,89,90,93,94,101,103,104,106,163,116,118,119,120,122,125,128,129,133,135,138,139,140,141,151,160,162,167,168,173,174,178,182,185,187,188,191,192,197,199,201,203,205,208,211,212,213,216,221,230,231,232,233,234,241,250,251,252,253,259
113:3,11,18,22,23,25,29,31,33,36,40,44,46,48,51,53,59,60,61,65,68,69,70,76,82,85,86,96,97,98,101,102,110,111,218,117,120,123,132,134,135,139,143,144,146,147,150,151,152,153,156,166,168,171,172,173,175,176,179,181,182,183,185,187,191,192,194,195,196,199,200,201,203,204,205,209,213,215,220,221,225,226,227,229,235,241,244,256,259
114:0,1,2,7,8,10,11,13,17,18,19,24,25,30,31,32,33,34,39,40,41,42,48,62,65,67,68,73,75,76,78,84,91,92,98,105,109,236,115,116,117,120,121,122,124,125,127,129,131,136,137,138,139,142,143,146,147,149,152,153,155,156,158,159,160,167,170,171,173,175,176,177,180,182,188,189,192,193,200,202,204,207,208,209,216,219,225,229,232,237,238,240,248,249,251,254,257
115:0,1,2,6,7,8,15,16,26,31,32,33,35,36,38,39,47,48,49,50,53,56,59,61,62,64,67,69,70,80,81,82,88,90,91,93,98,102,104,105,108,110,114,141,116,122,124,128,130,132,134,135,137,139,144,153,155,156,161,162,164,165,167,169,170,172,175,183,186,187,190,195,196,198,199,200,203,204,205,207,210,211,216,218,219,221,222,223,226,227,228,229,231,234,240,246,250,251,255,258
116:0,6,10,17,19,20,24,28,32,33,49,50,52,54,56,58,60,71,72,74,75,77,80,81,85,86,87,89,91,93,96,97,99,100,109,111,112,114,115,195,118,119,122,123,129,130,132,135,142,149,150,152,154,156,161,163,172,173,176,178,179,181,183,184,187,190,192,193,197,200,202,204,207,209,215,219,221,223,224,230,231,232,234,235,236,239,244,246,248,249,251,254
117:1,4,5,6,7,8,12,16,19,20,25,26,27,28,29,33,34,35,38,42,47,50,53,56,59,65,66,68,69,71,73,77,81,86,89,90,91,94,95,102,108,110,111,113,114,206,118,123,126,127,131,134,135,137,138,144,147,149,153,157,160,161,165,166,173,179,180,183,196,199,204,205,207,209,211,213,214,215,218,223,224,226,227,228,231,233,235,240,241,242,243,246,249,251,253,254,258,259
118:5,9,10,11,12,14,16,18,30,32,33,36,37,38,39,42,43,52,56,60,63,66,73,77,80,85,87,89,97,102,104,105,112,116,117,165,120,124,126,131,138,139,140,141,144,145,146,149,152,156,160,161,162,170,172,175,177,179,184,193,194,199,202,203,204,207,209,213,215,216,218,222,227,231,232,234,236,238,239,244,245,249,250,255,256
119:6,8,13,15,16,23,28,32,33,34,38,39,42,48,49,51,52,58,60,62,64,65,67,69,70,78,80,81,87,88,89,90,92,95,96,97,98,99,104,105,106,112,116,175,120,121,128,134,136,137,140,144,146,147,154,158,159,164,165,168,171,172,174,179,181,185,187,195,196,201,203,209,211,213,217,219,220,224,225,231,233,235,236,239,240,242,244,246,250,251,253,258,259
120:1,4,5,8,10,12,13,14,17,18,19,20,24,26,28,31,34,36,41,42,44,45,46,47,48,49,54,56,58,59,60,62,64,69,74,76,78,82,84,85,89,91,92,93,94,96,101,103,107,108,110,111,112,113,114,118,119,164,121,124,125,135,139,140,144,145,148,150,152,160,162,163,168,172,176,179,182,184,185,189,190,197,200,209,210,212,213,215,217,219,220,221,224,226,228,234,236,240,245,248,253,256
121:2,5,9,15,22,30,31,33,35,40,45,47,50,51,53,54,56,59,61,63,78,79,80,81,82,83,84,86,87,90,91,92,96,101,102,103,104,105,106,110,111,114,119,120,259,122,124,128,131,132,133,134,138,140,143,144,146,151,152,155,158,160,169,170,172,180,182,184,185,192,193,198,199,201,202,204,205,207,208,211,215,216,221,223,227,229,230,232,235,241,242,246,248,249,250,253,255
122:3,16,19,22,27,28,29,30,32,33,36,41,44,47,50,52,53,56,57,61,65,69,72,75,79,80,83,89,91,92,95,96,98,99,100,102,104,105,112,114,115,116,121,126,129,132,136,138,139,140,145,146,148,151,155,158,164,167,171,173,176,177,180,181,183,185,192,196,197,200,203,205,206,209,212,217,219,221,223,226,229,232,234,238,242,246,248,250,251,253,254,258
123:1,5,6,7,9,11,12,16,17,18,20,22,23,33,37,43,46,47,49,50,57,60,62,65,72,74,75,82,86,87,88,91,94,95,100,107,113,116,117,145,126,127,131,132,135,136,137,139,141,149,152,153,154,158,159,160,161,162,166,167,170,172,175,177,180,182,184,188,189,190,192,193,195,196,198,203,205,210,212,215,216,221,222,232,240,241,242,243,245,247,251,253,254,258
124:1,2,4,9,10,11,12,14,16,27,28,29,30,36,40,42,48,50,57,59,60,61,64,65,66,71,73,74,76,78,79,80,81,85,87,88,90,94,95,98,102,107,109,110,114,115,118,120,121,228,126,132,136,140,141,142,144,147,153,158,161,165,170,172,177,179,180,185,186,190,191,194,196,202,203,204,205,209,211,216,219,220,221,222,227,231,232,235,236,238,239,240,241,248,252,258
125:0,5,6,7,8,9,11,14,17,19,20,21,24,28,30,31,35,37,38,41,44,48,51,56,57,63,64,66,69,71,76,77,83,86,87,90,91,95,97,98,101,106,112,114,120,227,126,127,131,133,135,136,140,141,145,149,156,159,164,166,177,179,184,188,189,192,194,197,198,201,202,205,209,210,211,212,215,217,230,231,232,234,235,241,245,247,248,249,251,253,255,258
126:2,5,6,7,8,9,13,14,18,21,25,26,27,28,29,33,35,38,39,40,42,44,47,49,51,54,55,61,63,69,70,74,76,77,80,81,86,88,91,94,97,98,99,103,104,106,108,117,118,122,123,124,125,207,127,128,133,137,139,141,142,144,145,153,157,158,162,165,166,170,172,174,177,180,182,184,190,193,194,198,199,201,204,205,208,209,211,212,213,215,216,223,226,234,235,237,240,242,244,249,250,251,252,254,257,258,259
127:1,3,4,13,15,18,19,25,28,31,34,37,39,41,42,43,44,46,54,55,57,60,64,66,67,68,69,73,76,77,80,85,87,89,93,102,107,114,117,123,125,126,184,131,136,138,139,140,147,151,152,153,157,160,162,164,167,168,173,177,178,180,181,190,197,201,204,205,208,209,210,216,217,221,225,228,230,232,240,241,243,244,245,248,254,257
128:3,5,20,22,24,25,26,28,38,39,40,42,50,52,53,60,70,72,74,79,81,85,87,91,100,101,103,107,108,109,112,115,119,121,126,252,129,132,133,134,135,137,139,140,143,144,146,148,150,154,159,161,165,166,167,172,177,180,183,191,194,197,199,200,202,204,207,217,221,223,224,225,226,227,232,233,234,236,237,240,241,242,245,248,250,251,258,259
129:0,1,3,6,10,14,15,18,19,21,22,24,26,36,39,44,47,48,49,50,56,58,59,60,61,62,63,67,68,72,73,74,88,89,94,101,103,106,108,111,112,114,116,122,128,259,131,136,138,140,141,142,147,148,151,153,158,160,169,170,173,174,175,177,178,180,181,182,186,188,198,201,202,204,206,209,210,212,218,220,223,225,227,228,230,232,233,236,249,252,253,255,258
130:5,15,29,30,33,35,39,42,43,49,51,53,58,59,61,62,63,66,70,71,72,78,79,81,82,83,86,87,89,91,93,99,100,106,108,115,116,185,133,137,140,143,147,154,161,163,164,165,167,175,176,183,184,192,193,196,197,198,199,200,201,203,205,206,209,210,214,215,223,226,232,233,234,238,249,250,251,252,253,254,255,257,259
131:0,1,3,11,12,14,17,18,23,24,32,33,36,45,51,52,54,55,58,62,64,68,73,75,76,79,81,85,88,89,94,96,97,99,100,101,102,104,106,107,108,114,117,118,121,123,125,127,129,244,135,137,139,140,141,143,145,146,147,154,156,161,162,167,177,185,188,189,190,192,193,197,198,199,201,207,209,210,211,215,217,220,222,225,228,230,233,234,235,237,247,248,250,251,252,253,254,255,257,259
132:0,2,3,4,8,12,17,18,19,21,22,24,25,26,32,33,40,41,43,44,45,46,47,49,51,53,54,55,59,63,71,86,96,97,99,100,107,108,110,113,115,116,121,122,123,124,128,143,133,137,140,142,144,150,161,162,163,164,166,167,168,169,171,174,175,176,177,179,182,183,186,191,192,196,197,200,203,205,210,213,220,225,226,227,231,234,235,238,240,242,244,250,251,254,255,258,259
133:7,9,11,12,18,22,23,28,29,30,31,32,33,34,35,37,51,53,57,58,59,64,65,68,70,71,72,74,76,80,83,84,85,94,95,98,99,106,108,109,112,121,125,126,128,130,132,143,137,138,139,140,153,154,156,159,160,161,164,166,168,171,173,175,176,179,182,184,189,190,191,193,197,203,204,209,210,212,214,217,218,220,229,230,233,235,239,245,247,249,250,256,257,259
134:1,7,9,10,11,17,19,20,26,30,31,33,39,40,41,47,55,59,60,61,64,65,70,81,83,85,86,88,92,93,97,100,101,104,109,113,115,117,119,121,128,137,135,138,140,142,149,150,153,156,157,159,160,161,166,167,171,178,179,180,187,188,190,191,192,198,215,218,219,223,225,226,227,228,230,234,244,251,252,255
135:0,5,7,8,13,16,17,24,25,26,29,35,37,40,41,43,48,49,50,51,53,54,55,57,59,60,64,65,68,70,72,73,76,78,79,88,89,91,92,94,96,104,107,108,110,111,112,113,115,116,117,120,123,125,128,131,134,167,136,137,140,142,143,145,147,148,158,159,162,168,173,174,176,177,180,185,190,193,198,202,206,207,208,210,211,213,217,219,220,224,225,230,233,238,240,242,243,244,246,247,248,249,250,251,252,254,255,256,258
136:1,2,3,7,13,20,21,23,29,33,37,39,44,55,56,62,67,68,70,71,73,74,76,77,78,79,80,87,89,91,99,100,105,107,109,114,119,122,123,124,125,127,129,135,146,137,139,142,143,147,154,155,157,158,161,163,164,169,175,177,181,184,193,195,196,197,203,205,207,208,209,212,214,215,218,219,223,225,230,233,241,242,247,250,251,258
137:1,5,7,8,10,17,20,24,25,26,29,30,31,38,42,44,52,55,59,61,63,65,66,69,72,73,75,76,77,78,82,83,91,95,104,107,108,114,115,117,119,123,126,128,130,131,132,133,134,135,136,184,139,140,141,142,143,156,158,159,161,163,164,166,168,172,173,174,178,182,190,193,200,201,204,206,213,216,222,226,227,230,231,233,234,238,239,242,258,259
138:3,4,5,6,9,11,12,15,17,19,33,34,36,37,43,47,49,54,55,61,64,68,69,70,71,72,73,77,78,81,82,83,84,89,90,91,93,94,95,97,100,102,103,106,107,108,110,112,114,117,118,121,122,127,129,133,134,198,140,142,144,147,150,157,159,160,162,164,166,170,175,176,178,180,181,185,189,191,197,200,201,204,207,213,214,218,219,224,225,229,234,238,239,242,244,246,247,253,256
139:2,3,4,5,6,10,12,14,15,17,22,24,39,41,42,44,46,49,50,52,53,56,58,62,67,71,75,76,78,81,83,90,92,93,94,96,97,99,100,103,104,108,110,112,113,114,115,118,120,122,123,126,127,128,131,133,136,137,250,142,144,150,151,153,154,157,159,163,164,165,167,171,172,175,179,182,183,186,191,193,194,197,200,201,202,206,207,209,220,222,223,228,230,232,233,235,237,243,244,248,251,255,256,258,259
140:1,6,8,13,20,26,28,30,34,35,37,42,43,44,48,60,61,63,64,71,74,75,85,91,93,97,98,102,108,111,112,118,119,120,121,122,124,125,127,128,129,130,131,132,133,134,135,137,138,247,142,144,150,151,152,153,155,159,160,162,164,165,167,169,170,172,174,177,180,182,185,189,193,194,195,196,203,204,206,210,213,215,217,223,225,228,230,233,236,237,240,243,246,249,254,258
141:1,4,7,8,10,11,12,14,17,18,22,23,24,32,33,38,44,45,46,47,49,50,52,56,57,59,61,65,68,71,75,78,81,84,87,88,90,91,94,100,101,103,108,111,112,115,118,123,124,125,126,129,131,137,237,142,146,148,149,152,153,156,157,160,161,164,169,170,171,172,177,180,181,186,191,201,202,203,208,211,221,224,225,230,232,233,238,239,248,250,255
142:4,9,10,12,14,18,20,21,22,24,29,32,33,34,36,38,40,46,47,55,61,65,66,69,77,80,81,84,85,86,88,90,91,98,100,101,105,107,109,114,116,124,126,129,132,134,135,136,137,138,139,140,141,188,143,146,147,151,152,154,156,158,159,162,163,170,171,175,177,178,180,182,185,187,190,191,194,195,197,200,204,205,211,212,213,215,217,222,225,228,231,234,239,240,241,245,249,252,255
143:0,1,2,6,9,10,11,14,19,23,27,28,29,32,33,35,42,44,46,50,58,59,60,61,62,64,66,68,70,72,87,88,91,92,100,104,105,106,108,109,113,114,121,128,130,131,132,133,135,136,137,142,208,148,157,170,172,183,184,185,190,191,199,200,202,203,206,209,212,214,215,219,222,226,228,230,232,235,236,239,240,244,247,250,252,253,254,256,259
144:7,8,10,16,17,19,21,23,26,27,28,29,30,31,33,34,38,39,42,44,47,48,60,62,65,67,70,72,73,74,77,79,85,88,90,94,95,100,102,103,107,109,113,115,117,118,119,120,121,124,126,128,132,138,139,140,152,147,148,153,159,160,162,164,169,173,174,176,177,182,183,187,188,189,190,191,192,202,208,209,214,221,224,227,228,231,237,238,241,246,247,248,253,257,258
145:0,2,3,5,7,8,11,12,13,15,21,23,31,33,39,40,41,45,48,49,50,52,54,55,61,64,65,71,74,75,76,78,80,81,84,86,88,92,95,97,104,109,118,120,122,123,125,126,131,135,235,147,149,150,153,156,162,167,172,173,174,176,178,180,183,184,185,186,188,191,192,195,198,200,202,203,204,205,209,210,211,213,217,220,231,236,242,243,245,249,250,251,255,256
146:0,3,4,7,22,23,25,27,32,33,34,42,46,47,48,52,53,54,55,59,60,63,66,67,69,70,71,75,78,79,86,87,91,92,93,97,101,109,110,111,113,114,118,119,121,122,128,131,136,141,142,197,148,149,153,162,163,169,172,181,182,185,190,191,199,200,201,202,203,206,208,209,210,213,214,220,222,223,224,230,232,236,240,241,242,243,244,247,256,258
147:0,1,3,7,8,10,11,13,16,19,22,24,28,29,30,32,34,38,40,42,45,46,47,49,51,52,53,58,59,60,63,67,69,70,75,76,79,80,83,91,92,94,95,96,97,98,100,101,102,109,111,113,114,117,119,124,127,129,130,131,135,136,138,142,144,145,245,151,152,153,158,160,166,168,170,171,175,180,181,182,184,187,190,191,193,194,197,198,199,201,202,205,207,211,212,213,215,216,217,222,235,236,238,247,249,251,252,255,258,259
148:4,5,7,13,14,16,33,34,36,37,41,44,45,46,48,50,51,57,59,67,68,74,77,78,79,80,86,94,96,97,100,101,102,106,107,109,120,122,128,129,135,141,143,144,146,198,150,155,156,157,158,159,164,166,167,168,173,178,180,186,188,195,199,200,202,204,207,209,210,211,212,213,219,222,224,229,231,236,237,239,245,246,247,256,257,258
149:0,1,2,3,4,6,7,11,12,16,21,24,32,36,40,43,44,45,48,50,52,53,54,59,61,62,64,72,74,77,79,82,83,86,89,92,93,95,96,97,98,103,104,106,111,114,116,117,118,123,125,134,141,145,146,243,151,155,156,157,159,161,163,165,166,169,171,175,181,188,190,191,192,193,197,199,206,207,208,211,217,220,222,224,227,230,231,232,237,239,241,245,248
150:0,4,6,15,17,19,21,29,32,35,36,37,38,39,42,45,48,49,53,55,56,57,58,61,65,69,71,73,74,76,80,81,82,83,85,86,88,89,90,93,94,96,97,101,111,113,116,120,128,132,134,138,139,140,145,148,258,152,156,159,160,164,165,166,167,168,171,174,176,180,182,183,184,194,197,204,205,210,211,219,221,222,227,233,234,236,237,240,241,242,243,248,250,251,257
151:0,1,8,12,15,19,20,24,25,30,33,46,48,50,62,64,69,71,73,74,76,77,80,82,85,86,87,88,89,94,95,96,100,108,112,113,121,122,127,129,139,140,142,147,149,186,158,160,161,162,165,168,169,170,179,182,183,184,187,191,193,194,197,198,201,202,204,209,210,213,214,218,228,230,231,232,233,236,239,245,246,251,253,257
152:1,3,5,8,12,13,16,17,22,23,29,30,34,38,42,44,47,48,50,59,60,61,63,66,67,70,71,80,82,85,89,92,93,98,100,103,104,105,108,111,113,114,116,118,120,121,123,127,140,141,142,144,147,150,223,153,155,158,163,165,167,168,169,170,171,175,176,178,181,182,183,186,188,189,198,201,202,203,208,211,213,215,218,221,224,228,232,233,237,245,246,249,252,253
153:9,10,18,20,21,24,25,27,28,34,36,39,42,44,46,48,50,51,53,55,56,57,63,64,66,67,70,74,75,78,79,80,83,84,86,87,88,90,93,94,95,99,101,109,111,113,114,115,117,123,124,126,127,129,133,134,139,140,141,144,145,146,147,152,209,154,155,162,166,171,173,175,177,182,184,187,190,191,193,195,198,200,201,205,206,207,210,211,212,214,215,216,219,220,223,225,227,229,230,231,233,234,236,237,239,241,244,247,254,258
154:0,3,4,12,13,14,16,17,18,23,24,26,28,30,34,37,38,43,46,48,53,55,70,71,76,78,79,81,89,95,99,101,103,105,107,108,109,110,111,116,119,123,128,130,131,133,136,139,142,153,218,157,158,160,161,164,165,166,167,168,170,171,172,174,180,181,182,186,188,191,193,195,196,199,204,207,208,211,213,216,217,222,223,225,229,237,239,244,252,256,258
155:0,1,7,9,19,23,24,26,28,29,30,34,35,36,41,43,47,50,52,53,54,57,67,69,70,72,73,77,79,80,81,85,90,91,92,95,98,100,101,104,105,107,114,115,121,122,136,140,148,149,152,153,246,158,169,172,176,180,181,182,190,192,194,195,198,199,200,204,205,206,207,210,216,217,220,221,225,231,238,243,247,251,252,256,257,259
156:1,3,7,9,10,11,13,16,20,27,28,31,36,37,38,40,50,54,55,56,57,58,64,65,67,68,69,70,74,75,76,77,83,84,86,87,90,91,94,96,97,100,102,103,104,107,109,111,113,114,115,116,118,125,131,133,134,137,141,142,145,148,149,150,207,159,160,161,163,164,165,167,174,178,180,181,187,189,191,202,203,206,209,213,222,223,227,229,230,233,236,239,242,244,250,253,254,257
157:0,1,3,4,16,17,22,24,26,31,32,38,39,41,48,49,51,52,53,63,64,65,66,71,73,76,78,79,85,88,89,92,96,100,105,109,117,126,127,134,136,138,139,141,143,148,149,154,167,158,161,162,168,175,177,179,187,189,191,193,194,196,199,200,203,204,205,210,215,219,222,226,227,228,230,231,232,233,238,242,257
158:1,13,14,19,20,22,25,27,29,31,33,35,38,41,42,45,46,47,49,52,55,56,57,58,65,67,69,71,73,78,79,82,87,91,93,95,100,102,103,105,106,109,114,119,121,122,123,124,126,129,135,136,137,142,147,148,151,152,154,155,157,229,176,177,179,180,184,186,189,191,194,203,205,207,212,216,220,221,222,223,227,236,240,244,248,250,253,255,256,258
159:6,7,9,11,13,14,16,17,22,23,33,38,42,45,47,56,66,72,79,97,102,105,106,109,110,114,119,123,125,128,133,134,135,137,138,139,140,142,144,148,149,150,156,222,162,163,165,168,171,172,174,175,181,182,183,187,188,189,193,195,196,197,198,199,203,204,209,210,213,219,220,224,230,231,235,236,237,238,242,243,245,248,249,250,251
160:1,2,3,6,7,8,11,15,16,18,23,29,32,33,34,35,36,39,40,47,48,52,54,58,66,68,70,73,75,81,83,88,94,95,97,98,101,106,109,112,114,117,118,120,121,123,127,129,133,134,138,140,141,144,147,150,151,154,156,182,162,166,167,168,169,170,172,173,185,186,187,191,193,196,197,201,208,209,210,222,223,224,225,226,231,232,237,238,239,241,243,244,246,248,250,251,253,254,257,258
161:7,8,9,10,11,19,22,24,35,36,37,40,41,42,46,48,51,52,53,56,58,60,61,65,67,74,76,78,80,85,86,87,91,95,96,97,102,104,106,107,115,116,117,118,123,124,128,130,131,132,133,134,136,137,141,149,151,154,156,157,162,163,166,167,169,177,180,182,190,192,193,195,199,200,202,206,207,214,215,219,222,224,225,228,233,236,237,238,239,240,241,242,243,246,247,250,253,257
162:1,5,11,12,15,19,20,21,23,25,32,35,36,39,41,42,45,46,47,48,49,51,52,53,56,58,62,64,67,74,77,78,81,86,87,89,91,93,97,99,100,102,104,105,107,109,110,111,112,115,118,120,123,126,127,131,132,135,138,140,142,144,145,146,151,153,157,159,160,161,213,163,168,169,171,172,173,176,177,182,188,189,190,192,196,198,199,205,206,217,220,221,223,224,225,226,227,232,234,235,238,239,240,244,246,248,249,255,256,257,258
163:0,4,5,13,15,17,18,20,23,27,28,29,35,37,38,39,44,45,47,53,55,56,58,60,61,67,72,73,75,76,77,87,88,90,94,97,99,100,102,109,110,112,116,120,130,132,136,137,139,142,146,149,152,156,159,161,162,211,164,168,171,172,174,177,178,184,191,192,194,196,197,198,200,203,204,212,217,224,225,227,228,231,234,237,240,244,245,246,249,252,256,257
164:3,4,5,6,7,9,14,15,16,17,18,19,21,24,27,28,30,31,34,38,39,41,46,49,51,54,58,62,63,67,68,71,73,77,79,82,84,89,90,94,97,98,103,105,107,111,115,119,120,122,125,127,130,132,133,136,137,138,139,140,141,144,148,150,154,156,163,174,166,168,171,173,175,176,181,182,191,193,196,197,204,206,210,211,214,219,221,222,225,226,227,231,232,234,237,238,240,249,251,254,256,259
165:5,18,20,24,25,26,28,31,33,34,35,42,43,45,46,47,48,51,55,60,67,68,70,71,73,77,78,79,80,88,90,94,96,99,102,107,108,110,111,115,117,118,119,124,126,128,130,139,140,149,150,151,152,154,156,159,208,167,169,175,176,179,181,182,185,187,188,190,193,198,203,205,217,218,219,222,223,224,225,226,230,231,232,234,240,242,244,245,246,248,253,255,257
166:0,2,3,4,8,11,14,16,18,19,20,24,26,31,34,39,41,49,50,54,55,62,65,73,74,77,79,81,90,95,96,98,99,106,107,108,113,117,123,125,126,128,132,133,134,137,138,147,148,149,150,153,154,160,161,164,199,167,170,174,175,180,183,184,185,188,193,195,196,197,200,205,207,208,209,218,219,224,225,227,228,233,234,236,237,238,239,240,241,243,245,246,253,254,255,257
167:1,4,7,9,12,18,25,26,28,29,33,37,38,41,42,44,46,52,54,57,61,62,63,64,65,69,71,73,74,75,78,79,83,88,92,97,99,102,103,105,107,108,109,110,111,112,114,115,122,123,127,128,130,131,132,134,135,139,140,145,148,150,152,154,156,157,160,161,165,166,230,169,171,172,174,177,178,182,185,191,194,197,199,203,206,210,212,220,221,222,223,232,234,237,241,244,248,252,258
168:10,11,13,14,18,22,25,27,32,34,39,40,44,46,49,51,55,56,58,61,62,63,67,68,70,73,79,85,88,89,97,103,104,105,108,112,113,119,120,127,132,133,135,137,147,148,150,151,152,154,157,159,160,162,163,164,214,179,180,184,186,187,188,191,193,198,201,202,206,209,211,212,215,216,217,221,222,231,234,235,239,249,256,257
169:1,4,6,11,13,14,15,16,17,18,23,28,31,36,44,46,49,50,51,56,65,67,69,73,79,80,82,84,87,89,90,91,96,100,101,105,106,107,109,110,115,121,129,132,136,140,141,144,146,149,151,152,155,160,161,162,165,167,220,172,173,176,177,181,184,185,187,191,194,195,199,203,206,208,211,213,214,219,224,225,228,229,234,246,249,251,253,255,256,259
170:0,2,3,4,5,6,7,8,9,10,12,14,15,16,19,21,22,25,28,33,35,37,38,41,42,47,48,49,52,53,56,62,65,67,68,73,74,77,83,89,93,94,98,100,101,105,114,115,118,121,123,124,126,129,138,140,141,142,143,147,151,152,154,160,166,256,173,176,179,184,185,187,188,189,190,192,195,196,197,200,203,209,211,214,215,225,226,227,234,239,242,243,250,254,258
171:0,1,2,3,7,9,11,13,15,16,17,20,23,25,29,37,40,42,46,51,53,58,60,64,67,68,69,70,74,75,77,78,80,84,94,95,99,102,106,107,108,113,114,119,122,132,133,134,139,141,142,147,149,150,152,153,154,159,162,163,164,167,217,179,181,184,187,192,205,208,210,211,213,216,218,224,227,229,233,237,240,241,242,244,246,249,250,251,252,253,254,255,256,257
172:0,4,5,6,10,15,16,19,21,26,28,30,31,37,41,42,44,45,48,50,51,53,58,60,61,64,67,68,70,73,77,79,80,82,85,86,87,89,91,93,94,98,100,105,106,107,108,111,113,115,116,118,119,120,121,123,124,126,128,137,139,140,141,143,145,146,154,155,159,160,162,163,167,169,240,175,176,179,182,184,185,187,188,189,190,192,195,196,198,200,201,202,203,206,208,209,215,220,224,226,228,231,232,234,235,242,243,244,245,248,249,250
173:1,3,12,18,19,24,25,26,30,36,38,48,60,61,62,72,83,85,88,91,92,94,95,97,98,100,104,106,107,112,113,114,116,117,122,127,129,133,135,137,144,145,148,153,160,162,164,169,170,209,181,186,188,190,191,193,195,196,198,199,201,204,210,216,220,221,222,226,229,232,234,235,239,243,245,247,252,253,258
174:2,4,8,9,11,12,14,16,17,24,28,29,35,39,41,44,45,48,49,51,53,56,61,68,72,74,77,79,81,82,84,85,89,90,93,94,96,97,99,102,107,108,111,112,119,126,129,132,135,137,140,144,145,150,154,156,159,163,164,166,167,251,179,180,181,186,189,190,191,194,198,200,207,208,209,212,213,215,216,220,227,228,230,232,235,237,238,240,241,245,247,248,252,253,254,256,259
175:2,6,8,11,12,14,17,26,28,31,34,36,48,49,50,56,58,61,64,66,71,75,77,78,80,81,85,89,92,93,97,101,104,106,108,109,113,114,115,118,119,123,129,130,132,133,136,138,139,142,147,149,152,153,157,159,164,165,166,172,238,176,177,179,180,183,187,188,199,200,205,208,212,216,219,225,229,234,239,244,245,247,249,252,253,255,258,259
176:0,2,6,8,9,13,15,16,19,20,21,24,25,29,31,32,35,36,38,40,41,43,48,60,61,64,66,80,81,83,87,90,95,96,97,98,102,103,104,106,108,113,114,116,120,122,130,132,133,135,138,144,145,150,152,155,158,162,164,165,169,170,172,175,255,178,180,181,182,183,184,189,190,192,193,195,196,208,209,211,223,225,226,229,235,236,238,240,242,246,247,250,253
177:3,7,10,16,25,27,29,30,36,37,39,43,44,46,53,54,63,64,66,68,69,71,76,77,82,84,86,89,90,91,93,97,98,101,102,103,104,105,114,118,122,123,124,125,126,127,128,129,131,132,135,136,140,141,142,144,153,157,158,161,162,163,167,169,175,219,178,179,182,188,191,192,195,196,197,207,210,211,215,216,217,218,223,228,229,234,236,237,243,246,247,252,253,254,255
178:2,5,6,8,9,10,16,18,24,25,29,34,35,36,43,44,45,47,53,55,56,61,64,68,70,71,79,80,81,82,85,89,90,92,102,103,104,106,108,111,112,116,127,129,134,137,138,142,145,148,152,156,163,167,176,177,257,183,188,190,193,195,197,198,199,200,206,210,211,213,218,219,221,222,223,225,226,227,228,231,233,234,236,240,243,246,252,253,254,259
179:0,1,2,3,7,8,11,12,15,17,19,29,30,32,34,35,36,39,40,42,45,51,63,67,69,70,71,72,77,82,87,101,102,103,104,106,109,110,113,116,117,118,119,120,124,125,132,133,134,139,151,157,158,165,168,170,171,172,174,175,177,185,184,189,191,194,195,196,200,204,206,210,212,216,217,220,223,224,226,228,234,240,247,255,258,259
180:4,6,7,9,12,15,18,19,22,27,36,37,38,41,43,46,48,52,53,54,55,56,57,59,60,62,66,68,69,72,73,79,80,82,85,88,89,90,91,96,103,105,106,108,114,117,121,122,123,124,126,127,128,129,134,135,138,140,141,142,145,147,148,150,154,155,156,158,161,166,168,174,175,176,209,183,184,185,186,187,188,189,194,200,202,203,204,205,206,207,210,211,214,216,218,220,223,228,231,232,233,234,244,246,253,254,256,259
181:2,4,5,6,7,10,11,20,22,23,24,26,28,29,31,40,41,44,46,47,51,53,54,55,58,61,64,69,71,76,79,81,82,84,85,87,89,94,97,98,100,104,106,113,116,119,122,127,129,136,138,141,146,147,149,152,154,155,156,159,164,165,169,171,173,174,176,199,184,185,186,190,193,195,198,200,201,206,210,215,217,220,222,224,226,228,232,238,240,245,250,255,257
182:1,3,7,8,10,13,17,18,20,21,22,25,28,31,34,38,39,47,48,49,50,54,56,57,59,61,62,63,67,69,70,73,76,77,78,79,84,93,96,97,102,112,113,114,120,121,123,126,129,132,133,137,139,140,142,144,146,147,150,151,152,153,154,155,159,160,161,162,164,165,167,172,176,177,211,183,184,185,187,190,194,195,197,198,201,204,206,208,209,212,215,216,221,222,224,225,226,233,234,241,242,243,247,251,253,254,255,257,259
183:5,7,8,10,15,17,18,19,21,22,23,31,33,40,42,54,56,57,59,61,64,69,70,71,75,78,79,83,86,88,91,93,94,95,96,101,103,107,109,113,115,116,117,122,128,130,132,139,143,144,145,150,151,152,159,166,175,176,178,180,182,212,184,185,191,192,193,195,198,201,206,207,209,211,213,223,227,231,234,235,236,238,241,242,246,249,251,252,258
184:0,1,2,3,5,6,8,10,11,17,19,20,24,25,32,34,37,38,39,46,55,56,57,64,65,66,67,69,70,76,77,78,79,80,89,90,91,97,101,102,103,104,108,109,116,118,120,121,123,125,126,127,130,133,136,137,143,145,147,150,151,153,158,163,166,168,169,170,171,172,176,179,180,181,182,183,209,186,190,192,193,195,196,200,207,210,213,216,219,221,226,227,229,230,233,235,236,240,244,245,246,250,251,254,256,257
185:0,2,3,5,14,16,23,29,30,32,33,34,38,39,41,48,49,50,53,54,55,56,60,62,63,69,72,79,80,82,83,84,87,88,94,95,96,98,101,103,104,105,110,112,113,119,120,121,122,124,130,131,135,138,140,142,143,145,146,160,165,166,167,169,170,172,179,180,181,182,183,196,187,189,191,192,195,200,201,203,206,210,211,215,216,221,222,223,225,236,239,246,248,254,258,259
186:0,1,3,4,5,6,10,17,23,25,26,27,36,38,41,45,51,71,72,80,83,85,87,88,90,91,95,98,99,100,105,109,115,124,129,132,139,141,145,148,151,152,154,158,160,168,173,174,180,181,184,227,189,191,198,199,200,202,211,214,217,219,221,229,230,231,235,237,238,240,245,249,250,254
187:1,2,5,6,9,11,14,15,16,23,27,34,36,37,39,40,43,50,52,53,55,57,60,63,65,66,67,70,71,74,78,82,85,88,94,96,100,102,103,107,111,112,113,115,116,119,134,142,144,147,151,153,156,157,159,160,165,168,169,170,171,172,175,180,182,185,229,188,189,192,200,201,206,208,209,210,211,212,213,218,219,221,224,225,232,235,238,241,242,246,250,257
188:1,2,4,5,9,13,14,15,23,24,26,27,28,34,35,36,37,38,50,53,55,57,58,59,60,65,68,70,73,76,81,86,89,92,111,112,114,123,125,129,131,134,142,144,145,148,149,152,154,159,162,165,166,168,170,172,173,175,177,178,180,187,259,189,190,194,195,200,201,208,210,212,214,219,221,223,228,234,242,243,246,247,249,251,255
189:0,6,7,8,11,12,13,16,18,19,22,26,27,29,32,34,36,43,45,49,52,56,58,59,61,62,63,71,74,76,77,78,80,82,86,88,89,95,97,101,104,111,114,120,123,125,131,133,138,140,144,152,156,157,158,159,162,170,172,174,176,179,180,185,186,187,188,252,195,202,212,213,214,218,221,223,224,226,232,236,239,242,249,253,258
190:19,24,25,26,27,28,30,39,42,43,45,50,51,54,57,61,63,69,76,81,83,85,86,89,90,91,92,93,94,96,97,99,105,108,110,115,116,120,123,124,126,127,131,133,134,135,137,142,143,144,146,147,149,153,155,161,162,165,170,172,173,174,176,178,181,182,184,188,253,192,195,197,202,205,210,216,217,225,229,231,239,241,242,243,245,246,250,252,257,258,259
191:1,2,4,8,10,13,15,19,22,24,26,28,31,34,35,39,45,47,49,50,52,61,68,71,74,75,76,77,83,84,88,89,93,99,105,106,109,112,113,124,128,132,133,134,138,139,141,142,143,144,145,146,147,149,151,153,154,156,157,158,160,163,164,167,168,169,173,174,177,179,183,185,186,206,194,195,198,199,211,213,214,218,222,224,225,226,228,235,238,242,243,246,247,250,253,254,256,258
192:2,3,7,8,10,12,21,24,28,34,38,39,43,45,46,51,53,55,56,58,62,64,67,84,87,88,91,92,94,95,99,100,103,105,110,112,113,114,116,121,122,123,125,130,131,132,134,144,145,149,155,161,162,163,170,171,172,176,177,183,184,185,187,190,249,193,195,196,200,201,205,211,212,213,216,223,224,227,228,229,230,233,234,235,237,245,250,251,253,255,257,258
193:0,2,5,7,11,14,15,16,18,19,27,33,36,37,39,44,46,49,53,58,68,71,72,75,79,84,86,87,88,90,92,96,100,101,102,104,107,108,111,114,116,118,121,123,126,130,131,133,135,136,137,139,140,147,149,151,153,154,157,159,160,161,164,165,166,168,173,176,178,181,183,184,192,222,194,198,199,204,208,212,213,215,227,228,229,237,241,243,253,259
194:4,11,14,15,18,19,21,22,23,24,28,29,32,36,40,43,44,47,48,50,52,55,56,60,68,69,70,72,76,78,79,80,82,86,90,91,92,93,99,102,106,108,110,111,113,118,124,125,126,128,139,140,142,147,150,151,155,157,158,163,167,169,174,179,180,182,188,191,193,195,197,199,200,204,206,212,215,216,217,218,219,220,223,227,228,229,231,237,242,249,250,252,254
195:1,2,3,4,6,7,8,14,15,17,18,20,23,25,26,30,33,34,35,37,40,41,45,46,47,48,49,54,56,60,67,70,72,74,76,80,87,94,100,107,108,109,110,113,115,116,119,123,136,140,142,145,148,153,154,155,159,161,166,169,170,172,173,176,177,178,179,181,182,183,184,185,188,189,190,191,192,194,212,198,205,207,213,217,220,221,222,223,225,228,230,234,236,237,239,240,246,247,248,249,250,253,255
196:2,4,6,10,17,23,26,30,33,38,44,47,48,50,54,55,56,59,73,92,93,94,95,96,97,99,101,104,106,109,110,113,115,117,119,122,123,124,130,132,136,140,154,157,159,160,162,163,164,166,170,172,173,176,177,179,184,185,192,238,197,199,201,204,205,206,212,214,216,224,229,231,233,236,243,249,253,254,255,258
197:5,7,9,12,14,16,17,23,25,31,41,42,43,47,50,55,62,63,66,69,75,78,80,84,85,87,88,89,92,95,98,101,102,103,104,105,106,110,112,116,120,122,125,127,128,130,131,132,133,136,138,139,142,146,147,149,150,151,159,160,163,164,166,167,170,177,178,182,190,194,196,198,199,207,209,210,213,214,217,218,220,222,229,235,237,238,240,247,249,250,253,256,259
198:0,2,4,13,16,23,24,25,28,31,33,37,43,44,51,57,59,61,63,64,66,72,82,83,85,94,95,97,104,107,115,121,123,125,126,129,130,131,134,135,138,145,147,148,151,152,153,155,159,162,163,165,168,172,173,174,178,181,182,183,186,191,193,195,197,253,209,216,220,222,224,225,226,227,228,229,231,233,234,236,241,242,247,252,257
199:2,8,11,12,17,18,19,21,24,28,29,32,33,35,41,42,43,46,49,56,58,59,64,66,68,69,72,73,74,86,89,92,96,97,98,100,104,109,112,113,115,117,118,121,126,128,130,131,143,146,147,148,149,154,155,157,159,161,162,166,167,169,173,175,178,181,186,191,193,194,196,197,226,201,207,210,219,220,222,227,228,230,239,243,247,256,258
200:3,5,8,14,20,26,29,32,34,35,36,39,51,57,58,65,66,67,69,72,76,80,81,87,88,92,94,99,101,106,113,114,115,116,120,122,128,130,132,137,138,139,142,143,145,146,148,153,155,157,161,163,166,170,172,174,175,178,179,180,181,184,185,186,187,188,192,194,214,201,203,207,209,219,222,224,227,231,234,240,255,256,257,258,259
201:1,3,5,9,13,15,17,18,19,20,22,23,24,25,27,38,39,42,45,46,47,49,50,53,55,57,58,63,65,66,69,70,71,73,79,80,81,84,88,92,97,100,105,109,112,113,119,121,125,126,127,129,130,131,137,138,139,141,146,147,151,152,153,160,168,172,173,181,182,183,185,187,188,192,196,199,200,231,203,204,205,209,213,216,221,222,223,228,229,235,236,237,240,241,249,250,253,256,259
202:4,5,7,14,15,16,21,24,28,30,32,33,34,35,38,40,41,44,46,53,55,57,60,63,64,69,74,78,79,90,91,96,99,100,104,107,108,110,114,116,118,121,124,125,128,129,135,139,141,143,144,145,146,147,148,151,152,156,161,168,172,180,186,189,190,223,208,210,211,215,218,220,222,225,226,227,231,232,236,239,240,244,245,253,254,256,257,258,259
203:0,4,6,7,8,10,11,14,24,25,26,27,29,32,34,35,42,45,49,52,62,65,66,68,76,78,80,81,84,85,87,89,91,93,95,97,99,100,101,102,103,105,108,109,111,112,113,115,118,119,122,123,124,130,132,133,136,140,141,143,145,146,152,156,157,158,159,163,165,167,169,170,172,180,185,200,201,243,208,209,212,213,214,215,219,226,228,229,231,233,234,235,236,241,244,245,248,249,253,254,255,257,258
204:1,2,3,4,5,7,18,20,21,23,24,26,27,29,34,36,37,42,47,51,59,64,67,70,71,72,77,81,84,85,86,90,91,94,95,96,98,100,103,113,114,115,116,117,118,121,124,126,127,128,129,133,137,138,140,142,145,148,150,151,154,155,157,159,163,164,173,179,180,182,193,194,196,201,232,208,211,218,220,223,238,240,245,248,249,250,251,252,253
205:2,4,8,10,11,12,16,17,18,20,23,24,28,34,35,39,42,50,57,59,61,62,63,65,66,67,72,73,80,81,83,86,87,89,91,92,97,99,100,103,105,107,108,110,112,113,115,117,121,122,123,124,125,126,127,130,132,136,142,145,147,150,153,155,157,158,162,165,166,171,175,180,190,192,195,196,201,213,208,218,228,232,235,240,241,242,247,251,253,254,255,258
206:1,2,3,4,5,6,9,10,11,12,15,18,21,23,26,27,30,31,34,35,37,41,42,44,45,51,58,61,64,66,70,72,75,76,79,83,84,87,88,91,92,93,94,99,100,102,105,117,122,129,130,135,137,139,140,143,146,149,153,155,156,161,162,164,167,168,169,172,178,179,180,181,182,183,185,187,191,194,196,226,208,213,217,219,220,222,223,224,227,229,232,234,235,236,242,243,248,249,251,252,254,256
207:1,3,4,5,6,7,11,14,15,18,19,21,24,25,26,30,31,35,38,41,45,47,48,50,54,55,56,57,61,64,69,72,73,76,83,86,87,89,90,92,93,94,97,99,102,104,105,107,108,109,114,115,116,117,118,121,126,128,131,135,136,138,139,147,148,149,153,154,155,156,158,161,166,174,177,180,183,184,195,197,199,200,253,212,216,217,219,224,225,227,228,229,231,232,234,235,237,238,239,240,245,254,255,258,259
208:0,5,6,7,10,12,13,14,18,22,23,24,26,28,30,33,35,36,43,46,55,56,59,60,61,68,70,79,80,83,94,98,100,102,103,104,105,106,108,112,114,121,126,127,135,136,141,143,144,146,149,152,154,160,165,166,169,171,172,174,175,176,182,187,188,193,202,203,204,205,206,247,209,210,211,212,216,218,223,225,229,231,233,234,238,239,241,246,251,254,256,257
209:9,14,15,17,19,28,31,34,36,41,42,43,45,47,49,52,57,61,62,64,70,73,77,79,89,97,102,103,107,108,113,114,116,117,118,119,120,122,124,125,126,127,129,130,131,133,136,139,143,144,145,146,148,151,153,156,159,160,166,168,170,172,173,174,176,180,182,183,184,187,197,198,200,201,203,208,218,210,211,212,214,215,216,217,222,224,226,228,229,233,236,242,244,247,248,249,253,255,256
210:0,1,3,5,10,11,12,13,14,16,17,23,25,30,32,36,38,40,42,44,46,53,60,69,71,72,74,76,91,92,97,104,109,115,120,123,125,127,129,130,131,132,133,135,140,145,146,148,150,151,153,155,157,159,160,164,167,171,173,177,178,179,180,181,184,185,187,188,190,197,199,202,208,209,231,216,219,220,223,225,227,229,235,236,244,245,251,252,254,255,257,258,259
211:3,5,7,10,11,16,20,23,24,25,26,27,30,33,37,46,48,49,54,55,57,59,60,61,62,65,66,72,74,75,77,78,80,82,85,86,87,96,97,100,101,103,104,105,106,108,111,112,115,117,119,121,124,125,126,131,135,141,142,145,147,148,149,150,152,153,154,163,164,168,169,170,171,176,177,178,180,182,183,185,186,187,191,192,202,204,208,209,259,214,216,217,218,221,225,228,232,236,240,257
212:1,5,8,10,12,13,16,23,29,30,32,33,40,42,44,45,46,48,51,59,61,63,65,68,69,72,75,85,87,92,95,103,105,106,109,110,112,120,122,123,125,126,129,133,136,142,143,147,148,153,158,163,167,168,174,175,179,182,183,187,188,189,192,193,194,195,196,203,207,208,209,236,225,237,244,245,253,257,259
213:0,2,6,13,15,24,25,29,30,35,38,39,42,45,55,56,63,66,70,71,74,79,82,83,85,89,90,96,98,99,100,101,102,104,108,109,111,112,113,117,118,119,120,126,132,135,137,138,140,142,145,146,147,148,151,152,154,156,159,162,169,171,174,178,183,184,187,189,191,192,193,195,197,201,203,205,206,257,215,216,217,219,221,224,226,234,244,247,248,250,254,256
214:2,7,8,9,15,19,20,22,24,25,26,33,35,36,39,48,50,52,56,58,62,64,65,67,71,72,74,75,76,78,81,82,84,89,92,93,104,105,108,109,110,117,130,133,136,138,143,144,146,151,153,161,164,168,169,170,180,186,188,189,191,196,197,200,203,209,211,244,215,216,217,223,225,233,238,240,242,246,247,249,252,255,258
215:0,2,3,4,6,13,18,20,24,26,28,32,36,40,44,46,48,49,53,60,63,64,65,66,69,72,75,77,78,79,81,82,83,91,92,104,105,108,109,113,116,117,118,120,121,123,125,126,130,131,134,136,140,142,143,147,152,153,157,161,168,170,172,174,177,181,182,185,193,194,202,203,209,213,214,239,216,217,220,222,223,225,226,228,230,232,233,234,236,244,246,248,250,253,256
216:1,2,3,4,10,11,19,20,24,25,27,28,30,31,35,37,38,45,47,51,57,58,60,63,64,66,68,73,76,83,85,86,87,95,96,97,99,100,106,110,111,112,114,115,118,121,123,124,126,127,137,147,153,154,155,158,168,171,173,174,175,177,179,180,182,184,185,190,192,194,196,198,201,207,208,209,210,211,213,214,215,237,217,222,223,224,226,232,233,235,240,248,250,251,254,255,256,258
217:1,4,6,7,24,25,26,28,30,32,37,38,40,41,42,43,44,45,47,59,60,61,63,64,67,70,72,74,83,85,90,93,95,96,99,100,102,103,106,110,119,120,122,125,127,128,131,133,135,140,142,145,147,149,154,155,162,163,165,168,171,177,179,181,186,190,194,195,197,206,207,209,211,213,214,215,216,232,222,223,224,226,228,229,231,233,235,236,239,240,244,253,255,256
218:0,1,2,7,9,12,16,17,19,34,37,39,42,45,48,50,53,57,58,59,61,63,71,73,75,76,78,79,83,87,88,90,97,103,107,111,113,115,117,118,129,133,134,136,138,151,152,154,165,166,171,177,178,180,187,189,191,194,197,202,204,205,208,209,211,228,219,220,226,230,231,234,235,239,241,244,249,250,254
219:1,5,7,8,10,11,16,18,19,24,26,27,30,35,40,43,46,48,51,53,57,58,59,62,65,67,69,70,71,74,78,79,86,87,88,94,95,99,101,103,104,105,111,114,115,116,119,120,122,124,134,135,136,138,143,148,150,153,157,159,161,164,165,166,169,175,177,178,184,186,187,188,194,199,200,203,206,207,210,213,218,250,223,224,233,236,238,239,240,241,249,253,257,259
220:0,1,4,7,8,10,12,14,15,19,25,27,31,33,35,37,41,42,44,49,54,55,57,58,59,61,62,63,64,66,67,68,71,73,75,76,79,83,89,94,97,108,113,119,120,124,129,131,132,133,135,139,145,146,149,153,155,158,159,162,167,169,172,173,174,179,180,181,194,195,197,198,199,202,204,206,210,215,218,255,221,222,224,227,228,232,235,236,239,241,244,245,246,247,252,256,257,259
221:4,5,6,8,11,15,18,25,28,31,33,35,39,44,48,49,52,60,62,64,65,68,72,74,75,76,77,79,80,82,83,90,92,93,102,106,108,109,112,113,115,116,120,121,122,123,124,127,128,141,144,150,152,155,158,162,164,167,168,173,178,182,184,185,186,187,188,189,195,201,211,213,220,233,226,232,234,238,243,247,248,249,253,254
222:1,2,5,8,11,12,22,27,33,34,36,40,41,44,46,47,49,58,65,66,67,73,74,76,77,81,83,92,95,97,98,99,104,110,115,118,123,124,131,137,139,142,143,146,147,148,149,150,154,156,157,158,159,160,161,164,165,167,168,173,178,181,182,185,191,193,195,197,198,199,200,201,202,206,209,215,216,217,220,238,230,235,236,243,245,246,247,252,256,258
223:1,2,3,8,14,19,22,24,25,31,34,40,45,46,53,55,56,62,66,67,75,79,80,82,83,85,87,92,99,109,115,116,117,121,122,126,128,129,130,134,136,139,140,146,152,153,154,156,158,160,162,165,167,176,177,178,179,180,183,185,188,189,192,194,195,201,202,204,206,208,210,214,215,216,217,219,225,224,226,228,229,230,231,232,234,246,253,254,255
224:0,1,4,6,7,8,9,12,15,18,22,24,25,26,28,30,32,35,39,42,48,51,52,55,57,59,65,66,69,73,74,75,76,78,79,81,85,87,88,90,91,102,103,105,110,111,116,117,119,120,128,135,138,141,144,146,148,149,152,159,160,161,162,163,165,166,169,171,172,179,181,182,187,189,191,192,196,198,200,206,207,209,213,216,217,219,220,223,243,225,230,233,234,235,236,237,244,252,254,255,258,259
225:0,2,4,5,9,10,14,16,17,27,28,30,31,37,40,41,42,44,46,47,48,51,53,54,57,59,62,64,65,66,69,71,73,74,78,81,84,86,88,93,104,106,108,109,113,114,119,127,128,129,131,132,134,135,136,138,140,141,142,153,154,155,160,161,162,163,164,165,166,169,170,175,176,178,182,185,187,190,191,195,198,202,207,208,210,211,212,214,215,223,224,244,227,231,234,237,238,240,242,243,247,251,253,255,256
226:0,1,3,6,9,10,12,15,22,23,24,25,26,27,33,38,39,45,48,52,53,54,58,59,68,69,70,73,74,77,83,88,90,94,98,99,101,103,106,109,113,115,117,120,122,126,128,130,132,134,137,143,157,160,162,164,165,170,172,173,176,178,179,181,182,184,189,191,198,199,202,203,206,209,213,215,216,217,218,221,223,231,227,228,229,233,234,236,241,242,246,247,255,256,258
227:8,13,15,16,17,22,26,31,38,42,45,47,48,50,53,57,60,61,65,71,80,81,85,86,89,94,95,96,99,101,104,107,109,110,113,115,117,118,121,124,125,128,129,132,134,137,144,149,150,153,156,157,158,162,163,164,166,170,171,174,178,183,184,186,192,193,194,198,199,200,202,206,207,210,220,225,226,252,230,235,239,242,243,244,246,248,255,256,258,259
228:4,5,9,10,17,19,21,22,23,26,34,36,41,43,48,50,53,54,58,62,65,66,69,71,73,75,78,83,88,91,93,95,96,97,98,101,107,110,115,117,120,124,127,129,131,134,139,140,142,143,144,151,152,157,161,163,166,169,172,174,177,178,179,180,181,188,191,192,193,194,195,198,199,201,203,205,207,209,211,215,217,218,220,223,226,253,230,237,244,245,247,250,256,259
229:2,3,4,6,8,9,15,18,19,20,22,26,33,36,37,39,41,42,44,46,47,53,58,60,61,63,64,69,74,78,79,82,92,93,98,99,103,104,113,114,115,121,122,133,138,148,153,154,156,158,169,171,173,175,176,177,184,186,187,190,192,193,194,196,197,198,201,203,206,207,208,209,210,217,223,226,252,230,235,236,237,240,248,250,251,255,256,259
230:2,4,9,10,11,16,18,19,21,22,29,33,40,49,50,51,53,55,60,63,64,74,76,77,80,83,85,87,88,89,91,94,96,97,99,101,102,103,104,105,106,108,109,112,116,121,125,127,129,131,133,134,135,136,137,139,140,141,143,146,149,151,153,156,157,159,165,167,174,184,186,192,195,199,215,218,222,223,224,227,228,229,258,234,236,237,239,243,249,252,255
231:4,6,7,8,14,16,18,21,22,24,27,30,32,33,36,41,44,45,46,49,51,52,54,57,59,63,65,68,76,77,79,89,90,91,92,93,94,96,101,102,104,105,109,112,115,116,117,118,119,124,125,132,137,142,144,145,148,149,151,153,155,157,159,160,163,164,165,168,172,178,180,183,186,190,194,196,198,200,201,202,203,207,208,210,217,218,223,225,226,235,232,233,237,240,244,245,246,248,250,251,255,256
232:0,1,2,3,7,10,12,14,15,16,20,23,25,27,29,34,35,40,42,43,45,46,48,51,52,54,56,58,60,61,63,64,65,66,69,73,74,76,78,79,84,85,87,88,89,91,94,95,97,98,103,105,106,110,112,114,116,118,121,122,123,124,125,127,128,129,130,139,141,143,146,149,151,152,157,160,162,164,165,167,172,173,174,180,181,187,189,202,204,205,206,207,211,215,216,217,220,221,223,231,258,233,238,240,241,245,250,255,259
233:1,6,7,8,14,15,16,18,22,24,25,26,31,32,33,35,43,49,55,56,59,66,70,74,77,78,79,81,83,92,94,97,99,110,112,117,119,128,129,130,131,133,135,136,137,139,140,141,150,151,152,153,156,157,161,166,171,178,180,182,184,192,196,198,203,208,209,214,215,216,217,219,221,224,226,231,232,238,242,243,248,249,251,252,253,254,255,259
234:0,1,4,5,6,8,9,14,18,19,23,29,33,36,38,40,47,58,60,62,65,67,74,75,77,81,84,86,88,95,99,103,105,106,107,108,109,110,112,115,116,118,120,122,125,126,128,130,131,132,134,137,138,142,150,153,162,163,164,165,166,167,168,169,170,172,173,175,177,178,179,180,182,183,188,192,195,198,200,203,206,207,208,213,215,218,221,223,224,225,226,230,248,237,238,242,243,246,255,257
235:2,3,4,5,6,12,19,20,21,22,23,25,28,29,30,32,37,39,40,43,46,47,50,51,56,58,60,61,62,63,68,71,77,84,85,87,89,91,95,99,101,105,106,107,111,113,116,117,119,121,124,125,126,131,132,133,139,143,145,147,159,162,168,172,173,174,176,183,184,186,187,191,192,197,201,203,205,206,207,210,216,217,218,220,222,224,227,229,231,237,238,239,242,245,248,249,254,257,258
236:0,1,2,7,11,14,19,20,21,23,27,28,34,37,38,40,44,47,49,50,51,55,57,59,60,62,66,68,69,70,71,72,76,81,83,86,91,93,94,96,102,103,109,114,116,118,119,120,124,128,129,140,143,145,146,147,148,150,151,153,156,158,159,161,166,176,177,178,183,184,185,189,195,196,198,201,202,203,206,209,210,211,212,215,217,219,220,222,224,226,229,230,237,242,243,245,250,251,252,257,258
237:4,12,15,17,20,22,25,26,29,33,37,40,47,55,62,67,71,73,77,78,81,82,83,89,90,91,92,96,99,102,104,109,110,114,126,128,131,139,140,141,144,148,149,150,152,153,154,159,160,161,163,164,166,167,171,174,177,186,192,193,194,195,197,201,207,212,216,224,225,228,229,230,231,234,235,236,252,242,243,249,250,257
238:0,4,6,13,15,19,35,51,53,54,57,58,59,60,61,62,64,66,68,70,72,73,76,78,85,87,90,93,94,98,100,103,108,114,118,122,124,130,132,135,137,138,141,144,147,155,157,159,160,161,162,164,166,174,175,176,181,183,186,187,191,196,197,204,207,208,214,219,221,222,225,232,233,234,235,254,243,244,245,248,255,256,258,259
239:0,1,8,13,16,18,19,22,24,25,26,35,41,42,45,47,49,51,52,53,55,61,62,64,66,67,69,70,71,72,73,76,78,79,82,84,94,98,100,104,105,107,108,110,111,116,118,119,124,133,137,138,141,142,143,148,149,151,153,154,156,160,161,162,166,168,170,173,175,185,189,190,195,199,202,207,208,215,217,218,219,220,227,230,235,256,241,246,248,250,251,255
240:0,2,3,7,8,11,12,16,17,18,20,22,26,27,29,30,31,41,43,44,45,47,51,52,55,56,58,59,60,61,63,65,66,67,69,72,73,76,85,93,96,97,98,99,101,104,105,109,110,111,114,115,117,119,120,123,124,126,127,128,132,135,140,142,143,146,150,158,161,162,163,164,165,166,171,172,174,176,178,179,181,184,186,195,197,200,201,202,204,205,207,211,214,216,217,219,225,229,231,232,259,241,244,245,248,253,255,256,257,258
241:3,4,5,6,8,13,19,23,25,31,32,35,36,40,42,43,48,51,52,59,60,65,68,70,71,73,74,75,77,79,80,82,90,92,93,95,96,101,104,112,113,117,121,123,124,125,127,128,136,142,144,146,149,150,153,160,161,166,167,171,174,182,183,187,190,193,198,201,203,205,208,218,219,220,226,232,239,240,251,244,247,249,252,254,255,257
242:2,3,6,7,10,11,15,19,22,25,27,28,29,30,32,33,35,38,39,40,41,42,44,45,48,52,54,56,62,69,77,78,82,84,88,89,93,100,103,108,111,117,119,121,122,123,126,128,132,135,136,137,138,145,146,150,156,157,159,161,165,170,171,172,176,182,183,187,188,189,190,191,194,198,205,206,209,214,225,226,227,233,234,235,236,237,257,244,245,249,251,252,258
243:1,4,6,14,16,17,18,19,24,30,32,34,35,38,40,42,47,53,56,58,60,61,62,64,65,66,72,73,75,76,77,80,86,91,93,95,97,98,99,102,103,104,105,107,109,110,117,123,127,135,139,140,145,146,149,150,155,159,160,161,166,170,172,173,177,178,182,188,190,191,193,196,199,203,206,221,222,224,225,227,230,233,234,236,237,238,248,253
244:1,5,6,9,10,13,14,17,20,23,24,33,40,44,47,50,52,56,59,60,61,63,67,69,76,77,79,80,83,85,86,87,91,93,94,97,99,101,103,106,107,110,113,116,118,119,126,127,131,132,134,135,138,139,143,146,153,154,156,158,160,162,163,165,167,171,172,175,180,184,202,203,209,210,212,213,214,215,217,218,220,224,225,227,228,231,238,240,241,242,246,248,249,250,251,253,254
245:5,7,13,14,15,17,18,21,22,23,26,27,29,30,32,37,38,43,47,53,54,58,60,61,67,72,73,74,79,82,86,88,89,90,93,98,101,107,108,109,118,120,123,125,127,128,133,142,145,147,148,149,151,152,159,163,165,166,172,173,174,175,181,184,186,190,192,202,203,204,207,210,212,220,222,228,231,232,235,236,238,240,242,249,246,248,250,252
246:0,3,4,5,6,9,11,13,14,19,27,28,29,30,34,37,42,47,48,55,58,61,62,70,73,77,79,84,88,90,94,95,98,99,105,106,110,115,116,117,119,121,122,135,138,140,144,148,151,152,155,160,161,162,163,165,166,169,171,176,177,178,180,183,184,185,187,188,190,191,195,208,214,215,220,222,223,226,227,231,234,239,244,245,248,247,253,255
247:4,9,11,15,23,24,25,26,27,28,30,31,33,34,38,42,45,49,51,52,57,62,63,64,67,71,74,78,83,86,90,91,92,94,95,102,103,104,105,106,108,109,110,123,125,131,133,135,136,138,140,143,144,146,147,148,153,155,161,173,174,175,176,177,179,182,188,191,195,197,198,199,205,208,209,213,214,220,221,222,225,226,228,241,246,253,249,252,257
248:3,9,10,14,17,19,26,27,28,32,33,34,35,36,38,44,47,52,55,56,58,59,61,63,68,71,73,75,78,80,83,87,88,92,95,96,97,111,114,116,120,121,122,124,125,127,128,131,135,139,141,144,149,150,158,159,160,162,165,167,172,174,185,195,203,204,206,209,213,215,216,221,227,229,231,233,234,235,238,239,240,243,244,245,246,254,251,253,259
249:2,3,5,8,10,12,15,18,20,23,25,28,29,30,34,35,38,40,41,52,53,59,60,61,64,66,67,70,71,73,75,78,79,84,85,89,90,91,93,95,96,107,108,109,110,111,114,116,117,118,121,125,126,129,130,133,135,140,142,145,147,152,159,162,163,164,168,169,171,172,175,183,186,188,189,192,194,195,196,197,201,203,204,206,209,214,218,219,221,230,233,235,237,241,242,244,245,247,256,250,253,255,258,259
250:4,5,8,9,16,19,26,28,33,34,36,38,41,45,48,52,60,65,68,71,76,78,79,82,84,90,93,94,98,99,101,108,109,110,112,115,118,119,121,122,126,128,130,131,132,133,135,136,139,141,143,145,150,156,158,159,160,161,170,171,172,176,181,184,186,187,190,191,192,194,195,197,201,204,213,215,216,218,219,228,229,231,232,236,237,239,244,245,249,252,255,256,257
251:2,3,6,10,13,18,22,27,28,30,33,34,36,38,40,41,43,49,52,55,61,62,66,67,69,71,72,75,76,77,87,89,93,102,109,110,112,114,115,116,117,119,122,123,125,126,128,130,131,132,134,135,136,139,145,147,150,151,155,159,160,164,169,171,174,182,183,184,188,192,204,205,206,208,210,216,225,229,231,233,236,239,241,242,244,248,258,255,256
252:2,6,8,9,11,13,14,15,17,18,23,24,28,31,33,34,37,38,42,43,51,52,56,61,67,74,75,78,79,80,81,82,83,87,89,90,92,94,98,99,100,101,102,103,104,108,109,112,124,126,128,129,130,131,134,135,142,143,147,152,154,155,163,167,171,173,174,175,177,178,183,189,190,194,198,204,206,210,214,220,222,224,227,229,230,233,236,237,241,242,245,247,250,257,254,255,258
253:0,2,8,12,16,18,24,27,30,31,33,35,36,37,39,40,42,46,53,55,57,66,67,70,71,72,79,80,82,84,86,91,96,97,101,102,103,112,117,119,120,121,122,123,125,129,130,131,138,143,144,151,152,156,158,160,161,165,166,169,171,173,174,175,176,177,178,180,182,189,190,191,192,193,195,196,197,198,201,202,203,204,205,207,209,212,215,217,219,221,223,225,228,233,240,243,244,246,247,248,249,259,254,255
254:1,2,3,4,20,21,25,26,27,30,40,41,43,46,47,50,54,55,57,61,62,66,67,68,69,75,76,77,80,81,83,84,87,91,93,94,96,97,98,101,104,106,111,114,116,117,122,123,126,127,130,131,132,135,140,143,153,156,160,164,166,170,171,174,177,178,180,182,184,185,186,191,194,196,202,203,205,206,207,208,210,213,216,218,221,223,224,233,235,238,241,244,248,252,253,257,255,258
255:1,3,5,6,8,11,17,21,26,29,33,34,36,38,41,42,45,46,48,51,55,57,61,65,69,70,71,76,77,82,90,91,92,94,99,101,104,106,110,111,115,118,121,125,129,130,131,132,134,135,139,141,142,145,147,158,162,165,166,169,171,175,176,177,179,181,182,188,192,195,196,200,203,205,207,209,210,214,216,217,220,223,224,225,226,227,229,230,231,232,233,234,238,239,240,241,246,249,250,251,252,253,254,259,256
256:2,3,4,9,10,11,15,16,19,21,23,24,27,31,34,35,39,51,58,62,63,66,69,71,73,75,76,78,79,86,93,96,99,101,104,109,110,113,118,120,133,135,138,139,143,145,146,148,154,155,158,162,163,164,168,169,170,171,174,180,184,191,197,199,200,201,202,206,208,209,213,215,216,217,220,222,225,226,227,228,229,231,238,239,240,249,250,251,255,257
257:3,6,8,10,14,15,24,27,28,29,30,32,35,41,42,43,44,45,46,47,48,56,57,58,60,61,63,69,70,71,73,75,78,82,83,84,85,86,89,91,93,94,97,101,103,114,126,127,130,131,133,144,148,150,151,155,156,157,160,161,162,163,165,166,168,171,178,181,182,184,187,190,192,198,200,202,203,208,210,211,212,213,219,220,234,235,236,237,240,241,242,247,250,252,254,256,259
258:2,10,11,20,24,26,28,29,30,32,34,35,36,37,38,40,41,43,45,48,49,59,60,69,73,75,77,78,82,83,85,88,90,91,92,93,96,100,101,104,105,107,109,110,111,115,117,119,122,123,124,125,126,128,129,132,135,136,137,139,140,144,146,147,148,150,153,154,158,160,162,167,170,173,175,179,183,185,189,190,191,192,196,199,200,202,203,205,207,210,214,216,222,224,226,227,230,232,235,236,238,240,242,249,251,252,254,259
259:0,3,5,6,7,9,10,11,13,18,19,20,21,24,26,27,30,39,43,49,50,53,56,60,61,63,65,67,69,75,82,87,88,92,93,94,97,100,103,105,106,108,111,112,113,117,119,121,126,128,129,130,131,132,133,137,139,143,147,155,164,169,174,175,178,179,180,182,185,188,190,193,197,200,201,202,207,210,211,212,219,220,224,227,228,229,232,233,238,240,248,249,253,255,257,258
