0:141,2,12,13,15,16,18,26,31,33,34,36,41,43,46,47,48,51,52,55,56,58,59,60,61,62,63,66,68,69,70,71,83,84,85,86,87,88,90,92,93,94,96,97,98,100,101,102,104,106,108,109,110,111,113,115,117,121,126,129,135,136,137,142,146,151,154,156,158,159,160,161,164,167,170,174,176,177,178,180,182,185,186,187,189,190,193,194,196,198,199,203,206,207,208,209
1:107,2,5,6,11,13,14,17,18,22,23,26,27,31,33,34,37,38,39,43,44,46,47,48,49,52,55,57,59,62,64,65,68,69,70,72,74,82,84,85,86,88,90,93,94,96,99,103,104,108,109,111,112,115,117,118,120,124,125,126,129,130,131,134,136,138,139,140,141,143,145,147,149,150,151,160,161,165,167,168,170,171,172,174,176,184,186,187,188,190,191,192,194,198,201,206
2:0,1,208,3,6,7,11,12,14,16,18,19,20,24,26,27,29,31,32,33,34,35,36,40,41,42,44,47,49,53,58,62,63,64,65,68,70,73,74,76,77,79,80,81,82,83,86,87,88,89,94,97,100,102,103,106,110,111,112,113,115,118,120,121,123,125,127,131,135,136,137,138,139,142,143,145,146,149,153,154,155,158,159,160,161,162,163,165,166,168,170,171,172,173,180,181,182,186,188,191,194,195,198,199,200,201,203,205,206,207
3:2,204,4,5,6,9,10,12,14,17,20,22,24,26,27,30,33,34,38,41,44,46,47,48,49,52,54,55,57,58,59,61,62,63,65,66,68,69,72,73,75,76,80,82,83,87,90,91,92,93,95,96,97,101,103,104,108,111,114,115,116,117,119,127,128,129,131,135,139,141,143,145,149,150,152,154,157,158,160,161,162,163,164,166,169,170,172,174,175,176,178,179,183,186,188,191,192,194,196,197,206
4:3,23,6,7,10,11,16,19,25,29,33,36,38,41,42,43,49,52,54,56,57,58,59,60,65,66,68,69,71,72,74,75,79,84,85,86,88,89,91,94,95,97,102,103,104,105,106,107,108,109,112,113,114,115,119,120,121,124,131,132,133,137,138,139,141,144,149,150,160,162,164,165,166,167,169,170,172,173,175,176,178,180,182,184,186,190,191,193,198,199,205,206,207,209
5:1,3,12,8,11,13,14,18,22,23,24,29,31,33,35,38,39,40,41,42,46,53,55,57,58,60,63,66,67,69,70,71,72,74,76,77,82,83,85,86,90,91,93,98,99,100,101,105,106,107,112,116,118,119,121,122,124,125,127,131,133,138,139,146,149,153,154,155,156,157,160,163,164,165,166,171,174,176,177,178,179,183,187,189,191,192,193,195,197,199,202,203,204,205,207,209
6:1,2,3,4,161,7,9,12,13,14,15,16,18,19,20,21,23,28,32,33,34,37,38,39,44,45,46,49,50,51,53,56,57,58,59,60,64,67,69,72,74,75,77,78,80,81,84,85,88,90,91,93,94,96,97,98,99,102,103,105,107,108,109,116,119,121,124,125,128,129,130,131,132,133,134,136,138,141,144,145,147,149,154,155,156,158,162,164,165,166,170,171,173,174,176,179,180,181,182,184,185,186,189,191,192,195,196,197,199,200,201,203,204,205,206,207
7:2,4,6,108,8,11,12,19,23,24,28,29,30,32,34,35,37,39,40,41,44,45,46,49,50,57,61,62,63,64,65,67,70,73,74,77,78,79,81,83,84,85,87,88,89,90,92,93,94,95,99,100,101,102,103,106,109,111,113,116,121,122,123,131,132,134,136,138,139,140,143,144,145,150,151,155,156,157,159,163,166,168,169,172,173,175,179,180,181,183,184,185,186,187,188,193,195,197,199,203,204,205,207,208,209
8:5,7,94,9,10,11,12,15,16,17,18,20,27,29,31,33,34,35,36,39,43,44,46,47,51,56,61,62,63,65,66,68,69,74,75,76,77,80,82,85,86,88,90,91,95,101,105,106,107,108,109,110,111,116,119,120,122,123,125,131,132,133,135,136,138,139,140,141,143,144,145,149,150,151,154,157,160,165,169,174,179,181,183,187,191,192,193,194,195,196,199,200,201,204,208,209
9:3,6,8,207,10,11,12,19,21,23,25,27,29,30,33,36,38,44,46,48,50,52,55,56,57,58,62,66,71,77,79,80,81,85,87,88,90,91,97,98,99,100,106,107,108,114,116,117,121,123,124,125,126,127,128,129,131,134,135,136,137,139,141,143,145,146,147,148,154,156,157,161,162,164,167,168,169,170,172,173,174,177,179,180,181,182,184,185,186,188,189,190,191,192,193,194,195,196,197,198,199,200,201,202,203,204,206,208,209
10:3,4,8,9,97,12,13,14,18,19,23,26,30,33,34,35,41,43,44,46,52,54,65,69,75,77,78,80,82,83,84,85,86,87,89,91,98,104,105,106,107,108,116,119,120,123,126,128,129,130,131,132,133,135,137,142,143,145,148,149,152,159,161,162,163,166,168,171,173,174,176,177,178,179,180,181,182,184,185,186,187,188,189,190,192,195,196,198,199,200,201,206,209
11:1,2,4,5,7,8,9,24,12,13,14,16,17,18,19,20,21,22,25,26,30,31,32,33,38,40,41,43,44,45,47,48,51,52,53,56,60,61,62,63,64,72,75,76,77,78,81,82,86,88,89,91,92,95,99,101,103,104,110,111,113,120,121,122,124,125,126,127,128,137,138,139,140,143,148,150,156,157,159,162,165,167,169,170,172,176,177,178,179,180,183,185,186,187,188,191,193,194,195,199,200,207,208,209
12:0,2,3,5,6,7,8,9,10,11,44,13,14,16,17,19,25,28,31,32,34,36,38,39,42,46,47,48,49,50,51,53,58,59,60,63,64,68,69,73,74,76,79,85,86,93,94,95,96,98,99,100,104,105,106,107,108,109,111,112,113,116,117,120,123,124,127,128,129,130,131,132,134,136,137,140,143,146,147,148,151,152,153,154,156,157,158,162,164,165,171,174,180,183,184,185,189,190,192,193,195,198,199,202,203,206,207,208,209
13:0,1,5,6,10,11,12,135,17,18,23,25,27,28,32,33,34,35,37,39,40,45,47,48,49,52,54,55,56,60,62,63,64,67,69,72,73,74,75,81,82,83,86,87,88,89,90,93,94,96,97,98,101,102,103,104,106,107,108,109,111,112,113,116,118,119,120,124,125,126,129,130,132,137,141,142,144,145,146,147,149,150,151,153,154,161,163,166,168,169,172,174,175,176,177,179,180,181,183,184,185,186,187,188,189,194,202,203,204,205,206,207
14:1,2,3,5,6,10,11,12,69,17,21,22,23,24,26,29,34,35,36,37,39,42,46,47,49,50,51,53,54,55,56,58,59,60,70,71,73,77,78,79,83,84,85,86,87,89,90,93,97,99,102,103,106,107,109,114,115,118,121,123,125,126,129,130,131,133,134,136,137,139,140,141,142,143,144,147,149,151,156,157,158,162,163,165,168,169,170,171,172,173,174,176,177,180,181,182,185,186,187,188,189,193,197,200,203,205,206,208
15:0,6,8,31,16,18,20,24,27,29,30,34,35,37,39,41,42,43,45,47,49,51,52,53,54,55,56,58,60,61,63,66,68,74,77,78,79,81,83,84,85,86,88,95,96,97,98,102,104,106,107,108,109,110,114,116,119,121,123,126,127,128,129,130,132,137,141,143,144,145,149,150,152,155,156,157,158,161,164,166,168,169,170,171,173,177,180,181,182,186,188,189,190,194,195,199,201,203,207,208,209
16:0,2,4,6,8,11,12,15,47,20,21,26,28,29,30,33,35,39,43,44,49,50,52,54,56,57,61,62,66,69,72,74,75,78,79,81,85,86,89,90,93,94,96,98,99,100,102,106,107,108,112,115,118,119,120,121,122,128,130,139,141,143,144,145,148,149,151,152,156,157,158,160,165,166,167,169,171,176,179,180,184,186,187,188,192,193,194,196,198,202,203,207
17:1,3,8,11,12,13,14,23,18,20,24,27,29,30,31,33,35,38,41,42,43,44,46,47,48,49,50,52,54,56,65,66,67,72,73,76,77,79,80,81,83,85,86,87,88,91,94,96,97,101,103,105,106,107,109,110,111,115,116,122,123,124,127,132,133,141,145,146,148,152,153,155,156,157,159,160,163,165,171,172,173,178,179,180,182,184,188,190,191,193,195,196,198,200,202,203,207,209
18:0,1,2,5,6,8,10,11,13,15,17,166,19,22,27,28,31,32,36,37,40,41,43,48,53,54,57,58,63,66,68,70,71,72,74,75,76,79,81,82,83,84,86,88,90,95,96,97,100,101,102,106,107,109,111,116,117,120,122,123,126,127,128,130,131,132,134,137,140,141,143,146,148,151,156,157,159,161,162,163,164,165,167,168,171,174,178,180,182,184,187,188,191,192,194,197,200,203
19:2,4,6,7,9,10,11,12,18,53,21,22,23,25,27,30,33,35,40,44,47,48,49,52,54,55,56,58,62,63,65,66,67,70,72,75,76,77,79,83,86,88,93,95,97,99,100,101,102,108,109,110,111,112,113,115,116,118,121,122,123,125,129,132,134,136,137,139,140,141,142,144,145,146,147,150,152,154,155,156,157,158,159,161,163,165,167,169,177,178,179,181,188,190,191,192,194,195,197,198,199,203,204,205,207,208
20:2,3,6,8,11,15,16,17,55,23,25,27,29,30,36,37,39,41,43,44,45,46,48,49,51,57,58,59,61,62,63,66,67,69,71,72,73,74,75,78,81,82,83,84,85,87,88,93,94,96,98,99,101,102,103,104,108,109,115,117,121,122,124,128,132,134,138,140,141,145,148,149,152,154,156,160,162,163,168,173,176,177,178,179,182,184,187,188,189,190,191,194,197,198,200,201,203,204,208,209
21:6,9,11,14,16,19,74,22,23,24,25,28,30,32,33,34,38,42,44,45,47,48,53,57,59,61,65,66,69,73,79,80,84,85,89,90,91,100,102,105,106,110,112,115,116,118,120,121,122,124,125,126,129,130,131,132,134,137,141,143,144,145,147,148,150,152,153,154,155,158,159,161,164,165,167,169,172,174,175,176,179,182,183,184,187,188,191,195,197,199,200,202,203,204,205,206,207
22:1,3,5,11,14,18,19,21,63,24,28,29,30,32,34,39,41,42,43,44,47,49,50,53,54,55,56,57,59,60,61,62,64,66,70,71,74,75,76,81,82,83,84,85,86,88,89,91,94,95,96,97,98,99,101,102,104,105,108,112,115,117,119,120,126,129,134,137,139,142,143,145,146,148,152,153,154,155,158,161,165,166,168,169,171,173,174,175,177,179,183,184,186,187,195,199,200,202,204,205,206
23:1,4,5,6,7,9,10,13,14,17,19,20,21,85,24,27,28,30,33,34,38,39,40,41,43,44,45,46,47,53,54,57,58,59,60,63,64,67,72,75,76,78,79,80,81,82,89,91,92,94,95,99,102,105,106,107,109,112,113,114,116,119,120,123,124,127,128,130,134,135,136,137,140,141,143,145,146,147,150,152,153,154,158,159,161,162,170,172,173,175,176,177,179,180,181,184,185,188,194,195,199,201,203,204,208,209
24:2,3,5,7,11,14,15,17,21,22,23,64,25,27,28,29,32,34,36,37,38,41,43,44,45,46,48,50,53,54,56,57,61,62,70,72,74,77,80,83,84,85,89,90,91,93,94,95,97,102,104,105,106,108,115,117,120,122,125,126,128,130,132,133,134,138,140,141,143,144,145,146,147,148,149,151,153,154,156,160,161,163,164,165,167,169,170,172,173,176,181,182,183,184,189,190,191,192,193,194,196,197,198,199,201,202,203,206,208,209
25:4,9,11,12,13,19,20,21,24,169,27,31,32,33,34,35,37,38,40,43,44,45,46,47,48,49,50,51,52,55,59,61,63,64,65,69,71,73,77,78,79,81,82,83,84,85,90,91,92,93,94,96,97,100,103,105,109,110,111,112,115,117,118,119,123,124,126,127,129,131,132,133,136,140,141,142,144,148,151,154,158,160,164,165,168,170,171,174,175,176,179,180,181,182,184,187,192,194,195,198,206,208,209
26:0,1,2,3,10,11,14,16,82,30,31,32,33,34,35,37,39,40,41,42,44,46,47,50,53,54,56,57,58,59,60,66,67,68,70,72,75,76,79,83,84,87,88,89,90,91,94,98,99,100,101,102,104,105,107,108,111,112,115,117,119,120,121,122,124,127,128,133,134,136,141,143,144,146,147,158,159,161,162,163,165,170,171,172,173,181,183,184,186,189,191,194,195,196,197,199,201,202,203,204,205,208,209
27:1,2,3,8,9,13,15,17,18,19,20,23,24,25,141,28,31,34,37,41,45,47,50,51,52,53,55,56,57,59,61,63,64,72,73,74,76,77,78,80,82,83,85,88,89,91,93,94,96,97,99,100,101,107,108,109,110,115,116,119,120,123,124,125,126,128,129,135,136,138,142,146,147,148,153,154,157,159,160,165,168,169,172,173,177,178,179,180,182,183,188,190,191,192,193,194,195,197,201,203,205,206,208
28:6,7,12,13,16,18,21,22,23,24,27,204,30,32,33,34,37,38,40,41,44,45,50,52,54,61,63,64,67,68,69,70,71,72,73,75,76,77,79,80,81,82,83,84,85,90,91,93,95,100,102,104,105,106,110,111,112,113,114,115,116,120,121,122,125,127,130,131,133,134,135,136,138,139,141,142,143,144,145,147,151,153,155,158,160,163,164,165,166,169,170,171,173,175,176,179,180,181,183,184,185,186,190,193,196,197,198,201,202,207
29:2,4,5,7,8,9,14,15,16,17,20,22,24,157,30,31,33,35,36,43,47,51,53,54,55,58,60,62,63,65,66,71,77,79,80,83,84,89,92,94,95,97,98,99,101,102,104,105,106,107,108,111,112,113,114,115,116,117,126,132,138,140,142,144,145,146,147,148,149,151,152,153,156,160,161,163,164,165,167,168,173,174,175,179,181,187,188,189,194,196,201,204,206
30:3,7,9,10,11,15,16,17,19,20,21,22,23,26,28,29,80,33,34,38,39,41,42,43,46,47,48,51,58,59,60,62,63,65,69,70,71,72,73,75,77,78,79,81,82,83,84,88,90,91,92,93,94,95,97,98,103,104,108,110,111,117,120,121,122,125,128,129,131,133,135,138,141,142,145,146,150,151,152,153,155,157,158,160,161,165,166,167,170,172,175,178,180,181,185,187,188,190,191,192,193,195,198,200,202,203,205,207,209
31:0,1,2,5,8,11,12,15,17,18,25,26,27,29,182,32,35,36,37,41,43,44,48,49,50,52,53,55,56,57,58,60,63,64,68,70,71,72,78,79,83,84,85,87,90,91,93,94,96,97,99,101,104,105,107,108,109,110,112,113,116,117,118,119,121,122,123,125,130,135,137,138,141,143,144,145,147,152,154,155,156,157,159,161,163,166,168,169,170,171,174,175,177,179,181,183,187,188,190,192,193,194,197,198,199,201,207,208,209
32:2,6,7,11,12,13,18,21,22,24,25,26,28,31,127,36,38,42,45,50,51,52,53,54,55,57,59,61,64,66,68,69,70,72,76,77,80,81,83,86,89,93,97,98,101,102,103,107,109,110,112,113,115,116,120,121,124,126,130,133,134,137,140,142,147,148,149,150,151,154,155,156,159,161,162,163,164,165,167,168,170,171,174,175,178,181,183,184,185,186,190,191,192,193,197,198,200,202,203,205
33:0,1,2,3,4,5,6,8,9,10,11,13,16,17,19,21,23,25,26,28,29,30,171,34,37,38,40,41,44,45,47,48,50,51,52,54,58,59,60,61,62,64,67,70,71,73,74,77,79,81,85,92,93,97,98,99,100,102,103,104,105,106,115,118,120,127,130,132,133,134,136,140,142,143,145,146,149,150,151,152,154,157,158,161,162,163,173,174,177,178,179,181,185,186,187,188,190,194,196,198,200,203,205,208
34:0,1,2,3,6,7,8,10,12,13,14,15,21,22,23,24,25,26,27,28,30,33,46,35,36,40,41,42,43,45,49,50,53,54,56,57,59,60,61,62,66,67,69,70,75,76,78,79,82,83,84,85,86,87,89,92,94,96,98,101,102,109,110,112,114,117,118,120,122,124,127,129,131,132,134,138,141,142,143,145,146,147,149,150,151,152,154,155,156,158,161,163,165,167,168,169,170,171,172,176,177,178,179,182,183,184,187,190,191,193,194,195,196,197,199,200,201,202,203,205,206,207
35:2,5,7,8,10,13,14,15,16,17,19,25,26,29,31,34,192,38,40,41,42,43,45,46,49,50,52,61,62,64,65,67,68,69,72,76,80,81,84,87,88,89,93,94,96,98,101,102,104,107,112,113,114,118,121,122,123,124,128,129,130,131,133,135,136,137,139,143,145,148,151,153,155,156,157,158,161,163,164,166,168,170,171,172,173,174,176,180,181,183,184,186,189,191,194,195,196,198,200,201,205,206,207,209
36:0,2,4,8,9,12,14,18,20,24,29,31,32,34,125,37,38,39,44,45,46,55,57,58,60,64,65,68,70,72,73,75,77,78,79,81,84,88,90,93,96,97,98,100,101,102,104,105,107,108,111,113,114,115,116,117,118,120,123,124,127,128,129,130,133,135,136,138,144,145,146,148,149,150,151,158,159,161,162,163,164,166,168,172,173,176,178,179,180,181,182,184,185,186,187,188,190,192,199,202,204,205,207,208
37:1,6,7,13,14,15,18,20,24,25,26,27,28,31,33,36,108,38,40,42,45,47,49,51,54,59,60,62,65,66,67,68,69,71,72,73,76,83,85,86,91,93,95,97,98,100,104,105,110,111,112,114,118,119,120,122,123,124,125,127,129,130,132,133,134,136,140,142,147,148,149,150,151,152,154,156,157,158,159,161,162,163,164,165,167,168,169,171,172,173,176,178,180,181,183,189,190,192,193,196,198,199,200,201,208,209
38:1,3,4,5,6,9,11,12,17,21,23,24,25,28,30,32,33,35,36,37,68,45,48,49,51,53,55,57,59,60,61,63,65,66,67,70,71,74,75,76,77,78,79,81,83,84,86,93,94,96,97,101,103,105,108,109,112,113,115,117,118,119,121,125,126,129,131,132,133,134,140,141,148,149,152,155,156,162,164,165,166,168,169,171,173,176,180,182,183,184,185,186,187,188,189,192,193,195,196,197,198,199,205,209
39:1,5,6,7,8,12,13,14,15,16,20,22,23,26,30,36,169,40,45,46,47,50,51,52,55,57,58,60,64,65,66,69,70,71,72,73,77,78,79,80,81,82,83,84,86,87,88,90,92,93,94,95,97,98,101,105,106,107,108,109,110,112,115,117,118,119,120,126,127,128,129,130,131,132,134,138,140,141,143,145,150,152,153,156,158,159,160,162,163,164,166,167,171,172,173,175,177,178,181,185,187,188,190,195,196,197,198,199,200,202,203,205,209
40:2,5,7,11,13,18,19,23,25,26,28,33,34,35,37,39,78,41,42,43,45,47,52,54,56,57,59,60,63,64,69,71,73,76,79,80,84,85,87,89,91,92,95,97,99,103,104,105,111,112,113,118,120,121,123,125,130,131,133,134,136,137,139,141,143,145,146,147,153,156,158,159,160,163,165,167,169,170,171,176,177,179,180,181,182,183,185,187,189,190,193,195,197,199,201,204,205,206,208
41:0,2,3,4,5,7,10,11,15,17,18,20,22,23,24,26,27,28,30,31,33,34,35,40,63,42,43,48,50,54,57,60,62,64,66,67,68,70,72,74,76,79,82,83,84,88,89,92,93,96,99,100,103,104,109,111,114,116,117,119,120,121,122,123,124,125,126,129,131,133,137,138,141,142,145,147,156,164,165,166,171,172,173,174,175,177,178,183,184,185,193,194,195,196,197,201,202,203,209
42:2,4,5,12,14,15,17,21,22,26,30,32,34,35,37,40,41,54,45,47,48,50,51,52,55,56,57,62,63,65,67,68,69,70,71,72,76,78,79,81,84,85,87,90,93,95,96,98,100,101,103,104,105,106,111,113,114,118,120,122,124,125,127,132,133,134,136,137,140,141,142,143,145,148,149,150,151,152,155,157,158,159,160,163,165,166,167,169,170,174,175,176,179,180,185,189,190,191,193,195,196,197,198,199,201,202,203,204,205,206
43:0,1,4,8,10,11,15,16,17,18,20,22,23,24,25,29,30,31,34,35,40,41,72,45,46,48,49,50,51,53,56,58,59,61,62,63,64,66,67,69,70,75,79,81,86,90,92,93,96,97,99,102,106,107,108,111,116,117,118,120,121,122,123,126,128,129,132,133,137,138,139,142,143,146,147,148,150,151,152,155,156,161,164,166,167,168,169,171,173,175,176,177,178,181,182,183,184,185,186,190,191,192,195,196,198,199,204,208,209
44:1,2,3,6,7,8,9,10,11,12,16,17,19,20,21,22,23,24,25,26,28,31,33,36,197,50,52,53,57,58,60,61,63,64,67,70,71,74,76,77,79,83,87,88,89,91,93,98,99,103,104,105,106,108,110,112,113,114,115,120,121,122,125,127,128,129,131,132,136,144,145,147,149,150,151,156,157,159,160,161,163,167,173,176,177,180,181,185,186,187,188,198,199,202,205,206,208
45:6,7,11,13,15,20,21,23,24,25,27,28,32,33,34,35,36,37,38,39,40,42,43,71,47,48,52,53,57,60,61,62,64,65,67,68,70,72,75,77,83,85,87,88,92,94,95,99,101,102,105,108,109,110,111,112,114,115,122,124,125,126,127,128,129,130,131,134,136,138,141,142,143,144,145,146,147,149,150,151,152,155,156,159,160,161,164,165,167,168,169,171,173,174,175,177,178,180,182,183,184,187,189,193,194,197,198,199,200,201,202,205,208
46:0,1,3,5,6,7,8,9,10,12,14,17,20,23,24,25,26,30,34,35,36,39,43,51,48,52,53,54,57,59,60,64,65,66,67,68,69,70,71,75,81,83,84,85,86,87,89,91,92,95,97,98,99,105,107,109,113,114,116,120,122,123,124,128,129,130,131,135,136,137,138,139,141,143,145,146,149,150,151,152,156,159,162,165,166,168,169,170,173,174,175,176,178,179,181,182,185,186,187,188,189,190,193,195,196,198,201,202,203,205,206,209
47:0,1,2,3,8,11,12,13,14,15,16,17,19,21,22,23,25,26,27,29,30,33,37,39,40,42,45,133,55,57,58,62,63,64,65,66,67,72,74,76,79,81,83,87,90,92,94,95,96,99,100,101,103,106,107,109,111,112,113,116,118,119,121,122,124,129,130,131,132,134,138,140,141,142,143,145,146,148,149,150,151,153,155,156,157,158,159,162,165,168,169,170,171,174,175,177,178,180,181,182,187,188,189,191,194,196,197,198,200,202,204,205,206,208
48:0,1,3,9,11,12,13,17,18,19,20,21,24,25,30,31,33,38,41,42,43,45,46,134,49,51,54,56,57,58,61,62,64,67,68,73,76,78,80,81,85,87,89,91,96,98,103,105,107,108,111,115,117,118,119,121,123,124,127,128,129,130,131,133,136,138,141,142,144,145,148,150,151,152,153,155,159,160,161,167,168,169,172,173,175,176,178,179,181,182,183,187,189,190,191,195,196,197,200,201,202,203,205,208,209
49:1,2,3,4,6,7,12,13,14,15,16,17,19,20,22,25,31,34,35,37,38,43,48,206,50,52,53,59,61,64,69,72,74,76,82,83,85,86,87,88,90,96,97,99,100,104,105,106,107,109,112,113,115,117,121,129,131,134,141,149,151,152,155,159,160,161,163,164,168,170,171,172,176,178,179,180,181,182,183,186,187,190,191,193,194,199,200,204,207
50:6,7,9,12,14,16,17,22,24,25,26,27,28,31,32,33,34,35,39,41,42,43,44,49,51,57,59,60,61,62,63,64,68,72,74,77,79,82,83,85,86,89,91,94,96,98,99,102,104,107,113,115,117,119,121,123,130,131,132,136,137,138,142,144,148,150,153,154,155,158,159,160,161,164,166,168,169,171,172,173,174,176,177,180,183,184,188,189,191,192,193,195,197,198,202,203,204,205,207,208,209
51:0,6,8,11,12,14,15,20,25,27,29,30,32,33,37,38,39,42,43,46,48,50,73,52,54,56,57,58,60,62,63,64,67,70,71,76,79,81,82,90,91,93,95,96,97,100,101,103,104,107,108,110,111,114,116,117,120,123,124,128,131,132,136,137,140,141,143,145,146,147,148,149,152,158,160,161,162,163,166,167,168,171,175,178,182,183,185,188,189,191,193,194,195,196,197,198,200,202,203,206
52:0,1,3,4,9,10,11,13,15,16,17,19,25,27,28,31,32,33,35,39,40,42,44,45,46,49,51,86,56,58,61,63,64,66,69,70,71,73,74,77,81,84,87,89,90,91,92,94,95,96,104,106,107,112,113,116,117,118,119,120,121,122,124,125,126,129,132,134,135,136,137,139,140,141,144,145,147,150,153,156,157,158,159,161,164,166,167,170,175,176,177,181,185,192,193,195,196,197,202,206,207,209
53:2,5,6,11,12,14,15,18,19,21,22,23,24,26,27,29,31,32,34,38,43,44,45,46,49,174,54,56,57,61,62,63,64,68,69,71,74,77,81,83,84,85,86,90,92,93,94,95,96,98,99,100,101,103,106,107,109,112,116,123,125,126,130,132,133,138,139,140,141,144,146,148,154,156,158,159,163,164,167,169,170,171,173,176,183,184,185,186,187,188,190,193,194,195,197,199,200,202,203,204,205,206,207,208,209
54:3,4,10,13,14,15,16,17,18,19,22,23,24,26,28,29,32,33,34,37,40,41,42,46,48,51,53,172,55,56,58,60,62,63,65,68,72,74,75,78,80,81,82,85,86,87,90,92,95,102,104,106,110,111,113,115,116,117,119,120,122,123,124,126,127,128,129,131,136,137,138,141,142,143,146,150,151,152,156,159,160,163,165,167,168,169,174,175,176,179,180,182,184,185,189,190,194,195,196,198,200,203,204,208
55:0,1,3,5,9,13,14,15,19,20,22,25,27,29,31,32,36,38,39,42,47,54,137,56,57,58,59,60,61,64,65,67,68,69,71,72,73,74,78,79,81,82,83,84,87,90,91,96,97,98,99,100,102,105,106,110,113,115,116,119,121,122,123,124,127,128,130,132,133,135,138,139,143,145,146,147,149,150,151,156,160,161,165,166,172,175,176,179,182,184,185,186,187,188,189,190,193,196,197,199,201,203,204,206,207,208,209
56:0,4,6,8,9,11,13,14,15,16,17,19,22,24,26,27,31,34,40,42,43,48,51,52,53,54,55,89,59,61,65,66,68,69,75,81,83,85,87,91,97,102,104,107,108,111,114,117,118,121,125,129,131,133,134,135,137,140,141,145,146,147,148,149,151,154,155,156,158,159,163,166,167,168,169,174,175,178,179,181,182,183,185,186,187,188,191,192,194,196,205,206,207,208
57:1,3,4,5,6,7,9,16,18,20,21,22,23,24,26,27,31,32,34,36,38,39,40,41,42,44,45,46,47,48,50,51,53,55,155,59,60,63,64,66,69,72,73,74,76,79,84,86,87,89,90,92,93,94,96,98,105,107,108,109,114,115,116,121,122,126,131,133,136,137,141,142,143,144,145,147,148,149,156,157,159,161,163,164,167,171,173,179,180,181,184,186,188,190,197,198,199,200,201,207
58:0,2,3,4,5,6,9,12,14,15,18,19,20,23,26,29,30,31,33,36,39,43,44,47,48,51,52,54,55,152,60,65,66,69,71,72,73,78,79,80,86,88,89,90,91,96,97,100,102,104,106,107,108,109,111,112,115,116,126,127,129,130,132,133,135,137,138,139,142,145,147,148,150,151,154,156,159,162,163,166,167,170,174,175,178,182,184,186,187,188,190,195,196,197,204
59:0,1,3,4,6,12,14,20,21,22,23,25,26,27,30,32,33,34,37,38,40,43,46,49,50,55,56,57,116,60,63,64,65,66,68,69,71,72,74,75,76,79,81,82,85,86,90,91,94,95,97,98,99,100,102,103,106,108,109,112,119,121,122,124,125,128,129,130,131,136,139,140,143,145,148,149,151,152,155,158,169,170,176,177,179,180,181,182,184,187,189,190,192,193,194,195,199,201,205,207
60:0,4,5,6,11,12,13,14,15,22,23,26,29,30,31,33,34,36,37,38,39,40,41,44,45,46,50,51,54,55,57,58,59,75,62,66,67,68,69,73,74,77,78,81,84,85,87,89,92,94,96,97,99,103,105,106,108,109,111,112,113,115,116,120,122,126,127,129,130,131,132,136,137,139,142,143,145,152,154,156,157,159,160,161,165,166,167,168,170,171,172,176,180,183,184,185,186,188,190,191,193,195,197,199,200,204,205,206,207,209
61:0,3,7,8,11,15,16,20,21,22,24,25,27,28,32,33,34,35,38,43,44,45,48,49,50,52,53,55,56,177,62,64,65,67,69,71,73,74,75,76,78,79,80,81,83,89,91,94,98,99,101,102,105,106,108,111,112,117,120,124,126,136,137,139,140,142,143,145,146,147,149,153,154,156,157,159,160,162,172,173,174,175,176,178,180,181,183,185,187,189,190,194,196,197,209
62:0,1,2,3,7,8,9,11,13,16,19,20,22,24,29,30,33,34,35,37,41,42,43,45,47,48,50,51,53,54,60,61,80,65,66,67,68,69,72,73,78,82,86,88,90,95,99,101,102,103,104,107,108,110,112,114,116,117,118,119,123,124,125,126,128,132,136,140,141,143,144,145,146,149,150,152,154,157,158,160,161,163,164,165,167,168,170,174,175,176,177,178,180,183,184,185,192,199,201,208,209
63:0,2,3,5,7,8,11,12,13,15,18,19,20,22,23,25,27,28,29,30,31,38,40,41,42,43,44,47,50,51,52,53,54,57,59,159,65,67,68,69,72,73,76,78,79,80,82,85,86,87,88,89,90,92,93,94,95,96,97,99,100,102,108,109,110,112,113,114,116,117,118,119,126,127,128,130,132,134,137,141,142,143,144,148,150,154,155,158,160,164,166,168,170,172,173,174,175,180,183,187,188,189,190,193,195,197,198,200,204,206,207,208
64:1,2,6,7,11,12,13,22,23,24,25,27,28,31,32,33,35,36,39,40,41,43,44,45,46,47,48,49,50,51,52,53,55,57,59,61,89,67,68,72,75,77,78,79,80,88,90,91,92,94,95,96,97,98,99,100,101,102,103,105,106,107,109,110,111,112,113,115,116,117,118,119,120,121,126,127,128,131,132,133,134,138,141,142,143,144,148,149,151,154,155,159,160,162,163,164,165,168,169,170,172,182,184,185,188,189,190,191,192,193,194,196,197,200,201,202,203,204,205,207,209
65:1,2,3,4,7,8,10,17,19,21,25,29,30,35,36,37,38,39,42,45,46,47,54,55,56,58,59,61,62,63,126,69,71,75,78,80,81,83,85,86,87,89,91,92,94,95,100,101,102,105,107,109,110,113,114,116,117,118,119,121,130,131,133,135,137,139,142,143,144,146,147,149,152,158,164,165,171,172,174,175,176,177,178,180,182,184,185,186,187,191,192,193,198,201,204,205,207,208,209
66:0,3,4,5,8,9,15,16,17,18,19,20,21,22,26,29,32,34,37,38,39,41,43,46,47,52,56,57,58,59,60,62,166,68,69,72,77,78,79,80,83,84,91,92,94,95,96,97,100,103,104,106,107,112,113,115,116,118,121,126,127,130,131,132,135,137,139,142,144,146,149,150,151,152,153,155,158,159,160,163,164,167,168,172,173,174,179,183,186,188,192,194,195,198,199,200,201,202,203,205,209
67:5,6,7,13,17,19,20,23,26,28,33,34,35,37,38,41,42,43,44,45,46,47,48,51,55,60,61,62,63,64,176,76,77,79,81,83,84,86,87,88,89,91,92,93,95,100,105,112,113,114,117,118,119,121,126,127,128,129,130,131,133,138,139,141,147,148,151,152,153,154,157,163,164,169,174,175,177,179,183,184,185,186,188,189,190,192,193,196,197,199,204,205
68:0,1,2,3,4,8,12,15,18,26,28,31,32,35,36,37,38,41,42,45,46,48,50,53,54,55,56,59,60,62,63,64,66,90,69,71,72,73,78,82,86,87,89,94,96,100,101,103,104,105,106,109,110,113,114,117,118,119,120,121,122,123,125,126,129,135,136,140,141,144,151,153,154,156,157,159,160,161,165,169,171,172,173,174,175,177,178,179,181,182,185,186,188,189,196,197,202,203,204
69:0,1,3,4,5,6,8,10,12,13,14,16,20,21,25,28,30,32,34,35,37,39,40,42,43,46,49,52,53,55,56,57,58,59,60,61,62,63,65,66,68,140,70,73,79,82,83,85,86,88,92,93,94,96,98,99,102,103,105,107,108,109,110,111,112,113,114,117,119,120,122,123,124,125,129,131,133,134,135,136,138,141,147,153,154,155,156,159,161,163,164,165,166,167,169,170,175,179,181,191,192,195,196,204,205,207,208,209
70:0,1,2,5,7,14,18,19,22,24,26,28,30,31,32,33,34,36,38,39,41,42,43,44,45,46,51,52,69,121,71,78,79,81,84,85,86,88,91,96,98,100,101,102,104,105,106,108,109,110,111,113,115,116,118,119,120,122,123,124,130,131,133,134,135,136,138,140,142,143,145,147,148,149,150,153,155,156,157,158,159,160,161,162,163,168,169,173,177,179,180,184,185,186,189,192,195,196,197,198,199,200,201,203,205,207
71:0,4,5,9,14,18,20,22,25,28,29,30,31,33,37,38,39,40,42,44,45,46,51,52,53,55,58,59,61,65,68,70,80,75,76,77,79,81,82,83,86,87,91,92,93,97,98,104,107,108,110,118,119,120,121,124,126,128,129,131,132,134,138,141,142,143,144,146,147,148,151,152,153,154,155,156,159,163,165,167,168,175,178,180,181,182,183,187,188,189,190,195,196,200,202,205,206,207,208,209
72:1,3,4,5,6,11,13,16,17,18,19,20,23,24,26,27,28,30,31,32,35,36,37,39,41,42,43,45,47,49,50,54,55,57,58,59,62,63,64,66,68,171,74,77,85,89,90,92,93,96,97,106,108,109,112,114,115,116,117,118,119,120,123,125,126,128,131,132,133,134,135,137,140,141,144,145,147,149,151,152,154,157,158,161,162,167,168,174,175,176,178,181,182,184,185,186,187,191,193,194,195,205,208
73:2,3,7,12,13,14,17,20,21,25,27,28,30,33,36,37,39,40,48,51,52,55,57,58,60,61,62,63,68,69,117,74,75,80,81,83,85,87,89,90,91,96,97,98,101,105,109,112,113,116,118,121,123,125,131,134,136,139,140,141,145,146,148,151,153,154,155,156,158,165,169,175,176,177,178,179,180,182,186,188,189,192,193,195,201,204,206,207,208,209
74:1,2,4,5,6,7,8,12,13,15,16,18,20,21,22,24,27,33,38,41,44,47,49,50,52,53,54,55,57,59,60,61,72,73,192,75,82,86,87,91,92,95,96,98,99,100,102,103,105,106,107,109,112,114,116,118,120,121,123,125,126,127,131,132,133,136,138,142,144,145,147,148,149,151,153,155,158,159,161,162,164,165,167,168,169,179,184,187,188,189,191,194,195,196,197,199,200,206,209
75:3,4,6,8,10,11,13,16,18,19,20,22,23,26,28,30,34,36,38,43,45,46,54,56,59,60,61,64,65,71,73,74,106,77,78,79,83,84,85,87,92,93,95,98,100,101,102,107,118,121,122,124,125,126,128,131,133,135,139,140,141,148,155,158,159,160,161,164,166,167,168,169,171,177,181,183,187,190,193,194,195,203
76:2,3,5,8,11,12,17,18,19,22,23,26,27,28,32,34,35,37,38,40,41,42,44,47,48,49,51,57,59,61,63,67,71,202,78,82,86,87,88,89,92,97,98,99,102,103,104,105,108,110,111,113,116,119,121,122,123,125,128,129,136,138,139,140,141,142,143,144,145,151,152,153,157,159,162,163,166,167,168,170,171,175,176,177,179,180,181,184,185,187,188,195,198,200,201,206,207,209
77:2,5,6,7,8,9,10,11,14,15,17,19,24,25,27,28,29,30,32,33,36,38,39,44,45,50,52,53,60,64,66,67,71,72,75,195,79,82,83,84,88,91,93,94,98,100,103,104,105,106,112,113,115,117,118,120,121,123,125,126,128,133,136,137,138,139,143,145,147,148,150,154,159,162,163,164,165,172,173,175,176,181,182,189,190,191,192,193,194,198,199,203,204,208
78:6,7,10,11,14,15,16,20,23,25,27,30,31,34,36,38,39,40,42,48,54,55,58,60,61,62,63,64,65,66,68,70,75,76,110,79,82,83,86,87,88,89,93,96,99,101,102,104,105,106,108,109,111,112,115,116,117,118,120,121,122,123,124,125,127,128,130,131,135,139,140,142,144,147,149,150,152,154,155,157,159,160,164,166,169,170,171,173,174,175,176,178,179,180,182,184,186,190,191,192,193,196,198,199,201,202,203,206,209
79:2,4,7,9,12,14,15,16,17,18,19,21,23,25,26,28,29,30,31,33,34,36,38,39,40,41,42,43,44,47,50,51,55,57,58,59,61,63,64,66,67,69,70,71,75,77,78,143,81,82,83,84,86,88,89,93,94,96,98,100,102,103,104,105,106,107,109,110,112,113,115,116,117,118,119,122,124,125,126,130,132,135,138,139,140,141,142,144,148,151,152,153,156,158,160,164,165,166,168,169,174,176,178,180,181,182,184,185,189,190,191,192,197,201,202,203,204,206,207
80:2,3,6,8,9,10,17,21,23,24,27,28,29,30,32,35,39,40,48,54,58,61,62,63,64,65,66,71,73,103,81,83,84,85,86,89,90,91,93,94,95,96,97,98,99,100,104,105,106,108,110,111,112,113,117,118,119,122,126,127,129,130,133,134,137,139,141,146,147,148,149,150,151,153,154,159,161,163,165,166,167,169,175,176,177,184,185,186,187,190,193,194,195,196,197,200,201,204,205,209
81:2,6,7,9,11,13,15,16,17,18,20,22,23,25,28,30,32,33,35,36,38,39,42,43,46,47,48,51,52,53,54,55,56,59,60,61,65,67,70,71,73,79,80,171,82,85,86,88,91,92,93,94,95,103,104,106,108,111,112,116,117,120,121,127,128,132,133,134,135,136,138,140,141,147,148,150,151,153,154,155,157,161,162,164,165,168,169,174,175,177,178,179,180,181,182,183,185,187,188,189,190,192,193,195,196,197,198,199,200,202,203,207,209
82:1,2,3,5,8,10,11,13,18,20,22,23,25,26,27,28,30,34,39,41,49,50,51,54,55,59,62,63,68,69,71,74,76,77,78,79,81,189,83,86,90,91,92,93,95,96,102,103,105,106,109,110,112,113,114,116,117,121,122,124,125,127,133,138,141,143,144,145,150,151,155,156,159,163,164,167,168,171,172,173,174,177,181,182,191,193,195,198,199,201,203,207,208
83:0,2,3,5,7,10,13,14,15,17,18,19,20,22,24,25,26,27,28,29,30,31,32,34,37,38,39,41,44,45,46,47,49,50,53,55,56,61,65,66,67,69,71,73,75,77,78,79,80,82,86,84,87,90,91,93,96,97,100,101,104,107,109,110,111,113,114,116,118,124,126,127,131,132,133,134,136,137,140,142,144,146,147,150,154,155,157,158,161,162,165,166,167,168,171,173,175,178,179,182,183,184,185,187,190,193,194,196,200,202,204,208
84:0,1,4,6,7,10,14,15,18,20,21,22,24,25,26,28,29,30,31,34,35,36,38,39,40,41,42,46,52,53,55,57,60,66,67,70,75,77,79,80,83,112,88,89,91,92,93,94,99,100,102,105,106,108,109,110,113,114,115,118,119,120,125,127,130,134,140,143,145,146,149,151,152,153,154,155,156,158,159,160,161,162,163,164,165,166,169,170,172,175,178,179,185,189,191,195,196,204,206
85:0,1,4,5,6,7,8,9,10,12,14,15,16,17,20,21,22,23,24,25,27,28,31,33,34,37,40,42,45,46,48,49,50,53,54,56,59,60,63,65,69,70,72,73,75,80,81,112,87,93,94,96,98,100,101,102,104,109,111,113,119,122,138,139,141,142,145,149,151,152,153,154,155,157,159,160,161,164,165,166,170,172,173,174,175,176,178,179,181,182,183,186,187,188,192,193,194,203,204,205,209
86:0,1,2,4,5,8,10,11,12,13,14,15,16,17,18,19,22,32,34,37,38,39,43,46,49,50,52,53,54,57,58,59,62,63,65,67,68,69,70,71,74,76,78,79,80,81,82,83,180,87,88,92,93,95,97,98,99,101,103,107,108,115,119,120,123,130,131,133,141,142,143,144,145,146,147,148,151,157,158,159,160,162,164,165,168,169,171,172,173,174,176,177,178,179,182,186,188,189,190,192,193,196,197,199,205,206,207
87:0,2,3,7,9,10,13,14,17,20,26,31,34,35,39,40,42,44,45,46,47,48,49,52,54,55,56,57,60,63,65,67,68,71,73,74,75,76,78,83,85,86,207,90,96,97,98,101,103,105,108,116,117,118,121,125,126,127,131,135,137,138,139,140,141,144,145,146,149,156,158,160,161,163,165,166,167,168,169,175,186,193,195,197,198,200,201,205,208
88:0,1,2,4,6,7,8,9,11,13,15,17,18,19,20,22,26,27,30,35,36,39,41,44,45,49,58,62,63,64,67,69,70,76,77,78,79,81,84,86,123,89,90,95,96,102,103,106,108,110,111,113,114,116,118,119,120,124,126,128,129,131,144,145,148,149,150,151,155,159,160,164,165,168,170,171,172,173,176,177,178,180,181,183,186,188,189,190,191,192,193,196,198,202,203,204,206,207
89:2,4,7,10,11,13,14,16,21,22,23,24,26,27,29,32,34,35,40,41,44,46,48,50,52,56,57,58,60,61,63,64,65,67,68,72,73,76,78,79,80,84,88,206,90,92,93,94,96,97,99,100,104,105,106,107,108,109,111,114,116,117,118,120,121,124,126,127,129,131,133,139,140,142,143,145,151,152,156,158,159,163,164,165,166,167,170,171,173,174,181,182,183,184,187,188,189,190,193,195,197,199,200,201,202,204,208
90:0,1,3,5,6,7,8,9,13,14,16,18,21,24,25,26,28,30,31,36,39,42,43,47,49,51,52,53,54,55,57,58,59,62,63,64,68,72,73,80,82,83,87,88,89,180,92,93,94,99,100,101,107,108,110,111,114,117,121,123,124,125,126,128,130,131,133,135,136,139,140,141,142,145,146,147,148,149,153,156,157,160,162,169,172,173,178,182,185,189,191,192,193,194,197,198,202,205,207
91:3,4,5,6,8,9,10,11,17,21,22,23,24,25,26,27,28,30,31,37,40,44,46,48,50,51,52,55,56,58,59,61,64,65,66,67,70,71,73,74,77,80,81,82,83,84,192,92,94,97,103,104,106,107,109,111,113,114,115,117,118,123,125,129,132,135,137,142,144,145,146,147,148,153,154,157,159,160,161,163,164,165,167,170,171,173,174,177,181,184,186,188,193,194,199,200,202,203,205,206,207,208,209
92:0,3,7,11,23,25,29,30,33,34,39,40,41,43,45,46,47,52,53,54,57,60,63,64,65,66,67,69,71,72,74,75,76,81,82,84,86,89,90,91,155,94,95,99,100,101,104,105,108,109,111,113,114,117,118,119,120,122,124,125,127,128,130,131,132,137,139,140,141,156,160,161,162,164,168,171,172,173,175,176,177,182,184,185,186,187,188,192,193,195,197,201,202,203,209
93:0,1,3,5,6,7,12,13,14,16,19,20,24,25,27,28,30,31,32,33,35,36,37,38,39,41,42,43,44,51,53,57,63,67,69,71,72,75,77,78,79,80,81,82,83,84,85,86,89,90,175,94,95,97,98,100,102,103,108,109,110,112,115,116,117,118,119,121,124,125,126,128,129,130,131,135,136,137,139,142,143,146,147,149,154,155,158,160,161,163,165,166,167,168,169,171,172,173,176,178,181,185,188,189,191,193,196,199,202,203,205,208
94:0,1,2,4,6,7,8,12,13,16,17,20,22,23,24,25,26,27,29,30,31,34,35,38,39,45,47,50,52,53,57,59,60,61,63,64,65,66,68,69,77,79,80,81,84,85,89,90,91,92,93,135,95,99,100,102,104,105,106,108,109,111,112,115,116,117,118,120,121,127,129,132,133,134,136,137,147,151,152,154,155,156,161,164,165,166,167,168,170,171,173,174,178,179,180,181,186,187,189,190,191,195,198,199,202,205,208
95:3,4,7,8,11,12,15,18,19,22,23,24,28,29,30,37,39,40,42,45,46,47,51,52,53,54,59,62,63,64,65,66,67,74,75,80,81,82,86,88,92,93,94,150,96,100,102,103,109,110,112,113,114,115,117,118,121,127,132,133,134,136,140,141,142,143,144,145,147,149,151,152,156,158,159,161,163,164,165,169,171,173,176,178,180,181,182,183,184,185,188,195,196,202,203,206,208,209
96:0,1,3,6,12,13,15,16,17,18,20,22,25,27,31,34,35,36,38,41,42,43,47,48,49,50,51,52,53,55,57,58,60,63,64,66,68,69,70,72,73,74,78,79,80,82,83,85,87,88,89,95,193,97,98,100,101,102,106,108,109,110,112,116,117,118,120,122,126,127,132,134,136,138,139,142,145,146,147,148,149,152,153,157,158,160,162,166,167,170,171,172,173,174,175,180,181,182,184,186,189,190,194,196,197,198,199,203,204,205,206,209
97:0,2,3,4,6,9,10,13,14,15,17,18,19,22,24,25,27,29,30,31,32,33,36,37,38,39,40,43,46,49,51,55,56,58,59,60,63,64,66,71,72,73,76,80,83,86,87,89,91,93,96,159,100,101,103,104,105,109,110,114,116,118,119,120,122,123,125,128,130,132,133,135,137,139,140,142,143,146,147,149,150,151,152,153,154,157,158,165,168,169,173,174,175,178,183,184,186,188,191,192,193,196,198,199,200,202,203,204,208,209
98:0,5,6,9,10,12,13,15,16,20,22,26,29,30,32,33,34,35,36,37,39,42,44,46,48,50,53,55,57,59,61,64,69,70,71,73,74,75,76,77,79,80,85,86,87,93,96,129,99,103,109,111,113,117,118,119,121,122,131,132,134,135,137,138,139,140,144,145,147,148,149,150,152,153,154,158,159,160,161,162,172,174,175,176,179,182,183,186,188,190,199,202,203,205,208
99:1,5,6,7,9,11,12,14,16,19,20,22,23,26,27,29,31,33,40,41,43,44,45,46,47,49,50,53,55,59,60,61,62,63,64,69,74,76,78,80,84,86,89,90,92,94,98,181,100,103,105,106,107,108,109,110,111,112,115,116,117,118,120,121,125,129,130,131,134,138,139,140,141,142,147,150,152,153,155,157,158,161,164,166,167,169,170,172,176,182,183,185,187,188,190,191,195,200,201,202,204,205,206,207,208,209
100:0,2,5,7,9,12,16,18,19,21,25,26,27,28,33,36,37,41,42,47,49,51,53,55,58,59,63,64,65,66,67,68,70,74,75,77,79,80,83,84,85,89,90,92,93,94,95,96,97,99,161,101,102,106,107,110,111,113,119,125,127,129,130,134,137,138,139,141,142,143,144,149,154,155,156,158,162,163,164,169,170,171,172,173,176,178,182,183,188,190,193,195,196,197,198,199,200,201,203,204,205,206,208,209
101:0,3,5,7,8,11,13,17,18,19,20,22,26,27,29,31,32,34,35,36,38,39,42,45,47,51,53,61,62,64,65,68,70,73,75,78,83,85,86,87,90,92,96,97,100,172,105,107,108,109,111,112,114,115,116,117,118,121,122,124,125,126,127,128,129,131,136,138,140,141,143,144,146,147,149,151,152,153,155,156,165,168,169,170,171,174,177,178,182,184,188,189,190,191,195,197,200,201,203,204,206,209
102:0,2,4,6,7,13,14,15,16,18,19,20,21,22,23,24,26,28,29,32,33,34,35,36,43,45,50,54,55,56,58,59,61,62,63,64,65,69,70,74,75,76,78,79,82,84,85,88,93,94,95,96,100,144,103,104,105,107,108,109,115,116,117,119,121,122,123,125,126,128,129,132,133,134,136,137,138,139,146,147,148,149,150,151,152,153,154,159,160,164,166,173,175,176,177,179,185,191,193,194,197,201,203,206,207,208
103:1,2,3,4,6,7,11,13,14,17,20,25,30,32,33,38,40,41,42,44,47,48,51,53,59,60,62,64,66,68,69,74,76,77,79,80,81,82,86,87,88,91,93,95,97,98,99,102,203,107,108,109,110,113,114,116,117,118,124,129,130,132,135,136,137,140,141,142,143,147,149,151,154,158,163,168,169,172,174,175,177,178,181,184,185,187,189,197,199,200,204,205,206,207
104:0,1,3,4,10,11,12,13,15,20,22,24,26,28,29,30,31,33,35,36,37,40,41,42,44,49,50,51,52,54,56,58,62,66,68,70,71,76,77,78,79,80,81,83,85,89,91,92,94,97,102,202,106,108,109,111,113,115,116,122,124,126,127,128,129,132,133,134,138,140,143,149,152,153,156,158,159,160,166,167,169,173,175,176,177,178,180,183,184,187,189,190,192,199,206,209
105:4,5,6,8,10,12,17,21,22,23,24,25,26,28,29,31,33,36,37,38,39,40,42,44,45,46,48,49,55,57,60,61,64,65,67,68,69,70,73,74,76,77,78,79,80,82,84,87,89,92,94,97,99,101,102,158,109,110,113,114,115,119,121,124,127,128,130,131,132,133,134,135,137,145,146,151,152,153,155,156,157,161,163,165,166,168,170,171,173,174,179,180,181,184,190,193,194,202,207,209
106:0,2,4,5,7,8,9,10,12,13,14,15,16,17,18,21,23,24,28,29,33,39,42,43,44,47,49,52,53,54,55,58,59,60,61,64,66,68,70,72,74,75,77,78,79,80,81,82,84,88,89,91,94,96,99,100,104,189,109,110,113,117,119,123,132,135,139,140,141,145,146,148,150,151,153,154,156,157,159,160,162,163,165,167,168,172,173,174,176,179,180,181,182,183,184,186,187,194,195,198,199,201,204,205,207,209
107:1,4,5,6,8,9,10,12,13,14,15,16,17,18,23,26,27,29,31,32,35,36,39,43,46,47,48,49,50,51,52,53,56,57,58,62,64,65,66,69,71,74,75,79,83,86,89,90,91,99,100,101,102,103,131,108,110,111,113,114,116,118,121,122,123,129,132,133,135,136,137,138,139,140,143,144,145,146,147,152,153,154,155,157,160,161,164,165,168,169,171,173,174,176,178,183,190,192,193,194,203,204,205,207
108:0,1,3,4,6,7,8,9,10,12,13,15,16,19,20,22,24,26,27,29,30,31,36,37,38,39,43,44,45,48,51,56,57,58,59,60,61,62,63,69,70,71,72,76,78,80,81,84,86,87,88,89,90,92,93,94,96,99,101,102,103,104,107,162,109,112,113,115,116,117,121,122,124,125,127,128,129,130,131,132,135,136,141,142,145,148,149,151,153,156,159,160,161,165,166,170,172,174,175,178,180,181,182,183,184,185,189,195,196,197,202,204,205,207
109:0,1,4,6,7,8,12,13,14,15,17,18,19,20,23,25,27,31,32,34,38,39,41,45,46,47,49,53,57,58,59,60,63,64,65,68,69,70,72,73,74,78,79,82,83,84,85,89,91,92,93,94,95,96,97,98,99,101,102,103,104,105,106,108,183,112,119,123,124,126,127,129,131,132,133,136,139,140,148,149,150,151,154,155,157,160,161,162,163,165,167,168,169,172,176,181,182,185,189,193,194,197,198,200,202,204,207,209
110:0,2,8,11,15,17,19,21,25,27,28,30,31,32,34,37,39,44,45,51,54,55,62,63,64,65,68,69,70,71,76,78,79,80,82,83,84,88,90,93,95,96,97,99,100,103,105,106,107,131,115,117,118,123,125,126,127,128,136,137,138,139,140,142,144,146,147,150,152,153,154,155,156,157,160,161,162,163,165,168,169,170,171,174,176,178,179,180,181,182,183,184,186,190,191,192,194,201,203,204,209
111:0,1,2,3,7,8,11,12,13,17,18,19,25,26,28,29,30,36,37,40,41,42,43,45,47,48,51,54,56,58,60,61,64,69,70,76,78,80,81,83,85,88,89,90,91,92,94,98,99,100,101,104,107,150,112,113,118,119,120,121,125,128,130,132,133,134,135,136,141,142,143,144,145,146,152,153,155,157,158,163,168,171,173,176,177,178,181,183,184,185,186,189,190,193,194,195,196,198,200,201,206,208,209
112:1,2,4,5,12,13,16,19,21,22,23,25,26,28,29,31,32,34,35,37,38,39,40,44,45,47,49,52,53,58,59,60,61,62,63,64,66,67,69,72,73,74,77,78,79,80,81,82,84,85,93,94,95,96,99,101,108,109,111,151,113,116,118,120,122,123,124,125,127,130,134,135,136,138,140,142,143,145,148,149,153,156,158,159,160,163,165,169,170,171,173,174,176,179,185,186,190,191,192,194,195,199,201,202,203,208
113:0,2,4,7,11,12,13,19,23,28,29,31,32,35,36,38,40,42,44,46,47,49,50,52,54,55,60,63,64,65,66,67,68,69,70,73,76,77,79,80,82,83,84,85,88,91,92,95,98,100,103,104,105,106,107,108,111,112,175,114,117,118,119,122,126,131,132,133,135,136,137,138,142,144,146,149,150,152,155,159,162,163,164,166,167,168,170,171,176,178,181,182,184,186,187,188,193,197,198,200,201,206,208,209
114:3,4,9,14,15,23,28,29,34,35,36,37,41,42,44,45,46,51,56,57,62,63,65,67,68,69,72,74,82,83,84,88,89,90,91,92,95,97,101,103,105,107,113,173,118,119,122,128,129,130,135,143,148,150,152,153,154,159,161,162,163,165,166,168,169,170,171,174,175,181,182,183,184,185,188,189,195,199,201,204,205,206,207,209
115:0,1,2,3,4,14,16,17,19,20,21,22,24,25,26,27,28,29,32,33,36,38,39,44,45,48,49,50,54,55,57,58,60,64,66,70,72,77,78,79,84,86,91,93,94,95,99,101,102,104,105,108,110,201,119,123,124,125,126,128,129,130,134,136,138,141,143,146,147,149,150,151,152,153,154,156,160,161,166,167,168,171,172,173,175,177,179,181,183,185,186,189,191,193,196,198,199,200,206,207,209
116:3,5,6,7,8,9,10,12,13,15,17,18,19,21,23,27,28,29,31,32,36,41,43,46,47,51,52,53,54,55,57,58,59,60,62,63,64,65,66,70,72,73,74,76,78,79,81,82,83,87,88,89,93,94,96,97,99,101,102,103,104,107,108,112,154,117,119,120,124,125,127,129,130,141,142,143,148,149,151,153,155,157,158,159,165,168,169,170,171,175,178,181,182,183,188,190,192,193,195,196,197,198,203,207,208,209
117:0,1,3,9,12,18,20,22,24,25,26,29,30,31,34,36,38,39,41,43,48,49,50,51,52,54,56,61,62,63,64,65,67,68,69,72,73,77,78,79,80,81,82,87,89,90,91,92,93,94,95,96,98,99,101,102,103,106,108,110,113,116,185,124,126,127,128,131,132,135,136,138,139,140,141,142,147,148,151,152,155,156,158,159,162,163,166,167,168,169,172,173,174,175,176,180,181,183,184,187,188,193,194,196,199,202,204,206,208
118:1,2,5,13,14,16,19,21,25,31,33,34,35,36,37,38,39,40,42,43,47,48,52,56,62,63,64,65,66,67,68,70,71,72,73,74,75,77,78,79,80,83,84,87,88,89,91,92,93,94,95,96,97,98,99,101,103,107,110,111,112,113,114,205,119,121,123,124,125,129,130,133,134,137,139,142,145,147,150,151,153,154,155,162,164,167,169,170,173,175,176,178,179,184,186,187,191,193,194,201,202,203,204,206,209
119:3,4,5,6,8,10,13,15,16,22,23,25,26,27,31,37,38,39,41,47,48,50,52,54,55,59,62,63,64,65,67,68,69,70,71,72,76,79,80,84,85,86,88,92,93,97,98,100,102,105,106,109,111,113,114,115,116,118,209,121,122,125,126,127,128,129,131,132,135,137,142,143,144,145,147,148,149,150,151,152,153,154,155,157,159,160,163,164,167,171,172,175,176,177,180,182,183,184,186,188,194,195,201,202,203,206,207,208
120:1,2,4,8,10,11,12,13,16,18,21,22,23,24,26,27,28,30,32,33,34,36,37,39,40,41,42,43,44,46,51,52,54,60,61,64,68,69,70,71,72,74,77,78,81,84,86,88,89,92,94,96,97,99,111,112,116,160,121,122,127,129,132,134,135,137,141,143,147,148,150,153,154,157,158,164,166,170,173,174,177,178,179,180,182,184,188,190,191,193,194,195,196,199,200,201,202,205,208,209
121:0,2,4,5,6,7,9,11,14,15,16,19,20,21,26,28,30,31,32,35,38,40,41,43,44,47,48,49,50,52,55,56,57,59,64,65,66,67,68,70,71,73,74,75,76,77,78,81,82,87,89,90,93,94,95,98,99,101,102,105,107,108,111,118,119,120,175,123,128,129,130,131,134,135,141,142,145,146,147,149,150,153,156,157,160,164,165,166,167,168,169,171,172,173,177,178,182,183,185,186,187,190,191,192,194,195,196,197,198,203,204,205,207,209
122:5,7,8,11,16,17,18,19,20,21,24,26,28,30,31,34,35,37,41,42,43,44,45,46,47,52,54,55,57,59,60,68,69,70,75,76,78,79,80,82,85,92,96,97,98,101,102,104,107,108,112,113,114,119,120,208,124,125,126,127,130,133,136,137,140,142,146,147,148,150,151,153,154,156,158,159,164,166,168,169,171,172,175,176,186,187,190,196,197,198,199,200,202,203,205
123:2,7,8,9,10,12,14,15,17,18,19,23,25,27,31,35,36,37,40,41,43,46,48,50,51,53,54,55,62,68,69,70,72,73,74,76,77,78,86,88,90,91,97,102,106,107,109,110,112,115,118,121,146,124,125,128,132,133,134,136,137,139,140,142,143,145,147,148,150,151,152,153,155,160,162,163,165,168,169,170,171,175,176,178,179,180,182,184,186,192,194,196,202,203,208
124:1,4,5,6,9,11,12,13,17,20,21,23,25,26,27,32,34,35,36,37,41,42,45,46,47,48,51,52,54,55,59,61,62,69,70,71,75,78,79,82,83,88,89,90,92,93,101,103,104,105,108,109,112,115,116,117,118,122,123,168,127,129,132,133,134,135,137,139,141,142,144,147,148,149,154,156,157,161,165,166,169,171,173,174,175,178,181,182,184,185,187,191,193,194,196,204,206,207,208,209
125:1,2,5,6,8,9,11,13,14,19,21,24,27,28,30,31,36,37,38,40,41,42,44,45,52,53,56,59,62,68,69,72,73,74,75,76,77,78,79,82,84,87,90,91,92,93,97,99,100,101,102,108,110,111,112,115,116,118,119,122,123,199,127,128,130,138,139,142,144,146,148,150,155,158,162,164,166,167,170,171,176,177,180,182,183,185,186,188,192,195,196,201,203,208
126:0,1,9,10,11,13,14,15,18,21,22,24,25,27,29,32,38,39,41,43,45,52,53,54,57,58,60,61,62,63,64,65,66,67,68,71,72,74,75,77,79,80,83,87,88,89,90,93,96,101,102,104,109,110,113,115,117,119,122,190,128,129,131,132,136,137,138,139,141,142,143,145,146,148,149,150,151,155,156,159,160,162,164,167,171,175,176,177,178,179,183,184,187,189,192,194,195,197,198,199,201,205,206,207,208,209
127:2,3,5,9,11,12,15,17,18,23,25,26,28,32,33,34,36,37,39,42,44,45,48,54,55,58,60,63,64,66,67,74,78,80,81,82,83,84,87,89,92,94,95,96,100,101,104,105,108,109,110,112,116,117,119,120,122,124,125,130,129,132,133,134,136,140,141,142,146,148,149,150,151,152,153,154,155,156,157,158,161,162,165,167,170,171,174,175,177,181,182,188,191,194,195,200,201,202,208
128:3,6,9,10,11,12,15,16,18,20,23,24,26,27,30,35,36,39,43,44,45,46,48,51,54,55,59,62,63,64,67,71,72,75,76,77,78,81,88,90,92,93,97,101,102,104,105,108,110,111,114,115,117,119,121,123,125,126,203,132,133,134,136,137,138,139,141,144,145,147,149,150,156,157,161,162,163,164,167,170,171,173,177,178,180,181,182,184,185,186,188,198,201,202,204,209
129:0,1,3,6,9,10,12,13,14,15,19,21,22,25,27,30,34,35,36,37,38,39,41,43,44,45,46,47,48,49,52,54,56,58,59,60,67,68,69,71,76,80,88,89,91,93,94,98,99,100,101,102,103,104,107,108,109,114,115,116,118,119,120,121,124,126,127,196,130,132,135,136,139,140,141,143,146,149,151,152,153,155,156,157,160,165,166,167,174,176,178,181,182,184,187,190,191,193,194,195,198,200,204,206,209
130:1,6,10,12,13,14,15,16,18,21,23,24,28,31,32,33,35,36,37,39,40,45,46,47,48,50,53,55,58,59,60,63,65,66,67,70,78,79,80,84,86,90,92,93,97,99,100,103,105,108,111,112,114,115,116,118,121,122,125,127,129,191,131,132,133,136,138,139,141,142,144,146,148,151,154,155,158,160,161,162,166,168,169,171,173,175,176,185,187,188,194,197,201,202,203,204,206,207
131:1,2,3,4,5,6,7,8,9,10,12,14,18,21,25,28,30,34,35,38,39,40,41,44,45,46,47,48,49,50,51,54,56,57,59,60,64,65,66,67,69,70,71,72,73,74,75,78,83,86,87,88,89,90,92,93,98,99,101,105,107,108,109,110,113,117,119,121,126,130,169,134,135,137,138,141,142,143,146,148,150,153,154,156,159,160,164,165,166,167,168,172,173,177,178,179,180,181,183,184,186,189,193,194,195,201,202,204
132:4,6,7,8,10,12,13,15,17,18,19,20,21,24,25,29,33,34,37,38,39,42,43,44,47,50,51,52,53,55,58,60,62,63,64,66,71,72,74,79,81,83,91,92,94,95,96,97,98,102,103,104,105,106,107,108,109,111,113,117,119,120,123,124,126,127,128,129,130,175,133,134,136,138,139,140,142,143,149,150,152,153,154,156,160,161,162,163,164,165,167,168,169,170,171,176,177,178,187,188,190,191,193,197,198,199,200,203,205,206,207,208,209
133:4,5,6,8,10,14,17,24,25,26,28,30,32,33,35,36,37,38,40,41,42,43,47,48,53,55,56,57,58,64,65,67,69,70,72,74,75,77,80,81,82,83,86,89,90,94,95,97,102,104,105,107,109,111,113,118,122,123,124,127,128,130,132,174,135,138,139,140,141,142,143,144,145,146,147,148,150,153,154,156,160,164,167,168,169,175,176,178,179,184,185,186,187,188,189,190,193,194,197,199,201,205,207
134:1,6,7,9,12,14,18,19,20,21,22,23,24,26,28,32,33,34,37,38,39,40,42,45,47,48,49,52,56,63,64,69,70,71,72,73,80,81,83,84,94,95,96,98,99,100,102,104,105,111,112,115,118,120,121,123,124,127,128,131,132,193,137,139,141,142,143,144,145,146,148,151,153,160,161,162,163,166,168,170,178,180,181,182,184,186,187,188,189,195,199,200,204,208,209
135:0,2,3,8,9,10,13,23,27,28,30,31,35,36,46,52,55,56,58,65,66,68,69,70,72,75,78,79,81,87,90,91,93,94,97,98,103,105,106,107,108,111,112,113,114,117,119,120,121,124,129,131,133,194,136,139,142,144,146,147,149,155,156,158,161,162,165,168,169,170,177,180,181,183,184,185,187,189,192,193,197,198,200,204,205,209
136:0,1,2,6,7,8,9,12,14,19,23,25,26,27,28,33,35,36,37,40,42,44,45,46,48,50,51,52,54,57,59,60,61,62,68,69,70,73,74,76,77,81,83,90,93,94,95,96,101,102,103,107,108,109,110,111,112,113,115,117,122,123,126,127,128,129,130,132,135,181,138,144,148,151,152,155,157,158,159,160,162,163,164,165,167,171,173,174,176,178,179,180,182,183,187,188,191,192,193,194,196,198,199,200,201
137:0,2,4,9,10,11,12,13,14,15,18,19,21,22,23,31,32,35,40,41,42,43,46,50,51,52,54,55,56,57,58,60,61,63,65,66,72,77,80,83,87,91,92,93,94,97,98,100,102,103,105,107,110,113,118,119,120,122,123,124,126,128,131,134,188,139,140,141,142,143,146,148,150,151,154,159,162,163,165,168,172,173,175,176,178,180,182,184,185,187,189,194,195,196,197,198,199,203,205,208
138:1,2,4,5,6,7,8,11,20,24,27,28,29,30,31,34,36,39,41,43,45,46,47,48,50,53,54,55,58,64,67,69,70,71,74,76,77,79,81,82,85,87,96,98,99,100,101,102,104,107,110,112,113,115,117,125,126,128,130,131,132,133,136,142,141,144,147,149,151,152,153,154,155,156,158,162,163,164,167,168,169,171,176,178,181,182,185,186,187,188,189,191,192,193,195,196,199,200,201,202,203,207,209
139:1,2,3,4,5,7,8,9,11,14,16,19,22,28,35,40,43,46,52,53,55,58,59,60,61,65,66,67,73,75,76,77,78,79,80,85,87,89,90,92,93,96,97,98,99,100,102,106,107,109,110,117,118,123,124,125,126,128,129,130,132,133,134,135,137,163,143,148,149,151,157,159,161,162,165,169,172,178,183,185,186,189,193,194,195,197,198,202,203,204,206,207,208,209
140:1,7,8,11,12,14,18,19,20,23,24,25,29,32,33,37,38,39,42,47,51,52,53,56,59,61,62,68,69,70,72,73,75,76,78,79,81,83,84,87,89,90,92,95,97,98,99,101,103,104,106,107,109,110,112,117,122,123,127,129,132,133,137,180,142,144,146,147,148,150,151,153,159,161,163,165,166,167,169,170,172,176,177,178,182,183,184,185,187,188,190,193,195,198,199,200,203,204,207
141:0,1,3,4,6,8,9,13,14,15,16,17,18,19,20,21,23,24,25,26,27,28,30,31,34,38,39,40,41,42,45,46,47,48,49,51,52,53,54,56,57,62,63,64,67,68,69,71,72,73,75,76,79,80,81,82,85,86,87,90,92,95,99,100,101,103,106,108,111,115,116,117,120,121,124,126,127,128,129,130,131,133,134,137,138,159,145,149,150,152,154,155,156,158,162,163,165,167,169,172,173,175,178,179,182,184,186,192,193,198,199,200,201,202,203,204,208
142:0,2,10,13,14,19,22,25,27,28,29,30,32,33,34,37,41,42,43,45,47,48,50,54,57,58,60,61,63,64,65,66,70,71,74,76,78,79,83,85,86,89,90,91,93,95,96,97,99,100,103,108,110,111,112,113,116,117,118,119,121,122,123,124,125,126,127,130,131,132,133,134,135,137,138,140,147,143,145,149,152,153,154,157,160,164,165,166,167,168,169,170,171,173,175,179,181,182,183,184,187,188,196,198,200,204
143:1,2,3,7,8,9,10,11,12,14,15,16,18,21,22,23,24,26,28,31,33,34,35,39,40,42,43,45,46,47,51,54,55,57,59,60,61,62,63,64,65,70,71,76,77,79,82,84,86,89,93,95,97,100,101,103,104,107,111,112,114,115,116,119,120,123,126,129,131,132,133,134,137,139,142,170,144,145,148,150,151,152,153,154,155,157,158,159,164,166,167,169,171,174,175,176,177,178,182,184,185,186,187,189,192,193,195,197,201,206
144:4,6,7,8,13,14,15,16,19,21,24,25,26,28,29,31,36,44,45,48,50,52,53,57,62,63,64,65,66,68,71,72,74,76,78,79,82,83,86,87,88,91,95,98,100,101,102,107,110,111,113,119,124,125,128,130,133,134,135,136,138,140,143,207,145,146,147,150,151,152,153,155,156,157,159,160,162,165,167,172,174,175,176,178,179,180,181,182,183,185,186,188,191,192,194,195,198,199,203,208,209
145:1,2,3,6,7,8,9,10,13,15,16,17,19,20,21,22,23,24,28,29,30,31,33,34,35,36,39,40,41,42,44,45,46,47,48,51,52,55,56,57,58,59,60,61,62,70,72,73,74,76,77,82,84,85,86,87,88,89,90,91,95,96,98,105,106,107,108,111,112,118,119,121,123,126,128,133,134,141,142,143,144,195,146,147,148,151,155,158,162,165,167,168,169,170,171,177,178,179,180,182,183,185,186,189,194,200,202,203,205,206,208,209
146:0,2,5,9,12,13,17,18,19,22,23,24,26,27,29,30,33,34,36,40,43,45,46,47,51,53,54,55,56,61,62,65,66,71,73,80,83,84,86,87,90,91,93,96,97,101,102,105,106,107,110,111,113,115,121,122,123,125,126,127,129,130,131,133,134,135,137,140,144,145,192,149,150,151,152,153,154,156,158,160,161,168,169,173,174,178,180,182,186,187,189,190,194,196,197,200,202,203,204,206
147:1,6,9,12,13,14,19,21,23,24,26,27,28,29,31,32,34,37,40,41,43,44,45,51,52,55,56,57,58,61,65,67,69,70,71,72,74,77,78,80,81,83,86,90,91,93,94,95,96,97,98,99,101,102,103,107,110,115,117,118,119,120,121,122,123,124,128,133,135,138,140,142,144,145,186,149,151,152,156,157,158,159,162,164,168,174,176,177,178,179,180,181,182,184,194,195,196,197,200,204,208
148:9,10,11,12,16,17,18,20,21,22,24,25,27,29,32,35,36,37,38,42,43,47,48,50,51,53,56,57,58,59,63,64,67,70,71,73,74,75,77,79,80,81,86,88,90,91,96,98,102,106,108,109,112,114,116,117,119,120,122,123,124,125,126,127,130,131,133,134,136,137,139,140,143,145,174,149,152,154,155,157,159,163,164,167,169,170,171,172,173,179,181,182,183,184,185,186,187,188,192,193,195,196,197,199,200,201,202,205,206,207
149:1,2,3,4,5,6,8,10,13,14,15,16,20,24,29,32,33,34,36,37,38,42,44,45,46,47,49,51,55,56,57,59,61,62,64,65,66,70,72,74,78,80,84,85,87,88,90,93,95,96,97,98,100,101,102,103,104,108,109,112,113,115,116,119,121,124,126,127,128,129,132,135,138,139,141,142,146,147,148,154,151,152,153,155,160,162,164,167,168,170,171,172,173,174,178,182,183,184,186,188,189,191,193,194,195,196,197,199,208,209
150:1,3,4,7,8,11,13,15,19,21,23,30,32,33,34,36,37,39,42,43,44,45,46,47,48,50,52,54,55,58,62,63,66,70,77,78,80,81,82,83,88,95,97,98,99,102,106,109,110,111,113,114,115,118,119,120,121,122,123,125,126,127,128,131,132,133,137,140,141,143,144,146,160,151,152,154,157,158,159,164,165,166,168,169,170,178,181,182,183,184,186,188,191,192,197,199,200,201,204,209
151:0,1,7,8,12,13,14,16,18,24,25,28,29,30,32,33,34,35,36,37,42,43,44,45,46,47,48,49,54,55,56,58,59,64,66,67,68,71,72,73,74,76,79,80,81,82,84,85,86,88,89,94,95,97,101,102,103,105,106,108,109,112,115,116,117,118,119,122,123,126,127,129,130,134,136,137,138,139,140,143,144,145,146,147,149,150,161,153,154,155,156,160,164,165,167,169,170,171,173,174,175,177,178,179,182,185,187,189,190,191,193,195,196,198,200,203,204
152:3,10,12,15,16,17,19,20,21,22,23,29,30,31,33,34,37,38,39,42,43,45,46,48,49,51,54,58,59,60,62,65,66,67,71,72,76,78,79,84,85,89,94,95,96,97,98,99,101,102,104,105,107,110,111,113,114,115,117,119,123,127,129,132,136,138,141,142,143,144,146,147,148,149,150,167,153,154,156,157,159,160,161,162,164,166,169,170,171,172,173,174,175,176,177,178,179,185,187,188,191,193,201,202,208,209
153:2,5,12,13,17,21,22,23,24,27,28,29,30,35,39,40,47,48,50,52,61,66,67,68,69,70,71,73,74,76,79,80,81,84,85,90,91,96,97,98,99,101,102,104,105,106,107,108,110,111,112,114,115,116,118,119,120,121,122,123,127,129,131,132,133,134,138,140,142,143,144,146,149,151,152,198,155,159,163,167,169,172,175,177,178,179,180,181,183,184,185,187,189,191,193,197,201,202,205
154:0,2,3,5,6,8,9,12,13,19,20,21,22,23,24,25,27,31,32,33,34,37,50,53,56,58,60,61,62,63,64,67,68,69,71,72,73,77,78,80,81,83,84,85,91,93,94,97,98,100,102,103,106,107,109,110,114,115,116,118,119,120,122,124,127,130,131,132,133,137,138,141,142,143,146,148,149,150,151,152,167,155,156,157,158,159,165,166,168,169,171,172,174,177,178,179,181,182,183,189,190,191,193,195,201,202,204
155:2,5,6,7,15,17,19,21,22,28,30,31,32,34,35,38,42,43,45,47,48,49,50,56,57,59,63,64,66,69,70,71,73,74,75,78,81,82,83,84,85,88,92,93,94,99,100,101,105,107,109,110,111,113,116,117,118,119,123,125,126,127,129,130,135,136,138,141,143,144,145,148,149,151,153,154,197,158,161,162,166,167,168,174,175,177,178,180,181,184,186,187,189,190,192,196,198,199,200,201,204,205,209
156:0,5,6,7,9,11,12,14,15,16,17,18,19,20,24,29,31,32,34,35,37,38,39,40,41,43,44,45,46,47,52,53,54,55,56,57,58,60,61,68,69,70,71,73,79,82,84,87,89,90,92,94,95,100,101,104,105,106,108,110,112,115,117,121,122,124,126,127,128,129,131,132,133,135,138,141,144,146,147,151,152,154,199,158,160,161,162,164,165,167,169,176,178,181,183,186,187,189,190,191,193,194,196,200,202,203,207,209
157:3,5,7,8,9,11,12,14,15,16,17,18,19,27,29,30,31,33,35,37,42,44,47,52,57,60,61,62,67,68,70,72,76,78,81,83,85,86,90,91,96,97,99,105,106,107,109,110,111,116,119,120,121,124,127,128,129,136,139,142,143,144,147,148,150,152,154,192,162,164,166,167,169,170,171,173,174,175,178,182,186,188,189,191,193,195,196,198,199,204,205,206,207
158:0,2,3,6,12,14,15,16,19,21,22,23,25,26,28,30,33,34,35,36,37,39,40,42,47,50,51,52,53,56,59,62,63,65,66,70,72,73,74,75,79,83,84,86,87,89,93,95,96,97,98,99,100,103,104,105,111,112,116,117,120,122,125,127,130,135,136,138,141,143,145,146,147,150,154,155,156,167,159,160,162,166,169,171,172,173,174,178,179,180,182,183,184,185,187,192,193,195,196,198,201,202,203,204,207,208
159:0,2,7,10,11,17,18,19,21,23,26,27,31,32,36,37,39,40,42,44,45,46,47,48,49,50,52,53,54,56,57,58,60,61,63,64,66,68,69,70,71,74,75,76,77,78,80,82,84,85,86,88,89,91,95,97,98,102,104,106,108,112,113,114,116,117,119,122,126,131,136,137,139,140,141,143,144,147,148,150,152,153,154,158,173,160,161,162,163,165,166,167,168,169,171,172,180,181,182,184,191,192,194,195,196,200,202,204,205,206,207
160:0,1,2,3,4,5,8,16,17,20,24,25,27,28,29,30,39,40,42,44,45,48,49,50,51,54,55,60,61,62,63,64,66,68,70,75,78,79,84,85,86,87,88,90,91,92,93,96,98,102,104,106,107,108,109,110,112,115,119,120,121,123,126,129,130,131,132,133,134,136,142,144,146,149,150,151,152,156,158,159,171,161,162,165,166,167,168,169,172,173,174,176,178,180,182,183,186,191,193,196,197,198,199,201,202,204,206,207,209
161:0,1,2,3,6,9,10,13,15,18,19,21,22,23,24,26,29,30,31,32,33,34,35,36,37,43,44,45,48,49,50,51,52,55,57,60,62,68,69,70,72,74,75,80,81,83,84,85,87,91,92,93,94,95,98,99,100,105,107,108,109,110,114,115,124,127,128,130,132,134,135,139,140,146,151,152,155,156,159,160,175,162,165,169,172,173,179,181,182,183,186,187,189,192,194,197,198,203,205,207,209
162:2,3,4,6,9,10,11,12,14,18,20,23,26,32,33,36,37,38,39,46,47,51,58,61,64,70,72,74,76,77,81,83,84,86,90,92,96,98,100,106,108,109,110,113,114,117,118,123,125,126,127,128,130,132,134,135,136,137,138,139,141,144,145,147,149,152,155,156,157,158,159,160,161,169,164,165,167,168,170,171,175,177,179,180,186,188,190,191,195,200,201,202,204,206,207,208
163:2,3,5,7,10,13,14,17,18,19,20,24,26,28,29,31,32,33,34,35,36,37,39,40,42,44,49,51,53,54,56,57,58,62,64,66,67,69,70,71,76,77,80,82,84,87,89,91,93,95,100,103,105,106,109,110,111,112,113,114,117,119,123,128,132,134,136,137,138,139,140,141,148,153,159,193,164,167,168,169,172,173,174,176,184,185,188,190,194,196,198,201,203,204,206,207,209
164:0,3,4,5,6,9,12,15,18,21,24,25,28,29,32,35,36,37,38,39,41,43,45,49,50,52,53,57,62,63,64,65,66,67,69,74,75,77,78,79,81,82,84,85,86,88,89,91,92,94,95,99,100,102,107,113,118,119,120,121,122,125,126,128,131,132,133,136,138,142,143,147,148,149,150,151,152,156,157,162,163,166,167,169,174,178,179,181,185,186,187,190,194,198,199,200,201,202,203,204,207,208,209
165:1,2,4,5,6,8,11,12,14,16,17,18,19,21,22,24,25,26,27,28,29,30,32,34,37,38,40,41,42,45,46,47,54,55,60,62,64,65,68,69,71,73,74,77,79,80,81,83,84,85,86,87,88,89,91,93,94,95,97,101,105,106,107,108,109,110,112,114,116,121,123,124,127,129,131,132,135,136,137,139,140,141,142,144,145,150,151,154,156,159,160,161,162,167,166,168,172,174,175,176,177,181,182,184,186,189,190,192,193,195,196,197,202,203,205,206,208,209
166:2,3,4,5,6,7,10,13,15,16,18,22,28,30,31,35,36,38,39,41,42,43,46,50,51,52,55,56,58,60,63,66,69,75,76,78,79,80,83,84,85,87,89,93,94,96,99,102,104,105,108,113,114,115,117,120,121,122,124,125,129,130,131,134,140,142,143,150,152,154,155,157,158,159,160,164,165,204,168,170,171,177,179,181,183,186,188,189,190,195,197,199,203,206,209
167:0,1,4,9,11,16,18,19,21,24,29,30,32,34,37,39,40,42,43,44,45,48,51,52,53,54,56,57,58,60,62,66,69,71,72,74,75,76,80,82,83,87,89,91,93,94,96,99,104,106,109,113,115,117,118,119,121,125,126,127,128,129,131,132,133,136,138,140,141,142,143,144,145,148,149,151,152,153,154,155,156,157,158,159,160,162,163,164,165,201,169,170,171,172,174,175,178,179,181,182,184,185,187,190,191,193,196,197,198,199,202,203,204,206,209
168:1,2,7,9,10,13,14,15,18,20,22,25,27,29,31,32,34,35,36,37,38,43,45,46,47,48,49,50,51,54,56,60,62,63,64,66,70,71,72,74,75,76,79,81,82,83,86,87,88,92,93,94,97,101,103,105,106,107,109,110,111,113,114,115,116,117,121,122,123,124,130,131,132,133,134,135,137,138,142,145,146,147,149,150,154,155,159,160,162,163,165,166,175,169,170,172,174,180,182,183,187,188,190,191,193,194,196,197,199,200,201,205,206,207
169:3,4,7,8,9,11,13,14,15,16,19,21,22,24,25,27,28,31,34,37,38,39,40,42,43,45,46,47,48,50,53,54,56,59,64,67,68,69,70,73,74,75,78,79,80,81,84,86,87,90,93,95,97,99,100,101,103,104,107,109,110,112,114,116,117,118,121,122,123,124,130,131,132,133,135,138,139,140,141,142,143,145,146,148,150,151,152,153,154,156,157,158,159,160,161,162,163,164,167,168,201,170,172,174,175,177,178,179,181,184,185,186,187,188,189,190,194,197,199,200,203,204,206,209
170:0,1,2,3,4,6,9,11,14,15,23,24,25,26,28,30,31,32,34,35,40,42,46,47,49,52,53,58,59,60,62,63,64,69,76,78,84,85,88,89,91,94,96,99,100,101,105,108,110,112,113,114,116,118,120,123,125,127,128,132,134,135,140,142,143,145,148,149,150,151,152,157,162,166,167,168,169,207,171,176,177,181,184,186,187,189,192,193,194,196,197,198,200,201,202,203,204,205,206,209
171:1,2,5,6,10,12,14,15,16,17,18,22,25,26,28,31,32,33,34,35,37,38,39,40,41,43,45,47,49,50,51,53,57,60,65,68,72,75,76,78,81,82,83,86,88,89,91,92,93,94,95,96,100,101,105,107,110,111,112,113,114,115,116,119,121,122,123,124,125,126,127,128,130,132,136,138,142,143,145,148,149,151,152,154,157,158,159,160,162,166,167,170,188,174,175,179,180,181,184,185,186,191,193,194,195,197,200,201,203,205,207,209
172:1,2,3,4,7,9,11,13,14,17,21,23,24,26,27,30,34,35,36,37,39,41,48,49,50,54,55,60,61,63,64,65,66,68,77,82,84,85,86,88,90,92,93,96,98,99,100,101,103,106,108,109,115,117,119,121,122,131,137,139,140,141,144,148,149,152,153,154,158,159,160,161,163,165,167,168,169,199,177,178,180,183,184,185,189,190,191,192,193,194,195,196,197,200,202,203,204,205,206
173:2,4,6,7,9,10,14,15,17,20,22,23,24,26,27,28,29,33,35,36,37,38,39,41,43,44,45,46,48,50,53,57,61,63,66,68,70,77,78,82,83,85,86,88,89,90,91,92,93,94,95,96,97,100,102,104,105,106,107,111,112,114,115,117,118,120,121,124,128,130,131,136,137,141,142,146,148,149,151,152,157,158,159,160,161,163,194,175,177,179,181,185,187,188,189,195,203,207,208,209
174:0,1,3,5,6,8,9,10,12,13,14,18,21,22,25,29,31,32,33,35,41,42,45,46,47,50,53,54,56,58,61,62,63,65,66,67,68,72,78,79,81,82,85,86,89,91,94,96,97,98,101,103,105,106,107,108,110,112,114,117,120,124,127,129,133,136,143,144,146,147,148,149,151,152,154,155,157,158,160,163,164,165,167,168,169,171,181,177,182,184,185,187,188,189,190,191,193,195,197,199,200,209
175:3,4,7,13,21,22,23,25,28,29,30,31,32,39,41,42,43,45,46,47,48,51,52,54,55,56,58,61,62,63,65,67,68,69,71,72,73,76,77,78,80,81,83,84,85,87,92,93,96,97,98,102,103,104,108,113,114,115,116,117,118,119,121,122,123,124,126,127,130,132,133,137,141,142,143,144,151,152,153,155,157,161,162,165,167,168,169,171,173,198,178,180,181,185,188,191,193,195,196,197,200,204,205,208
176:0,1,3,4,5,6,10,11,13,14,16,20,21,23,24,25,28,34,35,36,37,38,40,42,43,44,46,48,49,50,52,53,54,55,59,60,61,62,65,67,72,73,76,77,78,79,80,85,86,88,92,93,95,98,99,100,102,104,106,107,109,110,111,112,113,117,118,119,122,123,125,126,129,130,132,133,136,137,138,140,143,144,147,152,156,160,163,165,170,203,180,181,182,183,184,185,186,187,188,192,193,194,197,199,201,202,204,205
177:0,5,9,10,11,13,14,15,19,20,22,23,27,31,33,34,39,40,41,43,44,45,47,50,52,59,61,62,65,67,68,70,73,75,76,80,81,82,86,88,91,92,101,102,103,104,111,115,119,120,121,125,126,127,128,131,132,135,140,143,145,147,151,152,153,154,155,162,165,166,169,170,172,173,174,205,178,183,184,193,196,197,198,201,202,203,206,207,208
178:0,3,4,5,10,11,17,18,19,20,27,30,32,33,34,36,37,39,41,43,45,46,47,48,49,51,56,58,61,62,65,68,71,72,73,78,79,81,83,84,85,86,88,90,93,94,95,97,100,101,103,104,107,108,110,111,113,116,118,120,121,123,124,126,128,129,131,132,133,134,136,137,138,139,140,141,143,144,145,146,147,149,150,151,152,153,154,155,156,157,158,160,164,167,169,172,175,177,188,181,182,185,186,187,189,191,194,196,198,203,204,205,207,209
179:3,5,6,7,8,9,10,11,13,16,17,19,20,21,22,23,25,27,28,29,31,33,34,36,40,42,46,48,49,54,55,56,57,59,66,67,68,69,70,73,74,76,78,81,83,84,85,86,94,98,102,105,106,110,112,115,118,120,123,126,131,133,136,141,142,144,145,147,148,151,152,153,154,158,161,162,164,166,167,169,171,173,192,180,183,184,186,187,191,193,195,196,197,199,201,202,203
180:0,2,4,6,7,9,10,11,12,13,14,15,16,17,18,23,25,27,28,30,35,36,37,38,40,42,44,45,47,49,50,54,57,59,60,61,62,63,65,70,71,73,76,78,79,81,86,88,90,94,95,96,104,105,106,108,110,117,119,120,123,125,128,131,134,135,136,137,140,144,145,146,147,153,155,158,159,160,162,168,171,172,175,176,179,181,183,184,186,187,188,192,194,195,197,200,201,202,203,207
181:2,6,7,8,9,10,13,14,15,19,23,24,25,26,28,29,30,31,32,33,35,36,37,39,40,43,44,46,47,48,49,52,56,57,59,61,68,69,71,72,75,76,77,79,81,82,85,88,89,91,93,94,95,96,99,103,105,106,108,109,110,111,113,114,115,116,117,124,127,128,129,131,134,135,136,138,142,144,147,148,150,153,154,155,156,159,161,164,165,166,167,169,170,171,173,174,175,176,178,180,203,182,183,186,189,191,194,200,202,204,205,206
182:0,2,4,6,9,10,14,15,17,18,20,21,24,25,27,31,34,36,38,40,43,45,46,47,48,49,51,54,55,56,58,59,64,65,68,71,72,73,77,78,79,81,82,83,85,86,89,90,92,95,96,98,99,100,101,106,108,109,110,113,114,116,119,120,121,123,124,125,127,128,129,134,136,137,138,140,141,142,143,144,145,146,147,148,149,150,151,154,157,158,159,160,161,165,167,168,174,176,178,181,203,184,187,188,189,191,192,194,195,196,200,201,202,204,209
183:3,5,7,8,11,12,13,21,22,24,26,27,28,31,32,34,35,37,38,40,41,43,45,48,49,50,51,53,56,60,61,62,63,66,67,71,75,81,83,85,88,89,95,97,98,99,100,104,106,107,108,109,110,111,114,115,116,117,119,121,125,126,131,135,136,139,140,142,144,145,148,149,150,153,154,156,158,160,161,166,168,172,176,177,179,180,181,193,184,185,190,191,194,196,197,199,204,205,206,209
184:1,4,6,7,9,10,12,13,16,17,18,20,21,22,23,24,25,26,28,32,34,35,36,38,41,43,45,50,53,54,55,57,58,59,60,62,64,65,67,70,72,74,76,78,79,80,83,89,91,92,95,96,97,101,103,104,105,106,108,110,111,113,114,117,118,119,120,123,124,126,128,129,131,133,134,135,137,140,141,142,143,147,148,149,150,153,155,158,159,163,165,167,169,170,171,172,174,176,177,179,180,182,183,187,188,189,190,192,197,201,205,206,208,209
185:0,6,7,9,10,11,12,13,14,23,28,30,32,33,36,38,39,40,41,42,43,44,46,51,52,53,54,55,56,60,61,62,64,65,67,68,70,72,76,79,80,81,83,84,90,92,93,95,99,102,103,108,109,111,112,114,115,117,121,124,125,128,130,133,135,137,138,139,140,143,144,145,148,151,152,153,158,163,164,167,169,171,172,173,174,175,176,178,183,206,188,190,193,195,197,199,201,202,205,207,209
186:0,1,2,3,4,6,7,9,10,11,13,14,15,16,22,26,28,32,33,35,36,38,43,44,46,49,53,55,56,57,58,60,65,66,67,68,70,72,73,78,80,85,86,87,88,91,92,94,96,97,98,106,110,111,112,113,115,118,119,121,122,123,125,128,131,133,134,138,139,141,143,144,145,146,147,148,149,150,155,156,157,160,161,162,164,165,166,169,170,171,176,178,179,180,181,199,187,188,189,190,191,192,195,196,202,204,205
187:0,1,5,7,8,10,11,13,14,16,18,20,21,22,25,29,30,31,33,34,36,38,39,40,44,45,46,47,48,49,53,55,56,58,59,61,63,65,71,72,74,75,76,80,81,83,85,89,92,94,99,103,104,106,113,117,118,121,122,124,126,129,130,132,133,134,135,136,137,138,140,142,143,146,148,151,152,153,155,156,158,161,164,167,168,169,170,173,174,176,178,179,180,182,184,186,209,192,194,195,197,199,201,202,204
188:1,2,3,7,9,10,11,13,14,15,16,17,18,19,20,21,23,27,29,30,31,33,36,38,39,44,46,47,50,51,53,55,56,57,58,60,63,64,66,67,68,71,73,74,76,81,85,86,88,89,91,92,93,95,97,98,99,100,101,113,114,116,117,119,120,125,127,128,130,132,133,134,136,137,138,140,142,144,148,149,150,152,157,162,163,166,168,169,171,173,174,175,176,178,180,182,184,185,186,205,189,190,191,193,197,199,200,201,203,204,206,207,208,209
189:0,5,6,9,10,12,13,14,15,20,24,26,29,35,37,38,40,42,45,46,47,48,50,51,54,55,59,61,63,64,67,68,70,71,73,74,77,79,81,82,84,86,88,89,90,93,94,96,101,103,104,106,108,109,111,114,115,126,131,133,134,135,137,138,139,143,145,146,149,151,153,154,155,156,157,161,165,166,169,170,172,173,174,178,181,182,184,186,188,208,192,196,198,199,200,201,202,203,204,205
190:0,1,4,9,10,12,15,17,19,20,24,27,28,30,31,32,33,34,36,37,39,40,42,43,46,48,49,53,54,55,57,58,59,60,61,63,64,67,71,75,77,78,79,80,81,83,86,88,89,94,96,98,99,100,101,104,105,107,110,111,112,116,120,121,122,126,129,132,133,140,146,151,154,155,156,162,163,164,165,166,167,168,169,172,174,183,184,185,186,188,198,191,193,196,200,202,203,205,207,208,209
191:1,2,3,4,5,6,8,9,11,17,18,19,20,21,24,26,27,30,32,34,35,42,43,47,48,49,50,51,56,60,64,65,69,72,74,77,78,79,82,84,88,90,93,94,97,99,101,102,110,112,115,118,120,121,124,127,129,130,132,136,138,144,149,150,151,152,153,154,156,157,159,160,162,167,168,171,172,174,175,178,179,181,182,183,186,188,190,208,194,199,201,202,205
192:1,3,5,6,8,9,10,12,16,18,19,24,25,27,30,31,32,35,36,37,38,43,50,52,56,59,62,64,65,66,67,69,70,73,74,77,78,79,81,85,86,88,90,91,92,97,104,107,110,112,116,121,123,125,126,135,136,138,141,143,144,146,148,150,155,157,158,159,161,165,170,172,176,179,180,182,184,186,187,189,193,196,197,198,200,205,207,209
193:0,4,5,7,8,9,11,12,14,16,17,24,27,28,30,31,32,34,37,38,40,41,42,45,46,49,50,51,52,53,55,59,60,63,64,65,67,72,73,75,77,78,80,81,82,83,85,86,87,88,89,90,91,92,93,96,97,100,102,105,107,109,111,113,115,116,117,118,120,124,129,131,132,133,134,135,136,138,139,140,141,143,148,149,151,152,153,154,156,157,158,160,163,165,167,168,170,171,172,174,175,176,177,179,183,185,188,190,192,206,194,196,199,200,201,202,207,208,209
194:0,1,2,3,8,9,11,13,15,16,18,19,20,23,24,25,26,27,29,31,33,34,35,41,45,47,49,51,53,54,56,59,61,64,66,72,74,75,77,80,83,85,90,91,96,102,105,106,107,109,110,111,112,117,118,119,120,121,123,124,126,127,129,130,131,133,135,136,137,139,144,145,146,147,149,156,159,161,163,164,168,169,170,171,172,173,176,178,180,181,182,183,187,191,193,209,195,196,198,200,204,205
195:2,5,6,7,8,9,10,11,12,15,17,19,21,22,23,25,26,27,30,34,35,38,39,40,41,42,43,46,48,50,51,52,53,54,58,59,60,63,66,69,70,71,72,73,74,75,76,77,80,81,82,84,87,89,92,94,95,99,100,101,106,108,111,112,114,116,119,120,121,125,126,127,129,131,134,137,138,139,140,143,144,145,147,148,149,151,154,157,158,159,162,165,166,171,172,173,174,175,179,180,182,185,186,187,194,197,199,200,201,202,205,207,208
196:0,3,6,8,9,10,16,17,24,26,28,29,33,34,35,37,38,39,41,42,43,46,47,48,51,52,54,55,56,58,61,64,67,68,69,70,71,74,78,80,81,83,84,86,88,93,95,96,97,100,108,111,115,116,117,120,121,122,123,124,125,129,136,137,138,142,146,147,148,149,151,155,156,157,158,159,160,163,165,167,168,170,172,175,177,178,179,182,183,186,189,190,192,193,194,208,197,202,206,209
197:3,5,6,7,9,14,18,19,20,21,24,26,27,28,31,32,34,38,39,40,41,42,44,45,47,48,50,51,52,53,55,57,58,60,61,63,64,67,68,70,74,79,80,81,86,87,89,90,92,96,100,101,102,103,108,109,113,116,121,122,126,130,132,133,135,137,139,143,146,147,148,149,150,153,155,160,161,165,166,167,168,169,170,171,172,174,175,176,177,179,180,183,184,185,187,188,192,195,196,204,198,199,202,203,205,207
198:0,1,2,4,9,10,12,16,17,19,20,24,25,28,30,31,32,33,35,37,38,39,42,43,44,45,46,47,50,51,54,57,63,65,66,70,76,77,78,81,82,87,88,90,94,96,97,100,106,109,111,113,115,116,121,122,126,128,129,132,135,136,137,139,140,141,142,144,151,153,155,157,158,160,161,163,164,167,170,175,177,178,189,190,192,194,197,207,199,200,201,204,206,208,209
199:0,2,4,5,6,7,8,9,10,11,12,15,19,21,22,23,24,26,31,34,36,37,38,39,40,42,43,44,45,49,53,55,57,59,60,62,66,67,70,74,77,78,81,82,86,89,91,93,94,96,97,98,100,103,104,106,112,114,115,117,120,122,125,126,132,133,134,136,137,138,140,141,144,148,149,150,155,156,157,160,164,166,167,168,169,172,174,176,179,183,185,186,187,188,189,191,193,195,197,198,201,200,203,205,206,208
200:2,6,8,9,10,11,14,17,18,20,21,22,30,32,33,34,35,37,39,45,47,48,49,51,53,54,57,60,63,64,66,70,71,74,76,80,81,83,87,89,91,97,99,100,101,103,109,111,113,115,120,122,127,129,132,134,135,136,138,140,141,142,145,146,147,148,150,151,155,156,159,162,164,168,169,170,171,172,174,175,180,181,182,188,189,190,192,193,194,195,198,199,205,201,202,203,204,207
201:1,2,6,8,9,10,15,20,23,24,26,27,28,29,31,34,35,37,40,41,42,45,46,48,55,57,59,62,64,65,66,70,73,76,78,79,80,82,87,89,92,99,100,101,102,106,110,111,112,113,114,115,118,119,120,125,126,127,128,130,131,133,136,138,141,143,148,150,152,153,154,155,158,160,162,163,164,167,168,169,170,171,176,177,179,180,182,184,185,187,188,189,191,193,195,198,199,200,209,203,205,207,208
202:5,9,12,13,16,17,21,22,24,26,28,30,32,34,36,39,41,42,44,45,46,47,48,50,51,52,53,64,66,68,71,76,78,79,81,83,88,89,90,91,92,93,94,95,97,98,99,104,105,108,109,112,117,118,119,120,122,123,127,128,130,131,138,139,141,145,146,148,152,153,154,156,158,159,160,162,164,165,167,170,172,176,177,179,180,181,182,185,186,187,189,190,191,193,195,196,197,200,203,204,206,209
203:0,2,5,6,7,9,12,13,14,15,16,17,18,19,20,21,23,24,26,27,30,32,33,34,39,41,42,46,48,50,51,53,54,55,64,66,68,70,75,77,78,79,81,82,85,88,91,92,93,95,96,97,98,100,101,102,103,107,110,112,116,118,119,121,122,123,125,128,130,132,137,138,139,140,141,144,145,146,151,156,158,161,163,164,165,166,167,169,170,171,172,173,176,177,178,179,180,181,182,188,189,190,197,199,200,201,202,207,204,208
204:3,5,6,7,8,9,13,19,20,21,22,23,26,28,29,36,40,42,43,47,49,50,53,54,55,58,60,63,64,65,67,68,69,73,77,79,80,83,84,85,88,89,96,97,99,100,101,103,106,107,108,109,110,114,117,118,121,124,128,129,130,131,134,135,139,140,141,142,146,147,150,151,154,155,157,158,159,160,162,163,164,166,167,169,170,172,175,176,178,181,182,183,186,187,188,189,194,197,198,200,202,203,209
205:2,4,5,6,7,13,14,19,21,22,26,27,30,32,33,34,35,36,38,39,40,42,44,45,46,47,48,50,53,56,59,60,64,65,66,67,69,70,71,72,80,85,86,87,90,91,93,94,96,98,99,100,103,106,107,108,114,118,120,121,122,126,132,133,135,137,145,148,153,155,157,159,161,165,168,170,171,172,175,176,177,178,181,183,184,185,186,188,189,190,191,192,194,195,197,199,200,201,207,206
206:0,1,2,3,4,6,9,10,12,13,14,21,22,24,25,27,29,34,35,40,42,44,46,47,49,51,52,53,55,56,60,63,71,73,74,76,78,79,84,86,88,89,91,95,96,99,100,101,102,103,104,111,113,114,115,117,118,119,124,126,129,130,132,139,143,145,146,148,157,159,160,162,163,165,166,167,168,169,170,172,177,181,183,184,185,188,193,196,198,199,202,205,209
207:0,2,4,5,6,7,9,11,12,13,15,16,17,19,21,28,30,31,34,35,36,49,50,52,53,55,56,57,59,60,63,64,65,69,70,71,73,76,79,81,82,86,87,88,90,91,99,102,103,105,106,107,108,109,114,115,116,119,121,124,126,130,132,133,138,139,140,144,148,156,157,158,159,160,161,162,163,164,168,170,171,173,177,178,180,185,188,190,192,193,195,197,198,200,201,203,205,209
208:0,2,7,8,9,11,12,14,15,19,20,23,24,25,26,27,31,33,36,37,40,43,44,45,47,48,50,53,54,55,56,62,63,65,69,71,72,73,77,82,83,87,89,91,93,94,95,97,98,99,100,102,111,112,113,116,117,119,120,122,123,124,125,126,127,132,134,137,139,141,144,145,147,149,152,158,162,164,165,173,175,177,184,188,189,190,191,193,195,196,198,199,201,203,209
209:0,4,5,7,8,9,10,11,12,15,17,20,23,24,25,26,30,31,35,37,38,39,41,43,46,48,50,52,53,55,60,61,62,64,65,66,69,71,73,74,76,78,80,81,85,91,92,95,96,97,99,100,101,104,105,106,109,110,111,113,114,115,116,118,119,120,121,124,126,128,129,132,134,135,138,139,144,145,149,150,152,155,156,160,161,163,164,165,166,167,169,170,171,173,174,178,182,183,184,185,187,188,190,192,193,194,196,198,201,202,204,206,207,208
