0:117,1,3,6,7,8,26,35,36,48,50,51,55,66,67,69,79,86,89,101,108,112,113,115,126,138,140,141,145,148,154,158,167,168,174,178,180,181,185,191,193,195,216,223,224,225,236,241,244,245,246,247
1:0,219,3,4,9,19,40,44,48,49,59,60,62,63,71,73,75,80,81,89,94,102,105,107,109,123,126,137,138,141,142,144,151,161,162,167,168,171,177,182,186,191,192,202,208,210,215,218,220,227,235,240,242,243,244,249
2:133,3,9,14,19,23,24,45,49,53,59,63,74,77,78,83,84,85,88,90,94,96,113,122,129,131,134,143,148,150,154,167,169,170,176,177,178,188,190,200,204,206,207,210,213,227,235,237,242,243,249
3:0,1,2,197,4,11,18,26,38,42,45,50,54,55,60,65,68,81,85,92,94,96,99,107,108,118,129,133,138,147,148,154,160,164,168,180,181,187,201,207,208,211,212,221,222,233,234,236,237
4:1,3,147,12,14,23,25,26,35,69,86,88,92,94,110,115,116,121,126,130,133,142,143,144,150,152,153,155,160,177,179,183,184,188,200,208,216,219,230,234,237,246,247
5:142,12,17,21,24,27,32,38,41,51,53,54,57,59,64,66,68,73,78,81,82,95,100,105,108,115,118,123,124,125,127,129,133,135,136,137,151,155,163,174,176,187,188,193,207,213,218,228,235
6:0,167,17,25,27,28,32,33,35,40,43,60,62,66,67,71,72,73,85,86,90,93,96,97,101,102,109,122,128,134,135,138,151,152,154,155,159,163,164,166,169,171,176,178,190,209,217,218,219,227,236,248
7:0,170,17,33,57,60,61,63,65,73,74,76,81,82,92,96,103,108,110,121,133,139,141,144,145,148,153,155,158,164,166,171,186,190,191,193,205,210,219,223,224,230,234,238,244,248
8:0,175,10,12,22,23,29,31,34,48,63,64,77,80,86,88,93,103,110,111,114,116,118,121,140,144,151,172,176,197,199,201,204,205,208,213,217,220,231,235,236,242
9:1,2,131,15,18,24,26,27,31,32,48,61,66,68,77,89,90,94,98,102,104,105,106,119,122,133,134,135,147,149,160,161,164,167,175,192,198,203,214,215,223,227,230,232,236,241,249
10:8,88,11,12,14,17,33,35,39,46,48,51,52,57,59,60,62,63,64,69,73,75,77,78,89,90,96,98,108,110,113,119,131,133,140,154,163,164,166,171,172,181,184,187,190,198,200,204,208,211,212,215,223,233,237,239
11:3,10,188,15,26,28,30,35,36,43,47,50,60,75,78,80,82,87,91,92,98,99,102,108,126,128,139,142,143,147,148,149,153,164,167,168,180,187,193,194,204,205,209,213,220,225,229,236,239,243,244,249
12:4,5,8,10,55,16,19,23,38,56,63,66,74,82,86,90,96,97,109,110,114,117,119,124,125,126,131,133,137,141,151,152,159,161,165,173,176,179,181,186,187,193,208,209,216,220,226,236
13:135,28,31,34,36,37,43,46,56,57,59,61,62,64,65,70,73,74,87,89,90,91,92,100,105,120,121,122,123,127,128,129,131,133,141,150,168,169,188,191,194,195,196,199,200,202,203,210,213,219,221,227,228,232,234,240,244
14:2,4,10,91,15,17,20,24,27,30,32,38,44,51,53,55,56,63,65,67,69,70,74,79,81,85,87,89,94,109,117,125,132,139,148,149,150,158,160,161,163,164,166,173,176,181,187,192,193,195,196,197,198,201,211,213,226,229,235,241,244
15:9,11,14,167,21,33,37,38,41,57,58,66,67,68,80,81,82,91,95,115,124,129,141,148,150,155,157,165,166,183,199,201,204,214,223,228,231,235,238,245
16:12,127,18,19,20,28,30,36,52,53,55,56,65,66,78,82,83,85,92,94,95,98,100,105,107,109,110,118,119,120,129,139,146,151,154,157,162,163,164,168,178,179,188,189,194,203,205,206,209,216,217,218,221,224,241,243,245,246,247
17:5,6,7,10,14,145,24,35,39,42,43,44,45,47,56,60,62,64,69,83,96,97,109,113,116,122,123,127,128,129,135,136,158,160,163,173,174,177,178,179,185,187,188,189,192,194,195,196,197,206,208,211,213,216,228,233,237,243
18:3,9,16,45,21,22,38,40,47,53,63,66,67,74,79,81,87,90,97,100,101,103,115,119,123,128,135,136,139,142,147,148,152,157,169,174,183,184,191,196,198,200,205,208,209,214,224,228,229,235
19:1,2,12,16,243,22,24,36,45,51,54,58,62,65,78,105,110,112,117,120,140,141,147,150,173,174,181,189,195,202,204,205,207,212,213,214,218,241,249
20:14,16,204,22,29,34,38,39,41,45,49,52,53,60,65,68,72,73,75,77,82,86,87,92,97,100,101,102,104,111,117,135,136,141,142,148,152,155,161,168,169,171,173,176,191,193,196,205,208,211,213,221,227,232,234,241,242,243,247,248
21:5,15,18,234,26,31,32,35,55,69,70,73,75,79,80,93,95,104,108,120,123,126,133,139,140,155,162,163,164,168,172,174,178,179,184,187,205,213,216,224,229,240,241,243,247
22:8,18,19,20,69,29,31,33,43,45,49,55,68,70,74,78,80,81,84,87,98,104,105,110,111,118,120,121,122,129,131,133,138,147,150,167,177,182,191,192,194,204,211,212,217,218,225,241
23:2,4,8,12,72,24,26,38,47,49,53,54,56,65,71,80,81,82,87,92,102,107,121,135,136,138,144,149,152,153,155,157,158,162,167,175,181,182,190,197,204,205,209,211,223,224,230,231,236,238,240,249
24:2,5,9,14,17,19,23,228,40,46,50,53,54,55,58,60,64,66,68,73,74,82,94,102,108,109,115,119,120,133,137,138,142,145,146,147,155,156,165,188,192,204,208,214,217,220,224,225,229,233,244
25:4,6,154,27,34,38,48,51,53,55,57,58,61,74,75,79,94,95,96,102,104,112,114,118,121,123,126,128,132,133,142,148,153,157,160,163,168,169,176,178,182,186,197,200,221,235,241,248
26:0,3,4,9,11,21,23,105,38,40,48,51,62,63,66,70,71,72,74,84,91,101,103,113,116,121,132,139,148,150,151,153,173,175,176,179,181,186,190,196,202,203,206,209,210,215,216,230,234,238,247,249
27:5,6,9,14,25,130,37,38,40,44,63,69,73,77,79,90,91,96,107,110,114,117,127,135,138,139,144,155,161,162,185,187,188,193,198,208,216,219,220,223,228,232,237,240,243,244,248,249
28:6,11,13,16,68,31,41,42,44,45,46,48,49,50,52,63,65,71,74,86,88,91,92,96,103,113,116,117,119,121,123,127,132,139,143,153,156,162,165,170,173,175,179,181,185,191,198,207,209,213,220,225,230,234,246,248,249
29:8,20,22,206,31,32,37,38,40,46,51,55,57,58,59,69,79,94,101,112,121,123,124,133,138,143,145,149,153,156,159,160,165,168,171,182,183,191,192,195,217,230,235,239,244,245,246,249
30:11,14,16,120,32,55,58,59,60,63,64,70,72,74,75,84,85,88,93,94,99,104,105,106,108,113,114,121,125,126,127,152,153,163,164,170,173,178,183,189,191,192,204,208,211,225,226,230,234,235,244,248
31:8,9,13,21,22,28,29,178,37,40,41,43,45,52,53,54,55,58,62,68,70,75,78,80,83,91,94,96,99,101,106,108,117,123,124,129,140,145,146,153,159,163,168,172,181,182,191,192,195,197,204,209,211,212,219,224,228,231,232,237,249
32:5,6,9,14,21,29,30,44,37,39,47,50,51,53,56,59,62,67,71,78,86,88,96,101,102,105,107,119,120,129,133,142,149,153,171,172,174,191,192,200,214,216,217,222,225,226,227,233,240
33:6,7,10,15,22,201,41,48,59,61,74,79,83,84,85,91,97,103,118,126,130,152,153,156,158,177,193,194,211,219,220,223,237,239,240,242,249
34:8,13,20,25,244,35,42,43,47,48,55,62,65,68,73,75,77,86,87,91,97,98,103,114,115,120,123,131,139,141,152,154,160,167,170,175,177,179,182,184,186,191,202,206,209,211,213,216,217,222,223,226,243,245,248,249
35:0,4,6,10,11,17,21,34,177,39,43,45,46,48,56,62,69,84,89,99,103,110,112,117,120,127,131,138,140,147,149,158,175,176,180,191,192,200,214,215,216,224,225,238,239,240
36:0,11,13,16,19,132,38,40,42,44,46,56,57,65,79,84,87,88,99,103,105,109,114,115,119,126,127,129,130,134,138,144,145,156,158,159,174,184,197,206,211,212,219,238,239
37:13,15,27,29,31,32,135,45,56,60,62,69,70,74,75,81,84,92,96,105,110,111,119,125,133,141,142,145,150,151,161,162,171,172,173,175,176,182,183,186,189,208,213,222,223,226,236,237,241,247
38:3,5,12,14,15,18,20,23,25,26,27,29,36,114,41,48,66,79,86,102,113,127,132,135,136,138,140,148,149,151,153,157,160,168,169,174,175,182,184,191,199,210,212,213,219,222,227,231,237,238,240,243,245
39:10,17,20,32,35,110,42,43,44,54,60,62,66,70,73,83,84,86,89,98,103,104,105,127,128,135,136,141,154,155,161,171,179,183,184,190,191,195,200,202,203,205,214,215,217,222,225,243,244
40:1,6,18,24,26,27,29,31,36,44,43,48,49,54,59,60,66,72,82,106,108,110,115,116,118,120,121,123,128,134,140,144,147,153,157,161,162,174,183,188,190,198,200,204,206,209,211,213,215,217,225,228,233,235,239,240
41:5,15,20,28,31,33,38,46,45,48,49,54,58,59,60,61,65,74,75,79,85,92,96,97,102,104,105,109,139,140,146,152,154,155,159,163,171,180,189,191,198,199,201,214,215,245,248
42:3,17,28,34,36,39,141,45,50,57,59,64,70,71,72,73,82,83,86,93,104,109,113,119,121,122,125,127,128,129,133,137,140,146,154,159,162,167,175,177,194,196,203,209,211,213,216,218,222,228,233,242,243
43:6,11,13,17,22,31,34,35,39,40,190,47,57,64,68,74,82,84,86,87,89,93,106,125,129,139,149,154,159,163,165,172,174,186,195,197,198,203,209,214,222,233,239,241,245,246
44:1,14,17,27,28,32,36,39,40,172,45,49,56,58,64,69,80,88,97,101,102,106,108,110,114,123,141,149,152,153,173,186,194,201,202,209,212,216,225,231,233,234,240,248
45:2,3,17,18,19,20,22,28,31,35,37,41,42,44,177,53,54,57,58,59,62,68,74,87,93,101,119,125,126,131,133,134,135,136,143,153,156,161,163,167,168,182,188,189,191,193,199,203,206,211,213,214,218,221,223,225,229,230,245,247
46:10,13,24,28,29,35,36,41,116,49,50,51,69,71,72,75,80,84,94,96,97,98,109,111,129,131,134,140,144,147,150,159,160,162,163,167,173,177,187,200,204,208,218,219,223,225,226,232,239,243
47:11,17,18,23,32,34,43,235,48,49,50,61,63,66,67,70,73,101,109,114,119,132,136,141,146,149,153,156,158,160,170,175,176,178,180,181,189,192,196,197,200,201,203,207,211,214,215,220,223,231,232,233,248
48:0,1,8,9,10,25,26,28,33,34,35,38,40,41,47,89,51,52,57,59,71,72,73,75,81,86,91,93,94,99,106,109,123,128,137,138,143,145,156,157,175,177,181,196,198,200,203,207,217,219,235,241
49:1,2,20,22,23,28,40,41,44,46,47,167,56,58,63,66,67,68,69,70,74,81,86,94,97,101,104,111,112,118,122,123,124,125,128,129,135,138,139,141,150,155,159,169,170,181,186,188,189,197,200,204,205,212,214,221,234,235,237
50:0,3,11,24,28,32,42,46,47,203,52,55,59,61,64,67,72,78,81,84,88,107,109,115,117,120,126,129,137,143,144,148,149,161,166,168,169,174,186,200,202,218,226,230,232,233,234,235,238,244,245,248
51:0,5,10,14,19,25,26,29,32,46,48,69,53,54,55,56,57,60,67,91,95,97,98,103,104,118,125,129,148,149,150,154,157,158,159,165,173,184,186,204,226,233,238,243,247
52:10,16,20,28,31,48,50,54,62,64,65,66,71,72,77,82,88,90,95,104,109,110,120,126,128,141,142,144,148,149,170,172,175,180,193,196,202,203,211,212,218,219,226,232,233,234,239,245
53:2,5,14,16,18,20,23,24,25,31,32,45,51,121,59,63,67,78,80,83,85,98,100,101,115,119,122,123,129,134,135,141,144,158,163,165,174,181,183,186,188,196,204,212,214,216,223,249
54:3,5,19,23,24,31,39,40,41,45,51,52,75,57,62,69,71,73,74,79,90,92,96,98,99,100,105,108,116,124,125,132,134,147,152,163,169,181,185,186,190,192,196,198,201,214,217,223,225,231,235,240,244,247,248,249
55:0,3,12,14,16,21,22,24,25,29,30,31,34,50,51,207,60,72,92,95,97,98,102,112,115,124,128,130,153,155,161,162,165,174,176,178,179,185,189,190,193,197,203,206,215,228,230,234,236,240,241,242,248,249
56:12,13,14,16,17,23,32,35,36,37,44,49,51,155,62,63,67,72,80,84,85,86,91,92,93,103,107,108,127,128,130,135,140,146,148,150,151,154,157,162,168,169,171,184,186,188,197,211,216,218,225,236,241,243,246,248
57:5,7,10,13,15,25,29,36,42,43,45,48,51,54,207,59,64,68,80,82,85,90,103,105,106,107,114,115,117,120,123,128,130,146,150,156,165,166,171,174,184,195,196,200,205,210,211,212,218,224,225,228,229,239,240,242
58:15,19,24,25,29,30,31,41,44,45,49,101,59,68,78,87,96,102,104,106,114,115,117,123,131,140,143,149,151,153,155,159,166,173,174,176,178,183,191,201,204,206,208,209,225,240,243,249
59:1,2,5,10,13,29,30,32,33,40,41,42,45,48,50,53,57,58,186,60,61,64,70,72,73,76,79,85,98,99,105,113,120,122,126,127,133,140,142,144,148,163,169,170,176,195,199,204,207,209,218,220,222,230,236,241,244
60:1,3,6,7,10,11,17,20,24,30,37,39,40,41,51,55,59,78,68,70,71,75,84,85,100,106,117,140,143,149,163,165,167,169,177,185,192,194,200,202,204,210,220,225,235,238,241
61:7,9,13,25,33,41,47,50,59,164,63,67,70,75,76,81,83,87,88,94,96,97,106,107,108,116,120,133,137,146,150,152,157,159,168,179,185,190,198,202,208,213,224,230,231,234,239,240,245,246
62:1,6,10,13,17,19,26,31,32,34,35,37,39,45,52,54,56,235,68,71,75,76,80,93,96,98,105,109,114,117,125,159,160,178,179,180,183,187,196,197,203,206,207,209,218,221,229,231,233,234,237,244
63:1,2,7,8,10,12,14,18,26,27,28,30,47,49,53,56,61,230,64,65,70,74,82,83,86,87,97,99,106,108,112,113,114,117,123,150,151,158,163,166,171,173,183,190,191,197,198,201,211,212,220,224,225,232,234,237,238,240,242
64:5,8,10,13,17,24,30,42,43,44,50,52,57,59,63,245,67,69,72,75,77,88,89,95,99,114,123,124,137,138,143,144,146,147,149,151,157,162,163,167,171,176,179,180,188,195,201,207,209,210,217,223,228
65:3,7,13,14,16,19,20,23,28,34,36,41,52,63,117,73,74,81,82,86,90,102,104,109,111,116,127,135,148,152,154,157,165,171,173,174,176,181,183,186,189,198,201,207,209,212,228,240
66:0,5,6,9,12,15,16,18,24,26,38,39,40,47,49,52,82,68,74,78,83,86,87,88,89,93,94,98,107,110,114,128,130,138,142,147,148,149,156,163,167,168,169,183,186,192,198,199,213,218,219,234,236,245
67:0,6,14,15,18,32,47,49,50,51,53,56,61,64,193,83,87,88,90,92,95,97,102,106,110,118,119,126,128,129,131,138,162,164,171,174,178,180,181,192,195,205,207,209,215,221,223,231,237,245,246,247,248
68:3,5,9,15,20,22,24,28,31,34,43,45,49,57,58,60,62,66,127,75,79,85,92,94,96,104,108,113,118,122,124,135,138,144,157,159,167,173,179,182,191,194,202,211,219,226,233,239,241,244,245,248
69:0,4,10,14,17,21,22,27,29,35,37,44,46,49,51,54,64,109,70,90,99,100,111,122,123,128,134,135,141,148,157,158,162,164,167,169,175,177,184,187,191,196,201,202,205,209,213,220,223,230,235,236,241,245
70:13,14,21,22,26,30,31,37,39,42,47,49,59,60,61,63,69,187,71,74,85,88,91,94,100,102,109,110,111,116,119,125,127,140,143,149,151,152,154,168,169,173,176,181,182,186,189,191,194,195,196,198,199,200,204,207,220,222,226,227,230,231,239,248
71:1,6,23,26,28,32,42,46,48,52,54,60,62,70,224,78,83,87,90,102,124,126,127,129,135,141,143,146,156,158,190,198,206,207,208,210,219,225,244,248
72:6,20,23,26,30,40,42,46,48,50,52,55,56,59,64,201,83,85,88,91,92,96,98,102,106,110,117,119,120,125,128,132,133,139,143,144,150,151,153,154,161,162,163,174,182,189,190,192,193,194,196,205,209,213,217,218,223,225,227,231,236,237,238,240,243,249
73:1,5,6,7,10,13,20,21,24,27,34,39,42,47,48,54,59,65,231,97,98,100,103,105,110,113,115,117,119,121,125,127,135,136,141,153,156,162,164,167,169,173,179,180,183,185,193,194,205,212,224,226,227,228,240,242,246,248
74:2,7,12,13,14,18,22,24,25,26,28,30,33,37,41,43,45,49,54,63,65,66,70,230,75,78,81,82,84,85,86,90,91,99,109,110,117,121,129,134,137,139,142,148,149,150,152,156,158,161,164,166,169,170,179,186,200,201,202,210,211,212,220,224,233,235,236,239,242,247
75:1,10,11,20,21,25,30,31,34,37,41,46,48,54,60,61,62,64,68,74,121,78,80,88,91,94,100,104,105,111,123,128,129,131,132,138,141,149,150,151,155,160,168,179,184,186,189,193,213,216,226,228,231,239,241,245,249
76:7,59,61,62,141,77,80,81,82,83,92,108,112,120,133,143,150,151,154,158,159,167,170,175,176,177,179,181,198,199,200,203,205,210,219,229,238,240
77:2,8,9,10,20,27,34,52,64,76,91,82,87,88,92,93,97,102,108,110,121,124,132,134,136,144,146,147,159,160,169,170,182,189,191,196,211,230,232,233,234,237,238,247,248
78:2,5,10,11,16,19,22,31,32,50,53,58,60,66,71,74,75,83,80,91,94,95,108,110,113,114,124,134,141,150,160,168,169,173,176,178,182,191,199,202,213,214,216,218,220,229,230,239,240,241,245,248,249
79:0,14,18,21,25,27,29,33,36,38,41,54,59,68,240,87,98,100,102,103,105,109,112,113,114,115,122,123,127,140,143,149,161,171,173,175,180,187,190,200,202,208,211,222,223,225,226,228,236,237,249
80:1,8,11,15,21,22,23,31,44,46,53,56,57,62,75,76,78,170,86,88,91,106,108,113,122,132,137,139,142,151,165,174,187,190,192,197,201,203,204,206,207,217,218
81:1,3,5,7,14,15,18,22,23,37,48,49,50,61,65,74,76,96,88,92,100,101,110,121,126,130,133,134,146,147,149,154,168,169,170,180,185,187,189,192,197,202,205,206,211,213,217,218,222,225,238,244,247
82:5,7,11,12,15,16,20,23,24,40,42,43,52,57,63,65,66,74,76,77,150,83,94,101,105,117,123,127,128,129,133,147,148,155,156,158,177,179,182,188,191,194,198,202,210,213,215,218,222,232,240,241,245
83:2,16,17,31,33,39,42,53,61,63,66,67,71,72,76,78,82,195,86,95,97,98,106,107,112,117,119,125,126,128,134,136,142,149,158,163,165,168,171,177,181,187,188,189,192,198,208,211,214,234
84:2,22,26,30,33,35,36,37,39,43,46,50,56,60,74,216,92,101,105,108,109,121,123,132,138,139,141,151,154,160,180,184,188,198,203,204,208,223,227,228,229,235,241,245,247
85:2,3,6,14,16,30,33,41,53,56,57,59,60,68,70,72,74,248,87,97,98,103,111,113,122,127,128,129,132,135,141,143,151,161,162,165,173,184,195,201,209,216,222,229,233,236
86:0,4,6,8,12,20,28,32,34,38,39,42,43,48,49,56,63,65,66,74,80,83,183,87,91,95,101,103,107,109,115,127,134,135,136,150,154,160,162,164,166,168,173,174,176,182,186,187,189,191,197,202,215,220,221,236,245,246
87:11,13,14,18,20,22,23,34,36,43,45,58,61,63,66,67,71,77,79,85,86,172,88,99,105,106,120,128,135,157,158,159,160,162,164,165,169,174,176,184,186,191,192,193,194,196,203,225,227,233,244,246
88:2,4,8,10,28,30,32,36,44,50,52,61,64,66,67,70,72,75,77,80,81,87,187,89,90,91,95,96,99,100,104,105,107,119,122,136,138,142,143,145,154,155,156,161,162,166,170,178,180,182,189,192,196,203,207,212,215,216,243
89:0,1,9,10,13,14,35,39,43,48,64,66,88,245,99,108,110,113,121,127,140,141,145,146,166,168,172,182,183,193,199,209,214,215,216,218,223,224,232,234,240,248
90:2,6,9,10,12,13,18,27,52,54,57,65,67,69,71,74,88,95,94,98,100,107,116,119,120,121,122,127,129,138,139,141,145,150,152,153,164,165,167,181,183,189,191,193,195,203,207,209,210,211,241
91:11,13,14,15,26,27,28,31,33,34,48,51,56,70,72,74,75,77,78,80,86,88,92,93,102,105,108,116,120,122,136,138,154,158,164,167,168,169,170,171,172,178,183,189,194,199,204,207,212,213,216,220,221,223,228,236,239,247
92:3,4,7,11,13,16,20,23,28,37,41,54,55,56,67,68,72,76,77,81,84,91,153,95,100,106,108,117,123,126,129,132,138,142,151,157,159,171,176,178,179,218,228,239,247,248
93:6,8,21,30,42,43,45,48,56,62,66,77,91,169,104,105,106,109,113,115,123,126,128,154,160,163,172,179,180,181,185,186,188,189,199,200,204,207,213,217,224,229,235,242,243
94:1,2,3,4,9,14,16,24,25,29,30,31,46,48,49,61,66,68,70,75,78,82,90,128,95,98,106,108,111,125,129,135,144,147,154,173,187,194,197,214,218,220,221,230,233,234,238,246,247,248
95:5,15,16,21,25,51,52,55,64,67,78,83,86,88,90,92,94,185,105,106,125,126,128,135,136,138,139,149,156,159,169,181,194,199,208,212,214,221,228,229,244,245
96:2,3,6,7,10,12,17,25,27,28,31,32,37,41,46,54,58,61,62,68,72,81,88,240,97,98,99,104,115,117,118,119,124,126,148,162,164,167,169,172,183,184,187,188,190,193,196,200,205,210,217,226,227,233,236,245,248
97:6,12,17,18,20,33,34,41,44,46,49,51,55,61,63,67,73,77,83,85,96,138,101,107,109,121,126,129,136,141,145,146,147,153,156,159,166,169,170,171,172,176,188,189,193,196,198,203,207,216,217,218,221,222,233,234,236,240,242,243,245,247
98:9,10,11,16,22,34,39,46,51,53,54,55,59,62,66,72,73,79,83,85,90,94,96,101,100,119,126,131,132,139,143,145,152,158,163,166,168,175,187,190,191,193,198,199,201,212,220,230,232,233,234,237,238,241
99:3,11,30,31,35,36,48,54,59,63,64,69,74,87,88,89,96,100,102,104,114,119,128,130,140,141,143,155,158,160,171,178,184,191,196,206,210,219,224,226,230,237,238,239
100:5,13,16,18,20,53,54,60,69,70,73,75,79,81,88,90,92,98,99,236,108,114,122,124,126,131,138,147,155,157,162,175,177,185,187,188,189,190,196,203,211,213,220,222,228,231,235,242,243,244,248
101:0,6,18,20,26,29,31,32,44,45,47,49,53,58,81,82,84,86,97,98,243,121,125,126,137,145,151,153,158,170,171,176,186,212,220,226,227,228,229,234,237
102:1,6,9,11,20,23,24,25,32,38,41,44,55,58,65,67,70,71,72,77,79,91,99,104,105,113,119,128,130,136,139,147,151,154,155,160,167,169,172,196,200,204,213,231,248,249
103:7,8,18,26,28,33,34,35,36,39,51,56,57,73,79,85,86,121,104,107,111,122,126,129,131,133,136,137,145,146,150,156,158,160,165,171,181,187,199,206,210,214,216,222,231,239
104:9,20,21,22,25,30,39,41,42,49,51,52,58,65,68,75,88,93,96,99,102,103,214,106,107,110,111,115,126,127,129,137,148,160,162,167,194,196,206,209,215,220,225,230,234,242
105:1,5,9,13,16,19,22,26,30,32,36,37,39,41,54,57,59,62,73,75,79,82,84,87,88,91,93,95,102,147,115,118,119,128,135,140,144,145,148,155,161,162,163,164,175,178,187,198,200,201,208,214,224,230,231,232,235,238,240,241,245,248,249
106:9,30,31,40,43,44,48,57,58,60,61,63,67,72,80,83,87,92,93,94,95,104,122,108,114,118,119,124,129,133,137,143,153,159,160,162,163,169,171,172,179,183,184,194,195,201,202,204,207,208,212,214,216,241,242,246
107:1,3,16,23,27,32,50,56,57,61,66,83,86,88,90,97,103,104,138,108,110,118,123,124,131,143,153,155,161,163,166,167,173,176,182,189,200,205,210,212,217,221,233,237,242,246,247,248
108:0,3,5,7,10,11,21,24,30,31,40,44,54,56,61,63,68,76,77,78,80,84,89,91,92,94,100,106,107,146,110,112,115,129,130,133,140,149,160,167,180,181,183,184,188,189,190,196,199,203,219,222,228,230,235,238,239,244,249
109:1,6,12,14,16,17,24,36,41,42,46,47,48,50,52,62,65,69,70,74,79,84,86,93,97,205,121,126,137,150,151,156,157,158,160,161,168,171,176,178,179,183,186,194,200,214,216,220,221,227,228,230,234,245
110:4,7,8,10,12,16,19,22,27,35,37,39,40,44,52,66,67,70,72,73,74,77,78,81,89,104,107,108,246,111,123,128,131,132,133,137,142,148,150,152,158,163,170,171,176,179,183,188,194,196,203,204,206,210,216,230,232,235,238,240,241,242
111:8,20,22,37,46,49,65,69,70,75,85,94,103,104,110,113,112,115,116,127,128,129,131,132,138,139,144,155,156,160,164,168,177,185,186,187,189,195,197,212,215,222,223,230,237,246,247
112:0,19,25,29,35,49,55,63,76,79,83,108,111,160,115,119,120,127,129,132,134,137,142,148,152,156,158,167,169,173,177,181,182,190,193,194,196,198,205,208,212,215,226,236,238,240,241,242,249
113:0,2,10,17,26,28,30,38,42,59,63,68,73,78,79,80,85,89,93,102,111,213,124,128,130,133,136,139,142,153,155,159,160,165,171,172,174,178,183,186,191,192,195,200,207,226,228,229,232,233,238,239,243,248,249
114:8,12,25,27,30,34,36,38,44,47,57,58,62,63,64,66,78,79,99,100,106,209,120,129,131,148,150,156,159,163,166,183,190,191,193,197,203,214,220,224,227,230,237,239
115:0,4,5,15,18,24,34,36,40,50,53,55,57,58,73,79,86,93,96,104,105,108,111,112,146,116,119,122,127,132,134,140,142,143,153,154,156,159,160,161,169,170,173,180,186,190,197,198,199,201,207,210,219,244,246
116:4,8,17,26,28,40,46,54,61,65,70,90,91,111,115,211,124,129,132,134,139,150,152,153,155,158,159,166,168,175,177,179,183,201,203,206,213,220,224,227,236,242,244,248
117:0,12,14,19,20,27,28,31,35,50,57,58,60,62,63,65,72,73,74,82,83,92,96,219,122,124,128,131,141,146,148,153,155,165,171,177,180,190,192,195,196,200,205,206,220,225,226,231,244
118:3,5,8,16,22,25,33,40,49,51,67,68,96,105,106,107,187,136,141,144,146,154,165,169,172,178,191,193,198,199,200,202,204,209,212,214,215,224,227,236,239
119:9,10,12,16,18,24,28,32,36,37,42,45,47,53,67,70,72,73,83,88,90,96,98,99,102,105,106,112,115,194,131,132,136,138,144,145,153,159,168,182,190,193,196,207,218,230,245,246,249
120:13,16,19,21,22,24,30,32,34,35,40,50,52,57,59,61,72,76,87,90,91,112,114,179,121,123,132,134,147,151,154,168,169,171,173,175,184,192,194,195,198,200,202,222,226,228,229,230,236,238,240,241,243,248
121:4,7,8,13,22,23,25,26,28,29,30,40,42,53,73,74,75,77,81,84,89,90,97,101,103,109,120,232,124,126,130,134,136,143,148,152,155,156,170,173,180,181,182,186,188,189,191,193,194,205,226,228,231,234,235,237
122:2,6,9,13,17,22,42,49,53,59,68,69,79,80,85,88,90,91,100,103,106,115,117,189,123,132,139,145,148,149,154,155,158,165,174,178,184,185,186,190,193,194,195,196,200,205,229,230,231,235,246,247,248
123:1,5,13,17,18,21,25,28,29,31,34,40,44,48,49,53,57,58,63,64,69,75,79,82,84,92,93,107,110,120,122,191,125,126,128,131,132,133,143,157,163,169,173,177,187,189,192,198,207,209,211,217,230,232,233,234,236,240,245
124:5,12,15,29,31,49,54,55,64,68,71,77,78,96,100,106,107,113,116,117,121,192,125,130,135,137,149,152,159,166,176,179,187,195,206,211,212,213,214,217,218,221,224,226,227,228,237,241,242,243,245,248
125:5,12,14,30,37,42,43,45,49,51,54,62,70,72,73,83,94,95,101,123,124,246,129,132,136,144,151,165,182,183,188,190,192,197,202,203,209,219,220,224,237
126:0,1,4,11,12,21,25,30,33,36,45,50,52,59,67,71,81,83,92,93,95,96,97,98,100,101,103,104,109,121,123,199,127,128,144,145,150,155,161,174,175,176,177,182,183,189,192,194,205,221,230,232,248
127:5,13,16,17,27,28,30,35,36,38,39,42,56,59,65,68,70,71,73,79,82,85,86,89,90,104,111,112,115,126,247,128,132,134,141,142,143,154,164,168,175,178,180,185,188,190,203,204,210,225,229,232,241,248
128:6,11,13,17,18,25,39,40,42,48,49,52,55,56,57,66,67,69,72,75,82,83,85,87,93,94,95,99,102,105,110,111,113,117,123,126,127,244,130,134,144,148,155,158,159,171,172,173,175,176,180,181,192,198,199,203,213,214,217,221,229,236,247,248
129:2,3,5,13,15,16,17,22,31,32,36,42,43,46,49,50,51,53,67,71,74,75,82,85,90,92,94,97,103,104,106,108,111,112,114,116,125,196,134,155,161,164,165,171,183,185,187,189,192,193,199,202,208,210,212,216,225,233,241,245,247
130:4,27,33,36,55,56,57,66,81,99,102,108,113,121,124,128,211,133,134,137,138,139,144,147,156,157,160,161,173,174,178,185,191,200,202,220,232,239,240
131:2,9,10,12,13,22,34,35,45,46,58,67,75,98,100,103,107,110,111,114,117,119,123,199,137,140,145,153,157,158,167,168,169,171,174,175,176,205,206,211,213,217,222,227,237,239,242
132:14,25,26,28,36,38,47,54,72,75,77,80,84,85,92,98,110,111,112,115,116,119,120,122,123,125,127,192,136,138,139,143,155,158,166,187,193,194,198,201,205,206,207,210,216,219,223,227,229,230,232,234,238,241,245
133:2,3,4,5,7,9,10,12,13,21,22,24,25,29,32,37,42,45,59,61,72,76,81,82,103,106,108,110,113,123,130,196,136,147,148,154,156,157,158,161,166,168,169,178,181,183,185,189,190,201,208,212,214,224,232,233,235,238,242,246
134:2,6,9,36,40,45,46,53,54,69,74,77,78,81,83,86,112,115,116,120,121,127,128,129,130,218,136,148,161,165,170,171,176,181,184,188,190,193,203,212,214,222,225,239,243,244,247,249
135:5,6,9,13,17,18,20,23,27,37,38,39,45,49,53,56,65,68,69,71,73,85,86,87,94,95,105,124,240,137,138,150,154,157,159,172,173,174,187,193,201,203,204,205,206,210,214,225,229,232,245,248
136:5,17,18,20,23,38,39,45,47,73,77,83,86,88,91,95,97,102,103,113,118,119,121,125,132,133,134,217,137,139,146,158,163,164,167,168,169,178,183,189,193,195,196,203,211,214,216,219,220,222,225,234,236
137:1,5,12,24,42,48,50,61,64,74,80,101,103,104,106,109,110,112,124,130,131,135,136,211,138,141,142,146,150,152,155,159,164,178,181,185,188,190,191,194,196,198,201,205,212,216,221,227,228,229,231,233,244,249
138:0,1,3,6,22,23,24,27,29,35,36,38,48,49,64,66,67,68,75,84,88,90,91,92,95,97,100,107,111,119,130,132,135,137,194,140,141,142,143,148,155,159,165,175,177,179,180,192,196,203,209,212,217,219,229,240,243,245
139:7,11,14,16,18,21,26,27,28,34,41,43,49,72,74,80,84,90,95,98,102,111,113,116,122,130,132,136,183,143,146,147,149,154,155,159,161,162,166,167,175,176,178,181,185,189,197,201,202,203,211,214,217,221,225,230,231,233,240,246,248
140:0,8,10,19,21,31,35,38,40,41,42,46,56,58,59,60,70,79,89,99,105,108,115,131,138,197,144,145,147,148,150,154,158,160,165,180,185,190,194,195,196,202,206,212,213,214,217,235,241,247
141:0,1,7,12,13,15,19,20,34,37,39,42,44,47,49,52,53,69,71,73,75,76,78,84,85,89,90,97,99,117,118,127,137,138,186,144,154,165,180,195,199,210,214,216,217,219,220,225,235,241
142:1,4,5,11,18,20,24,25,32,37,52,59,66,74,80,83,88,92,110,112,113,115,127,137,138,204,146,148,152,156,157,161,164,166,174,176,177,179,185,186,187,188,191,208,212,213,221,226,230,233,235,247,249
143:2,4,11,28,29,45,48,50,58,60,64,70,71,72,76,79,85,88,98,99,106,107,115,121,123,127,132,138,139,164,144,146,157,161,163,165,175,184,186,192,198,199,206,207,210,216,217,223,226,229,237,238,240,249
144:1,4,7,8,23,27,36,40,46,50,52,53,59,64,68,72,77,94,105,111,118,119,125,126,128,130,140,141,143,239,146,153,166,168,178,180,181,189,190,193,197,207,217,224,225,227,230,232,234,237,245,249
145:0,7,17,24,29,31,36,37,48,88,89,90,97,98,101,103,105,119,122,126,131,140,239,147,148,154,159,166,167,170,174,178,189,191,192,193,206,220,221,222,234,235,238,242,247,248
146:16,24,31,41,42,47,56,57,61,64,71,77,81,89,97,103,108,115,117,118,136,137,139,142,143,144,242,157,160,161,169,174,182,204,206,210,211,226,231,240,243,245,247,249
147:3,4,9,11,18,19,22,24,35,40,46,54,64,66,77,81,82,94,97,100,102,105,120,130,133,139,140,145,221,153,154,156,157,158,159,166,168,182,188,197,199,201,204,206,214,215,217,224,230,231,234,235,237,241,243,245
148:0,2,3,7,11,14,15,18,20,25,26,38,50,51,52,56,59,65,66,69,74,82,96,104,105,110,112,114,117,121,122,128,133,134,138,140,142,145,224,156,157,170,172,177,178,186,187,188,190,195,204,206,207,209,213,214,226,234,245
149:9,11,14,23,29,32,35,38,43,44,47,50,51,52,58,60,64,66,70,74,75,79,81,83,95,108,122,124,139,214,151,152,156,158,161,168,171,172,173,182,188,190,193,198,201,202,205,228,231,236,241
150:2,4,13,14,15,19,22,26,37,46,49,51,56,57,61,63,72,74,75,76,78,82,86,90,103,109,110,114,116,126,135,137,140,189,155,161,162,167,174,187,188,195,201,205,211,216,223,226,228,234,235,237,238
151:1,5,6,8,12,16,26,37,38,56,58,63,64,70,72,75,76,80,84,85,92,101,102,109,120,125,149,244,153,160,164,167,174,179,188,189,194,195,198,202,210,213,221,222,226,231,246,248
152:4,6,12,18,20,23,30,33,34,41,44,54,61,65,70,74,90,98,110,112,116,121,124,137,142,149,219,154,156,170,173,179,181,182,188,194,196,205,206,209,212,214,218,225,226,228,231,233,240,243
153:4,7,11,23,25,26,28,29,30,31,32,33,38,40,44,45,47,55,58,72,73,90,92,97,101,106,107,113,115,116,117,119,131,144,147,151,154,164,166,168,171,179,181,186,188,195,197,211,220,221,223,225,226,228,232,235,239,246,247,248
154:0,2,3,6,10,16,25,34,39,41,42,43,51,56,65,70,72,76,81,84,86,88,91,93,94,102,115,118,120,122,127,133,135,139,140,141,145,147,152,153,161,157,160,173,175,179,187,196,201,211,213,218,219,222,232,243,244,245,248
155:4,5,6,7,15,20,21,23,24,27,39,41,49,55,56,58,75,82,88,99,100,102,105,107,111,113,116,117,121,122,126,128,129,132,137,138,139,150,201,157,160,163,173,176,179,183,194,196,198,199,200,205,210,214,220,222,224,225,231,234,246
156:24,28,29,33,36,45,47,48,57,66,71,73,74,82,88,95,97,103,109,111,112,114,115,121,130,133,142,147,148,149,152,225,157,158,159,171,180,185,186,189,191,196,203,210,215,223,224,226,234,235,243,246,247,248
157:15,16,18,23,25,38,40,48,51,56,61,64,65,68,69,87,92,100,109,123,130,131,133,135,142,143,146,147,148,154,155,156,160,158,166,177,178,179,186,188,189,192,195,203,205,207,212,213,246,248
158:0,7,14,17,23,33,35,36,47,51,53,63,69,71,74,76,82,83,87,91,98,99,101,103,109,110,112,116,122,128,131,132,133,136,140,147,149,156,157,235,167,168,170,195,200,211,213,218,219,220,222,228,230,233,239,240
159:6,12,29,31,36,41,42,43,46,49,51,58,61,62,68,76,77,87,92,95,97,106,113,114,115,116,119,124,128,135,137,138,139,145,147,156,168,160,162,167,172,178,184,187,192,193,195,206,210,211,215,218,220,222,227,234,237,240,245
160:3,4,9,14,17,25,29,34,38,46,47,62,75,77,78,84,86,87,93,99,102,103,104,106,108,109,111,112,113,115,130,140,146,151,154,155,157,159,230,167,170,173,176,184,187,192,197,199,207,212,213,219,234,235,236,243,246,247
161:1,9,12,14,20,27,37,39,40,45,50,55,72,74,79,85,88,105,107,109,115,126,129,130,133,134,139,142,143,146,149,150,154,189,166,167,168,174,176,177,179,182,184,188,195,210,214,217,224,226
162:1,16,21,23,27,28,37,40,42,46,55,56,64,67,69,72,73,85,86,87,88,96,100,104,105,106,139,150,159,237,164,172,174,184,194,199,204,207,209,214,220,232,234,245
163:5,6,10,14,16,17,21,25,30,31,41,43,45,46,53,54,59,60,63,64,66,72,83,93,98,105,106,107,110,114,123,136,143,155,188,165,167,174,183,187,191,212,215,233,237,242,243,245,246
164:3,6,7,9,10,11,14,16,21,30,61,67,69,73,74,86,87,90,91,96,105,111,127,129,136,137,142,143,151,153,162,206,170,176,177,181,184,190,196,199,200,213,218,220,232,238,249
165:12,15,24,28,29,43,51,53,55,57,60,65,80,83,85,87,90,103,113,117,118,122,125,129,134,138,140,141,143,163,192,168,179,181,184,186,187,194,195,199,206,208,217,218,219,221,228,230,235,240,248
166:6,7,10,14,15,50,57,58,63,74,86,88,89,97,98,107,114,116,124,132,133,139,142,144,145,147,153,157,161,221,167,174,176,186,187,196,199,200,203,211,217,224,226,231,232,235,236,248
167:0,1,2,6,9,11,15,22,23,34,42,45,46,49,60,64,66,68,69,73,76,90,91,96,102,104,107,108,112,131,136,139,145,150,151,158,159,160,161,163,166,223,172,191,192,206,207,208,216,217,219,241,243,248
168:0,1,3,11,13,16,20,21,25,29,31,38,45,50,56,61,66,70,75,78,81,83,86,89,91,98,109,111,116,119,120,127,131,133,136,144,147,149,153,158,159,161,165,186,169,170,171,176,184,189,193,194,196,211,213,214,226,229,230,231,236,239,242
169:2,6,13,18,20,25,38,49,50,54,56,59,60,66,69,70,73,74,77,78,81,87,91,93,95,96,97,102,106,112,115,118,120,123,131,133,136,146,168,232,182,186,187,201,204,208,209,220,221,224,235,237,238,248
170:2,7,28,30,34,47,49,52,59,74,76,77,80,81,88,91,97,101,110,115,121,134,145,148,152,158,160,164,168,243,174,176,186,190,191,199,204,207,212,216,219,220,222,225,228,230,232,233,235,238,241,244,248
171:1,6,7,10,20,29,32,37,39,41,56,57,63,64,65,67,79,83,91,92,97,99,101,103,106,109,110,113,117,120,128,129,131,134,149,153,156,168,188,172,175,183,191,197,198,201,205,210,213,215,222,226,228,234,235,238,239,247
172:8,10,21,31,32,37,43,44,52,87,89,91,93,96,97,102,106,113,118,128,135,148,149,159,162,167,171,186,178,201,205,207,210,217,218,224,226,230,231,232,235,238,243
173:12,14,17,19,20,26,28,30,37,44,46,51,58,63,65,68,70,73,78,79,85,86,94,107,112,115,120,121,123,128,130,135,149,152,154,155,160,248,178,179,186,188,194,201,206,210,219,221,224,225,227,229,235,236,237
174:0,5,17,18,19,21,32,36,38,40,43,50,53,55,57,58,65,67,72,80,86,87,113,122,126,130,131,135,142,145,146,150,151,161,162,163,166,170,213,187,194,197,198,215,218,219,221,226,227,231,239,242
175:8,9,23,26,28,34,35,37,38,42,47,48,52,69,76,79,98,100,105,116,120,126,127,128,131,138,139,143,154,171,192,187,190,193,194,199,203,226,227,232,235,246
176:2,5,6,8,12,14,20,25,26,35,37,47,55,58,59,64,65,70,76,78,86,87,92,97,101,107,109,110,124,126,128,131,134,139,142,155,160,161,164,166,168,170,230,180,184,201,209,211,213,214,215,231,245
177:1,2,4,17,22,33,34,35,42,45,46,48,60,69,76,82,83,100,111,112,116,117,123,126,138,142,148,157,161,164,187,185,188,191,195,198,203,229,237,238
178:0,2,6,16,17,21,25,30,31,47,55,58,62,67,78,88,91,92,99,105,109,113,118,122,127,130,133,136,137,139,144,145,148,157,159,172,173,249,179,182,184,187,198,203,207,209,210,223,224,225,227,239,242
179:4,12,16,17,21,26,28,34,39,55,61,62,64,68,73,74,75,76,82,92,93,106,109,110,116,120,124,138,142,151,152,153,154,155,157,161,165,173,178,221,185,186,197,217,224,225,228,234,235,248
180:0,3,11,35,41,47,52,62,64,67,73,79,81,84,88,93,108,115,117,121,127,128,138,140,141,144,156,176,194,182,186,196,198,206,216,221,232,234,239,241,247,249
181:0,3,10,12,14,19,23,26,28,31,47,48,49,53,54,65,67,70,76,83,90,93,95,103,108,112,121,128,133,134,137,139,144,152,153,164,165,239,184,188,192,194,196,197,211,214,220,221,225,234,237,247
182:1,22,23,25,29,31,34,37,38,45,68,70,72,77,78,82,86,88,89,107,112,119,121,125,126,146,147,149,152,161,169,178,180,235,190,203,207,213,221,225,229,239,241
183:4,15,18,29,30,37,39,40,53,58,62,63,65,66,73,86,89,90,91,96,106,108,109,110,113,114,116,125,126,129,133,136,139,155,163,171,185,190,198,206,207,211,214,220,221,227,229,236,237,240,243
184:4,10,18,21,34,36,38,39,51,56,57,69,75,84,85,87,96,99,106,108,120,122,134,143,159,160,161,162,164,165,168,176,178,181,210,185,187,189,195,196,199,202,204,211,216,220,228,232,238,240,247,249
185:0,17,27,28,54,55,60,61,73,81,93,95,100,111,122,127,129,130,133,137,139,140,142,156,177,179,183,184,216,187,188,197,212,214,224,225,230,239,244,247,249
186:1,7,12,25,26,34,37,43,44,49,50,51,53,54,56,59,65,66,70,74,75,86,87,93,101,109,111,113,115,121,122,141,142,143,148,153,156,157,165,166,168,169,170,172,173,179,180,230,187,204,211,215,224,225,227,229,242,245,247
187:3,5,10,11,12,14,17,21,27,46,62,69,70,79,80,81,83,86,88,94,96,98,100,103,105,111,118,123,124,129,132,135,142,148,150,154,159,160,163,165,166,169,174,175,177,178,184,185,186,234,192,195,211,214,217,226,231,232,235,245
188:2,4,5,11,13,16,17,24,27,40,45,49,53,56,64,82,83,84,93,96,97,100,108,110,121,125,127,134,137,142,147,148,149,150,151,152,153,157,161,163,171,173,177,181,185,197,192,204,209,216,229,232,235,241,244,247,249
189:16,17,19,30,37,41,45,47,49,55,65,70,72,75,77,81,83,86,88,90,91,93,97,100,107,108,111,121,122,123,126,129,133,136,139,144,145,150,151,156,157,161,168,184,238,191,193,198,201,202,207,209,211,217,221,224,230,236,241,242
190:2,6,7,10,23,26,39,40,43,54,55,61,63,71,72,79,80,96,98,100,108,112,114,115,117,119,122,125,127,133,134,137,140,144,148,149,164,170,175,182,183,226,200,210,211,212,215,219,220,231,237,240,244
191:0,1,7,13,18,20,22,28,29,30,31,32,34,35,38,39,41,45,58,63,68,69,70,77,78,82,86,87,90,98,99,113,114,118,121,123,130,137,142,145,156,163,167,170,171,177,189,197,192,202,203,210,213,217,225,231,236,237,239,240
192:1,9,14,17,22,24,29,30,31,32,35,47,54,60,66,67,72,80,81,83,87,88,113,117,120,123,124,125,126,128,129,132,138,143,145,157,159,160,165,167,175,181,187,188,191,240,194,201,207,208,209,210,217,220,224,226,230,237,241,242,244,245
193:0,5,7,11,12,14,20,27,33,45,52,55,67,72,73,75,87,89,90,96,97,98,112,114,118,119,121,122,129,132,134,135,136,144,145,149,159,168,175,189,231,197,198,219,221,222,224,228,233,235,236,238,240,242
194:11,13,16,17,22,33,42,44,60,68,70,72,73,82,87,91,94,95,104,106,109,110,112,119,120,121,122,126,132,137,138,140,151,152,155,162,165,168,173,174,175,180,181,192,216,204,205,210,211,215,218,219,220,222,223,226,227,234,243
195:0,13,14,17,19,29,31,39,43,57,59,64,67,70,83,85,90,106,111,113,117,120,122,124,136,140,141,148,150,151,153,157,158,159,161,165,177,184,187,220,197,206,207,209,214,231,238,240
196:13,14,17,18,20,26,42,47,48,52,53,54,57,62,69,70,72,77,87,88,96,97,99,100,102,104,108,110,112,117,119,122,129,133,136,137,138,140,152,154,155,156,164,166,168,180,181,184,227,213,214,216,230,239,246
197:3,8,14,17,23,25,31,36,43,47,49,55,56,62,63,80,81,86,94,111,114,115,125,139,140,144,147,153,160,171,174,179,181,185,188,191,193,195,206,198,200,202,204,210,213,219,229,230,238,239,241,244
198:9,10,14,18,27,28,40,41,43,48,54,61,63,65,66,70,71,76,82,83,84,97,98,105,112,115,118,120,123,128,132,137,143,149,151,155,171,174,177,178,180,183,189,193,197,222,200,204,205,216,219,220,231,238
199:8,13,15,38,41,45,59,66,70,76,78,89,91,93,95,98,103,108,115,118,126,128,129,131,141,143,147,155,160,162,164,165,166,170,175,184,242,205,210,212,213,216,217,219,222,230,240,248
200:2,4,10,13,18,25,32,35,39,40,46,47,48,49,50,57,60,70,74,76,79,93,96,102,105,107,109,113,117,118,120,122,130,155,158,164,166,190,197,198,236,203,214,223,235,237,249
201:3,8,14,15,33,41,44,47,54,58,63,64,65,69,72,74,80,85,98,105,106,115,116,132,133,135,137,139,147,149,150,154,155,169,171,172,173,176,189,192,210,211,212,220,226,227,233,235,236,245,247
202:1,13,19,26,34,39,44,50,52,60,61,68,69,74,78,79,81,82,86,106,118,120,125,129,130,139,140,149,151,184,189,191,197,243,213,218,224,227,230,231,232,233,235,239,244,245
203:9,13,16,26,39,42,43,45,47,48,50,52,55,62,76,80,84,87,88,90,97,100,108,110,114,116,125,127,128,134,135,136,138,139,156,157,166,175,177,178,182,191,200,215,206,226,228,241,245,249
204:2,8,10,11,15,19,20,22,23,24,30,31,40,46,49,51,53,58,59,60,70,80,84,91,93,102,106,110,118,127,135,142,146,147,148,162,169,170,184,186,188,194,197,198,205,208,213,218,219,225,230,239,240,242,245,246,248
205:7,8,11,16,18,19,20,21,23,39,49,57,67,69,72,73,76,81,96,107,109,112,117,121,122,126,131,132,135,137,149,150,152,155,157,171,172,194,198,199,204,245,212,222,234,237,248
206:2,16,17,26,29,34,36,40,45,55,58,62,71,80,81,99,103,104,110,116,117,124,131,132,135,140,143,145,146,147,148,152,159,164,165,167,173,180,183,195,197,203,207,210,213,215,219,220,222,223,224,227
207:2,3,5,19,28,47,48,55,57,59,62,64,65,67,70,71,80,88,90,91,93,97,106,113,115,119,123,132,143,144,148,157,160,162,167,170,172,178,182,183,189,192,195,206,228,213,231,237,239,243,246
208:1,3,4,8,10,12,17,18,20,24,27,30,37,46,58,61,71,79,83,84,95,105,106,112,129,133,142,165,167,169,192,204,244,211,218,223,225,228,229,230,231,236,238,239,241,246,247,249
209:6,11,12,16,18,23,26,28,31,34,40,42,43,44,58,59,62,64,65,67,69,72,85,89,90,104,114,118,123,125,138,148,152,162,169,176,178,188,189,192,195,247,213,217,224,228,237,239
210:1,2,7,13,26,38,57,60,64,71,74,76,82,90,96,99,103,107,110,115,127,129,132,135,141,143,146,151,155,156,159,161,171,172,173,178,184,190,191,192,194,197,199,201,206,246,215,216,235,236,241,244
211:3,10,14,17,20,22,23,30,31,33,34,36,40,42,45,47,52,56,57,63,68,74,77,79,81,83,90,100,116,123,124,130,131,136,137,139,146,150,153,154,158,159,166,168,176,181,183,184,186,187,189,190,194,201,208,233,213,214,216,221,225,231,234
212:3,10,19,22,31,36,38,44,49,52,53,57,63,65,73,74,88,91,95,98,101,106,107,111,112,118,124,129,133,134,137,138,140,142,152,157,160,163,170,185,190,199,201,205,245,215,217,221,226,234,237,244
213:2,5,8,11,13,14,17,19,20,21,28,34,37,38,40,42,45,61,66,69,72,75,78,81,82,91,93,100,102,113,116,124,128,131,140,142,148,151,154,157,158,160,164,168,171,174,176,182,191,196,197,199,202,204,206,207,209,211,228,215,220,221,230,233,235,236,239,240
214:9,15,18,19,24,32,35,39,41,43,45,47,49,53,54,78,83,89,94,95,103,104,105,106,109,114,118,124,128,133,134,135,136,139,140,141,147,148,149,152,155,161,162,168,176,181,183,185,187,195,196,200,211,216,217,218,221,222,230,235,238,242
215:1,9,10,26,35,39,40,41,47,55,67,82,86,88,89,104,111,112,118,147,156,159,163,171,174,176,186,190,194,203,206,210,212,213,222,235,239,244
216:0,4,12,16,17,21,26,27,32,34,35,42,44,53,56,75,78,84,85,88,89,91,97,103,106,109,110,129,132,136,137,141,143,150,167,170,180,184,185,188,194,196,198,199,210,211,214,234,221,225,235,236,237,242,246
217:6,8,16,22,24,29,32,34,39,40,48,54,64,72,80,81,93,96,97,107,123,124,128,131,136,138,139,140,141,143,144,147,161,165,166,167,172,179,187,189,191,192,199,209,212,214,236,219,222,228,232,237,240,247
218:1,5,6,16,19,22,42,45,46,50,52,56,57,59,62,66,72,78,80,81,82,89,92,94,97,119,124,134,152,154,158,159,164,165,172,174,194,202,204,208,214,227,234,239,240,248
219:1,4,6,7,13,27,31,33,36,38,46,48,52,66,68,71,76,99,108,115,117,125,132,136,138,141,152,154,158,160,165,167,170,173,174,190,193,194,197,198,199,204,206,217,247,225,229,231,233,236,239,240,242,246
220:1,8,11,12,24,27,28,33,47,59,60,63,69,70,74,78,86,91,94,98,100,101,104,109,114,116,117,125,130,136,141,145,153,155,158,159,162,164,169,170,181,183,184,190,192,194,195,198,201,206,213,229,223,245
221:3,13,16,20,25,45,49,62,67,86,91,94,95,97,107,109,124,126,128,137,139,142,145,147,151,153,165,166,169,173,174,179,180,181,182,183,189,193,211,212,213,214,216,244,224,233,236,237,239
222:3,32,34,37,38,39,42,43,59,70,79,81,82,85,97,100,103,108,111,120,131,134,136,145,151,154,155,158,159,170,171,193,194,198,199,205,206,214,215,217,236,223,225,232,240,244
223:0,7,9,10,15,23,27,33,34,37,45,46,47,53,54,64,67,69,72,79,84,89,91,111,132,143,150,153,156,167,178,194,200,206,208,220,222,241,233,235,248
224:0,7,16,18,21,23,24,31,35,57,61,63,71,73,74,89,93,99,105,114,116,118,124,125,133,144,147,148,155,156,161,166,169,172,173,178,179,185,186,189,192,193,202,206,209,221,247,229,233,236,238,239,240,248,249
225:0,11,22,24,28,30,32,35,39,40,44,45,46,54,56,57,58,60,63,71,72,79,81,87,104,117,127,129,134,135,136,139,141,144,152,153,155,156,170,173,178,179,181,182,185,186,191,204,208,211,216,219,222,240,226,229,231,234,235,245,248,249
226:12,14,30,32,34,37,46,50,51,52,68,70,73,75,79,96,99,101,112,113,117,120,121,124,142,143,146,148,150,151,152,153,156,161,166,168,171,172,174,175,187,190,192,194,201,203,212,225,243,245
227:1,2,6,9,13,20,32,38,70,72,73,84,87,96,101,109,114,116,118,124,131,132,137,144,159,173,174,175,178,183,186,194,196,201,202,206,218,246,228,231,233,236,237,238,241,243,244
228:5,13,15,17,18,24,27,31,40,42,55,57,64,65,73,75,79,84,91,92,95,100,101,108,109,113,120,121,124,137,149,150,152,153,158,165,170,171,179,184,193,203,207,208,209,213,217,227,234,230,233,239,240,243,244,246
229:11,14,18,21,24,45,57,62,76,78,84,85,93,95,101,113,120,122,127,128,132,135,137,138,143,168,173,177,182,183,186,188,197,208,219,220,224,225,241,230,243
230:4,7,9,23,26,28,29,30,45,50,55,59,61,63,69,70,74,77,78,94,98,99,104,105,108,109,110,111,114,119,120,122,123,126,132,139,142,144,147,158,160,165,168,170,172,176,185,186,189,192,196,197,199,202,204,208,213,214,228,229,243,234,236,240,247
231:8,15,23,31,38,44,47,54,61,62,67,70,72,73,75,100,102,103,105,117,121,122,137,139,146,147,149,151,152,155,166,168,172,174,176,187,190,191,193,195,198,202,207,208,211,219,225,227,248,233,234,236,239
232:9,13,20,27,31,46,47,50,52,63,77,82,89,98,105,110,113,121,123,126,127,130,132,133,135,144,153,154,162,164,166,169,170,172,175,180,184,187,188,202,217,222,235,236,237,242,245,246,249
233:3,10,17,24,32,40,42,43,44,47,50,51,52,62,68,74,77,85,87,94,96,97,98,107,113,123,129,133,137,139,142,152,158,163,170,193,201,202,211,213,219,221,223,224,227,228,231,244,241
234:3,4,7,13,20,21,26,28,30,44,49,50,52,55,61,62,63,66,77,83,89,94,97,98,101,104,109,121,123,132,136,144,145,147,148,150,155,156,159,160,162,171,179,180,181,187,194,205,211,212,216,218,225,228,230,231,244,240,246
235:1,2,5,8,14,15,18,25,29,30,40,47,48,49,50,54,60,62,69,74,84,93,100,105,108,110,121,122,133,140,141,142,145,147,150,153,156,158,160,165,166,169,170,171,172,173,175,179,182,187,188,193,200,201,202,210,213,214,215,216,223,225,232,244,241
236:0,3,6,8,9,11,12,23,37,55,56,59,66,69,72,74,79,85,86,91,96,97,100,112,116,118,120,123,128,136,149,160,166,168,173,183,189,191,193,200,201,208,210,213,216,217,219,221,222,224,227,230,231,232,242,245,247
237:2,3,4,10,17,27,31,33,37,38,49,62,63,67,72,77,79,98,99,101,107,111,114,121,124,125,131,143,144,147,150,159,162,163,169,173,177,181,183,190,191,192,200,205,207,209,212,216,217,221,227,232,246,244,247,248
238:7,15,23,26,35,36,38,50,51,60,63,72,76,77,81,94,98,99,105,108,110,112,113,120,132,133,143,145,150,164,169,170,171,172,177,184,189,193,195,197,198,208,214,224,227,241,239
239:10,11,29,33,35,36,40,43,46,52,57,61,68,70,74,75,78,91,92,99,103,108,113,114,118,130,131,134,144,145,153,158,168,171,174,178,180,181,182,185,191,196,197,202,204,207,208,209,213,215,218,219,221,224,228,231,238,248,249
240:1,13,21,23,27,32,33,35,38,40,44,54,55,57,58,61,63,65,72,73,76,78,79,82,89,96,97,105,110,112,120,123,130,135,138,139,143,146,152,158,159,165,183,184,190,191,192,193,195,199,204,213,217,218,219,222,224,225,228,230,234,242,243,246
241:0,9,14,16,19,20,21,22,25,37,43,48,55,56,59,60,68,69,75,78,82,84,90,98,105,106,110,112,120,124,127,129,132,140,141,147,149,167,170,180,182,188,189,192,197,203,208,210,223,227,229,233,235,238,244
242:1,2,8,20,33,42,55,57,63,73,74,93,97,100,104,106,107,110,112,116,124,131,133,145,146,163,168,174,178,186,189,192,193,199,204,214,216,219,232,236,240,249,244
243:1,2,11,16,17,19,20,21,27,34,38,39,42,46,51,56,58,72,88,93,97,100,101,113,120,124,134,138,146,147,152,154,156,160,163,167,170,172,183,194,202,207,226,227,228,229,230,240,247
244:0,1,7,11,13,14,24,27,29,30,34,39,50,54,59,62,68,71,81,87,95,100,108,115,116,117,128,134,137,151,154,170,185,188,190,192,197,202,208,210,212,215,221,222,227,228,233,234,235,237,241,242,249
245:0,15,16,29,34,38,41,43,45,50,52,61,64,66,67,68,69,75,78,82,84,86,89,95,96,97,105,109,119,123,124,129,132,135,138,144,146,147,148,154,159,162,163,176,186,187,192,201,202,203,204,205,212,220,225,226,232,236,248
246:0,4,16,28,29,43,56,61,67,73,86,87,94,106,107,110,111,115,119,122,125,133,139,151,153,155,156,157,160,163,175,196,204,207,208,210,216,219,227,228,232,234,237,240,248,247,249
247:0,4,16,20,21,26,37,45,51,54,67,74,77,81,84,91,92,94,97,107,111,122,127,128,129,134,140,142,145,146,153,156,160,171,180,181,184,185,186,188,201,208,209,217,219,224,230,236,237,243,246,248
248:6,7,20,25,27,28,30,34,41,44,47,50,54,55,56,67,68,70,71,73,77,78,85,89,92,94,96,100,102,105,107,113,116,120,122,124,126,127,128,135,139,145,151,153,154,156,157,165,166,167,169,170,173,179,199,204,205,218,223,224,225,231,237,239,245,246,247,249
249:1,2,9,11,19,23,26,27,28,29,31,33,34,53,54,55,58,72,75,78,79,102,105,108,112,113,119,134,137,142,143,144,146,164,178,180,184,185,188,200,203,208,224,225,232,239,242,244,246,248
