0:87,2,4,5,6,7,8,9,10,11,16,17,18,19,22,24,26,27,33,36,38,41,44,45,46,49,50,51,57,58,60,62,63,67,68,71,73,77,78,79,81,84,86,88,94,97,98,99,108,109,110,111,112,114,115,117,120,124,126,127,130,131,135,138,141,144,146,147
1:106,4,7,10,13,14,15,17,19,20,24,25,26,27,28,33,35,38,40,41,42,44,45,48,49,54,55,56,57,62,68,69,72,74,75,76,77,79,80,81,82,83,85,86,87,88,89,90,92,93,94,95,98,99,100,101,107,110,111,112,113,114,116,120,122,123,125,129,130,132,133,135,136,138,141,142,147,148
2:0,91,3,8,9,10,12,16,18,20,21,22,26,27,28,29,30,31,32,36,37,41,42,43,47,51,52,55,56,57,58,59,66,67,69,72,76,77,78,79,82,84,86,88,89,94,96,97,100,102,104,107,108,117,121,122,123,127,129,130,136,137,138,139,142,143,145,149
3:2,103,6,10,14,16,19,20,21,22,26,27,29,31,32,33,35,38,41,42,43,47,49,51,52,54,59,61,63,65,67,70,71,72,73,74,76,78,81,84,85,87,88,90,94,99,101,105,108,110,111,114,121,122,123,124,125,127,128,131,132,133,141,144,145,147,149
4:0,1,83,5,6,9,13,15,16,18,19,20,22,24,25,26,30,31,32,33,37,38,39,41,45,48,54,57,59,60,62,63,67,68,69,70,72,73,75,76,78,82,87,88,89,90,95,96,97,100,101,103,105,106,107,108,109,110,111,119,121,124,128,130,134,135,136,138,139,140,142,143,144,146,148,149
5:0,4,44,8,15,17,22,23,27,30,32,36,38,39,40,41,43,45,47,49,50,53,57,58,61,62,65,69,71,72,75,78,80,81,83,88,90,91,93,94,95,96,98,99,100,101,105,109,110,111,113,114,116,117,118,119,120,122,125,126,130,131,135,137,139,143,144,146,148
6:0,3,4,52,7,10,11,13,14,17,18,22,24,26,28,29,30,33,35,36,37,39,44,45,50,56,57,58,60,63,64,65,66,71,72,74,75,76,79,82,83,84,86,87,88,91,94,96,99,100,103,106,109,111,113,115,118,119,121,123,128,130,132,133,135,136,137,138,140,142,144,146,148
7:0,1,6,18,8,11,14,17,20,21,22,26,32,36,38,40,41,42,44,46,50,52,57,58,59,61,63,65,66,67,70,71,73,75,78,79,80,81,82,83,84,85,86,87,89,90,91,92,100,101,103,104,105,108,110,117,119,120,124,125,127,128,131,134,136,137,138,139,140,141,142,145,147,149
8:0,2,5,7,111,14,16,17,18,19,21,22,23,24,27,29,30,32,33,34,36,37,38,40,41,42,43,44,45,46,47,48,49,50,52,54,55,56,61,63,66,67,69,71,72,73,74,75,76,77,78,79,85,86,88,89,91,92,93,95,96,98,103,105,106,107,110,115,116,118,119,121,122,124,125,126,127,132,133,134,135,137,138,141,144,146,147,148
9:0,2,4,64,11,13,14,18,21,22,25,31,32,33,36,37,38,39,40,42,44,47,48,49,50,52,53,55,57,58,60,68,74,79,82,83,84,85,90,91,92,94,95,96,98,99,101,103,106,109,111,112,116,117,119,122,123,125,126,128,130,131,132,135,136,137,138,140,143,144,146
10:0,1,2,3,6,83,11,12,13,14,16,19,21,23,26,30,32,34,35,36,37,38,39,41,42,43,44,46,49,50,51,52,53,55,56,58,59,60,61,62,63,64,72,74,75,76,80,81,84,85,93,94,96,97,99,101,102,105,110,111,115,120,121,125,126,127,131,135,136,140,141,143,145,147,148,149
11:0,6,7,9,10,40,13,14,16,19,20,21,23,27,28,30,33,37,45,47,52,55,59,60,62,67,68,74,76,77,81,82,83,88,89,91,94,96,98,101,103,104,108,109,115,117,119,121,122,124,126,127,128,129,130,131,132,134,135,136,137,138,143,147,148,149
12:2,10,46,15,18,19,21,22,23,25,26,27,28,30,32,33,34,37,38,40,41,42,43,44,47,48,49,56,58,61,63,65,66,68,70,71,75,76,77,78,79,80,81,82,88,90,91,94,95,96,98,100,101,104,105,106,107,108,109,112,113,114,115,117,120,121,124,126,131,132,133,135,139,140,142,144,145,146,148
13:1,4,6,9,10,11,102,14,19,21,25,30,31,32,36,38,43,46,47,48,50,53,59,60,62,64,68,69,70,72,74,77,78,82,84,88,90,92,93,96,98,99,100,103,104,107,110,114,115,116,117,118,119,120,123,124,125,126,127,128,130,134,138,139,140,141,144,146,147,148,149
14:1,3,6,7,8,9,10,11,13,40,15,16,18,19,20,23,25,30,31,32,33,36,41,42,43,44,45,49,51,55,56,57,65,68,69,73,74,75,80,83,84,85,86,93,95,96,97,99,100,103,107,109,111,114,115,116,118,119,120,121,122,125,127,128,131,132,133,134,135,137,138,139,140,143,144,145,146,147
15:1,4,5,12,14,23,17,19,21,22,26,27,28,31,33,35,37,38,39,43,44,45,47,48,54,56,58,60,61,63,70,71,72,75,77,79,80,81,82,85,86,87,88,89,90,92,94,95,96,97,100,101,112,114,116,117,118,120,125,126,127,132,134,136,137,139,140,141,143,144,145,147,148,149
16:0,2,3,4,8,10,11,14,46,19,20,23,24,25,29,30,32,33,35,36,39,40,42,43,45,49,53,56,57,58,61,62,64,66,67,69,70,74,75,77,81,83,84,89,90,91,92,93,94,97,99,101,103,105,107,109,111,113,114,126,131,136,138,139,141,143,144,147,148,149
17:0,1,5,6,7,8,15,96,21,23,25,26,27,29,30,32,33,38,40,41,43,45,46,47,48,50,53,55,56,57,62,63,67,69,71,72,73,75,76,78,79,80,81,82,83,84,85,86,87,89,90,93,95,97,98,101,103,104,105,107,108,109,111,115,116,117,119,120,121,124,126,128,131,132,133,134,136,137,138,140,141,144,145,148
18:0,2,4,6,7,8,9,12,14,61,25,26,27,28,29,30,34,35,39,40,41,43,44,45,46,47,51,53,55,58,59,60,62,63,64,69,75,76,78,80,84,85,88,91,95,96,97,98,100,105,107,108,110,113,115,116,119,123,125,126,127,128,130,131,133,135,136,138,142,144,145,149
19:0,1,3,4,8,10,11,12,13,14,15,16,105,20,22,24,27,28,30,31,33,35,36,37,41,42,45,46,48,49,53,56,58,59,60,61,62,64,66,70,71,72,73,74,75,77,78,80,82,83,84,85,89,92,93,95,98,100,102,107,113,116,118,120,121,126,129,132,135,139,140,146,148
20:1,2,3,4,7,11,14,16,19,115,22,23,26,28,32,35,36,40,41,42,47,49,50,51,52,54,57,58,62,66,70,72,76,77,78,81,83,84,87,89,90,91,93,94,96,97,98,99,100,103,106,107,108,110,111,112,113,118,125,126,128,129,130,131,132,134,135,136,137,140,141,142
21:2,3,7,8,9,10,11,12,13,15,17,94,24,25,26,27,32,34,35,40,41,42,49,50,54,55,57,58,60,61,64,67,68,70,73,74,75,78,82,85,86,88,90,91,92,96,97,98,99,100,101,102,103,104,105,108,115,118,124,127,129,131,132,133,136,139,141,144,147
22:0,2,3,4,5,6,7,8,9,12,15,19,20,105,23,25,29,32,35,36,39,42,44,45,47,48,49,51,52,53,60,63,64,68,69,71,74,76,77,79,84,85,87,90,93,94,95,97,99,100,101,103,106,107,109,110,111,120,121,122,123,126,127,128,130,132,133,135,137,138,141,143,144,145,148
23:5,8,10,11,12,14,15,16,17,20,22,25,28,30,31,32,34,35,37,39,43,44,46,47,49,51,52,53,54,56,58,59,61,62,66,67,70,71,73,75,82,83,84,85,86,87,90,92,94,95,98,99,100,102,104,106,108,112,114,116,117,118,119,120,122,123,124,126,127,129,130,131,132,133,135,138,142,143,144,146,148,149
24:0,1,4,6,8,16,19,21,74,27,29,30,31,32,34,35,36,37,38,39,40,44,45,46,47,49,54,57,60,61,62,63,64,69,71,72,73,79,80,81,88,91,92,93,97,98,104,110,111,112,116,118,119,123,124,127,128,129,131,132,134,135,136,137,139,144
25:1,4,9,12,13,14,16,17,18,21,22,23,149,27,28,29,30,31,34,36,38,39,41,43,44,47,49,51,52,53,56,57,58,59,60,61,62,63,65,72,73,74,78,83,84,86,90,92,96,97,98,102,103,104,106,107,108,110,112,113,118,121,126,127,128,134,135,136,137,138,139,140,146,148
26:0,1,2,3,4,6,7,10,12,15,17,18,20,21,80,30,31,34,35,39,41,43,44,45,47,49,50,51,55,57,60,61,63,66,68,69,70,73,75,76,77,79,87,89,90,92,95,97,99,100,101,102,103,104,107,108,110,111,114,115,116,119,120,124,126,130,131,132,134,135,136,137,139,141,143,144,146
27:0,1,2,3,5,8,11,12,15,17,18,19,21,24,25,118,28,30,32,34,35,36,37,40,48,49,50,51,52,54,56,58,63,64,65,68,72,73,77,81,82,84,86,92,94,95,96,97,100,103,104,105,106,109,110,116,124,125,126,127,129,130,131,134,135,139,141,146,148
28:1,2,6,11,12,15,18,19,20,23,25,27,139,34,36,37,38,41,46,47,48,51,53,57,58,64,65,70,71,76,77,78,80,82,86,87,89,90,94,95,96,100,101,102,107,109,111,114,116,117,119,120,121,123,125,127,131,134,136,144,146,148,149
29:2,3,6,8,16,17,18,22,24,25,62,33,37,38,40,41,43,44,47,50,51,52,53,56,60,67,69,72,75,77,79,80,81,82,83,85,87,88,94,100,103,104,107,112,113,114,115,118,122,124,125,127,133,134,135,137,138,139,140,141,144,146,148
30:2,4,5,6,8,10,11,12,13,14,16,17,18,19,23,24,25,26,27,98,31,32,35,36,39,41,43,46,47,49,52,53,55,56,57,58,62,63,66,72,75,81,84,85,86,88,89,92,95,99,100,102,104,105,106,107,108,109,110,112,113,114,117,120,121,122,124,125,128,131,136,137,138,139,141,142,143,144,147,148,149
31:2,3,4,9,13,14,15,19,23,24,25,26,30,76,32,33,34,36,37,38,39,43,47,48,49,53,55,57,58,59,61,63,64,65,66,67,68,69,71,72,74,75,79,82,83,85,86,87,90,91,94,95,96,97,98,101,102,103,105,108,111,114,116,117,121,123,126,128,130,131,132,133,137,138,139,141,143,145
32:2,3,4,5,7,8,9,10,12,13,14,16,17,20,21,22,23,24,27,30,31,61,40,41,44,45,51,53,55,59,62,66,69,70,72,74,76,79,81,84,86,88,89,92,93,95,97,98,99,100,101,104,105,107,108,109,110,111,112,113,114,115,116,117,118,119,120,126,129,132,135,137,139,141,144,145,148,149
33:0,1,3,4,6,8,9,11,12,14,15,16,17,19,29,31,94,34,35,36,37,38,39,40,41,44,48,49,50,51,52,54,55,58,61,64,66,67,70,71,72,74,76,78,79,80,83,84,85,86,87,89,90,91,92,93,96,97,98,102,103,104,105,108,111,112,113,115,116,117,120,121,124,125,126,127,128,130,134,136,139,141,142,143,145,146,149
34:8,10,12,18,21,23,24,25,26,27,28,31,33,95,35,36,40,41,42,43,47,48,51,55,59,60,64,65,66,69,70,71,73,75,78,80,82,88,90,92,94,96,97,98,99,100,103,104,105,106,107,109,111,112,113,117,119,120,123,124,125,129,133,134,135,136,137,138,139,141,142,145,146,148
35:1,3,6,10,15,16,18,19,20,21,22,23,24,26,27,30,33,34,138,36,39,40,41,42,45,46,47,48,49,52,54,55,56,57,59,61,63,65,66,67,69,71,76,77,78,79,87,90,91,93,95,97,98,99,101,103,106,108,109,110,111,112,116,117,118,120,121,122,123,127,128,129,130,131,132,134,137,139,141,146,149
36:0,2,5,6,7,8,9,10,13,14,16,19,20,22,24,25,27,28,30,31,33,34,35,110,37,38,39,40,42,43,47,51,52,54,56,57,58,62,63,65,66,68,70,73,74,76,77,78,89,90,92,93,95,96,99,100,101,102,105,106,107,108,112,113,116,117,118,120,124,125,126,127,130,132,133,135,137,138,140,141,143,145,147,148
37:2,4,6,8,9,10,11,12,15,19,23,24,27,28,29,31,33,36,147,39,42,45,49,53,56,57,61,62,67,68,69,70,71,75,77,78,81,82,83,85,86,87,91,92,95,98,100,102,104,105,109,110,111,115,116,118,120,121,124,125,126,130,131,133,135,136,137,138,141,145,146
38:0,1,3,4,5,7,8,9,10,12,13,15,17,24,25,28,29,31,33,36,84,39,43,46,49,51,52,53,58,59,60,64,66,67,68,71,72,74,75,76,77,81,82,83,88,89,90,92,93,95,96,97,99,101,104,105,106,112,113,114,115,117,120,121,122,125,126,128,129,130,131,134,136,137,141,142,143,144,145,146
39:4,5,6,9,10,15,16,18,22,23,24,25,26,30,31,33,35,36,37,38,106,40,44,46,50,51,53,54,55,57,58,59,62,64,66,69,70,71,73,74,77,79,80,81,85,91,94,95,99,103,105,108,109,111,112,113,115,120,123,128,129,130,134,135,137,139,142,143,146,147,148
40:1,5,7,8,9,11,12,14,16,17,18,20,21,24,27,29,32,33,34,35,36,39,117,41,43,47,50,51,52,53,54,58,59,60,62,63,66,69,70,73,76,77,78,79,81,85,88,89,93,94,95,96,97,98,99,100,101,103,104,106,107,108,109,110,112,114,116,124,125,128,129,133,134,137,142,143,145,146,148,149
41:0,1,2,3,4,5,7,8,10,12,14,17,18,19,20,21,25,26,28,29,30,32,33,34,35,40,89,42,44,45,49,51,53,54,55,57,60,61,63,64,67,68,70,71,72,75,79,82,83,84,85,88,90,93,95,97,98,100,102,103,105,108,111,112,113,116,117,118,119,120,121,122,123,124,126,127,128,129,130,135,136,138,139,140,144
42:1,2,3,7,8,9,10,12,14,16,19,20,21,22,34,35,36,37,41,147,43,48,51,56,57,58,62,66,67,69,72,73,77,79,81,82,84,90,91,92,94,95,99,102,103,105,106,110,112,115,117,125,126,132,135,136,138,141,143,144,145,146,149
43:2,3,5,8,10,12,13,14,15,16,17,18,23,25,26,29,30,31,34,36,38,40,42,90,44,45,46,47,52,54,55,56,57,58,59,60,61,63,66,67,68,69,70,71,72,73,76,77,78,79,81,82,83,84,85,89,96,97,106,108,109,115,116,123,126,128,129,130,134,140,141,142,144,145,146,149
44:0,1,5,6,7,8,9,10,12,14,15,18,22,23,24,25,26,29,32,33,39,41,43,108,48,52,54,55,56,57,59,61,62,67,68,69,70,71,72,73,74,75,76,77,78,81,83,84,86,87,88,89,90,92,93,95,100,110,111,113,115,116,117,118,120,121,122,124,126,128,129,130,132,133,134,135,139,141,142,147,148,149
45:0,1,4,5,6,8,11,14,15,16,17,18,19,22,24,26,32,35,37,41,43,144,49,51,52,54,56,57,58,61,64,65,67,68,69,72,75,77,78,80,82,83,87,88,89,90,91,92,93,94,95,96,97,104,106,108,114,115,120,123,124,125,128,129,131,134,135,136,137,138,139,140,145,148
46:0,7,8,10,12,13,16,17,18,19,23,24,28,30,35,38,39,43,61,49,50,51,53,56,57,59,60,62,64,67,68,70,76,77,81,82,83,85,86,88,89,90,92,95,97,98,99,103,104,106,107,108,110,111,113,114,115,116,117,118,121,124,126,129,131,132,134,135,136,138,141,143,144,145,146,148,149
47:2,3,5,8,9,11,12,13,15,17,18,20,22,23,24,25,26,28,29,30,31,34,35,36,40,43,104,48,50,51,52,53,56,57,58,60,62,63,64,65,66,68,72,74,76,78,81,83,87,90,93,96,98,105,106,107,108,109,110,115,117,118,120,121,124,125,129,131,134,137,139,142,147,149
48:1,4,8,9,12,13,15,17,19,22,27,28,31,33,34,35,42,44,47,85,51,52,53,57,58,64,65,68,69,79,81,87,88,90,91,101,102,104,106,107,111,114,118,119,120,121,126,127,128,129,132,138,139,140,143,146,147,148,149
49:0,1,3,5,8,9,10,12,14,16,19,20,21,22,23,24,25,26,27,30,31,33,35,37,38,41,45,46,53,51,54,55,57,58,60,63,64,68,69,70,72,73,74,81,82,84,86,88,91,92,95,98,99,101,103,108,109,110,114,115,118,119,120,121,122,123,128,130,132,133,136,137,140,141,146,147,149
50:0,5,6,7,8,9,10,13,17,20,21,26,27,29,33,39,40,46,47,111,51,52,53,55,57,58,59,61,62,65,67,68,69,70,72,73,75,80,83,85,88,91,92,93,96,99,100,103,105,110,112,113,114,115,116,119,121,123,124,126,127,128,130,132,133,134,135,139,140,142,144,145,146,147,148
51:0,2,3,10,14,18,20,22,23,25,26,27,28,29,32,33,34,36,38,39,40,41,42,45,46,47,48,49,50,91,52,53,57,59,61,64,67,69,70,71,73,75,76,77,79,80,81,82,84,85,86,88,89,93,94,95,96,98,101,103,104,105,108,110,113,117,118,121,122,123,124,125,126,127,129,130,133,137,140,142,143,145,149
52:2,3,6,7,8,9,10,11,20,22,23,25,27,29,30,33,35,36,38,40,43,44,45,47,48,50,51,102,53,55,62,64,66,71,73,75,78,79,80,81,83,84,86,87,88,90,93,94,97,104,105,107,109,111,112,119,120,123,124,125,128,134,137,138,140,142,143,144,146
53:5,9,10,13,16,17,18,19,22,23,25,28,29,30,31,32,37,38,39,40,41,46,47,48,49,50,51,52,60,54,56,57,58,59,62,64,66,70,73,74,76,77,86,93,94,95,97,98,99,104,105,106,107,108,112,115,118,119,120,121,122,124,132,135,140,141,142,144,145,147
54:1,3,4,8,15,20,21,23,24,27,33,35,36,39,40,41,43,44,45,49,53,69,57,58,62,63,64,70,72,73,76,77,83,84,86,88,91,92,94,95,97,101,103,106,107,110,112,113,116,118,120,121,123,124,126,128,132,133,134,138,139,140,141,144,146,149
55:1,2,8,9,10,11,14,17,18,21,26,30,31,32,33,34,35,39,41,43,44,49,50,52,56,58,62,63,65,69,70,72,76,80,81,84,87,89,90,92,93,95,97,99,100,101,105,107,109,111,112,113,116,117,118,119,121,122,125,126,127,128,130,131,132,133,134,135,136,139,141,142,144,145,146,147
56:1,2,6,8,10,12,14,15,16,17,19,23,25,27,29,30,35,36,37,42,43,44,45,46,47,53,55,91,57,60,61,62,63,66,68,70,72,73,74,78,79,81,82,83,86,88,90,94,97,98,100,102,104,105,106,107,108,110,111,112,115,117,118,120,121,122,123,124,125,126,127,128,137,139,142,143,144,145,146
57:0,1,2,4,5,6,7,9,14,16,17,20,21,24,25,26,28,30,31,35,36,37,39,41,42,43,44,45,46,47,48,49,50,51,53,54,56,77,64,67,68,69,70,80,81,83,84,86,88,89,91,94,95,96,97,104,105,106,107,110,111,112,118,122,123,125,126,128,129,130,131,133,134,137,139,141,142,143,145,146,147,148
58:0,2,5,6,7,9,10,12,15,16,18,19,20,21,23,25,27,28,30,31,33,36,38,39,40,42,43,45,47,48,49,50,53,54,55,64,59,60,65,66,67,69,76,77,84,85,86,87,89,90,91,93,96,99,100,101,105,108,113,118,120,122,127,128,131,132,133,134,137,138,141,142,143,144,145,147
59:2,3,4,7,10,11,13,18,19,23,25,31,32,34,35,38,39,40,43,44,46,50,51,53,58,124,60,61,65,67,69,72,73,75,77,78,79,82,83,85,86,87,89,90,91,100,102,111,112,116,119,121,122,123,126,127,128,129,130,134,136,138,139,144,145,146,147,149
60:0,4,6,9,10,11,13,15,18,19,21,22,24,25,26,29,34,38,40,41,43,46,47,49,53,56,58,59,78,61,62,65,66,68,71,80,84,85,86,87,88,89,91,93,95,96,98,99,103,104,105,107,108,109,110,111,112,115,116,118,119,120,121,123,126,127,128,135,139,140,142,144,145,146,147,148,149
61:3,5,7,8,10,12,15,16,18,19,21,23,24,25,26,31,32,33,35,37,41,43,44,45,46,50,51,56,59,60,75,63,65,67,70,73,74,80,82,84,85,88,90,91,93,97,98,99,100,101,105,108,109,110,112,114,115,117,118,119,120,121,122,126,129,130,132,133,134,143,144,145,147,149
62:0,1,4,5,10,11,13,16,17,18,19,20,23,24,25,29,30,32,36,37,39,40,42,44,46,47,50,52,53,54,55,56,60,121,63,64,66,67,69,70,71,73,74,75,76,78,88,90,91,92,95,99,101,104,105,106,107,109,113,114,118,119,120,123,124,128,131,134,141,144,145,146,147,148
63:0,3,4,6,7,8,10,12,15,17,18,22,24,25,26,27,30,31,35,36,40,41,43,47,49,54,55,56,61,62,135,64,67,68,69,74,75,76,77,80,82,84,86,88,90,91,92,93,94,95,96,97,99,101,109,110,111,116,118,119,120,126,128,130,132,133,141,143,144,146
64:6,9,10,13,16,18,19,21,22,24,27,28,31,33,34,38,39,41,45,46,47,48,49,51,52,53,54,57,58,62,63,105,65,66,70,72,74,77,79,82,86,88,89,90,91,92,95,96,97,98,99,100,102,104,109,112,113,114,115,116,119,123,124,125,129,130,131,133,134,140,141,144,145,147,148,149
65:3,5,6,7,12,14,25,27,28,31,34,35,36,45,47,48,50,55,58,59,60,61,64,69,66,67,68,70,72,74,78,79,80,83,84,86,87,88,90,91,92,95,96,98,103,104,105,107,109,112,114,116,121,126,128,129,130,133,134,137,138,139,144,145,147
66:2,6,7,8,12,16,19,20,23,26,30,31,32,33,34,35,36,38,39,40,42,43,47,52,53,56,58,60,62,64,65,148,67,69,71,73,76,77,78,80,81,82,85,86,91,96,98,100,101,102,103,104,105,106,107,108,110,114,116,119,122,125,126,133,136,139,140,141,142,145,146,147
67:0,2,3,4,7,8,11,16,17,21,23,29,31,33,35,37,38,41,42,43,44,45,46,50,51,57,58,59,61,62,63,65,66,72,68,70,74,76,79,80,81,82,84,85,86,87,92,95,97,98,101,102,103,106,108,113,116,117,118,119,120,123,126,127,129,131,132,133,134,136,137,138,139,141,142,148
68:0,1,4,9,11,12,13,14,21,22,26,27,31,36,37,38,41,43,44,45,46,47,48,49,50,56,57,60,63,65,67,124,73,75,77,78,81,82,85,86,92,94,96,99,102,104,107,108,109,113,114,115,120,121,122,125,129,132,133,136,138,139,140,141,143,145,147,148
69:1,2,4,5,8,13,14,16,17,18,22,24,26,29,31,32,34,35,37,39,40,42,43,44,45,48,49,50,51,54,55,57,58,59,62,63,65,66,112,70,73,75,76,77,78,79,81,82,90,91,93,96,97,98,99,101,102,103,105,106,108,110,111,113,116,124,129,130,131,133,134,137,143,144,145,147
70:3,4,7,12,13,15,16,19,20,21,23,26,28,32,33,34,36,37,39,40,41,43,44,46,49,50,51,53,54,55,56,57,61,62,64,65,67,69,134,71,73,74,75,76,77,78,79,81,82,83,84,87,88,89,91,92,94,96,100,104,105,106,107,109,112,113,117,119,120,122,126,128,131,137,138,139,140,141,143,147
71:0,3,5,6,7,8,12,15,17,19,22,23,24,28,31,33,34,35,37,38,39,41,43,44,51,52,60,62,66,70,72,73,78,79,81,83,84,86,87,89,97,99,100,101,103,104,108,109,112,115,117,118,120,125,126,128,130,132,136,137,139,144,145,146,149
72:1,2,3,4,5,6,8,10,13,15,17,19,20,24,25,27,29,30,31,32,33,38,41,42,43,44,45,47,49,50,54,55,56,59,64,65,67,71,87,73,74,78,79,80,81,84,85,86,89,90,91,92,93,97,102,103,104,106,110,113,114,115,119,121,123,126,128,129,131,132,133,135,136,139,140,142,144
73:0,3,4,7,8,14,17,19,21,23,24,25,26,27,34,36,39,40,42,43,44,49,50,51,52,53,54,56,59,61,62,66,68,69,70,71,72,109,75,76,77,78,79,82,83,85,86,89,90,91,92,93,94,96,99,100,102,106,107,113,115,119,121,123,126,129,131,135,137,138,139,146,148
74:1,3,6,8,9,10,11,13,14,16,19,21,22,24,25,31,32,33,36,38,39,44,47,49,53,56,61,62,63,64,65,67,70,72,81,77,78,82,85,87,88,89,90,91,92,93,94,95,97,98,101,104,105,107,108,109,111,114,115,116,118,122,123,125,127,132,133,134,135,140,142,144,148,149
75:1,4,5,6,7,8,10,12,14,15,16,17,18,19,21,23,26,29,30,31,34,37,38,41,44,45,50,51,52,59,61,62,63,68,69,70,73,88,76,77,78,79,80,82,86,87,89,93,96,98,99,100,104,112,113,114,115,117,119,120,121,125,126,128,129,131,132,140,142,143,144,147
76:1,2,3,4,6,8,10,11,12,17,18,20,22,26,28,31,32,33,35,36,38,40,43,44,46,47,51,53,54,55,58,62,63,66,67,69,70,73,75,88,77,78,79,80,82,84,90,93,95,96,98,101,103,104,105,109,110,113,114,115,119,120,121,122,126,127,128,130,132,133,134,135,136,137,139,140,143,145
77:0,1,2,8,11,12,13,15,16,19,20,22,26,27,28,29,35,36,37,38,39,40,42,43,44,45,46,51,53,54,57,58,59,63,64,66,68,69,70,73,74,75,76,123,81,83,87,88,92,93,94,96,100,101,102,104,105,106,107,109,112,113,114,118,119,122,124,125,128,130,131,132,134,135,136,137,140,141,147,148
78:0,2,3,4,5,7,8,12,13,17,18,19,20,21,25,28,33,34,35,36,37,40,43,44,45,47,52,56,59,60,62,65,66,68,69,70,71,72,73,74,75,76,82,80,83,85,86,88,89,94,99,101,103,106,107,108,109,112,113,116,119,121,124,127,128,132,135,136,144,145,147,148,149
79:0,1,2,6,7,8,9,12,15,17,22,24,26,29,31,32,33,35,39,40,41,42,43,48,51,52,56,59,64,65,67,69,70,71,72,73,75,76,90,81,84,85,86,89,91,96,97,98,99,100,102,104,105,106,108,116,117,118,119,120,122,123,127,129,131,132,133,134,136,139,140,142,144,145,146,149
80:1,5,7,10,12,14,15,17,18,19,24,26,28,29,33,34,39,45,50,51,52,55,57,60,61,63,65,66,67,72,75,76,78,134,82,83,84,85,86,89,91,92,94,95,98,99,102,104,105,107,109,111,113,114,115,117,119,120,121,122,124,125,127,128,129,130,132,135,138,140,141,142,143,149
81:0,1,3,5,7,10,11,12,15,16,17,20,24,27,29,30,32,37,38,39,40,42,43,44,46,47,48,49,51,52,55,56,57,66,67,68,69,70,71,72,74,77,79,116,83,88,89,90,93,94,97,103,104,106,109,117,119,121,122,123,124,126,127,129,131,134,135,137,139,140,142,143,147,148,149
82:1,2,4,6,7,9,11,12,13,15,17,19,21,23,27,28,29,31,34,37,38,41,42,43,45,46,49,51,56,59,61,63,64,66,67,68,69,70,73,74,75,76,78,80,84,85,86,89,92,93,94,99,100,101,105,107,108,112,113,114,116,117,119,122,126,127,128,130,131,132,135,136,138,139,142,143,144,145,146,149
83:1,4,5,6,7,9,10,11,14,16,17,19,20,23,25,29,31,33,37,38,41,43,44,45,46,47,50,52,54,56,57,59,65,70,71,73,77,78,80,81,115,85,90,91,95,96,97,98,103,104,109,111,112,113,120,122,123,124,128,131,134,135,136,137,139,141,144,146,148
84:0,2,3,6,7,9,10,13,14,16,17,18,19,20,22,23,25,27,30,32,33,38,41,42,43,44,49,51,52,54,55,57,58,60,61,63,65,67,70,71,72,76,79,80,82,129,85,86,88,89,91,94,99,101,105,108,109,112,113,114,115,116,118,121,125,127,135,136,138,140,143,145,146,147,148
85:1,3,7,8,9,10,14,15,17,18,19,21,22,23,29,30,31,33,37,39,40,41,43,46,48,50,51,58,59,60,61,66,67,68,72,73,74,78,79,80,82,83,84,103,86,87,91,92,93,94,99,100,102,104,105,107,109,110,117,120,124,126,127,129,130,131,132,133,139,140,141,142,144,146,147
86:0,1,2,6,7,8,14,15,17,21,23,25,27,28,30,31,32,33,37,44,46,49,51,52,53,54,56,57,58,59,60,63,64,65,66,67,68,71,72,73,75,78,79,80,82,84,85,115,88,89,90,92,93,94,96,98,100,102,103,104,106,108,109,112,114,116,117,123,126,127,129,130,131,133,134,135,138,139,140,142,143,144,148,149
87:0,1,3,4,6,7,15,17,20,22,23,26,28,29,31,33,35,37,44,45,47,48,52,55,58,59,60,65,67,70,71,72,74,75,77,85,147,89,90,91,92,93,94,95,97,98,99,101,102,105,107,108,113,114,115,119,120,122,123,124,127,134,137,143,146,149
88:0,1,2,3,4,5,6,8,11,12,13,15,18,21,24,29,30,32,34,38,40,41,44,45,46,48,49,50,51,52,54,56,57,60,61,62,63,64,65,70,74,75,76,77,78,81,84,86,101,89,92,93,94,95,96,98,100,102,103,105,107,110,111,112,113,115,116,117,118,119,120,121,122,123,124,125,127,128,133,134,135,136,137,139,141,142,147
89:1,2,4,7,8,11,15,16,17,19,20,26,28,30,32,33,36,38,40,41,43,44,45,46,51,55,57,58,59,60,64,70,71,72,73,74,75,78,79,80,81,82,84,86,87,88,142,90,91,93,94,98,99,102,107,108,111,114,115,117,119,122,123,125,126,127,128,130,134,135,137,141,145
90:1,3,4,5,7,9,12,13,15,16,17,20,21,22,23,25,26,28,31,33,34,35,36,38,41,42,43,44,45,46,47,48,52,55,56,58,59,61,62,63,64,65,69,72,73,74,76,79,81,83,86,87,89,121,93,95,96,97,98,99,100,101,102,103,105,107,110,111,113,114,115,116,118,120,127,129,133,135,137,138,140,143,147,149
91:2,5,6,7,8,9,11,12,16,18,20,21,24,31,33,35,37,39,42,45,48,49,50,51,54,56,57,58,59,60,61,62,63,64,65,66,69,70,72,73,74,79,80,83,84,85,87,89,129,93,95,96,98,100,103,107,110,111,114,116,120,121,122,126,127,128,130,133,135,136,137,138,140,141,142,145,146
92:1,7,8,9,13,15,16,19,21,23,24,25,26,27,30,32,33,34,36,37,38,42,44,45,46,49,50,54,55,62,63,64,65,67,68,70,72,73,74,77,80,82,85,86,87,88,104,93,94,96,97,100,101,102,103,105,106,107,112,113,114,115,116,124,126,128,129,131,135,137,138,139,140,141,145
93:1,5,8,10,13,14,16,17,19,20,22,24,32,33,35,36,38,40,41,44,45,47,50,51,52,53,55,58,60,61,63,69,72,73,74,75,76,77,81,82,85,86,87,88,89,90,91,92,98,95,99,100,101,104,106,108,111,112,113,116,117,122,135,136,138,142,143,144,145,146
94:0,1,2,3,5,6,9,10,11,12,15,16,20,21,22,23,27,28,29,31,33,34,39,40,42,45,51,52,53,54,56,57,63,68,70,73,74,77,78,80,81,82,84,85,86,87,88,89,92,136,97,98,99,101,104,105,108,109,112,113,116,117,120,122,128,130,131,133,134,135,137,140,142,144,145
95:1,4,5,8,9,12,14,15,17,18,19,22,23,26,27,28,30,31,32,34,35,36,37,38,39,40,41,42,44,45,46,49,51,53,54,55,57,60,62,63,64,65,67,74,76,80,83,87,88,90,91,93,104,97,98,99,101,102,109,110,112,114,116,117,119,120,121,122,124,126,132,137,141,142,143,145,147,148
96:2,4,5,6,8,9,10,11,12,13,14,15,17,18,20,21,25,27,28,31,33,34,36,38,40,43,45,47,50,51,57,58,60,63,64,65,66,68,69,70,73,75,76,77,79,83,86,88,90,91,92,101,98,99,100,103,104,108,109,111,112,115,116,117,118,121,122,124,125,126,129,130,131,132,135,137,138,139,142,145,149
97:0,2,4,10,14,15,16,17,18,20,21,22,24,25,26,27,31,32,33,34,35,38,40,41,43,45,46,52,53,54,55,56,57,61,63,64,67,69,71,72,74,79,81,83,87,90,92,94,95,103,98,100,101,104,105,109,111,113,114,116,121,122,123,124,126,129,130,131,132,133,136,139,140,141,142,143,144
98:0,1,5,8,9,11,12,13,17,18,19,20,21,23,24,25,30,31,32,33,34,35,37,40,41,46,47,49,51,53,56,60,61,64,65,66,67,69,74,75,76,79,80,83,86,87,88,89,90,91,93,94,95,96,97,144,99,102,107,109,110,114,116,121,122,124,126,130,131,132,136,137,138,139,142,143,146
99:0,1,3,5,6,9,10,13,14,16,20,21,22,23,26,30,32,34,35,36,38,39,40,42,46,49,50,53,55,58,60,61,62,63,64,68,69,71,73,75,78,79,80,82,84,85,87,89,90,93,94,95,96,98,114,101,102,103,112,116,117,118,121,122,123,126,129,131,135,137,139,143,144,145,147,149
100:1,2,4,5,6,7,12,13,14,15,18,19,20,21,22,23,26,27,28,29,30,32,34,36,37,40,41,44,50,55,56,58,59,61,64,66,70,71,73,75,77,79,82,85,86,88,90,91,92,93,96,97,126,102,109,110,111,113,114,115,116,117,127,132,133,137,138,142,143,145,146,147,148,149
101:1,3,4,5,7,9,10,11,12,15,16,17,21,22,26,28,31,32,35,36,38,40,48,49,51,54,55,58,61,62,63,66,67,69,71,74,76,77,78,82,84,87,88,90,92,93,94,95,96,97,99,115,102,103,105,106,109,111,112,113,123,124,127,129,130,131,134,135,137,138,139,147,148,149
102:2,10,13,19,21,23,25,26,28,30,31,33,36,37,41,42,48,52,56,59,64,66,67,68,69,72,73,77,79,80,85,86,87,88,89,90,92,95,98,99,100,101,119,105,107,108,109,110,112,114,116,117,122,124,126,127,131,136,137,138,140,142,144,145,148,149
103:3,4,6,7,8,9,11,13,14,16,17,20,21,22,25,26,27,29,31,33,34,35,39,40,41,42,46,49,50,51,54,60,65,66,67,69,71,72,76,78,81,83,85,86,88,90,91,92,96,97,99,101,129,106,107,108,111,112,115,116,119,120,124,125,126,128,130,132,137,139,141,145,149
104:2,7,11,12,13,17,21,23,24,25,26,27,29,30,32,33,34,37,38,40,45,46,47,48,51,52,53,56,57,60,62,64,65,66,68,70,71,72,74,75,76,77,79,80,81,83,85,86,92,93,94,95,96,97,144,105,106,107,114,116,117,120,121,123,125,129,132,134,135,138,139,140,142,143,147,149
105:3,4,5,7,8,10,12,16,17,18,19,21,22,27,30,31,32,33,34,36,37,38,39,41,42,47,50,51,52,53,55,56,57,58,60,61,62,64,65,66,69,70,74,76,77,79,80,82,84,85,87,88,90,92,94,97,101,102,104,145,106,107,108,109,110,111,115,119,128,133,135,139,140,144,147,148
106:1,4,6,8,9,12,20,22,23,25,27,30,34,35,36,38,39,40,42,43,45,46,47,48,53,54,56,57,62,66,67,69,70,72,73,77,78,79,81,86,92,93,101,103,104,105,149,107,108,110,112,116,117,119,120,121,122,127,129,132,133,134,135,136,141,144,145
107:1,2,4,8,12,13,14,16,17,18,19,20,22,25,26,28,29,30,32,34,36,40,46,47,48,52,53,54,55,56,57,60,62,65,66,68,70,73,74,77,78,80,82,85,87,88,89,90,91,92,98,102,103,104,105,106,117,108,109,113,114,115,121,123,124,126,129,131,134,135,136,138,140,143,148
108:0,2,3,4,7,11,12,17,18,20,21,23,25,26,30,31,32,33,35,36,39,40,41,43,44,45,46,47,49,51,53,56,58,60,61,66,67,68,69,71,74,78,79,82,84,86,87,89,93,94,96,102,103,105,106,107,140,110,112,114,115,117,118,119,120,123,127,129,131,132,134,138,139,141,142,144,145,146,148,149
109:0,4,5,6,9,11,12,14,16,17,22,27,28,30,32,34,35,37,39,40,43,47,49,52,55,60,61,62,63,64,65,68,70,71,73,74,76,77,78,80,81,83,84,85,86,94,95,96,97,98,100,101,102,105,107,148,110,114,115,121,123,124,125,131,132,134,138,139,140,141,142,144,145,147
110:0,1,3,4,5,7,8,10,13,18,20,22,24,25,26,27,30,32,35,36,37,40,42,44,46,47,49,50,51,54,56,57,60,61,63,66,69,72,76,85,88,90,91,95,98,100,102,105,106,108,109,131,111,112,114,116,118,123,125,127,132,134,136,138,140,142,144,145,147,149
111:0,1,3,4,5,6,8,9,10,14,16,17,20,22,24,26,28,31,32,33,34,35,37,39,41,44,46,48,50,52,55,56,57,59,60,63,69,74,80,83,88,89,90,91,93,96,97,100,101,103,105,110,139,112,114,115,116,117,118,119,120,123,126,127,130,131,133,134,135,141,142,145,147,148,149
112:0,1,9,12,15,20,23,24,25,29,30,32,33,34,35,36,38,39,40,41,42,50,52,53,54,55,56,57,59,60,61,64,65,69,70,71,75,77,78,82,83,84,86,88,92,93,94,95,96,99,101,102,103,106,108,110,111,140,113,114,115,118,121,124,125,126,127,129,130,132,134,136,138,142,143,144,147
113:1,5,6,12,16,18,19,20,25,29,30,32,33,34,36,38,39,41,44,46,50,51,54,55,58,62,64,67,68,69,70,72,73,75,76,77,78,80,82,83,84,87,88,90,92,93,94,97,100,101,107,112,142,114,116,119,121,122,123,124,125,126,128,130,131,132,133,134,135,138,141,145,147
114:0,1,3,5,12,13,14,15,16,23,26,28,29,30,31,32,38,40,45,46,48,49,50,61,62,64,65,66,68,72,74,75,76,77,80,82,84,86,87,89,90,91,92,95,97,98,99,100,102,104,107,108,109,110,111,112,113,124,116,117,120,122,125,129,131,137,138,139,141,144,145,149
115:0,6,8,10,11,12,13,14,17,18,20,21,26,29,32,33,37,38,39,42,43,44,45,46,47,49,50,53,56,60,61,64,68,71,72,73,74,75,76,80,83,84,86,87,88,89,90,92,96,100,101,103,105,107,108,109,111,112,118,116,117,120,121,124,127,128,130,132,135,137,140,144,145,147,149
116:1,5,8,9,13,14,15,17,18,19,23,24,26,27,28,31,32,33,35,36,37,40,41,43,44,46,50,54,55,59,60,63,64,65,66,67,69,74,78,79,81,82,84,86,88,90,91,92,93,94,95,96,97,98,99,100,102,103,104,106,110,111,113,114,115,136,118,121,122,125,126,127,131,133,137,139,144,145,148
117:0,2,5,7,9,11,12,13,15,17,23,28,30,31,32,33,34,35,36,38,40,41,42,44,46,47,51,55,56,61,67,70,71,75,79,80,81,82,85,86,88,89,93,94,95,96,99,100,102,104,106,107,108,111,114,115,133,118,121,124,126,127,128,129,131,132,134,135,136,138,145,148
118:5,6,8,13,14,15,19,20,21,23,24,25,27,29,32,35,36,37,41,44,46,47,48,49,51,53,54,55,56,57,58,60,61,62,63,67,71,74,77,79,84,88,90,96,99,108,110,111,112,115,116,117,120,123,124,125,127,129,134,137,138,139,141,142,143,144,145
119:4,5,6,7,8,9,11,13,14,17,18,23,24,26,28,32,34,41,48,49,50,52,53,55,59,60,61,62,63,64,66,67,70,72,73,75,76,77,78,79,80,81,82,87,88,89,95,102,103,105,106,108,111,113,142,121,124,128,130,131,136,146,147,149
120:0,1,5,7,10,12,13,14,15,17,19,22,23,26,28,30,32,33,34,35,36,37,38,39,41,44,45,47,48,49,52,53,54,56,58,60,61,62,63,67,68,70,71,75,76,79,80,83,85,87,88,90,91,94,95,103,104,106,108,111,114,115,118,129,121,122,123,124,125,127,131,132,134,135,137,140,141,145,146,147,148
121:2,3,4,6,8,10,11,12,14,17,19,22,25,28,30,31,33,35,37,38,41,44,46,47,48,49,50,51,53,54,55,56,59,60,61,62,65,68,72,73,75,76,78,80,81,84,88,90,91,95,96,97,98,99,104,106,107,109,112,113,115,116,117,119,120,137,122,123,127,129,133,136,139,140,142,144,148
122:1,2,3,5,8,9,11,14,22,23,29,30,35,38,41,44,49,51,53,55,56,57,58,59,61,66,68,70,74,76,77,79,80,81,82,83,87,88,89,91,93,94,95,96,97,98,99,102,106,113,114,116,120,121,131,123,124,125,127,128,129,130,134,136,137,141,142,143,144,145,146,148,149
123:1,2,3,6,9,13,18,22,23,24,28,31,34,35,39,41,43,45,49,50,51,52,54,56,57,59,60,62,64,67,72,73,74,77,79,81,83,86,87,88,89,97,99,101,104,107,108,109,110,111,113,118,120,121,122,135,124,126,128,130,132,137,138,139,144,146
124:0,3,4,7,8,11,12,13,17,21,23,24,26,27,29,30,33,34,36,37,40,41,44,45,46,47,50,51,52,53,54,56,59,62,64,68,69,77,78,80,81,83,85,87,88,92,95,96,97,98,101,102,103,107,109,112,113,114,115,117,118,119,120,122,123,148,125,129,131,132,133,136,146,147,149
125:1,3,5,7,8,9,10,13,14,15,18,20,27,28,29,30,33,34,36,37,38,40,42,45,47,51,52,55,56,57,64,66,68,71,74,75,77,80,84,88,89,96,103,104,109,110,112,113,114,116,118,120,122,124,128,126,127,132,133,137,138,139,140,141,143,144,145,146,147,148
126:0,5,8,9,10,11,12,13,15,16,17,18,19,20,22,23,25,26,27,31,32,33,36,37,38,41,42,43,44,46,48,50,51,54,55,56,57,59,60,61,63,65,66,67,70,71,72,73,75,76,81,82,85,86,89,91,92,95,96,97,98,99,100,102,103,107,111,112,113,116,117,123,125,129,130,131,132,133,135,137,138,140,142,144,145,149
127:0,2,3,7,8,10,11,13,14,15,18,21,22,23,24,25,27,28,29,33,35,36,41,48,50,51,55,56,58,59,60,67,74,76,78,79,80,81,82,84,85,86,87,88,89,90,91,100,101,102,106,108,110,111,112,115,116,117,118,120,121,122,125,128,129,131,134,138,143,145,146,147,149
128:3,4,6,7,9,11,13,14,17,18,20,22,24,25,30,31,33,35,38,39,40,41,43,44,45,48,49,50,52,54,55,56,57,58,59,60,62,63,65,70,71,72,75,76,77,78,80,82,83,88,89,91,92,94,103,105,113,115,117,119,122,123,125,127,141,130,131,132,133,136,139,142,145,146,147,148,149
129:1,2,11,19,20,21,23,24,27,32,34,35,38,39,40,41,43,44,45,46,47,48,51,57,59,61,64,65,67,68,69,72,73,75,79,80,81,84,85,86,90,91,92,96,97,99,101,103,104,106,107,108,112,114,117,118,120,121,122,124,126,127,135,132,138,142,144,146,147,148
130:0,1,2,4,5,6,9,11,13,18,20,22,23,26,27,31,33,35,36,37,38,39,41,43,44,49,50,51,55,57,59,61,63,64,65,69,71,76,77,80,82,85,86,89,91,94,96,97,98,101,103,111,112,113,115,119,122,123,126,128,138,132,133,137,141,145,146,147,148,149
131:0,3,5,7,9,10,11,12,14,16,17,18,20,21,23,24,26,27,28,30,31,35,37,38,45,46,47,55,57,58,62,64,67,69,70,72,73,75,77,79,81,82,83,85,86,92,94,96,97,98,99,101,102,107,108,109,110,111,113,114,116,117,119,120,122,124,126,127,128,146,134,137,139,140,141,144,145
132:1,3,6,8,9,11,12,14,15,17,19,20,21,22,23,24,26,31,32,35,36,42,44,46,48,49,50,53,54,55,58,61,63,67,68,71,72,74,75,76,77,78,79,80,82,85,95,96,97,98,100,103,104,106,108,109,110,112,113,115,117,120,123,124,125,126,128,129,130,136,133,134,135,140,142,145,147
133:1,3,6,8,12,14,17,18,21,22,23,29,31,34,36,37,40,44,49,50,51,54,55,57,58,61,63,64,65,66,67,68,69,72,74,76,79,85,86,88,90,91,94,97,100,105,106,111,113,116,117,121,124,125,126,128,130,132,146,134,135,137,139,140,145,149
134:4,7,8,11,13,14,15,17,20,24,25,26,27,28,29,33,34,35,38,39,40,43,44,45,46,47,50,52,54,55,57,58,59,61,62,64,65,67,69,70,74,76,77,79,80,81,83,86,87,88,89,94,101,104,106,107,108,109,110,111,112,113,117,118,120,122,127,131,132,133,135,136,141,144
135:0,1,4,5,6,8,9,10,11,12,14,18,19,20,22,23,24,25,26,27,29,32,34,36,37,39,41,42,44,45,46,50,53,55,60,63,72,73,74,76,77,78,80,81,82,83,84,86,88,89,90,91,92,93,94,96,99,101,104,105,106,107,111,113,115,117,120,123,126,129,132,133,134,136,137,139,140,142,143,144,145,146,147,149
136:1,2,4,6,7,9,10,11,15,16,17,18,20,21,24,25,26,28,30,33,34,37,38,41,42,45,46,49,55,59,66,67,68,71,72,76,77,78,79,82,83,84,88,91,93,94,97,98,102,106,107,110,112,116,117,119,121,122,124,128,132,134,135,139,137,141,144,145,148,149
137:2,5,6,7,8,9,11,14,15,17,20,22,24,25,26,29,30,31,32,34,35,36,37,38,39,40,45,47,49,51,52,56,57,58,65,67,69,70,71,73,76,77,81,83,87,88,89,90,91,92,94,95,96,98,99,100,101,102,103,114,115,116,118,120,121,122,123,125,126,130,131,133,135,136,138,140,141,146,147,149
138:0,1,2,4,6,7,8,9,11,13,14,16,17,18,22,23,25,29,30,31,34,35,36,37,41,42,45,46,48,52,54,58,59,65,67,68,70,73,80,82,84,86,90,91,92,93,96,98,100,101,102,104,107,108,109,110,112,113,114,117,118,123,125,126,127,129,130,137,147,140,142,143,145,146
139:2,4,5,7,12,13,14,15,16,19,21,24,25,26,27,28,29,30,31,32,33,34,35,39,41,44,45,47,48,50,54,55,56,57,59,60,65,66,67,68,70,71,72,73,76,79,81,82,83,85,86,88,92,96,97,98,99,101,103,104,105,108,109,111,114,116,118,121,123,125,128,131,133,135,136,144,140,142,145,147,149
140:4,6,7,9,10,12,13,14,15,17,19,20,25,29,36,41,43,45,48,49,50,51,52,53,54,60,64,66,68,70,72,74,75,76,77,79,80,81,84,85,86,90,91,92,94,97,102,104,105,107,108,109,110,112,115,120,121,125,126,131,132,133,135,137,138,139,146,147,149
141:0,1,3,7,8,10,13,15,16,17,20,21,22,26,27,29,30,31,32,33,34,35,36,37,38,42,43,44,46,49,53,54,55,57,58,62,63,64,66,67,68,70,77,80,83,85,88,89,91,92,95,97,103,106,108,109,111,113,114,118,120,122,125,128,130,131,134,136,137,145,143,146,148
142:1,2,4,6,7,12,18,20,23,30,33,34,38,39,40,43,44,47,50,51,52,53,55,56,57,58,60,66,67,72,74,75,79,80,81,82,85,86,88,89,91,93,94,95,96,97,98,100,102,104,108,109,110,111,112,113,118,119,121,122,126,128,129,132,135,138,139,143,145,147,149
143:2,4,5,9,10,11,14,15,16,22,23,26,30,31,33,36,38,39,40,42,46,48,51,52,56,57,58,61,63,68,69,70,75,76,80,81,82,84,86,87,90,93,95,97,98,99,100,104,107,112,118,122,125,127,135,138,141,142,146,145,147,148,149
144:0,3,4,5,6,8,9,12,13,14,15,16,17,18,21,22,23,24,26,28,29,30,32,38,41,42,43,45,46,50,52,53,54,55,56,58,59,60,61,62,63,64,65,69,71,72,74,75,78,79,82,83,85,86,93,94,97,98,99,102,104,105,106,108,109,110,112,114,115,116,118,121,122,123,125,126,129,131,134,135,136,139,146
145:2,3,7,10,12,14,15,17,18,22,31,32,33,34,36,37,38,40,42,43,45,46,50,51,53,55,56,57,58,59,60,61,62,64,65,66,68,69,71,76,78,79,82,84,89,91,92,93,94,95,96,99,100,102,103,105,106,108,109,110,111,113,114,115,116,117,118,120,122,125,126,127,128,130,131,132,133,135,136,138,139,141,142,143,149,146,148
146:0,4,5,6,8,9,12,13,14,19,23,25,26,27,28,29,33,34,35,37,38,39,40,42,43,46,48,49,50,52,54,55,56,57,59,60,62,63,66,71,73,79,82,83,84,85,87,91,93,98,100,108,119,120,122,123,124,125,127,128,129,130,131,133,135,137,138,140,141,143,144,145,147
147:0,1,3,7,8,10,11,13,14,15,16,21,30,36,37,39,42,44,47,48,49,50,53,55,57,58,59,60,61,62,64,65,66,68,69,70,75,77,78,81,84,85,87,88,90,95,99,100,101,104,105,109,110,111,112,113,115,119,120,124,125,127,128,129,130,132,135,137,138,139,140,142,143,146,148,149
148:1,4,5,6,8,10,11,12,13,15,16,17,19,22,23,25,27,28,29,30,32,34,36,39,40,44,45,46,48,50,57,60,62,64,66,67,68,73,74,77,78,81,83,84,86,95,100,101,102,105,107,108,109,111,116,117,120,121,122,124,125,128,129,130,136,141,143,145,147,149
149:2,3,4,7,10,11,13,15,16,18,23,25,28,30,32,33,35,40,42,43,44,46,47,48,49,51,54,59,60,61,64,71,74,78,79,80,81,82,86,87,90,96,99,100,101,102,103,104,106,108,110,111,114,115,119,122,124,126,127,128,130,133,135,136,137,139,140,142,143,145,147,148
