0:112,8,14,26,31,39,40,51,59,73,76,80,82,89,94,95,100,111,115,119,120,131,134,154,155,175
1:136,4,15,32,36,41,43,48,58,66,74,78,82,86,92,108,111,119,122,134,142,162,163,174,175,186
2:85,7,26,35,37,40,44,54,61,62,65,66,81,82,86,96,100,120,148,149,161,165,168,181
3:159,7,9,39,42,45,76,77,86,90,91,99,100,102,103,115,116,122,129,149,150,165,167,172,176,183,184,185,188
4:1,167,8,9,16,17,21,28,30,34,44,56,69,70,79,80,83,91,95,102,105,107,129,145,153,157,169,172,177,183
5:186,6,17,22,35,45,49,50,53,61,73,75,77,84,86,88,91,95,113,127,139,142,143,145,151,155,164,165,172,173
6:5,52,11,19,20,27,36,45,50,54,56,62,68,70,71,89,94,99,100,121,122,125,130,151,157,162,166,167,172,173,177,182,185
7:2,3,171,8,44,52,54,56,58,62,65,85,87,92,97,102,104,108,113,114,120,135,137,155,175,176,178,183,184
8:0,4,7,161,13,14,37,39,46,50,55,60,69,76,79,87,89,94,105,110,111,113,124,131,138,150,156,158,159,170,176,185,187
9:3,4,129,27,28,29,33,34,37,41,48,49,52,56,61,78,79,90,91,97,98,100,107,108,121,126,131,140,147,149,164,166,172,173,179,186
10:20,11,14,36,41,45,48,54,58,59,71,86,97,113,119,120,143,144,154,176
11:6,10,55,20,23,32,35,40,53,56,57,58,86,105,109,110,116,120,123,126,135,142,151,152,182
12:127,17,28,33,48,52,61,67,70,76,84,89,94,97,99,111,119,135,141,142,168
13:8,58,18,21,22,24,27,30,39,40,42,44,56,61,66,68,80,84,85,92,102,104,106,127,141,142,143,158,170,174,177,180
14:0,8,10,100,26,30,31,60,75,76,95,109,122,124,126,135,142,143,145,160,162,180,184,187
15:1,141,28,32,36,37,38,54,61,67,71,75,77,81,98,102,115,117,119,122,134,143,160,177,179,181,182
16:4,76,22,24,32,47,56,62,71,97,101,102,103,107,109,110,119,122,123,142,143,147,153,172,180,185,189
17:4,5,12,90,22,36,37,43,47,51,55,59,65,72,81,89,99,102,110,118,126,154,158,160,167,175,178
18:13,141,42,45,50,54,60,69,70,77,84,95,102,119,125,128,129,130,132,145,149,152,160,161,163,166,171,173,178,186,188
19:6,72,36,41,49,51,57,58,59,67,70,82,87,92,102,130,136,145,149,150,152,157,165
20:6,10,11,143,27,31,33,35,37,43,49,51,68,78,86,88,90,96,99,108,110,131,170,176
21:4,13,126,26,27,52,53,55,56,60,61,65,76,84,86,95,101,112,120,121,124,131,139,145,155,166,187
22:5,13,16,17,134,27,29,40,46,47,54,88,97,98,109,111,130,131,137,138,158,160,165,172,174,185,187
23:11,59,34,39,41,43,47,52,60,65,66,73,79,81,82,88,107,109,110,116,121,122,125,126,127,133,138,140,152,156,160,168,178,187
24:13,16,62,32,35,40,42,48,51,53,56,71,75,80,82,87,88,101,108,115,121,123,133,137,140,141,149,157,161,173,176,179,186
25:44,29,43,59,60,77,78,81,83,89,109,112,116,132,133,148,157,160,168,171,173,174,175,179
26:0,2,14,21,188,35,46,78,85,90,103,109,111,116,117,118,120,126,133,140,142,152,156,157,165,170,171,178
27:6,9,13,20,21,22,172,31,34,36,51,57,67,70,80,83,92,110,113,117,121,125,134,140,168,188
28:4,9,12,15,83,40,47,55,59,67,73,77,80,82,85,91,92,102,108,112,113,114,117,131,141,144,149,174,182
29:9,22,25,82,33,45,49,51,54,66,69,77,83,99,105,109,110,122,127,138,139,159,162,163,178,180,182
30:4,13,14,136,36,42,48,54,76,79,82,87,101,106,112,121,129,146,156,160,163,174
31:0,14,20,27,180,43,56,83,84,87,88,90,94,97,100,109,125,126,141,146,148,153,163,173
32:1,11,15,16,24,34,35,51,52,54,57,65,69,72,80,85,92,108,116,121,127,142,144,148,149,157,160,162,166,177,179
33:9,12,20,29,65,36,43,45,62,63,66,71,72,79,89,109,113,115,117,118,123,134,138,149,154,157,159,161,164,165,168,173,188
34:4,9,23,27,32,89,35,36,38,51,55,68,77,79,81,85,95,97,109,118,123,131,139,149,150,161,168,182,189
35:2,5,11,20,24,26,32,34,119,36,44,63,70,73,74,93,94,105,108,123,125,126,137,142,143,153,157,160,161,168,172,173,183,184
36:1,6,10,15,17,19,27,30,33,34,35,182,42,49,50,53,61,64,71,75,80,89,93,98,100,108,113,129,133,165,174,186
37:2,8,9,15,17,20,161,45,66,68,71,76,79,84,86,91,94,102,105,107,135,137,153,155,158,163,165,166,180,185,187
38:15,34,94,63,68,70,75,77,79,84,107,110,111,114,115,120,146,153,159,169,177
39:0,3,8,13,23,65,41,46,50,54,58,62,76,82,99,100,106,108,111,121,125,130,133,139,157,161,166,167,170,176,182,185
40:0,2,11,13,22,24,28,156,62,65,70,72,75,77,80,84,92,93,100,108,115,116,129,132,136,144,145,147,154,162,166,169,171,172,175,177,181,189
41:1,9,10,19,23,39,147,44,46,58,64,86,92,106,116,119,125,128,130,135,138,149,151,158,170,177
42:3,13,18,24,30,36,126,60,63,64,69,74,77,82,95,111,113,116,119,143,144,145,164,175,188
43:1,17,20,23,25,31,33,187,47,50,55,58,59,60,61,64,68,70,74,80,93,94,97,100,101,103,106,117,119,120,122,140,147,150,171,173,182,183
44:2,4,7,13,25,35,41,184,45,47,52,53,61,67,68,71,77,90,92,94,103,107,118,119,128,133,134,138,139,149,154,161,165,168,180
45:3,5,6,10,18,29,33,37,44,154,52,54,57,64,69,71,82,93,98,109,116,117,121,128,145,146,151,155,167,180,181
46:8,22,26,39,41,103,47,50,55,65,72,75,81,82,87,90,104,107,112,117,121,126,133,134,137,161,163,185
47:16,17,22,23,28,43,44,46,151,66,67,80,84,86,100,103,105,120,121,134,137,144,155,169,181,183,187,189
48:1,9,10,12,24,30,102,51,55,63,66,94,95,106,112,117,123,133,141,157,175,177
49:5,9,19,20,29,36,85,71,73,74,75,81,102,121,123,130,132,134,135,150,156,166,168,179
50:5,6,8,18,36,39,43,46,159,52,60,71,80,98,112,113,116,117,124,127,128,130,132,135,136,169,186
51:0,17,19,20,24,27,29,32,34,48,131,56,61,67,70,77,79,85,90,95,101,103,112,117,123,126,128,129,136,137,150,171,188,189
52:6,7,9,12,21,23,32,44,45,50,177,53,55,61,77,79,84,86,90,93,106,114,126,132,144,150,152,154,164,168,169,170,171,186,188
53:5,11,21,24,36,44,52,101,70,75,76,78,97,98,108,113,129,130,150,156,160,166,181
54:2,6,7,10,15,18,22,29,30,32,39,45,181,58,61,62,68,87,92,93,102,146,155,160,166,167,168,172,185
55:8,11,17,21,28,34,43,46,48,52,165,62,63,64,66,74,80,81,84,103,114,121,128,129,132,140,143,145,149,153,162,185
56:4,6,7,9,11,13,16,21,24,31,51,107,57,58,65,83,85,94,101,118,130,134,136,140,150,156,158,173,184
57:11,19,27,32,45,56,63,68,70,75,79,94,113,119,121,130,134,135,151,160,163,168,170,180,188
58:1,7,10,11,13,19,39,41,43,54,56,71,61,72,78,82,84,87,89,98,102,104,113,114,116,117,123,126,133,138,139,146,151,161,178
59:0,10,17,19,23,25,28,43,189,61,68,82,96,97,107,108,122,123,127,138,155,157,179,180,187
60:8,14,18,21,23,25,42,43,50,132,62,63,64,65,79,89,90,97,123,138,143,145,158,171,172,173
61:2,5,9,12,13,15,21,36,43,44,51,52,54,58,59,138,70,92,128,129,132,134,137,146,147,162,164,165,167,173
62:2,6,7,16,24,33,39,40,54,55,60,183,66,75,81,82,92,95,107,115,117,120,125,130,133,134,135,141,153,155,156,161,177,179,180
63:33,35,38,42,48,55,57,60,177,67,77,79,82,96,104,106,121,129,132,140,142,143,148,151,153,155,156,159,164,174,179,181,183,187
64:36,41,42,43,45,55,60,87,66,70,73,86,94,95,114,116,117,121,127,128,132,135,139,147,153,155,160,167
65:2,7,17,21,23,32,33,39,40,46,56,60,150,73,90,107,114,119,121,122,131,132,146,157,163,165,167,168,173,185,189
66:1,2,13,23,29,33,37,47,48,55,62,64,126,73,79,81,97,104,112,119,124,136,143,157,161,163,170,179,182
67:12,15,19,27,28,44,47,51,63,128,68,72,73,78,80,89,97,103,110,116,132,144,147,149,155,175,179,182
68:6,13,20,34,37,38,43,44,54,57,59,67,105,74,77,98,99,104,116,123,129,136,143,146,147,149,161,162,164,166,168,171,174,178
69:4,8,18,29,32,42,45,81,70,76,78,80,87,96,125,130,132,141,145,151,152,159,170,178,183,184
70:4,6,12,18,19,27,35,38,40,43,51,53,57,61,64,69,184,71,77,79,83,89,90,91,94,98,112,116,121,122,124,131,135,137,138,160,163,168
71:6,10,15,16,24,33,36,37,44,45,49,50,58,70,149,78,80,88,98,103,119,121,123,125,134,139,142,148,154,155,157,159,165,171,175,186
72:17,19,32,33,40,46,58,67,74,99,112,132,134,137,147,155,160,165,169
73:0,5,23,28,35,49,64,65,66,67,171,74,76,91,106,123,126,132,149,150,163,169,180,186
74:1,35,42,43,49,55,68,72,73,181,76,78,94,100,106,109,112,114,124,130,135,142,143,144,156,159,171,172,175,176,178,185,187
75:5,14,15,24,36,38,40,46,49,53,57,62,79,76,78,103,104,119,121,124,146,151,157,172,174,180,182
76:0,3,8,12,14,16,21,30,37,39,53,69,73,74,75,139,86,103,104,111,126,127,131,132,134,148,154,169,171,186
77:3,5,15,18,25,28,29,34,38,40,42,44,51,52,63,68,70,81,78,91,96,100,107,109,115,143,144,150,153,161,167,169,170,182,184,185
78:1,9,20,25,26,53,58,67,69,71,74,75,77,135,79,81,99,106,109,112,119,121,125,126,136,138,143,150,152,165,166,176,184,187,188
79:4,8,9,23,30,33,34,37,38,51,52,57,60,63,66,70,75,78,167,84,85,88,89,93,123,124,142,152,153,160,170,171,174,177,181,182,187
80:0,4,13,24,27,28,32,36,40,43,47,50,55,67,69,71,93,95,97,106,107,113,115,118,123,132,140,142,143,147,150,161,165,167
81:2,15,17,23,25,34,46,49,55,62,66,69,77,78,157,83,86,93,96,103,110,132,143,144,147,150,151,153,159,171,174,176,181,182
82:0,1,2,19,23,24,28,29,30,39,42,45,46,58,59,62,63,95,85,91,107,109,112,122,124,126,134,161,168,173
83:4,25,27,28,29,31,56,70,81,122,89,93,131,132,134,137,140,145,146,163,175,178
84:5,12,13,18,21,31,37,38,40,47,52,55,58,79,99,85,88,101,102,106,122,123,124,134,145,154,164,165,168,179,182
85:2,7,13,26,28,32,34,49,51,56,79,82,84,179,93,99,110,118,133,149,151,159,183
86:1,2,3,5,10,11,20,21,37,41,47,52,64,76,81,188,88,96,101,104,114,118,120,124,126,134,141,142,149,162,164,180,183
87:7,8,19,24,30,31,46,54,58,64,69,120,106,114,141,148,163,164,167,169,182,185,187
88:5,20,22,23,24,31,71,79,84,86,92,90,100,108,110,112,114,116,124,138,143,153,165,170,174,175
89:0,6,8,12,17,25,33,34,36,58,60,67,70,79,83,152,92,104,111,115,116,127,128,139,153,159,184
90:3,9,17,20,26,31,44,46,51,52,60,65,70,88,131,99,115,118,125,130,132,140,144,147,152,178
91:3,4,5,9,28,37,70,73,77,82,135,95,96,101,103,130,139,141,147,149,150,164,179,187
92:1,7,13,19,27,28,32,40,41,44,54,61,62,88,89,108,96,101,111,113,125,127,128,131,137,148,162,163,164,178,179,182,185
93:35,36,40,43,45,52,54,79,80,81,83,85,102,94,97,98,116,117,120,128,130,139,158,161,166,169,170
94:0,6,8,12,31,35,37,38,43,44,48,56,57,64,70,74,93,183,95,96,101,103,110,112,114,116,118,119,124,128,129,144,149,152,180
95:0,4,5,14,18,21,34,42,48,51,62,64,80,82,91,94,110,96,104,107,113,116,121,130,135,136,168,170,174,177,179,185
96:2,20,59,63,69,77,81,86,91,92,94,95,159,120,125,130,134,138,145,164,170,183
97:7,9,10,12,16,22,31,34,43,53,59,60,66,67,80,93,147,98,105,107,118,120,138,151,155,156,158,167,170,184
98:9,15,22,36,45,50,53,58,68,70,71,93,97,102,99,104,105,121,126,128,131,132,148,163,166,172,179,187
99:3,6,12,17,20,29,39,68,72,78,84,85,90,98,100,126,155,171,181,182
100:0,2,3,6,9,14,31,36,39,40,43,47,74,77,88,99,140,108,111,122,137,142,148,152,153,154,160,163,168,176,178,188
101:16,21,24,30,43,51,53,56,84,86,91,92,94,124,107,117,132,134,143,148,153,158,162,168,171,176,188
102:3,4,7,13,15,16,17,18,19,28,37,48,49,54,58,84,93,98,130,110,122,132,133,136,141,144,168,182
103:3,16,26,43,44,46,47,51,55,67,71,75,76,81,91,94,151,109,111,113,122,127,130,141,157,178,182
104:7,13,46,58,63,66,68,75,76,86,89,95,98,155,106,112,125,144,151,156,157,159,161,165,189
105:4,8,11,29,35,37,47,68,97,98,162,111,128,138,151,152,157,174,183
106:13,30,39,41,43,48,52,63,73,74,78,80,84,87,104,120,107,109,116,118,133,134,136,139,163,164,166,173,174
107:4,9,16,23,37,38,44,46,56,59,62,65,77,80,82,95,97,101,106,133,113,115,125,128,132,134,140,144,147,165,166,172,178,179,189
108:1,7,9,20,24,28,32,35,36,39,40,53,59,88,92,100,181,122,152,158,159,168,171,174,178
109:11,14,16,22,23,25,26,29,31,33,34,45,74,77,78,82,103,106,147,121,123,145,151,159,164
110:8,11,16,17,20,23,27,29,38,67,81,85,88,94,95,102,124,112,113,114,119,131,144,146,154,156,159,163,168
111:0,1,8,12,22,26,38,39,42,76,89,92,100,103,105,153,113,115,117,126,137,147,152,160,169,183
112:0,21,25,28,30,46,48,50,51,66,70,72,74,78,82,88,94,104,110,136,127,139,143,166,168,182,185
113:5,7,8,10,27,28,33,36,42,50,53,57,58,80,92,95,103,107,110,111,154,116,117,118,120,123,125,133,135,143,156,160,173,177,183
114:7,28,38,52,55,58,64,65,74,86,87,88,94,110,165,118,126,151,152,158,159,167,169,177,179,186
115:0,3,15,24,33,38,40,62,77,80,89,90,107,111,154,116,123,137,155,171,173,176,184,188
116:3,11,23,25,26,32,40,41,42,45,50,58,64,67,68,70,88,89,93,94,95,106,113,115,168,118,123,125,130,132,141,148,154,160,169,174,175,177,184,185
117:15,26,27,28,33,43,45,46,48,50,51,58,62,64,93,101,111,113,166,125,127,132,134,136,153,154,160,167,168,170,177,179,181,182,183,186
118:17,26,33,34,44,56,80,85,86,90,94,97,106,113,114,116,182,122,134,139,146,147,156,158,162,181,189
119:0,1,10,12,15,16,18,35,41,42,43,44,57,65,66,71,75,78,94,110,132,120,136,156,172,177,179,182,184,187
120:0,2,7,10,11,21,26,38,43,47,62,86,87,93,96,97,106,113,119,180,122,127,136,153,157,159,167,168,172,175,178,184,188
121:6,9,21,23,24,27,30,32,39,45,46,47,49,55,57,63,64,65,70,71,75,78,95,98,109,180,130,137,142,150,178
122:1,3,6,14,15,16,23,29,43,59,65,70,82,83,84,100,102,103,108,118,120,184,124,132,136,137,144,146,147,148,150,158,170,188
123:11,16,24,33,34,35,48,49,51,58,59,60,68,71,73,79,80,84,109,113,115,116,167,132,135,140,142,155,158,162,164,165,177,178,179,184
124:8,14,21,50,66,70,74,75,79,82,84,86,88,94,101,110,122,136,125,129,141,145,152,156,157,172,175,178
125:6,18,23,27,31,35,39,41,62,69,71,78,90,92,96,104,107,113,116,117,124,174,131,139,145,146,158,160,163,164,176
126:9,11,14,17,21,23,26,31,35,42,46,51,52,58,66,73,76,78,82,86,98,99,111,114,188,134,135,138,146,150,160,180,187
127:5,12,13,23,29,32,50,59,64,76,89,92,103,112,117,120,180,133,139,142,166,171
128:18,41,44,45,50,51,55,61,64,67,89,92,93,94,98,105,107,164,139,141,154,166,169,177,187
129:3,4,9,18,30,36,40,51,53,55,61,63,68,94,124,159,134,142,146,148,160,164,175,185,187
130:6,18,19,22,39,41,49,50,53,56,57,62,69,74,90,91,93,95,96,102,103,116,121,166,139,148,154,156,158,161,170,172,178,185
131:0,8,9,20,21,22,28,34,51,65,70,76,83,90,92,98,110,125,155,133,142,147,150,154,160,166,174,181,183
132:18,25,40,49,50,52,55,60,61,63,64,65,67,69,72,73,76,80,81,83,90,98,101,102,107,116,117,119,122,123,140,143,158,166,170
133:23,24,25,26,36,39,44,46,48,58,62,85,102,106,107,113,127,131,163,135,138,139,143,149,152,158,161,164,166,180,184
134:0,1,15,22,27,33,44,46,47,49,56,57,61,62,71,72,76,82,83,84,86,96,101,106,107,117,118,126,129,162,148,152,161,164,170,182,184
135:7,11,12,14,37,41,49,50,57,62,64,70,74,78,91,95,113,123,126,133,187,154,161,165,168
136:1,19,30,40,50,51,56,66,68,78,95,102,106,112,117,119,120,122,124,171,146,147,157,164,179,186
137:7,22,24,35,37,46,47,51,61,70,72,83,92,100,111,115,121,122,146,138,139,140,143,144,153,158,162,163,164,171
138:8,22,23,29,33,41,44,58,59,60,61,70,78,88,96,97,105,126,133,137,186,140,143,147,151,163,188
139:5,21,29,34,39,44,58,64,71,76,89,91,93,106,112,118,125,127,128,130,133,137,179,141,148,156,162,176,180,181,183,186,189
140:9,23,24,26,27,43,55,56,63,80,83,90,100,107,123,132,137,138,141,142,144,146,153,157,167,173,177,184
141:12,13,15,18,24,28,31,48,62,69,86,87,91,102,103,116,124,128,139,140,189,146,161,167,174,177,183
142:1,5,11,12,13,14,16,26,32,35,63,71,74,79,80,86,100,121,123,127,129,131,140,157,151,152,154,161,165,174,187
143:5,10,13,14,15,16,20,35,42,55,60,63,66,68,74,77,78,80,81,88,101,112,113,132,133,137,138,185,152,156,170,171,173,174,175
144:10,28,32,40,42,47,52,67,74,77,81,90,94,102,104,107,110,122,137,140,176,145,153,160,164,167,172,173,178,179,180,183,185
145:4,5,14,18,19,21,40,42,45,55,60,69,83,84,96,109,124,125,144,148,146,152,169,178,188
146:30,31,38,45,54,58,61,65,68,75,83,110,118,122,125,126,129,136,137,140,141,145,166,148,150,151,153,160,162,164,172
147:9,16,40,41,43,61,64,67,68,72,80,81,90,91,97,107,109,111,118,122,131,136,138,185,156,168,169,178
148:2,25,31,32,63,71,76,87,92,98,100,101,116,122,129,130,134,139,145,146,152,156,164,167,175,179,183
149:2,3,9,18,19,24,28,32,33,34,41,44,55,67,68,71,73,85,86,91,94,133,167,168,169,177,181,183,184
150:3,8,19,34,43,49,51,52,53,56,65,73,77,78,80,81,91,121,122,126,131,146,155,157,173
151:5,6,11,41,45,47,57,58,63,69,75,81,85,97,103,104,105,109,114,138,142,146,175,174,177
152:11,18,19,23,26,52,69,78,79,89,90,94,100,105,108,111,114,124,133,134,142,143,145,148,158,155,165,168,173,178,188
153:4,16,31,35,37,38,55,62,63,64,77,79,81,88,89,100,101,111,117,120,137,140,144,146,181,157,171,177,179,180,182,184
154:0,10,17,33,40,44,45,52,71,76,84,100,110,113,115,116,117,128,130,131,135,142,179,159,162,163,168
155:0,5,7,21,37,45,47,54,59,62,63,64,67,71,72,97,99,104,115,123,131,150,152,173,160,162,174,178,180
156:8,23,26,30,40,49,53,56,62,63,74,97,104,110,113,118,119,124,130,139,143,147,148,189,168,169,173,183,187
157:4,6,19,24,25,26,32,33,35,39,48,59,65,66,71,75,81,103,104,105,120,124,136,140,142,150,153,172,168,175,180
158:8,13,17,22,37,41,56,60,93,97,101,108,114,118,122,123,125,130,132,133,137,152,185,165,172,182,186
159:3,8,29,33,38,50,63,69,71,74,81,85,89,96,104,108,109,110,114,120,129,154,181,161,166,168,179,187
160:14,15,17,18,22,23,25,30,32,35,53,54,57,64,70,72,79,100,111,113,116,117,125,126,129,131,144,146,155,168
161:2,8,18,24,33,34,35,37,39,44,46,58,62,66,68,77,80,82,93,104,130,133,134,135,141,142,159,167,166,185
162:1,6,14,29,32,40,55,61,68,86,92,101,105,118,123,134,137,139,146,154,155,165,164,166,171,180,183
163:1,18,29,30,31,37,46,57,65,66,70,73,83,87,92,98,100,106,110,125,133,137,138,154,175,169,180,182
164:5,9,33,42,52,61,63,68,84,86,87,91,92,96,106,109,123,125,128,129,133,134,136,137,144,146,148,162,181,166,170,173,175,177,178,182,187
165:2,3,5,19,22,26,33,36,37,44,55,61,65,71,72,78,80,84,88,104,107,114,123,135,142,152,158,162,174,166,178,180
166:6,9,18,21,32,37,39,40,49,53,54,68,78,93,98,106,107,112,117,127,128,130,131,132,133,146,159,161,162,164,165,178,169,171,174,186
167:3,4,6,17,39,45,54,61,64,65,77,79,80,87,97,114,117,120,123,140,141,144,148,149,161,183,171,175,181
168:2,12,23,25,27,33,34,35,44,49,52,54,57,65,68,70,82,84,95,100,101,102,108,110,112,116,117,120,135,147,149,152,154,156,157,159,160,181,170,177,179
169:4,38,40,47,50,52,72,73,76,77,87,93,111,114,116,128,145,147,149,156,163,166,185,176,186
170:8,13,20,26,39,41,52,57,66,69,77,79,88,93,95,96,97,117,122,130,132,134,143,164,168,189,173,174,178,184,187
171:7,18,25,26,40,43,51,52,60,68,71,73,74,76,79,81,99,101,108,115,127,136,137,143,153,162,166,167,172,173,181,186,188
172:3,4,5,6,9,16,22,27,35,40,54,60,74,75,98,107,119,120,124,130,144,146,157,158,171,186
173:5,6,9,18,24,25,31,33,35,43,56,60,61,65,82,106,113,115,140,143,144,150,152,155,156,164,170,171,174,178,179
174:1,13,22,25,28,30,36,63,68,75,79,81,88,95,105,106,108,116,125,131,141,142,143,151,155,165,166,170,173,178,175,176,177,181,183
175:0,1,7,17,25,40,42,48,67,71,74,83,88,116,120,124,129,143,148,151,157,163,164,167,174,184,187
176:3,7,8,10,20,24,39,74,78,81,100,101,115,125,139,144,169,174,189
177:4,6,13,15,32,38,40,41,48,52,62,63,79,95,113,114,116,117,119,123,128,140,141,149,151,153,164,168,174,188,180,185
178:7,17,18,23,26,29,58,68,69,74,83,90,92,100,103,107,108,120,121,123,124,130,144,145,147,152,155,164,165,166,170,173,174,181,183,187
179:9,15,24,25,32,49,59,62,63,66,67,84,85,91,92,95,98,107,114,117,119,123,136,139,144,148,153,154,159,168,173,189,186
180:13,14,16,29,31,37,44,45,57,59,62,73,75,86,94,120,121,126,127,133,139,144,153,155,157,162,163,165,177,188,184,189
181:2,15,40,45,47,53,54,63,74,79,81,99,108,117,118,131,139,149,153,159,164,167,168,171,174,178,188
182:6,11,15,28,29,34,36,39,43,66,67,75,77,79,81,84,87,92,99,102,103,112,117,118,119,134,153,158,163,164,189
183:3,4,7,35,43,47,62,63,69,85,86,94,96,105,111,113,117,131,139,141,144,148,149,156,162,167,174,178,186
184:3,7,14,35,44,56,69,70,77,78,89,97,115,116,119,120,122,123,133,134,140,149,153,170,175,180,186,189
185:3,6,8,16,22,37,39,46,54,55,65,74,77,87,92,95,112,116,129,130,143,144,147,158,161,169,177,189
186:1,5,9,18,24,36,50,52,71,73,76,114,117,136,138,139,158,166,169,171,172,179,183,184,187
187:8,14,21,22,23,37,43,47,59,63,74,78,79,87,91,98,119,126,128,129,135,142,156,159,164,170,175,178,186,189
188:3,18,26,27,33,42,51,52,57,78,86,100,101,115,120,122,126,138,145,152,171,177,180,181,189
189:16,34,40,47,51,59,65,104,107,118,139,141,156,170,176,179,180,182,184,185,187,188
