0:121,5,7,10,13,15,26,34,39,41,44,45,57,68,69,75,79,84,89,90,91,93,100,103,104,125,126,129,134,137
1:107,5,9,31,33,34,40,52,57,62,64,65,66,76,85,89,101,103,104,106,116,117,135
2:28,5,10,23,29,30,31,32,34,35,46,49,51,62,72,74,76,78,82,89,94,99,100,102,103,107,115,121,124,131,136
3:15,7,12,16,21,22,26,30,31,32,37,38,39,41,42,44,47,48,49,50,53,56,64,65,74,77,79,82,95,96,101,103,105,110,116,119,127,132
4:83,10,27,47,48,58,67,85,86,87,89,98,103,113,115,117,124,130,133,137,138
5:0,1,2,11,15,18,30,38,41,43,46,68,69,74,84,115,120,123,124,138
6:134,7,11,13,16,17,18,25,27,31,32,45,48,53,54,57,62,66,67,72,73,80,81,86,87,90,93,95,99,106,107,111,116,117,126,128,131,135,138
7:0,3,6,45,10,12,23,31,34,40,49,52,57,63,65,74,80,83,85,90,96,114,118,131,134,135
8:9,10,11,13,14,25,30,38,40,41,46,47,48,53,57,62,67,68,72,87,97,98,110,119,125,126,129,131,133,139
9:1,8,10,12,21,23,24,28,31,51,59,69,72,81,82,83,87,94,101,106,111,114,121,132,134,136,137
10:0,2,4,7,8,9,109,11,16,22,24,27,30,32,37,38,51,54,58,60,61,62,64,76,82,86,87,94,98,113,114,125,126,129,132,133,135,139
11:5,6,8,10,60,17,23,29,34,37,38,41,52,55,63,65,77,79,86,87,89,91,103,120,123,127,132,135,137
12:3,7,9,87,13,20,23,29,37,41,47,54,56,62,69,77,80,83,89,93,98,100,102,107,111,113
13:0,6,8,12,78,15,20,30,32,34,40,41,44,45,47,55,68,72,74,75,83,86,88,97,99,108,113,117,121,124,128,129,137,138
14:8,128,15,17,25,33,36,39,46,53,56,57,58,60,68,69,72,83,87,88,98,108,110,112,119,120,121,123,125,136,139
15:0,3,5,13,14,78,36,51,54,55,62,63,64,65,66,68,70,74,81,85,89,90,92,98,100,102,105,106,113,115,125,126,127,129,138
16:3,6,10,131,20,27,29,33,35,42,44,58,59,61,64,66,67,69,74,76,80,89,96,99,106,110,112,113,117,119,125,126,129,134,135,138
17:6,11,14,112,18,26,29,33,34,36,43,50,56,61,74,76,78,83,84,91,94,99,105,114,119,134
18:5,6,17,100,35,39,41,43,48,49,52,56,63,64,70,73,81,82,89,90,92,97,98,99,124,132,138
19:128,28,29,38,40,41,43,46,48,55,56,57,79,80,81,83,85,87,102,104,112,129
20:12,13,16,35,24,27,29,33,39,41,42,50,52,54,60,63,68,76,80,81,85,100,108,124,125,127,129,134
21:3,9,44,24,25,30,39,48,59,67,70,73,83,86,95,97,98,99,116,119,123,126,127,130
22:3,10,23,24,25,27,31,36,40,49,54,55,56,58,74,93,95,107,108,109,117,121,124,128,129,130,137
23:2,7,9,11,12,22,63,26,37,41,42,46,54,73,84,93,94,95,106,109,122,127,130,138
24:9,10,20,21,22,43,37,44,48,49,66,69,70,75,79,88,90,96,97,98,106,108,121,122,126,133,136
25:6,8,14,21,22,58,31,35,41,59,61,65,82,84,90,94,96,98,107,109,115,118,119,122,126,129,131,134
26:0,3,17,23,94,27,29,38,41,50,52,56,58,63,67,77,86,90,98,100,105,106,110,115,117,122,128,130,132,135,138,139
27:4,6,10,16,20,22,26,66,35,37,39,40,47,48,49,57,62,68,69,75,80,83,88,93,100,103,106,111,116,119,122,124,127,130,139
28:2,9,19,41,36,49,55,76,83,93,95,133,139
29:2,11,12,16,17,19,20,26,82,30,32,33,36,38,51,58,62,67,68,72,76,79,93,94,95,105,111,114,115,139
30:2,3,5,8,10,13,21,29,111,31,34,43,45,46,50,53,68,79,87,88,90,92,95,96,107,116,117,119,126,131,132
31:1,2,3,6,7,9,22,25,30,51,37,41,45,46,62,67,75,90,96,98,110,111,112,127,131,135,138
32:2,3,6,10,13,29,59,34,53,54,60,64,72,75,76,90,105,107,108,119,122,137
33:1,14,16,17,20,29,44,34,36,41,46,66,70,78,83,84,87,89,90,96,110,116,129,131
34:0,1,2,7,11,13,17,30,32,33,138,43,55,61,75,81,87,91,96,107,108,111,124,137
35:2,16,18,20,25,27,73,37,38,42,44,46,47,56,57,59,61,68,72,75,76,87,88,94,96,98,108,110,113,117,120,124,129,131,134
36:14,15,17,22,28,29,33,86,52,57,59,65,68,71,79,81,82,90,91,96,98,104,108,109,120,121,128,129,139
37:3,10,11,12,23,24,27,31,35,38,41,44,46,54,61,65,66,72,73,77,83,84,89,90,93,100,106,113,132
38:3,5,8,10,11,19,26,29,35,37,82,49,59,63,67,74,75,89,90,94,97,98,101,117,129,135
39:0,3,14,18,20,21,27,138,40,45,48,52,54,58,59,61,67,75,99,103,112,118,123,132,134
40:1,7,8,13,19,22,27,39,113,42,44,45,46,52,58,68,69,73,82,84,87,88,91,94,103,112,118,125,135
41:0,3,5,8,11,12,13,18,19,20,23,25,26,28,31,33,37,79,50,56,64,66,67,68,69,72,75,93,94,104,110,115,129,130,137
42:3,16,20,23,35,40,58,61,77,80,82,85,94,102,103,106,112,129,131,136,138
43:5,17,18,19,24,30,34,112,44,51,54,55,62,63,67,76,77,89,91,96,100,109,113,115,121,124,125,127,130,134
44:0,3,13,16,21,24,33,35,37,40,43,125,52,56,66,67,77,79,90,91,101,109,121,127,129,131,133,137,138,139
45:0,6,7,13,30,31,39,40,92,58,60,62,66,72,74,77,79,83,89,91,96,106,107,108,109,110,113,121,127,132
46:2,5,8,14,19,23,30,31,33,35,37,40,120,51,59,66,71,79,87,92,93,102,112,123,125,128,130,132,134,136
47:3,4,8,12,13,27,35,135,51,55,61,69,76,77,78,87,89,92,100,102,106,108,109,111,112,116,117,123,124,126,129,133,139
48:3,4,6,8,18,19,21,24,27,39,128,49,54,58,62,63,65,69,72,84,86,88,90,92,108,111,113,122,132,134,135
49:2,3,7,18,22,24,27,28,38,48,51,52,57,59,61,62,64,72,75,77,78,82,86,93,98,99,108,110,112,116,137
50:3,17,20,26,30,41,135,55,58,60,70,71,78,79,90,99,103,117,119,120,129
51:2,9,10,15,29,31,43,46,47,49,82,55,59,60,70,76,80,81,83,87,94,96,99,113,122,127,128,130,137
52:1,7,11,18,20,26,36,39,40,44,49,126,54,56,66,75,87,108,111,112,131,132,134,139
53:3,6,8,14,30,32,62,63,68,71,82,83,95,96,97,101,108,111,120,128,130,133,135,136
54:6,10,12,15,20,22,23,32,37,39,43,48,52,137,62,65,77,82,84,93,99,100,103,108,114,119
55:11,13,15,19,22,28,34,43,47,50,51,133,65,69,81,86,88,96,101,102,105,113,117,123,125,129
56:3,12,14,17,18,19,22,26,35,41,44,52,99,59,60,74,75,76,107,108,109,115,117,119,121,123,124,128,133,134,136
57:0,1,6,7,8,14,19,27,35,36,49,118,67,72,73,75,81,90,91,98,105,110,111,112,114,122,130,139
58:4,10,14,16,22,25,26,29,39,40,42,45,48,50,110,64,66,70,71,75,77,78,88,89,105,111,113,127,131,135
59:9,16,21,25,32,35,36,38,39,46,49,51,56,112,62,70,73,80,83,95,97,98,99,113,114,122,128,129,131,132,135
60:10,11,14,20,32,45,50,51,56,137,68,84,88,91,93,101,103,104,110,112,113,115,121,131,135
61:10,16,17,25,34,35,37,39,42,47,49,77,62,63,72,74,79,83,88,91,92,97,98,103,108,112,115,120,123,126,133,136
62:1,2,6,8,10,12,15,27,29,31,43,45,48,49,53,54,59,61,99,64,68,73,74,76,82,83,86,98,100,110,112,123,136
63:7,11,15,18,20,23,26,38,43,48,53,61,132,67,74,76,87,94,100,113,116,119,130,133,134,138
64:1,3,10,15,16,18,32,41,49,58,62,108,65,66,69,74,87,91,97,98,107,112,118,119,122,125,126,132,135
65:1,3,7,11,15,25,36,37,48,54,55,64,125,78,80,82,84,87,88,98,101,104,105,120,121,131,138,139
66:1,6,15,16,24,27,33,37,41,44,45,46,52,58,64,76,67,69,74,79,103,105,113,132
67:4,6,8,16,21,26,29,31,38,39,41,43,44,57,63,66,139,70,81,86,87,91,93,95,104,111,113,121,125,130,137
68:0,5,8,13,14,15,20,27,29,30,35,36,40,41,53,60,62,90,76,79,85,88,93,95,107,111,114,116,117,119,123,125,127,138
69:0,5,9,12,14,16,24,27,40,41,47,48,55,64,66,127,70,74,75,76,80,87,90,91,92,100,101,102,110,114,115,117,120,122,125,131,133,134,136,138
70:15,18,21,24,33,50,51,58,59,67,69,84,71,73,85,89,95,97,98,103,113,114,115,117,126,128,132,135
71:36,46,50,53,58,70,95,74,77,85,87,89,105,106,107,111,115,117,122,123,124,125,128,133,134,139
72:2,6,8,9,13,14,29,32,35,37,41,45,48,49,57,61,107,84,85,86,88,90,96,98,103,108,115,120,125,128,135
73:6,18,21,23,35,37,40,57,59,62,70,104,85,86,88,92,93,97,100,106,107,110,113,123,124,127,134,136
74:2,3,5,7,13,15,16,17,22,38,45,56,61,62,63,64,66,69,71,131,76,84,85,89,90,94,95,97,118,119,120,123,126,129,137,138
75:0,13,24,27,31,32,34,35,38,39,41,49,52,56,57,58,69,79,80,84,89,92,97,99,102,120,125,132,136
76:1,2,10,16,17,20,28,29,32,35,43,47,51,56,62,63,66,68,69,74,95,79,80,87,92,94,100,108,112,116,117,123,132,134,136,137
77:3,11,12,26,37,42,43,44,45,47,49,54,58,61,71,101,78,79,85,88,92,93,95,106,108,113,115,118
78:2,13,15,17,33,47,49,50,58,65,77,128,88,92,96,118,122,123,132
79:0,3,11,19,24,29,30,36,41,44,45,46,50,61,66,68,75,76,77,93,83,84,87,92,94,100,101,102,111,115,116,122,124,126,133,136
80:6,7,12,16,19,20,27,42,51,59,65,69,75,76,118,83,84,86,96,102,103,116,120,124,128,129,135,139
81:6,9,15,18,19,20,34,36,51,55,57,67,107,84,92,93,96,99,106,111,118,120,123,124,125,126,131,132,134,135
82:2,3,9,10,18,25,29,36,38,40,42,49,51,53,54,62,65,94,95,101,106,113,114,117,120,121,133,138
83:4,7,9,12,13,14,17,19,21,27,28,33,37,45,51,53,59,61,62,79,80,96,87,90,98,106,113,119,132
84:0,5,17,23,25,33,37,40,48,54,60,65,70,72,74,75,79,80,81,118,86,87,88,94,96,102,111,128,138,139
85:1,4,7,15,19,20,42,68,70,71,72,73,74,77,95,86,92,94,113,123
86:4,6,10,11,13,21,26,36,48,49,55,62,67,72,73,80,84,85,98,88,89,90,97,103,105,122,134,135,139
87:4,6,8,9,10,11,12,14,19,30,33,34,35,40,46,47,51,52,63,64,65,67,69,71,76,79,83,84,129,91,93,94,95,99,105,108,112,116,126
88:13,14,24,27,30,35,40,48,55,58,60,61,65,68,72,73,77,78,84,86,101,94,98,100,105,107,117,118,121,126,133,134,136,137,139
89:0,1,2,4,11,12,15,16,18,33,37,38,43,45,47,58,70,71,74,75,86,109,107,117,118,122,128,138
90:0,6,7,15,18,24,25,26,30,31,32,33,36,37,38,44,48,50,57,68,69,72,74,83,86,110,91,93,96,99,104,106,117,118,120,125,126,128,132,135,137,139
91:0,11,17,34,36,40,43,44,45,57,60,61,64,67,69,87,90,113,108,115,117,124,127,129,131,135,136
92:15,18,30,45,46,47,48,61,69,73,75,76,77,78,79,81,85,112,99,104,118,123,128,137,139
93:0,6,12,22,23,27,28,29,37,41,46,49,54,60,67,68,73,77,79,81,87,90,121,95,99,108,120,123,128,131,133,135,137
94:2,9,10,17,23,25,26,29,35,38,40,41,42,51,63,74,76,79,82,84,85,87,88,118,99,101,105,109,111,114,121,123,130,131,136
95:3,6,21,22,23,28,29,30,53,59,67,68,70,71,74,76,77,82,85,87,93,134,102,103,109,115,116,127,136
96:3,7,16,24,25,30,31,33,34,35,36,43,45,51,53,55,72,78,80,81,83,84,90,119,99,100,104,113,133,137,138
97:8,13,18,21,24,38,53,59,61,64,70,73,74,75,86,118,103,105,116,117,122,131,136,137
98:4,8,10,12,14,15,18,21,24,25,26,31,35,36,38,49,57,59,61,62,64,65,70,72,83,86,88,109,106,107,125,128
99:2,6,13,16,17,18,21,39,49,50,51,54,56,59,62,75,81,87,90,92,93,94,96,125,105,107,117,119
100:0,2,12,15,18,20,26,27,37,43,47,54,62,63,69,73,76,79,88,96,126,101,102,108,110,112,117,122,123,128,132
101:1,3,9,38,44,53,55,60,65,69,77,79,82,88,94,100,117,108,136,139
102:2,12,15,19,42,46,47,55,69,75,79,80,84,95,100,139,106,116,123,124,128,132,134,135
103:0,1,2,3,4,11,27,39,40,42,50,54,60,61,66,70,72,80,86,95,97,129,105,110,127,137
104:0,1,19,36,41,60,65,67,73,90,92,96,125,105,106,112,118,119
105:3,15,17,26,29,32,55,57,58,65,66,71,86,87,88,94,97,99,103,104,107,108,109,115,117,123,125,134
106:1,6,9,15,16,23,24,26,27,37,42,45,47,71,73,77,81,82,83,90,98,102,104,117,107,110,111,114,115,130
107:1,2,6,12,22,25,30,32,34,45,56,64,68,71,72,73,81,88,89,98,99,105,106,126,114,117,122,124,133,136
108:13,14,20,22,24,32,34,35,36,45,47,48,49,52,53,54,56,61,64,72,76,77,87,91,93,100,101,105,135,109,111,114,123,129,133,138
109:10,22,23,25,36,43,44,45,47,56,89,94,95,98,105,108,127,123,130,135
110:3,8,14,16,26,31,33,35,41,45,49,57,58,60,62,69,73,90,100,103,106,138,112,113,121,124,125
111:6,9,12,27,29,30,31,34,47,48,52,53,57,58,67,68,71,79,81,84,94,106,108,134,122,124,132,133,135,136,138
112:14,16,17,19,31,39,40,42,43,46,47,49,52,57,59,60,61,62,64,76,87,92,100,104,110,137,116,121,128,129,130,139
113:4,10,12,13,15,16,35,37,40,43,45,48,51,55,58,59,60,63,66,67,70,73,77,82,83,85,91,96,110,127,123,125
114:7,9,10,17,29,54,57,59,68,69,70,82,94,106,107,108,133,125,126,138
115:2,4,5,15,25,26,29,41,43,56,60,61,69,70,71,72,77,79,91,95,105,106,116,119,123,126,128,130,131
116:1,3,6,21,27,30,33,47,49,63,68,76,79,80,87,95,97,102,112,115,125,117,122,123,127,131
117:1,4,6,13,16,22,26,30,35,38,47,50,55,56,68,69,70,71,76,82,88,89,90,91,97,99,100,101,105,106,107,116,123,119,120,126,127,130,134,138,139
118:7,25,39,40,57,64,74,77,78,80,81,84,88,89,90,92,94,97,104,119,121,135
119:3,8,14,16,17,21,25,27,30,32,50,54,56,63,64,68,74,83,96,99,104,115,117,118,137,127,134
120:5,11,14,35,36,46,50,53,61,65,69,72,74,75,80,81,82,90,93,117,136,133
121:0,2,9,13,14,22,24,36,43,44,45,56,60,65,67,82,88,93,94,110,112,118,133,136
122:23,24,25,26,27,32,48,51,57,59,64,69,71,78,79,86,89,97,100,107,111,116,127
123:5,11,14,21,39,46,47,55,56,61,62,68,71,73,74,76,78,81,85,92,93,94,100,102,105,108,109,113,115,116,117,139,129
124:2,4,5,13,18,20,22,27,34,35,43,47,56,71,73,79,80,81,91,102,107,110,111,128,126,129,130,131,137
125:0,8,10,14,15,16,20,40,43,44,46,55,64,65,67,68,69,71,72,75,81,90,98,99,104,105,110,113,114,116,133,128,129,130,138
126:0,6,8,10,15,16,21,24,25,30,47,52,61,64,70,74,79,81,87,88,90,100,107,114,115,117,124,137,128,138,139
127:3,11,15,20,21,23,27,31,43,44,45,51,58,68,69,73,91,95,103,109,113,116,117,119,122,137,128,129,130,132
128:6,13,14,19,22,26,36,46,48,51,53,56,59,70,71,72,78,80,84,89,90,92,93,98,100,102,112,115,124,125,126,127,132,131,133
129:0,8,10,13,15,16,19,20,22,25,33,35,36,38,41,42,44,47,50,55,59,74,80,87,91,103,108,112,123,124,125,127,134,130
130:4,21,22,23,26,27,41,43,46,51,53,57,63,67,94,106,109,112,115,117,124,125,127,129,133,139
131:2,6,7,8,16,25,30,31,33,35,42,44,52,58,59,60,65,69,74,81,91,93,94,97,115,116,124,128,133
132:3,9,10,11,18,26,30,37,39,45,46,48,52,59,63,64,66,70,75,76,78,81,83,90,100,102,111,127,128,137
133:4,8,10,24,28,44,47,53,55,56,61,63,69,71,79,82,88,93,96,107,108,111,114,120,121,125,128,130,131,138,136
134:0,6,7,9,16,17,20,25,35,39,43,46,48,52,56,63,69,71,73,76,81,86,88,95,102,105,111,117,119,129,138,135
135:1,6,7,10,11,16,26,31,38,40,47,48,50,53,58,59,60,64,70,72,80,81,86,90,91,93,102,108,109,111,118,134,136
136:2,9,14,24,42,46,53,56,61,62,69,73,75,76,79,88,91,94,95,97,101,107,111,120,121,133,135,137,139
137:0,4,9,11,13,22,32,34,41,44,49,51,54,60,67,74,76,88,90,92,93,96,97,103,112,119,124,126,127,132,136,138
138:4,5,6,13,15,16,18,23,26,31,34,39,42,44,63,65,68,69,74,82,84,89,96,108,110,111,114,117,125,126,133,134,137,139
139:8,10,14,26,27,28,29,36,44,47,52,57,65,67,71,80,84,86,88,90,92,101,102,112,117,123,126,130,136,138
