0:114,4,5,7,8,9,10,14,18,20,21,23,26,27,28,31,35,38,40,41,43,46,48,50,52,54,55,56,57,61,63,65,70,71,75,76,77,79,82,84,89,90,94,96,97,100,102,106,107,110,115,116,117,118,119,120,123,125,126,127,129,130,131,132,134,136,137,138,140,141,142,143,148,149
1:81,3,4,5,8,12,13,14,15,16,18,22,24,26,27,28,29,31,33,34,36,37,43,44,45,47,51,56,58,60,61,62,63,65,66,67,68,69,71,73,74,76,77,78,79,80,83,85,86,88,89,90,91,97,98,101,102,108,109,111,114,115,116,117,118,120,121,125,126,132,135,138,141,142,143,145,146,147,148
2:121,4,5,10,14,16,20,22,25,27,30,32,33,36,37,44,46,47,49,52,53,54,56,60,62,63,66,67,69,71,72,73,74,75,76,77,78,79,80,81,82,85,86,88,89,90,92,96,97,98,100,102,103,105,111,118,120,124,126,127,128,129,130,133,135,139,140,141,142,144
3:1,14,6,7,9,10,11,16,17,18,21,22,23,24,26,27,30,31,34,35,38,41,42,44,45,47,48,50,51,53,55,56,58,59,64,65,68,71,73,74,76,77,81,82,83,85,87,89,90,91,94,97,98,99,101,107,114,116,118,121,123,124,125,128,130,131,132,133,134,135,136,137,138,140,141,142,144,146,147
4:0,1,2,44,5,7,10,12,13,15,16,17,18,19,22,26,27,28,29,30,31,32,33,34,39,46,53,55,56,57,59,61,62,64,66,67,76,80,84,85,86,93,94,95,96,99,100,102,104,105,106,107,109,110,112,113,114,119,120,121,122,123,127,129,133,134,139,140,142,146,149
5:0,1,2,4,58,6,7,10,11,12,13,16,17,19,21,22,24,27,30,34,35,36,37,38,42,43,47,48,51,53,55,56,60,61,63,64,65,68,69,72,73,76,77,78,79,80,81,85,87,90,91,92,93,98,99,101,108,109,110,116,118,121,124,125,126,127,128,131,133,134,137,140,141,142,149
6:3,5,119,10,11,13,18,19,20,21,24,26,27,29,30,33,34,35,36,37,39,40,42,45,48,50,51,52,53,54,57,58,62,67,68,70,74,76,77,79,80,87,88,99,100,102,105,106,107,108,109,112,113,114,115,120,122,124,126,127,130,133,136,139,141,142,144,145
7:0,3,4,5,137,12,13,15,17,18,20,24,25,26,27,30,33,42,43,45,46,47,50,52,53,56,57,59,60,61,64,67,68,70,79,80,84,87,91,92,94,95,97,98,99,103,104,105,106,109,110,113,115,118,120,123,124,125,127,128,131,132,133,135,136,139,141,143,144
8:0,1,51,9,10,12,15,17,18,20,25,26,28,30,34,37,38,41,42,43,52,57,61,63,66,67,73,74,75,76,79,81,82,89,90,92,96,97,99,100,101,102,103,104,105,110,111,112,113,117,118,124,125,126,127,131,132,135,142,143,148,149
9:0,3,8,131,14,16,17,18,19,21,22,24,26,28,29,34,35,40,41,42,44,45,48,50,52,54,55,56,58,60,63,65,66,67,68,69,70,71,73,76,77,78,79,80,81,82,85,86,91,92,93,95,96,97,106,107,109,110,112,113,115,122,123,125,127,128,129,130,134,138,140,142,143,144,145,146,147,148,149
10:0,2,3,4,5,6,8,37,12,14,15,16,17,18,19,21,22,23,24,25,28,30,31,32,33,34,35,39,40,42,44,46,47,50,52,53,56,57,58,61,63,64,66,67,72,73,75,77,78,80,81,82,84,85,89,90,91,92,95,97,98,100,101,102,103,104,105,106,107,108,111,112,113,116,118,119,121,129,130,131,133,134,135,137,138,142,143,146,147
11:3,5,6,61,12,14,15,19,20,22,25,26,29,30,32,33,35,39,40,41,43,45,47,52,53,54,57,58,60,62,63,64,65,67,71,73,74,75,76,78,80,82,83,85,86,90,92,98,104,105,107,108,109,112,113,115,117,118,119,122,124,125,127,128,130,133,135,136,138,139,141,143,145,147,148,149
12:1,4,5,7,8,10,11,119,14,18,26,28,31,32,33,34,36,38,39,43,45,48,50,51,52,53,54,55,60,61,63,67,70,71,72,73,79,82,83,86,87,88,90,92,94,96,97,101,105,106,107,108,110,113,115,117,120,124,125,126,128,129,131,133,136,137,139,141,143,144,145
13:1,4,5,6,7,113,14,15,16,17,19,20,21,22,23,24,30,32,33,34,35,36,37,41,42,43,45,47,50,52,53,54,57,60,61,63,64,65,67,72,73,75,76,77,78,79,82,83,87,91,92,93,95,96,97,99,107,108,109,112,116,117,119,120,121,122,124,126,128,129,130,132,135,137,138,139,140,143,145,146,147
14:0,1,2,3,9,10,11,12,13,137,15,17,18,19,20,21,22,23,24,25,26,31,32,33,39,40,41,42,47,55,57,59,60,61,62,63,64,66,68,69,70,72,73,75,76,78,79,80,81,86,87,88,95,96,97,99,108,112,113,117,121,122,126,128,130,132,133,135,141,142,144,146,147
15:1,4,7,8,10,11,13,14,75,17,18,23,24,25,26,27,31,32,33,35,37,39,42,46,47,48,50,51,55,56,58,63,66,69,70,76,78,80,82,85,90,91,93,95,97,105,107,110,111,112,117,122,124,125,130,131,133,134,136,138,139,143,144,146,149
16:1,2,3,4,5,9,10,13,55,17,19,20,24,31,36,39,40,41,44,46,48,52,54,58,63,64,67,69,72,75,76,79,80,81,82,83,85,86,87,88,89,90,95,96,98,101,104,105,106,110,113,115,118,120,121,123,124,127,130,133,134,139,140,141,143
17:3,4,5,7,8,9,10,13,14,15,16,104,19,23,24,25,26,27,28,30,31,32,33,34,36,37,38,40,41,42,43,46,50,51,53,55,56,57,58,62,63,64,67,70,71,73,74,75,76,77,78,81,83,84,85,87,90,95,97,98,99,101,108,110,111,115,117,118,119,120,121,123,124,125,126,127,128,129,130,131,132,133,135,136,137,139,144,148,149
18:0,1,3,4,6,7,8,9,10,12,14,15,127,19,20,23,27,28,29,32,33,39,40,43,44,46,49,51,52,53,54,57,58,59,61,63,67,68,69,70,71,72,76,79,80,81,82,86,88,89,90,91,92,94,98,99,102,107,108,110,111,113,119,120,121,123,125,136,139,140,141,142,144,147,149
19:4,5,6,9,10,11,13,14,16,17,18,96,20,26,27,28,31,32,33,34,35,41,42,44,48,53,55,57,58,63,72,75,76,77,81,84,87,88,89,90,91,94,95,97,98,100,102,104,105,109,112,115,116,117,120,126,129,133,134,136,138,139,140,141,142,143,144,146
20:0,2,6,7,8,11,13,14,16,18,19,147,21,22,25,26,27,28,30,31,32,34,35,37,40,45,46,51,54,58,59,61,62,65,69,71,72,73,74,77,78,80,82,84,85,86,89,90,94,95,97,98,100,102,104,107,108,109,112,114,116,117,118,122,125,127,128,129,132,133,135,137,138,139,144,148,149
21:0,3,5,6,9,10,13,14,20,89,22,23,24,25,26,28,29,30,31,32,33,36,37,38,39,40,42,44,45,46,47,48,50,51,52,54,56,57,58,60,64,65,68,69,70,74,75,76,77,78,82,86,88,91,93,94,96,100,104,107,110,111,112,113,114,115,116,123,126,128,129,131,132,134,136,140,141,145,146,147,149
22:1,2,3,4,5,9,10,11,13,14,20,21,84,25,26,30,31,33,34,35,36,37,42,43,45,50,53,56,59,60,61,63,64,65,68,70,72,74,76,77,78,80,82,83,85,86,87,88,91,96,101,103,104,107,108,116,120,126,132,133,134,138,139,140,141,144,147
23:0,3,10,13,14,15,17,18,21,77,24,25,27,28,33,36,37,39,43,44,46,47,48,49,51,53,55,56,57,58,63,64,65,66,69,70,72,73,74,76,78,80,81,83,88,89,92,93,97,100,103,104,108,110,112,113,114,115,118,119,121,122,124,126,130,132,134,136,137,138,139,141,142,144,145,147,149
24:1,3,5,6,7,9,10,13,14,15,16,17,21,23,90,25,28,30,31,32,36,38,41,43,45,46,48,49,52,54,57,60,62,64,65,66,69,73,74,77,79,81,82,83,84,86,87,88,91,92,95,96,98,99,101,103,105,106,109,113,119,123,124,125,128,132,133,135,139,140,143,144,145,148,149
25:2,7,8,10,11,14,15,17,20,21,22,23,24,103,28,29,30,31,39,40,41,42,45,47,51,53,54,55,57,61,62,64,65,66,68,72,78,81,83,85,86,87,89,92,94,101,102,106,107,108,109,110,111,113,114,116,118,119,120,123,128,129,132,135,137,138,142,143,147,148,149
26:0,1,3,4,6,7,8,9,11,12,14,15,17,19,20,21,22,46,29,30,31,33,35,37,40,41,44,45,48,49,54,56,58,60,62,63,67,69,73,76,78,80,82,86,87,91,92,93,95,96,98,101,103,104,105,106,108,109,111,113,114,117,118,121,124,125,126,127,130,131,136,137,138,141,142,143,145,146,148,149
27:0,1,2,3,4,5,6,7,15,17,18,19,20,23,135,28,33,35,36,37,39,40,41,43,45,47,52,53,56,58,59,60,63,66,67,71,74,75,76,77,78,81,82,84,85,88,89,90,91,92,93,94,98,101,103,107,112,113,114,115,117,119,120,121,124,127,128,130,134,138,139,141,142,147,148,149
28:0,1,4,8,9,10,12,17,18,19,20,21,23,24,25,27,139,30,32,34,35,42,49,51,52,54,57,59,60,61,62,68,69,70,72,73,77,84,85,91,92,93,94,95,96,97,98,103,104,105,106,107,108,109,112,116,118,119,120,123,126,127,129,130,136,137,140,142,144,145,147,148,149
29:1,4,6,9,11,18,21,25,26,113,30,32,33,35,36,38,39,40,44,48,50,53,54,55,56,57,58,59,62,67,71,72,74,76,77,82,85,86,91,92,93,96,97,98,99,104,105,109,112,115,119,121,124,125,135,137,139,140,145,148,149
30:2,3,4,5,6,7,8,10,11,13,17,20,21,22,24,25,26,28,29,56,32,33,34,35,36,40,42,43,46,47,54,59,61,63,64,66,72,75,76,77,78,79,80,81,84,86,89,91,92,95,97,98,106,109,112,113,115,116,117,121,126,127,129,130,132,133,134,136,142,144,145,146,147,148,149
31:0,1,3,4,10,12,14,15,16,17,19,20,21,22,24,25,26,60,36,37,38,41,44,45,48,52,53,54,58,61,63,65,69,72,74,75,77,79,80,82,85,87,90,96,98,99,100,101,102,106,108,109,111,113,114,115,117,118,120,123,126,131,132,136,138,139,140,142,143,144,145,147
32:2,4,10,11,12,13,14,15,17,18,19,20,21,24,28,29,30,50,33,34,35,36,38,41,42,43,45,46,47,51,53,55,56,57,58,59,60,63,64,67,68,69,73,74,76,80,83,85,87,89,91,92,93,94,96,101,104,106,107,109,112,113,115,117,119,120,121,123,126,128,130,132,134,135,138,139,143,144,146,147,149
33:1,2,4,6,7,10,11,12,13,14,15,17,18,19,21,22,23,26,27,29,30,32,59,35,38,40,41,43,45,52,53,54,56,61,62,63,66,75,77,79,83,86,87,94,98,100,101,102,103,104,106,112,116,117,118,119,122,127,133,139,141,142,143,144,145,147,148
34:1,3,4,5,6,8,9,10,12,13,17,19,20,22,28,30,32,102,35,36,37,38,39,41,45,47,48,50,51,53,54,56,58,60,61,63,65,71,72,73,74,75,77,78,79,80,82,83,85,87,107,108,113,115,116,122,123,125,128,134,135,136,137,138,139,140,141,143,145,149
35:0,3,5,6,9,10,11,13,15,19,20,22,26,27,28,29,30,32,33,34,147,36,39,41,42,43,45,49,52,53,54,57,58,59,64,66,71,72,73,74,81,83,84,85,86,87,89,90,93,94,101,102,103,109,110,112,120,122,123,127,129,132,134,136,137,139,140,141,143,144,145,146,148
36:1,2,5,6,12,13,16,17,21,22,23,24,27,29,30,31,32,34,35,109,37,38,41,44,45,46,49,52,53,59,65,66,67,69,75,76,78,79,81,87,88,89,91,92,93,97,99,101,102,104,105,106,108,111,112,115,116,118,119,123,124,126,129,130,132,133,134,136,138,141,143
37:1,2,5,6,8,10,13,15,17,20,21,22,23,26,27,31,34,36,127,39,40,43,45,46,47,48,50,52,56,57,59,62,64,67,68,69,71,75,79,80,82,83,84,87,88,90,92,94,95,96,98,99,101,105,106,107,108,112,113,115,116,118,119,120,121,122,123,124,125,126,128,129,133,138,143,146
38:0,3,5,8,12,17,21,24,29,31,32,33,34,36,65,40,42,44,46,50,51,55,56,57,62,68,69,73,74,75,78,81,82,83,87,88,89,90,91,93,97,98,99,100,101,102,103,106,107,108,109,111,113,114,115,116,117,120,123,124,125,132,133,134,136,137,138,144,145,146,148
39:4,6,10,11,12,14,15,16,18,21,23,25,27,29,34,35,37,46,41,42,49,50,52,54,55,60,61,62,63,65,66,69,70,71,75,80,85,86,88,90,92,98,99,100,103,104,105,112,113,114,115,116,117,119,121,122,123,125,126,128,130,135,136,138,141,142,143,146,147,149
40:0,6,9,10,11,14,16,17,18,20,21,25,26,27,29,30,33,37,38,134,42,46,47,50,51,55,56,57,58,59,63,64,65,66,67,68,70,71,73,74,76,79,81,84,86,87,89,90,92,95,96,97,100,101,103,104,105,106,107,110,111,113,116,119,123,124,125,126,127,128,129,131,132,140,145,146,148
41:0,3,8,9,11,13,14,16,17,19,24,25,26,27,31,32,33,34,35,36,39,92,42,46,47,50,53,54,55,58,66,69,70,74,76,83,84,86,87,88,90,97,98,100,103,106,108,110,112,113,117,119,121,122,124,126,127,129,130,134,135,136,137,139,141,142,144,145,146,148
42:3,5,6,7,8,9,10,13,14,15,17,19,21,22,25,28,30,32,35,38,39,40,41,52,45,48,49,50,53,54,55,57,58,59,60,63,65,68,73,80,81,83,87,88,94,95,96,102,105,106,108,109,111,116,118,121,123,124,125,126,127,129,130,132,134,135,136,141,142,143,144
43:0,1,5,7,8,11,12,13,17,18,22,23,24,27,30,32,33,35,37,68,44,46,47,48,49,50,56,59,61,62,64,65,67,70,71,75,76,78,79,84,85,86,90,92,94,95,98,102,103,105,109,110,112,113,117,121,122,123,125,127,128,130,131,133,135,136,139,140,141,143,145,146,147
44:1,2,3,4,9,10,16,18,19,21,23,26,29,31,36,38,43,110,45,46,47,53,57,58,64,65,68,73,75,77,78,80,81,82,83,85,87,88,89,93,96,97,98,99,101,102,104,107,114,119,120,121,122,124,125,127,129,133,134,135,139,141,145,147,149
45:1,3,6,7,9,11,12,13,20,21,22,24,25,26,27,31,32,33,34,35,36,37,42,44,113,47,48,51,58,59,60,63,66,67,68,71,72,74,75,77,81,83,85,89,91,99,106,108,110,114,116,117,121,122,123,126,137,138,141,142,149
46:0,2,4,7,10,15,16,17,18,20,21,23,24,26,30,32,36,37,38,39,40,41,43,44,60,47,48,51,53,57,59,61,62,67,68,71,74,81,85,87,89,91,93,94,96,101,103,104,105,106,109,111,114,115,120,124,126,129,130,132,140,141,143
47:1,2,3,5,7,10,11,13,14,15,21,23,25,27,30,32,34,37,40,41,43,44,45,46,100,54,55,57,60,61,62,65,67,68,69,71,75,76,79,80,81,82,85,86,90,91,93,94,97,98,102,106,107,112,117,118,119,120,125,126,136,139,140,144,146,149
48:0,3,5,6,9,12,15,16,19,21,23,24,26,29,31,34,37,42,43,45,46,133,52,55,59,60,62,64,66,72,77,78,79,82,84,85,89,91,97,98,101,102,103,104,105,107,108,110,112,113,116,118,121,122,123,126,127,130,131,135,139,140,141,142,144,146,147,148
49:2,18,23,24,26,28,35,36,39,42,43,70,50,51,52,55,57,58,59,60,61,65,66,67,68,73,74,76,78,81,82,83,93,94,95,98,99,101,102,103,106,107,110,111,112,116,118,122,123,125,129,132,135,138,140,142,143,145,146,147
50:0,3,6,7,9,10,12,13,15,17,21,22,29,32,34,37,38,39,40,41,42,43,49,130,52,53,56,58,59,60,62,65,66,69,71,72,75,79,80,81,82,84,86,87,89,90,92,93,94,95,96,97,99,100,101,103,105,106,107,108,110,114,115,116,118,121,122,125,126,127,128,131,133,134,138,139,142,145,146,147,148,149
51:1,3,5,6,8,12,15,17,18,20,21,23,25,28,32,34,38,40,45,46,49,78,53,54,55,56,59,61,67,69,70,73,75,76,82,83,85,87,90,95,96,98,99,104,107,108,110,111,112,113,114,117,119,121,122,123,125,127,128,130,131,135,136,137,138,142,144,147
52:0,2,6,7,8,9,10,11,12,13,16,18,21,24,27,28,31,33,35,36,37,39,42,48,49,50,146,54,56,60,66,67,68,70,72,75,78,79,82,83,86,87,89,90,91,92,93,97,99,105,106,108,109,110,112,115,116,118,121,123,125,126,130,132,134,135,137,138,139,140,141,142,143,145,147,148
53:2,3,4,5,6,7,10,11,12,13,17,18,19,22,23,25,27,29,31,32,33,34,35,36,41,42,44,46,50,51,124,58,59,60,61,63,68,72,73,74,78,82,84,86,87,89,91,92,97,98,102,104,105,107,108,110,112,113,114,116,118,119,121,122,123,127,128,133,134,136,137,142,147,149
54:0,2,6,9,11,12,13,16,18,20,21,24,25,26,28,29,30,31,33,34,35,39,41,42,47,51,52,111,55,56,59,60,61,64,65,70,72,74,75,77,79,81,82,83,87,88,89,91,92,93,94,98,99,100,102,104,106,107,110,112,114,115,118,122,129,130,133,134,135,136,138,140,144,146,147,148,149
55:0,3,4,5,9,12,14,15,16,17,19,23,25,29,32,38,39,40,41,42,47,48,49,51,54,76,56,58,61,68,69,70,71,73,77,80,81,88,90,93,94,98,99,102,103,106,107,108,112,113,116,117,119,120,121,122,124,126,130,131,137,139,142,143,144,146,148,149
56:0,1,2,3,4,5,7,9,10,15,17,21,22,23,26,27,29,30,32,33,34,37,38,40,43,50,51,52,54,55,99,57,60,62,63,64,65,68,69,71,74,75,76,77,78,82,87,88,89,91,93,94,95,96,97,100,101,102,103,105,106,110,111,113,116,117,120,121,129,133,134,139,140,143,144,146,147,148,149
57:0,4,6,7,8,10,11,13,14,17,18,19,21,23,24,25,28,29,32,35,37,38,40,42,44,46,47,49,56,88,58,59,62,63,64,66,67,70,72,75,76,77,78,84,85,87,89,90,92,96,98,99,100,101,103,104,105,112,113,114,117,118,124,125,126,128,129,132,133,134,136,137,141,142,146,148,149
58:1,3,5,6,9,10,11,15,16,17,18,19,20,21,23,26,27,29,31,32,34,35,40,41,42,44,45,49,50,53,55,57,65,61,62,63,64,70,73,74,77,79,80,81,83,84,87,88,89,90,91,92,100,101,102,103,105,107,108,109,114,120,123,124,125,128,132,133,134,136,137,139,140,141,142,143,148,149
59:3,4,7,14,18,20,22,27,28,29,30,32,33,35,36,37,40,42,43,45,46,48,49,50,51,53,54,57,131,60,62,64,69,71,73,75,77,81,83,84,87,89,94,95,98,99,100,101,102,104,106,107,108,109,110,113,114,115,119,120,121,126,127,128,129,130,132,134,140,144,149
60:1,2,5,7,9,11,12,13,14,21,22,24,26,27,28,31,32,34,39,42,45,46,47,48,49,50,52,53,54,56,59,112,66,67,70,71,72,73,76,79,80,82,88,90,91,94,95,100,102,103,104,105,107,110,117,118,119,121,123,124,125,126,130,133,135,136,138,140,144,149
61:0,1,4,5,7,8,10,11,12,13,14,18,20,22,25,28,30,31,33,34,39,43,46,47,49,51,53,54,55,58,90,63,65,66,67,68,71,72,73,74,76,78,79,82,84,86,87,88,91,92,93,94,95,97,98,100,102,104,106,108,110,116,118,119,124,129,130,131,134,135,136,137,145,146,147,149
62:1,2,4,6,11,14,17,20,24,25,26,28,29,33,37,38,39,43,46,47,48,50,56,57,58,59,96,63,64,65,67,68,72,74,75,77,78,82,83,85,86,88,89,90,91,92,93,94,98,101,104,106,108,109,112,114,118,119,121,123,124,125,126,128,129,130,132,135,136,137,139,140,142,143,145,146
63:0,1,2,5,8,9,10,11,12,13,14,15,16,17,18,19,22,23,26,27,30,31,32,33,34,39,40,42,45,53,56,57,58,61,62,91,65,67,69,72,74,75,78,79,82,84,88,90,96,97,98,99,101,105,106,107,111,112,113,115,116,117,120,123,126,127,128,130,131,132,133,134,135,139,141,142,143,145,146,147,148
64:3,4,5,7,10,11,13,14,16,17,21,22,23,24,25,30,32,35,37,40,43,44,48,54,56,57,58,59,62,114,73,76,78,80,86,89,92,93,96,97,102,103,105,109,111,112,113,120,121,125,128,130,132,133,139,141,143,145,146,148
65:0,1,3,5,9,11,13,20,21,22,23,24,25,31,34,36,38,39,40,42,43,44,47,49,50,54,56,58,61,62,63,112,67,69,70,73,74,75,76,83,84,86,87,89,90,91,92,93,95,97,98,100,101,103,104,106,109,111,113,114,118,119,120,121,122,130,132,134,135,136,138,139,140,141,142,144,147,148,149
66:1,2,4,8,9,10,14,15,23,24,25,27,30,33,35,36,39,40,41,45,48,49,50,52,57,60,61,99,67,68,69,71,73,74,79,85,87,90,94,97,98,100,101,103,106,107,109,112,115,116,117,120,122,123,124,125,127,128,134,136,140,142,143,144,146,148,149
67:1,2,4,6,7,8,9,10,11,12,13,16,17,18,26,27,29,32,36,37,40,43,45,46,47,49,51,52,57,60,61,62,63,65,66,83,69,70,71,74,76,77,78,80,81,82,84,85,86,88,89,91,92,94,97,98,99,101,103,104,107,108,113,116,117,118,121,122,124,125,127,129,130,131,133,135,136,138,139,140,141,142,143,144,145,147,148,149
68:1,3,5,6,7,9,14,18,21,22,25,28,32,37,38,40,42,43,44,45,46,47,49,52,53,55,56,61,62,66,131,73,77,79,82,83,84,86,88,89,91,94,95,96,98,103,104,109,114,117,118,119,122,128,132,133,134,135,137,138,139,141,142,146,147,148
69:1,2,5,9,14,15,16,18,20,21,23,24,26,28,31,32,36,37,38,39,41,47,50,51,55,56,59,63,65,66,67,120,72,73,75,77,78,80,82,83,84,86,92,94,95,96,97,99,102,103,105,109,111,114,115,118,119,122,123,128,129,132,134,135,137,138,140,142,144,145,148,149
70:0,6,7,9,12,14,15,17,18,21,22,23,28,39,40,41,43,49,51,52,54,55,57,58,60,65,67,99,73,75,79,80,84,85,88,91,92,93,94,95,97,100,101,102,105,106,109,115,118,119,120,123,127,128,130,135,138,140,141,142,143,145,146,147,149
71:0,1,2,3,9,11,12,17,18,20,27,29,34,35,37,39,40,43,45,46,47,50,55,56,59,60,61,66,67,94,72,73,74,76,81,84,87,91,92,96,97,99,100,101,102,103,104,105,106,107,112,113,115,119,120,121,122,124,126,127,131,132,135,138,140,141,147
72:2,5,10,12,13,14,16,18,19,20,22,23,25,28,29,30,31,34,35,45,48,50,52,53,54,57,60,61,62,63,69,71,148,73,74,76,79,83,84,85,88,89,90,91,92,93,96,101,103,106,107,108,109,113,114,116,117,118,119,122,124,125,126,127,128,129,130,131,134,136,138,140,141,143,144,147,149
73:1,2,3,5,8,9,10,11,12,13,14,17,20,23,24,26,28,32,34,35,38,40,42,44,49,51,53,55,58,59,60,61,64,65,66,68,69,70,71,72,110,74,76,78,79,85,88,92,93,95,99,101,103,104,107,112,113,114,119,120,121,122,123,124,125,129,130,131,132,134,135,136,138,139,140,141,144,146,149
74:1,2,3,6,8,11,17,20,21,22,23,24,27,29,31,32,34,35,38,40,41,45,46,49,53,54,56,58,61,62,63,65,66,67,71,72,73,112,78,79,81,82,83,85,88,89,90,91,93,98,99,100,102,106,107,108,113,116,119,122,123,129,131,132,134,138,139,141,143,146,147,148
75:0,2,8,10,11,13,14,15,16,17,19,21,27,30,31,33,34,36,37,38,39,43,44,45,47,50,51,52,54,56,57,59,62,63,65,69,70,136,77,78,80,83,85,87,92,94,96,100,102,111,112,117,118,121,122,126,127,132,135,138,141,143,144
76:0,1,2,3,4,5,6,8,9,11,13,14,15,16,17,18,19,21,22,23,26,27,29,30,32,36,40,41,43,47,49,51,55,56,57,60,61,64,65,67,71,72,73,136,77,78,80,82,83,84,85,86,88,89,90,91,92,95,102,104,105,107,108,110,112,113,116,119,120,122,126,131,132,137,138,139,142,143,144,145,147,149
77:0,1,2,3,5,6,9,10,13,17,19,20,21,22,23,24,27,28,29,30,31,33,34,44,45,48,54,55,56,57,58,59,62,67,68,69,75,76,94,79,83,84,86,90,95,103,104,106,107,109,110,114,115,118,119,120,123,124,127,128,130,131,132,133,134,137,138,140,143,146,147,148
78:1,2,5,9,10,11,13,14,15,17,20,21,22,23,25,26,27,30,34,36,38,43,44,48,49,51,52,53,56,57,61,62,63,64,67,69,73,74,75,76,142,83,85,86,87,88,91,92,96,100,103,104,109,110,111,112,119,120,121,124,125,126,128,130,131,132,133,136,140,143,145,146,147
79:0,1,2,5,6,7,8,9,12,13,14,16,18,24,30,31,33,34,36,37,40,43,47,48,50,52,54,58,60,61,63,66,68,70,72,73,74,77,129,84,86,88,89,91,93,95,96,98,100,103,104,105,106,108,110,113,115,117,118,119,120,123,124,131,132,134,135,137,139,140,141,145,146,147,149
80:1,2,4,5,6,7,9,10,11,14,15,16,18,20,22,23,26,30,31,32,34,37,39,42,44,47,50,55,58,60,64,67,69,70,75,76,129,81,82,87,88,90,93,96,100,101,105,108,109,110,111,112,113,115,116,117,119,126,139,142,143,149
81:1,2,3,5,8,9,10,14,16,17,18,19,23,24,25,27,30,35,36,38,40,42,44,45,46,47,49,50,54,55,58,59,67,71,74,80,117,84,87,89,91,93,94,96,97,105,108,110,112,118,128,131,132,134,135,136,138,141,144,146
82:0,2,3,8,9,10,11,12,13,15,16,18,20,21,22,24,26,27,29,31,34,37,38,44,47,48,49,50,51,52,53,54,56,60,61,62,63,67,68,69,74,76,80,127,83,92,97,98,100,102,103,105,108,112,113,116,118,122,128,129,131,132,140,143,146,147,148
83:1,3,11,12,13,16,17,22,23,24,25,32,33,34,35,37,38,41,42,44,45,49,51,52,54,58,59,62,65,67,68,69,72,74,75,76,77,78,82,85,84,86,94,96,99,102,103,104,106,107,112,114,115,117,119,120,122,124,126,128,130,132,133,137,141,145,147
84:0,4,7,10,17,19,20,22,24,27,28,30,35,37,40,41,43,48,50,53,57,58,59,61,63,65,67,68,69,70,71,72,76,77,79,81,83,101,85,90,91,94,95,97,99,102,103,104,106,109,114,116,120,121,126,127,129,130,131,133,134,135,138,140,142,144,145,146,148,149
85:1,2,3,4,5,9,10,11,15,16,17,20,22,25,27,28,29,31,32,34,35,39,43,44,45,46,47,48,51,57,62,66,67,70,72,73,74,75,76,78,83,84,89,86,88,92,98,99,100,101,102,103,106,110,115,117,121,124,128,132,134,135,140,144,145,147,148,149
86:1,2,4,9,11,12,14,16,18,20,21,22,24,25,26,29,30,33,35,39,40,41,43,47,50,52,53,61,62,64,65,67,68,69,76,77,78,79,83,85,137,87,89,90,93,94,95,97,100,102,103,104,107,108,109,113,116,117,125,126,127,129,130,131,132,134,136,139,145,146,147,148,149
87:3,5,6,7,12,13,14,16,17,19,22,24,25,26,31,32,33,34,35,36,37,38,40,41,42,44,46,50,51,52,53,54,56,57,58,59,61,65,66,71,75,78,80,81,86,131,88,91,92,95,97,100,102,103,108,109,111,112,116,120,126,127,128,132,133,134,136,137,138,139,142,143,144,145,146,148
88:1,2,6,12,14,16,18,19,21,22,23,24,27,36,37,38,39,41,42,44,54,55,56,57,58,60,61,62,63,67,68,70,72,73,74,76,78,79,80,85,87,141,92,95,96,98,100,101,102,103,104,105,107,108,110,118,119,120,121,122,123,124,125,129,130,132,134,135,136,138,140,142,143,145,147,148
89:0,1,2,3,8,10,16,18,19,20,21,23,25,27,30,32,35,36,38,40,44,45,46,48,50,52,53,54,56,57,58,59,62,64,65,67,68,72,74,76,79,81,85,86,114,90,93,94,96,101,104,106,109,117,119,121,123,124,125,127,128,130,131,132,133,134,140,142,144,145,146,147
90:0,1,2,3,5,8,10,11,12,15,16,17,18,19,20,24,27,31,35,37,38,39,40,41,43,47,50,51,52,55,57,58,60,61,62,63,65,66,72,74,76,77,80,84,86,89,96,91,93,94,95,97,99,101,103,104,105,106,108,111,112,116,118,119,120,122,123,124,129,133,134,135,137,142,146,147,148
91:1,3,5,7,9,10,13,15,18,19,21,22,24,26,27,28,29,30,32,36,38,45,46,47,48,52,53,54,56,58,60,61,62,63,65,67,68,70,71,72,74,76,78,79,81,84,87,90,149,94,95,96,97,102,103,105,107,110,112,114,117,118,123,125,128,133,134,137,138,141,142,143,144,145,147,148
92:2,5,7,8,9,10,11,12,13,18,23,24,25,26,27,28,29,30,32,36,37,39,40,41,43,50,52,53,54,57,58,61,62,64,65,67,69,70,71,72,73,75,76,78,82,85,87,88,140,96,97,104,106,113,114,117,120,121,122,123,127,128,129,135,138,139,142,146,148
93:4,5,9,13,15,21,23,26,27,28,29,32,35,36,38,44,46,47,49,50,52,54,55,56,61,62,64,65,70,72,73,74,79,80,81,86,89,90,130,95,97,98,99,101,102,103,106,108,111,115,117,121,122,123,131,132,136,139,142,143,147,149
94:0,3,4,7,12,18,19,20,21,25,27,28,32,33,35,37,42,43,46,47,49,50,54,55,56,59,60,61,62,66,67,68,69,70,71,75,77,81,83,84,86,89,90,91,137,95,96,97,98,99,100,101,102,103,104,106,107,110,112,114,115,121,122,123,124,127,128,129,131,135,136,140,144,145,146,147,148
95:4,7,9,10,13,14,15,16,17,19,20,24,26,28,30,37,40,42,43,49,50,51,56,59,60,61,65,68,69,70,73,76,77,79,84,86,87,88,90,91,93,94,142,97,98,102,103,104,105,111,114,115,118,122,123,124,125,126,129,130,135,139,140,143,148
96:0,2,4,8,9,12,13,14,16,19,21,22,24,26,28,29,31,32,37,40,42,44,46,50,51,56,57,62,63,64,68,69,71,72,75,78,79,80,81,83,88,89,90,91,92,94,112,100,106,107,113,114,115,116,117,118,121,122,127,128,129,130,132,137,138,139,142,144,146,148
97:0,1,2,3,7,8,9,10,12,13,14,15,17,19,20,23,28,29,30,36,38,40,41,44,47,48,50,52,53,56,61,63,64,65,66,67,69,70,71,81,82,84,86,87,90,91,92,93,94,95,112,98,100,103,105,113,117,123,124,126,127,129,133,134,138,139,141,142,143,144,145,146
98:1,2,3,5,7,10,11,16,17,18,19,20,24,26,27,28,29,30,31,33,37,38,39,41,43,44,47,48,49,51,53,54,55,57,59,61,62,63,65,66,67,68,74,79,82,85,88,93,94,95,97,99,100,101,102,104,109,110,111,112,113,114,115,121,125,126,127,128,129,134,135,136,138,140,141,142,145,146
99:3,4,5,6,7,8,13,14,17,18,24,29,31,36,37,38,39,44,45,49,50,51,52,54,55,56,57,59,63,66,67,69,70,71,73,74,83,84,85,90,93,94,98,145,103,110,112,114,115,121,124,125,126,127,129,130,134,138,142,143,144,149
100:0,2,4,6,8,10,19,20,21,23,31,33,38,39,40,41,47,50,54,56,57,58,59,60,61,65,66,70,71,74,75,78,79,80,82,85,86,87,88,94,96,97,98,140,102,104,105,107,109,110,116,117,120,121,122,123,124,125,129,132,134,136,137,146
101:1,3,5,8,10,12,16,17,22,24,25,26,27,31,32,33,35,36,37,38,40,44,46,48,49,50,56,57,58,59,62,63,65,66,67,70,71,72,73,80,84,85,88,89,90,93,94,98,134,103,104,106,107,109,110,111,113,114,115,118,120,121,123,127,128,132,135,136,137,138,139,140,142,143,148,149
102:0,1,2,4,6,8,10,18,19,20,25,31,33,34,35,36,38,42,43,44,47,48,49,53,54,55,56,58,59,60,61,64,69,70,71,74,75,76,82,83,84,85,86,87,88,91,93,94,95,98,100,133,103,106,108,109,110,114,117,118,120,121,122,124,126,127,129,131,132,134,136,137,139,143,144,146,147,148
103:2,7,8,10,22,23,24,25,26,27,28,33,35,38,39,40,41,43,46,48,49,50,55,56,57,58,60,64,65,66,67,68,69,71,72,73,77,78,79,82,83,84,85,86,87,88,90,91,93,94,95,97,99,101,102,118,104,106,108,109,110,113,115,119,120,121,123,125,126,128,129,132,133,134,136,139,140,141,143,145,148
104:4,7,8,10,11,16,17,19,20,21,22,23,26,28,29,32,33,36,39,40,44,46,48,51,53,54,57,59,60,61,62,65,67,68,71,73,76,77,78,79,83,84,86,88,89,90,92,94,95,98,100,101,103,149,106,107,108,109,110,111,112,114,116,117,118,125,126,127,128,130,132,133,136,137,138,141,144,145,147,148
105:2,4,6,7,8,10,11,12,15,16,19,24,26,28,29,36,37,39,40,42,43,46,48,50,52,53,56,57,58,60,63,64,69,70,71,76,79,80,81,82,88,90,91,95,97,100,107,112,115,121,122,125,127,128,130,131,132,138,142,143,144,147,148,149
106:0,4,6,7,9,10,12,16,24,25,26,28,30,31,32,33,36,37,38,40,41,42,45,46,47,49,50,52,54,55,56,59,61,62,63,65,66,70,71,72,74,77,79,83,84,85,89,90,92,93,94,96,101,102,103,104,128,110,112,115,116,117,119,121,122,130,131,133,134,139,140,142,144,145,146
107:0,3,4,6,9,10,11,12,13,15,18,20,21,22,25,27,28,32,34,37,38,40,44,47,48,49,50,51,53,54,55,58,59,60,63,66,67,71,72,73,74,76,77,83,86,88,91,94,96,100,101,104,105,143,108,110,111,113,119,120,121,123,124,126,127,129,130,131,135,136,140,141,144,145,146,147,149
108:1,5,6,10,11,12,13,14,17,18,20,22,23,25,26,28,31,34,36,37,38,41,42,45,48,50,51,52,53,55,58,59,61,62,67,72,74,76,79,80,81,82,86,87,88,90,93,102,103,104,107,123,110,111,113,114,115,116,118,120,126,127,131,133,134,135,139,140,141,143,144,146,148
109:1,4,5,6,7,9,11,13,19,20,24,25,26,28,29,30,31,32,35,36,38,42,43,46,52,58,59,62,64,65,66,68,69,70,72,77,78,80,84,86,87,89,98,100,101,102,103,104,118,110,116,117,120,121,122,124,126,128,130,131,132,135,137,139,140,141,145,146,147,149
110:0,4,5,7,8,9,12,15,16,17,18,21,23,25,35,40,41,43,44,45,48,49,50,51,52,53,54,56,59,60,61,73,76,77,78,79,80,81,85,88,91,94,98,99,100,101,102,103,104,106,107,108,109,117,111,114,118,120,122,124,125,127,128,130,131,132,134,135,137,140,142,145,146,147,148,149
111:1,2,8,10,15,17,18,21,25,26,31,36,38,40,42,46,49,51,54,56,63,64,65,69,75,78,80,87,90,93,95,98,101,104,107,108,110,115,117,119,124,126,127,130,133,134,137,138,141,142,144
112:4,6,8,9,10,11,13,14,15,19,20,21,23,27,28,29,30,32,33,35,36,37,39,41,43,47,48,49,51,52,53,54,55,57,60,62,63,64,65,66,71,73,74,75,76,78,80,81,82,83,87,90,91,94,96,97,98,99,104,105,106,130,117,120,121,122,127,128,133,134,135,136,138,140,146,147,148
113:4,6,7,8,9,10,11,12,13,14,16,18,21,23,24,25,26,27,29,30,31,32,34,37,38,39,40,41,43,45,48,51,53,55,56,57,59,63,64,65,67,71,72,73,74,76,79,80,82,86,92,96,97,98,101,103,107,108,134,116,121,122,123,124,125,130,131,138,141,149
114:0,1,3,4,6,20,21,23,25,26,27,31,38,39,44,45,46,50,51,53,54,57,58,59,62,64,65,68,69,72,73,77,83,84,89,91,92,94,95,96,98,99,101,102,104,108,110,130,116,118,120,124,128,129,131,134,135,137,138,149
115:0,1,6,7,9,11,12,16,17,19,21,23,27,29,30,31,32,34,36,37,38,39,46,50,52,54,59,63,66,69,70,71,77,79,80,83,85,93,94,95,96,98,99,101,103,105,106,108,111,149,116,121,122,130,132,134,135,138,140,141,142,144,145,146,147,148
116:0,1,3,5,10,13,19,20,21,22,25,28,30,33,34,36,37,38,39,40,42,45,48,49,50,52,53,55,56,61,63,66,67,72,74,76,80,82,84,86,87,90,96,100,104,106,108,109,113,114,115,120,119,124,129,132,134,135,136,137,138,143,144,149
117:0,1,8,11,12,13,14,15,17,19,20,26,27,30,31,32,33,38,39,41,43,45,47,51,55,56,57,60,63,66,67,68,72,75,79,80,81,83,85,86,89,91,92,93,96,97,100,102,104,106,109,110,111,112,138,121,123,125,126,127,128,129,131,132,133,134,136,139,143,149
118:0,1,2,3,5,7,8,10,11,16,17,20,23,25,26,28,31,33,36,37,42,47,48,49,50,52,53,54,57,60,61,62,65,67,68,69,70,72,75,77,79,81,82,88,90,91,95,96,101,102,103,104,108,109,110,114,141,121,123,124,127,129,130,133,142,143,147
119:0,4,6,10,11,12,13,17,18,23,24,25,27,28,29,32,33,36,37,39,40,41,44,47,51,53,55,59,60,61,62,65,68,69,70,71,72,73,74,76,77,78,79,80,83,88,89,90,103,106,107,111,116,134,124,125,126,130,131,132,133,135,136,144,148,149
120:0,1,2,4,6,7,12,13,16,17,18,19,22,25,27,28,31,32,35,37,38,44,46,47,55,56,58,59,63,64,65,66,69,70,71,73,76,77,78,79,83,84,87,88,90,92,100,101,102,103,107,108,109,110,112,114,116,128,121,124,126,129,130,134,136,137,138,139,140,142,144,145,147
121:1,2,3,4,5,10,13,14,16,17,18,23,26,27,29,30,32,37,39,41,42,43,44,45,48,50,51,52,53,55,56,59,60,62,64,65,67,71,73,75,78,84,85,88,89,92,93,94,96,98,99,100,101,102,103,105,106,107,109,112,113,115,117,118,120,143,124,125,127,128,131,133,136,137,138,141,142,144,145
122:4,6,9,11,13,14,15,20,23,33,34,35,37,39,41,43,44,45,48,49,50,51,53,54,55,65,66,67,68,69,71,72,73,74,75,76,82,83,88,90,92,93,94,95,96,100,102,105,106,109,110,112,113,115,129,124,125,126,134,140,142,144,147,148,149
123:0,3,4,7,9,16,17,18,21,24,25,28,31,32,34,35,36,37,38,39,40,42,43,45,48,49,51,52,53,58,60,62,63,66,69,70,73,74,77,79,88,89,90,91,92,93,94,95,97,100,101,103,107,108,113,117,118,149,124,128,129,130,131,133,134,136,138,140,141,142
124:2,3,5,6,7,8,11,12,13,15,16,17,23,24,26,27,29,36,37,38,40,41,42,44,46,53,55,57,58,60,61,62,66,67,71,72,73,77,78,79,83,85,88,89,90,94,95,97,99,100,102,107,109,110,111,113,114,116,118,119,120,121,122,123,148,125,126,128,129,130,131,132,133,134,136,138,143,144,146,149
125:0,1,3,5,7,8,9,11,12,15,17,18,20,24,26,29,34,37,38,39,40,42,43,44,47,49,50,51,52,57,58,60,62,64,66,67,72,73,78,86,88,89,91,95,98,99,100,103,104,105,110,113,117,119,121,122,124,134,127,129,130,131,132,136,141,144,145,149
126:0,1,2,5,6,8,12,13,14,17,19,21,22,23,26,28,30,31,32,36,37,39,40,41,42,45,46,47,48,50,52,55,57,59,60,62,63,71,72,75,76,78,80,83,84,86,87,95,97,98,99,102,103,104,107,108,109,111,117,119,120,122,124,127,128,130,133,134,135,136,138,139,141,143,144,149
127:0,2,4,5,6,7,8,9,11,16,17,18,20,26,27,28,30,33,35,37,40,41,42,43,44,48,50,51,53,59,63,66,67,70,71,72,75,77,82,84,86,87,89,92,94,96,97,98,99,101,102,104,105,107,108,110,111,112,117,118,121,125,126,149,128,130,131,134,138,139,140,143,144,145,146,147
128:2,3,5,7,9,11,12,13,14,17,20,21,24,25,27,32,34,37,39,40,43,50,51,53,57,58,59,62,63,64,66,68,69,70,72,77,78,81,82,83,85,87,89,91,92,94,96,98,101,103,104,105,106,109,110,112,114,117,120,121,123,124,126,127,144,129,132,133,135,137,138,139,140,141,142,146,147,149
129:0,2,4,9,10,12,13,17,19,20,21,25,28,30,35,36,37,40,41,42,44,46,49,54,56,57,59,61,62,67,69,72,73,74,79,80,82,84,86,88,90,92,94,95,96,97,98,99,100,102,103,107,114,116,117,118,120,122,123,124,125,128,131,132,137,138,139,140,143,145,148
130:0,2,3,6,9,10,11,13,14,15,16,17,23,26,27,28,30,32,36,39,41,42,43,46,48,50,51,52,54,55,59,60,61,62,63,64,65,67,70,72,73,77,78,83,84,86,88,89,93,95,96,99,104,105,106,107,109,110,111,112,113,114,115,118,119,120,123,124,125,126,127,138,131,135,137,142,143,146,149
131:0,3,5,7,8,9,10,12,15,17,21,26,31,40,43,48,50,51,55,59,61,63,67,68,71,72,73,74,76,77,78,79,81,82,84,86,87,89,93,94,102,105,106,107,108,109,110,113,114,117,119,121,123,124,125,127,129,130,142,134,140,145,147,149
132:0,1,3,7,8,13,14,17,20,21,22,23,24,25,30,31,32,35,36,38,40,42,46,49,52,57,58,59,62,63,64,65,68,69,71,73,74,75,76,77,78,79,81,82,83,85,86,87,88,89,93,96,100,101,102,103,104,105,109,110,115,116,117,119,124,125,128,129,142,136,140
133:2,3,4,5,6,7,10,11,12,14,15,16,17,19,20,22,24,30,33,36,37,38,43,44,48,50,53,54,56,57,58,60,63,64,67,68,77,78,83,84,87,89,90,91,97,102,103,104,106,108,111,112,117,118,119,121,123,124,126,128,139,134,140,141,142,144,145,146,147,149
134:0,3,4,5,9,10,15,16,19,21,22,23,27,30,32,34,35,36,38,40,41,42,44,50,52,53,54,56,57,58,59,61,63,65,66,68,69,72,73,74,77,79,81,84,85,86,87,88,89,90,91,97,98,99,100,101,102,103,106,108,110,111,112,113,114,115,116,117,119,120,122,123,124,125,126,127,131,133,140,135,137,143,144,145,148,149
135:1,2,3,7,8,10,11,13,14,17,20,24,25,27,29,32,34,39,41,42,43,44,48,49,51,52,54,60,61,62,63,65,67,68,69,70,71,73,75,79,81,84,85,88,90,92,94,95,98,101,107,108,109,110,112,114,115,116,119,126,128,130,134,137,138,139,140,141,142,143,144,146,148
136:0,3,6,7,11,12,15,17,18,19,21,23,26,28,30,31,34,35,36,38,39,41,42,43,47,51,53,54,57,58,60,61,62,65,66,67,72,73,75,76,78,81,86,87,88,93,94,98,100,101,102,103,104,107,112,116,117,119,120,121,123,124,125,126,132,148,142,146,147
137:0,3,5,7,10,12,13,14,17,20,23,25,26,28,29,34,35,38,41,45,51,52,53,55,57,58,61,62,68,69,76,77,79,83,86,87,90,91,94,96,100,101,102,104,109,110,111,114,116,120,121,128,129,130,134,135,149,139,142,143,146
138:0,1,3,9,10,11,13,15,19,20,22,23,25,26,27,31,32,34,36,37,38,39,45,49,50,51,52,54,60,65,67,68,69,70,71,72,73,74,75,76,77,81,84,87,88,91,92,96,97,98,99,101,104,105,111,112,113,114,115,116,117,120,121,123,124,126,127,128,129,130,135,147,139,142,143,145,148
139:2,4,6,7,11,12,13,15,16,17,18,19,20,22,23,24,27,28,29,31,32,33,34,35,41,43,44,47,48,50,52,55,56,58,62,63,64,65,67,68,73,74,76,79,80,86,87,92,93,95,96,97,101,102,103,106,108,109,117,120,126,127,128,129,133,135,137,138,142,140,141,144,146,147
140:0,2,3,4,5,9,13,16,18,19,21,22,24,28,29,31,34,35,40,43,46,47,48,49,52,54,56,58,59,60,62,65,66,67,69,70,71,72,73,77,78,79,82,84,85,88,89,92,94,95,98,100,101,103,106,107,108,109,110,112,115,120,122,123,127,128,129,131,132,133,134,135,139,143,141,142,146,147,148,149
141:0,1,2,3,5,6,7,11,12,14,16,18,19,21,22,23,26,27,33,34,35,36,39,41,42,43,44,45,46,48,52,57,58,63,64,65,67,68,70,71,72,73,74,75,79,81,83,88,91,97,98,103,104,107,108,109,111,113,115,118,121,123,125,126,128,133,135,139,140,148,142,143,145,147,149
142:0,1,2,3,4,5,6,8,9,10,14,18,19,23,25,26,27,28,30,31,33,39,41,42,45,48,49,50,51,52,53,55,57,58,62,63,65,66,67,68,69,70,76,78,80,84,87,88,89,90,91,92,93,95,96,97,98,99,101,105,106,110,111,115,118,120,121,122,123,128,130,131,132,133,135,136,137,138,139,140,141,147,144,148,149
143:0,1,7,8,9,10,11,12,13,15,16,19,24,25,26,31,32,33,34,35,36,37,39,42,43,46,49,52,55,56,58,62,63,64,66,67,70,72,74,75,76,77,78,80,82,87,88,91,93,95,97,99,101,102,103,105,107,108,116,117,118,121,124,126,127,129,130,134,135,137,138,140,141,144,146,147,148,149
144:2,3,6,7,9,12,14,15,17,18,19,20,22,23,24,28,30,31,32,33,35,38,41,42,47,48,51,54,55,56,59,60,65,66,67,69,72,73,75,76,81,84,85,87,89,91,94,96,97,99,102,104,105,106,107,108,111,115,116,119,120,121,122,124,125,126,127,128,133,134,135,139,142,143,147,145
145:1,6,9,11,12,13,21,23,24,26,28,29,30,31,33,34,35,38,40,41,43,44,49,50,52,61,62,63,64,67,69,70,76,78,79,83,84,85,86,87,88,89,91,94,97,98,99,103,104,106,107,109,110,115,120,121,125,127,129,131,133,134,138,141,144,148,146,149
146:1,3,4,9,10,13,14,15,19,21,26,30,32,35,37,38,39,40,41,43,47,48,49,50,52,54,55,56,57,61,62,63,64,66,68,70,73,74,77,78,79,81,82,84,86,87,89,90,92,94,96,97,98,100,102,106,107,108,109,110,112,115,124,127,128,130,133,135,136,137,139,140,143,145,149,147,148
147:1,3,9,10,11,13,14,18,20,21,22,23,25,27,28,30,31,32,33,35,39,43,44,48,49,50,51,52,53,54,56,61,63,65,67,68,70,71,72,74,76,77,78,79,82,83,85,86,88,89,90,91,93,94,102,104,105,107,109,110,112,115,118,120,122,127,128,131,133,136,138,139,140,141,142,143,144,146,148
148:0,1,8,9,11,17,20,24,25,26,27,28,29,30,33,35,38,40,41,48,50,52,54,55,56,57,58,63,64,65,66,67,68,69,72,74,77,82,84,85,86,87,88,90,91,92,94,95,96,101,102,103,104,105,108,110,112,115,119,122,124,129,134,135,136,138,140,141,142,143,145,146,147,149
149:0,4,5,8,9,11,15,17,18,20,21,23,24,25,26,27,28,29,30,32,34,39,44,45,47,50,53,54,55,56,57,58,59,60,61,65,66,67,69,70,72,73,76,79,80,84,85,86,91,93,99,101,104,105,107,109,110,113,114,115,116,117,119,122,123,124,125,126,127,128,130,131,133,134,137,140,141,142,143,145,146,148
