0:80,9,23,48,72,84,90
1:38,6,15,20,29,43,94,99
2:21,4,42,65,66,74,93,109,115
3:95,16,27,31,90,94,119
4:2,43,35,41,49,102,125
5:58,12,19,22,24,62
6:1,78,23,27,37,48,54,60,81,83,93,110,116,118
7:50,9,13,19,69,75,77,94,96,125,129
8:116,13,16,20,23,30,34,58,105
9:0,7,26,51,56,59,98,107,128
10:114,56,112
11:53,19,22,29,34,49,66,74,89,101,104,114,125
12:5,74,20,27,41,63,68,72,76
13:7,8,118,31,35,36,40,45,58,80,89,114
14:39,38,43,49,59,87,88,89,106,119,123,128
15:1,119,61,77,114,115,118
16:3,8,39,23,41,80,89,99,100,106,108,111,113,128
17:59,38,44,70,84,88,94,107,109
18:66,31,41,48,51,65,67,71,90,103
19:5,7,11,59,27,30,34,36,47,57,72,110,124
20:1,8,12,24,23,31,37,49,88,89
21:2,71,26,38,47,69,87,97,111
22:5,11,27,24,32,36,46,48,51,55,57,63,84,89,95,111
23:0,6,8,16,20,90,36,45,78,91,92,94,120
24:5,20,22,60,67,88,91,108
25:114,34,39,77,102,120
26:9,21,92,44,50,55,58,69,73,86,88,98,101,105,109,116
27:3,6,12,19,22,84,37,39,53,81,83,86,91,95
28:120,31,56,78,80,96,109,117,118,119,128
29:1,11,84,48,54,64,70,99,103
30:8,19,82,36,51,64,108,110
31:3,13,18,20,28,117,46,54,58,63,90,110,111
32:22,36,54,61,76,81
33:116,58,59,73,82,90,96,104,110,111,122,123
34:8,11,19,25,77,35,48,65,70,83,98,106
35:4,13,34,99,77,79,102,118,125,128
36:13,19,22,23,30,32,62,51,55,64,70,84,105
37:6,20,27,67,50,71,89,93,100
38:1,14,17,21,85,52,62,99,101,110,115,129
39:14,16,25,27,83,45,63,67,75,91,124
40:13,41,53,59,72,77,79,87,95,100,110
41:4,12,16,18,40,125,49,60,69,93,96,124
42:2,113,68,74,93,94,117,124
43:1,4,14,120,78,90,96,105,115,119
44:17,26,58,48,56,121
45:13,23,39,70,48,84,89,95,102,109,125
46:22,31,124,48,52,55,67,81,89,99
47:19,21,48,57,66,80,90,104,121,127
48:0,6,18,22,29,34,44,45,46,47,61,49,54,78,96,97,100
49:4,11,14,20,41,48,109,65,97,98
50:7,26,37,73,77,89,95,100,117
51:9,18,22,30,36,82,65,116,120,121,122,129
52:38,46,113,73,86,91,93,103,119,122
53:11,27,40,88,56,78,82,91,92,99,113
54:6,29,31,32,48,61,55,82,94,95,97,98,105,129
55:22,26,36,46,54,90,64,76,105,121,122
56:9,10,28,44,53,80,94,96,97,103,104,121,128
57:19,22,47,66,82,93,118
58:5,8,13,26,31,33,44,65,91,114
59:9,14,17,19,33,40,82,72,109
60:6,24,41,120,97
61:15,32,48,54,119,65,82,86,96,98,105
62:5,36,38,111,64,112,121
63:12,22,31,39,99,65,72,78,84,97,105,107,110,120,127
64:29,30,36,55,62,72,71,82,84,106,108,123,124
65:2,18,34,49,51,58,61,63,95,69,81,96,125
66:2,11,18,47,57,108,79,87,89,92,98,103
67:18,24,37,39,46,69,86,108,112,120
68:12,42,124,71,78,95,106,107,108,129
69:7,21,26,41,65,67,104,74,87,88,96
70:17,29,34,36,45,126,90
71:18,21,37,64,68,95,72,107,110,115
72:0,12,19,40,59,63,64,71,124,75,77,79,80,92,108
73:26,33,50,52,97,100,101,109,119,122
74:2,11,12,42,69,78,84,104,121
75:7,39,72,116,83,92,100,109
76:12,32,55,103,77,82,85,89,90,94,106
77:7,15,25,34,35,40,50,72,76,102,83,99,115,121
78:6,23,28,43,48,53,63,68,74,91,96,97,106,109,115
79:35,40,66,72,121,100,110,114,116,126,127,129
80:0,13,16,28,47,56,72,123,107
81:6,27,32,46,65,117,82,90,108
82:30,33,51,53,54,57,59,61,64,76,81,118,83,87
83:6,27,34,39,75,77,82,128,120
84:0,17,22,27,29,36,45,63,64,74,116,99,119,121,126
85:38,76,90,91,109,117,119,121,122
86:26,27,52,61,67,122,93,95,104,118
87:14,21,40,66,69,82,112,92,117,125
88:14,17,20,24,26,53,69,97,91,100,119,126
89:11,13,14,16,20,22,37,45,46,50,66,76,97,92,93,104,108
90:0,3,18,23,31,33,43,47,55,70,76,81,85,91,92,107,118
91:23,24,27,39,52,53,58,78,85,88,90,101,94,95,105
92:23,26,53,66,72,75,87,89,90,101,112,125,128
93:2,6,37,41,42,52,57,86,89,106,118
94:1,3,7,17,23,42,54,56,76,91,115,102,104,129
95:3,22,27,40,45,50,54,65,68,71,86,91,120,98,104,109,110
96:7,28,33,41,43,48,56,61,65,69,78,97
97:21,48,49,54,56,60,63,73,78,88,89,96,98
98:9,26,34,49,54,61,66,95,97,125
99:1,16,29,35,38,46,53,63,77,84,117,104
100:16,37,40,48,50,73,75,79,88,102,111
101:11,26,38,73,91,92,123,105
102:4,25,35,45,77,94,100,114,121
103:18,29,52,56,66,76,116
104:11,33,47,56,69,74,86,89,94,95,99,116,105,108,126,128
105:8,26,36,43,54,55,61,63,91,101,104,114
106:14,16,34,64,68,76,78,93,119
107:9,17,63,68,71,80,90,111
108:16,24,30,64,66,67,68,72,81,89,104,112
109:2,17,26,28,45,49,59,73,75,78,85,95,120
110:6,19,30,31,33,38,40,63,71,79,95,126
111:16,21,22,31,33,62,100,107,112
112:10,62,67,87,92,108,111,121,127
113:16,42,52,53,114,124
114:10,11,13,15,25,58,79,102,105,113,122
115:2,15,38,43,71,77,78,94,128
116:6,8,26,33,51,75,79,84,103,104,127,122
117:28,31,42,50,81,85,87,99,128,122
118:6,13,15,28,35,57,82,86,90,93,121,124,127
119:3,14,15,28,43,52,61,73,84,85,88,106,123,120
120:23,25,28,43,51,60,63,67,83,95,109,119,126
121:44,47,51,55,56,62,74,77,79,84,85,102,112,118,128
122:33,51,52,55,73,85,86,114,116,117,124
123:14,33,64,80,101,119,124,125
124:19,39,41,42,46,64,68,72,113,118,122,123,125
125:4,7,11,35,41,45,65,87,92,98,123,124,127
126:70,79,84,88,104,110,120,128
127:47,63,79,112,116,118,125,129
128:9,14,16,28,35,56,83,92,104,115,117,121,126,129
129:7,38,51,54,68,79,94,127,128
