0:228,20,27,29,32,36,41,44,47,57,65,69,71,79,97,112,121,130,134,150,155,159,163,169,186,202,211,218,229,234,238,242,243,244,250,251,255,260,274,276,279,281,286,299,312
1:13,4,8,17,32,34,40,42,43,50,80,85,98,102,114,117,124,139,151,174,179,181,183,207,215,217,221,223,229,234,248,279,284,305,315
2:306,21,25,30,36,37,57,62,64,73,75,89,90,98,102,114,115,130,147,153,154,162,163,170,183,186,197,208,213,215,224,228,233,236,243,247,249,256,264,280,281,290,293,297,309
3:92,11,21,29,30,36,37,64,79,96,101,122,129,132,152,157,166,167,189,191,202,204,221,236,237,261,262,264,280,283,289,307,317
4:1,281,17,20,38,41,50,53,63,65,70,76,77,84,85,113,124,131,133,139,140,150,151,156,169,174,193,194,195,197,206,210,220,222,240,241,246,248,250,252,254,255,257,280,290,295,298,301,308,309,321,323
5:82,10,27,38,46,52,63,65,84,101,127,128,130,138,144,149,152,157,180,181,184,188,191,207,219,226,246,248,258,262,266,277,279,294,296,310,313,326
6:245,16,38,48,51,68,72,77,79,84,88,94,109,119,125,136,146,148,174,177,178,192,199,209,222,227,228,234,235,246,257,260,266,267,289,294,303,314,322,323,328
7:136,14,17,27,28,30,35,46,50,70,81,99,120,128,165,168,186,188,200,211,217,219,220,230,232,237,254,265,269,271,277,293,298,311,319,320
8:1,213,24,26,52,58,60,62,63,85,90,100,108,124,125,133,141,163,176,188,189,202,204,227,235,240,262,273,279,280,282,296,303,309,311,315,318,328
9:152,10,11,26,45,49,55,57,65,70,72,79,87,94,102,117,153,158,197,198,203,212,213,222,225,227,232,235,243,273,291,295,296,305,324
10:5,9,199,20,23,38,58,60,67,71,85,96,99,107,118,139,151,159,168,184,200,220,223,227,232,242,249,254,259,262,269,275,282,283,284,287,291,293,304,312
11:3,9,118,15,17,19,23,42,45,52,58,90,96,97,101,113,122,125,132,136,185,199,203,204,205,206,215,217,228,236,246,254,279,285,311,319,321,322,323,327
12:181,40,45,46,50,58,78,97,100,104,106,113,116,118,122,131,148,177,195,231,246,257,259,277,291,316
13:1,116,18,26,29,36,43,45,58,63,69,109,110,111,125,140,141,158,165,184,187,190,199,202,208,210,235,238,249,263,265,283,292,294,297,323
14:7,255,19,27,28,43,45,58,78,93,96,98,121,127,128,136,137,138,165,167,181,188,202,240,250,254,274,280,283,302,307,319,321
15:11,30,16,38,46,49,62,65,80,94,109,132,141,144,148,154,159,168,176,188,195,199,206,212,215,221,228,237,249,258,261,267,272,280,288,300,309,316,328,329
16:6,15,75,22,25,27,31,50,51,87,92,95,100,101,103,122,136,142,144,148,153,158,159,160,179,195,197,203,206,207,214,235,243,250,252,259,267,272,277,284,287,290,311,325
17:1,4,7,11,229,19,20,22,29,36,37,40,43,48,52,63,65,84,89,90,95,112,116,122,130,135,144,154,157,174,175,183,191,195,197,221,234,235,249,256,270,273,293,294,307,310,318,323,325
18:13,313,32,38,42,45,48,57,64,69,81,82,98,100,114,126,139,145,149,166,170,178,180,185,195,204,205,206,224,229,264,267,298,305,308,311,315,322,329
19:11,14,17,255,37,40,42,44,52,54,61,73,86,87,90,102,113,123,125,148,170,174,178,182,204,207,227,230,232,236,237,238,248,257,266,272,278,281,290,291,313,316,318
20:0,4,10,17,150,22,24,28,56,83,95,96,102,112,116,121,138,144,169,178,182,184,186,194,198,223,239,241,256,271,277,312,317,318,319,320,324,326
21:2,3,202,26,27,29,30,31,50,51,54,57,62,77,79,95,114,145,149,161,162,175,177,182,186,206,209,242,244,270,281,287,289,311,319,320
22:16,17,20,103,23,24,91,94,97,105,113,119,126,130,141,155,162,163,166,167,171,177,178,184,194,195,196,198,225,234,235,261,268,270,274,288,289,294,297,298,299,309,312
23:10,11,22,301,48,56,59,68,75,90,101,105,109,120,125,127,131,166,173,174,180,185,195,198,212,213,229,230,231,262,275,290,297,312,315,319,326,328
24:8,20,22,62,29,39,48,59,63,64,66,75,95,107,109,116,153,162,184,190,204,206,215,226,227,253,273,275,279,283,294,306,309,321,324
25:2,16,151,27,44,50,51,70,83,92,95,97,102,103,108,109,121,123,145,147,156,197,211,226,231,262,268,278,303,317,318,325,329
26:8,9,13,21,192,40,43,53,55,73,76,85,86,88,90,99,108,138,140,148,151,165,168,171,172,180,186,194,224,226,227,231,236,238,275,277,279,283,287,295,312,319
27:0,5,7,14,16,21,25,133,28,34,46,48,55,60,67,89,100,103,126,145,161,174,180,207,217,250,255,268,288,306,309,321
28:7,14,20,27,311,29,41,42,43,55,64,72,74,80,92,99,101,103,116,119,124,133,136,138,140,142,160,173,193,209,210,229,230,246,259,274,279,287,292,323
29:0,3,13,17,21,24,28,202,31,36,43,47,74,108,126,132,133,147,149,189,210,215,226,269,278,284,285,286,328,329
30:2,3,7,15,21,312,33,37,43,51,79,80,82,84,94,99,113,132,133,140,148,158,159,178,180,181,186,187,189,195,196,202,203,211,212,213,215,217,229,238,244,265,280,284,285,289,297,309,316
31:16,21,29,187,33,49,65,74,77,92,130,134,146,152,156,169,170,172,188,201,204,221,257,265,271,279,280,304,314,318,325
32:0,1,18,242,37,44,62,76,88,96,100,104,118,135,149,156,179,183,185,191,194,200,201,203,216,220,237,239,241,246,258,262,269,286,288,290,296,299,304,307,309,319,329
33:30,31,282,49,52,54,81,84,109,115,118,121,123,127,136,149,157,169,171,183,184,187,215,225,267,268,269,273,280,283,292,319
34:1,27,287,53,54,74,88,98,103,104,123,124,127,150,165,166,171,177,178,181,184,187,212,215,223,224,234,242,244,260,273,302,321,326
35:7,122,38,70,71,74,78,87,97,103,106,109,114,115,134,138,140,141,144,147,151,154,174,188,202,226,230,236,237,264,265,276,281,292,294,295,299,314,320
36:0,2,3,13,17,29,222,37,42,57,61,62,89,98,112,116,123,129,135,171,181,189,194,195,199,206,219,223,224,240,245,250,258,260,285,300,307,311,327
37:2,3,17,19,30,32,36,321,48,54,56,62,80,96,103,128,137,153,167,173,175,177,194,203,210,217,232,233,234,237,239,241,267,268,277,309,310,328
38:4,5,6,10,15,18,35,266,39,41,45,50,52,62,73,74,91,95,100,116,121,122,125,137,156,157,164,180,191,202,211,220,227,235,254,262,264,269,276,283,285,303,316,319,322,324
39:24,38,115,48,51,58,60,69,70,107,121,130,132,135,148,159,171,172,173,176,177,193,213,218,235,239,246,250,251,256,258,267,274,286,293,298,305,317,324
40:1,12,17,19,26,216,48,56,87,93,94,107,116,143,152,161,171,173,176,199,217,232,248,253,256,261,267,270,302,314,319,321
41:0,4,28,38,113,46,57,66,68,70,71,77,85,94,96,97,120,124,159,160,167,182,188,189,210,218,220,226,235,238,243,244,248,251,255,259,269,277,284,294,297,323,327,329
42:1,11,18,19,28,36,112,108,116,120,124,128,134,146,159,183,185,191,204,207,217,220,223,229,233,238,247,248,267,282,283,284,295,298,312,314
43:1,13,14,17,26,28,29,30,129,61,70,72,82,98,118,127,131,132,134,135,148,156,161,169,174,175,187,193,196,199,207,211,214,227,228,233,253,256,267,270,299,307,312,315,326
44:0,19,25,32,46,45,51,53,58,64,65,66,79,92,97,99,127,128,133,147,171,173,201,209,222,225,244,253,256,260,276,277,287,294,302,322
45:9,11,12,13,14,18,38,44,113,49,53,57,58,70,76,85,87,93,114,119,120,144,147,157,165,173,193,194,197,210,214,216,217,219,220,225,230,236,253,268,272,287,299,302,327,328,329
46:5,7,12,15,27,41,44,145,58,77,78,84,89,94,98,114,116,118,120,128,130,134,150,156,157,159,178,180,191,198,200,205,233,246,247,248,252,254,255,259,285,289,290,295,299,314
47:0,29,65,54,61,69,82,86,114,128,132,135,153,154,175,181,185,188,206,212,230,234,235,237,245,253,254,256,257,272,278,280,295,296,298,306,311,314,322,326,328,329
48:6,17,18,23,24,27,37,39,40,136,63,71,78,90,92,98,109,116,123,133,139,144,146,147,149,150,164,175,179,192,197,204,232,236,314,316,317
49:9,15,31,33,45,247,56,62,78,79,81,101,106,111,119,121,123,128,131,141,172,182,193,194,197,204,210,214,236,238,248,264,269,276,281,286,287,291,296,309,321,327
50:1,4,7,12,16,21,25,38,223,68,73,95,105,114,129,142,144,156,164,166,186,195,207,211,216,217,231,236,238,239,251,253,254,277,286,292,299,310,313
51:6,16,21,25,30,39,44,68,67,79,88,91,101,102,126,134,141,158,161,171,184,197,199,212,217,242,243,244,245,256,257,274,275,278,284,295,296,298,302,307,319
52:5,8,11,17,19,33,38,239,65,71,72,81,83,85,91,93,98,114,116,119,126,135,140,145,154,166,173,178,183,184,186,193,208,209,211,212,214,220,221,224,232,244,245,251,252,256,258,269,286,289,290,295,304,305
53:4,26,34,44,45,141,64,68,70,78,89,90,100,109,115,118,119,121,122,123,135,138,148,183,198,204,206,212,231,247,248,250,256,260,287,290,291,293,297,299,303,304,313,314,322,323,326
54:19,21,33,34,37,47,281,61,62,67,92,95,99,108,117,148,159,163,164,171,181,182,195,199,200,208,209,228,255,265,267,273,274,278,285,298,302,313,318,320,323
55:9,26,27,28,325,70,73,75,89,91,95,106,118,128,132,137,143,144,150,163,180,185,189,196,253,265,273,277,287,304,306,313,315,317,326
56:20,23,37,40,49,61,63,72,79,82,83,84,85,106,136,139,142,146,148,151,193,202,205,210,231,234,235,242,244,247,273,274,289,295,301,317,323,329
57:0,2,9,18,21,36,41,45,152,59,76,89,96,102,105,108,133,151,155,160,174,177,207,215,228,230,233,241,248,250,254,255,262,270,275,276,277,281,290,296,321
58:8,10,11,12,13,14,39,44,45,46,277,59,74,79,85,91,101,107,110,113,133,136,140,144,150,153,158,170,178,181,187,215,216,224,230,235,253,256,258,267,270,274,284,314,315,317,328
59:23,24,57,58,72,70,79,85,100,107,117,129,137,138,139,140,170,178,182,187,195,196,200,213,230,234,248,257,258,268,295,308,323
60:8,10,27,39,317,78,81,87,93,99,103,119,123,133,135,138,148,164,165,168,182,189,194,210,217,231,238,253,260,272,273,280,285,304,315,326
61:19,36,43,47,54,56,283,65,98,99,102,103,111,113,114,120,132,139,150,155,159,167,176,186,189,191,201,202,204,211,213,214,223,226,230,234,245,246,253,255,269,270,294,303,315,317,318,322,323,324
62:2,8,15,21,24,32,36,37,38,49,54,117,63,71,77,85,87,89,97,100,104,118,125,130,132,133,141,143,147,148,163,165,167,178,205,217,223,235,240,245,252,253,274,305,309,315,323,326
63:4,5,8,13,17,24,48,56,62,74,67,97,116,117,121,131,135,150,155,157,164,195,196,200,214,219,235,255,266,278,290,299,311,314,317,319,328
64:2,3,18,24,28,44,53,184,69,112,138,140,160,168,181,185,191,196,204,218,226,237,251,252,258,268,283,284,288,309,316,318,324,326
65:0,4,5,9,15,17,31,44,47,52,61,89,75,76,82,87,94,101,105,132,151,155,165,169,171,186,196,197,211,214,216,233,242,286,297
66:24,41,44,203,67,74,80,85,109,112,117,128,129,133,141,144,169,175,179,185,197,212,232,242,267,281,291,300,307,314,319,324
67:10,27,51,54,63,66,230,78,82,95,101,112,114,116,138,145,151,167,170,183,184,208,220,229,248,265,270,271,289,306
68:6,23,41,50,51,53,201,73,79,84,107,121,127,132,133,138,139,142,143,159,160,167,169,171,191,194,197,203,207,227,239,240,246,262,267,275,279,280,282,286,289,290,291,293,299,302,308,309,311,320,321,324,329
69:0,13,18,39,47,64,269,76,112,123,127,133,146,152,164,166,169,177,187,212,239,242,260,271,273,276,280,281,282,293,303,305,310,325
70:4,7,9,25,35,39,41,43,45,53,55,59,114,111,120,130,138,158,160,164,190,204,205,210,217,232,235,242,252,256,258,259,264,265,290,302,303,304,309,312,325
71:0,10,35,41,48,52,62,138,80,103,108,115,118,152,157,158,160,164,169,178,180,181,182,196,212,215,224,225,235,257,258,259,264,271,286,288,301,303,320,329
72:6,9,28,43,52,56,59,104,80,95,113,126,142,145,146,149,155,172,176,182,187,195,207,232,243,251,253,259,268,275,280,287,288,300,301,314,321,327
73:2,19,26,38,50,55,68,113,96,108,126,128,141,147,152,155,159,164,168,174,187,194,196,204,206,207,238,246,258,261,270,277,281,292,293,296,301,303,308,316,325
74:28,29,31,34,35,38,58,63,66,170,88,95,118,132,134,136,144,155,165,169,172,173,188,190,195,200,204,207,209,223,227,229,232,237,247,250,255,261,270,273,274,286,289,290,293,294,298,317,318,324,327
75:2,16,23,24,55,65,212,76,86,93,94,96,107,115,119,123,124,128,134,137,141,147,157,181,183,202,229,234,242,259,260,275,276,280,286,295,296,301,311,325
76:4,26,32,45,57,65,69,75,125,102,108,118,123,134,144,152,167,174,185,202,207,217,218,219,237,260,262,266,270,275,282,302,313,314,323
77:4,6,21,31,41,46,62,90,83,95,99,103,105,117,126,133,138,160,179,187,190,191,199,200,204,208,212,230,239,240,245,255,266,287,298,300,320,328
78:12,14,35,46,48,49,53,60,67,188,91,94,105,112,129,140,153,156,162,171,177,190,193,207,215,222,230,250,264,277,291,300,306,320
79:0,3,6,9,21,30,44,49,51,56,58,59,68,305,82,100,105,108,110,119,127,133,136,152,154,164,177,205,214,223,227,230,232,239,244,251,263,267,294,307,323
80:1,15,28,30,37,66,71,72,105,88,100,103,109,113,115,124,125,127,134,142,152,162,177,186,187,193,199,211,212,220,226,241,247,258,263,264,282,286,290,293,295,300,302,303,314,316,317
81:7,18,33,49,52,60,190,90,92,93,98,111,113,118,128,129,135,146,153,175,177,189,204,205,212,214,217,224,236,237,258,259,265,267,269,271,275,298,308,311,321,329
82:5,18,30,43,47,56,65,67,79,302,84,96,104,106,114,117,124,135,136,158,168,181,184,199,211,212,221,224,238,240,241,254,261,264,280,293,297,306,314,322,328
83:20,25,52,56,77,300,93,97,101,103,108,113,121,136,137,141,142,159,167,179,182,211,219,224,233,238,254,262,263,268,287,317,318
84:4,5,6,17,30,33,46,56,68,82,289,85,93,95,102,129,131,133,151,160,164,166,174,177,195,212,214,219,230,246,248,249,293,296,298,305,313,317,323
85:1,4,8,10,26,41,45,52,56,58,59,62,66,84,192,86,87,97,106,116,121,129,138,139,153,168,181,189,207,210,218,227,236,249,251,254,259,261,267,268,271,284,286,288,305,317
86:19,26,47,75,85,98,99,100,107,108,119,121,131,135,140,145,150,151,154,155,157,161,165,184,191,198,199,207,214,232,235,237,241,247,266,267,269,270,271,288,291,298
87:9,16,19,35,40,45,60,62,65,85,294,116,125,126,129,131,139,146,164,166,169,170,187,190,191,192,221,225,230,232,233,246,271,276,278,282,303,304,321,325
88:6,26,32,34,51,74,80,278,90,96,99,111,115,117,123,132,144,148,152,160,172,174,183,193,211,221,232,238,254,277,284,308,319,320
89:2,17,27,36,46,53,55,57,62,65,270,93,110,114,121,123,125,130,132,135,140,141,143,150,158,167,176,181,183,185,191,203,206,209,217,241,244,258,264,278,283,309,311,319,327,329
90:2,8,11,17,19,23,26,48,53,77,81,88,103,92,99,124,125,145,146,147,150,155,174,180,187,196,197,201,202,218,219,225,233,239,255,270,271,272,278,280,297,302,304,306,308,314,318,323
91:22,38,51,52,55,58,78,273,101,102,122,131,143,152,154,155,166,169,170,200,209,211,225,234,266,270,277,280,286,290,291,294,307,311,312,313,326
92:3,16,25,28,31,44,48,54,81,90,251,105,106,114,135,153,154,157,159,188,195,202,206,207,213,238,241,244,247,270,272,287,300,301,308
93:14,40,45,52,60,75,81,83,84,89,223,96,105,111,116,122,128,137,148,151,155,165,193,205,220,221,240,254,269,270,286,298,318,321
94:6,9,15,22,30,40,41,46,65,75,78,106,97,102,105,109,116,122,129,135,137,139,142,143,187,195,197,198,209,222,228,235,238,246,252,253,258,260,268,271,273,289,292,299,314,324,328
95:16,17,20,21,24,25,38,50,54,55,67,72,74,77,84,132,99,129,156,184,190,198,215,220,224,236,243,247,255,257,280,295,321,326
96:3,10,11,14,20,32,37,41,57,73,75,82,88,93,237,97,102,107,109,118,131,132,136,141,146,151,158,172,195,203,210,212,218,222,223,229,230,255,276,281,282,288,289,314,318,320,321
97:0,11,12,22,25,35,41,44,62,63,83,85,94,96,102,101,106,109,114,124,131,136,141,145,154,163,175,190,198,200,204,205,211,220,225,230,241,246,247,266,277,279,301,302,306,310,322,326,327
98:1,2,14,18,34,36,43,46,48,52,61,81,86,130,112,114,120,124,127,139,143,147,159,168,174,187,189,203,206,216,224,226,236,244,246,290,293,319,326
99:7,10,26,28,30,44,54,60,61,77,86,88,90,95,265,113,119,126,157,163,177,180,194,204,205,225,226,242,249,257,259,273,275,294,308,311,323
100:8,12,16,18,27,32,38,53,59,62,79,80,86,246,105,107,108,119,120,123,129,133,146,153,156,162,175,179,181,206,207,217,221,227,231,242,250,255,265,268,270,293,294,297,305,309
101:3,5,11,16,23,28,49,51,58,65,67,83,91,97,210,102,103,127,134,138,144,175,179,184,189,194,230,238,239,264,270,287,302,310,317,319,324,325
102:1,2,9,19,20,25,51,57,61,76,84,91,94,96,97,101,287,104,118,128,154,155,156,159,181,196,205,208,212,242,252,273,281,286,300,303,318,320,325,326
103:16,22,25,27,28,34,35,37,60,61,71,77,80,83,90,101,133,105,106,131,134,135,139,149,158,169,178,182,193,194,208,233,241,243,249,259,272,283,303,308,318,320
104:12,32,34,62,72,82,102,258,108,115,118,123,130,135,136,139,143,145,150,165,168,172,181,195,197,198,202,207,213,214,246,276,305
105:22,23,50,57,65,77,78,79,80,92,93,94,100,103,110,107,114,120,122,125,131,137,140,152,165,170,180,196,197,198,208,209,220,247,249,254,259,271,272,278,285,290,295,302,304,307,317,321,326,328
106:12,35,49,55,56,82,85,92,94,97,103,329,110,119,125,133,143,144,150,154,155,181,199,202,205,208,210,211,214,216,220,244,275,277,280,289,291,303,312,321,324
107:10,24,39,40,58,59,68,75,86,96,100,105,204,110,121,128,133,138,155,156,157,173,180,200,211,222,240,243,253,254,272,287,294,317,319
108:8,25,26,29,42,54,57,71,73,76,79,83,86,100,104,308,139,140,145,149,154,171,180,186,187,205,210,222,224,230,244,248,254,256,261,273,278,290,293,299,300,303,304,320,327
109:6,13,15,23,24,25,33,35,48,53,66,80,94,96,97,188,116,117,120,129,132,133,134,140,144,154,165,170,172,175,182,183,202,203,205,209,221,225,227,238,257,276,284,305,319,320
110:13,58,79,89,105,106,107,270,115,122,131,152,156,174,175,177,202,204,209,212,213,224,244,259,275,282,285,289,322
111:13,49,61,70,81,88,93,195,113,114,117,124,136,151,181,189,208,210,221,241,250,257,260,268,290,313,319,323
112:0,17,20,36,42,64,66,67,69,78,98,135,117,123,136,143,153,158,162,185,196,200,201,212,221,229,231,250,253,275,280,295,301,302,309,327
113:4,11,12,19,22,30,41,45,58,61,72,73,80,81,83,99,111,217,127,135,156,169,180,181,198,201,211,212,232,234,236,251,259,261,262,269,286,301,308,309,316,324,327
114:1,2,18,21,35,45,46,47,50,52,61,67,70,82,89,92,97,98,105,111,213,134,144,176,185,229,303,312,314,319,320,324
115:2,33,35,39,53,71,75,80,88,104,110,173,174,176,177,178,196,197,216,221,224,245,248,253,263,288,302,307,308,310,319
116:12,13,17,20,24,28,36,38,40,42,46,48,52,63,67,85,87,93,94,109,124,127,132,145,154,155,159,166,176,183,188,200,202,215,232,236,241,245,248,259,267,273,296,302,318,324,325
117:1,9,54,59,62,63,66,77,82,88,109,111,112,307,121,126,131,138,143,145,153,173,179,184,204,211,218,221,224,225,241,247,250,251,255,259,266,273,277,282,313,314
118:10,11,12,32,33,43,46,53,55,62,71,74,76,81,96,102,104,297,119,120,124,128,135,141,147,150,152,164,175,181,191,205,216,267,273,284,287,290,291,301,305,329
119:6,22,28,45,49,52,53,60,75,79,86,99,100,106,118,229,133,140,145,149,165,171,175,179,204,207,217,227,235,245,248,252,253,255,265,283,289,290,292,307
120:7,23,41,42,45,46,61,70,98,100,105,109,118,322,124,125,139,147,177,179,199,200,206,213,216,235,250,257,261,268,288,289,313,320,325,327
121:0,14,20,25,33,38,39,49,53,63,68,83,85,86,89,107,117,238,128,145,150,187,192,197,211,226,233,240,246,263,264,265,273,280,306,311,326,327
122:3,11,12,16,17,35,38,53,91,93,94,105,110,323,127,136,138,160,161,163,172,195,201,204,205,239,248,257,264,273,283,284,309,318
123:19,25,33,34,36,48,49,53,60,69,75,76,88,89,100,104,112,319,134,137,138,150,155,166,190,198,218,233,238,246,300,302,303,308,314,326,328
124:1,4,8,28,34,41,42,75,80,82,90,97,98,111,116,118,120,248,134,141,142,146,159,168,184,196,217,221,224,247,280,291,298,302,304,308,310
125:6,8,11,13,19,23,38,62,76,80,87,89,90,105,106,120,192,132,133,151,153,157,159,164,175,176,182,187,195,203,204,207,241,242,248,254,270,282,283,295,296,304,314,329
126:18,22,27,29,51,52,72,73,77,87,99,117,200,131,133,135,144,149,150,151,166,174,178,191,199,216,219,252,260,263,272,277,301,311
127:5,14,23,33,34,43,44,68,69,79,80,98,101,113,116,122,271,134,144,145,169,188,204,225,237,249,254,275,276,277,283,285,286,294,300,314
128:5,7,14,37,42,44,46,47,49,55,66,73,75,81,93,102,107,118,121,281,132,134,139,140,159,160,174,176,178,181,185,188,195,205,210,225,246,248,254,261,266,268,270,285,286,289,292,297,313
129:3,36,43,50,59,66,78,81,84,85,87,94,95,100,109,252,146,147,150,156,160,169,170,174,179,180,186,190,191,203,223,235,245,248,256,262,272,275,289,294,321
130:0,2,5,17,22,31,39,46,62,70,89,98,104,303,137,155,174,179,184,189,195,200,206,207,214,225,252,258,274,283,286,287,290,317,320,323
131:4,12,23,43,49,63,84,86,87,91,96,97,103,105,110,117,126,280,140,144,168,174,183,185,187,211,225,230,244,245,252,253,259,260,262,265,272,278,283,300,316,328
132:3,11,15,29,30,39,43,47,55,61,62,65,68,74,88,89,95,96,109,116,125,128,163,134,148,149,175,186,188,214,215,220,233,256,271,283,294,310,312
133:4,8,27,28,29,30,44,48,57,58,60,62,66,68,69,77,79,84,100,103,106,107,109,119,125,126,153,151,152,156,165,171,177,189,193,196,200,209,210,217,237,266,278,287,288,290,292,295,304,309,317,321
134:0,31,35,42,43,46,51,74,75,76,80,101,103,109,114,123,124,127,128,132,137,140,142,144,146,155,156,159,165,175,180,199,207,210,216,219,239,244,260,266,278,306,321
135:17,32,36,39,43,47,52,53,60,63,81,82,86,89,92,94,103,104,112,113,118,126,161,143,166,170,172,176,183,186,191,193,195,200,204,205,207,215,217,221,236,237,244,245,254,255,263,272,277,283,300,312,317,319,325,327
136:6,7,11,14,16,28,33,48,56,58,74,79,82,83,96,97,104,111,112,122,244,139,141,151,154,156,171,172,196,220,239,245,246,268,277,282,283,285,288,306,307,318
137:14,37,38,55,59,75,83,93,94,105,123,130,134,255,147,151,161,168,195,222,254,275,284,287,297,298,300,306,310,312,325,326,327
138:5,14,20,26,28,35,53,59,60,64,67,68,70,71,77,85,101,107,117,122,123,276,157,163,166,168,173,181,247,248,262,266,289,292,294,302,305
139:1,4,10,18,48,56,59,61,68,85,87,94,98,103,104,108,120,128,136,213,140,146,147,149,168,171,176,188,189,197,200,209,219,221,252,266,269,272,273,290,300,309,318
140:4,13,26,28,30,35,52,58,59,64,78,86,89,105,108,109,119,128,131,134,139,233,147,149,153,171,173,175,184,190,203,209,213,214,215,219,234,240,242,263,264,270,271,275,280,285,308,312,316
141:8,13,15,22,35,49,51,53,62,66,73,75,83,89,96,97,118,124,136,270,143,157,170,179,187,190,228,251,253,257,258,288,293,295,303,317,320,327
142:16,28,50,56,68,72,80,83,94,124,134,196,145,150,173,183,184,200,212,215,217,219,227,232,240,245,269,276,287,288,291,309,310,314,317
143:40,55,62,68,89,91,94,98,104,106,112,117,135,141,300,145,162,179,185,189,191,192,193,195,199,212,214,220,230,231,244,264,266,273,284,286,321,326,328
144:5,15,16,17,20,35,45,48,50,55,58,66,74,76,88,101,106,109,114,126,127,131,134,305,185,188,211,226,228,251,285,286,288,294,316,326
145:18,21,25,27,46,52,67,72,86,90,97,104,108,116,117,119,121,127,142,143,158,146,154,169,187,201,215,220,233,247,255,273,276,288,304,312,316,317,318,322,329
146:6,31,42,48,56,69,72,81,87,90,96,100,124,129,134,139,145,249,151,159,167,170,174,180,183,188,201,208,210,213,217,218,219,233,237,254,261,264,274,277,284,293,295,296,298,312,317
147:2,25,29,35,44,45,48,62,73,75,90,98,118,120,129,137,139,140,312,169,192,193,194,208,243,253,263,264,283,284,289,291,296,327
148:6,12,15,16,19,26,30,39,43,53,54,56,60,62,88,93,132,238,167,176,177,181,189,214,244,254,263,265,268,270,277,284,287,292,298,308,320,321,328
149:5,18,21,29,32,33,48,72,103,108,119,126,132,139,140,256,182,191,193,199,206,229,238,244,247,259,268,272,283,303
150:0,4,20,34,46,48,55,58,61,63,86,89,90,104,106,118,121,123,126,129,142,230,181,214,245,262,267,268,282,300,301,304,306,309,324,325,327,329
151:1,4,10,25,26,35,56,57,65,67,84,86,93,96,111,125,126,133,136,137,146,295,156,160,162,171,172,185,186,189,197,208,231,235,238,254,256,263,273,285,308,325,326,328
152:3,5,9,31,40,57,69,71,73,76,79,80,88,91,105,110,118,133,327,153,161,172,182,183,199,203,219,223,250,261,266,280,281,302,304,328
153:2,9,16,24,37,47,58,78,81,85,92,100,112,117,125,133,140,152,251,160,182,196,207,210,213,219,221,229,242,247,248,252,259,263,264,269,270,291,315,329
154:2,15,17,35,47,52,79,86,91,92,97,102,106,108,109,116,136,145,174,178,180,189,196,198,212,221,229,249,261,265,271,273,276,278,280,296,328
155:0,22,57,61,63,65,72,73,74,86,90,91,93,102,106,107,116,123,130,134,257,156,186,191,196,209,214,215,223,252,263,270,272,275,278,282,287,297,298,300,313
156:4,25,31,32,38,43,46,50,78,95,100,102,107,110,113,129,133,134,136,151,155,306,161,166,172,187,193,196,217,218,221,224,226,230,235,240,241,245,254,271,284,292,297
157:3,5,17,33,38,45,46,63,71,75,86,92,99,107,125,138,141,244,163,170,178,182,187,192,193,200,208,223,242,248,255,256,262,273,281,286,291,302,312,316,328,329
158:9,13,16,30,51,58,70,71,82,89,96,103,112,145,315,159,165,169,171,186,188,193,201,213,222,238,254,256,277,280,288,289,290,298,303,309,318,322,329
159:0,10,15,16,30,39,41,42,46,54,61,68,73,83,92,98,102,116,124,125,128,134,146,158,253,171,172,176,178,186,195,213,215,240,242,252,278,292,309,311,312,317,328
160:16,28,41,57,64,68,70,71,77,84,88,122,128,129,151,153,265,170,173,191,196,202,203,217,225,243,266,271,276,286,305,308,316
161:21,27,40,43,51,86,122,135,137,152,156,288,163,168,182,186,196,202,204,213,215,217,228,250,261,265,274,275,289,297,300,305,311,323
162:2,21,22,24,78,80,100,112,143,151,208,202,204,205,214,230,232,244,256,257,265,266,275,304,311,315,316,317
163:0,2,8,22,54,55,62,97,99,122,132,138,157,161,195,175,177,188,192,211,219,225,229,232,250,253,265,279,289,293,301,305,311,313,316
164:38,48,50,54,60,63,69,70,71,73,79,84,87,118,125,222,181,184,215,216,218,226,242,243,247,255,256,261,262,280,292,299,304,307,308,313,320,322,324
165:7,13,14,26,34,45,60,62,65,74,86,93,104,105,109,119,133,134,158,322,175,194,204,206,208,226,232,234,241,243,244,255,262,273,278,279,283,284,286,294,305,315
166:3,18,22,23,34,50,52,69,84,87,91,116,123,126,135,138,156,213,172,180,204,216,251,263,264,267,269,298,302,310,318
167:3,14,22,37,41,61,62,67,68,76,83,89,146,148,244,168,187,192,199,201,202,205,213,217,270,288,290,298,299,321,324,327
168:7,10,15,26,60,64,73,82,85,98,104,124,131,137,138,139,161,167,221,172,176,190,193,209,211,214,222,225,237,256,261,263,267,286,296,299,301,305,312,317,320
169:0,4,20,31,33,43,65,66,68,69,71,74,87,91,103,113,127,129,145,147,158,256,170,176,197,209,221,230,231,245,246,269,270,283,293,296,300,321,326,327,328,329
170:2,18,19,31,58,59,67,74,87,91,105,109,129,135,141,146,157,160,169,251,178,208,210,220,228,236,253,257,259,263,264,268,278,288,290,294,300,315
171:22,26,33,34,36,39,40,44,51,54,65,68,78,108,119,133,136,139,140,151,158,159,288,176,179,198,201,203,208,209,220,225,227,230,231,236,242,249,255,258,259,267,282,293,309,328
172:26,31,39,49,72,74,88,96,104,109,122,135,136,151,152,156,159,166,168,289,175,193,232,244,245,254,259,260,262,285,287,322,323,326,329
173:23,28,37,39,40,44,45,52,74,107,115,117,138,140,142,160,197,181,187,191,194,206,214,223,268,274,278,289,298,314,319,323
174:1,4,6,17,19,23,27,35,43,57,73,76,84,88,90,98,110,115,126,128,129,130,131,146,154,316,177,179,183,185,186,190,198,201,204,212,256,265,272,276,323
175:17,21,37,43,47,48,66,81,97,100,101,109,110,118,119,125,132,134,140,163,165,172,240,181,185,188,197,211,214,215,217,234,239,249,251,258,285,295,314,320,322
176:8,15,39,40,61,72,89,114,115,116,125,128,135,139,148,159,168,169,171,273,185,193,194,199,204,215,247,259,271,279,294,297,317,319,324,327
177:6,12,21,22,34,37,39,57,69,78,79,80,81,84,99,110,115,120,133,148,163,174,201,182,183,188,189,210,211,213,234,245,246,247,261,268,281,282,293,295,306,309,315,328
178:6,18,19,20,22,30,34,46,52,58,59,62,71,103,115,126,128,154,157,159,170,294,179,180,189,196,200,207,241,243,249,251,259,265,274,277,281
179:1,16,32,48,66,77,83,100,101,117,119,120,129,130,141,143,171,174,178,257,180,197,198,220,232,247,251,258,280,281,284
180:5,18,23,26,27,30,38,46,55,71,90,99,105,107,108,113,129,134,146,154,166,178,179,248,185,192,206,221,225,232,256,270,283,293,294,297,302,304,316,325,329
181:1,5,12,14,30,34,36,47,54,58,64,71,75,82,85,89,100,102,104,106,111,113,118,128,138,148,150,164,173,175,283,197,206,216,218,226,244,245,246,247,281,286,289,295,299,300,302,306,311,321,327
182:19,20,21,41,49,54,59,60,71,72,83,103,109,125,149,152,153,157,161,177,230,199,238,239,257,262,264,267,289,292,309,313,319
183:1,2,17,32,33,42,52,53,67,75,88,89,109,116,131,135,142,146,152,174,177,306,184,200,205,215,246,247,250,254,262,276,289,297,311,314,320,325
184:5,10,13,20,22,24,33,34,51,52,64,67,82,86,95,101,117,124,130,140,142,164,183,269,191,236,260,271,276,283,285,294,323,324,329
185:11,18,23,32,42,47,55,64,66,76,89,112,114,128,131,143,144,151,174,175,176,180,224,189,193,195,201,214,223,238,241,243,255,273,289,293,296,299,306,313,317,325
186:0,2,7,20,21,26,30,50,52,61,65,80,108,129,132,135,151,155,158,159,161,174,188,189,192,194,222,223,233,234,242,248,262,278,281,294,297,304,314
187:13,30,31,33,34,43,58,59,69,72,73,77,80,87,90,94,98,108,121,125,131,141,145,156,157,167,173,306,202,207,220,239,240,246,251,258,280,283,301,304,317
188:5,7,8,14,15,31,35,41,47,74,78,92,109,116,127,128,132,139,144,146,158,163,175,177,186,314,189,192,194,195,209,210,216,221,226,233,234,248,260,264,271,276,289,291,292,329
189:3,8,29,30,36,41,55,60,61,81,85,98,101,111,130,133,139,143,148,151,154,177,178,185,186,188,242,194,248,253,265,268,291,297,300,308,312,313,316,329
190:13,24,70,74,77,78,81,87,95,97,123,129,140,141,168,174,209,193,208,211,214,225,241,243,255,278,291,293,308,317,324,326
191:3,5,17,32,38,42,46,61,64,68,77,86,87,89,118,126,129,135,143,149,155,160,173,184,211,196,197,209,214,215,218,221,244,257,278,280,281,282,285,290,292,294,313,327,329
192:6,26,48,85,87,121,125,143,147,157,163,167,180,186,188,288,209,220,241,246,247,249,277
193:4,28,39,43,45,49,52,56,78,80,88,93,103,133,135,143,147,149,156,157,158,168,172,176,185,190,219,201,203,207,209,210,212,225,226,233,235,236,238,240,255,259,270,273,284,286,293,299,306,325,326
194:4,20,22,26,32,36,37,45,49,60,68,73,99,101,103,147,165,173,176,186,188,189,202,197,201,204,222,228,229,244,251,264,266,274,280,281,301,311,321
195:4,12,15,16,17,18,22,23,30,36,50,54,59,63,72,74,84,92,94,96,104,111,122,125,128,130,135,137,143,159,163,185,188,226,200,202,217,234,240,244,258,259,284,294,297,300,303,311
196:22,30,43,55,59,63,64,65,71,73,90,102,105,112,115,124,133,136,142,153,154,155,156,160,161,178,191,278,209,210,211,220,222,230,244,281,292,297,298,308,317
197:2,4,9,16,17,25,45,48,49,51,65,66,68,90,94,104,105,115,121,139,151,169,173,175,179,181,191,194,208,202,216,218,240,242,244,261,266,285,289,291,299,311,314,318
198:9,20,22,23,46,53,86,94,95,97,104,105,113,123,154,171,174,179,317,208,245,271,281,283,289,308,321,329
199:6,10,11,13,15,36,40,43,51,54,77,80,82,86,106,120,126,134,143,149,152,167,176,182,291,221,222,239,241,245,285,286,293,311
200:7,10,32,46,54,59,63,74,77,91,97,107,112,116,120,126,130,133,135,139,142,157,178,183,195,239,214,216,235,276,277,296,319,324,327,329
201:31,32,44,61,68,90,112,113,122,145,146,158,167,171,174,177,185,193,194,280,213,214,241,254,258,268,269,270,274,290,294
202:0,3,8,13,14,21,29,30,35,38,56,61,75,76,90,92,104,106,109,110,116,160,161,162,167,187,194,195,197,262,212,215,216,223,230,231,232,233,234,237,238,247,249,254,261,263,265,275,284,285,288,298,302,306,311,319,324,325,326
203:9,11,16,30,32,37,66,68,89,96,98,109,125,129,140,152,160,171,193,207,220,221,238,245,255,263,272,283,285,295,296,312,323
204:3,8,11,18,19,24,31,42,48,49,53,61,64,70,73,74,77,81,97,99,107,110,117,119,122,125,127,135,161,162,165,166,174,176,194,231,212,225,226,240,247,278,284,292,295,301,308,312,314,315,318
205:11,18,46,56,62,70,79,81,93,97,99,102,106,108,109,118,122,128,135,162,167,183,218,210,216,230,242,245,260,269,272,273,278,302,314,327,328
206:4,11,15,16,18,21,24,36,47,53,73,89,92,98,100,120,130,149,165,173,180,181,262,213,246,257,265,270,285,296,307,309,312,324,327
207:1,5,16,19,27,42,43,50,57,68,72,73,74,76,78,85,86,92,100,104,119,125,130,134,135,153,178,187,193,203,233,209,229,230,285,286,288,301,309,324,328,329
208:2,13,52,54,67,77,102,103,105,106,111,146,147,151,157,162,165,170,171,190,197,198,254,209,232,237,249,252,259,268,270,280,295,300,302,325,327
209:6,21,28,44,52,54,74,89,91,94,105,109,110,133,139,140,155,168,169,171,188,190,191,192,193,196,207,208,308,215,232,248,252,256,273,280,282,290,294,295,300,302,315,323,325
210:4,13,28,29,37,41,45,49,56,60,70,85,96,101,106,108,111,128,133,134,146,153,170,177,188,193,196,205,241,211,225,238,244,269,279,280,282,293,304,313,324,325
211:0,7,25,30,38,43,50,52,61,65,80,82,83,88,91,97,106,107,113,117,121,131,144,163,168,175,177,190,191,196,210,286,215,231,232,244,267,288,290,295,304,305,308,313,324,326,327
212:9,15,23,30,34,47,51,52,53,66,69,71,75,77,80,81,82,84,96,102,110,112,113,142,143,154,174,193,202,204,278,217,219,244,269,271,281,282,285,296,309,310,326,329
213:2,8,9,23,30,39,59,61,92,104,110,114,120,139,140,146,153,158,159,161,166,167,177,201,206,258,220,228,264,266,268,282,285,288,299,300,317,318,326
214:16,43,45,49,52,61,63,65,79,81,84,86,104,106,130,132,140,143,148,150,155,162,168,173,175,185,190,191,200,201,242,216,245,251,253,272,282,292,296,303,307
215:1,2,11,15,24,29,30,33,34,57,58,71,78,95,116,132,135,140,142,145,155,159,161,164,175,176,183,191,202,209,211,297,217,229,231,240,245,247,248,277,312,313,314,315,316
216:32,40,45,50,58,65,98,106,115,118,120,126,134,164,166,181,188,197,200,202,205,214,311,228,236,285,288,296,306,310,312,326
217:1,7,11,27,30,37,40,42,45,50,51,60,62,70,76,81,89,100,113,119,124,133,135,142,146,156,160,161,167,175,195,212,215,285,222,224,229,246,256,265,277,278,296,301,306,307,324
218:0,39,41,64,76,85,90,96,117,123,146,156,164,181,191,197,205,289,219,220,224,231,246,277,280,284,293,294,306,309,328
219:5,7,36,45,63,76,83,84,90,126,134,139,140,142,146,152,153,163,193,212,218,242,220,245,250,268,269,292,327
220:4,7,10,32,38,41,42,45,52,67,80,93,95,97,105,106,132,136,143,145,170,171,179,187,192,196,203,213,218,219,293,222,225,228,231,235,238,240,294,297,310,320,326,329
221:1,3,15,17,31,52,82,87,88,93,100,109,111,112,115,117,124,135,139,153,154,156,168,169,180,188,191,199,203,322,223,225,228,237,245,256,273,278,280,287,291,293,295,304,313,316,325
222:4,6,9,36,44,78,94,96,107,108,137,158,164,168,186,194,196,199,217,220,324,224,225,245,252,253,265,271,273,277,293,305,306,316
223:1,10,20,34,36,42,50,61,62,74,79,93,96,129,152,155,157,173,185,186,202,221,298,225,228,233,247,256,272,275,285,287,310,322,327
224:2,18,26,34,36,52,58,71,81,82,83,95,98,108,110,115,117,124,156,185,217,218,222,329,250,255,258,263,270,276,278,294,296,314
225:9,22,33,44,45,71,87,90,91,97,99,109,117,127,128,130,131,160,163,168,171,180,190,193,204,210,220,221,222,223,256,251,257,260,271,272,278,286,287,301,309
226:5,24,25,26,29,35,41,61,64,80,98,99,121,144,156,164,165,181,188,193,195,204,243,227,228,232,235,255,257,295,299,300,302,316,324,327,328
227:6,8,9,10,19,24,26,38,43,68,74,79,85,100,109,119,142,171,226,246,254,265,271,273,282,307,313,320,323,326,327,328
228:0,2,6,11,15,43,54,57,94,141,144,161,170,194,213,216,220,221,223,226,244,230,256,271,275,285,287,297,317,325,329
229:0,1,17,18,23,28,30,42,67,74,75,96,112,114,119,149,153,154,163,194,207,215,217,323,232,236,254,281,288,291
230:7,19,23,28,35,45,47,57,58,59,61,67,77,78,79,84,87,96,97,101,108,131,143,150,156,162,169,171,182,196,202,205,207,228,305,233,243,245,247,254,256,266,269,287,294,304,319,329
231:12,23,25,26,50,53,56,60,100,112,143,151,169,171,202,204,211,215,218,220,254,234,243,245,258,271,280,282,284,285,298,304,319,320,326,328
232:7,9,10,19,37,40,48,52,66,70,72,74,79,86,87,88,113,116,142,162,163,165,172,179,180,202,208,209,211,226,229,258,241,243,247,260,273,282,291,301,324
233:2,37,42,43,46,57,65,83,87,90,103,121,123,132,140,145,146,186,188,193,202,207,223,230,316,243,247,251,254,255,261,262,266,268,280,283,288,291,293,306,313,317,327,328
234:0,1,6,17,22,34,37,47,56,59,61,75,91,113,140,165,175,177,186,188,195,202,231,329,240,243,250,256,262,271,287,301,315,328
235:6,8,9,13,16,17,22,38,39,41,47,56,58,62,63,70,71,86,94,119,120,129,151,156,193,200,220,226,277,251,262,263,264,268,274,283,288,300,306,318,320,325
236:2,3,11,19,26,35,45,48,49,50,81,85,95,98,113,116,135,170,171,184,193,216,229,301,239,241,250,261,266,272,282,285,291,312,315,317,319,322,323,327,329
237:3,7,15,19,32,35,37,47,64,74,76,81,86,96,127,133,135,146,168,202,208,221,262,243,250,253,270,275,298,310,313,322
238:0,13,19,26,30,41,42,49,50,60,73,82,83,88,92,94,101,109,121,123,148,149,151,158,182,185,193,202,203,210,220,245,244,246,249,281,289,293,297,310,314
239:20,32,37,39,50,52,68,69,77,79,90,101,122,134,136,175,182,187,199,200,236,252,240,247,254,255,276,278,294,305,324
240:4,8,14,36,62,68,77,82,93,107,121,140,142,156,159,175,187,193,195,197,204,215,220,234,239,252,242,243,247,262,264,265,270,273,274,280,281,287,307,311,312,316
241:4,20,32,37,57,80,82,86,89,92,97,103,111,116,117,125,156,165,178,185,190,192,199,201,210,232,236,312,267,271,276,282,292,324,329
242:0,10,21,32,34,51,56,65,66,69,70,75,99,100,102,125,140,153,157,159,164,171,186,189,197,205,214,219,240,260,250,254,255,273,275,281,290,291,292,300,309,310
243:0,2,9,16,41,51,72,95,103,107,147,160,164,165,178,185,190,226,230,231,232,233,234,237,240,262,244,257,261,267,287,294,303,306
244:0,21,30,34,41,44,51,52,56,79,89,92,98,106,108,110,131,134,135,136,143,148,149,157,162,165,167,172,181,191,194,195,196,197,210,211,212,228,238,243,329,272,277,297,307,309,313
245:6,36,47,51,52,61,62,77,115,116,119,129,131,135,136,142,150,156,169,172,177,181,198,199,203,205,214,215,219,221,222,230,231,238,329,268,285,295,298,306,309,327
246:4,5,6,11,12,28,32,39,46,61,68,73,84,87,94,97,98,100,104,121,123,128,136,169,177,181,183,187,192,206,217,218,227,238,318,255,256,258,278,299,308,310,319,326
247:2,42,46,49,53,56,74,80,86,92,95,97,105,117,124,138,145,149,153,164,176,177,179,181,183,192,202,204,215,223,230,232,233,239,240,272,249,265,276,281,293,321
248:1,4,5,19,40,41,42,46,49,53,57,59,67,84,108,115,116,119,122,124,125,128,129,138,153,157,180,186,188,189,209,215,257,255,269,278,308,312,322,324,325,329
249:2,10,13,15,17,84,85,99,103,105,127,146,154,171,175,178,192,202,208,238,247,284,250,255,259,260,270,279,286,305,307,310,314
250:0,4,14,16,27,36,39,53,57,74,78,100,111,112,117,120,152,161,163,183,219,224,234,236,237,242,249,256,259,273,278,295,297,309,326,327,328
251:0,39,41,50,52,64,72,79,85,92,113,117,141,144,153,166,170,175,178,179,187,194,214,225,233,235,274,258,270,277,279,280,283,285,295,298,310,321,323
252:4,16,46,52,62,64,70,94,102,119,126,129,130,131,139,153,155,159,208,209,222,239,240,289,266,273,275,276,282,292,305,313,315
253:24,40,43,44,45,47,50,55,58,60,61,62,72,94,107,112,115,119,131,141,147,159,163,170,189,214,222,237,273,254,257,266,267,268,287,294,297,303,325
254:4,7,10,11,14,38,46,47,50,57,82,83,85,88,93,105,107,108,125,127,128,135,137,146,148,151,156,158,172,183,201,202,208,227,229,230,231,233,239,242,253,327,258,277,279,297,302,307
255:0,4,14,19,27,41,46,54,57,61,63,74,77,90,95,96,100,117,119,135,137,145,157,164,165,171,185,190,193,203,224,226,233,239,242,246,248,249,295,283,288,290,319,321
256:2,17,20,39,40,43,44,47,51,52,53,58,70,108,129,132,149,151,157,158,162,164,168,169,174,180,209,217,221,223,225,228,230,234,246,250,329,257,270,286,295,298,308,312,326
257:4,6,12,19,31,47,51,59,71,95,99,109,111,120,122,141,155,162,170,179,182,191,206,225,226,243,248,253,256,301,314,322
258:5,15,32,36,39,52,58,59,64,70,71,73,80,81,89,94,104,130,141,171,175,179,187,195,201,213,224,231,232,246,251,254,312,261,276,278,283,287,290,299,320,322
259:10,12,16,28,41,46,70,71,72,75,81,85,99,103,105,110,113,116,117,131,149,153,170,171,172,176,178,193,195,208,249,250,307,260,264,273,279,295,311,324,329
260:0,6,34,36,44,53,60,69,75,76,94,111,126,131,134,172,184,188,205,225,232,242,249,259,276,267,278,286,294,301,307,314,322,325
261:3,15,22,40,73,74,82,85,108,113,120,128,146,152,154,161,164,168,177,197,202,233,236,243,258,283,262,268,286,304
262:3,5,8,10,23,25,32,38,57,68,76,83,113,129,131,138,150,157,164,165,172,182,183,186,202,206,233,234,235,237,240,243,261,282,288,298,309,318,325,327
263:13,79,80,83,115,121,126,135,140,147,148,151,153,155,166,168,170,202,203,224,235,311,266,274,284,292,312,318,320,327
264:2,3,18,35,38,49,70,71,78,80,82,89,101,121,122,140,143,146,147,153,166,170,182,188,194,213,235,240,259,302,270,287,289,293,295,300,304,306,309,312,325
265:7,13,30,31,35,54,55,67,70,81,99,100,119,121,131,148,154,160,161,162,163,174,178,189,202,206,217,222,227,240,247,329,299,302,305,308,314,324,325,327
266:5,6,19,38,63,76,77,86,91,97,117,128,133,134,138,139,143,152,160,162,194,197,213,230,233,236,252,253,263,316,267,270,277,287,299,304,322,328
267:6,15,16,18,33,37,39,40,42,43,54,58,66,68,79,81,85,86,116,118,150,166,168,171,182,211,241,243,253,260,266,278,269,274,277,286,292,294,306,310,314,323,324,328
268:22,25,27,33,37,45,59,64,72,83,85,94,100,111,120,128,136,148,149,150,170,173,177,189,201,208,213,219,233,235,245,253,261,328,281,286,296,303,312,315,329
269:7,10,29,32,33,38,41,49,52,61,69,81,86,93,113,139,142,153,166,169,184,201,205,210,212,219,230,248,267,297,271,272,286,294,295,302,329
270:17,21,22,40,43,57,58,61,67,73,74,76,86,89,90,91,92,93,100,101,110,125,128,140,141,148,153,155,167,169,180,193,201,206,208,224,237,240,249,251,256,264,266,295,278,296,297,306,310,324,328
271:7,20,31,67,69,71,81,85,86,87,90,94,105,127,132,140,154,156,160,176,184,188,198,212,222,225,227,228,231,234,241,269,276,274,286,296,303,318,319,323
272:15,16,19,45,47,60,90,92,103,105,107,126,129,131,135,139,149,155,174,203,205,214,223,225,236,244,247,269,323,274,283,306,309,312,316,326
273:8,9,17,24,33,34,54,55,56,60,69,74,91,94,99,102,108,116,117,118,121,122,139,143,145,151,154,157,165,176,185,193,205,209,221,222,227,232,240,242,250,252,253,259,329,288,299,328
274:0,14,22,28,39,51,54,56,58,62,74,130,146,161,173,178,194,201,235,240,251,263,267,271,272,292,279,282,285,291,294,299,301,307,308,320,321
275:10,23,24,26,51,57,68,72,75,76,81,99,106,110,112,127,129,137,140,155,161,162,202,223,228,237,242,252,300,292,304,316
276:0,35,38,44,49,57,69,75,87,96,104,109,127,138,142,145,154,160,174,183,184,188,200,224,239,241,247,252,258,260,271,288,282,285,290,296,320,329
277:5,7,12,16,20,26,37,41,44,50,55,57,58,73,78,88,91,97,106,117,126,127,135,136,146,148,158,178,192,200,215,217,218,222,235,244,251,254,266,267,301,279,280,283,288,296,305,307,311,316,317,319,320,322
278:19,25,29,47,51,54,63,87,88,89,90,105,108,131,133,134,154,155,159,165,170,173,186,190,191,196,204,205,212,217,221,224,225,239,246,248,250,258,260,267,270,322,282,295,314,327,329
279:0,1,5,8,11,24,26,28,31,68,97,163,165,176,210,249,251,254,259,274,277,326,295,302,324
280:2,3,4,8,14,15,30,31,33,47,60,68,69,72,75,82,90,91,95,106,112,121,124,131,140,152,154,158,164,179,187,191,194,201,208,209,210,218,221,231,233,240,251,277,281,283,288,306,308,313,321,328
281:0,2,4,19,21,35,49,54,57,66,69,73,96,102,128,152,157,177,178,179,181,186,191,194,196,198,212,229,238,240,242,247,268,280,319,283,313,317,329
282:8,10,33,42,68,69,76,80,87,96,110,117,125,136,150,155,171,177,191,209,210,212,213,214,227,231,232,236,241,252,262,274,276,278,297,288,314,315,318
283:3,10,13,14,24,26,33,38,42,61,64,89,103,119,122,125,127,130,131,132,135,136,147,149,165,169,180,181,184,187,198,203,233,235,251,255,258,261,272,277,280,281,317,285,290,292,298,302,306,324
284:1,10,16,29,30,41,42,51,58,64,85,88,109,118,122,137,143,146,147,148,156,165,179,193,195,202,204,218,231,249,263,299,295,298,308,318
285:11,29,30,36,38,46,54,60,105,110,127,128,136,140,144,151,172,175,184,191,197,199,202,203,206,207,212,213,216,217,223,228,231,236,245,251,274,276,283,302,288,295,301,305,328
286:0,29,32,39,49,50,52,65,68,71,74,75,80,85,91,93,102,113,127,128,130,143,144,157,160,165,168,181,193,199,207,211,225,249,256,260,261,267,268,269,271,320,302,309,313,315,326
287:10,16,21,26,28,34,44,45,49,53,55,72,77,83,92,101,102,107,118,130,133,137,142,148,155,172,221,223,225,228,230,234,240,243,253,258,264,266,301,290,293,299,306,313,314,327
288:15,22,27,32,64,71,72,85,86,96,115,120,133,136,141,142,144,145,158,161,167,170,171,192,202,207,211,213,216,229,233,235,255,262,273,276,277,280,282,285,321,318,320
289:3,6,21,22,30,46,52,56,67,68,74,84,94,96,106,110,119,120,128,129,138,147,158,161,163,172,173,181,182,183,185,188,197,198,218,238,252,264,320,291,299,305,308,314,318,325
290:2,4,16,19,23,32,46,52,53,57,63,68,70,74,80,91,98,105,108,111,118,119,130,133,139,158,167,170,191,201,209,211,242,255,258,276,283,287,297,295,310,311,317,327,329
291:9,10,12,19,49,53,66,68,78,86,91,106,118,124,142,147,153,157,188,189,190,197,199,221,229,232,233,236,242,274,289,304,293,297,300,302,316,319,328
292:13,28,33,35,50,73,94,119,128,133,138,148,156,159,164,182,188,191,196,204,214,219,241,242,252,263,267,274,275,283,309,299,307,310,312,328
293:2,7,10,17,39,53,68,69,73,74,80,82,84,98,100,108,141,146,163,169,171,177,180,185,190,193,199,210,218,220,221,222,233,238,247,264,287,291,309,305,310,312,315,326
294:5,6,13,17,22,24,35,41,44,61,74,79,87,91,99,100,107,127,129,132,138,144,165,170,176,178,180,184,186,191,195,201,209,218,220,224,230,239,243,253,260,267,269,274,321,309,310,315,320
295:4,9,26,35,42,46,47,51,52,56,59,75,80,95,105,112,125,133,141,146,151,175,177,181,203,204,208,209,211,221,226,245,250,251,255,256,259,264,269,270,278,279,284,285,290,313,303,320
296:5,8,9,32,47,49,51,57,73,75,84,116,125,146,147,154,168,169,185,200,203,206,212,214,216,217,224,268,270,271,276,277,308,297,298
297:2,13,22,23,30,41,53,65,82,90,100,118,128,137,155,156,161,176,180,183,186,189,195,196,215,220,228,238,244,250,253,254,269,270,282,290,291,296,301,317,325
298:4,7,18,22,39,42,47,51,54,74,77,81,84,86,93,124,137,146,148,155,158,166,167,173,196,202,223,231,237,245,251,256,262,283,284,296,323,301,304,305,311,316,317
299:0,22,32,35,43,45,46,50,53,63,68,94,108,164,167,168,181,185,193,197,213,226,246,258,265,266,273,274,284,287,289,292,319,302,306,310,314,323,329
300:15,36,66,72,77,78,80,83,92,102,108,123,127,131,135,137,139,143,150,155,161,169,170,181,189,195,208,209,213,226,235,242,264,275,291,317,304,310,311,323,328
301:4,23,56,71,72,73,75,92,97,112,113,118,126,150,163,168,187,194,204,207,217,225,232,234,236,257,260,274,277,285,287,297,298,305,302,315,317,321
302:14,34,40,44,45,51,54,68,70,76,80,82,90,97,101,105,112,115,116,123,124,138,152,157,166,180,181,202,205,208,209,226,254,264,265,269,279,283,285,286,291,299,301,312,318
303:6,8,25,38,53,61,69,70,71,73,80,87,102,103,106,108,114,123,130,141,149,158,195,214,243,253,268,271,295,329,306,324
304:10,31,32,52,53,55,60,70,87,90,105,108,124,125,133,145,150,152,162,164,180,186,187,210,211,221,230,231,261,264,266,275,291,298,300,322,311,317,320
305:1,9,18,39,52,62,69,79,84,85,100,104,109,118,138,144,160,161,163,165,168,211,222,230,239,249,252,265,277,285,289,293,298,301,320,317
306:2,24,27,47,55,67,78,82,90,97,121,134,136,137,150,156,177,181,183,185,187,193,202,216,217,218,222,233,235,243,245,264,267,270,272,280,283,287,299,303,320,311,314,321,329
307:3,14,17,32,36,43,51,66,79,91,105,115,117,119,136,164,206,214,217,227,240,244,249,254,259,260,274,277,292,319,313,314,320
308:4,18,59,68,73,81,88,90,92,99,103,108,113,115,123,124,140,148,151,160,164,189,190,196,198,204,209,211,246,248,256,265,274,280,284,289,296,319,309,323,328
309:2,4,8,15,22,24,27,30,32,37,49,62,64,68,70,89,100,112,113,122,133,139,142,150,158,159,171,177,182,206,207,212,218,225,242,244,245,250,262,264,272,286,292,293,294,308,319,311,327,328
310:5,17,37,50,69,97,101,115,124,132,137,142,166,212,216,220,223,237,238,242,246,249,251,267,270,290,292,293,294,299,300,322,316,318,320,324,328
311:7,8,11,16,18,21,28,36,47,63,68,75,81,89,91,99,121,126,159,161,162,163,181,183,194,195,197,199,202,216,240,259,263,277,290,298,300,304,306,309,324,327
312:0,10,20,22,23,26,30,42,43,70,91,106,114,132,135,137,140,145,146,147,157,159,168,189,203,204,206,215,216,236,240,241,248,256,258,263,264,268,272,292,293,302,321,314,320,327
313:5,18,19,50,53,54,55,76,84,91,111,117,120,128,155,163,164,182,185,189,191,210,211,215,221,227,233,237,244,252,280,281,286,287,295,307,317,316,321
314:6,31,35,40,42,46,47,48,53,58,63,66,72,76,80,82,90,94,96,114,117,123,125,127,142,173,175,183,186,188,197,204,205,215,224,238,249,257,260,265,267,278,282,287,289,299,306,307,312,322,320
315:1,8,18,23,43,55,58,60,61,62,153,158,162,165,170,177,204,209,215,234,236,252,268,282,286,293,294,301,317,316,319,320,321
316:12,15,19,30,38,48,64,73,80,113,131,140,144,145,157,160,162,163,174,180,189,215,221,222,226,233,240,266,272,275,277,291,298,310,313,315,327,318,325
317:3,20,25,39,48,55,56,58,60,61,63,74,80,83,84,85,101,105,107,130,133,135,141,142,145,146,159,162,168,176,185,187,190,196,198,213,228,233,236,277,281,283,290,297,298,300,301,304,305,313,315,323
318:8,17,19,20,25,31,54,61,64,74,83,90,93,96,102,103,116,122,136,139,145,158,166,197,204,213,235,246,262,263,271,282,284,288,289,302,310,316,325
319:7,11,14,20,21,23,26,32,33,38,40,51,63,66,88,89,98,101,107,109,111,114,115,123,135,173,176,182,200,202,230,231,236,246,255,271,277,281,291,299,307,308,309,315,327
320:7,20,21,35,54,68,71,77,78,88,96,102,103,108,109,114,120,130,141,148,164,168,175,183,220,227,231,235,258,263,274,276,277,286,288,289,294,295,304,305,306,307,310,312,314,315,323
321:4,11,14,24,27,34,37,40,49,57,68,72,81,87,93,95,96,105,106,129,133,134,143,148,167,169,181,194,198,247,251,255,274,280,288,294,301,306,312,313,315,329
322:6,11,18,38,44,47,53,61,82,97,110,120,145,158,164,165,172,175,221,223,236,237,248,257,258,260,266,277,278,304,310,314,325,324
323:4,6,11,13,17,28,41,53,54,56,59,61,62,76,79,84,90,99,111,122,130,161,172,173,174,184,203,209,227,229,236,251,267,271,272,298,299,300,308,317,320,327,328
324:9,20,24,38,39,61,64,66,68,74,94,101,106,113,114,116,150,164,167,176,184,190,200,202,206,207,210,211,217,222,226,232,239,241,248,259,265,267,270,279,283,303,310,311,322,329,327
325:16,17,25,31,55,69,70,73,75,87,101,102,116,120,135,137,150,151,180,183,185,193,202,208,209,210,221,228,235,248,253,260,262,264,265,289,297,316,318,322,327,328
326:5,20,23,34,43,47,53,55,60,62,64,91,95,97,98,102,105,121,123,137,143,144,151,169,172,190,193,202,211,212,213,216,220,227,231,246,250,256,272,279,286,293,329
327:11,36,41,45,49,72,74,89,97,108,112,113,120,121,135,137,141,147,150,152,167,169,176,181,191,200,205,206,208,211,219,223,226,227,233,236,245,250,254,262,263,265,278,287,290,309,311,312,316,319,323,324,325,329
328:6,8,15,23,29,37,45,47,58,63,77,82,94,105,123,131,143,148,151,152,154,157,159,169,171,177,205,207,218,226,227,231,233,234,250,266,267,268,270,273,280,285,291,292,300,308,309,310,323,325,329
329:15,18,25,29,32,41,45,47,56,68,71,81,89,106,118,125,145,150,153,157,158,169,172,180,184,188,189,191,198,200,207,212,220,224,228,230,234,236,241,244,245,248,256,259,265,268,269,273,276,278,281,290,299,303,306,321,324,326,327,328
