0:247,3,11,15,26,37,50,66,67,72,81,82,88,89,90,95,97,103,110,117,120,121,127,128,131,132,140,145,157,167,178,183,186,188,189,198,201,203,206,219,226,238,239,242,253,265,266,277,278,288,293,296,297,309,313,319,325,335,337
1:197,2,3,7,9,11,12,22,23,33,39,41,44,45,48,51,58,60,70,71,74,96,97,101,105,111,118,119,123,125,131,145,148,150,164,169,171,200,201,204,208,211,224,229,231,233,235,236,237,250,253,255,261,263,264,271,278,281,288,289,291,298,308,313,317,333
2:1,303,5,9,16,27,29,30,51,60,70,71,73,81,85,86,89,90,99,101,117,120,130,137,141,149,156,169,170,171,175,184,191,195,198,201,203,204,207,221,228,242,243,245,251,257,260,262,274,275,282,293,314,325,331,338
3:0,1,186,5,10,13,15,26,30,36,49,51,62,72,83,89,109,115,137,161,162,169,174,182,200,206,210,213,219,224,233,249,257,272,277,284,297,302,304,317,332,333
4:262,5,10,18,43,45,58,62,66,73,87,91,103,104,105,114,116,123,139,140,142,145,151,156,173,180,185,186,192,206,224,226,229,231,237,238,257,259,270,272,282,290,293,294,300,304,305,316,318,324,331,333,334,338
5:2,3,4,293,7,10,13,22,23,26,35,41,42,48,53,68,73,88,89,90,91,98,102,103,107,108,123,126,127,128,132,146,160,166,168,172,174,176,178,188,195,196,197,198,201,205,210,213,220,221,222,226,241,247,262,266,267,273,275,276,284,296,299,302,317,330,338,339
6:70,19,32,43,60,63,73,86,88,93,100,104,109,110,116,117,149,151,152,153,158,161,193,199,200,210,211,220,227,234,237,239,240,246,250,269,281,288,295,301,310,316,323
7:1,5,120,12,17,37,38,46,57,62,64,65,77,90,95,96,114,132,140,153,154,159,165,167,168,171,175,209,213,224,237,243,250,255,262,263,265,281,283,287,299,300,329
8:41,11,15,22,25,30,35,38,43,57,58,68,77,83,90,96,120,134,138,149,161,167,182,185,188,190,191,197,204,207,210,213,224,229,230,231,238,240,249,255,258,266,267,272,274,279,281,291,321,329
9:1,2,319,27,49,53,61,63,65,69,71,73,82,86,91,92,95,97,98,100,106,109,111,115,119,123,142,148,153,165,167,168,170,175,181,184,185,189,194,195,198,201,203,204,206,207,208,218,222,232,237,243,249,266,269,275,276,278,281,285,297,318,324,330,331,332,338
10:3,4,5,34,18,29,33,35,39,49,55,59,72,83,85,92,96,108,109,129,138,140,157,160,177,178,179,189,194,196,199,204,205,206,207,215,223,229,237,243,258,265,280,281,282,283,285,290,292,295,297,298,300,302,305,309,312,316,317,321,327,330,333,337
11:0,1,8,224,16,19,21,34,42,57,58,59,66,69,73,77,78,80,90,92,98,104,122,123,124,125,130,135,142,144,146,147,150,151,160,169,179,189,197,198,212,213,234,237,241,245,257,260,263,269,278,288,297,305,309,322,336,337,339
12:1,7,63,22,23,30,49,53,58,76,77,84,91,102,103,104,124,125,127,129,131,134,137,138,143,150,156,169,172,174,175,197,203,205,214,226,236,239,246,254,257,258,262,272,284,287,288,301,306,323,325,334,338
13:3,5,318,17,20,21,22,23,28,51,57,62,70,74,79,87,95,96,104,105,114,117,119,128,130,141,148,150,155,162,167,169,171,177,184,188,189,202,208,221,235,243,244,248,254,260,263,264,269,275,285,300,314,335
14:108,17,39,40,52,56,58,65,67,68,78,87,88,90,104,118,126,127,141,142,143,144,147,151,154,167,176,177,186,195,222,228,231,237,247,249,252,259,271,273,282,283,287,293,294,299,304,306,308,311,323,325,328,335
15:0,3,8,254,16,17,29,32,33,34,38,39,48,76,77,88,89,113,122,123,131,136,137,139,145,147,153,161,162,167,171,175,177,180,185,186,191,194,210,213,216,218,219,231,256,268,270,274,277,278,280,282,292,298,304,306,308,314,317,319,335,336,338
16:2,11,15,99,25,26,53,54,63,68,89,90,100,122,125,138,149,156,170,185,186,188,192,194,195,201,208,215,218,224,229,231,238,249,256,260,271,279,282,291,293,306,311,319
17:7,13,14,15,92,26,27,28,29,34,35,36,42,54,55,60,71,72,77,82,83,86,87,91,93,96,97,100,102,110,111,126,130,140,150,152,163,173,180,183,186,189,196,197,206,213,214,216,222,225,235,240,255,259,262,265,266,269,275,282,293,301,302,307,313,322,323,324,327
18:4,10,103,20,26,43,46,52,68,82,88,95,98,99,100,108,117,124,127,128,132,135,136,143,157,165,169,172,179,181,184,189,192,215,224,227,230,234,239,249,251,252,262,263,268,275,280,281,297,298,303,305,309,310,312,314,322,329,335,336
19:6,11,323,24,30,41,42,62,70,73,74,77,78,87,106,117,118,119,124,139,142,144,145,148,150,156,161,162,176,179,187,195,201,205,217,219,230,232,240,241,245,246,248,261,270,274,278,280,281,286,288,302,303,316,319,325,337
20:13,18,222,22,26,27,30,37,43,44,55,64,69,70,80,85,88,89,103,106,107,108,121,128,130,137,140,142,144,146,148,154,157,167,169,178,181,191,196,204,209,226,231,233,236,238,244,251,254,264,265,272,287,300,303,304,305,307,313,326,330,336,338
21:11,13,269,35,40,49,54,64,66,68,69,70,72,78,79,82,101,103,117,120,130,134,137,138,150,158,166,169,179,182,185,187,193,198,200,211,214,216,228,244,252,254,256,265,270,281,289,293,299,310,314,317,336
22:1,5,8,12,13,20,30,25,45,61,72,76,82,90,93,94,98,111,118,125,129,139,143,147,150,167,175,185,193,197,200,203,222,234,243,252,255,256,265,266,272,277,283,284,290,294,296,300,310,312,321,324,327,331,339
23:1,5,12,13,316,30,31,39,45,47,51,56,62,63,84,90,91,100,102,115,116,121,123,124,133,136,143,148,149,160,172,189,192,194,199,206,210,213,215,219,227,230,231,232,249,261,269,274,276,279,282,285,296,299,311,314,322,324,325,331
24:19,124,28,31,32,33,37,43,44,47,49,53,59,62,68,70,73,83,87,92,93,104,107,118,119,129,130,131,134,137,139,144,145,159,181,203,208,212,216,217,222,234,235,237,268,273,284,285,289,291,295,300,307,310,317,325,328,329
25:8,16,22,65,29,32,45,46,47,49,64,87,96,99,103,106,115,117,127,129,130,133,146,147,149,160,163,167,168,169,170,184,215,218,224,227,228,235,241,242,244,253,255,261,269,271,274,281,292,317,324,327,328
26:0,3,5,16,17,18,20,78,27,29,38,39,40,41,43,46,52,59,60,65,72,74,83,89,95,98,102,110,113,124,128,129,132,142,151,153,163,165,168,171,175,181,183,190,193,203,213,223,229,233,273,280,281,283,285,301,309,314,315,318,330,332,334,339
27:2,9,17,20,26,216,37,40,46,51,55,62,65,66,68,70,90,96,103,105,110,113,116,124,126,127,137,151,152,160,162,163,168,171,173,181,182,183,192,207,213,214,218,224,228,230,236,237,257,271,272,280,287,291,298,301,302,306,313,314,338
28:13,17,24,139,40,52,60,65,71,77,84,87,94,96,100,122,125,127,134,135,141,144,148,154,156,157,162,164,167,177,182,190,192,197,205,208,228,229,236,238,250,251,266,267,269,271,291,296,303,309,317,332,333,339
29:2,10,15,17,25,26,185,33,38,39,40,43,51,60,63,65,72,79,82,90,96,101,103,116,117,127,132,134,135,141,143,151,157,159,161,167,172,178,179,181,182,188,190,195,200,205,207,211,217,222,227,231,236,240,246,247,262,265,267,269,273,277,278,279,290,291,292,293,297,300,308,309,312,315,323,332
30:2,3,8,12,19,20,22,23,285,40,54,57,58,66,69,71,76,79,105,110,115,119,140,141,145,150,151,153,162,167,169,176,182,190,192,207,208,213,217,224,225,230,231,239,251,259,268,272,275,276,291,316,320,336
31:23,24,79,43,46,52,53,58,64,66,67,69,71,81,82,90,93,96,112,125,131,132,138,141,156,162,166,168,170,176,182,184,200,202,207,239,253,255,265,272,283,285,291,294,306,308,309,312,325,326,328,330
32:6,15,24,25,310,44,47,71,100,113,116,129,132,136,140,142,145,147,148,155,156,160,162,168,180,181,186,193,198,199,202,207,208,211,217,221,224,233,241,244,254,260,261,264,275,276,278,288,294,297,304,305,307,308,311,322,331,333,335,338
33:1,10,15,24,29,62,39,41,45,47,60,64,65,69,70,73,78,88,92,106,108,120,121,122,135,145,152,160,162,182,189,190,194,198,207,211,214,238,249,250,251,254,257,264,272,275,276,279,281,285,290,297,301,302,309,318,323,324,331,337
34:10,11,15,17,111,40,48,49,53,66,69,72,74,77,81,92,100,102,108,116,120,124,131,137,155,159,163,169,174,178,189,190,192,193,195,201,213,217,221,254,260,265,271,272,279,280,284,289,291,294,297,298,300,304,310,314,315,320,323
35:5,8,10,17,21,271,50,53,57,64,71,72,76,79,93,99,103,106,109,110,124,130,131,136,138,157,162,164,167,168,169,172,181,185,186,190,214,215,217,229,233,241,243,245,253,257,258,264,265,270,274,278,286,295,299,310
36:3,17,273,46,49,50,58,67,71,76,81,90,96,100,105,107,115,119,126,127,132,134,141,143,144,146,187,188,189,194,195,205,209,213,214,226,242,244,251,254,266,267,272,282,285,294,300,301,307,318,328,330,331,336
37:0,7,20,24,27,97,44,50,51,56,63,67,69,71,81,86,87,88,98,102,103,110,111,113,115,116,118,120,133,147,153,165,166,185,187,189,190,200,202,208,219,229,233,234,246,248,260,261,274,275,293,294,297,298,303,306,321,322,325,337,339
38:7,8,15,26,29,258,48,52,54,59,66,69,72,75,82,83,98,113,116,119,139,143,144,146,147,150,151,157,168,176,178,181,183,193,195,198,224,244,246,248,249,250,259,263,264,267,268,271,273,274,276,279,281,282,283,294,296,324,329,336
39:1,10,14,15,23,26,29,33,100,43,47,60,65,68,70,78,79,81,88,128,154,162,166,175,176,188,195,196,206,209,216,217,221,226,239,240,241,242,253,263,286,290,292,298,306,309,310,311,312,326,333,334
40:14,21,26,27,28,29,30,34,292,45,50,52,59,62,70,81,88,91,102,104,109,111,116,126,127,132,140,144,152,154,155,160,165,172,174,176,206,208,219,221,227,229,230,231,232,234,237,258,268,277,290,291,301,324,328,329,332,336
41:1,5,8,19,26,33,73,46,61,62,63,66,68,77,85,90,99,102,104,119,132,139,154,157,165,171,174,179,187,192,201,216,220,222,237,245,250,259,263,266,274,279,281,283,298,302,316,317,321,322,336
42:5,11,17,19,157,47,65,69,71,72,73,80,89,98,106,117,124,136,142,145,149,151,155,164,167,169,173,175,209,211,230,243,250,256,261,262,265,269,270,272,276,290,301,305,306,308,313,315,324,328,330,335,336,338
43:4,6,8,18,20,24,26,29,31,39,260,45,47,50,66,73,84,104,109,126,127,128,135,139,144,150,151,155,157,164,171,185,188,190,191,202,207,212,213,230,233,237,240,241,250,252,253,256,271,284,295,296,297,299,300,310,311,313,319,325,328,331,332
44:1,20,24,32,37,296,45,59,74,79,80,81,83,89,93,94,95,101,103,105,112,118,125,127,133,139,144,147,154,162,171,177,178,191,196,201,209,214,217,218,229,235,250,251,259,264,273,274,282,288,290,301,302,304,310,321,322,333,337
45:1,4,22,23,25,33,40,43,44,302,47,48,53,55,57,59,66,68,73,75,77,80,83,89,94,110,112,123,129,133,148,151,153,156,160,168,170,176,179,181,199,208,214,231,238,251,253,258,267,270,272,279,283,294,313,325,333,339
46:7,18,25,26,27,31,36,41,196,59,66,69,82,83,88,89,90,92,110,135,136,138,139,144,145,149,165,166,167,171,183,191,219,222,225,231,232,233,250,251,252,267,269,271,274,279,282,288,293,298,300,302,311,322,331,334,338
47:23,24,25,32,33,39,42,43,45,315,52,102,108,114,117,118,125,132,138,141,148,156,162,174,175,176,189,192,194,195,196,199,201,205,228,229,232,234,235,243,246,250,253,256,257,259,264,279,281,282,283,296,297,299,301,303,329,334,335
48:1,5,15,34,38,45,164,51,59,62,74,85,91,97,99,103,114,132,138,140,171,175,187,196,207,217,228,229,230,235,251,252,253,257,261,273,277,280,284,286,287,288,289,297,300,312,314,333,334,339
49:3,9,10,12,21,24,25,34,36,95,57,68,71,77,84,90,91,97,110,115,118,121,130,137,138,141,143,160,166,176,178,181,187,189,198,200,210,213,221,230,244,251,259,269,278,281,292,293,306,312,313,315,323,330,336,338
50:0,35,36,37,40,43,205,78,80,81,87,95,100,101,144,158,162,170,171,181,184,189,197,202,206,211,214,219,233,234,241,248,252,256,264,265,266,275,277,283,286,288,294,296,300,301,307,309,310,313,314,318,336
51:1,2,3,13,23,27,29,37,48,195,58,64,70,77,91,94,100,102,104,111,134,140,142,149,157,164,173,179,197,201,213,214,215,216,224,229,247,249,255,260,263,264,265,276,285,297,302,309,337
52:14,18,26,28,31,38,40,47,334,56,71,78,81,87,95,99,104,105,106,113,115,120,129,130,139,141,164,172,175,179,181,187,192,199,204,206,209,213,221,224,225,229,232,235,237,243,251,261,268,269,271,275,278,279,280,290,291,294,295,301,308,312,318,321,328,330
53:5,9,12,16,24,31,34,35,45,219,54,55,60,79,83,99,119,124,127,135,148,152,153,158,167,177,183,188,190,191,194,195,198,201,205,215,224,230,247,250,258,260,262,266,268,269,273,279,282,291,298,299,305,313,318,339
54:16,17,21,30,38,53,83,60,61,62,67,85,101,104,107,108,110,117,120,121,123,127,137,143,144,156,163,167,175,182,188,195,203,217,232,239,242,245,252,260,262,268,276,286,288,301,317,319,330,334
55:10,17,20,27,45,53,131,71,73,76,84,86,88,90,98,116,125,133,137,148,153,172,179,198,213,216,218,226,233,236,256,259,261,266,271,282,298,303,315,322,324,331,339
56:14,23,37,52,246,67,75,83,91,100,102,111,113,130,134,141,150,158,162,163,171,177,187,188,212,213,224,225,242,260,267,279,283,291,292,299,318,320,335
57:7,8,11,13,30,35,45,49,76,59,60,61,66,80,82,85,89,90,99,105,106,107,109,111,115,116,120,124,133,135,136,137,140,143,144,146,159,161,168,169,179,181,196,198,202,204,207,215,217,226,242,244,251,257,260,264,269,285,307,318,321,323,334
58:1,4,8,11,12,14,30,31,36,51,71,75,78,79,88,101,102,108,114,119,122,125,140,145,152,158,165,169,174,180,196,200,207,208,228,237,244,250,255,257,259,262,269,294,295,296,321,325,337,338
59:10,11,24,26,38,40,44,45,46,48,57,158,63,68,75,83,90,102,107,110,117,124,130,133,135,166,182,186,191,198,234,240,252,253,255,256,265,267,272,274,281,287,289,293,307,317,320,323,330,331
60:1,2,6,17,26,28,29,33,39,53,54,57,77,61,93,96,99,118,123,125,132,136,147,148,149,158,162,171,190,211,212,213,225,229,238,239,240,242,254,264,268,275,289,291,304,314,319,321,325,331,337
61:9,22,41,54,57,60,319,64,80,88,92,99,104,106,113,115,123,134,146,150,152,153,155,171,178,188,189,197,208,211,213,217,229,238,246,257,265,267,270,275,279,282,283,289,295,302,313,314,317,318,323,324,330,337
62:3,4,7,13,19,23,24,27,33,40,41,48,54,167,73,87,89,95,103,109,110,116,118,119,126,137,139,163,164,166,173,179,190,194,196,204,213,220,226,228,235,242,245,269,275,276,289,290,293,302,308,310,313,314,315,316,322,326,327
63:6,9,12,16,23,29,37,41,59,99,64,66,72,78,89,104,110,117,120,136,147,156,159,173,179,197,201,202,208,212,213,222,223,225,237,247,255,256,257,263,265,271,275,277,284,286,289,291,295,298,311,312,319,334
64:7,20,21,25,31,33,35,51,61,63,264,67,76,77,85,92,94,104,129,143,149,151,159,164,176,178,179,184,197,206,218,221,235,260,273,275,294,303,305,331,336,338
65:7,9,14,25,26,27,28,29,33,39,42,218,66,71,73,74,76,82,88,95,98,101,104,115,124,141,146,158,168,185,188,189,196,198,202,206,207,211,215,217,220,224,231,237,241,254,257,258,266,269,275,276,283,286,287,290,303,315,316,317,322,327,335
66:0,4,11,21,27,30,31,34,38,41,43,45,46,57,63,65,255,72,73,93,100,119,120,122,124,129,132,135,137,143,150,160,166,172,175,177,181,182,196,199,208,214,218,222,225,226,232,245,249,259,260,273,274,281,292,309,310,315,321,324,325,326,329,332
67:0,14,31,36,37,54,56,64,198,70,73,75,77,81,83,84,96,97,98,101,102,114,120,121,124,132,135,139,141,142,144,152,157,162,164,171,175,177,183,186,187,196,199,201,209,211,213,217,225,226,227,237,248,250,255,261,267,279,281,284,298,301,304,305,314,316,322,324,329,331,334,335,339
68:5,8,14,16,18,21,24,27,39,41,45,49,59,328,95,98,103,107,113,141,160,165,168,175,187,196,203,211,219,221,234,236,239,243,244,250,251,254,272,280,282,293,315,320,330,332,334
69:9,11,20,21,30,31,33,34,37,38,42,46,303,74,78,80,82,90,97,111,115,132,133,136,143,146,149,158,160,167,168,170,179,195,199,203,213,215,217,220,232,234,239,240,245,248,249,251,253,261,262,265,267,271,273,279,298,299,300,308,314,320,330,332
70:1,2,6,13,19,20,21,24,27,33,39,40,51,67,268,73,78,82,89,99,104,106,108,110,113,122,124,126,128,131,148,150,167,175,176,178,182,186,187,188,189,191,195,196,215,216,239,248,269,271,275,316,320,321,325,333,336
71:1,2,9,17,28,30,31,32,35,36,37,42,49,52,55,58,65,117,72,81,82,86,90,101,102,105,124,127,129,130,134,147,152,168,170,172,174,176,205,221,222,232,245,248,253,257,263,264,265,280,281,285,286,290,293,296,298,301,304,309,328,334
72:0,3,10,17,21,22,26,29,34,35,38,42,63,66,71,113,76,80,84,91,92,93,100,102,117,121,135,136,142,145,149,151,159,162,167,169,173,183,185,187,189,195,202,205,211,214,216,227,230,235,265,273,278,288,294,295,307,311,312,319,321,323,325,335
73:2,4,5,6,9,11,19,24,33,41,42,43,45,55,62,65,66,67,70,245,76,79,85,92,97,99,100,103,106,107,115,116,120,153,156,160,163,169,174,177,185,186,189,190,204,209,211,216,221,231,238,239,243,255,273,280,291,293,300,302,313,318,327
74:1,13,19,26,34,44,48,65,69,236,77,82,84,85,99,100,101,112,115,125,143,146,153,154,156,163,165,167,187,208,211,215,223,227,235,252,253,256,262,264,266,272,275,283,292,295,297,304,317,320,321,322,332
75:38,45,56,58,59,67,300,81,82,89,107,108,117,122,126,133,137,138,139,149,155,165,170,174,184,188,209,215,220,227,234,237,248,249,250,260,265,267,272,274,281,288,289,294,295,299,303,309,310,311,314,329,333,334,335,336
76:12,15,22,30,35,36,55,57,64,65,72,73,275,83,84,85,87,88,91,96,106,107,111,125,126,133,141,147,153,156,158,160,163,167,168,173,179,187,200,202,203,211,213,221,225,228,235,249,252,257,260,264,272,282,283,290,299,302,303,319,328,338
77:7,8,11,12,15,17,19,28,34,41,45,49,51,60,64,67,74,218,86,89,94,95,115,128,135,137,146,152,159,171,175,181,186,189,197,199,205,223,224,238,243,255,267,279,285,286,308,322,323
78:11,14,19,21,26,33,39,50,52,58,63,69,70,213,80,90,96,98,109,115,124,126,130,135,141,142,152,159,161,175,184,185,188,192,193,196,199,210,232,237,250,253,261,274,286,298,313,315,319,321,323,332
79:13,21,29,30,31,35,39,44,53,58,73,226,84,94,103,110,112,113,115,120,129,137,139,147,149,156,158,159,163,164,166,169,175,187,188,195,196,197,206,211,213,217,221,234,268,271,278,285,298,313,323,325,329,336
80:11,20,42,44,45,50,57,61,69,72,78,242,83,92,98,100,105,114,117,119,121,129,135,138,156,161,162,174,184,191,198,200,205,211,224,236,247,251,255,275,277,285,287,290,296,297,300,301,303,317,319,329,331,334,338
81:0,2,31,34,36,37,39,40,44,50,52,67,71,75,105,85,90,94,95,96,97,107,114,116,117,124,133,147,150,155,157,164,165,170,171,179,180,182,186,200,201,205,206,210,211,212,213,214,220,222,225,226,227,229,231,237,248,253,254,255,256,260,261,264,295,296,305,308,314,319,321,324,327,329,334,339
82:0,9,17,18,21,22,29,31,38,46,57,65,69,70,71,74,75,103,83,91,101,105,108,116,123,128,135,143,149,153,154,158,178,183,192,208,210,212,221,224,226,231,233,234,236,258,261,268,270,275,278,279,306,309,314,317,318,320,331,337
83:3,8,10,17,24,26,38,44,45,46,53,54,56,59,67,76,80,82,97,115,118,122,132,138,140,144,151,152,163,165,166,167,173,182,186,190,196,197,202,207,208,209,213,216,225,241,247,251,260,264,272,278,279,287,292,298,303,304,305,323,324,327,329,334,335
84:12,23,28,43,49,55,67,72,74,76,79,125,92,97,104,112,120,124,136,137,141,148,156,171,182,184,190,206,209,214,219,222,246,249,260,270,272,276,288,291,293,295,298,305,311,313,319,325,329,331,333,334
85:2,10,20,41,48,54,57,64,73,74,76,81,116,87,117,118,119,133,135,136,139,148,151,162,164,170,174,180,181,191,197,200,210,211,228,235,245,249,252,258,271,272,276,283,291,304,305,307,311,320,321,328,329,331,332,339
86:2,6,9,17,37,55,71,77,212,89,94,103,114,117,119,129,130,143,149,150,151,160,171,187,189,198,214,216,217,228,236,265,268,270,286,292,296,309,310,313,315,316,317,324,330
87:4,13,14,17,19,24,25,28,37,50,52,62,76,85,134,93,103,112,128,154,169,174,185,190,191,196,197,220,224,228,229,232,242,260,268,270,273,280,282,284,287,297,301,304,305,306,315,316,317,325,330
88:0,5,6,14,15,18,20,33,37,39,40,46,55,58,61,65,76,302,92,99,101,104,105,111,119,122,127,141,149,151,161,181,182,183,184,186,214,215,221,222,229,233,235,242,244,245,249,251,252,260,275,278,279,282,288,298,304,320,328
89:0,2,3,5,15,16,20,26,42,44,45,46,57,62,63,70,75,77,86,99,105,132,133,135,140,141,142,149,161,167,173,192,202,203,205,207,208,212,226,232,243,245,248,250,253,256,260,265,268,272,274,275,277,280,283,298,300,302,303,307,324,326,328
90:0,2,5,7,8,11,14,16,22,23,27,29,31,36,41,46,49,55,57,59,69,71,78,81,110,97,98,101,106,108,112,113,114,117,121,124,130,134,137,148,151,159,161,164,169,182,194,195,200,203,215,225,226,228,234,245,248,270,271,276,285,296,298,303,304,307,313,316,317
91:4,5,9,12,17,23,40,48,49,51,56,72,76,82,224,98,100,114,115,119,124,129,133,135,149,151,156,164,174,179,187,194,205,212,215,219,221,234,245,246,255,257,268,269,271,273,278,282,292,299,311,319,332,339
92:9,10,11,17,24,33,34,46,61,64,72,73,80,84,88,208,98,107,114,132,134,136,137,142,143,150,156,158,159,172,174,177,184,191,202,203,207,213,215,223,227,232,235,237,244,246,249,258,261,274,276,281,294,298,306,322,323,337
93:6,17,22,24,31,35,44,60,66,72,87,105,106,108,111,119,121,130,131,136,145,149,161,162,176,178,184,204,205,207,208,214,221,233,236,237,238,239,242,245,260,263,265,267,268,269,277,287,295,296,323,324,326,330,335,336,339
94:22,28,44,45,51,64,77,79,81,86,281,108,114,117,124,129,144,152,154,157,160,161,162,169,171,172,174,187,213,214,215,217,219,223,230,231,232,250,253,254,255,264,273,296,300,302,304,323,326,328,332,335,336,338
95:0,7,9,13,18,26,44,49,50,52,62,65,68,77,81,317,101,104,106,110,112,115,119,138,139,148,149,154,158,164,168,174,185,189,191,192,201,207,212,213,235,241,246,254,273,286,298,309,310,311,319,321
96:1,7,8,10,13,17,25,27,28,29,31,36,60,67,76,78,81,267,98,101,119,121,123,125,130,134,143,148,149,151,152,154,156,159,164,167,174,177,178,181,184,204,212,213,218,225,229,232,234,236,242,243,244,245,249,250,255,263,273,274,276,285,293,300,301,313,316,332,336
97:0,1,9,17,37,48,49,67,69,73,81,83,84,90,175,100,117,128,132,137,139,154,158,160,165,166,185,195,203,204,219,227,229,230,231,232,251,263,268,269,273,274,276,283,302,303,312,318,324,329
98:5,9,11,18,22,26,37,38,42,55,65,67,68,78,80,90,91,92,96,173,99,103,108,126,129,132,138,141,147,151,156,158,171,183,187,191,196,217,218,221,223,227,231,245,258,270,283,285,298,304,306,307,310,313,316,318,325,327,330
99:2,16,18,25,35,41,48,52,53,57,60,61,63,70,73,74,88,89,98,198,101,105,116,125,126,131,137,143,144,146,148,154,157,158,159,162,171,182,184,190,197,200,211,212,219,228,233,243,258,259,270,300,305,307,311,321,330,337,339
100:6,9,16,17,18,23,28,32,34,36,39,50,51,56,66,72,73,74,80,91,97,203,104,125,146,164,170,172,180,182,187,196,202,204,207,208,216,223,225,230,249,255,256,273,284,287,289,291,296,298,299,309,312,316,317,326,329,335,337
101:1,2,21,29,44,50,54,58,65,67,71,74,82,88,90,95,96,99,220,104,106,110,111,126,132,136,137,146,147,150,152,153,164,166,170,172,179,181,190,192,200,206,207,210,222,229,230,232,237,245,248,250,251,253,254,263,273,284,296,299,309,315,317,323,327,329,331
102:5,12,17,23,26,34,37,40,41,47,51,56,58,59,67,71,72,240,103,104,128,138,146,148,150,174,179,184,185,186,200,211,212,215,216,223,244,270,281,284,293,295,296,297,299,305,312,314,322,334,339
103:0,4,5,12,18,20,21,25,27,29,35,37,44,48,62,68,73,79,82,86,87,98,102,274,104,105,112,125,131,133,142,149,151,160,167,171,177,179,196,197,234,240,268,283,285,287,291,294,303,308,312,319,335
104:4,6,11,12,13,14,24,40,41,43,51,52,54,61,63,64,65,70,84,88,95,100,101,102,103,332,108,136,140,141,146,148,151,156,162,168,185,186,191,194,206,210,211,229,238,247,263,271,274,275,286,307,313,324,335,337
105:1,4,13,27,30,36,44,52,57,71,80,81,82,88,89,93,99,103,127,108,109,115,117,146,147,153,160,174,192,204,208,215,219,220,242,250,251,252,253,255,259,269,279,281,282,286,291,293,296,305,307,309,311,318,328,332,334,335
106:9,19,20,25,33,35,42,52,57,61,70,73,76,90,93,95,101,334,108,119,120,125,128,143,153,154,164,169,176,178,188,196,200,201,205,220,235,243,244,250,263,282,283,287,297,298,303,313,317,322
107:5,20,24,36,54,57,59,68,73,75,76,81,92,280,109,127,130,137,141,142,144,145,146,147,152,153,161,174,193,206,210,216,219,222,226,238,243,249,257,260,262,264,268,269,291,293,298,303,308,311,333,335
108:5,10,14,18,20,33,34,47,54,58,70,75,82,90,93,94,98,104,105,106,132,110,113,121,136,148,151,160,161,179,182,186,203,207,210,213,218,229,233,239,251,256,271,272,281,284,288,289,291,302,308,330,332,338,339
109:3,6,9,10,35,40,43,57,62,78,105,107,314,123,131,133,135,140,145,146,155,157,164,171,176,183,185,186,187,189,199,217,218,226,229,242,252,256,258,267,272,282,291,293,300,311,320,322,326,339
110:0,6,17,26,27,30,35,37,45,46,49,54,59,62,63,70,79,90,95,101,108,289,111,127,135,137,140,141,143,149,151,160,164,165,166,171,174,180,184,191,201,212,214,215,218,220,236,241,252,258,272,275,277,280,283,284,298,302,319,325,326,331,335
111:1,9,17,22,34,37,40,51,56,57,69,76,88,93,101,110,216,114,119,121,135,146,153,154,160,174,175,185,192,195,204,205,223,229,230,231,232,238,252,254,257,259,261,263,266,288,300,302,303,313,320,322,324,329,330,331,335
112:31,44,45,74,79,84,87,90,95,103,237,115,117,127,130,166,168,169,170,173,175,195,207,239,253,257,259,260,261,271,272,277,293,297,300,302,303,304,328,329,330,331,335,336
113:15,26,27,32,37,38,52,56,61,68,70,72,79,90,108,239,116,123,131,132,135,144,156,160,161,163,166,168,172,174,187,190,202,209,211,213,218,228,230,231,234,235,243,244,255,257,259,274,283,291,295,299,304,314,321,326,337,339
114:4,7,13,47,48,58,67,80,81,86,90,91,92,94,111,242,116,117,118,127,129,136,144,151,175,177,180,182,188,209,216,219,223,231,232,241,254,262,267,270,276,277,281,285,290,294,304,306,310,312,320,329,333
115:3,9,23,25,30,36,37,49,52,57,61,65,69,73,74,77,78,79,83,91,95,105,112,192,121,122,124,126,130,136,140,141,145,152,163,165,179,190,195,198,204,205,208,213,214,216,224,228,233,234,237,238,239,240,246,255,261,270,281,288,290,291,297,301,306,311,316,324,327,330,331
116:4,6,23,27,29,32,34,37,38,40,55,57,62,73,81,82,85,99,113,114,265,138,148,174,181,189,190,204,210,219,220,225,229,234,235,236,238,241,243,246,259,260,264,270,276,288,290,291,296,307,310,314,322,332
117:0,2,6,13,18,19,21,25,29,42,47,54,59,63,71,72,75,80,81,85,86,90,94,97,105,112,114,254,120,125,130,132,138,139,148,150,156,162,183,184,186,188,199,201,205,209,214,220,239,245,256,258,259,262,274,276,277,280,282,284,305,307,308,310,333
118:1,14,19,22,24,37,44,47,49,60,62,83,85,114,134,128,135,149,155,160,164,165,168,202,209,211,213,218,219,224,238,241,244,260,270,275,298,300,302,313,324
119:1,9,13,19,24,30,36,38,41,53,58,62,66,80,85,86,88,91,93,95,96,106,111,172,120,134,139,142,147,151,155,170,179,180,183,194,198,204,209,215,223,234,235,251,263,282,286,296,305,321,325,332,339
120:0,2,7,8,21,33,34,37,52,54,57,63,66,67,73,79,84,106,117,119,273,124,132,135,142,144,145,147,150,157,161,162,166,170,173,178,182,189,192,200,202,203,217,228,230,233,238,249,250,257,259,263,266,268,270,272,297,317,319,321,330,332
121:0,20,23,33,49,54,67,72,80,90,93,96,108,111,115,297,123,129,136,137,144,149,158,160,161,164,179,183,187,189,195,205,206,207,209,211,215,221,222,227,231,239,240,242,243,244,246,256,260,261,266,270,277,278,280,281,286,290,303,314,320,321,327,328,329,331
122:11,15,16,28,33,58,66,70,75,83,88,115,277,126,129,140,155,166,167,172,173,182,183,202,206,207,209,216,219,224,227,232,234,237,247,252,254,266,270,272,273,288,303,310,311,313,314,315,317,322,337
123:1,4,5,9,11,15,23,45,54,60,61,82,96,109,113,121,270,127,140,143,156,161,162,172,176,178,184,201,213,228,229,249,255,256,266,274,278,281,289,296,320,332,333
124:11,12,18,19,23,24,26,27,34,35,42,53,57,59,65,66,67,70,71,78,81,84,90,91,94,115,120,188,136,146,153,162,165,179,183,187,198,212,213,217,230,237,239,241,255,257,274,284,289,307,310,321,325,333,334
125:1,11,12,16,22,28,31,44,47,55,58,60,74,76,84,96,99,100,103,106,117,199,130,132,140,148,149,167,179,184,195,197,207,216,233,235,239,247,254,255,264,266,268,272,290,292,295,298,313,317,329,335
126:5,14,17,27,36,40,43,62,70,75,76,78,98,99,101,115,122,139,138,141,142,146,155,162,164,170,177,182,186,188,189,191,195,200,202,230,233,234,242,245,248,251,272,276,299,300,314,322,326,332
127:0,5,12,14,18,25,27,28,29,36,40,43,44,53,54,71,88,105,107,110,112,114,123,213,129,137,145,150,154,156,159,161,168,173,182,183,184,190,200,202,215,230,231,236,241,245,247,253,254,256,266,285,291,293,296,301,306,311,321,329,330
128:0,5,13,18,20,26,39,43,70,77,82,87,97,102,106,118,136,139,142,160,163,165,167,170,172,174,179,180,182,186,191,192,194,196,202,204,214,219,221,223,232,239,240,250,262,271,275,284,292,295,296,301,314,319,321,339
129:10,12,22,24,25,26,32,45,52,64,66,71,79,80,86,91,94,98,114,121,122,127,277,130,134,137,139,155,162,163,173,174,176,178,183,189,190,191,206,209,212,220,221,240,245,252,253,274,276,281,303,311,319,327,329,336
130:2,11,13,17,20,21,24,25,35,49,52,56,59,71,78,86,90,93,96,107,112,115,117,125,129,202,137,140,144,152,167,168,171,175,215,217,219,234,239,251,266,267,280,286,290,297,298,299,308,315,324,331,334,336,338
131:0,1,12,15,24,31,34,35,55,70,93,99,103,109,113,258,133,141,150,155,157,163,167,168,172,176,186,187,196,197,211,212,213,218,219,222,227,229,232,235,242,253,265,266,287,297,307,309,313,331
132:0,5,7,18,26,29,31,32,36,40,41,47,48,60,66,67,69,83,89,92,97,98,101,108,113,117,120,125,310,161,169,179,180,183,185,196,200,204,208,218,226,233,237,245,251,253,266,273,274,275,278,281,290,292,300,306,307,324,330,333
133:23,25,37,44,45,55,57,59,69,75,76,81,85,89,91,103,109,131,173,137,148,165,168,175,176,177,194,196,210,217,233,237,244,257,259,262,267,268,278,289,291,313,316,332,337,338
134:8,12,21,24,28,29,36,51,56,61,71,87,90,92,96,118,119,129,206,138,139,144,147,157,158,162,168,170,180,186,193,209,217,222,233,246,248,249,252,263,278,281,308,310,314,322,337
135:11,18,28,29,33,43,46,53,57,59,66,67,72,77,78,80,82,85,89,91,109,110,111,113,118,120,264,137,139,140,144,148,161,163,174,180,187,192,193,198,204,206,215,242,246,250,254,262,263,284,287,301,310,319,320,323,339
136:15,18,23,32,35,42,46,57,60,63,69,72,84,85,92,93,101,104,108,114,115,121,124,128,182,142,145,147,150,154,156,158,164,172,174,176,181,187,188,190,192,204,207,211,216,223,226,233,236,237,239,261,267,268,280,282,283,285,297,298,321,322,329,333,336
137:2,3,12,15,20,21,24,27,34,49,54,55,57,62,66,75,77,79,84,90,92,97,99,101,107,110,121,127,129,130,133,135,294,153,166,171,172,182,184,186,194,196,201,213,225,231,232,236,239,246,254,257,264,280,292,310,312,321,326,328,332,335,339
138:8,10,12,16,21,31,35,46,47,48,49,75,80,83,95,98,102,116,117,126,134,184,141,143,167,168,169,174,194,226,233,236,240,245,250,253,255,261,265,277,283,286,292,298,311,328
139:4,15,19,22,24,28,38,41,43,44,46,52,62,67,75,79,85,95,97,117,119,126,128,129,134,135,248,145,163,167,171,184,188,189,204,208,227,236,258,261,263,270,285,288,289,297,305,311,324,330,331
140:0,4,7,10,17,20,30,32,40,48,51,57,58,83,89,104,109,110,115,122,123,125,130,135,248,143,148,152,154,159,165,175,194,199,206,210,223,228,229,237,244,252,255,273,275,284,286,288,298,309,320,331
141:2,13,14,28,29,30,31,36,47,49,52,56,65,67,68,76,78,84,88,89,98,104,107,110,115,126,131,138,283,146,149,155,160,162,168,169,172,175,176,194,198,203,206,213,220,230,231,236,238,245,248,250,253,254,255,262,270,280,289,299,315,321,323,332
142:4,9,11,14,19,20,26,32,42,51,67,72,78,89,92,103,107,119,120,126,128,136,309,145,162,174,179,182,183,190,192,208,218,220,223,234,237,250,255,256,261,262,267,271,274,293,297,302,306,307,308,332,334
143:12,14,18,22,23,29,36,38,49,54,57,64,66,69,74,82,86,92,96,99,106,110,123,138,140,334,145,147,148,153,155,158,178,190,195,200,202,209,218,220,222,253,260,265,277,278,290,296,305,311,316,325,331
144:11,14,19,20,24,28,36,38,40,43,44,46,50,54,57,67,83,94,99,107,113,114,120,121,130,134,135,219,153,157,159,166,168,170,171,184,186,194,200,201,209,220,223,244,245,256,264,273,283,287,289,293,299,300,305,306,337
145:0,1,4,15,19,24,30,32,33,42,46,58,72,93,107,109,115,120,127,136,139,142,143,291,147,148,155,156,159,161,166,186,187,191,194,208,224,226,233,236,238,240,243,249,256,267,278,279,296,308,310,317,321,323,332,333,338
146:5,11,20,25,36,38,57,61,65,69,74,77,99,100,101,102,104,105,107,109,111,124,126,141,181,151,152,158,160,179,184,187,191,197,208,214,225,230,234,236,238,240,247,252,254,260,264,269,276,280,281,284,288,301,313,325,333
147:11,14,15,22,25,32,37,38,44,60,63,71,76,79,81,98,101,105,107,119,120,134,136,143,145,303,161,166,170,176,179,199,202,207,214,220,222,227,232,237,260,261,264,266,268,292,298,305
148:1,9,13,19,20,23,28,32,45,47,53,55,60,70,84,85,90,95,96,99,102,104,108,116,117,125,133,135,140,143,145,231,149,152,164,168,177,183,194,199,207,211,213,216,220,221,222,229,263,294,299,301,308,313,314,317,320,321,323,327,334
149:2,6,8,16,23,25,42,46,51,60,64,69,72,75,79,82,86,88,89,91,93,95,96,103,110,118,121,125,141,148,225,155,156,158,189,197,199,204,207,208,210,211,214,215,218,220,222,230,233,252,260,264,275,276,279,291,298,315,320,323,324,332
150:1,11,12,13,17,19,21,22,30,38,43,56,61,66,70,81,86,92,101,102,117,120,127,131,136,179,152,153,154,159,161,165,172,188,190,207,210,213,216,218,227,236,237,238,242,246,254,263,271,281,287,297,310,317,318,320,333
151:4,6,11,14,26,27,29,30,38,42,43,45,64,72,83,85,86,88,90,91,96,98,103,104,108,110,114,119,146,244,157,160,175,189,190,191,192,211,219,225,240,242,247,248,249,253,254,255,258,268,269,274,280,283,288,294,295,308,309,312,319,339
152:6,17,27,33,40,53,58,61,67,71,77,78,83,94,96,101,107,115,130,140,146,148,150,318,157,168,170,174,189,190,193,199,201,213,216,219,229,237,243,253,258,268,274,279,284,288,295,300,311,327,338
153:6,7,9,15,26,30,37,45,53,55,61,73,74,76,82,101,105,106,107,111,124,137,143,144,150,182,160,193,195,208,212,213,215,223,229,242,246,252,255,257,258,263,269,277,287,293,308,314,317,322,328,338
154:7,14,20,28,39,40,41,44,74,82,87,94,95,96,97,99,106,111,127,136,140,150,264,157,159,169,173,182,190,193,198,205,213,220,222,232,235,236,238,239,242,247,258,259,261,269,271,277,281,289,293,295,301,303,304,313,317,320,323,325,327
155:13,32,34,40,42,43,61,75,81,109,118,119,122,126,129,131,141,143,145,149,310,156,157,161,164,166,170,183,187,190,195,198,199,203,206,220,222,226,228,231,238,239,240,243,250,258,271,272,278,279,289,295,302,307,327,332
156:2,4,12,16,19,28,31,32,45,47,54,63,73,74,76,79,80,84,91,92,96,98,104,113,117,123,127,136,145,149,155,189,167,168,174,175,182,193,194,195,199,200,202,211,215,219,221,226,229,231,236,239,252,253,262,270,278,280,288,290,301,308,321,324,325,327,336,337,339
157:0,10,18,20,28,29,35,38,41,42,43,51,67,81,94,99,109,120,131,134,144,151,152,154,155,236,158,161,163,164,181,184,186,187,189,195,196,203,216,222,226,234,249,252,254,255,261,266,283,296,298,311,314,321,324,327,329,339
158:6,21,50,53,56,58,59,60,65,69,76,79,82,92,95,97,98,99,121,134,136,143,146,149,157,239,160,161,166,167,188,196,221,226,227,238,242,243,268,277,278,282,285,286,293,295,298,313,315,319,327,333,337,338
159:7,24,29,34,57,63,64,72,77,78,79,90,92,96,99,127,140,144,145,150,154,318,164,175,184,185,189,197,211,213,218,220,225,230,239,244,254,274,281,282,288,293,295,299,302,304,305,312,316,331,336,339
160:5,10,11,23,25,27,32,33,40,45,49,66,68,69,73,76,86,94,97,103,105,108,110,111,113,118,121,128,141,146,151,153,158,177,168,178,184,197,207,208,214,216,218,219,222,236,244,254,259,267,274,275,276,287,290,293,305,329
161:3,6,8,15,19,29,57,78,80,88,89,90,93,94,107,108,113,120,121,123,127,132,135,145,147,150,155,157,158,280,186,192,203,207,229,231,240,253,257,269,270,285,286,290,307,313,316,317,327,331
162:3,13,15,19,27,28,30,31,32,33,35,39,44,47,50,56,60,67,72,80,85,93,94,99,104,117,120,123,124,126,129,134,141,142,204,169,176,178,179,183,184,194,197,211,213,230,232,238,241,245,250,252,257,264,268,279,283,298,308,315,326,328,332
163:17,25,26,27,34,54,56,62,73,74,76,79,83,113,115,128,129,131,135,139,157,211,178,180,182,186,189,204,210,212,215,217,226,229,234,239,241,247,253,261,266,271,290,299,304,306,315,316,318,320,321,337
164:1,28,35,42,43,48,51,52,62,64,67,79,81,85,90,91,95,96,100,101,106,109,110,118,121,126,136,148,155,157,159,314,174,178,182,184,185,186,189,192,196,197,202,204,211,218,237,249,253,255,262,271,273,279,280,285,286,287,292,293,315,320,322,333,334
165:7,9,18,26,37,40,41,46,58,68,74,75,81,83,97,110,115,118,124,128,133,140,150,294,169,182,184,188,192,197,201,203,206,208,220,222,224,234,235,242,248,254,256,261,264,265,271,274,297,299,305,306,310,316,318,321,330,332
166:5,21,31,37,39,46,49,59,62,66,79,83,97,101,110,112,113,120,122,137,144,145,147,155,158,333,196,202,204,208,215,221,227,230,231,243,248,250,259,260,261,264,268,277,279,280,284,289,290,317,329,331,336
167:0,7,8,9,13,14,15,20,22,25,28,29,30,35,42,46,53,54,62,69,70,72,74,76,83,89,96,103,122,125,128,130,131,138,139,156,158,212,169,177,182,187,192,195,198,199,224,231,232,242,244,256,263,267,280,281,288,296,305,306,319,327,329
168:5,7,9,25,26,27,31,32,35,38,45,57,65,68,69,71,76,95,104,112,113,118,127,130,131,133,134,138,141,144,148,152,156,160,246,170,174,175,181,184,198,199,208,210,212,224,228,248,251,266,270,274,287,290,295,306,313,314,325,327,331
169:1,2,3,11,12,13,18,20,21,25,30,34,35,42,57,58,72,73,79,87,90,94,106,112,132,138,141,154,162,165,167,334,176,182,183,187,195,196,199,201,207,212,215,218,239,252,253,255,262,263,264,266,267,268,276,283,308,316,323,324,335,336,337
170:2,9,16,25,31,45,50,69,71,75,81,85,100,101,112,119,120,126,128,134,144,147,152,155,168,187,180,189,191,193,196,198,199,207,214,219,221,225,227,231,243,247,251,253,256,274,275,276,291,305,309,310,316,322,330,335
171:1,2,7,13,15,26,27,41,43,44,46,48,50,56,60,61,67,77,81,84,86,94,98,99,103,109,110,130,137,139,144,271,187,192,198,200,211,223,233,237,250,257,262,277,282,283,285,288,289,291,293,302,303,305,311,314,321,327,329,331,338
172:5,12,18,23,29,35,40,52,55,66,71,92,94,100,101,113,119,122,123,128,131,136,137,141,150,275,175,178,179,181,182,190,210,214,218,219,221,223,224,226,228,230,232,233,240,243,244,245,251,263,266,268,280,288,296,301,306,308,319,322,326,333,338
173:4,17,27,42,51,62,63,72,76,83,89,98,112,120,122,127,129,133,154,308,176,183,188,197,210,218,223,233,234,236,237,242,263,265,272,273,277,278,284,285,291,301,317,322,323
174:3,5,12,34,40,41,47,58,71,73,75,80,85,87,91,92,94,95,96,102,105,107,110,111,113,116,128,129,135,136,138,142,152,156,164,168,247,176,179,180,183,188,191,207,211,212,213,218,225,232,234,236,244,248,250,252,254,260,263,264,265,267,276,282,286,294,300,303,304,319,325,327,331,334
175:2,7,9,12,15,22,26,39,42,47,48,52,54,66,67,68,70,77,78,79,97,111,112,114,130,133,140,141,151,156,159,168,172,306,181,184,192,193,199,201,203,213,225,227,228,246,255,259,266,269,273,274,276,279,291,292,302,310,324,329,337,339
176:5,14,19,30,31,38,39,40,45,47,49,64,70,71,93,106,109,123,129,131,133,136,141,147,162,169,173,174,278,182,186,187,195,203,205,212,213,218,225,227,232,237,244,246,249,255,257,260,272,288,291,310,311,321
177:10,13,14,15,28,44,53,56,66,67,73,92,96,103,114,126,133,148,160,167,229,179,184,189,190,197,200,204,226,230,238,241,242,243,244,249,263,265,268,269,290,295,301,304,307,309,316,318,320,324,327,334,335
178:0,5,10,20,29,34,38,44,49,61,64,70,82,93,96,106,120,123,129,143,160,162,163,164,172,330,189,192,201,203,204,209,210,211,220,223,226,230,231,241,248,252,254,260,264,274,281,285,288,289,291,301,302,305,306,328,333,336
179:10,11,18,19,21,29,41,45,51,52,55,57,62,63,64,69,76,81,91,101,102,103,108,115,119,121,124,125,128,132,142,146,147,150,162,172,174,177,202,184,186,188,194,204,206,208,221,222,230,231,232,239,240,246,254,266,273,276,300,307,308,317,325
180:4,15,17,32,58,81,85,100,110,114,119,128,132,134,135,163,170,174,209,190,191,193,194,199,204,213,215,227,228,231,240,245,260,261,263,273,282,287,293,296,299,322,330,333,339
181:9,18,20,24,26,27,29,32,35,38,45,49,50,52,57,66,77,85,88,96,101,116,136,146,157,168,172,175,320,182,184,186,190,194,195,199,211,229,239,244,245,250,262,273,275,285,290,291,303,305,306,309,326,328,329,330,337
182:3,8,21,27,28,29,30,31,33,54,59,66,70,81,83,84,88,90,99,100,108,114,120,122,126,127,128,136,137,142,153,154,156,163,164,165,167,169,172,176,181,183,188,190,204,208,215,221,227,231,240,245,246,252,253,259,260,262,264,283,292,294,297,298,300,301,311,326,329,334
183:0,17,26,27,38,46,53,67,72,82,88,98,109,117,119,121,122,124,127,129,132,142,148,155,162,169,173,174,182,196,187,193,195,204,210,212,237,243,248,271,283,290,293,294,298,309,311,318,321,322,326,330,339
184:2,9,13,18,25,31,50,64,75,78,80,84,88,92,93,96,99,102,110,117,123,125,127,137,138,139,144,146,157,159,160,162,164,165,168,175,177,179,181,243,185,196,199,211,214,219,231,232,236,247,253,256,262,268,269,284,285,294,298,308,311,316,324,338
185:4,8,9,15,16,21,22,29,35,37,43,65,72,73,78,87,95,97,102,104,109,111,132,159,164,184,248,201,215,216,217,222,230,231,246,247,261,279,284,286,290,292,293,296,298,302,306,310,317,320,321,328
186:0,3,4,14,15,16,17,32,35,59,67,70,73,77,81,83,88,102,104,108,109,117,126,128,131,134,137,144,145,157,161,163,164,176,179,181,237,188,197,210,213,219,220,225,230,245,246,248,253,254,256,259,260,286,291,302,303,317,325,328
187:19,21,36,37,41,48,49,52,56,67,68,70,72,74,76,79,86,91,94,98,100,109,113,121,124,131,135,136,145,146,155,157,167,169,170,171,176,183,333,195,196,202,203,206,211,213,240,250,257,259,260,270,271,272,276,278,279,282,286,295,296,303,314,317,318,329,336
188:0,5,8,13,16,29,36,39,43,53,54,56,61,65,70,75,78,79,106,114,117,124,126,136,139,150,158,165,173,174,179,182,186,262,189,200,207,209,226,227,245,246,248,265,267,274,280,290,291,296,303,309,310,322,326,328,334,337,338
189:0,9,10,11,13,17,18,23,33,34,36,37,47,49,50,61,65,70,72,73,77,86,95,109,116,120,121,126,129,139,149,151,152,156,157,159,163,164,170,177,178,188,252,193,199,200,203,206,208,209,211,223,227,245,257,261,262,267,268,282,287,295,300,306,309,310,313,315,328,334,338
190:8,26,28,29,30,33,34,35,37,43,53,60,62,73,83,84,87,99,101,113,115,116,127,129,136,142,143,150,151,152,154,155,172,177,180,181,182,296,191,192,193,195,203,209,219,221,231,246,252,253,264,267,275,279,281,287,292,297,298,309,311,322,324,330,333,338
191:2,8,15,20,43,44,46,53,59,70,80,85,87,92,95,98,104,110,126,128,129,145,146,151,170,174,180,190,208,193,203,205,213,218,220,224,228,236,239,247,250,251,260,270,274,293,307,308,309,311,312,331,335,338
192:4,16,18,23,27,28,30,34,41,47,52,78,82,89,95,101,105,111,115,120,128,135,136,142,151,161,164,165,167,171,175,178,190,205,193,194,201,207,211,223,230,231,232,241,252,259,260,262,277,286,307,313,322,329,332,333,336
193:6,21,22,26,32,34,38,78,107,134,135,152,153,154,156,170,175,180,183,189,190,191,192,326,204,208,209,216,220,225,233,236,241,250,252,254,256,267,275,282,283,291,298,302,304,310,311,312,313,329
194:9,10,15,16,23,33,36,47,53,62,90,91,104,119,128,133,137,138,140,141,144,145,148,156,162,179,180,181,192,213,201,230,231,233,235,236,240,245,252,253,256,258,264,269,272,298,301,312,320,327,328,335,339
195:2,5,9,14,16,19,29,34,36,38,39,47,51,53,54,69,70,72,79,90,97,111,112,115,121,125,126,143,153,155,156,157,167,169,176,181,183,187,190,250,200,209,210,211,221,223,244,254,256,284,290,299,302,321,328,332,335
196:5,10,17,20,39,44,46,47,48,57,58,62,65,66,67,68,70,78,79,83,87,98,100,103,106,128,131,132,133,137,157,158,164,166,169,170,183,184,187,311,210,212,213,215,218,220,229,235,244,245,261,276,283,306,309,316,323,326,328,330,336
197:1,5,8,11,12,17,22,28,50,51,61,63,64,77,79,83,85,87,99,103,125,131,146,149,159,160,162,164,165,173,177,186,216,201,202,204,211,212,217,227,278,286,288,293,308,312,337
198:0,2,5,9,11,21,32,33,38,49,53,55,57,59,65,67,80,86,99,115,119,124,135,141,154,155,167,168,170,171,291,203,204,217,228,231,234,237,257,262,269,270,278,279,287,289,293,301,302,303,304,318,321,322,332,333
199:6,10,23,32,45,47,52,66,67,69,77,78,109,117,125,140,147,148,149,152,155,156,167,168,169,170,175,180,181,184,189,218,200,201,205,213,219,239,240,262,264,269,273,277,278,284,286,287,289,293,296,297,302,312,320,321,322,325,326
200:1,3,6,21,22,29,31,37,49,58,76,80,81,85,90,99,101,102,106,120,126,127,132,143,144,156,171,177,188,189,195,199,246,202,209,210,222,226,238,241,249,257,295,300,310,317,319,326,328
201:0,1,2,5,9,16,19,34,41,44,47,51,53,63,67,81,95,106,110,117,123,137,144,152,165,169,175,178,185,192,194,197,199,214,212,226,233,262,263,267,269,272,280,293,295,298,300,302,309,310,325,326,331
202:13,31,32,37,43,50,57,63,65,72,76,83,89,92,100,113,118,120,122,126,127,128,130,143,147,156,164,166,179,187,197,200,249,206,212,213,217,219,233,237,246,253,259,267,277,295,298,299,310,311,320,323,332,333,337
203:0,2,9,12,22,24,26,54,68,69,76,89,90,92,97,100,108,120,141,155,157,161,165,175,176,178,187,189,190,191,198,300,207,209,212,254,263,266,267,275,280,291,293,294,295,301,303,323
204:1,2,8,9,10,20,52,57,62,73,93,96,97,100,105,111,115,116,119,128,132,135,136,139,149,162,163,164,166,177,178,179,180,182,183,193,197,198,290,222,228,232,240,241,250,256,258,265,271,281,288,293,294,303,312,314,317,319,330,333
205:5,10,12,19,28,29,36,47,50,53,71,72,77,80,81,89,91,93,106,111,115,117,121,154,176,191,192,199,280,216,219,222,231,233,239,243,245,252,254,273,278,279,281,287,288,290,297,298,313,315,326,333
206:0,3,4,9,10,17,23,39,40,50,52,64,65,79,81,84,101,104,107,121,122,129,134,135,140,141,155,165,179,187,189,202,232,212,213,214,225,236,237,239,240,241,244,246,254,261,271,272,279,281,282,286,289,296,298,310,312,315,329,333,336
207:2,8,9,10,27,29,30,31,32,33,43,48,57,58,65,83,89,92,93,95,100,101,108,112,121,122,125,136,147,148,149,150,160,161,169,170,174,188,192,203,233,208,209,210,216,221,223,224,232,240,242,243,247,254,263,270,271,275,280,281,285,288,290,300,302,307,326,331,335,337
208:1,9,13,16,24,28,30,32,37,40,45,58,61,63,66,74,82,83,89,92,93,100,105,115,132,139,142,145,146,149,153,160,165,166,168,179,182,189,191,193,207,238,228,245,252,256,257,260,280,282,284,300,301,312,317,328,331
209:7,20,36,39,42,44,52,67,73,75,83,84,113,114,117,118,119,121,122,129,134,143,144,178,180,188,189,190,193,195,200,203,207,329,219,227,232,237,246,250,261,263,267,272,278,288,297,305,310,312,313,316,319,325,328,338
210:3,5,6,8,15,23,49,78,81,82,85,101,104,107,108,116,133,140,149,150,163,168,172,173,178,183,186,195,196,200,207,252,211,212,218,220,224,227,229,231,235,236,238,243,256,259,261,264,266,270,286,293,298,307,313,316,317,334,339
211:1,6,21,29,32,33,42,50,60,61,65,67,68,72,73,74,76,79,80,81,85,99,102,104,113,118,121,131,136,148,149,151,156,159,162,163,164,171,174,178,181,184,187,189,192,195,197,210,282,213,215,218,225,242,243,246,247,248,255,263,265,266,275,277,285,293,294,304,314,319,325,330,335
212:11,24,43,56,60,63,81,82,86,89,91,95,96,99,102,110,124,129,131,153,163,167,168,169,174,176,183,196,197,201,202,203,206,210,242,213,218,219,220,228,235,236,237,238,241,243,245,246,250,263,291,294,298,312,318,321,323,324,326,329,335
213:3,5,7,8,11,15,17,23,26,27,30,34,36,43,49,51,52,55,56,60,61,62,63,67,69,76,78,79,81,83,92,94,95,96,108,113,115,118,123,124,127,131,137,141,148,150,152,153,154,159,162,174,175,176,180,186,187,191,194,196,199,202,206,211,212,251,216,219,225,229,231,233,241,244,261,267,274,280,296,308,312,317,320,325,331,333,339
214:12,17,21,27,33,35,36,44,45,50,51,66,72,81,84,86,88,93,94,110,115,117,128,146,147,149,160,170,172,184,201,206,261,217,223,255,260,263,269,280,282,284,286,295,306,309,315,316,335
215:10,16,18,23,25,35,51,53,57,65,69,70,74,75,88,90,91,92,94,102,105,110,119,121,127,130,135,149,153,156,163,166,169,180,182,185,196,211,306,224,230,234,236,237,240,241,243,244,246,247,248,250,252,262,263,264,270,272,280,297,298,321,326,328,329,330,334,336
216:15,17,21,24,27,39,41,51,55,70,72,73,83,86,100,102,107,111,114,115,122,125,136,148,150,152,157,160,185,193,197,205,207,213,221,229,236,240,248,254,264,275,290,307,311,313,316,324
217:19,24,29,30,32,34,35,39,44,48,54,57,61,65,67,69,79,86,94,98,109,120,124,130,133,134,163,185,197,198,202,214,308,221,224,228,229,245,246,252,255,256,265,284,287,310,317,321,328,334
218:9,15,16,25,27,44,55,64,65,66,77,96,98,108,109,110,113,118,131,132,142,143,149,150,159,160,164,169,172,173,174,176,191,196,199,210,211,212,312,219,236,262,274,290,291,292,295,296,300,301,304,305,309,315,317,318,328,333
219:0,3,15,19,23,37,40,46,50,53,68,84,91,94,97,99,105,107,114,116,118,122,128,130,131,144,151,152,156,160,170,172,184,186,190,199,202,205,209,212,213,218,304,223,228,235,238,243,248,252,257,261,265,266,270,281,282,298,303,305,314,338,339
220:5,6,41,62,65,69,75,81,87,101,105,106,110,116,117,129,141,142,143,144,147,148,149,154,155,159,165,178,186,191,193,196,210,212,228,227,239,252,253,254,255,259,261,262,266,274,278,287,298,311,316,329,330,336
221:2,5,13,32,34,39,40,49,52,64,68,71,73,76,79,82,88,91,93,98,121,128,129,148,156,158,166,170,172,179,182,190,195,207,216,217,331,228,232,233,236,254,258,259,264,266,294,296,298,301,313,321,324,336
222:5,9,14,17,20,22,24,29,41,46,63,66,71,81,84,88,101,107,121,131,134,143,147,148,149,154,155,157,160,165,179,185,200,204,205,334,231,232,240,242,244,245,248,257,260,261,274,284,286,288,293,295,301,302,317,318,323,325,332,335,336
223:10,26,63,74,77,92,94,98,100,102,111,114,119,128,136,140,142,144,153,171,172,173,178,189,192,195,207,214,219,252,226,232,242,246,249,255,258,267,271,280,283,298,299,301,302,308,310,311,327
224:1,3,4,7,8,11,16,18,25,27,30,32,38,51,52,53,56,65,77,80,82,87,91,115,118,122,145,165,167,168,172,191,207,210,215,217,291,233,237,238,245,247,254,256,257,279,282,293,300,303,315,317,318,319,320,322,325,326,332
225:17,30,46,52,56,60,63,66,67,76,81,83,90,96,100,116,137,146,149,151,159,170,174,175,176,186,193,206,211,213,283,230,238,239,247,252,253,257,266,270,275,282,287,288,289,290,302,303,304,309,323,331,332,333,334,339
226:0,4,5,12,20,36,39,55,57,62,66,67,79,81,82,89,90,107,109,132,136,138,145,155,156,157,158,163,172,177,178,188,200,201,223,327,235,244,245,249,251,262,281,320,332
227:6,18,23,25,29,40,67,72,74,75,81,92,97,98,121,122,131,139,147,150,158,166,170,175,176,180,182,188,189,197,209,210,220,265,243,249,259,284,288,298,310,321
228:2,14,21,25,27,28,47,48,58,62,76,85,86,87,90,99,113,115,120,123,140,155,168,172,175,180,191,198,204,208,212,217,219,220,221,303,236,238,239,244,246,257,259,267,282,287,290,293,302,304,305,320,330
229:1,4,8,10,16,26,28,35,37,40,44,47,48,51,52,60,61,81,87,88,96,97,101,104,108,109,111,116,123,131,140,148,152,153,156,161,163,177,181,196,210,213,216,217,259,237,243,244,245,257,263,264,269,272,274,280,285,287,290,292,294,302,308,312,317,322,330,332
230:8,18,19,23,27,30,40,42,43,48,49,53,72,94,97,100,101,111,113,120,124,126,127,141,146,149,159,162,166,172,177,178,179,185,186,192,194,215,225,268,242,270,271,275,278,282,285,292,301,302,321,326,327,328,329,336,337,338
231:1,4,8,14,15,16,20,23,29,30,40,45,46,65,73,81,82,94,97,98,111,113,114,121,127,137,141,148,155,156,161,166,167,170,178,179,180,182,184,185,190,192,194,198,205,210,213,222,238,232,244,247,256,260,261,269,288,303,315,335
232:9,19,23,40,46,47,52,54,66,69,71,78,87,89,92,94,96,97,101,111,114,122,128,131,137,147,154,162,167,172,174,176,179,184,192,204,206,207,209,221,222,223,231,265,240,243,249,250,256,257,260,263,270,279,317,320,326,331,332,337
233:1,3,20,26,32,35,37,43,46,50,55,82,88,93,99,108,115,120,125,126,132,133,134,136,138,145,149,171,172,173,193,194,201,202,205,207,213,221,224,262,243,247,257,259,280,282,303,311,318,319,324,332,335
234:6,11,18,22,24,37,40,47,50,59,68,69,75,79,82,90,91,96,103,113,115,116,119,122,126,130,142,146,157,163,165,173,174,198,215,330,237,239,240,241,244,247,255,259,260,261,263,267,276,277,288,291,293,296,297,304,309,311,314,316,317,333,336
235:1,13,17,24,25,44,47,48,52,62,64,72,74,76,85,88,92,95,106,113,116,119,125,131,154,165,194,196,210,212,219,226,239,244,258,260,264,271,275,284,288,297,299,301,302,305,309,316,319,322,323,327,328,331,337,339
236:1,12,20,27,28,29,55,68,74,80,82,86,93,96,110,116,127,136,137,138,139,141,145,146,150,154,156,157,160,173,174,184,191,193,194,206,210,212,215,216,218,221,228,238,240,247,251,259,262,265,279,282,288,298,305,317,320,327,328
237:1,4,6,7,9,10,11,14,24,27,40,41,43,52,58,63,65,67,75,78,81,92,93,101,112,115,122,124,132,133,136,140,142,147,150,152,164,171,173,176,183,186,198,202,206,209,212,215,224,229,234,247,243,268,274,280,291,304,305,315,324,325,327,329,334
238:0,4,8,16,20,28,33,45,60,61,73,77,93,104,107,111,115,116,118,120,141,145,146,150,154,155,158,162,177,200,208,210,212,219,224,225,228,231,236,314,265,269,275,282,283,288,292,301,322,330,334,337
239:0,6,12,18,30,31,39,54,60,68,69,70,73,93,108,112,113,115,117,121,124,125,128,130,136,137,154,155,156,158,159,163,169,179,181,191,199,205,206,220,225,228,234,235,270,241,253,255,266,280,294,295,298,300,303,304,310,316,318,328,329,332
240:6,8,17,19,29,39,43,59,60,69,102,103,115,121,128,129,138,145,146,151,155,161,172,179,180,182,187,194,199,204,206,207,215,216,222,232,234,236,292,247,249,252,253,255,267,270,274,281,287,291,317,337,338
241:5,11,19,25,32,35,39,43,50,65,83,95,110,114,116,118,124,127,162,163,177,178,192,193,200,204,206,212,213,215,234,239,282,243,265,270,271,277,279,296,326,333,334,335,336,337
242:0,2,25,36,39,54,56,57,60,62,80,87,88,93,96,105,109,114,121,126,131,135,150,151,153,154,158,165,167,173,177,207,211,212,222,223,230,252,246,247,251,272,277,284,288,290,292,301,302,303,306,321,337
243:2,7,9,10,13,22,35,42,47,52,68,73,77,89,96,99,106,107,113,116,121,145,152,155,158,166,170,172,177,183,184,205,207,210,211,212,215,219,227,229,232,233,237,241,290,249,250,255,264,265,266,274,275,280,286,292,300,305,308,313,317,320,335
244:13,20,21,25,32,36,38,49,57,58,68,88,92,96,102,106,113,118,121,133,140,144,151,159,160,167,172,174,176,177,181,195,196,206,213,215,222,226,228,229,231,234,235,257,246,247,249,252,253,269,270,272,274,280,283,291,293,297,301,313,315,317,322,337,339
245:2,11,19,35,41,54,62,66,69,71,73,85,88,89,90,91,93,96,98,101,117,126,127,129,132,138,141,144,162,172,180,181,182,186,188,189,194,196,205,208,212,217,222,224,226,229,305,246,251,260,262,263,271,273,276,279,281,312,322,334,337
246:6,12,19,29,37,38,47,56,61,84,91,92,95,115,116,121,134,135,137,150,153,168,175,176,179,182,185,186,188,190,200,202,206,209,211,212,215,217,223,228,242,244,245,320,254,265,268,269,276,280,283,285,287,289,295,302,305,318,335,339
247:0,5,14,29,51,53,63,80,83,104,122,125,127,146,151,154,163,170,174,184,185,191,207,211,215,224,225,231,233,234,236,237,240,242,244,255,259,260,266,267,272,282,288,293,300,301,303,312,321,326,339
248:13,19,37,38,50,67,69,70,71,75,81,89,90,101,126,134,139,140,141,151,165,166,168,174,178,183,185,186,188,211,215,216,219,222,337,251,252,259,266,277,285,287,288,291,293,312,313
249:3,8,9,14,16,18,23,33,38,51,66,69,75,76,84,85,88,92,96,100,107,120,123,134,145,151,157,164,176,177,200,202,223,226,227,232,240,243,244,315,250,252,273,279,283,296,299,304,305,312,313,323,335
250:1,6,7,28,33,38,41,42,43,44,46,47,53,58,67,68,75,78,89,94,96,101,105,106,120,128,135,138,141,142,155,162,166,171,174,181,187,191,193,195,204,209,212,215,232,243,249,290,251,253,254,259,263,273,278,281,286,288,296,298,308,309,319,331,332,339
251:2,18,20,28,30,33,36,44,45,46,48,49,52,57,68,69,80,83,88,97,101,105,108,119,126,130,132,168,170,172,191,213,226,236,242,245,248,250,276,260,265,270,296,298,314,319,323,337
252:14,18,21,22,43,46,48,50,54,59,74,76,85,88,105,109,110,111,122,129,134,140,146,149,153,156,157,162,169,174,178,182,189,190,192,193,194,205,208,210,215,217,219,220,223,225,240,242,244,248,249,319,259,267,268,270,273,278,284,288,289,291,302,306,310,318,326,331,334,335,339
253:0,1,25,31,35,39,43,45,47,48,59,69,71,74,78,81,89,94,101,105,112,127,129,131,132,138,141,143,151,152,156,161,163,164,169,170,182,184,186,190,194,202,220,225,239,240,244,250,316,272,275,292,295,302,306,309,310,321,324,331,337
254:12,13,15,20,21,32,33,34,36,60,65,68,81,94,95,101,111,114,117,122,125,127,135,137,141,146,150,151,157,159,160,165,174,178,179,186,193,195,203,205,206,207,216,220,221,224,246,250,282,259,260,261,279,281,297,301,304,308,334
255:1,7,8,17,22,25,31,51,58,59,63,66,67,73,77,80,81,91,94,96,100,105,113,115,123,124,125,138,140,141,142,151,153,157,164,169,175,176,211,214,217,220,223,234,239,240,243,247,306,261,280,287,290,297,298,302,309,314,317,319,329,337
256:15,16,21,22,42,43,47,50,55,59,63,74,81,89,100,108,109,117,121,123,127,142,144,145,165,167,170,184,186,193,194,195,204,208,210,217,224,231,232,266,268,287,292,310,337
257:2,3,4,11,12,27,33,35,47,48,57,58,61,63,65,71,76,91,107,111,112,113,120,124,133,137,153,161,162,171,176,187,189,198,200,208,219,222,224,225,228,229,232,233,244,323,258,263,269,279,284,289,293,301,313,315,319,326,328,334
258:8,10,12,35,38,40,45,53,65,82,85,92,98,99,109,110,117,131,139,151,152,153,154,155,194,204,221,223,235,257,338,265,267,274,288,298,300,316,319,330
259:4,14,17,30,38,41,44,47,49,55,58,66,99,105,111,112,113,116,117,120,133,154,160,166,175,182,186,187,192,202,210,220,221,227,228,229,233,234,236,247,248,250,252,254,299,261,262,271,317,323,324,327
260:2,11,13,16,32,34,37,43,51,53,54,56,57,64,66,75,76,81,83,84,87,88,89,93,107,112,116,118,121,143,146,147,149,166,174,176,178,180,182,186,187,191,192,208,214,222,231,232,234,235,245,247,251,254,310,261,263,271,273,285,293,314,320,327
261:1,19,23,25,32,37,42,48,52,55,67,69,78,81,82,92,111,112,115,121,136,138,139,142,147,154,157,163,165,166,180,185,189,196,206,209,210,213,214,219,220,222,231,234,254,255,259,260,304,268,272,274,275,281,291,292,297,300,306,329,335,338
262:2,4,5,7,12,17,18,29,42,53,54,58,69,74,107,114,117,128,133,135,141,142,156,164,169,171,181,182,184,188,189,192,198,199,201,215,218,220,226,233,236,245,259,298,267,272,284,294,295,299,321,322,327
263:1,7,11,13,18,38,39,41,51,63,71,93,96,97,101,104,106,111,119,120,134,135,139,148,150,153,167,169,172,173,174,177,180,201,203,207,209,211,212,214,215,229,232,234,245,250,257,260,333,266,274,275,278,281,297,308,312,315,318
264:1,13,20,32,33,35,38,44,47,50,51,57,60,64,71,74,76,81,83,94,107,116,125,135,137,144,146,147,149,154,162,165,166,169,174,178,182,190,194,199,210,215,216,221,229,235,243,293,267,281,283,287,297,305,306,315,317,328,331,335,337,338
265:0,7,10,17,20,21,22,29,31,34,35,42,50,51,59,61,63,69,71,72,75,86,89,93,116,131,138,143,165,173,174,177,188,204,211,217,219,227,232,236,238,241,243,246,251,258,293,291,292,301,313,314,315,318,322,338
266:0,5,8,9,17,22,28,36,41,50,53,55,65,74,111,120,121,122,123,125,127,130,131,132,147,157,163,168,169,172,175,179,203,210,211,219,220,221,225,239,243,247,248,256,263,282,271,273,277,292,295,299,303,307,311,319,320,322,324,335
267:5,8,28,29,36,38,45,46,56,59,61,67,69,75,77,93,96,109,114,130,133,136,142,145,160,167,169,174,188,189,190,193,201,202,203,209,213,223,228,234,240,247,252,258,262,264,315,268,288,289,294,304,305,316,323,335,338
268:15,18,24,30,38,40,52,53,54,60,70,79,82,86,87,89,91,93,97,103,107,120,125,133,136,147,151,152,158,162,166,169,172,177,184,189,230,237,246,252,256,261,267,325,281,294,299,300,312,327,328
269:6,9,11,13,17,21,23,25,28,29,42,46,49,52,53,57,58,62,65,70,91,93,97,105,107,146,151,153,154,161,175,177,184,194,198,199,201,214,229,231,238,244,246,257,292,279,280,287,289,290,293,299,302,307,321,323,339
270:4,15,19,21,35,42,45,61,82,84,86,87,90,98,99,102,114,115,116,118,120,121,122,123,139,141,156,161,168,187,191,198,207,210,215,219,225,230,232,239,240,241,244,251,252,296,272,274,281,287,293,297,298,326,339
271:1,14,16,25,27,28,34,35,38,43,46,52,55,63,69,70,79,85,90,91,104,108,112,128,142,150,154,155,163,164,165,171,183,187,204,206,207,223,230,235,241,245,259,260,266,278,307,312,317,319,334,337
272:3,4,8,12,20,22,27,30,31,33,34,36,42,45,59,68,74,75,76,83,84,85,89,108,109,110,112,120,122,125,126,155,173,176,187,194,201,206,209,215,229,242,244,247,253,261,262,270,330,276,284,285,288,291,293,301,317
273:5,14,24,26,29,36,38,44,48,53,64,66,69,72,73,87,91,94,95,96,97,100,101,120,122,132,140,144,164,173,175,179,180,181,199,205,245,249,250,252,260,266,277,275,282,305,314,316,325,328,331,333
274:2,8,15,19,23,25,35,37,38,41,44,46,59,66,75,78,89,92,96,97,103,104,113,117,123,124,129,132,142,151,152,159,160,165,168,170,175,178,188,191,213,218,220,222,229,237,240,243,244,258,261,263,270,333,282,289,290,295,298,305,311,316,322,337
275:2,5,9,13,17,18,30,32,33,37,50,52,60,61,62,63,64,65,70,74,76,80,82,88,89,104,110,118,128,132,140,149,160,170,172,181,190,193,203,207,211,216,225,230,235,238,243,253,261,263,273,326,279,287,292,297,310,313,321,323,337
276:5,9,23,30,32,33,38,42,51,54,62,65,84,85,90,92,96,97,114,116,117,126,129,146,149,160,169,170,174,175,179,187,196,234,245,246,251,272,318,286,290,293,295,313,317
277:0,3,15,22,29,40,48,50,63,80,89,93,110,112,114,117,121,122,129,138,143,153,154,158,166,171,173,192,199,202,211,234,241,242,248,266,273,318,279,285,287,290,296,302,311,312,316,336
278:0,1,9,11,15,19,29,32,35,49,52,72,79,82,83,88,91,121,123,132,133,134,143,145,155,156,158,173,176,187,197,198,199,205,209,220,230,250,252,263,271,335,286,290,291,295,299,303,305,315,319,323,328,330,331,333
279:8,16,23,29,33,34,38,41,45,46,47,52,53,56,61,67,69,77,82,83,88,105,145,149,152,155,162,164,166,175,185,187,190,198,205,206,224,232,236,241,245,249,254,257,269,275,277,305,282,283,288,295,310,319,326,330,331,334,338
280:10,15,18,19,26,27,34,48,52,68,71,73,87,89,107,110,117,121,130,136,137,141,146,151,156,161,164,166,167,172,188,201,203,205,207,208,213,214,215,223,229,233,237,239,243,244,246,255,269,283,282,284,285,295,297,310,319,322,331,339
281:1,6,7,8,9,10,18,19,21,25,26,33,38,41,47,49,59,66,67,71,75,92,94,102,105,108,114,115,121,123,129,132,134,146,150,154,159,167,178,190,204,205,206,207,219,226,240,245,250,254,261,263,264,268,270,296,284,290,308,317
282:2,4,10,14,15,16,17,23,36,38,44,46,47,53,55,61,68,76,87,88,91,105,106,109,117,119,136,158,159,171,174,180,187,189,193,206,208,211,214,219,224,225,228,230,233,236,238,241,247,254,266,273,274,279,280,308,290,296,318,324,331,335
283:7,10,14,22,26,31,38,41,45,47,50,56,61,65,74,76,85,89,97,98,103,106,110,113,136,138,141,144,151,157,162,169,171,182,183,193,196,223,225,238,244,246,249,264,279,280,290,289,312,318,334
284:3,5,12,22,24,34,43,48,63,67,87,100,101,102,108,110,117,124,128,135,140,146,152,166,173,184,185,195,199,208,214,217,222,227,235,242,252,257,262,272,280,281,327,285,292,301,308,313,315,320,326,329,330,338
285:9,10,13,23,24,26,30,31,33,36,51,57,71,77,79,80,90,96,98,103,114,127,136,139,158,161,164,171,173,178,181,184,207,211,229,230,246,248,260,272,277,280,284,294,297,299,306,312,314,315,321,324,330,333,335,337,338
286:19,35,39,48,50,54,63,65,71,77,78,86,95,104,105,119,121,130,138,140,158,161,164,174,185,186,187,192,197,199,206,210,214,222,243,250,276,278,306,292,295,296,308,311,314,315,319,322,325
287:7,12,14,20,27,48,59,65,80,83,87,93,100,103,106,131,135,144,150,153,160,164,168,180,189,190,198,199,205,217,220,225,228,229,240,246,248,255,256,264,269,270,275,277,301,290,292,313,327,329,330,331,332
288:0,1,6,11,12,19,32,44,46,48,50,54,72,75,84,88,108,111,115,116,122,139,140,146,151,152,156,159,167,171,172,176,178,197,204,205,207,209,222,225,227,231,234,235,236,238,242,247,248,250,252,258,267,272,279,289,291,293,300,318,319,325,332
289:1,21,24,34,48,59,60,61,62,63,75,100,108,110,123,124,133,139,141,144,154,155,166,171,178,198,199,206,225,246,252,257,267,269,274,283,288,318,291,307,312,313,316,337
290:4,10,22,29,33,39,40,42,44,52,62,65,71,76,80,114,115,116,121,125,130,132,143,156,160,161,163,166,168,177,181,183,185,188,195,204,205,207,216,218,225,228,229,242,243,250,255,269,274,276,277,278,281,282,283,287,308,297,301,304,305,322,323,326,336
291:1,8,16,24,27,28,29,30,31,34,40,52,53,56,60,63,73,84,85,100,103,105,107,108,109,113,115,116,127,133,145,149,170,171,173,175,176,178,181,186,188,193,198,203,212,218,224,234,237,240,244,248,252,261,265,272,278,288,289,331,299,303,308,310,312,321
292:10,15,25,29,39,40,49,56,66,74,83,86,91,125,128,132,137,138,147,164,175,182,185,190,218,229,230,238,240,242,243,253,256,261,265,266,269,275,284,286,287,297,298,302,308,309,317,318,322,323,329,331,336,337
293:0,2,4,5,14,16,17,21,29,37,46,49,59,62,68,71,73,84,96,102,105,107,109,112,127,142,144,153,154,158,159,160,164,171,180,183,185,191,197,198,199,201,203,204,210,211,222,224,228,234,244,247,248,257,260,264,265,269,270,272,276,288,335,296,307,319,322,323,337,339
294:4,14,22,31,32,34,36,37,38,45,50,52,58,64,72,75,92,103,114,137,148,151,165,174,182,183,184,203,204,211,212,221,229,239,262,267,268,285,338,304,312,318,326,327,330,331,333
295:6,10,24,35,43,52,58,61,63,72,74,75,81,84,93,102,113,125,128,151,152,154,155,158,159,168,177,187,189,200,201,202,203,214,218,222,239,246,253,262,266,274,276,278,279,280,286,316,305,308,309,313,322,323,329,330
296:0,5,22,23,28,38,43,44,47,50,58,71,80,81,86,90,93,94,100,101,102,105,116,119,123,127,128,143,145,157,167,172,180,185,187,188,190,199,206,213,218,221,234,241,249,250,251,270,277,281,282,286,293,318,308,313,324,327,329,331,339
297:0,3,9,10,11,18,29,32,33,34,37,43,47,48,51,74,80,87,102,106,112,115,120,121,130,131,136,139,142,150,165,182,190,199,205,209,215,234,235,244,254,255,261,263,264,270,275,280,285,290,292,336,305,308,314,315,319,320,322,324,334
298:1,10,15,18,27,34,37,39,41,46,53,55,63,67,69,71,78,79,83,84,88,89,90,92,95,98,100,106,107,110,118,125,130,136,138,140,147,149,157,158,162,182,183,184,185,190,193,194,201,202,205,206,210,212,215,219,220,221,223,227,236,239,250,251,255,258,262,270,274,292,311,310,325,328,330
299:5,7,14,21,23,35,43,47,53,56,69,75,76,91,100,101,102,113,126,130,141,144,148,159,163,165,180,195,202,223,235,249,259,262,266,268,269,278,285,291,316,301,303,310,318,319,321,328,332,335
300:4,7,10,13,20,22,24,29,34,36,43,46,48,50,69,73,75,80,89,94,96,99,109,111,112,118,126,132,144,152,174,179,182,189,200,201,203,207,208,218,224,239,243,247,258,261,268,288,338,305,306,310,311,313,329,335
301:6,12,17,26,27,33,36,40,42,44,47,50,52,54,67,71,80,87,96,115,127,128,135,146,148,154,156,172,173,177,178,182,194,198,203,208,218,221,222,223,230,235,238,242,244,247,254,257,265,272,284,287,290,299,317,306,307,311,313,329,334
302:3,5,10,17,19,27,33,41,44,45,46,51,61,62,73,76,88,89,94,97,108,110,111,112,118,142,155,159,171,175,178,185,186,193,195,198,199,201,207,222,223,225,228,229,230,235,242,246,252,253,255,269,277,292,330,304,305,313,315,325,333
303:2,18,19,20,28,37,47,55,64,65,69,75,76,80,83,89,90,97,103,106,107,111,112,121,122,129,147,154,171,174,181,186,187,188,198,203,204,219,224,225,228,231,233,239,242,247,266,278,291,299,328,313,320,325,327,332
304:3,4,14,15,20,32,34,44,60,67,71,74,83,85,87,88,90,94,98,112,113,114,154,159,163,174,177,193,198,211,218,219,225,228,234,237,239,249,254,261,267,290,294,302,308,311,317,326,328,336
305:4,10,11,18,20,32,42,53,64,67,81,83,84,85,87,99,102,105,117,119,139,143,144,147,159,160,165,167,170,171,178,181,209,218,219,228,235,236,237,243,245,246,249,264,267,273,274,278,279,290,295,297,300,302,313,310,314,319,328,330,339
306:12,14,15,16,27,31,37,39,42,49,82,87,92,98,114,115,127,132,142,144,163,165,167,168,172,175,178,181,185,189,196,214,215,242,252,253,255,261,264,285,286,300,301,320,314,316,324,334,338
307:17,20,24,32,36,50,57,59,72,85,89,90,98,99,104,105,116,117,124,131,132,142,155,161,177,179,191,192,207,210,216,266,269,271,289,293,301,327,312,320,326
308:1,14,15,29,31,32,42,52,62,69,77,81,103,107,108,117,130,134,142,145,148,151,153,156,162,169,172,173,179,184,191,197,213,217,223,229,243,250,254,263,281,282,284,286,290,291,292,295,296,297,304,331,313,335
309:0,10,11,18,26,28,29,31,33,39,50,51,66,71,75,82,86,95,100,101,105,131,140,142,151,170,177,181,183,188,189,190,191,196,201,214,218,225,234,235,250,253,255,292,295,329,319,320,326,334
310:6,18,21,22,24,32,34,35,39,43,44,50,62,66,75,86,95,98,114,116,117,122,124,132,134,135,137,145,150,155,165,170,175,176,185,188,189,193,200,201,202,206,209,217,223,227,239,252,253,256,260,275,279,280,291,298,299,300,305,322,315,320,324,325,327,328,334,339
311:14,16,23,32,39,43,46,63,72,75,84,85,91,95,99,105,107,109,115,122,127,129,138,139,143,152,157,171,176,182,183,184,190,191,193,196,202,216,220,223,233,234,266,274,277,286,298,300,301,304,318,314,316
312:10,18,22,29,31,39,48,49,52,63,72,97,100,102,103,114,137,151,159,191,193,194,197,199,204,206,208,209,212,213,218,229,245,247,248,249,263,268,271,277,283,285,289,291,294,307,331,314,315,317,328,329,333,334
313:0,1,17,20,27,42,43,45,49,50,53,61,62,73,78,79,84,86,90,96,98,104,106,111,118,122,125,131,133,146,148,154,158,161,168,189,192,193,205,209,210,216,221,243,244,248,249,257,265,275,276,284,287,289,295,296,300,301,302,303,305,308,331,315,325
314:2,13,15,18,21,23,26,27,34,48,50,60,61,62,67,69,75,81,82,102,109,113,116,121,122,126,128,134,148,153,157,164,168,171,187,204,211,219,234,238,251,255,260,265,273,285,286,297,305,306,311,312,319,325,328,332,334,339
315:26,29,34,42,47,49,55,62,65,66,68,78,86,87,101,122,130,141,149,158,162,163,164,189,205,206,214,218,224,231,237,244,249,257,263,264,265,267,278,284,285,286,297,302,310,312,313,334,326,337,339
316:4,6,10,19,23,30,41,62,65,67,70,86,87,90,96,98,100,115,133,143,159,161,163,165,169,170,177,184,196,209,210,214,216,220,234,235,239,253,258,267,273,274,277,289,295,299,306,311,329,323,325,327
317:1,3,5,10,15,21,24,25,28,41,54,59,61,65,74,80,82,86,87,90,95,100,101,106,120,122,125,145,148,150,153,154,161,166,173,179,185,186,187,200,204,208,210,213,217,218,222,224,229,232,234,236,240,243,244,255,259,264,271,272,276,281,292,301,304,312,332,320,334,338
318:4,9,13,26,33,36,50,52,53,56,57,61,73,82,97,98,105,150,152,159,163,165,177,183,187,198,212,218,222,224,233,239,246,252,263,265,276,277,282,283,288,289,292,294,296,299,311,330,337,339
319:0,9,15,16,19,43,54,60,61,63,72,76,78,80,81,84,91,95,103,110,120,128,129,135,151,158,167,172,174,200,204,209,211,224,233,235,250,251,252,255,257,258,266,271,278,279,280,286,288,293,297,299,305,309,314,334,323,333
320:30,34,56,59,68,69,70,74,82,85,88,109,111,114,121,123,135,140,148,149,150,154,163,164,177,181,185,194,199,202,213,224,226,228,232,236,243,246,260,266,284,297,303,306,307,309,310,317,331,323,329
321:8,10,22,37,41,44,52,57,58,60,66,70,72,74,78,81,85,95,99,113,119,120,121,124,127,128,136,137,141,145,148,156,157,163,165,171,176,183,185,195,198,199,212,215,217,221,227,230,242,247,253,262,269,275,285,291,299,334,327,336
322:11,17,18,23,32,37,41,44,46,55,62,65,67,74,77,92,102,106,109,111,116,122,126,134,136,153,164,170,172,173,180,183,188,190,192,198,199,224,229,235,238,244,245,262,265,266,274,280,286,290,292,293,295,297,310,336,327,333,339
323:6,12,14,17,19,29,33,34,49,57,59,61,72,77,78,79,83,92,93,94,101,135,141,145,148,149,154,169,173,196,202,203,212,222,225,235,249,251,257,259,267,269,275,278,290,292,293,295,316,319,320,335,334,337
324:4,9,17,22,23,25,33,38,40,42,55,61,66,67,81,83,86,89,93,97,104,111,115,118,130,132,139,149,156,157,169,175,177,184,190,212,216,221,233,237,253,259,266,282,285,296,297,306,310,338,325,337
325:0,2,12,14,19,23,24,31,37,43,45,58,60,66,70,72,79,84,87,98,110,119,124,143,146,154,156,168,174,179,186,199,201,209,211,213,222,224,237,268,273,286,288,298,302,303,310,313,314,316,324,330,331
326:20,31,39,62,66,89,93,94,100,109,110,113,126,137,162,172,181,182,183,188,193,196,199,200,201,205,207,212,215,224,230,232,241,247,252,257,270,275,279,284,290,294,304,307,309,315,339,328,337
327:10,17,22,25,62,65,73,81,83,98,101,115,121,129,148,152,154,155,156,157,158,161,167,168,171,174,177,194,223,226,230,235,236,237,259,260,262,268,284,287,294,296,303,307,310,316,321,322,329,332,337,338,339
328:14,24,25,31,36,40,42,43,52,68,71,76,85,88,89,94,105,112,121,137,138,153,162,178,181,185,186,188,189,194,195,196,200,208,209,215,217,218,230,235,236,239,257,264,268,273,278,298,299,303,304,305,310,312,314,326,331,332,337,339
329:7,8,18,24,38,40,47,66,67,75,79,80,81,83,84,85,97,100,101,111,112,114,121,125,127,129,136,157,160,166,167,171,175,181,182,187,192,193,206,209,212,215,220,230,237,239,255,261,284,287,292,295,296,300,301,309,312,316,320,327,334,330,332,336
330:5,9,10,20,26,31,36,42,49,52,54,59,61,68,69,86,87,93,98,99,108,111,112,115,120,127,132,139,165,170,178,180,181,183,190,196,204,211,215,220,228,229,234,238,258,272,278,279,284,285,287,294,295,298,302,305,318,325,329,334,338
331:2,4,9,22,23,32,33,36,43,46,55,59,60,64,67,80,82,84,85,101,110,111,112,115,121,130,131,139,140,143,159,161,166,168,171,174,191,201,207,208,213,221,225,232,235,250,252,253,264,273,278,279,280,282,287,291,292,294,296,308,312,313,320,325,328,335,337
332:3,9,26,28,29,40,43,66,68,69,74,78,85,91,94,96,104,105,108,116,119,120,123,126,133,137,141,142,145,149,155,162,165,192,195,198,202,222,224,225,226,229,232,233,239,250,287,288,299,303,314,317,327,328,329,334,339
333:1,3,4,10,28,32,39,44,45,48,70,75,84,107,114,117,123,124,132,136,145,146,150,158,164,166,172,178,180,187,190,192,198,202,204,205,206,213,218,225,234,241,263,273,274,278,285,294,302,312,319,322,337,334,339
334:4,12,26,39,46,47,48,52,54,57,63,67,68,71,75,80,81,83,84,102,105,106,124,130,142,143,148,164,169,174,177,182,188,189,210,215,217,222,225,237,238,241,245,252,254,257,271,279,283,297,301,306,309,310,312,314,315,317,319,321,323,329,330,332,333,339
335:0,13,14,15,18,32,42,47,56,65,67,72,75,83,93,94,100,103,104,105,107,110,111,112,125,137,169,170,177,191,194,195,207,211,212,214,222,231,233,241,243,246,249,252,261,264,266,267,278,282,285,293,299,300,308,323,331,337,338
336:11,15,18,20,21,30,36,38,40,41,42,49,50,64,70,75,79,93,94,96,112,129,130,136,156,159,166,169,178,187,192,196,206,215,220,221,222,230,234,241,277,290,292,297,304,321,322,329,338
337:0,10,11,19,33,37,44,51,58,60,61,82,92,99,100,104,113,122,133,134,144,156,158,163,169,175,181,188,197,202,207,230,232,235,238,240,241,242,244,245,248,251,253,255,256,264,271,274,275,285,289,292,293,315,318,323,324,326,327,328,331,333,335,338
338:2,4,5,9,12,15,20,27,32,42,46,49,58,64,76,80,94,108,130,133,145,152,153,158,171,172,184,188,189,190,191,209,219,230,240,258,261,264,265,267,279,284,285,294,300,306,317,324,327,330,335,336,337,339
339:5,11,22,26,28,37,45,48,53,55,67,81,85,91,93,99,102,108,109,113,119,128,135,137,151,156,157,159,175,180,183,194,210,213,219,225,235,244,246,247,250,252,269,270,280,293,296,305,310,314,315,318,322,326,327,328,332,333,334,338
