0:45,26,29,32,41,46,52,58,75,78,85,89,92,99,103,120,121,129,135,139,143,151,162,163,164,167,174,177,184,195,201,210,211,218,221,226,242,259,261,271,275,287,304,308,309,321,337
1:142,4,8,13,17,18,22,27,36,41,42,48,55,59,61,66,69,83,90,91,93,94,95,96,115,116,117,120,125,129,139,147,161,165,168,172,178,189,199,201,207,209,220,228,244,246,247,252,265,277,278,299,301,306,313,317,321,330
2:221,15,18,27,29,35,48,49,55,56,59,68,70,73,80,92,99,106,109,116,120,123,125,128,138,142,147,149,151,152,159,163,164,170,171,178,186,199,201,209,217,218,222,233,236,241,245,249,250,254,260,263,265,266,274,277,289,294,297,299,330,331,334
3:70,22,40,52,53,62,72,73,77,82,87,91,94,95,101,103,109,110,114,119,128,145,149,162,165,178,196,198,202,208,209,214,218,223,226,227,230,231,234,235,241,247,250,255,262,273,274,277,283,285,286,292,322
4:1,300,5,6,9,12,14,27,31,42,49,57,59,65,68,70,71,75,89,93,99,101,111,117,119,125,132,139,145,148,152,165,168,176,182,191,199,210,226,234,243,244,248,255,264,267,268,270,273,279,296,298,306,311,313,317,318,322,328,329,333,338,339
5:4,176,6,11,15,29,31,35,38,39,46,50,51,52,55,69,70,73,86,88,99,109,116,120,127,132,133,139,145,148,155,159,170,172,179,188,194,196,209,212,221,225,236,238,243,254,256,257,261,265,266,271,277,302,303,307,309,315,316,318,319,327,334,335
6:4,5,186,15,17,18,22,25,31,41,50,53,76,88,99,101,107,108,112,117,121,125,126,133,137,139,147,148,151,156,158,161,196,202,205,206,208,210,212,214,226,242,244,248,253,256,275,278,279,281,290,297,301,303,312,313,329
7:333,10,28,30,41,51,63,65,71,75,77,78,85,101,102,111,115,118,124,140,150,152,155,156,183,193,199,204,206,220,224,228,231,235,238,240,260,261,265,268,271,272,275,276,287,290,301,303,313,315,321,324,329,332,339
8:1,83,12,23,24,26,27,32,43,49,58,60,65,66,75,76,86,87,89,96,99,109,120,124,129,130,134,139,141,161,164,176,177,180,183,199,203,210,223,224,233,237,239,241,244,246,253,254,260,261,265,273,277,289,292,293,297,301,307,312,320,334,338
9:4,134,35,51,54,56,58,59,64,76,79,85,87,112,116,121,133,142,146,156,173,178,183,185,197,199,211,213,216,218,219,235,243,247,250,252,265,267,269,277,278,293,295,296,313,327,331,332,335
10:7,312,16,19,40,44,48,51,58,62,63,68,75,76,81,85,94,96,105,110,111,115,117,125,131,151,153,154,162,169,172,181,184,192,196,199,218,221,223,224,236,239,245,247,255,256,257,259,274,280,283,285,289,291,292,301,307,309,315,316,320,321,326,332,336
11:5,284,12,13,20,26,28,34,41,42,43,55,57,59,61,64,68,70,82,95,98,108,118,121,122,133,134,137,149,151,175,178,184,189,194,199,206,214,224,229,236,238,245,246,250,254,260,265,267,272,275,277,281,295,297,304,309,318,322,326,333,335
12:4,8,11,13,29,33,38,41,42,46,50,63,77,79,82,94,96,98,101,103,106,114,117,123,132,137,139,141,144,146,157,163,167,169,172,177,189,192,199,204,216,223,233,244,252,256,270,277,279,282,291,299,300,305,307,310,313,317,321,322,329,335
13:1,11,12,229,25,31,39,44,51,64,72,74,77,81,82,85,89,90,93,102,105,108,111,118,121,127,151,153,157,167,168,170,176,193,202,203,204,219,225,230,237,239,243,265,268,276,279,280,281,282,285,291,299,300,308,309,316,320,324,330
14:4,254,22,35,36,39,40,49,50,53,65,69,71,77,83,96,102,109,113,136,137,160,162,164,170,171,172,178,180,183,191,192,193,197,198,200,205,207,218,227,246,250,261,262,264,280,285,293,304,309,310,313,314,321,323,325,329,330
15:2,5,6,133,23,24,30,36,47,55,57,58,69,81,89,92,98,103,113,116,125,127,132,136,138,139,143,149,157,165,168,169,172,176,177,178,179,180,191,195,200,220,224,236,238,242,243,257,261,267,274,276,281,295,297,303,308,309,311,314,315,317,322,326,331,333
16:10,39,22,43,47,50,56,57,59,60,61,66,68,70,71,94,97,109,110,113,130,131,134,150,158,164,167,184,191,199,201,208,212,219,228,230,231,234,245,251,253,254,256,261,264,283,287,294,301,305,312,316
17:1,6,290,24,27,34,36,37,41,43,44,52,57,59,72,84,93,106,108,110,113,114,127,134,150,156,170,176,180,184,195,206,210,221,232,242,250,259,260,262,264,266,272,279,291,295,309,311,313,328
18:1,2,6,190,24,26,28,40,41,55,81,97,98,102,103,120,126,131,133,134,140,145,152,154,160,167,169,175,178,180,195,199,205,207,210,211,217,218,238,240,242,269,278,283,288,300,302,311,312,334
19:10,169,21,22,33,37,41,42,44,56,61,69,76,83,85,86,87,94,99,101,114,115,119,127,128,131,136,146,147,153,165,175,183,194,199,203,208,209,212,216,236,237,238,240,245,252,267,274,283,285,287,293,300,302,303,313,330,331,332
20:11,104,21,29,33,36,49,54,59,78,85,108,112,113,114,115,119,131,140,150,153,166,168,169,186,188,190,198,207,214,219,220,227,228,232,236,242,245,256,258,260,266,276,277,283,287,291,295,303,307,313,320,321,324,325,327,328,334,338
21:19,20,251,29,32,37,43,51,60,83,85,107,122,129,132,140,141,143,144,145,151,155,167,187,197,198,203,207,210,222,226,231,236,243,245,246,248,250,256,258,269,273,277,280,282,286,288,295,297,300,302,315
22:1,3,6,14,16,19,100,24,28,40,41,46,55,58,66,68,71,73,75,79,82,102,112,128,147,149,151,157,186,190,199,201,227,240,246,251,270,276,288,291,308,314,318,320,324,327,328
23:8,15,148,25,26,47,59,70,71,75,83,96,98,105,106,111,112,113,129,145,156,157,163,167,170,171,174,179,180,182,187,210,222,226,227,228,235,238,240,241,244,248,256,260,264,277,278,279,286,290,297,304,309,317,323,333,338
24:8,15,17,18,22,149,41,49,63,67,91,98,104,112,121,122,137,156,173,185,187,190,216,228,233,234,243,246,257,273,286,293,309,313,323,331,333,335
25:6,13,23,299,34,35,36,48,63,66,68,70,77,92,93,94,102,110,114,125,131,135,137,140,144,145,146,154,159,168,171,189,196,200,207,220,222,232,244,262,272,274,275,277,285,286,289,292,297,300,312,322,325,328
26:0,8,11,18,23,176,28,32,34,42,53,58,62,71,83,89,101,105,113,122,131,134,145,148,154,156,158,161,171,183,187,198,201,202,205,206,217,223,225,227,228,232,239,240,243,246,256,260,270,272,279,298,305,309,323
27:1,2,4,8,17,154,32,39,60,61,64,69,70,104,105,112,126,130,131,133,141,142,147,161,162,171,192,197,198,199,205,206,209,237,238,241,247,261,281,289,290,298,301,305,307,321,324,327,331
28:7,11,18,22,26,75,34,36,37,46,47,50,52,54,62,74,80,93,94,100,107,109,125,126,128,135,143,144,159,163,167,174,180,190,193,197,203,205,210,211,219,223,224,233,238,240,244,260,265,268,272,275,278,291,295,307,308,309,310,311,312,314,323,337
29:0,2,5,12,20,21,102,40,52,53,55,68,69,76,78,86,110,113,127,129,146,149,152,157,159,160,161,168,171,187,189,192,197,198,200,225,228,231,232,242,247,251,253,256,259,270,298,303,305,314,327,329,330,333,335,336
30:7,15,232,40,41,45,53,56,70,74,81,86,88,92,94,96,98,99,100,117,124,127,143,148,150,152,158,170,174,175,176,184,191,195,201,202,204,227,239,254,256,263,265,268,272,277,280,294,296,302,306,307,333,338,339
31:4,5,6,13,102,34,41,68,84,86,97,110,112,122,123,129,130,133,141,153,156,163,167,177,181,186,188,192,217,219,224,235,243,245,252,258,263,265,268,270,278,297,326,336,339
32:0,8,21,26,27,38,40,43,44,61,64,65,89,94,99,103,116,122,123,124,127,144,149,150,157,168,192,196,212,214,218,221,222,223,229,230,248,252,255,264,274,276,277,302,305,316,317,329,330,331,333,335,336,337
33:12,19,20,126,38,40,56,67,80,81,83,98,103,112,121,125,134,135,141,148,149,150,157,158,160,183,186,197,210,213,234,250,255,259,262,264,268,274,295,301,307,309,314,315,320
34:11,17,25,26,28,31,37,48,53,68,70,80,81,92,100,104,106,115,137,141,142,143,144,145,152,159,178,180,182,184,193,194,201,212,225,231,250,256,263,282,289,290,307,309,317,318,324,332,334
35:2,5,9,14,25,185,36,41,49,58,63,64,73,80,97,99,112,120,122,132,134,138,145,148,175,181,186,190,199,204,205,210,221,222,229,234,236,243,253,254,260,265,266,267,281,300,301,312,320,334
36:1,14,15,17,20,25,28,35,301,45,47,51,57,59,71,78,84,88,93,95,101,106,119,124,127,129,135,136,159,162,163,166,167,171,180,186,188,193,194,199,201,210,216,217,228,230,249,264,272,304,318,319,322,324,326,337
37:17,19,21,28,34,226,41,45,47,53,56,58,60,70,75,76,97,113,119,122,127,128,142,144,162,168,177,179,180,182,189,197,198,200,201,208,210,220,223,227,228,231,236,241,245,251,254,263,268,271,274,282,283,284,286,287,307,321,327,332,337,339
38:5,12,32,33,109,39,48,52,60,61,71,81,87,99,101,103,111,114,116,130,141,143,146,149,157,159,162,175,190,197,201,209,212,215,217,226,228,242,257,260,267,283,285,287,293,305,313,315,318,321,323,325
39:5,13,14,16,27,38,208,44,54,66,72,74,75,78,84,91,92,106,107,108,113,124,129,140,143,166,172,194,197,201,219,239,248,250,259,264,275,287,295,308,310,313,317,325,331,333,335
40:3,10,14,18,22,29,30,32,33,217,43,61,63,65,98,110,111,113,133,136,137,148,158,160,165,166,171,172,176,182,186,193,197,198,200,207,209,215,218,224,228,229,231,239,243,249,255,265,271,282,288,293,295,296,302,313,316,320,326,328,331,333,335,338
41:0,1,6,7,11,12,17,18,19,22,24,30,31,35,37,246,44,46,48,55,56,64,67,69,79,106,110,115,117,139,142,153,161,162,170,175,177,199,203,206,224,231,237,238,240,248,250,251,259,266,268,278,288,291,293,295,300,302,307,332
42:1,4,11,12,19,26,336,46,55,59,62,63,72,80,85,91,101,125,132,148,153,154,155,158,163,166,168,171,180,190,196,201,209,211,212,214,222,229,230,244,249,275,282,284,287,288,290,297,298,301,302,304,306,318,319,321,322,325,329
43:8,11,16,17,21,32,40,162,45,57,63,64,66,69,70,79,82,87,91,95,97,105,107,117,122,137,146,150,153,155,185,187,188,191,197,201,211,217,218,226,248,250,259,274,275,277,295,300,304,308,311,323,326,327
44:10,13,17,19,32,39,41,158,49,52,64,65,68,70,78,96,110,111,121,124,143,147,157,160,167,168,171,202,205,207,222,232,233,250,256,257,259,260,261,262,266,270,272,275,279,282,283,291,293,305,309,318,329,333
45:0,30,36,37,43,114,49,76,85,86,87,89,96,120,124,126,135,136,147,150,154,162,166,177,178,179,183,185,189,194,205,215,222,225,229,232,239,249,250,254,268,278,280,282,284,287,290,292,296,310,312,314,321,323,324,331,339
46:0,5,12,22,28,41,42,258,63,76,82,85,87,88,92,118,127,132,133,142,145,156,157,159,163,167,172,179,183,197,200,204,207,215,216,218,220,222,226,242,247,248,253,261,266,269,279,281,282,285,296,299,309,311,320,324,327,328,329,333,334,336
47:15,16,23,28,36,37,99,56,59,65,75,76,85,89,92,95,107,125,136,138,140,141,142,149,156,162,171,176,181,182,183,185,186,189,194,196,197,201,205,208,209,216,217,223,225,226,227,232,259,264,275,301,318,321,324,325,334
48:1,2,10,25,34,38,41,104,53,54,57,59,63,68,72,78,80,85,86,88,92,95,99,100,110,125,130,131,135,137,140,143,153,154,167,169,172,174,177,178,185,186,190,194,196,199,204,210,211,221,226,228,237,269,283,294,295,303,310,312,313,322,330,333,334,338
49:2,4,8,14,20,24,35,44,45,314,50,54,58,59,64,67,69,95,100,110,121,125,135,140,141,142,148,157,169,170,171,181,183,184,204,208,212,217,219,245,256,260,261,269,272,278,283,304,305,311
50:5,6,12,14,16,28,49,65,55,59,63,64,73,79,94,106,110,134,141,149,154,157,158,166,170,173,178,179,189,190,198,204,212,214,220,225,237,241,251,252,262,267,272,277,281,284,294,308,310,311,312,313,331,335
51:5,7,9,10,13,21,36,64,56,57,76,87,88,91,100,107,116,122,125,126,130,158,164,175,178,185,203,206,216,227,228,230,231,232,247,249,252,253,263,284,291,292,298,303,308,315,320,330,331,335
52:0,3,5,17,28,29,38,44,290,54,56,59,65,74,94,122,128,138,142,145,161,173,184,186,197,199,202,208,210,211,229,236,244,248,272,277,279,283,288,289,296,301,302,304,306,309,311,312,316,320,329,332,334
53:3,6,14,26,29,30,34,37,48,80,58,67,70,72,78,84,88,91,106,111,113,117,120,125,126,127,131,134,139,141,143,147,151,154,163,175,178,193,194,209,211,221,230,241,250,261,266,278,290,293,298,302,309
54:9,20,28,39,48,49,52,161,58,61,62,75,81,100,101,104,105,113,114,123,138,140,158,170,176,179,216,217,237,243,245,246,257,258,260,269,273,289,290,299,300,302,307,309,335,338
55:1,2,5,11,15,18,22,29,41,42,50,196,58,60,64,74,78,80,81,92,97,99,105,115,130,133,140,143,145,148,165,180,186,190,199,206,209,226,228,229,230,240,270,271,273,277,280,284,286,287,289,294,297,310,313,314,318,319,320,325,336
56:2,9,16,19,30,33,37,41,47,51,52,109,64,74,79,80,102,117,123,131,136,140,151,155,156,163,164,174,181,193,198,199,204,205,206,208,249,251,254,259,262,268,269,272,273,276,285,286,299,302,304,334
57:4,11,15,16,17,36,43,48,51,269,61,62,66,76,78,79,82,84,85,88,106,113,122,133,145,150,151,169,171,175,181,190,197,202,206,220,223,226,229,233,244,247,252,257,261,266,272,276,281,288,307,309,312,318,321,323,324,338
58:0,8,9,10,15,22,26,35,37,49,53,54,55,230,75,82,85,93,103,104,115,117,127,135,145,151,153,156,162,173,180,186,196,200,213,215,234,237,238,250,256,273,280,284,290,299,308,312,316,318,332,335
59:1,2,4,9,11,16,17,20,23,36,42,47,48,49,50,52,67,62,68,76,79,80,90,93,96,101,102,110,117,130,139,156,162,165,166,174,177,181,193,200,202,205,206,228,239,241,243,250,252,255,271,274,283,288,293,294,296,297,298,316,327
60:8,16,21,27,37,38,55,160,69,70,74,75,76,77,82,83,90,92,113,115,124,131,145,151,156,157,158,162,166,169,174,182,183,186,192,199,204,206,209,220,222,232,235,239,256,265,277,283,289,291,297,299,311,312,315,316,320,322,327,329,330,333,334,336
61:1,11,16,19,27,32,38,40,54,57,146,74,80,82,97,103,104,112,137,149,157,159,169,170,181,193,197,199,212,219,220,228,231,238,243,248,251,252,269,270,271,273,287,292,322,323,332,339
62:3,10,26,28,42,54,57,59,304,64,70,73,74,76,83,90,100,105,106,134,138,146,149,155,162,183,185,213,221,237,250,251,254,256,258,260,271,275,295,297,313,314,315,317,324,325,326,327,329
63:7,10,12,24,25,35,40,42,43,46,48,50,172,69,79,83,84,85,86,93,94,107,108,112,120,123,128,149,162,164,166,167,177,184,186,190,191,196,197,198,218,252,255,260,267,273,282,285,287,290,293,297,298,309,313,314,317,319,328
64:9,11,13,27,32,35,41,43,44,49,50,51,55,56,62,95,68,69,70,113,116,135,144,146,152,156,168,171,177,180,186,190,198,200,202,205,216,223,234,244,271,277,280,282,285,296,306,313,316,321,336,339
65:4,7,8,14,32,40,44,47,50,52,307,69,78,79,80,82,86,87,90,101,107,116,134,137,159,164,169,171,176,179,182,184,191,207,223,233,239,242,247,248,254,259,270,274,277,279,284,285,291,294,297,308,310,312,313,314,319,333
66:1,8,16,22,25,39,43,57,196,86,90,91,94,105,112,114,115,118,119,120,127,128,136,159,165,167,168,169,172,175,185,186,190,194,220,222,231,232,239,277,284,299,307,323,335,337,339
67:24,33,41,49,53,59,323,75,76,78,83,87,90,102,103,105,111,133,137,139,148,150,152,162,177,180,185,186,192,200,204,220,224,232,234,236,237,238,240,251,255,264,277,283,285,286,287,292,298,301,332,333
68:2,4,10,11,16,22,25,29,31,34,44,48,59,64,202,71,77,78,79,87,88,102,111,117,123,124,125,128,134,136,140,141,143,144,145,151,152,168,170,175,176,177,178,193,197,206,211,227,235,239,240,241,242,253,254,255,274,276,277,280,282,285,298,307,316,322,330,339
69:1,5,14,15,19,27,29,41,43,49,60,63,64,65,339,74,75,82,91,98,114,124,127,165,173,177,183,184,187,197,206,210,219,230,236,238,239,241,250,252,266,268,280,298,311,316,317,319,320,324,325,327,331
70:2,3,4,5,11,16,23,25,27,30,34,37,43,44,53,60,62,64,299,73,74,87,95,100,112,113,121,124,126,129,134,137,144,149,155,169,170,171,180,183,188,192,202,208,209,211,227,230,240,245,248,253,255,256,270,271,276,285,302,306,307,310,316,317,319,322,325,330,331,334,337
71:4,7,14,16,22,23,26,36,38,68,276,74,75,76,82,86,88,89,132,133,155,160,166,168,169,183,184,208,211,219,232,244,249,250,253,254,259,260,262,265,273,275,280,281,285,294,310,312,317,320,333
72:3,13,17,39,42,48,53,75,74,76,88,101,105,112,113,125,133,145,161,162,173,176,199,201,204,209,219,226,233,245,251,255,256,264,268,277,282,288,293,300,314,325,326,327,330,332,336,337,338
73:2,3,5,22,35,50,62,70,93,80,86,98,105,127,136,148,150,151,170,175,195,204,207,209,210,213,223,231,234,238,253,258,274,291,296,297,298,305,309,313,315,323
74:13,28,30,39,52,55,56,60,61,62,69,70,71,72,311,81,84,86,101,105,107,109,113,120,143,161,163,176,180,187,189,191,192,194,197,199,210,211,212,222,224,234,240,243,251,252,254,260,261,262,264,269,271,273,275,285,293,295,303,305,315,321,330,331,337,339
75:0,4,7,8,10,22,23,28,37,39,47,54,58,60,67,69,71,72,80,88,90,93,98,115,118,126,127,130,132,144,156,171,180,183,187,188,192,197,198,203,217,226,228,235,253,254,270,285,289,301,303,305,317,322,324,335
76:6,8,9,10,19,29,37,45,46,47,51,57,59,60,62,67,71,72,257,81,82,83,90,105,113,119,139,140,143,149,155,156,157,163,170,201,203,215,220,224,231,235,239,240,248,254,261,270,273,277,282,284,289,293,300,302,318,320,328,330,332,335,338
77:3,7,12,13,14,25,60,68,143,81,99,103,114,115,122,126,139,142,155,163,165,168,172,173,175,206,208,213,217,218,223,237,239,240,241,242,248,258,259,279,283,287,293,299,312,313,314,320,325,331
78:0,7,20,29,36,39,44,48,53,55,57,65,67,68,245,80,86,88,90,92,94,99,111,112,113,114,117,120,132,138,143,145,146,155,160,165,170,182,188,195,233,248,254,270,274,275,288,295,297,298,299,300,302,314,319,325,329,330,331,332,335,337
79:9,12,22,41,43,50,56,57,59,63,65,68,92,84,89,91,97,103,109,122,139,144,150,154,178,197,203,205,210,212,215,217,222,229,234,239,247,248,253,256,259,264,267,284,289,290,298,308,316,320,326,330,333
80:2,28,33,34,35,42,48,53,55,56,59,61,65,73,75,78,154,92,93,113,115,123,127,129,132,145,152,168,169,173,177,179,183,194,198,207,212,213,215,244,247,269,275,296,298,299,301,303,305,306,309,313,317,330,333
81:10,13,15,18,30,33,34,38,54,55,74,76,77,102,89,105,107,112,115,116,123,125,129,134,136,138,145,148,165,169,170,186,210,212,222,224,225,231,239,257,265,274,285,290,300,302,303,309,310,318,319,327,332,333
82:3,11,12,13,22,43,46,57,58,60,61,65,69,71,76,188,95,101,102,110,111,121,134,145,147,164,167,169,182,195,196,199,202,203,211,224,243,244,259,263,269,291,296,307,313,322,331,339
83:1,8,14,19,21,23,26,33,60,62,63,67,76,179,96,97,98,104,118,121,123,127,129,141,144,150,170,174,177,195,198,199,208,215,217,222,232,243,255,259,267,275,279,288,289,292,298,312,313,332
84:17,31,36,39,53,57,63,74,79,327,86,92,94,106,114,118,123,125,139,144,148,149,150,155,156,162,177,205,209,212,218,235,258,271,272,283,284,287,299,300,305,308,315,317,323,324,330
85:0,7,9,10,13,19,20,21,42,45,46,47,48,57,58,63,317,87,92,98,100,101,107,116,127,131,147,148,152,155,162,178,183,190,195,219,232,246,274,277,286,290,295,298,299,305,310,313,327,331
86:5,8,19,29,30,31,45,48,63,65,66,71,73,74,78,84,114,95,101,104,119,128,169,172,178,183,186,187,194,195,197,201,207,213,216,218,219,220,228,230,233,240,250,251,253,254,259,265,271,293,324,332
87:3,8,9,19,38,43,45,46,51,65,67,68,70,85,162,89,94,100,113,115,122,126,130,138,142,146,153,168,169,173,188,190,192,193,196,206,221,229,239,240,244,259,269,271,274,279,292,295,297,302,306,333,335,338
88:5,6,30,36,46,48,51,53,57,68,71,72,75,78,125,89,98,116,126,130,132,135,143,144,146,153,155,170,175,184,192,196,205,212,213,218,224,231,232,233,234,236,244,245,254,255,266,269,271,278,283,285,289,290,297,329,332
89:0,4,8,13,15,26,32,45,47,71,79,81,87,88,228,91,111,117,120,127,147,153,156,159,163,172,175,198,203,205,216,232,236,251,259,269,270,272,276,279,280,290,298,299,318,323,335
90:1,13,59,60,62,65,66,67,75,76,78,199,97,98,104,109,114,128,135,140,142,144,146,147,148,156,159,161,179,183,186,189,195,197,200,203,204,208,210,216,218,223,232,238,268,281,284,286,289,304,313,314,327,335
91:1,3,24,39,42,43,51,53,66,69,79,89,269,95,100,101,104,107,108,115,119,124,125,135,157,161,170,189,190,207,209,221,227,230,236,242,244,245,247,248,252,263,266,274,278,305,310,324,328,334,336,339
92:0,2,15,25,30,34,39,46,47,48,55,60,78,79,80,84,85,237,95,99,103,122,123,125,131,135,139,142,157,160,161,162,167,170,179,191,196,197,199,210,215,220,229,238,239,241,242,246,249,255,266,277,285,289,295,305,308,310,314,315,321,324,331
93:1,4,13,17,25,28,36,58,59,63,73,75,80,330,101,110,113,115,134,141,144,147,155,159,160,167,179,199,213,221,233,236,249,252,253,254,258,263,285,288,314,318,332,333,337,338
94:1,3,10,12,16,19,25,28,30,32,50,52,63,66,78,84,87,128,104,109,136,146,148,155,164,166,168,176,178,181,183,185,188,199,200,202,213,216,220,224,228,238,246,255,258,263,286,287,294,308,321,333,339
95:1,3,11,36,43,47,48,49,64,70,82,86,91,92,122,99,101,104,105,107,118,124,128,131,135,138,142,144,146,147,149,160,161,171,175,180,196,203,206,207,213,214,229,231,236,240,243,247,251,255,257,263,280,282,283,303,309,311,315,316,318,320,321,332,334,335,339
96:1,8,10,12,14,23,30,44,45,59,83,229,105,107,119,122,126,130,138,152,157,163,169,170,174,177,178,179,183,187,191,193,196,197,206,209,221,223,237,240,245,246,248,249,252,266,270,284,294,299,303,304,305,308,310,331,333,336,337,338,339
97:16,18,31,35,37,43,55,61,79,83,90,318,101,107,108,109,113,120,124,127,132,137,139,141,153,175,176,182,196,215,223,229,245,246,251,253,255,258,260,273,275,291,292,299,308,321,328,333,335
98:11,12,15,18,23,24,30,33,40,69,73,75,83,85,88,90,298,104,107,114,119,125,127,128,138,140,144,145,151,154,162,164,186,190,200,211,215,228,242,250,252,255,265,269,272,275,276,284,289,300,315,326,327,330,333,338
99:0,2,4,5,6,8,19,30,32,35,38,47,48,55,77,78,92,95,233,103,106,116,119,124,140,147,149,153,157,163,171,172,181,182,183,190,211,217,219,220,225,226,234,236,237,244,246,248,253,265,267,269,275,288,312,317,320,325,329,339
100:22,28,30,34,48,49,51,54,62,70,85,87,91,292,110,114,121,122,140,149,150,157,158,162,167,177,179,180,184,191,194,195,199,206,207,216,217,223,232,235,238,241,244,246,250,251,252,259,272,276,283,287,302,308,311,320,321,323,326,329,337
101:3,4,6,7,12,19,26,36,38,42,54,59,65,72,74,82,85,86,91,93,95,97,300,104,116,123,141,145,154,161,167,172,180,192,197,199,200,208,217,218,232,234,240,242,245,249,255,264,272,277,283,288,297,306,326,327,329,331
102:7,13,14,18,22,25,29,31,56,59,67,68,81,82,242,113,116,121,123,126,127,133,145,147,152,157,160,167,182,186,188,195,197,209,213,235,239,246,248,263,265,271,278,288,304
103:0,3,12,15,18,32,33,38,58,61,67,77,79,92,99,142,105,130,131,133,136,147,151,152,173,180,188,196,197,199,202,208,211,220,224,228,233,241,244,254,255,257,259,270,271,276,278,287,300,303,311,319,321,325,327,329,332,338,339
104:20,24,27,34,48,54,58,61,83,86,90,91,94,95,98,101,297,105,107,114,119,121,122,133,141,146,149,151,156,160,164,174,178,180,196,198,203,208,216,219,221,226,229,237,248,250,251,253,258,263,270,277,282,291,292,293,296,308,310,312,323,324,331
105:10,13,23,26,27,43,54,55,62,66,67,72,73,74,76,81,95,96,103,104,305,110,111,124,128,132,145,162,167,188,193,195,202,206,207,218,221,231,233,240,245,249,257,274,294,295,296,309,318,324,328,332
106:2,12,17,23,34,36,39,41,50,53,57,62,84,99,254,112,117,118,131,143,144,148,155,165,183,204,216,220,224,225,229,234,237,246,251,258,259,262,264,286,287,288,292,294,303,306,307,313,317,318,323
107:6,21,28,39,43,47,51,63,65,74,81,85,91,95,96,97,98,104,144,112,117,123,148,153,157,162,163,168,191,195,207,209,214,237,238,240,249,259,270,277,288,290,304,306,309,327,331,337
108:6,11,13,17,20,39,63,91,97,332,125,127,130,136,142,146,148,152,158,159,162,166,169,177,183,184,185,186,187,193,198,200,207,211,217,218,219,231,239,246,278,283,284,285,287,292,295,298,303,318,319,327,329
109:2,3,5,8,14,16,28,38,56,74,79,90,94,97,242,117,142,145,150,154,175,179,190,191,203,205,219,220,222,225,227,231,236,244,250,251,262,263,264,274,278,282,285,294,297,303,312,315,323,325,330
110:3,10,16,17,25,29,31,40,41,44,48,49,50,59,82,93,100,105,338,111,124,132,133,147,155,170,188,192,203,208,211,216,222,224,250,253,254,255,266,267,271,272,273,286,292,300,313,314,318,319,320,339
111:4,7,10,13,23,38,40,44,53,67,68,78,82,89,105,110,270,120,125,131,133,136,144,147,150,154,155,162,171,172,179,201,203,205,219,220,224,229,242,245,250,251,252,257,258,259,266,269,290,293,296,297,298,302,303,306,309,312,313,320,332
112:6,9,20,22,23,24,27,31,33,35,61,63,66,70,72,78,81,106,107,138,119,121,123,135,140,143,154,161,162,174,177,181,188,193,194,198,203,206,207,211,213,215,219,222,224,234,235,246,247,250,254,259,264,268,287,292,293,296,298,299,300,302,313,321
113:14,15,16,17,20,23,26,29,37,39,40,53,54,57,60,64,70,72,74,76,78,80,87,93,97,102,312,120,128,132,134,135,140,154,155,161,207,208,213,218,226,230,241,245,253,254,265,268,272,276,279,283,286,290,291,298,306,310,315,334,338
114:3,12,17,19,20,25,38,45,54,66,69,77,78,84,86,90,98,100,104,320,120,124,127,130,133,145,151,158,166,172,174,177,185,186,187,192,205,208,209,225,228,243,249,254,265,267,269,274,313,321
115:1,7,10,19,20,34,41,55,58,60,66,75,77,80,81,87,91,93,177,119,121,125,130,135,142,143,146,160,165,175,176,182,183,187,200,201,204,206,220,227,250,252,255,258,260,262,266,267,277,285,286,291,294,295,298,300,309,311,325,329,332
116:1,2,5,9,15,32,38,51,64,65,81,85,88,99,101,102,291,118,126,134,136,137,141,146,147,148,168,170,178,182,183,185,186,189,194,199,206,215,217,229,235,239,252,254,260,262,263,270,276,278,281,287,301,302,310,316,319,329
117:1,4,6,10,12,30,41,43,53,56,58,59,68,78,89,106,107,109,285,119,124,128,131,137,138,153,161,169,171,182,188,196,202,213,215,228,232,235,237,246,252,257,258,261,262,266,272,288,292,295,296,307,309,311,321,330,333,334
118:7,11,13,46,66,75,83,84,95,106,116,157,119,120,125,126,127,186,187,195,200,202,207,212,214,219,223,226,227,228,233,234,241,250,264,268,269,271,277,291,295,300,311,313,314,315,332,334,335
119:3,4,19,20,36,37,66,76,86,91,96,98,99,104,112,115,117,118,207,121,126,139,141,148,150,151,153,165,166,179,183,193,196,201,209,216,219,227,229,230,233,243,262,269,274,276,282,290,301,310,313,315,319,320,322,323,327,328,332,334
120:0,1,2,5,8,18,35,45,53,63,66,74,78,89,97,111,113,114,118,316,127,130,138,139,141,148,151,159,165,171,174,181,184,185,209,227,236,240,241,245,251,257,259,263,264,265,279,287,290,298,306,310,312,322,331,335,338
121:0,6,9,11,13,24,33,44,49,70,82,83,100,102,104,112,115,119,338,123,132,136,137,141,142,151,153,158,169,174,193,202,207,211,212,220,224,226,228,230,243,244,245,261,272,276,277,279,296,305,306,314,317,324,327,328,334
122:11,21,24,26,31,32,35,37,43,51,52,57,77,79,87,92,95,96,100,104,208,123,130,137,142,157,158,167,177,181,182,187,188,215,218,219,226,229,244,249,251,262,267,268,278,285,288,293,297,300,305,306,310,318,319,323,328,332,333
123:2,12,31,32,54,56,63,68,80,81,83,84,92,101,102,107,112,121,122,196,124,126,129,138,144,149,151,154,156,158,168,171,174,182,184,199,202,209,211,212,213,220,224,233,234,239,246,254,262,276,294,296,309,314,315,318,321,326,327,330,333
124:7,8,30,32,36,39,44,45,60,68,69,70,91,95,97,99,105,110,114,117,123,245,125,141,164,167,172,185,186,189,190,203,209,216,217,222,229,244,249,251,255,260,264,268,287,297,315,320,324,336
125:1,2,4,6,10,15,25,28,33,42,47,48,49,51,53,68,72,81,84,88,91,92,98,108,111,115,118,124,293,145,169,173,176,179,182,187,195,197,204,210,226,234,236,238,244,247,253,255,264,267,268,269,274,287,289,292,306,310,314,320,321,322,330,331,333
126:6,18,27,28,33,45,51,53,70,75,77,87,88,96,102,116,118,119,123,167,153,159,169,173,176,179,180,189,191,192,202,205,208,215,219,226,227,230,248,256,257,258,259,263,275,279,298,332,336,337,339
127:5,13,15,17,19,29,30,32,36,37,46,53,58,66,69,73,75,80,83,85,89,97,98,102,108,114,118,120,184,132,136,151,158,174,180,193,200,206,209,211,213,214,217,222,224,230,234,241,245,249,250,253,258,260,263,265,268,277,286,288,291,298,299,304,309,315,320,323,328,331,332
128:2,3,19,22,28,37,52,63,66,68,86,90,94,95,98,105,113,117,306,129,132,134,137,143,153,169,177,189,191,194,203,211,216,236,240,250,251,259,264,272,290,297,303,325,327
129:0,1,8,21,23,29,31,36,39,70,80,81,83,123,128,230,130,133,135,143,145,146,155,160,171,179,184,189,194,199,201,202,204,213,222,228,235,239,253,255,258,260,268,279,281,286,289,301,308,312,323,329,335
130:8,16,27,31,38,48,51,55,59,75,87,88,96,103,108,114,115,120,122,129,266,136,143,150,151,155,156,172,177,186,189,193,195,202,215,217,236,238,249,257,263,267,297,302,317,331,332,336,339
131:10,16,18,19,20,25,26,27,48,53,56,60,85,92,95,103,106,111,117,224,133,136,142,145,148,159,163,174,182,184,203,205,209,220,228,230,231,251,256,267,281,284,288,290,291,296,309,336
132:4,5,12,15,21,35,42,46,71,75,78,80,88,97,105,110,113,121,127,128,250,140,143,161,173,176,180,186,189,199,211,217,222,225,229,230,233,238,242,258,262,269,289,305,315,317,330,335,336,338
133:5,6,9,11,15,18,27,31,40,46,55,57,67,71,72,102,103,104,110,111,114,129,131,179,142,144,146,150,159,181,202,203,204,205,214,215,221,222,228,234,238,241,248,257,258,259,266,275,293,301,320,321,322,323,325,333,334,337
134:8,9,11,16,17,18,26,33,35,50,53,62,65,68,70,81,82,93,113,116,128,278,136,145,146,151,162,165,196,199,209,210,215,217,219,222,223,226,242,267,270,272,283,289,291,307,309,316,323,325,331
135:0,25,28,33,36,45,48,49,58,64,88,90,91,92,95,112,113,115,129,219,148,158,160,166,172,175,183,187,194,200,201,215,216,237,252,257,264,266,270,277,290,294,298,304,312,321,322,329,332,334,336,338
136:14,15,19,36,40,45,47,56,66,68,73,81,94,103,108,111,116,121,127,130,131,134,328,140,141,153,160,161,164,166,175,177,185,190,201,209,221,224,235,237,240,246,260,263,269,273,280,287,289,294,295,300,301,304,307,316,319,320,321,322,324,330,332,334,335,336,339
137:6,11,12,14,24,25,34,40,43,48,61,65,67,70,97,116,117,121,122,128,326,139,140,141,146,149,150,152,157,158,165,179,189,195,196,200,210,215,218,221,222,224,228,229,237,238,242,248,249,255,256,265,266,277,294,296,298,300,301,303,306,309,314,319,328,337
138:2,15,35,47,52,54,62,78,81,87,95,96,98,112,117,120,123,242,140,146,155,157,160,161,166,173,184,186,188,190,204,215,224,239,240,254,259,261,264,270,271,275,296,300,303,304,307,318,325,332,339
139:0,1,4,5,6,8,12,15,41,53,59,67,76,77,79,84,92,97,119,120,137,256,141,149,151,167,172,173,174,182,190,193,194,196,203,207,208,214,234,243,250,251,252,257,264,268,270,271,275,279,284,299,313,318,320,333,339
140:7,18,20,21,25,39,47,48,49,54,55,56,68,76,90,98,99,100,112,113,132,136,137,138,308,149,152,161,167,171,178,183,184,186,201,211,218,223,224,228,235,243,245,246,263,267,276,281,288,302,303,304,310,321,323,337
141:8,12,21,27,31,33,34,38,47,49,50,53,68,83,93,97,101,104,116,119,120,121,124,136,137,139,178,144,145,152,157,164,175,177,182,187,207,215,219,225,226,230,233,243,244,255,256,265,274,279,283,291,297,310,312,315,323,326,328,335,339
142:1,2,9,27,34,37,41,46,47,49,52,77,87,90,92,95,103,108,109,115,121,122,131,133,252,144,147,153,159,163,168,169,173,174,175,183,187,193,196,199,202,207,212,214,220,239,241,245,246,261,263,266,271,301,302,313,324,330,336
143:0,15,21,28,30,34,38,39,44,48,53,55,68,74,76,77,78,88,106,112,115,128,129,130,132,240,146,154,158,184,196,206,208,216,217,225,231,237,243,252,257,261,268,269,271,272,273,277,280,320,327
144:12,21,25,28,32,34,37,64,68,70,75,79,83,84,88,90,93,95,98,106,107,111,123,133,141,142,336,153,154,156,159,166,171,188,192,196,197,199,204,215,216,219,220,221,260,262,270,274,276,280,284,288,299,302,332,335,339
145:3,4,5,18,21,23,25,26,34,35,46,52,55,57,58,60,68,72,78,80,81,82,98,101,102,105,109,114,125,129,131,134,141,249,153,169,170,171,180,198,206,208,211,213,214,216,218,221,225,231,232,289,290,297,308,310,313,315,317,325,335
146:9,12,19,25,29,38,43,61,62,64,78,87,88,90,94,95,104,108,115,116,129,133,134,137,138,143,320,161,174,193,200,223,224,225,226,227,233,236,237,259,262,266,271,273,284,285,288,289,299,305,319,322,325,336
147:1,2,6,19,22,27,44,45,53,82,85,89,90,93,95,99,102,103,110,111,116,142,261,148,150,151,155,167,180,190,197,203,204,209,232,237,239,243,248,251,252,255,258,267,271,280,289,295,297,304,310,311,321,328,333
148:4,5,6,23,26,30,33,35,40,42,49,55,67,73,81,84,85,90,94,106,107,108,116,119,120,131,135,147,279,149,151,158,168,169,172,189,197,206,209,213,214,219,222,224,226,236,237,245,247,256,261,265,290,297,313,326,334
149:2,3,11,15,22,24,29,32,33,38,47,50,61,62,63,70,76,84,95,99,100,104,123,137,139,140,148,155,152,154,157,158,161,163,168,180,203,205,214,216,218,224,226,238,243,246,252,254,258,263,271,276,279,281,283,287,289,299,306,307,316,320,325,332,334,337,339
150:7,16,17,20,30,32,33,43,45,57,67,73,79,83,84,100,109,111,119,130,133,137,147,275,152,154,183,192,197,203,218,234,236,239,252,255,256,270,311,315,323,325,331,334,335,336,338
151:0,2,6,10,11,13,21,22,53,56,57,58,60,68,73,98,103,104,114,119,120,121,123,127,130,134,139,147,148,325,164,168,177,179,183,189,199,202,206,215,220,221,256,259,263,269,287,292,297,299,302,305,312,331,334,336
152:2,4,7,18,29,30,34,64,67,68,80,85,96,102,103,108,137,140,141,149,150,166,156,158,169,171,176,177,183,189,200,212,225,226,228,233,242,244,249,253,259,271,272,279,283,294,296,297,300,303,306,310,335
153:10,13,19,20,31,41,42,43,48,58,87,88,89,97,99,107,117,119,121,126,128,136,142,144,145,245,154,158,160,181,200,202,203,206,213,218,238,240,241,244,254,265,272,278,293,297,302,326
154:10,18,25,26,27,42,45,48,50,53,79,80,98,101,109,111,112,113,123,143,144,149,150,153,246,157,162,167,169,184,191,200,228,231,233,234,237,239,243,254,257,262,285,288,292,293,299,302,306,309,310,311,322,326,332,338
155:5,7,21,42,43,56,62,70,71,76,77,78,84,85,88,93,94,106,110,111,113,129,130,138,147,149,225,161,167,191,202,210,226,235,242,244,249,255,256,265,266,268,269,270,273,274,276,286,290,299,322,326,336
156:6,7,9,17,23,24,26,31,46,47,56,58,59,60,64,75,76,84,89,90,104,123,130,144,152,223,159,185,189,190,203,212,216,228,237,238,249,266,289,306,310,315,319,323
157:12,13,15,22,23,29,32,33,38,44,46,49,50,60,61,76,91,92,96,99,100,102,107,118,122,137,138,141,149,154,184,171,177,181,189,190,201,202,215,220,221,223,224,234,235,241,247,268,270,271,285,289,304,305,308,312,315,325,328,333,334
158:6,16,26,30,33,40,42,44,50,51,54,60,100,108,114,121,122,123,127,135,137,143,148,149,152,153,244,159,168,181,183,186,187,188,189,209,211,213,227,229,230,246,259,263,276,277,283,285,286,295,297,298,299,307,309,321,328,329,333
159:2,5,25,28,29,34,36,38,46,61,65,66,89,90,93,108,120,126,131,133,142,144,156,158,217,160,165,171,172,184,187,195,197,209,213,215,226,228,233,254,263,272,277,283,291,292,297,298,299,310,311,314
160:14,18,29,33,40,44,60,71,78,92,93,95,102,104,115,129,135,136,138,153,159,331,170,173,181,186,193,205,208,209,212,217,230,232,240,244,246,247,255,271,275,278,301,307,310,319,323,333
161:1,6,8,26,27,29,41,52,54,72,74,90,91,92,95,101,112,113,117,132,136,138,140,146,149,155,285,164,171,179,189,193,205,209,218,220,222,228,234,246,247,248,252,260,272,273,277,278,282,287,294,297,308,318,321,322,333,334
162:0,3,10,14,27,36,37,38,41,43,45,47,58,59,60,62,63,67,72,84,85,87,92,98,100,105,107,108,111,112,134,154,275,171,180,181,188,191,198,200,205,207,238,255,264,265,270,271,273,280,282,288,310,311,313,316,318,323,326,327,329,332,337
163:0,2,12,23,28,31,36,42,46,53,56,74,76,77,89,96,99,107,131,142,149,333,167,171,174,195,210,229,239,241,253,265,266,267,276,278,293,299,301,314,319,325,328,330,337
164:0,2,8,14,16,51,56,63,65,82,94,98,104,124,136,141,151,161,282,168,171,180,184,187,188,190,195,200,202,207,212,215,218,243,251,257,263,266,284,286,296,302,303,307,312,329,336
165:1,3,4,15,19,40,55,59,66,69,77,78,81,106,115,119,120,134,137,159,172,175,185,191,196,200,203,215,220,239,240,241,244,251,254,256,262,266,275,277,287,289,299,300,301,318,320,326,329,332,337
166:20,36,39,40,42,45,50,59,60,63,71,94,108,114,119,135,136,138,144,152,284,168,169,174,183,192,193,198,210,213,228,230,231,237,238,239,242,245,251,253,264,267,273,277,280,281,287,299,300,307,312,331
167:0,12,13,16,18,21,23,28,31,36,44,46,48,63,66,82,92,93,100,101,102,105,122,124,126,139,140,147,154,155,163,310,168,181,182,183,188,196,205,212,216,218,220,221,223,227,229,230,231,237,253,260,264,265,272,288,295,297,299,308,328,330,331
168:1,4,13,15,20,25,29,32,37,42,44,64,66,68,71,77,80,87,94,107,116,123,142,148,149,151,158,164,166,167,200,183,187,188,195,201,213,218,222,237,243,250,253,266,268,271,273,275,279,296,297,304,305,313,334
169:10,12,15,18,19,20,48,49,57,60,61,65,66,70,71,80,81,82,86,87,96,108,117,121,125,126,128,142,145,148,152,154,166,221,179,190,193,199,202,204,206,209,216,217,218,226,236,250,252,258,268,274,276,280,282,284,287,291,296,298,299,302,304,311,319,321,322,326,327,330,335,337
170:2,5,13,14,17,23,30,41,49,50,54,61,68,70,73,76,78,81,83,88,91,92,96,110,116,145,160,178,183,185,194,206,209,215,231,238,239,256,257,266,270,272,273,283,284,303,304,322,325,326,327
171:2,14,23,25,26,27,29,36,40,42,44,47,49,57,64,65,70,75,95,99,111,117,120,123,129,140,144,145,152,157,159,161,162,163,164,193,185,192,200,203,205,207,230,250,252,255,256,257,260,264,267,268,270,280,295,299,303,306,311,318,322,331,336
172:1,5,10,12,14,15,39,40,46,48,63,66,77,86,89,99,101,111,114,124,130,135,139,148,159,165,271,180,183,184,186,188,198,199,207,208,210,211,219,227,231,236,237,246,251,259,261,273,296,300,301,303,305,337,339
173:9,24,50,52,58,69,72,77,80,87,103,125,126,132,138,139,142,160,318,174,175,195,198,202,212,215,221,225,227,239,244,254,261,267,278,282,285,286,290,292,293,294,305,307,322,339
174:0,23,28,30,48,56,59,60,83,96,104,112,114,120,121,123,127,131,139,142,146,163,166,173,287,181,182,190,196,198,199,208,209,210,214,215,217,218,226,229,231,241,243,249,250,251,257,262,272,298,300,304,305,315,322
175:11,18,19,30,35,38,41,51,53,57,66,68,73,77,88,89,95,97,109,115,135,136,141,142,165,173,274,177,179,191,198,199,200,201,205,207,211,212,215,218,219,221,224,229,232,235,241,245,249,252,254,257,261,268,269,272,276,290,302,303,314,315,318,321,327,333,338
176:4,5,8,13,15,17,26,30,40,47,54,65,68,72,74,94,97,115,125,126,132,152,243,177,190,195,196,201,210,219,220,222,245,251,255,256,259,270,275,280,281,287,293,295,296,299,300,310,311,316,317,320,326,331,332,339
177:0,8,12,15,31,37,41,45,48,59,63,64,67,68,69,80,83,84,96,100,108,112,114,115,122,128,130,136,141,151,152,157,175,176,320,188,190,191,193,200,205,208,216,218,234,243,250,262,264,266,270,271,277,282,283,287,289,300,304,315,329,337
178:1,2,3,9,11,14,15,18,34,45,48,50,51,53,68,79,85,86,94,96,104,116,140,141,170,199,179,181,207,208,209,210,226,227,238,240,246,247,258,262,272,274,280,289,296,299,303,308,310,313,328,338
179:5,15,23,37,45,46,50,54,65,80,83,90,92,93,96,100,109,111,119,125,126,129,133,137,151,161,169,175,178,321,181,183,198,203,205,207,210,216,224,229,233,234,243,248,252,273,274,275,278,279,296,302,306,307,314,318,322,328,329
180:8,14,15,17,18,23,28,34,36,37,42,55,58,64,67,70,74,75,95,100,101,103,104,126,127,132,145,147,149,162,164,172,194,184,195,197,198,202,210,225,229,234,235,243,254,256,264,276,280,287,295,298,300,315,316,332
181:10,31,35,47,49,56,57,59,61,94,99,112,120,122,133,153,157,158,160,162,167,174,178,179,253,186,191,208,214,216,218,219,220,221,229,234,258,262,270,279,291,302,304,305,306,307,309,313,316,321,330
182:4,23,34,37,40,47,60,65,78,82,97,99,102,115,116,117,122,123,125,131,139,141,167,174,250,186,192,194,204,209,217,218,220,237,244,245,248,253,263,268,276,292,296,299,302,328,333
183:7,8,9,14,19,26,33,45,46,47,49,60,62,69,70,71,75,80,85,86,90,94,96,99,106,108,115,116,119,135,140,142,150,151,152,158,166,167,168,170,172,179,302,185,190,193,199,209,212,225,229,230,234,235,237,243,248,255,258,259,272,273,274,275,277,281,283,285,287,288,292,299,300,301,308,312,313,316,321,326,327
184:0,10,11,16,17,30,34,49,52,63,65,69,71,88,100,108,120,123,127,129,131,138,140,143,154,157,159,164,172,180,330,195,197,205,216,230,238,247,248,251,263,269,278,286,294,295,300,304,306,307,313,334,336
185:9,24,35,43,45,47,48,51,62,66,67,94,108,114,116,120,124,136,156,165,170,171,183,229,189,190,213,214,216,219,220,226,231,237,246,250,252,253,254,256,259,261,275,281,287,301,302,306,311,317,323,329,332,335,336
186:2,6,20,22,31,33,35,36,40,47,48,52,55,58,60,63,64,66,67,81,86,90,98,102,108,114,116,118,124,130,132,138,140,158,160,172,181,182,249,194,204,206,217,218,225,230,243,244,260,266,268,276,279,280,288,302,309,322,336,337,339
187:21,23,24,26,29,43,69,74,75,86,96,108,114,115,118,122,125,135,141,142,158,159,164,168,302,189,195,203,206,210,222,240,248,252,255,260,262,276,304,308,312,314,319,323,325,329,338
188:5,20,31,36,43,70,75,78,82,87,94,102,103,105,110,112,117,122,138,144,158,162,164,167,168,172,177,242,189,190,196,199,200,203,204,212,216,219,228,234,237,243,250,256,265,271,280,281,283,295,302,303,306,312,321,323
189:1,11,12,25,29,37,45,47,50,74,90,91,116,124,126,128,129,130,132,137,148,151,152,156,157,158,161,185,187,188,294,206,223,238,239,242,245,258,262,267,286,295,298,303,317,319,321,323,326,327,336
190:18,20,22,24,28,35,38,42,48,50,55,57,63,64,66,85,87,91,98,99,109,124,136,138,139,147,156,157,164,169,174,176,177,183,185,188,231,192,200,201,214,215,217,218,219,229,234,242,266,267,269,272,274,280,285,290,297,305,306,309,314,317,319,323,330,337
191:4,14,15,16,30,43,63,65,74,92,96,100,107,109,126,128,154,155,162,165,175,177,181,219,211,213,221,222,231,235,237,241,252,256,272,273,291,295,302,315,317,320,324,325,326,329,334,339
192:10,12,14,27,29,31,32,60,67,70,74,75,87,88,101,110,114,126,144,150,166,171,182,190,253,196,199,202,212,215,216,226,237,242,246,266,268,278,280,283,294,304,330,333,338
193:7,13,14,28,34,36,40,53,56,59,61,68,87,96,105,108,112,119,121,127,130,139,142,146,160,161,166,169,171,177,183,329,197,210,215,216,227,237,240,257,259,267,272,284,287,290,306,321,326
194:5,11,19,34,36,39,45,47,48,53,66,74,80,86,100,112,116,128,129,135,139,170,180,182,186,278,203,206,212,213,214,222,232,235,246,249,251,255,264,271,280,287,290,296,308,317,320,322,327,333,339
195:0,15,17,18,30,73,78,82,83,85,86,90,100,102,105,107,118,125,130,137,159,163,164,168,173,176,180,184,187,246,207,224,232,244,247,252,256,261,264,265,268,276,277,295,297,299,312,315,318,337
196:3,5,6,10,25,32,42,47,48,55,58,63,66,82,87,88,92,95,96,97,103,104,117,119,123,134,137,139,142,143,144,165,167,174,176,188,192,218,204,209,211,227,228,232,233,236,241,256,259,265,268,284,294,297,305,309,319,326,337,339
197:9,14,21,27,28,29,33,37,38,39,40,43,46,47,52,57,61,63,68,69,74,75,79,86,90,92,96,101,102,103,125,144,147,148,150,159,180,184,193,315,201,203,223,228,237,244,245,247,258,261,265,274,279,280,285,287,291,295,308,311,312,319,320,324,327,328,335,339
198:3,14,20,21,26,27,29,37,40,50,56,63,64,75,80,83,89,104,108,112,145,162,166,172,173,174,175,179,180,223,199,203,206,211,222,227,229,230,231,232,236,239,240,243,247,251,258,261,269,279,282,283,289,294,295,300,303,307,315,318,322,323,329,331,337,339
199:1,2,4,7,8,9,10,11,12,16,18,19,22,27,35,36,41,48,52,55,56,60,61,72,74,82,83,90,92,93,94,100,101,103,116,123,129,132,134,142,144,151,169,172,174,175,178,183,188,192,198,282,212,225,226,229,249,251,252,269,278,287,292,294,297,300,304,307,315,316,319,322,324,325,331,334
200:14,15,25,29,37,40,46,58,59,64,67,90,94,98,101,108,115,118,127,135,137,146,152,153,154,162,164,165,168,171,175,177,188,190,334,202,208,209,218,219,220,224,233,248,253,257,259,264,265,274,275,276,277,285,293,294,297,316,322,326,331,335
201:0,1,2,16,22,26,30,34,36,37,38,39,42,43,47,72,76,86,111,115,119,129,135,136,140,157,168,175,176,190,197,339,207,208,213,216,217,225,237,252,254,256,260,266,267,268,271,280,289,292,303,319,324
202:3,6,13,26,30,44,52,57,59,64,68,70,82,94,103,105,117,118,121,123,126,129,130,133,142,151,153,155,157,164,169,173,180,192,200,322,223,224,227,231,239,250,252,263,269,270,272,284,292,295,303,308,310,316,329,333,335,339
203:8,13,19,21,28,41,51,75,76,79,82,89,90,95,104,109,110,111,112,124,128,131,133,139,147,149,150,153,156,165,171,179,187,188,194,197,198,302,208,212,227,234,242,245,260,273,275,283,284,310,331,339
204:7,12,13,30,35,46,48,49,50,56,60,67,72,73,90,106,115,125,129,133,138,144,147,169,182,186,188,196,236,239,256,263,266,270,277,280,281,294,296,300,308,310,311,321,322,336,339
205:6,14,18,26,27,28,35,44,45,47,56,59,64,79,84,88,89,109,111,114,126,131,133,149,160,161,162,167,171,175,177,179,184,327,216,228,233,237,241,243,247,250,265,285,289,290,304,316
206:6,7,11,17,26,27,41,51,55,56,57,59,60,68,69,77,87,95,96,100,105,112,115,116,127,143,145,148,151,153,169,170,186,187,189,194,198,236,213,217,240,241,244,249,252,255,292,304,307,315,320,325,339
207:1,14,18,20,21,25,40,44,46,65,73,80,86,91,95,100,105,107,108,112,113,118,119,121,139,141,142,162,164,171,172,175,178,179,195,201,278,210,212,213,229,236,246,258,266,272,274,276,284,286,289,295,297,302,305,331,338,339
208:3,6,16,19,37,39,47,49,52,56,70,71,77,83,90,101,103,104,110,113,114,122,126,139,143,145,160,172,174,177,178,181,200,201,203,276,221,228,236,238,242,243,244,252,254,256,267,268,274,282,283,290,296,301,302,303,312,317,322,332,335
209:1,2,3,5,19,27,38,40,42,47,53,55,60,70,72,73,84,91,96,102,107,114,119,120,123,124,127,131,134,136,147,148,158,159,160,161,169,170,174,178,182,183,196,200,284,210,220,241,242,246,247,250,260,263,278,283,285,291,295,304,306,311,315,316,323,333,337
210:0,4,6,8,17,18,21,23,28,33,35,36,37,48,52,69,73,74,79,81,90,92,125,134,137,155,163,166,172,174,176,178,179,180,187,193,207,209,307,213,217,221,226,229,239,244,254,260,273,306,308,312,317,320,322,331,334
211:0,9,18,28,42,43,48,52,53,68,70,71,74,82,98,99,103,108,110,112,121,123,127,128,132,140,145,158,172,175,191,196,198,284,216,218,224,238,245,258,259,273,275,278,288,290,309,312,317,324,332,335,339
212:5,6,16,19,32,34,38,42,49,50,61,74,79,80,81,84,88,118,121,123,142,152,156,160,164,167,173,175,183,188,192,194,199,203,207,217,215,222,255,259,264,265,271,273,287,290,299,303,308,309,313,326
213:9,33,58,62,73,77,80,86,88,93,94,95,102,112,113,117,123,127,129,145,148,153,158,159,166,168,185,191,194,201,206,207,210,313,228,235,251,253,257,259,261,268,283,291,312,315,320,324
214:3,6,11,20,32,42,50,95,107,118,127,133,139,142,145,148,149,174,181,185,190,194,278,215,230,236,247,248,249,253,258,262,263,265,269,271,273,274,277,299,300,305,308,317,321,324,326,333,336
215:38,40,45,46,58,76,79,80,83,92,97,98,112,116,117,122,126,130,133,134,135,137,138,141,144,151,157,159,164,165,170,173,174,175,190,192,193,212,214,259,221,222,229,233,235,240,242,243,244,246,250,258,262,279,283,285,293,294,295,296,299,301,302,312,318,321,323,330
216:9,12,19,24,36,46,47,51,54,64,86,89,90,94,100,104,106,110,119,124,128,135,143,144,145,149,156,167,169,177,179,181,184,185,188,192,193,201,205,211,237,221,224,226,242,248,254,264,265,274,276,279,289,294,295,300,301,312,316,320,332,339
217:2,18,26,31,36,38,40,43,47,49,54,75,77,79,83,99,100,101,108,116,124,127,130,132,134,143,159,160,169,174,182,186,190,201,206,210,212,278,233,242,247,254,258,262,267,293,296,299,305,311,318,321,323,325,326,327,328
218:0,2,3,9,10,14,18,32,40,43,46,63,77,84,86,88,90,101,105,108,113,122,137,140,145,149,150,153,161,164,167,168,169,174,175,177,181,182,186,190,196,200,211,295,219,230,234,245,246,250,261,283,288,290,301,303,304,307,308,310,318,324,326,330,331,339
219:9,13,16,20,28,31,39,49,61,69,71,72,85,86,99,104,108,109,111,112,118,119,122,126,134,135,141,144,148,172,175,176,181,185,188,190,191,200,218,303,224,225,229,231,232,245,263,265,267,269,270,271,274,281,289,290,294,306,333
220:1,7,15,20,25,37,46,50,57,60,61,66,67,76,86,92,94,99,103,106,109,111,115,121,123,131,142,144,151,157,161,165,167,176,181,182,185,200,209,297,224,225,233,239,251,259,260,261,264,270,277,278,280,286,295,309,316,323,326,328,334
221:0,2,5,10,17,32,35,48,53,62,87,91,93,96,104,105,133,136,137,144,145,151,157,167,169,173,175,181,191,208,210,215,216,224,222,248,255,267,271,273,275,281,282,288,311,315,320,328,330,337
222:2,21,23,25,32,35,42,44,45,46,60,66,74,79,81,83,109,110,112,124,127,129,132,133,134,137,148,161,168,176,187,191,194,198,212,215,221,228,230,243,244,246,250,252,259,268,271,272,273,278,284,287,310,314,315,318,339
223:3,8,10,12,26,28,32,37,47,57,64,65,73,77,90,96,97,100,118,134,140,146,156,157,167,189,197,198,202,301,228,236,248,251,254,256,262,269,270,279,280,285,291,293,299,303,307,311,319,323,324,325,326,329,330,337
224:7,8,10,11,15,28,31,40,41,67,74,76,81,82,88,94,103,106,110,111,112,121,123,127,131,136,137,138,140,146,148,149,157,175,179,195,200,202,211,216,219,220,221,338,235,236,237,238,244,245,247,256,270,275,284,285,288,306,307,308,313,315,321,337
225:5,13,26,29,34,45,47,50,81,99,106,109,114,132,141,143,145,146,152,155,173,180,183,186,199,201,219,220,269,229,243,246,247,248,250,254,257,258,259,264,274,283,292,312,315,316
226:0,3,4,6,21,23,37,38,43,46,47,48,55,57,72,75,99,104,113,118,121,122,125,126,134,141,146,148,149,152,155,159,169,174,178,185,192,199,210,216,319,231,232,238,239,251,257,262,268,269,273,276,299,304,314,317,324,328,329,335,337
227:3,14,20,22,23,26,30,37,47,51,68,70,91,109,115,118,119,120,126,146,158,167,172,173,178,193,196,198,202,203,314,228,232,241,242,253,264,277,280,297,301,307,315
228:1,7,16,20,23,24,26,29,36,37,38,40,48,51,55,59,61,75,86,89,94,98,103,114,117,118,121,129,131,133,137,140,152,154,156,159,161,166,188,196,197,205,208,213,222,223,227,250,232,237,240,251,253,256,264,273,274,276,282,291,309,316,318,323,336,337
229:11,13,32,35,40,42,45,52,55,57,79,87,92,95,96,97,104,106,111,116,119,122,124,132,137,158,163,167,174,175,179,180,181,183,185,190,198,199,207,210,215,219,225,267,232,233,237,245,249,261,282,294,295,308,319
230:3,13,16,32,36,42,51,53,55,58,69,70,86,91,113,119,121,126,127,129,131,132,141,158,160,166,167,171,183,184,186,198,214,218,222,270,234,241,244,246,250,251,253,258,263,267,268,272,278,281,289,298,300,302,304,307,314,316,322,324,327,334,336
231:3,7,16,21,29,34,37,40,41,51,61,66,73,76,81,88,95,105,108,109,131,143,145,154,166,167,170,172,174,185,190,191,198,202,219,226,332,232,241,261,270,280,281,284,293,294,300,301,304,305,307,314,317,325,331
232:17,20,25,26,29,30,44,45,47,51,60,66,67,71,83,85,88,89,90,100,101,117,145,147,160,175,194,195,196,198,219,226,227,228,229,231,278,235,246,251,258,265,269,275,302,306,309,314,327,334,339
233:2,8,12,24,28,44,57,65,72,78,86,88,93,99,103,105,118,119,123,132,141,146,152,154,159,179,196,200,205,215,217,220,229,261,234,246,249,265,269,279,286,293,298,315,317,329,333,334,335
234:3,4,16,24,33,35,58,64,67,73,74,79,88,99,101,106,112,118,123,125,127,133,139,150,154,157,161,177,179,180,181,183,188,190,203,218,230,233,306,236,239,245,257,264,272,275,278,296,310,316,321,336,339
235:3,7,9,23,31,60,68,75,76,84,100,102,112,116,117,129,136,140,155,157,175,180,183,191,194,213,215,224,232,297,236,249,262,264,280,293,298,307,311,326,328,337
236:2,5,10,11,15,19,20,21,35,37,52,67,69,88,89,91,93,95,99,109,120,125,128,130,146,148,150,169,172,196,198,204,206,207,208,214,223,224,234,235,243,237,239,244,246,252,274,284,285,286,290,302,303,304,311,315,324,329,330,332,337,339
237:8,13,19,27,41,48,50,54,58,62,67,77,92,96,99,104,106,107,117,135,136,137,143,146,147,148,154,156,166,167,168,172,182,183,185,188,191,192,193,197,201,205,216,224,228,229,236,286,242,247,255,258,261,265,267,276,277,279,287,289,292,294,298,306,316,320,328,335
238:5,7,11,15,18,19,23,27,28,41,58,61,67,69,73,90,92,94,100,107,125,130,132,133,137,149,153,156,162,166,170,178,184,189,208,211,224,226,336,243,247,248,253,267,269,285,287,293,295,298,303,309,318,327,330,333,337,338
239:8,10,13,26,30,39,40,45,59,60,65,66,68,69,76,77,79,81,87,92,102,108,116,123,129,138,142,147,150,154,163,165,166,170,173,189,198,202,204,210,220,226,234,236,279,240,250,253,257,285,286,288,289,296,298,309,311,316,336
240:7,18,19,22,23,26,28,41,55,67,68,70,74,76,77,86,87,95,96,101,105,107,120,128,136,138,143,153,160,165,178,187,193,198,206,215,228,239,286,241,243,261,267,288,294,307,309,330,338,339
241:2,3,8,23,27,37,50,53,59,68,69,77,92,100,103,113,118,120,127,133,142,153,157,163,165,174,175,191,196,205,206,209,227,230,231,240,339,243,250,255,268,273,275,280,284,293,299,302,305,308,312,313,324
242:0,6,15,17,18,20,29,38,46,65,68,77,91,92,98,101,102,109,111,132,134,137,138,152,155,166,188,189,190,192,203,208,209,215,216,217,227,237,327,252,265,270,274,277,283,284,285,286,287,288,298,299,304,319,324,328,331
243:4,5,9,13,15,21,24,26,31,35,40,54,59,61,74,82,83,95,114,119,121,139,140,141,143,147,149,154,164,168,174,176,177,179,180,183,186,188,198,205,208,215,222,225,236,238,240,241,288,252,255,256,262,274,275,279,285,295,301,303,308,313,315,319,329,338
244:1,4,6,8,12,23,25,28,42,52,57,64,71,80,82,87,88,91,99,100,103,109,121,122,124,125,141,152,153,155,158,160,165,173,182,186,195,197,206,208,210,215,222,224,230,236,280,246,252,270,271,273,278,285,289,290,292,297,308,314,319,321,323,336,339
245:2,10,11,16,19,20,21,31,37,49,54,70,72,78,88,91,96,97,101,105,111,113,120,121,124,127,140,142,148,153,166,175,176,182,189,197,203,211,218,219,224,229,234,267,259,268,288,305,314,317,320
246:1,8,11,14,21,22,24,26,41,54,85,92,94,96,97,99,100,102,106,108,112,117,123,136,140,142,149,154,158,160,161,172,178,185,192,194,195,207,209,215,218,222,225,230,232,233,236,244,290,260,265,268,272,276,281,286,294,302,309,310,315,321,327
247:1,3,9,10,27,29,46,51,57,65,79,80,91,95,112,125,148,157,160,161,178,184,195,197,198,205,209,214,217,224,225,237,238,273,259,276,283,303,306,322,326,329,333,337
248:4,6,21,23,32,39,41,43,46,52,61,65,70,76,77,78,79,91,96,99,102,104,126,133,137,147,161,179,182,183,184,187,200,214,216,221,223,225,238,286,250,253,258,261,267,269,283,287,302,304,310,312,316,320,323,333,335
249:2,36,40,42,45,51,56,71,92,93,96,101,105,107,114,122,124,127,130,137,145,152,155,156,174,175,186,194,199,206,214,229,233,235,269,263,264,266,273,277,291,293,297,300,311,313,314,318,319,320,322,324,329,338
250:2,3,9,11,14,17,21,33,34,39,41,43,44,45,53,58,59,62,69,71,86,98,100,104,109,110,111,112,115,118,127,128,132,139,168,169,171,174,177,182,185,188,202,205,209,215,218,222,225,228,230,239,241,248,266,252,254,255,259,260,261,264,269,275,295,297,304,317,318,319,336
251:16,21,22,29,37,41,50,56,61,62,67,72,74,86,89,95,97,100,104,106,109,111,120,122,124,128,131,139,147,164,165,166,172,174,176,184,194,198,199,213,220,223,226,228,230,232,278,257,258,263,264,284,296,310,319,322,325,335,336
252:1,9,12,19,31,32,50,51,57,59,61,63,69,74,91,93,96,98,100,111,115,116,117,135,139,142,143,147,149,150,161,169,171,175,179,185,187,191,195,199,201,202,206,208,222,236,242,243,244,250,260,257,271,275,286,294,300,303,305,307,313,332
253:6,8,16,29,35,46,51,68,70,71,73,75,79,86,93,97,99,104,110,113,125,127,129,152,163,166,167,168,181,182,185,192,200,213,214,227,228,230,238,239,248,277,257,281,285,295,296,305,306,315,318,323,329,330,338
254:2,5,8,11,14,16,30,35,37,45,56,62,65,68,71,74,75,76,78,86,88,93,103,106,110,112,113,114,116,123,138,149,153,154,159,165,173,175,180,185,201,208,210,216,217,223,225,250,295,261,267,270,280,307,312,315,319,323,324,329,331,333
255:3,4,10,32,33,40,59,63,67,68,70,72,83,88,92,94,95,97,98,101,103,110,115,124,125,129,137,141,147,150,155,160,162,171,176,183,187,194,206,212,221,237,241,243,250,274,273,278,282,285,288,289,290,320,323,326
256:5,6,10,12,16,20,21,23,26,29,30,34,44,49,58,60,62,70,72,79,126,131,137,139,141,148,150,151,155,165,170,171,176,180,185,188,191,195,196,201,204,208,223,224,228,243,289,260,264,267,290,297,301,305,308,311,313,316,327
257:5,10,15,24,38,44,54,57,76,81,95,103,105,111,117,120,126,130,133,135,139,143,154,164,170,171,174,175,193,200,213,225,226,234,239,251,252,253,308,261,266,270,273,286,288,299,301,304,306,316,319,332
258:20,21,31,46,54,62,73,77,84,93,94,97,104,106,111,115,117,126,127,129,132,133,147,149,169,178,181,183,189,197,198,207,211,214,215,217,225,230,232,237,248,251,331,260,261,267,274,275,278,280,291,294,305,322,323,324,336,338
259:0,10,17,29,33,39,41,43,44,47,56,65,71,77,79,82,83,86,87,89,100,103,106,107,111,112,120,126,128,133,138,146,151,152,158,172,176,183,185,193,196,200,211,212,213,215,220,222,225,245,247,250,321,283,296,297,302,314,317,318,319,322,324,325,326,339
260:2,7,8,11,17,20,23,26,28,35,38,44,49,54,62,63,71,74,97,115,116,124,127,129,136,144,161,167,171,186,187,201,203,209,210,220,246,250,252,256,258,327,265,268,276,282,283,294,296,300,304,320,323,336,337
261:0,5,7,8,14,15,16,27,44,46,49,53,57,74,76,117,121,138,142,143,147,148,172,173,175,185,195,197,198,213,218,220,229,231,233,237,240,248,250,254,257,258,267,274,278,280,304,306,308,313,322,337
262:3,14,17,25,33,44,50,56,71,74,106,109,115,116,117,119,122,123,132,144,146,154,165,174,177,178,181,187,189,214,215,217,223,226,235,243,278,271,274,275,287,290,295,298,300,301,311,333,337
263:2,30,31,34,37,51,82,91,93,94,95,102,104,109,116,120,126,127,130,136,140,142,149,151,158,159,164,182,184,202,204,209,214,219,230,249,251,338,267,268,271,274,275,277,282,295,298,305,306,333,334,337,339
264:4,14,16,17,23,32,33,36,39,47,67,72,74,79,101,106,109,112,118,120,124,125,128,135,138,139,162,166,167,171,177,180,194,195,200,212,216,220,225,227,228,234,235,249,250,251,256,324,268,289,300,317,318,322,325,326,328,331
265:1,2,5,7,8,9,11,13,28,30,31,35,40,60,71,81,86,98,99,102,113,114,120,127,137,141,148,153,155,162,163,167,188,195,196,197,200,205,212,214,216,219,232,233,237,242,246,260,308,266,273,285,288,290,297,298,304,310,313,334,339
266:2,5,17,20,35,41,44,46,53,57,69,88,91,92,96,110,111,115,117,130,133,135,137,142,146,155,156,163,164,165,168,170,177,186,190,192,201,204,207,249,250,257,265,298,268,281,284,285,287,288,299,300,307,313,323,325,329,339
267:4,9,11,15,19,35,38,50,63,79,83,99,110,114,115,122,125,130,131,134,140,147,163,166,171,173,189,190,193,201,208,217,219,221,229,230,237,238,240,245,248,254,256,258,261,263,323,270,279,284,286,287,293,300,302,305,309,312,313,318,322,331
268:4,7,13,28,30,31,33,37,41,45,56,69,72,90,112,113,118,122,124,125,127,129,139,143,155,157,168,169,171,175,182,186,192,195,196,201,208,213,222,226,230,241,245,246,260,263,264,266,280,270,274,276,282,304,306,313,314,320,321,322,323,325,326,338
269:9,18,21,46,48,49,54,56,57,61,74,80,82,87,88,89,91,98,99,111,114,118,119,125,132,136,143,151,155,175,184,190,198,199,202,214,219,223,225,226,232,233,238,248,249,250,332,273,274,287,291,295,308,328,329,333
270:4,12,22,26,29,31,44,55,61,65,70,75,76,78,89,96,103,104,107,111,116,134,135,138,139,144,150,155,157,162,170,171,176,177,181,202,204,219,220,223,224,230,231,242,244,254,257,267,268,282,281,287,292,295,297,309,311,313,323,333
271:0,5,7,37,40,55,59,61,62,64,70,74,84,86,87,88,102,103,110,118,138,139,142,143,146,147,149,152,157,160,162,168,172,177,188,194,201,212,214,219,221,222,244,252,262,263,280,273,274,289,295,297,311,316,318,319,322,325,328,329,333,339
272:7,11,17,25,26,28,30,36,44,49,50,52,56,57,84,89,98,100,101,110,113,117,121,128,134,143,152,153,159,161,167,170,174,175,178,183,190,191,193,202,207,222,230,234,246,310,278,282,286,289,296,312,322,324,335,338
273:3,4,8,21,24,54,55,56,58,61,63,71,74,76,97,110,136,143,146,155,161,162,166,168,170,172,179,183,191,203,210,211,212,214,221,222,226,228,241,244,247,249,255,257,265,269,271,290,274,285,289,292,294,298,299,300,305,307,308,311,317,318,326,329,338
274:2,3,10,15,19,25,32,33,37,43,59,65,68,73,78,81,85,87,91,105,109,114,119,125,141,144,155,169,175,178,179,183,190,197,200,207,208,214,216,219,225,228,236,242,243,255,258,261,262,263,268,269,271,273,281,279,290,292,293,295,297,299,323,325,335,336,337
275:0,6,7,11,25,28,39,42,43,44,47,62,71,74,78,80,83,97,98,99,126,133,138,139,150,160,162,165,168,176,179,183,185,200,203,211,221,224,232,234,241,243,250,252,258,262,263,338,279,283,287,294,299,305,313,318,319,320,321,324,325,328,331,336
276:7,13,15,20,22,32,56,57,68,70,71,89,98,100,103,113,116,119,121,123,140,144,149,155,158,163,169,175,180,182,186,187,195,200,207,208,216,226,228,237,246,247,260,268,293,277,286,295,296,301,303,321,324,326,329,332
277:1,2,3,5,8,9,11,12,20,21,23,25,30,32,43,50,52,55,60,64,65,66,67,68,72,76,85,92,101,104,107,115,118,121,127,135,137,143,158,159,161,165,166,177,183,195,200,204,214,220,227,237,242,249,253,263,276,285,284,288,297,298,305,310,317,319,324,325
278:1,6,9,18,23,28,31,41,45,49,53,88,91,102,103,108,109,116,122,134,153,160,161,163,173,179,184,192,194,199,207,209,211,214,217,220,222,230,232,234,244,251,255,258,261,262,272,297,284,288,298,299,307,318,320,323,325,331,332
279:4,6,12,13,17,23,26,44,46,52,65,77,83,87,89,113,120,121,126,129,139,141,148,149,152,168,179,181,186,197,198,215,216,223,233,237,239,243,267,274,275,339,287,298,306,308,309,316,326,329,336
280:10,13,14,21,30,45,55,58,64,68,69,71,89,95,136,143,144,147,162,166,169,171,176,178,180,186,188,190,192,194,197,201,204,220,223,227,231,235,241,244,254,258,261,268,271,292,287,291,306,317,333
281:6,11,13,15,27,35,46,50,57,71,90,116,129,131,140,149,166,176,183,185,188,204,219,221,230,231,246,253,266,270,274,332,287,294,295,303,316,319,338,339
282:12,13,21,34,37,40,42,44,45,46,63,64,68,72,76,95,104,109,119,161,162,164,169,173,177,198,199,208,221,228,229,255,260,263,268,270,272,308,290,297,304,305,306,316,318,327,328,331,333
283:3,10,16,18,19,20,37,38,44,48,49,52,59,60,67,77,84,88,95,100,101,108,113,134,141,149,152,158,159,170,177,183,188,192,198,203,208,209,213,215,218,225,242,247,248,259,260,275,296,298,302,303,307,310,313,314,315,319,320,325,333,336
284:11,37,42,45,50,51,55,58,65,66,76,79,84,90,96,98,108,131,139,144,146,164,166,169,170,193,196,202,203,207,209,211,222,224,231,236,241,242,251,266,267,277,278,300,286,293,302,303,307,308,330,336
285:3,10,13,14,19,25,38,46,56,63,64,65,67,68,70,71,74,75,81,88,92,93,108,109,115,117,122,146,154,157,158,161,173,183,190,197,200,205,209,215,223,224,236,238,239,242,243,244,253,255,265,266,273,277,329,291,298,301,306,307,309,314,324,328,335,337
286:3,21,23,24,25,37,55,56,67,85,90,94,106,110,113,115,127,129,155,158,164,173,184,189,207,220,233,236,237,239,240,242,246,248,252,257,267,272,276,284,294,291,295,301,312,327,336
287:0,7,16,19,20,37,38,39,42,45,55,61,63,67,77,84,94,100,103,106,108,112,116,120,124,125,136,149,151,161,165,166,169,174,176,177,180,183,185,193,194,197,199,212,222,237,238,242,248,262,266,267,269,270,275,279,280,281,300,292,310,315
288:18,21,22,40,41,42,52,57,59,72,78,83,93,99,101,102,106,107,117,122,127,131,140,144,146,154,162,167,183,186,211,218,221,224,239,240,242,243,245,255,257,265,266,277,278,339,293,307,322,326,327,329,332,334
289:2,8,10,25,27,34,52,54,55,60,75,76,79,83,88,90,92,98,125,129,132,134,136,145,146,147,149,156,157,165,177,178,198,201,205,207,216,219,230,237,239,244,255,256,264,271,272,273,305,298,303,307,308,311,313
290:6,7,17,23,27,34,42,45,52,53,54,58,63,79,81,85,88,89,107,111,113,119,120,128,131,135,145,148,155,173,175,190,193,194,205,208,211,212,218,219,236,244,246,255,256,262,265,273,274,282,334,292,293,310,316,323,329,330
291:10,12,13,17,20,22,28,41,44,51,60,65,73,82,97,104,113,115,116,118,127,131,134,141,159,169,181,191,197,209,213,223,228,249,258,269,280,285,286,301,303,313,319,321,322
292:3,8,10,25,45,51,61,67,83,87,97,100,104,106,108,110,112,117,125,151,154,159,173,182,183,199,201,202,206,225,237,244,270,273,274,280,287,290,315,298,303,304,314,321,325
293:8,9,14,19,24,38,40,41,44,53,59,63,72,74,76,77,86,104,111,112,122,125,133,153,154,163,173,176,200,215,217,223,231,233,235,238,241,249,267,274,276,284,288,290,328,295,302,314,315,321,322
294:2,16,30,48,50,55,59,65,71,94,96,105,106,109,115,123,135,136,137,152,161,173,184,189,192,196,198,199,200,204,215,216,219,229,231,237,240,246,252,258,260,273,275,281,286,301,298,302,309,315,316,319,329,336
295:9,11,15,17,20,21,28,33,39,40,41,43,48,62,74,78,85,87,92,105,108,115,117,118,136,147,158,167,171,176,180,184,188,189,191,195,197,198,202,207,209,215,216,218,220,229,238,243,250,253,254,262,263,269,270,271,274,276,281,286,293,299,298,307,314,327
296:4,9,30,40,45,46,52,59,64,73,80,82,104,105,111,112,117,121,123,131,137,138,152,164,168,169,172,176,178,179,182,194,204,208,215,217,234,239,251,253,259,260,272,276,283,305,304,306,328,332,333
297:2,6,8,11,15,21,23,25,31,42,55,59,60,62,63,65,73,78,87,88,101,104,109,111,122,124,128,130,141,145,147,148,151,152,153,158,159,161,167,168,190,195,196,199,200,207,220,227,235,244,249,250,256,259,265,270,271,274,277,278,282,321,298,300,314,323,324,326
298:4,26,27,29,42,51,53,59,63,67,68,69,73,78,79,80,83,85,89,98,108,111,112,113,115,120,126,127,135,137,158,159,169,174,180,189,230,233,235,237,238,239,242,262,263,265,266,273,277,278,279,283,285,289,292,294,295,297,301,299,306,307,311,315,317,319,330,338
299:1,2,12,13,25,46,54,56,58,60,66,70,77,78,80,84,85,89,96,97,112,127,139,144,146,149,151,154,155,158,159,163,165,166,167,169,171,176,178,182,183,195,212,214,215,217,223,226,241,242,257,266,273,274,275,278,295,298,323,305,306,309,330,336,337
300:4,12,13,18,19,21,25,35,41,43,54,72,76,78,81,84,98,101,103,110,112,115,118,122,136,137,138,152,165,166,172,174,176,177,180,183,184,198,199,204,214,216,230,231,249,252,260,262,264,266,267,273,284,287,297,333,316,337
301:1,6,7,8,10,16,27,33,35,36,42,47,52,67,75,80,116,119,129,133,136,137,142,160,163,165,172,183,185,208,215,216,218,223,227,231,243,256,257,262,276,285,286,291,294,298,338,312,314,319,320,325,331,339
302:5,18,19,21,30,32,40,41,42,52,53,54,56,70,76,78,81,87,100,111,112,116,130,140,142,144,151,153,154,164,169,175,179,181,182,183,185,186,187,188,191,203,207,208,215,230,232,236,241,246,248,259,267,283,284,293,294,310,305,306,315,316,323,334
303:5,6,7,15,19,20,29,48,51,74,75,80,81,95,96,103,106,108,109,111,128,137,138,140,152,164,170,171,172,175,178,188,189,198,201,202,208,212,218,219,223,236,238,243,247,252,276,281,283,284,289,291,292,306,331
304:0,11,14,23,36,42,43,49,52,56,62,90,96,102,107,127,135,136,138,140,147,157,168,169,170,174,177,181,184,187,192,199,205,206,209,218,226,230,231,236,242,248,250,257,260,261,265,268,282,292,296,322,305,308,310,311,320,321,335
305:12,16,26,27,29,32,38,44,49,73,74,75,80,84,85,91,92,96,105,121,122,132,146,151,157,168,172,173,174,181,190,196,207,214,217,231,241,245,252,253,256,258,263,267,273,275,277,282,289,296,299,302,304,309,317,319,325,331,333,337,339
306:1,4,30,42,52,64,70,80,87,101,106,107,111,113,120,121,122,125,128,137,149,152,154,156,171,179,181,184,185,188,190,193,209,210,219,224,232,234,237,247,253,257,261,263,268,279,280,282,285,296,298,299,302,303,327,310,312,314,324,332,336
307:5,8,10,12,20,27,28,30,33,34,37,41,54,57,65,66,68,70,82,106,117,134,136,138,149,158,160,164,166,173,179,181,184,198,199,206,210,218,223,224,227,230,231,235,240,252,254,266,273,278,283,284,285,288,289,295,298,311,314,320,329,330,331
308:0,13,15,22,28,39,43,50,51,58,65,79,84,92,94,96,97,100,104,129,140,145,157,161,167,178,183,187,194,197,202,204,210,212,214,218,224,229,241,243,244,256,257,261,265,269,273,279,282,284,289,304,315,314,316,319,321,328,333,335,339
309:0,5,10,11,13,14,15,17,23,24,26,28,33,34,44,46,52,53,54,57,63,73,80,81,95,105,107,111,115,117,123,127,131,134,137,154,158,181,186,190,196,211,212,220,228,232,238,239,240,246,267,270,279,285,294,299,305,319,316,324,325,336,339
310:12,14,28,39,45,48,50,55,65,70,71,81,85,91,92,96,104,113,116,119,120,122,125,140,141,145,147,152,154,156,159,160,162,167,176,178,202,203,204,218,222,234,246,248,251,265,272,277,283,287,290,302,304,306,337,313,321,322,331
311:4,15,17,18,28,43,46,49,50,52,60,69,74,95,100,103,115,117,118,147,150,154,159,162,169,171,176,185,197,204,209,217,221,223,235,236,239,249,256,262,270,271,273,289,298,304,307,316,312,313,319,321
312:6,8,10,16,18,25,28,35,45,48,50,52,57,58,60,65,71,77,83,99,104,109,111,113,120,129,135,141,151,157,164,166,183,187,188,195,197,208,210,211,213,215,216,225,241,248,254,267,272,286,301,306,311,331,318,322,324,328,336,337
313:1,4,6,7,9,12,14,17,19,20,24,38,39,40,48,50,55,62,63,64,65,73,77,80,82,83,85,90,106,110,111,112,114,118,119,139,142,145,148,162,168,178,181,183,184,212,213,224,241,243,249,252,256,261,265,266,267,268,270,275,283,289,291,310,311,318,329
314:14,15,22,28,29,33,45,49,55,62,63,65,72,77,78,90,92,93,110,118,121,123,125,137,159,163,175,179,187,190,222,226,227,230,231,232,244,245,249,259,268,283,285,292,293,295,297,301,306,307,308,339,315,320,325
315:5,7,10,15,21,33,38,51,60,62,73,74,84,92,95,98,109,113,118,119,123,124,127,132,141,145,150,156,157,174,175,177,180,191,195,197,198,199,206,209,213,221,222,224,225,227,233,236,243,246,253,254,283,287,292,293,294,298,302,308,314,323,330,332,338
316:5,10,13,16,32,40,52,58,59,60,64,68,69,70,79,95,116,120,134,136,149,162,176,180,181,183,199,200,202,205,209,216,220,225,228,230,234,237,239,248,256,257,271,279,281,282,290,294,300,302,308,309,311,317,321,322,323,324,327,330,337
317:1,4,12,15,23,32,34,39,62,63,69,70,71,75,80,84,85,99,106,121,130,132,145,176,185,189,190,191,194,208,210,211,214,226,231,233,245,250,259,264,273,277,280,298,305,316,334,318,321,329,331
318:4,5,11,22,34,36,38,42,44,47,55,57,58,76,81,89,93,95,97,105,106,108,110,122,123,138,139,161,162,165,171,173,175,179,195,198,215,217,218,222,228,238,249,250,253,259,264,267,271,273,275,278,282,312,313,317,331,322,332,335,337
319:5,36,42,55,63,65,69,70,78,81,103,108,110,116,119,122,136,137,146,156,160,163,169,187,189,190,196,197,199,201,223,226,229,242,243,244,249,250,251,254,257,259,271,275,277,281,283,291,294,298,301,305,308,309,311,333,326,327,330
320:8,10,13,20,22,33,35,40,46,51,52,55,60,69,71,76,77,79,95,99,100,110,111,114,119,124,125,127,133,136,139,143,146,149,165,176,177,191,194,197,206,210,213,216,221,237,245,248,249,255,260,268,275,278,283,301,304,307,314,327,336
321:0,1,7,10,12,14,20,27,37,38,42,45,47,57,64,74,92,94,95,97,100,103,112,114,117,123,125,133,135,136,140,147,158,161,169,175,179,181,183,188,189,193,204,214,215,217,224,234,244,246,259,268,275,276,291,292,293,297,304,308,310,311,316,317,329,331,333,334,338,339
322:3,4,11,12,15,25,36,42,48,60,61,68,70,75,82,119,120,125,133,135,136,146,154,155,161,169,170,171,173,174,179,186,194,198,199,200,202,204,208,210,230,247,249,251,258,259,261,264,267,268,271,272,288,291,293,304,310,312,316,318,325,329,336
323:14,23,24,26,28,38,43,45,57,61,66,67,73,84,89,100,104,106,109,119,122,127,129,133,134,140,141,150,156,160,162,185,187,188,189,190,198,209,215,217,220,223,228,244,248,253,254,255,258,260,266,267,268,270,274,278,290,297,299,302,315,316,334,324,326,328,330,338
324:7,13,20,22,27,34,36,45,46,47,57,62,69,75,84,86,91,92,104,105,121,124,136,142,191,197,199,201,211,213,214,218,223,226,230,236,241,242,249,254,258,259,264,272,275,276,277,285,297,306,309,312,316,323,327,328,329
325:14,20,25,38,39,42,47,55,62,69,70,72,77,78,99,103,109,115,128,133,134,138,145,146,149,150,151,157,163,170,187,191,199,206,217,223,231,251,259,264,266,268,271,274,275,277,278,283,292,301,305,309,314,322,331,326,332,334,339
326:10,11,15,31,36,40,43,62,72,79,98,100,101,123,137,141,148,153,154,155,162,165,169,170,176,183,189,191,193,196,200,212,214,217,218,220,223,235,247,255,259,264,268,273,276,279,288,297,319,323,325,329,327,337
327:5,9,20,22,27,29,37,43,46,59,60,62,69,72,81,84,85,90,98,101,103,107,108,119,121,123,128,143,162,169,170,175,183,189,194,197,205,217,230,232,238,242,246,256,260,282,286,288,295,306,316,319,320,324,326,339
328:4,17,20,22,25,40,46,63,76,91,97,105,119,121,122,127,136,137,141,147,157,158,163,167,178,179,182,197,217,220,221,226,235,237,242,264,269,271,275,282,285,293,296,308,312,323,324,337,332,335
329:4,6,7,12,14,29,32,42,44,46,52,60,62,78,88,99,100,101,103,108,115,116,129,135,158,162,164,165,177,179,185,187,191,193,198,202,223,226,233,236,243,247,249,253,254,266,269,271,273,276,279,285,288,290,294,307,313,317,321,322,324,326,330,334,336
330:1,2,13,14,19,29,32,48,51,60,68,70,72,74,76,78,79,80,84,93,98,109,117,123,125,132,136,142,163,167,169,181,184,190,192,215,218,221,223,236,238,240,253,284,290,298,299,307,315,316,319,323,329,336,332
331:2,9,15,19,24,27,32,39,40,45,50,51,69,70,74,77,78,82,85,92,96,101,104,107,120,125,127,130,134,150,151,160,166,167,171,176,198,199,200,203,207,210,218,231,242,254,258,264,267,275,278,282,301,303,305,307,310,312,317,318,321,325,335
332:7,9,10,19,34,37,41,52,58,61,67,72,76,78,81,83,86,88,93,95,103,105,108,111,115,118,119,122,126,127,130,135,136,138,144,149,154,162,165,176,180,185,208,211,216,231,236,252,257,269,276,278,281,288,296,306,315,318,325,328,330,335
333:4,7,11,15,23,24,29,30,32,39,40,44,46,48,60,65,67,71,79,80,81,87,93,94,96,97,98,117,122,123,125,133,139,147,157,158,160,161,163,175,182,192,194,202,209,214,219,233,238,247,248,254,262,263,269,270,271,280,282,283,296,300,305,308,319,321,339,338
334:2,5,8,18,20,34,35,46,47,48,52,56,60,70,91,95,113,117,118,119,121,133,135,136,148,149,150,151,157,161,168,184,191,199,200,210,220,230,232,233,263,265,288,290,302,317,321,323,325,329,338
335:5,9,11,12,24,29,32,39,40,50,51,54,58,66,75,76,78,87,89,90,95,97,118,120,129,132,136,141,144,145,150,152,169,185,197,200,202,208,211,226,233,237,248,251,272,274,285,304,308,318,328,331,332,336
336:10,29,31,32,42,46,55,60,64,72,91,96,124,126,130,131,132,135,136,142,144,146,150,151,155,164,171,184,185,186,189,204,214,228,230,234,238,239,244,250,251,258,260,274,275,279,283,284,286,294,299,306,309,312,320,322,329,330,335,338
337:0,28,32,36,37,66,70,72,74,78,93,96,100,107,126,133,137,140,149,162,163,165,169,172,177,186,190,195,196,198,209,221,223,224,226,228,235,236,238,247,260,261,262,263,274,285,299,300,305,310,312,316,318,326,328,339
338:4,8,20,23,30,40,48,54,57,72,76,87,93,96,98,103,110,113,120,121,132,135,150,154,175,178,187,192,207,224,238,240,243,249,253,258,263,268,272,273,275,281,298,301,315,321,323,333,334,336,339
339:4,7,30,31,37,45,61,64,66,68,69,74,82,91,94,95,96,99,103,110,126,130,136,138,139,141,144,149,172,173,176,186,191,194,196,197,198,201,202,203,204,206,207,211,216,218,222,232,234,236,240,241,244,259,263,265,266,271,279,281,288,301,305,308,309,314,321,325,327,333,337,338
