0:169,2,11,12,29,36,42,43,50,55,57,68,77,79,86,89,90,92,98,105,108,117,122,129,137,139,144,150,153,159,172,174,179,192,193,202,209,219,224,229,230,239,240,244,254,255,257,275,277,291,292,299,308,311,318,332
1:130,7,11,12,14,28,30,32,35,37,49,55,57,64,69,74,75,86,93,103,105,109,112,137,138,141,145,146,149,152,156,174,177,178,193,196,200,207,211,222,239,246,249,250,253,257,262,269,270,271,273,274,279,284,289,291,293,295,299,307,316,324,329,330,333
2:0,279,9,18,26,28,30,41,44,58,68,69,70,97,98,104,107,111,113,132,140,141,144,147,148,152,157,160,171,177,188,212,214,215,224,225,230,235,242,244,245,256,264,268,287,288,289,290,292,310,311,327,332
3:97,6,11,12,14,24,43,47,61,74,75,83,90,92,93,100,107,109,111,122,126,131,139,141,150,152,155,162,165,171,176,177,182,200,216,234,237,241,242,243,254,255,258,275,291,292,297,300,307,308,325,334
4:20,14,23,33,34,45,46,47,52,57,64,65,67,81,85,89,93,102,109,116,121,130,133,135,155,156,175,181,188,192,195,197,207,215,223,226,228,229,239,246,248,250,251,252,253,262,268,274,279,285,288,291,293,309,314,315,320,322,332
5:135,9,17,22,23,29,32,41,49,52,58,60,71,72,78,86,88,97,100,115,126,130,150,151,152,170,171,178,179,186,192,193,211,214,217,219,232,234,240,249,251,254,262,271,279,290,292,295,300,302,310,312,318,320,321,326,332
6:3,20,8,15,23,34,37,42,45,52,54,60,63,74,75,84,86,94,103,117,118,123,124,131,136,140,142,153,157,174,183,211,212,227,245,246,251,256,270,302,304,309,316,317,318,319,320,322,333
7:1,27,10,18,25,30,40,53,60,68,70,81,84,95,99,104,113,116,120,121,128,141,143,148,149,150,153,157,164,169,178,182,184,195,206,225,226,234,242,245,246,249,260,263,264,272,274,282,288,297,300,308,312,314,315,316,322,329,337,338
8:6,236,15,16,28,43,45,55,64,67,92,93,102,111,114,123,126,131,139,141,147,158,166,171,173,177,179,183,201,203,204,206,223,232,241,247,253,255,257,263,265,273,274,275,281,290,306,320
9:2,5,137,22,28,38,41,46,50,63,76,79,88,92,107,110,138,147,148,149,156,160,162,169,177,178,179,188,191,199,202,205,207,210,214,218,232,235,239,241,243,246,249,253,257,258,264,275,280,283,286,287,288,289,290,291,295,296,298,315,318,322,336,338
10:7,16,17,20,21,24,34,49,52,53,56,61,62,71,73,74,82,91,95,111,113,118,121,124,126,141,142,148,156,165,169,176,177,178,180,183,188,203,205,217,220,226,228,230,239,241,244,248,252,260,261,265,266,270,276,291,295,299,322,326,335,338
11:0,1,3,50,22,25,26,29,30,43,51,59,63,70,72,75,87,98,99,105,107,110,111,119,141,142,149,175,178,179,186,188,191,197,205,209,217,220,222,228,230,231,236,237,240,241,255,260,268,276,283,293,307,323,325,327,331,338
12:0,1,3,244,14,16,22,23,30,32,37,50,72,82,89,91,95,109,115,118,119,133,135,142,145,153,155,171,173,194,195,197,202,209,211,222,238,242,247,252,273,280,281,286,290,292,293,304,305,311,313,316,322,325,333
13:88,15,28,35,50,58,60,74,75,86,89,91,97,99,102,103,114,128,149,162,164,165,175,193,204,205,206,217,230,237,242,244,255,263,265,277,281,290,303,305,316,320,332
14:1,3,4,12,224,23,48,59,66,68,78,80,83,88,92,102,107,110,111,120,127,129,131,132,140,141,142,146,151,170,182,184,185,187,190,191,194,197,198,203,209,210,216,223,226,260,261,264,269,274,287,295,296,305,336
15:6,8,13,98,19,23,55,59,64,65,74,79,86,101,110,114,121,123,125,127,130,131,139,140,148,153,154,157,159,161,165,167,168,169,184,191,193,196,199,200,201,204,209,210,213,215,221,224,232,235,237,245,248,251,262,270,273,288,299,301,306,314,317,327,330,333,339
16:8,10,12,114,27,29,32,42,44,50,53,58,70,76,82,96,101,103,105,116,119,120,123,124,131,143,154,155,161,163,168,180,188,190,200,202,208,226,232,236,240,261,267,282,291,300,304,312,314,317,319,322,324,326,330
17:5,10,40,24,28,32,43,49,55,63,65,75,78,79,106,114,127,131,141,150,156,160,173,179,194,195,205,218,220,228,236,245,247,251,255,264,265,275,276,292,294,297,300,303,316,320,328,329
18:2,7,172,21,24,27,28,36,38,41,58,64,66,67,71,74,76,81,82,86,89,91,93,94,98,100,102,116,165,170,171,179,183,186,195,200,213,219,239,243,250,257,262,278,286,290,296,304,306,308,317,331,339
19:15,205,22,40,46,50,56,57,68,73,76,82,94,105,132,143,148,166,171,172,173,178,183,186,192,193,199,217,218,225,250,256,270,275,276,278,294,300,303,310,312,323,325,333
20:4,6,10,31,23,36,48,49,50,52,55,65,69,71,76,91,96,99,108,110,111,118,119,122,133,146,149,155,158,160,165,167,172,174,176,191,211,213,215,220,229,240,241,245,251,252,266,279,284,286,307,309,310,318,321,324,325,336
21:10,18,213,28,36,38,42,49,50,69,76,77,82,86,87,88,96,105,111,120,144,156,160,168,169,173,180,184,191,201,203,210,217,218,222,228,233,251,267,269,272,275,289,291,293,307,313,314,321,322,325,329,330,338
22:5,9,11,12,19,59,25,32,34,35,36,43,47,53,56,62,67,74,83,86,87,89,97,99,118,143,166,171,175,188,193,208,210,215,220,225,226,235,239,240,250,258,264,272,276,278,279,285,287,295,296,298,306,310,311,325
23:4,5,6,12,14,15,20,38,26,31,35,46,48,50,56,63,67,73,77,79,91,99,100,118,127,128,129,140,144,145,147,156,157,165,183,188,191,197,199,201,218,223,239,241,243,257,258,264,270,281,284,285,287,290,291,301,312,317,320,331,333,335,338
24:3,10,17,18,48,26,28,30,32,41,50,68,81,83,90,91,105,117,125,146,162,175,177,180,184,186,192,193,199,200,201,205,223,227,244,245,246,260,261,262,263,274,280,287,292,304,317,323,331,334
25:7,11,22,261,43,45,51,53,59,61,66,72,73,76,78,83,89,122,133,137,143,149,153,155,168,171,181,186,190,193,216,221,225,230,245,248,254,256,258,259,266,283,298,299,300,301,320,322,323,327,329,331,333,337
26:2,11,23,24,243,32,41,54,55,56,57,61,68,70,73,79,83,87,88,90,97,117,121,123,126,133,138,139,150,153,155,162,165,171,179,183,187,202,203,213,215,221,223,224,225,236,247,248,249,254,256,258,262,279,281,284,286,290,292,299,301,309,310,315,316,318,325,327,334
27:7,16,18,241,32,36,38,43,53,60,64,66,69,77,87,96,108,109,115,117,143,152,159,160,162,164,165,169,172,174,180,189,197,199,218,219,223,226,234,247,252,253,260,261,266,267,273,277,284,291,299,307,311,314,315,324,333
28:1,2,8,9,13,17,18,21,24,250,30,36,42,59,69,70,72,76,86,87,119,133,134,135,147,148,152,157,163,165,166,168,174,180,183,193,195,202,205,209,212,213,214,224,233,243,248,255,258,269,272,282,290,298,299,300,301,305,308,313,314,317,330,333,334,336,338
29:0,5,11,16,45,33,42,47,50,59,62,67,80,83,90,102,105,108,112,118,123,128,147,160,174,175,176,178,182,188,199,201,214,223,225,237,246,248,251,252,259,264,271,275,287,289,293,296,305,306,312,316,319,324,325,327,334
30:1,2,7,11,12,24,28,105,31,41,46,52,54,56,63,65,70,71,72,74,79,80,83,94,115,117,120,122,125,126,129,152,155,157,160,165,176,180,186,187,190,191,203,212,215,221,225,232,239,240,241,250,253,255,261,262,266,275,280,295,303,304,307,309,310,326,339
31:20,23,30,236,34,42,45,46,47,50,66,70,77,81,90,96,100,116,121,125,130,137,147,148,154,155,170,171,175,178,187,195,196,198,200,207,212,221,226,230,231,237,240,244,249,262,272,280,281,288,291,298,307,313,327,331,335,338
32:1,5,12,16,17,22,24,26,27,125,49,52,56,63,65,66,68,71,74,85,88,93,98,99,103,106,108,110,114,115,118,120,127,137,145,148,152,153,154,157,162,168,170,171,176,183,184,187,190,192,195,197,206,208,215,217,227,229,235,251,252,258,267,274,279,284,291,297,301,303,309,313,333,334,339
33:4,29,92,35,36,41,43,58,66,67,74,77,89,93,94,95,97,98,107,108,109,116,125,127,134,144,149,150,161,162,169,170,172,175,176,184,189,190,194,197,199,200,203,210,213,217,219,220,223,237,240,248,249,252,255,264,267,270,275,295,296,298,305,319,322,325,326,331,333,336
34:4,6,10,22,31,187,42,46,53,57,62,67,74,76,78,80,106,109,115,118,130,133,138,143,145,146,154,155,163,164,166,172,173,176,177,178,189,210,212,218,223,224,229,234,238,244,249,263,270,278,281,284,288,294,298,300,314,315,317,318,325,327,337
35:1,13,22,23,33,73,51,56,60,62,63,68,70,78,85,88,104,109,113,114,117,134,146,156,158,171,187,198,202,206,207,216,219,222,223,236,239,245,248,252,254,255,263,271,274,278,282,289,294,298,302,307,313,318,320,322
36:0,18,20,21,22,27,28,33,49,40,42,52,63,66,68,76,77,98,103,106,111,118,120,129,132,135,137,139,141,142,151,159,168,176,183,193,200,202,207,216,217,219,232,241,242,244,246,252,254,258,262,263,265,274,280,283,287,301,310,312,319,333,334
37:1,6,12,322,43,47,48,52,56,75,81,83,96,102,103,110,113,115,118,120,144,146,151,166,178,189,194,203,205,216,223,225,227,228,230,241,248,253,257,259,275,277,301,310,314,323,329
38:9,18,21,23,27,153,40,48,65,66,67,78,87,89,93,94,98,109,111,119,120,121,125,126,139,146,150,154,158,170,172,174,175,176,182,189,197,224,225,236,237,240,248,252,253,254,256,258,268,278,293,296,298,306,311,321,323,329,333,335,338,339
39:86,40,50,57,58,62,77,78,80,81,85,89,91,92,94,97,129,131,134,152,157,163,164,168,172,173,183,188,189,197,207,211,217,230,233,242,250,251,259,266,268,271,273,277,278,283,286,294,296,302,305,312,316,321,323,328,333,334,335
40:7,17,19,36,38,39,217,47,48,68,70,79,84,94,96,116,125,136,138,144,148,155,166,169,174,177,179,197,199,201,202,203,221,229,244,255,259,264,279,285,288,294,300,302,308,311,313,335,338,339
41:2,5,9,18,24,26,30,33,46,48,49,50,62,63,70,71,75,80,82,94,106,116,117,118,121,123,129,136,137,144,149,155,171,184,190,192,195,199,215,231,242,248,252,271,296,297,327,331,334,336
42:0,6,16,21,28,29,31,34,36,157,50,62,67,73,83,85,86,87,94,97,106,117,128,129,130,140,148,156,158,185,192,193,210,212,217,224,228,239,240,247,249,258,262,271,272,289,295,297,298,300,303,307,308,309,312,322,326,328,331,333
43:0,3,8,11,17,22,25,27,33,37,270,47,48,50,51,57,64,75,76,80,94,100,106,108,109,113,114,116,125,131,133,139,148,150,151,155,161,165,169,181,183,190,195,196,203,204,208,211,216,232,233,234,238,247,258,269,280,286,288,297,298,300,301,304,307,318,323,327,334,335
44:2,16,61,46,68,70,76,97,101,108,118,122,125,132,133,134,156,159,160,164,169,174,178,179,182,190,194,196,197,207,214,216,235,238,243,254,263,266,271,278,281,284,285,287,290,291,294,296,299,301,308,309,310,321,330,336
45:4,6,8,25,29,31,148,50,52,55,57,73,77,79,81,82,87,92,98,100,107,112,115,116,126,130,138,140,144,147,151,167,178,181,188,191,198,217,219,234,236,256,257,258,271,276,278,279,284,294,295,303,308,309,311,314,319,322,327,328,334,336
46:4,9,19,23,30,31,34,41,44,319,47,51,54,57,62,63,68,74,79,90,92,96,99,108,115,119,122,132,133,140,144,147,151,152,156,160,169,175,176,177,182,184,189,190,193,194,207,211,216,221,235,251,259,271,274,279,285,286,288,289,295,299,309,314,322,325,337
47:3,4,22,29,31,37,40,43,46,238,52,59,60,67,75,79,80,81,82,83,104,108,112,116,123,125,131,133,138,142,149,153,158,168,178,181,205,219,232,233,237,240,244,248,249,253,254,265,267,269,275,276,280,287,293,294,304,309,314
48:14,20,23,24,37,38,40,41,43,262,55,56,60,72,77,82,98,101,106,113,121,130,137,139,142,144,150,152,157,164,166,168,170,178,186,187,204,218,232,233,237,238,240,243,246,247,249,256,268,277,279,298,303,306,312,325,328,330
49:1,5,10,17,20,21,32,36,41,68,52,55,58,60,76,84,86,94,105,109,122,129,144,155,171,172,174,198,201,204,210,215,216,230,231,233,250,259,260,265,271,272,284,286,287,288,302,303,305,311,324,328,333
50:0,9,11,12,13,16,19,20,21,23,24,29,31,39,41,42,43,45,225,69,73,85,90,114,117,122,130,133,158,167,180,190,191,194,196,200,204,206,210,212,218,219,239,287,288,290,296,306,308,309,310,318,322,323,326,332,333
51:11,25,35,43,46,205,57,60,62,63,64,78,79,80,81,94,101,111,130,146,154,162,166,181,190,191,193,194,207,216,222,234,238,240,242,255,263,272,273,274,278,279,281,287,289,292,298,300,301,302,314,331
52:4,5,6,10,20,30,32,36,37,45,47,49,315,66,70,76,81,90,102,103,104,111,120,133,135,160,169,173,176,181,183,185,192,200,210,217,225,232,235,243,247,248,259,271,275,277,278,285,302,305,311,312,323,331,333,337
53:7,10,16,22,25,27,34,195,63,66,67,85,87,91,98,100,105,109,118,120,133,135,138,142,154,163,164,173,177,179,181,197,202,207,211,217,219,230,235,237,242,244,255,257,258,261,273,274,284,293,297,316,318,321,323,328,335,336
54:6,26,30,46,65,59,73,76,77,80,83,87,92,100,102,109,131,135,145,146,148,150,159,161,167,200,220,227,232,239,249,260,288,293,294,304,311,312,318,321,322,326,334,335,336
55:0,1,8,15,17,20,26,45,48,49,246,56,61,72,73,75,78,83,87,96,107,109,112,114,116,126,136,140,143,152,159,174,175,178,185,188,193,194,203,213,215,219,225,233,236,239,242,248,250,269,275,276,277,282,285,287,293,300,309,317,323,324,332,335
56:10,19,22,23,26,30,32,35,37,48,55,266,59,60,75,78,84,91,96,98,100,103,106,115,119,121,129,132,135,155,167,170,182,187,190,191,195,210,214,216,222,239,240,253,261,263,270,272,276,280,285,289,294,303,326,329,337,339
57:0,1,4,19,26,34,39,43,45,46,51,313,59,71,76,79,81,83,87,92,95,97,102,105,116,121,126,132,133,161,162,163,165,166,170,172,173,185,193,197,206,208,216,222,241,248,258,267,268,273,275,280,289,295,304,316,331,339
58:2,5,13,16,18,33,39,49,260,65,67,69,80,91,95,103,109,114,115,121,125,132,148,162,172,178,193,196,212,222,225,229,235,238,248,258,261,270,271,275,288,295,314,329,332,337
59:11,14,15,22,25,28,29,47,54,56,57,167,72,73,80,85,90,102,110,113,114,117,119,120,130,131,149,162,166,180,190,191,197,200,226,231,232,236,252,256,264,265,270,272,277,279,286,297,300,301,302,315,326,334
60:5,6,7,13,27,35,47,48,49,51,56,285,69,72,73,79,80,87,93,96,99,100,107,108,111,114,117,127,128,130,131,137,138,141,154,163,164,165,166,167,174,176,183,184,191,193,194,204,206,209,213,215,222,223,232,241,252,254,262,270,281,284,290,294,295,296,298,328,330,337
61:3,10,25,26,44,55,251,64,71,80,86,88,92,155,160,169,173,174,178,179,184,187,195,201,213,218,219,224,231,232,234,240,244,245,252,257,262,264,265,273,278,287,288,320,325,333,339
62:10,22,29,34,35,39,41,42,46,51,130,73,78,79,82,84,89,99,106,107,112,115,116,117,120,121,126,128,132,134,152,155,159,172,174,176,177,181,200,202,209,218,222,226,229,230,233,235,245,249,251,272,277,280,281,286,289,291,295,297,300,306,309,316,326,336,339
63:6,9,11,17,23,30,32,35,36,41,46,51,53,90,68,71,75,77,86,92,97,103,114,128,137,139,159,162,167,172,173,177,182,187,195,204,205,207,208,209,219,221,240,253,254,255,257,260,265,277,283,285,287,293,299,304,310,316,318,322,339
64:1,4,8,15,18,27,43,51,61,80,65,73,75,103,109,121,126,141,143,145,162,166,169,172,177,238,242,256,257,258,261,269,278,280,281,283,314,322,324,331,333,334,336,339
65:4,15,17,20,30,32,38,54,58,64,289,66,71,72,76,82,86,91,92,112,114,137,142,143,153,160,165,173,178,186,190,210,216,217,218,231,233,234,237,241,252,253,254,277,294,296,306,313,317,318,321,322,329,332,333,338
66:14,18,25,27,31,32,33,36,38,52,53,65,209,67,77,84,87,88,120,127,135,142,148,153,174,178,179,186,198,204,215,221,223,233,237,242,244,255,257,270,291,294,298,302,305,316,322,324,325,338
67:4,8,18,22,23,29,33,34,38,42,47,53,58,66,275,69,76,88,91,101,113,130,134,143,159,161,170,171,173,191,197,201,202,204,206,223,225,227,228,235,249,261,277,281,286,293,312,315,318,324,327,336,338
68:0,2,7,14,19,24,26,32,35,36,40,44,46,49,63,286,85,87,92,93,99,106,109,111,127,129,132,133,145,149,160,166,168,171,174,189,190,194,203,204,208,210,229,245,249,266,300,319,322,328,337
69:1,2,20,21,27,28,50,58,60,67,304,71,76,78,81,89,92,93,100,104,112,122,128,132,133,135,139,144,151,166,173,180,192,202,206,212,217,224,246,250,269,274,275,286,290,291,298,308,311,322,324,325,326,328,334
70:2,7,11,16,26,28,30,31,35,40,41,44,52,94,82,85,93,100,104,105,110,120,126,127,128,132,141,146,149,164,170,178,184,191,194,195,197,218,219,222,241,266,268,276,278,299,305,307,311,321,323,324,325,328,330,336
71:5,10,18,20,30,32,41,57,61,63,65,69,77,85,88,89,130,141,151,161,162,168,171,173,181,186,189,192,207,225,228,229,241,243,267,281,284,296,309,317,320,332,337
72:5,11,12,25,28,30,48,55,59,60,65,161,75,83,89,91,97,98,102,109,113,115,117,123,128,129,132,139,144,145,153,154,157,168,194,202,217,221,226,234,235,262,278,287,291,306,307,308,310,313,316,322,326,329,331,338,339
73:10,19,23,25,26,35,42,45,50,54,55,59,60,62,64,166,89,92,96,102,105,108,113,114,116,117,118,132,135,136,142,144,150,152,157,164,174,187,201,206,213,230,234,235,245,251,255,256,260,263,265,275,276,282,294,298,302,311,314,319,326,331,332,333,334
74:1,3,6,10,13,15,18,22,30,32,33,34,46,157,85,86,90,115,137,147,150,170,181,185,200,211,213,217,223,231,232,233,247,249,250,256,259,270,272,275,276,288,293,294,304,316,322,324,326,333,337,339
75:1,3,6,11,13,17,37,41,43,47,55,56,63,64,72,301,84,96,98,105,107,111,119,121,123,133,136,138,139,143,152,156,166,172,181,205,208,211,228,242,254,266,269,271,272,273,276,277,279,282,292,293,300,309,317,318,332
76:9,16,18,19,20,21,25,28,34,36,43,44,49,52,54,57,65,67,69,180,82,86,94,95,106,111,121,138,161,162,163,165,177,193,194,198,204,209,222,242,250,257,258,259,261,262,272,277,280,283,284,288,289,295,307,312,316,321,330,332,337,338
77:0,21,23,27,31,33,36,39,45,48,54,63,66,71,190,78,90,93,95,97,100,102,107,109,112,120,126,130,136,148,152,158,161,170,179,183,186,193,198,199,215,220,222,234,241,246,267,272,273,275,278,282,296,297,298,299,305,314,321,324,326,329,338
78:5,14,17,25,34,35,38,39,51,55,56,62,69,77,316,79,82,83,99,108,115,120,121,126,138,140,142,155,163,165,166,167,175,187,192,203,206,213,233,245,249,251,254,258,272,273,276,281,286,290,291,302,308,312,314,326,328,338
79:0,9,15,17,23,26,30,40,45,46,47,51,57,60,62,78,306,84,85,87,92,93,95,98,100,107,113,120,128,140,148,158,166,172,177,184,185,186,189,191,194,197,199,200,201,223,227,228,231,234,236,243,261,268,278,279,281,295,296,305,311,313,315,316,319,326,327
80:14,29,30,34,39,41,43,47,51,54,58,59,60,61,64,132,82,83,85,88,92,94,95,107,113,119,121,122,138,146,148,151,154,160,175,191,194,200,206,217,221,237,240,248,261,266,273,278,285,297,313,317,337
81:4,7,18,24,31,37,39,45,47,51,52,57,69,87,85,93,98,100,101,108,118,119,126,132,137,140,144,150,159,165,170,172,181,187,193,198,202,206,208,217,226,229,263,276,278,279,289,294,298,308,317,318
82:10,12,16,18,19,21,41,45,47,48,62,65,70,76,78,80,195,89,93,95,109,116,119,120,125,129,137,139,143,145,149,151,159,161,169,170,179,192,204,207,208,209,210,212,222,229,230,231,233,238,240,248,250,260,264,265,266,268,271,278,288,290,295,304,305,311,318,323,332,336
83:3,14,22,24,25,26,29,30,37,42,47,54,55,57,72,78,80,248,99,108,124,127,128,134,137,157,158,159,170,174,178,180,187,189,195,223,224,226,227,235,238,240,244,288,290,291,296,299,300,302,304,305,306,307,314,328,331
84:6,7,40,49,56,62,66,75,79,323,87,88,90,113,115,116,120,128,132,148,151,154,158,164,169,184,185,186,188,189,207,213,216,217,221,230,239,245,255,265,273,276,299,300,304,308,309,327
85:4,32,35,39,42,50,53,59,68,70,71,74,79,80,81,234,90,109,111,122,125,137,141,143,144,152,154,157,164,179,186,187,193,198,204,208,216,218,231,245,252,260,261,269,272,280,282,286,289,296,299,305,310,313,315,322,332
86:0,1,5,6,13,15,18,21,22,28,39,42,49,61,63,65,74,76,153,103,107,120,121,130,134,142,148,150,151,173,174,178,197,207,210,211,217,230,241,244,248,261,267,271,296,298,308,311,324,339
87:11,21,22,26,27,28,38,42,45,53,54,55,57,60,66,68,79,81,84,129,103,108,115,120,126,130,138,141,144,145,148,149,156,169,176,177,178,182,188,190,191,198,210,218,219,223,225,232,238,241,247,259,260,278,295,303,306,321,323,330,331,339
88:5,9,13,14,21,26,32,35,61,66,67,71,80,84,220,92,94,100,112,114,118,129,139,148,150,154,178,179,189,208,216,218,225,231,238,249,256,258,259,262,265,273,281,297,308,309,315,320,328,336
89:0,4,12,13,18,22,25,33,38,39,62,69,71,72,73,82,176,90,103,104,107,111,134,135,142,145,146,149,157,158,162,186,193,207,208,211,225,240,248,259,288,310,315,319,321,331,338
90:0,3,24,26,29,31,46,50,52,59,63,74,77,84,85,89,129,91,100,118,119,120,124,133,138,139,141,145,154,181,192,195,209,216,218,221,222,225,227,228,231,236,241,262,271,275,276,277,279,284,288,294,296,311,314,317,329,333,339
91:10,12,13,18,20,23,24,39,53,56,58,65,67,72,90,178,93,97,98,117,122,125,126,133,134,139,141,154,173,177,180,181,182,183,191,192,196,206,225,229,235,238,252,256,261,268,301,305,310,315,316,324,339
92:0,3,8,9,14,33,39,45,46,54,57,61,63,65,68,69,73,79,80,88,305,93,105,117,120,121,138,139,155,158,159,168,172,175,177,184,195,198,203,210,219,227,236,243,268,279,281,286,296,302,318,328,332,336
93:1,3,4,8,18,32,33,38,60,68,69,70,77,79,81,82,91,92,139,101,104,108,110,112,114,122,124,125,131,144,145,154,174,190,193,196,197,202,204,208,212,215,216,222,226,227,232,239,241,244,257,258,261,272,277,279,283,285,287,289,290,297,298,300,310,311,322,325,330,334,335,339
94:6,18,19,30,33,38,39,40,41,42,43,49,51,70,76,80,88,116,105,118,128,130,138,148,149,152,154,155,157,162,165,167,175,186,189,196,216,225,227,229,230,239,241,261,270,279,280,301,304,306,307,311,328,331,333,338,339
95:7,10,12,33,57,58,76,77,79,80,82,220,96,100,103,110,111,116,119,125,128,131,134,135,137,139,147,153,157,158,161,164,165,168,175,181,182,193,200,208,210,212,219,224,225,232,237,238,239,242,243,247,248,255,264,282,290,292,296,300,304,308,311,312,316,322,324,329,332,338,339
96:16,20,21,27,31,37,40,46,55,56,60,73,75,95,226,106,116,117,119,120,122,129,131,135,144,146,157,159,172,174,176,189,191,208,209,213,215,217,220,232,236,247,249,253,255,258,259,270,273,294,317,319,320,335,339
97:2,3,5,13,22,26,33,39,42,44,57,63,72,77,91,284,113,121,134,135,140,143,161,167,170,171,172,175,178,182,188,190,192,194,198,203,217,220,223,227,236,238,240,244,253,255,259,273,274,293,295,304,307,320,321,322,332
98:0,2,11,15,18,32,33,36,38,45,48,53,56,72,75,79,81,91,307,111,118,132,143,147,150,154,160,175,180,186,189,191,192,193,199,205,212,228,229,232,233,246,247,249,252,255,272,274,279,285,288,293,312,320,323,326,328
99:7,11,13,20,22,23,32,46,60,62,68,78,83,185,102,107,114,116,129,131,140,142,146,150,151,152,157,158,170,172,173,177,183,184,186,190,198,206,208,221,222,226,227,241,261,277,280,282,310,322,324,329,332
100:3,5,18,23,31,43,45,53,54,56,60,69,70,77,79,81,88,90,95,178,113,118,136,140,141,157,161,167,168,174,191,207,209,220,222,223,225,239,242,246,252,256,258,261,276,279,280,283,289,294,296,302,307,339
101:15,16,44,48,51,67,81,93,125,105,120,127,131,138,147,153,162,190,203,208,216,218,222,225,227,250,252,256,259,264,268,273,279,280,283,284,289,293,294,299,312,321,332,339
102:4,8,13,14,18,29,37,52,54,57,59,72,73,77,99,258,109,113,117,120,121,124,126,129,130,133,140,157,160,168,177,182,183,195,202,206,216,218,220,222,239,240,243,251,252,259,263,264,268,269,272,274,282,286,296,300,302,304,314
103:1,6,13,16,32,36,37,52,56,58,63,64,86,87,89,95,223,106,109,110,111,113,118,121,122,125,146,147,152,168,178,179,203,212,229,234,244,249,271,274,277,281,290,302,323
104:2,7,35,47,52,69,70,89,93,305,105,106,120,124,129,130,134,135,137,139,141,144,151,154,174,183,184,187,213,214,223,226,228,232,233,234,250,261,270,272,275,292,295,297,298,308,310,313,315,323,335
105:0,1,11,16,19,21,24,29,30,49,53,57,70,73,75,92,94,101,104,235,106,114,124,129,131,138,140,145,151,188,189,191,192,198,199,200,204,213,216,231,233,255,260,261,267,276,282,283,291,296,297,302,303,316,332,335,336
106:17,32,34,36,41,42,43,48,56,62,68,76,96,103,104,105,139,107,109,119,126,129,143,148,150,160,162,164,173,180,184,189,195,197,202,203,206,210,216,217,219,220,225,229,230,235,244,252,258,264,268,272,281,284,300,303,309,318,321
107:2,3,9,11,14,33,45,55,60,62,75,77,79,80,86,89,99,106,157,120,122,125,126,127,130,132,133,134,149,154,161,162,164,168,172,178,183,184,189,201,205,207,216,223,224,227,235,247,252,257,260,274,283,290,299,303,304,310,319
108:0,20,27,29,32,33,43,44,46,47,60,73,78,81,83,87,93,256,124,126,128,148,153,158,162,163,167,172,180,182,188,191,201,210,214,217,226,228,231,244,254,258,261,274,283,286,297,300,301,304,305,308,322,325,326,327,328,330,337
109:1,3,4,12,27,33,34,35,38,43,49,53,54,55,58,64,68,72,77,82,85,102,103,106,144,110,118,119,122,125,130,135,140,150,151,159,166,170,174,176,180,188,198,202,204,208,212,215,221,225,241,242,246,251,252,253,257,264,266,275,281,290,292,293,310,323,326,334
110:9,11,14,15,20,32,37,59,70,93,95,103,109,138,111,113,132,136,146,150,153,156,157,165,168,172,173,175,176,183,200,203,215,216,217,223,242,246,249,253,257,277,279,288,296,311,315,320,326,328,332,333,337
111:2,3,8,10,11,14,20,21,36,38,51,52,60,68,75,76,85,89,95,98,103,110,242,114,115,116,117,118,128,132,134,142,146,149,153,155,160,163,166,170,176,182,183,187,194,201,222,234,248,258,262,263,267,271,273,279,281,288,295,303,309,311,312,315,320,322,327
112:1,29,45,47,55,62,65,69,77,88,93,125,115,129,130,139,143,144,152,158,161,164,171,175,176,192,195,196,197,199,206,212,219,220,231,238,241,244,260,265,271,274,280,284,292,295,300,304,307,312,313,314,320,325,326,327
113:2,7,10,35,37,43,48,59,67,72,73,79,80,84,97,100,102,103,110,219,114,116,136,141,155,158,165,168,169,173,174,176,178,185,187,196,199,202,206,214,217,229,246,248,252,255,262,275,280,281,287,297,301,307,309,323,333,336,337
114:8,13,15,16,17,32,35,43,50,55,58,59,60,63,65,73,88,93,99,105,111,113,153,124,126,130,132,134,136,139,147,150,154,156,182,184,195,220,223,238,241,253,254,257,265,266,269,270,271,272,281,286,294,295,296,309,315,320,329,330,335,337
115:5,12,27,30,32,34,37,45,46,56,58,62,72,74,78,84,87,111,112,160,119,121,133,138,139,148,176,177,178,200,219,222,229,233,250,271,277,281,289,291,293,303,320,332
116:4,7,16,18,31,33,40,41,43,45,47,55,57,62,73,82,84,94,95,96,99,111,113,119,118,126,129,130,143,147,150,159,170,181,204,206,207,218,221,224,234,236,247,253,257,261,266,285,296,306,307,309,313,314,319,320,328,330,333
117:0,6,24,26,27,30,35,41,42,50,59,60,62,72,73,91,92,96,102,111,179,119,129,137,142,147,149,155,161,171,175,186,198,200,205,208,209,217,244,254,260,262,269,274,280,284,294,296,314,317,320,322,333,336
118:6,10,12,20,22,23,29,32,34,36,37,41,44,53,73,81,88,90,94,98,100,103,109,111,116,253,133,146,150,152,164,181,202,212,213,218,224,226,234,236,238,255,257,262,270,274,276,281,290,292,293,297,299,309,310,314,321,334,335,338
119:11,12,16,20,28,38,46,56,59,75,80,81,82,90,95,96,106,109,115,116,117,177,128,129,137,139,141,160,163,167,175,179,183,184,185,188,189,190,191,192,208,213,216,225,229,230,234,236,245,251,261,283,291,297,304,307,311,319,329,331,332,337
120:7,14,16,21,30,32,36,37,38,52,53,59,62,66,70,77,78,79,82,84,86,87,90,92,96,101,102,104,107,185,121,122,125,132,135,140,145,153,167,173,174,181,188,192,200,208,213,214,215,216,218,245,247,249,256,257,263,265,267,268,271,275,281,289,303,307,310,317,318,321,323,326,336,337
121:4,7,10,15,26,31,38,41,48,56,57,58,62,64,75,76,78,80,86,92,97,102,103,115,120,336,125,126,135,146,149,162,164,171,180,189,198,201,205,206,217,238,240,250,254,259,270,271,292,317,335,337
122:0,3,20,25,30,44,46,49,50,69,80,85,91,93,96,103,107,109,120,331,131,139,160,167,171,179,189,190,201,206,231,235,239,241,242,245,254,263,273,278,290,295,297,311,312,315,316,318,322
123:6,8,15,16,26,29,41,47,72,75,338,124,126,130,131,140,143,145,147,151,154,161,162,165,170,176,184,185,187,188,198,210,215,219,231,242,257,261,266,269,271,275,278,281,300,308,312,315,321,333,337
124:6,10,16,83,90,93,102,104,105,108,114,123,176,128,148,153,154,164,177,178,196,220,226,233,234,237,250,251,255,257,268,271,273,279,293,296,302,305,310,315,321,325,334
125:15,24,30,31,32,33,38,40,43,44,47,58,82,85,91,93,95,101,103,107,109,112,120,121,261,126,145,158,170,176,184,188,190,194,197,205,207,209,213,219,220,222,223,233,238,239,244,248,249,251,266,269,271,272,275,276,277,282,286,288,291,293,296,301,310,315,322,324,326,328,332,333,335,339
126:3,5,8,10,26,30,38,45,55,57,62,64,70,77,78,81,87,91,102,106,107,108,114,116,121,123,125,276,131,137,145,151,161,164,167,174,198,199,203,209,217,223,224,229,233,238,247,251,254,266,268,271,282,285,298,299,302,303,305,308,313,337
127:14,15,17,23,32,33,60,66,68,70,83,101,107,241,142,149,150,154,157,158,161,165,166,182,195,197,217,223,231,234,235,238,242,245,262,276,279,282,294,296,300,304,309,313,320
128:7,13,23,29,42,60,62,63,69,70,72,79,83,84,94,95,108,111,119,124,167,135,137,151,153,155,165,176,179,186,187,194,198,228,234,237,238,240,246,247,253,256,265,280,285,288,296,317,323,324,327,329
129:0,14,23,30,36,39,41,42,49,56,68,72,82,87,88,90,96,99,102,104,105,106,112,116,117,119,264,136,147,152,158,164,180,184,193,212,224,227,233,236,240,247,248,257,266,271,274,296,297,303,306,307,323,329,336
130:1,4,5,15,31,34,42,45,48,50,51,59,60,62,67,71,77,86,87,94,102,104,107,109,112,114,116,123,301,148,151,154,158,162,163,168,172,173,174,176,180,201,210,211,218,220,221,223,236,241,249,256,268,269,282,284,287,289,293,297,298,305,306,307,308,310,322,335
131:3,6,8,14,15,16,17,39,43,47,54,59,60,93,95,96,99,101,105,122,123,126,158,136,173,186,224,225,233,234,235,236,238,243,244,250,251,257,261,263,264,266,267,268,274,275,279,287,295,299,303,317,320,322,326,336,337
132:2,14,19,36,44,46,56,57,58,62,68,69,70,72,73,80,81,84,98,107,110,111,114,120,251,152,155,156,164,165,168,182,198,202,205,217,225,226,232,236,238,263,265,268,274,279,280,288,294,301,302,313,316,318,319,321,323,332
133:4,12,20,25,26,28,34,43,44,46,47,50,52,53,57,68,69,75,90,91,102,107,115,118,193,137,142,158,159,179,181,198,199,207,211,216,218,219,222,223,225,229,233,235,245,249,256,265,266,270,291,293,305,318,326,331,332,338
134:28,33,35,39,44,62,67,83,86,89,91,95,97,104,107,111,114,212,136,143,149,151,157,158,164,173,175,176,185,187,191,205,207,215,216,227,232,236,240,242,251,254,255,260,269,271,272,278,280,281,294,300,316,327,332,336
135:4,5,12,28,36,52,53,54,56,66,69,73,89,95,96,97,104,109,120,121,128,155,139,153,159,169,171,176,177,178,194,202,214,216,218,219,225,226,248,251,254,260,268,269,272,282,284,287,295,301,303,304,306,315,320,321,326,327,332,336,337
136:6,40,41,55,73,75,77,100,110,113,114,129,131,134,250,139,144,146,153,157,159,163,185,186,191,192,197,199,211,215,229,237,247,252,255,266,269,272,276,283,291,295,307,308,309,310,320,325,327,339
137:0,1,9,25,31,32,36,41,48,60,63,65,74,81,82,83,85,95,104,117,119,126,128,133,296,138,143,144,145,149,155,161,169,176,177,183,184,188,189,191,202,206,215,218,225,232,233,244,249,257,260,262,275,280,289,310,319,328,329,333
138:1,9,26,34,40,45,47,53,60,75,76,78,80,87,90,92,94,101,105,110,115,137,302,141,142,143,144,147,158,163,170,171,184,186,187,189,193,201,206,214,215,218,234,238,240,241,257,258,259,265,270,271,274,281,305,306,308,312,325,329,330,335
139:0,3,8,15,26,36,38,43,48,63,69,72,75,82,88,90,91,92,93,95,104,106,112,114,115,119,122,135,136,199,144,146,147,163,166,170,172,179,188,204,205,212,231,236,241,248,252,254,265,267,268,269,276,278,279,287,290,291,297,301,310,313,320,322,325
140:2,6,14,15,23,42,45,46,55,78,79,81,97,99,100,102,105,109,120,123,268,152,153,164,167,169,170,171,177,187,193,205,207,210,211,230,235,249,251,252,254,261,274,280,282,285,287,293,295,303,308,318,324,337
141:1,2,3,7,8,10,11,14,17,36,60,64,70,71,85,87,90,91,100,104,113,119,138,256,142,144,148,158,159,182,191,199,201,209,211,216,222,226,228,229,230,233,235,254,262,276,284,305,310,314,320,331,337
142:6,10,11,12,14,36,47,48,53,65,66,73,78,86,89,99,111,117,127,133,138,141,219,150,158,159,161,164,166,175,181,186,188,204,210,217,222,230,235,236,241,242,255,256,261,263,264,267,268,274,275,277,297,300,302,303,304,327,328,330
143:7,16,19,22,25,27,34,55,64,65,67,75,82,85,97,98,106,112,116,123,134,137,138,151,149,160,162,165,168,169,171,176,179,184,193,194,197,203,214,216,219,222,224,229,231,232,241,252,265,272,275,281,287,288,289,292,297,300,305,306,323,325,339
144:0,2,21,23,33,37,40,41,45,46,48,49,69,72,73,81,85,87,93,96,104,109,112,136,137,138,139,141,282,152,162,165,166,176,181,187,208,220,231,240,249,252,254,259,264,277,294,298,300,303,309,325,335,336
145:1,12,23,32,34,54,64,68,72,82,87,89,90,93,105,120,123,125,126,137,208,146,149,153,166,181,188,189,191,197,201,212,218,225,228,231,248,261,267,269,272,278,299,312,318,321,323,324,325,329
146:1,14,20,24,34,35,37,38,51,54,70,80,89,96,99,103,110,111,118,121,136,139,145,314,153,154,158,177,183,198,210,211,221,226,233,238,240,241,242,245,248,251,254,278,279,289,302,303,307,310,311,318,324,326,331,334,335
147:2,8,9,23,28,29,31,45,46,74,95,98,101,103,114,116,117,123,129,138,139,180,151,153,156,170,173,174,185,198,202,203,208,211,220,225,233,246,247,248,249,253,254,257,268,276,290,291,314,316,329,333,336,338
148:2,7,9,10,15,19,28,31,32,40,42,43,45,54,58,66,77,79,80,84,86,87,88,94,106,108,115,124,130,141,214,155,159,163,166,175,176,180,203,211,215,229,231,243,248,249,255,258,265,266,274,279,280,287,291,300,304,311,314,318,327,329,336
149:1,7,9,11,13,20,25,33,41,47,59,68,70,82,87,89,94,107,111,117,121,127,134,137,143,145,323,156,159,161,166,174,183,189,194,197,203,206,211,212,218,225,230,245,251,271,275,279,285,289,297,318,321,329
150:0,3,5,7,17,26,33,38,43,48,54,73,74,81,86,88,98,99,106,109,110,114,116,118,127,142,165,154,164,166,167,179,181,190,195,198,199,201,208,231,236,243,259,260,268,278,279,284,289,291,324,328,330,332,337
151:5,14,36,37,43,45,46,69,71,80,82,84,86,99,104,105,109,123,126,128,130,134,143,147,196,158,165,166,192,194,200,204,206,207,212,216,223,233,246,248,255,256,257,258,259,265,266,270,272,274,281,296,305,309,310,318,321,333,334,338
152:1,2,3,5,27,28,30,32,39,46,48,55,62,73,75,77,85,94,99,103,112,118,129,132,140,144,177,155,157,158,162,167,183,184,189,192,193,196,200,205,208,211,213,227,231,232,254,255,256,262,267,277,283,285,288,289,293,305,307,315,327,328,336
153:0,6,7,12,15,25,26,32,38,47,65,66,72,86,95,101,108,110,111,114,120,124,128,135,136,140,145,146,147,235,155,156,164,168,173,187,189,206,209,210,213,215,218,232,239,240,242,260,263,272,274,283,285,297,311,314,327,333
154:15,16,31,32,34,38,51,53,60,72,80,84,85,88,90,91,93,94,98,104,107,114,123,124,127,130,146,150,181,155,156,159,162,165,170,179,182,188,198,202,205,206,216,234,244,255,259,260,265,269,273,277,291,295,299,304,312,314,315,318,323,325,330,337,339
155:3,4,12,16,20,25,26,30,31,34,40,41,43,49,56,61,62,78,92,94,111,113,117,128,132,135,137,148,152,153,154,156,159,161,165,168,171,180,193,194,202,204,206,213,215,222,229,233,238,242,264,276,277,278,280,283,287,290,295,301,303,306,310,312,317,327,338
156:1,4,9,10,17,21,23,35,42,44,46,75,87,110,114,132,147,149,153,154,155,202,167,169,186,194,206,210,213,218,233,242,250,256,261,263,267,273,274,277,281,287,318,322,330,333
157:2,6,7,15,23,28,30,32,39,42,48,72,73,74,83,85,89,94,95,96,99,100,102,107,110,127,134,136,152,239,159,163,165,167,170,174,177,178,181,184,185,192,195,200,202,207,211,213,222,224,231,238,241,244,251,254,260,265,272,286,291,312,317,323,336
158:8,20,35,38,42,47,50,77,79,83,84,89,92,95,99,108,112,113,125,127,129,130,131,133,134,138,141,142,146,151,152,249,160,171,175,178,180,186,187,191,193,194,198,200,211,222,224,226,230,240,243,244,247,250,265,274,277,298,301,305,306,307,314,315,317,325,334
159:0,15,27,36,44,54,55,62,63,67,81,82,83,92,96,109,116,133,135,136,141,142,148,149,154,155,157,313,167,179,185,187,191,192,202,208,210,224,233,234,239,254,258,264,275,279,280,291,306,317,319,326,329,335,337
160:2,9,17,20,21,27,29,30,44,46,52,61,65,68,80,98,102,106,111,115,119,122,143,158,191,171,187,196,197,202,205,210,215,218,228,229,230,234,238,243,244,256,263,264,272,273,279,280,290,296,307,311,312,314,335
161:15,16,33,43,54,57,67,71,72,76,77,82,95,97,100,107,112,117,123,126,127,137,142,149,155,318,167,168,180,183,202,220,226,235,236,239,251,257,258,262,269,270,271,274,306,309,315,317,320,332,335
162:3,9,13,24,26,27,32,33,51,57,58,59,63,64,71,76,89,94,101,106,107,108,121,123,130,143,144,152,154,184,165,166,174,179,188,190,192,204,206,218,219,227,229,245,246,248,258,265,266,270,281,286,289,290,297,300,303,304,305,318,328,335,337
163:16,28,34,39,53,57,60,76,78,108,111,119,130,136,138,139,148,157,221,173,175,183,189,190,195,199,201,211,214,217,218,227,229,241,251,264,266,277,287,288,302,315,316,321,325,337,339
164:7,13,27,34,39,44,48,53,60,70,73,84,85,95,106,107,112,118,121,124,126,129,132,134,140,142,150,153,338,170,181,188,189,193,198,200,205,208,209,214,215,221,224,228,229,235,248,252,256,257,262,263,267,272,288,292,301,305,307,313,315,331,332,336
165:3,10,13,15,18,20,23,26,27,28,30,43,57,60,65,76,78,81,94,95,110,113,123,127,128,132,143,144,150,151,154,155,157,162,190,168,171,185,191,196,217,218,219,220,224,226,232,234,237,239,246,253,257,266,274,280,285,299,300,302,307,310,314,315,322,326,327
166:8,19,22,28,34,37,40,48,51,57,59,60,64,68,69,73,75,78,79,109,111,127,139,142,144,145,148,149,150,151,162,204,167,172,184,187,194,198,219,220,227,228,238,239,249,253,255,265,269,274,278,282,290,300,305,307,308,317,320,328,329,335
167:15,20,45,50,54,56,59,60,63,78,94,97,100,108,119,120,122,126,128,140,150,152,156,157,159,161,166,176,178,179,193,201,209,211,215,218,243,247,249,251,265,271,274,281,283,285,292,294,301,316,318,320,321,338
168:15,16,21,25,28,32,36,39,47,48,68,71,72,92,95,100,102,103,107,110,113,130,132,143,153,155,161,165,245,173,176,195,210,215,219,232,237,240,243,248,253,254,255,256,262,266,267,270,274,275,300,304,305,322,327,331,336,339
169:0,7,9,10,15,21,27,33,40,43,44,46,52,61,64,82,84,87,113,135,137,140,143,156,173,170,174,182,188,193,194,200,205,220,221,230,231,241,242,252,256,261,272,280,283,288,293,304,307,315,319,323,324,328,330
170:5,14,18,31,32,33,38,48,56,57,67,70,74,77,81,82,83,97,99,109,111,116,123,125,138,139,140,147,154,157,164,169,276,171,175,179,180,186,192,200,207,213,220,232,235,245,252,255,263,270,275,280,283,287,292,294,308,311,319,332
171:2,3,5,8,12,18,19,22,25,26,31,32,35,41,49,67,68,71,97,112,117,121,122,135,138,140,143,155,158,160,165,170,319,178,183,192,204,210,216,218,224,227,230,247,249,254,255,261,263,264,271,275,278,279,290,294,297,305,318,321,325,328,332,338
172:0,18,19,20,27,33,34,38,39,49,57,58,62,63,64,75,79,81,92,96,97,99,107,108,110,130,139,166,210,174,179,182,186,188,192,196,201,219,232,244,246,251,257,270,273,279,291,295,305,311,317,338
173:8,12,17,19,21,34,39,52,53,57,61,63,65,67,69,71,86,91,99,106,110,113,120,130,131,134,147,153,163,168,169,236,177,181,185,188,190,191,193,198,200,207,210,216,221,231,233,238,241,246,253,254,263,268,270,280,284,304,306,309,311,315,319,335,337
174:0,1,6,20,27,28,29,38,40,44,49,55,60,61,62,66,68,73,83,86,93,96,100,104,109,113,120,126,130,147,149,157,162,169,172,330,182,193,195,196,209,214,226,230,231,243,249,258,269,276,279,284,286,292,304,311,313,320,327,331,335,337
175:4,11,13,22,24,29,31,33,38,46,55,78,80,92,94,95,97,98,110,112,117,119,134,142,148,158,163,170,338,190,194,196,199,208,216,220,230,234,240,244,249,252,255,256,257,259,260,267,284,291,292,299,303,316,318,330,334
176:3,10,20,29,30,32,33,34,36,38,46,52,60,62,87,89,96,109,110,111,112,113,115,123,124,125,128,130,134,135,137,143,144,148,167,168,252,177,181,189,192,200,219,258,267,274,289,291,293,296,302,306,320,321,326,327,329,331,336
177:1,2,3,8,9,10,24,34,40,46,53,62,63,64,76,79,87,91,92,99,102,115,119,124,135,137,140,146,152,157,173,176,270,187,200,204,211,220,225,231,233,242,246,250,274,276,278,281,287,293,299,303,312,322,328,333,334,337
178:1,5,7,9,10,11,19,29,31,34,37,44,45,47,48,55,58,61,65,66,70,83,86,87,88,91,97,100,103,107,113,115,124,135,157,158,167,171,331,180,186,192,202,208,215,220,230,235,237,239,244,262,263,266,272,279,299,309,311,326,327,329,334,336
179:0,5,8,9,11,17,18,26,40,44,53,61,66,77,82,85,88,103,117,119,122,128,133,139,143,150,154,159,162,167,170,172,267,188,216,226,227,238,242,243,261,264,266,269,271,273,274,275,278,284,285,292,298,299,314,324,326,333
180:10,16,21,24,27,28,30,50,59,69,76,83,91,98,106,108,109,121,129,130,147,148,155,158,161,170,178,331,186,191,194,216,221,225,227,228,244,245,275,276,291,306,313,314,327
181:4,25,43,45,47,51,52,53,62,71,74,75,81,90,91,95,116,118,120,133,142,144,145,150,154,157,164,173,176,230,186,190,211,216,217,220,223,228,232,237,239,242,243,247,249,255,261,263,265,275,282,290,294,304,307,309,311,316,318,334,336,338
182:3,7,14,29,38,44,46,56,63,87,91,95,97,102,108,111,114,127,132,141,154,169,172,174,210,192,196,200,202,203,206,211,212,215,223,232,233,237,239,251,265,274,275,276,282,285,288,290,292,293,302,308,311,315,333,334,337
183:6,8,10,18,19,23,26,28,32,36,39,43,52,60,77,91,99,102,104,107,110,111,119,137,146,149,152,161,163,171,212,188,195,197,202,211,216,236,237,239,254,263,269,272,273,280,281,283,285,287,288,291,300,309,311,314,316,322,324
184:7,14,15,21,24,32,33,41,46,60,61,70,79,84,92,99,104,106,107,114,119,123,125,129,137,138,143,152,157,162,166,305,189,198,205,210,227,231,246,259,261,265,267,277,292,296,304,308,313,316,319,327,331,337
185:14,42,52,55,57,74,79,84,99,113,119,120,123,134,136,147,157,159,165,173,206,186,193,195,200,211,212,232,236,238,239,240,246,248,254,259,260,263,264,280,281,283,286,293,294,296,303,310,312,337
186:5,11,18,19,24,25,30,48,65,66,71,77,79,84,85,89,94,98,99,117,128,131,136,138,142,156,158,170,172,178,180,181,185,226,195,200,209,217,228,232,243,245,247,251,255,260,262,268,280,283,284,286,287,288,293,301,306,318,319,335,337,338,339
187:14,26,30,31,32,34,35,48,56,61,63,73,78,81,83,85,104,111,113,123,128,134,138,140,144,153,158,159,160,166,177,276,191,204,205,209,214,221,226,227,236,250,252,278,279,280,284,285,289,290,297,308,314,322,329
188:2,4,9,10,11,16,22,23,29,39,45,55,84,87,97,105,108,109,119,120,123,125,137,139,142,145,154,162,164,169,172,173,179,183,217,199,202,206,207,208,219,220,229,250,253,258,261,267,274,280,285,286,289,294,299,301,311,312,314,330
189:27,33,34,37,38,39,46,68,71,79,83,84,88,94,96,98,105,106,107,119,121,122,137,138,145,149,152,153,163,164,176,184,308,193,205,229,240,245,258,262,265,266,267,275,286,297,310,312,314,315,317,324,329
190:14,16,25,30,32,33,41,43,44,46,50,51,56,59,65,68,77,87,93,97,99,101,119,122,125,150,162,163,165,173,175,181,292,194,197,212,215,222,223,237,238,249,250,255,258,259,266,291,295,297,305,308,323,329,333,337,338
191:9,11,14,15,20,21,23,30,45,50,51,56,59,60,67,70,79,80,87,91,96,98,100,105,108,119,134,136,137,141,145,158,159,160,165,173,180,187,267,193,199,203,208,211,216,225,228,229,240,249,251,253,268,275,280,284,289,303,307,308,313,315,318,336
192:0,4,5,19,24,32,41,42,52,69,71,78,82,90,91,97,98,105,112,119,120,136,151,152,157,159,162,170,171,172,176,178,182,255,203,204,215,227,233,241,250,251,258,274,288,294,295,296,299,306,307,315,319,327,335,336
193:0,1,5,13,15,19,22,24,25,28,36,42,46,51,55,57,58,60,76,77,81,85,89,93,95,98,129,133,138,140,143,152,155,158,164,167,169,173,174,185,189,191,239,196,200,209,212,222,223,224,231,236,238,241,246,254,256,269,272,279,280,294,296,297,335,339
194:12,14,17,33,37,44,46,50,51,55,60,68,70,72,76,79,80,97,111,125,128,135,143,149,151,155,156,158,166,169,175,180,190,283,197,204,210,216,218,222,227,232,241,242,248,255,256,260,261,266,274,280,289,298,305,309,311,319,322
195:4,7,12,17,18,28,31,32,41,43,53,56,61,63,70,82,83,90,92,102,106,112,114,127,150,157,163,168,174,183,185,186,240,204,205,211,217,220,230,231,247,258,263,269,303,305,315,321,329,331,334
196:1,15,31,43,44,50,58,91,93,94,112,113,124,151,152,160,165,172,174,175,182,193,316,215,217,223,228,242,263,274,279,281,288,292,299,311,315,330,332
197:4,11,12,14,23,27,32,33,38,39,40,44,53,57,59,67,70,79,86,93,106,112,125,127,136,143,145,149,160,183,190,194,308,201,204,209,217,222,227,233,236,239,251,256,267,280,282,286,291,293,296,302,304,315,321,326,337
198:14,31,35,45,49,66,76,77,81,85,87,92,97,99,105,109,117,121,123,126,128,132,133,146,147,150,154,158,164,166,173,184,212,199,203,206,215,222,228,232,243,251,253,255,272,277,278,279,283,289,290,291,307,311,322,326,327,331
199:9,15,19,23,24,27,29,33,40,41,77,79,98,105,112,113,126,133,136,139,141,150,163,175,188,191,198,214,206,210,211,213,219,220,225,227,235,244,251,256,260,269,272,273,281,286,290,297,300,303,311,320,326,339
200:1,3,15,16,18,24,31,33,36,50,52,54,59,62,74,79,80,95,105,110,115,117,120,151,152,157,158,164,169,170,173,176,177,182,185,186,193,327,213,219,222,223,226,230,233,239,242,244,245,255,256,265,266,272,277,279,285,286,289,292,295,296,298,300,303,314,316,318,321,324,333,334
201:8,15,21,23,24,29,40,49,61,67,73,79,107,108,111,121,122,130,138,141,145,150,163,167,172,197,238,203,204,205,208,213,227,228,233,236,242,246,250,267,269,270,276,278,287,308,323,326,329,330,332,337
202:0,9,12,16,26,28,35,36,40,53,62,67,69,72,81,93,102,106,109,113,118,132,135,137,147,154,155,156,157,159,160,161,178,182,183,188,208,211,217,219,240,242,245,267,272,275,288,290,310,311,322,328,330,335,336
203:8,10,14,21,26,30,33,37,40,43,55,68,78,92,97,101,103,106,110,126,143,147,148,149,182,191,192,198,201,296,218,224,231,247,251,261,262,263,270,292,300,320,329,336,337,338
204:8,13,15,43,48,49,50,60,63,66,67,68,76,82,85,93,105,109,116,139,142,151,155,162,166,171,177,187,192,194,195,197,201,275,211,215,217,224,225,227,233,234,236,242,244,251,257,263,264,276,280,283,284,288,289,294,296,297,298,299,301,306,312,332,333
205:9,10,11,13,17,19,24,28,37,47,51,63,75,98,107,117,121,125,132,134,139,140,152,154,160,164,169,184,187,189,195,201,220,207,209,212,217,224,226,228,240,243,256,265,269,273,284,288,289,298,299,303,305,307,313,321,324,326,329,334
206:7,8,13,32,35,50,57,60,67,69,73,78,80,81,91,99,102,106,112,113,116,121,122,137,138,149,151,153,154,155,156,162,182,185,188,198,199,253,210,213,221,224,225,226,227,230,231,236,243,249,259,262,264,266,269,270,273,291,296,302,303,306,309,315,319,320,337
207:1,4,9,31,35,36,39,44,46,51,53,63,71,82,84,86,89,100,107,116,125,133,134,140,151,157,170,173,188,205,258,212,215,218,219,220,221,236,242,243,244,253,261,276,283,284,285,290,291,292,308,309,311,317,329,335,338
208:16,22,32,43,57,63,68,75,81,82,85,88,89,93,95,96,99,101,109,117,119,120,144,145,147,150,152,159,164,175,178,188,191,201,202,332,220,224,226,243,246,256,260,262,267,270,275,278,287,312,313,317,333,338,339
209:0,11,12,14,15,28,60,62,63,66,76,82,90,96,100,117,125,126,141,153,164,167,174,186,187,193,197,205,295,219,229,230,240,258,262,263,265,267,268,273,283,310,322,328,330
210:9,14,15,21,22,33,34,42,49,50,52,56,65,68,82,86,87,92,95,106,108,123,130,140,142,146,153,156,159,160,168,171,172,173,182,184,194,199,206,325,220,224,226,227,228,229,238,244,248,249,250,253,257,259,268,270,273,274,283,289,291,296,301,310,318,331
211:1,5,6,12,20,39,43,46,53,74,75,86,89,130,133,136,140,141,146,147,148,149,152,157,158,163,167,177,181,182,183,185,191,195,199,202,204,253,213,223,227,228,231,234,239,245,249,250,252,259,275,279,291,292,299,306,310,316,323,324
212:2,6,28,30,31,34,42,50,58,69,82,93,95,98,103,109,112,118,129,134,139,145,149,151,182,183,185,190,193,198,205,207,221,213,219,226,229,231,238,245,246,249,257,265,290,291,308,313,314,316,324,327
213:15,18,20,21,26,28,33,55,60,61,73,74,78,84,96,104,105,118,119,120,125,152,153,155,156,157,170,199,200,201,206,211,212,284,219,227,232,237,246,248,271,276,283,293,298,300,305,308,313,330,331,334
214:2,5,9,28,29,44,56,104,108,113,120,135,138,143,148,163,164,174,187,199,236,234,240,241,246,248,269,270,278,282,284,286,290,296,297,319,322,325,330
215:2,4,15,20,22,26,30,32,41,49,55,60,66,77,93,96,109,110,120,123,134,136,137,138,148,153,155,160,164,167,168,178,182,190,192,196,198,204,207,252,230,237,260,261,282,285,287,296,301,309,328,336,338
216:3,14,25,35,36,37,43,44,46,49,51,56,57,65,84,85,88,90,93,94,101,102,105,106,107,110,119,120,133,134,135,141,143,151,154,171,173,175,179,180,181,183,191,194,271,218,221,235,236,247,256,263,266,274,282,295,297,300,301,313,315,318,323
217:5,10,11,13,19,21,32,33,36,39,40,42,45,52,53,65,69,72,74,80,81,84,86,96,97,106,108,110,113,117,121,126,127,132,142,163,165,181,186,188,195,196,197,202,204,205,262,218,223,226,238,243,252,260,271,275,279,289,294,295,302,305,310,313,330,336
218:9,17,19,21,23,27,34,48,50,61,62,65,70,85,87,88,90,101,102,116,118,120,130,133,135,137,138,145,149,153,156,160,162,163,165,167,171,194,203,207,216,217,222,221,231,237,239,253,258,265,272,286,298,302,307,311,312,317,321,328,334,337
219:0,5,18,27,33,35,36,45,47,50,53,55,61,63,70,87,92,95,106,112,113,115,123,125,133,135,142,143,162,165,166,168,172,176,188,199,200,202,207,209,212,213,336,221,243,248,256,266,270,276,279,285,287,290,294,299,303,306,311,312,317,323,328,330,332,337
220:10,11,17,20,22,33,54,77,88,95,96,97,100,102,106,112,114,124,125,130,144,147,161,165,166,169,170,175,177,178,181,188,195,199,205,207,208,210,258,227,234,236,241,244,259,261,262,265,266,268,269,272,278,285,292,297,300,316,317,329
221:15,25,26,30,31,40,46,63,66,72,80,84,90,99,109,116,130,146,163,164,169,173,180,187,206,207,212,216,218,219,260,231,237,251,253,262,265,272,273,290,301,303,305,314,332,335,338
222:1,11,12,21,35,51,56,57,58,60,62,70,76,77,82,90,93,99,100,101,102,111,115,125,133,141,142,143,155,157,158,190,193,194,197,198,200,218,244,225,226,235,247,251,266,269,282,284,288,290,292,298,322,331,337,339
223:4,8,14,23,24,26,27,29,33,34,35,37,60,66,67,74,79,83,87,97,100,103,104,107,110,114,125,126,127,130,133,151,181,182,190,193,196,200,211,217,314,234,236,265,280,282,289,292,305,306,308,312,325,326,337
224:0,2,14,15,26,28,34,38,42,61,69,83,95,107,116,118,126,129,131,143,157,158,159,164,165,171,193,203,204,205,206,208,210,290,225,228,245,258,274,298,304,305,310,311,321,325,328
225:2,7,19,22,25,26,29,30,37,38,50,52,55,58,67,71,87,88,89,90,91,94,95,100,101,106,109,119,131,132,133,135,137,145,147,149,177,180,191,199,204,206,222,224,314,231,235,256,268,270,281,285,291,295,297,310,318,331,332,336
226:4,7,10,14,16,22,27,31,59,62,72,81,83,93,96,99,104,108,118,124,132,135,141,146,158,161,165,174,179,186,187,200,205,206,208,210,212,217,222,326,234,240,242,258,260,287,291,297,313,318
227:6,24,32,37,54,67,79,83,90,92,93,94,97,99,101,107,129,134,152,162,163,166,171,179,180,184,187,192,194,197,199,201,204,206,210,211,213,220,255,240,248,258,265,275,281,286,295,297,305,309,313,323,324,332,334
228:4,10,11,17,21,37,42,67,71,75,79,90,98,104,108,128,141,145,160,164,166,180,181,186,191,196,198,201,205,210,211,224,246,234,243,247,257,260,268,276,279,280,289,306,317,326,327,330
229:0,4,20,32,34,40,58,62,68,71,81,82,91,94,98,103,106,113,115,119,126,133,136,141,143,148,155,160,162,163,164,188,189,191,209,210,212,248,236,243,251,253,259,263,269,272,286,293,301,321,328,329,335,337,338
230:0,2,10,11,13,25,31,37,39,49,53,62,73,82,84,86,94,106,119,140,141,142,149,158,160,169,171,174,175,178,181,195,200,206,209,215,334,231,234,235,240,247,252,254,267,297,318,319,323,332,336,338
231:11,31,41,49,59,61,65,74,79,82,85,88,90,105,108,112,122,123,127,139,143,144,145,148,150,152,157,169,173,174,177,184,193,195,203,206,211,212,218,221,225,230,253,234,235,248,250,254,255,262,265,268,283,285,288,293,309,312,313,330,331,332
232:5,8,9,15,16,30,36,43,47,48,52,54,59,60,61,74,87,93,95,96,98,104,132,134,137,143,152,153,165,168,170,172,181,182,185,186,194,198,213,299,235,243,248,253,261,272,283,289,291,296,303,307,315,324,327,332,339
233:21,28,39,43,47,48,49,55,62,65,66,74,78,82,98,104,105,115,124,125,126,129,131,133,137,141,146,147,151,155,156,159,173,177,182,192,197,200,201,204,247,238,240,241,248,253,258,269,270,271,273,283,289,293,296,299,301,325,328,338,339
234:3,5,7,27,34,43,45,51,61,65,72,73,77,79,85,103,104,111,116,118,119,124,127,128,131,138,154,159,160,165,175,204,211,214,220,223,226,228,230,231,246,244,255,260,269,278,289,293,308,309,312,314,323,324,338
235:2,9,15,22,32,44,46,52,53,58,62,67,72,73,83,91,105,106,107,122,127,131,133,140,141,142,153,161,164,170,178,199,216,222,225,230,231,232,268,240,250,251,256,259,262,265,267,271,283,291,297,298,302,303,333,334
236:8,11,16,17,26,31,35,38,45,55,59,79,90,92,96,97,116,118,119,129,130,131,132,134,139,142,150,161,173,183,185,187,193,197,201,204,206,207,214,216,220,223,229,318,244,246,247,263,266,271,285,286,307,308,310,315,322,325,326,328,329,330,338
237:3,11,13,15,29,31,33,38,47,48,53,65,66,80,95,124,128,136,165,168,178,181,182,183,190,213,215,218,221,301,249,258,259,260,265,267,286,290,302,310,314,318,324,329,332
238:12,34,43,44,47,48,51,58,64,82,83,87,88,91,95,97,112,114,118,121,125,126,127,128,131,132,138,146,155,157,160,166,173,179,185,190,193,201,210,212,217,233,250,241,248,261,268,286,290,291,301,307,309,311,315,326,334,335,339
239:0,1,4,9,10,18,22,23,30,35,42,50,54,55,56,84,93,94,95,100,102,122,125,153,157,159,161,165,166,178,181,182,183,185,193,197,200,211,218,287,242,258,312,335
240:0,5,11,16,20,22,30,31,33,38,42,47,48,51,56,61,63,80,82,83,89,97,102,121,128,129,134,138,144,146,153,158,168,175,185,189,191,195,202,205,209,214,226,227,230,233,235,276,241,245,254,258,269,270,280,282,289,291,294,303,304,318,322,324,333,334
241:3,8,9,10,11,20,23,27,30,36,37,57,60,65,70,71,77,86,87,90,93,94,99,109,112,114,122,127,130,138,139,142,143,146,157,163,169,173,192,193,194,214,220,233,238,240,298,257,258,280,285,287,291,292,296,302,306,307,309,313,314,316,320,326,332,338
242:2,3,7,12,13,36,39,41,51,53,55,64,66,75,76,95,100,109,110,111,122,123,127,134,142,146,153,155,156,169,177,179,181,194,196,200,201,202,204,207,226,239,262,243,244,249,252,267,269,274,286,287,307,320,336
243:3,9,18,23,26,28,44,48,52,71,79,92,95,102,131,148,150,158,160,167,168,174,179,181,186,198,205,206,207,208,217,219,228,229,232,242,254,255,264,265,267,273,274,283,286,288,290,296,300,304,323,328,329
244:0,2,10,12,13,24,31,34,36,40,47,53,61,66,83,86,93,97,103,106,108,112,117,125,131,137,154,157,158,160,172,175,178,180,199,200,204,207,210,220,222,234,236,242,317,256,262,283,285,287,297,302,304,307,311,316,326,335,339
245:2,6,7,15,17,20,24,25,35,61,62,68,73,78,84,85,119,120,122,127,133,146,149,162,168,170,180,186,189,200,202,211,212,224,240,252,247,254,259,260,272,289,290,292,302,303,327,328,331,332
246:1,4,6,7,9,24,29,36,48,55,69,77,98,100,109,110,113,128,147,151,162,165,172,173,177,184,185,193,201,208,212,213,214,228,234,236,255,248,256,266,274,278,288,299,303,304,314,322,326,336,337,338,339
247:8,12,17,26,27,42,43,48,52,74,87,95,96,98,107,116,120,126,128,129,136,147,158,167,171,181,186,195,203,216,222,228,230,233,236,245,277,279,280,287,291,298,313,324,331,335,337
248:4,10,15,25,26,28,29,33,35,37,38,41,47,52,55,57,58,80,82,83,86,89,95,111,113,125,129,135,139,145,146,147,148,151,162,164,168,185,194,210,213,214,219,227,229,231,232,233,238,246,306,250,251,252,253,259,273,275,276,297,298,299,305,321,327,332,337,339
249:1,5,7,9,26,31,33,34,42,47,48,54,62,67,68,74,78,88,96,98,103,110,120,125,130,133,137,140,144,147,148,158,166,167,171,174,175,181,190,191,206,210,211,212,237,242,334,257,262,264,275,279,280,284,285,297,310,316,320,322,323,327,331
250:1,4,18,19,22,28,30,39,49,55,69,74,76,82,101,104,115,121,124,131,136,156,158,177,187,188,190,192,201,210,211,231,235,238,248,265,254,259,277,284,300,309,316,320,330
251:4,5,6,15,17,20,21,29,32,39,46,61,62,73,78,102,109,119,124,125,126,131,132,134,135,140,146,149,157,161,163,167,172,182,186,191,192,197,198,199,203,204,221,222,229,235,248,311,257,274,279,283,286,292,306,314,316,317,323,327,332,335,337,339
252:4,10,12,20,27,29,32,33,35,36,38,41,59,60,61,65,85,91,98,100,101,102,106,107,109,113,136,139,140,143,144,164,169,170,175,176,187,211,215,217,230,242,245,248,309,259,260,261,265,272,280,283,286,299,300,316,318,321,322,324,325,330,333
253:1,4,8,9,27,30,37,38,47,56,63,65,96,97,109,110,114,116,118,128,147,165,166,168,173,188,191,198,206,207,210,211,218,221,229,231,232,233,248,255,272,274,278,282,287,288,289,295,296,302,311,315,316,324,330,332,334
254:0,3,5,25,26,35,36,38,44,47,60,63,65,75,78,108,114,117,121,122,126,134,135,139,140,141,144,146,147,152,157,159,168,171,173,183,185,193,230,231,240,243,245,250,264,263,271,280,283,289,292,302,311,316,318,329,330,331,339
255:0,3,8,11,13,17,28,30,33,35,40,51,53,63,66,73,84,95,96,97,98,105,113,118,124,134,136,142,148,151,152,154,166,168,170,171,175,181,186,190,192,194,198,200,227,231,234,243,246,253,310,259,262,266,275,278,279,281,289,306,319,328,329,330,333
256:2,6,19,25,26,38,45,48,59,64,73,74,88,91,100,101,108,120,128,130,133,141,142,151,152,156,160,164,168,169,175,193,194,197,199,200,205,208,216,219,225,235,244,246,282,258,262,263,267,270,272,274,284,285,289,291,295,299,307,319,322,326,332,335
257:0,1,8,9,18,23,37,45,53,61,63,64,66,76,93,107,109,110,114,116,118,120,123,124,129,131,137,138,147,151,161,164,165,172,175,204,210,212,228,241,249,251,299,268,276,277,284,287,301,304,314,323,328,332,334
258:3,9,22,23,25,26,28,32,36,38,42,43,45,53,57,58,64,76,78,88,93,96,100,102,106,108,111,138,148,151,159,161,162,174,176,188,189,190,192,195,207,209,218,220,224,226,227,233,237,239,240,241,256,329,264,265,270,271,272,275,286,291,297,315,317,326,336
259:25,29,37,39,40,46,49,52,74,76,87,88,89,96,97,101,102,121,138,144,150,151,154,175,184,185,190,206,210,211,220,229,235,237,245,248,250,252,255,286,267,281,292,297,302,303,308,314,320
260:7,10,11,14,24,27,49,54,58,63,73,82,85,87,105,107,112,117,134,135,137,150,153,154,157,175,185,186,194,199,208,215,217,221,226,228,234,237,245,252,318,261,267,272,277,293,294,300,301,304,306,319,321,327,329,332,334
261:10,14,16,24,25,27,30,53,56,58,64,67,76,79,80,85,86,91,93,94,99,100,104,105,108,116,119,123,125,131,140,142,145,156,169,171,179,181,184,188,194,203,207,215,220,232,238,252,260,307,264,265,267,269,281,287,288,299,315,316,318,326,331,334
262:1,4,5,15,18,24,26,30,31,36,42,48,60,61,72,76,88,90,111,113,117,118,127,137,141,152,161,164,168,178,186,189,203,206,208,209,217,220,221,231,235,242,244,249,255,256,334,274,278,279,292,293,295,299,329,330,338
263:7,8,13,24,34,35,36,44,51,56,73,81,102,111,120,122,131,132,142,153,156,160,164,170,171,173,178,181,183,185,195,196,203,204,209,216,229,236,254,256,290,270,275,279,283,291,293,298,307,309,317,321,325,327,328,331
264:2,7,9,14,17,22,23,29,33,40,59,61,82,95,101,102,106,109,129,131,142,144,155,159,160,163,171,179,185,204,206,243,249,254,258,261,313,279,280,284,289,295,319,327,333,338
265:8,10,13,17,36,47,49,59,61,63,73,82,84,88,112,114,120,128,132,133,138,139,143,148,151,154,157,158,162,166,167,181,182,184,189,200,205,209,212,218,220,221,223,227,231,235,237,243,250,252,258,261,289,282,283,285,299,305,318,319,321,326,337
266:10,20,25,27,30,39,44,56,68,70,75,80,82,109,114,116,123,125,126,129,131,133,136,148,151,162,163,165,168,178,179,189,190,194,200,206,216,219,220,222,236,246,255,296,275,278,289,290,304,315,324,327,335
267:16,21,27,32,33,47,57,71,77,86,105,111,120,131,139,142,145,152,156,164,168,175,176,179,184,188,189,191,197,201,202,208,209,230,235,237,242,243,256,259,260,261,313,272,279,282,283,286,297,298,301,308,310,311,312,316,326,330
268:2,4,11,38,39,48,57,70,79,82,91,92,101,102,106,120,124,126,130,131,132,135,139,140,142,147,150,173,186,191,209,210,220,225,228,231,235,238,257,318,271,279,298,300,315,322,326
269:1,14,21,28,43,47,55,64,69,75,85,102,114,117,123,125,130,134,135,136,139,145,154,161,166,174,179,183,193,195,199,201,205,206,214,220,222,229,233,234,240,242,261,296,270,277,286,292,307,308,309,311,323,325,329,336
270:1,6,10,15,19,23,33,34,43,56,58,59,60,66,74,94,96,104,114,118,121,133,138,151,161,162,168,170,172,173,177,201,203,206,208,210,214,219,225,233,240,256,258,263,269,320,274,276,280,290,291,298,299,301,302,304,314,319,329,334,336
271:1,5,29,35,39,41,42,44,45,46,49,52,58,75,82,86,90,103,111,112,114,115,120,121,123,124,125,126,129,134,138,149,161,167,171,179,213,216,217,233,235,236,254,258,268,303,275,282,283,284,287,291,296,306,309,320,321,324,325,328,331,332
272:7,21,22,28,31,42,49,51,56,59,62,74,75,76,77,78,85,93,98,102,104,106,114,125,134,135,136,143,145,151,153,157,160,164,169,178,183,193,198,199,200,202,218,220,221,229,232,245,252,253,256,258,260,267,290,277,278,283,292,294,296,303,308,311,322,329,336,339
273:1,8,12,15,27,39,51,53,57,61,75,77,78,80,84,88,96,97,101,111,122,124,154,156,160,172,179,183,199,205,206,209,210,221,233,243,248,296,283,291,292,295,298,319,320,326,330
274:1,4,7,8,14,24,32,35,36,46,51,53,69,97,98,102,103,107,108,112,117,118,129,131,132,138,140,142,148,151,153,156,158,161,165,166,167,168,176,177,179,182,188,192,194,196,210,216,224,242,243,246,251,253,256,262,270,302,276,278,285,287,289,298,312,315,320,323,329,335,336,338
275:0,3,8,9,17,19,21,29,30,33,37,47,52,55,57,58,67,69,73,74,77,90,104,109,113,120,123,125,131,137,142,143,149,159,168,170,171,179,180,181,182,189,191,202,204,208,211,217,227,248,249,255,258,263,266,271,289,278,280,287,288,297,299,302,304,308,309,310,312,317,325
276:10,11,17,19,22,45,47,55,56,70,73,74,75,78,81,84,90,100,105,118,125,126,127,136,139,141,147,155,170,174,177,180,182,187,201,204,207,213,219,228,240,248,257,270,274,288,285,291,299,319,322,323,325,329,338
277:0,13,27,37,39,48,52,55,59,62,63,65,67,75,76,90,93,99,103,110,115,125,142,144,152,154,155,156,158,163,184,198,200,247,250,257,260,269,272,312,279,283,285,292,293,300,307,314,331,332
278:18,19,22,34,35,38,39,44,45,51,52,61,64,70,72,77,79,80,81,82,87,122,123,134,139,145,146,150,155,166,171,177,179,187,198,201,208,214,220,234,246,253,255,262,266,272,274,275,304,282,287,293,302,303,305,309,316,322,325,333
279:1,2,4,5,20,22,26,32,40,45,46,48,51,59,75,79,81,90,92,93,94,98,100,101,110,111,124,127,131,132,139,146,148,149,150,159,160,171,172,174,178,187,193,196,198,200,211,217,219,228,247,249,251,255,262,263,264,267,268,277,333,280,287,295,298,302,308,335,336,337
280:9,12,24,30,31,36,43,47,56,57,62,64,76,85,94,99,100,101,112,113,117,128,132,134,137,140,148,155,159,160,165,169,170,173,183,185,186,187,188,191,193,194,197,204,223,228,240,241,247,249,252,254,264,270,275,279,311,287,290,291,296,297,302,306,312,314,318,320,321,335,338
281:8,12,13,23,26,31,34,44,51,60,62,64,67,71,78,79,88,92,103,106,109,111,113,114,115,118,120,123,134,138,143,151,156,162,167,177,183,185,196,199,225,227,255,259,261,327,283,296
282:7,16,28,35,55,73,75,77,85,95,99,102,105,125,126,127,130,135,140,144,166,181,182,197,214,215,216,222,223,240,253,256,265,267,271,278,308,286,291,297,303,311,313,314,316,320,327,328,332,335,336
283:9,11,25,36,39,63,64,76,93,100,101,105,107,108,119,136,152,153,155,167,169,170,183,185,186,194,198,204,207,209,210,213,231,232,233,235,243,244,251,252,254,263,265,267,271,272,273,277,281,296,287,291,293,300,301,302,329,335
284:1,20,23,26,27,32,34,44,45,49,53,60,71,76,90,97,101,106,112,117,130,135,141,150,173,174,175,179,186,187,191,204,205,207,213,214,222,249,250,256,257,264,271,310,290,292,296,300,306,320,323,324,326,329,339
285:4,22,23,40,44,46,52,55,56,60,63,80,93,98,116,126,128,140,149,152,153,165,167,179,182,183,187,188,200,207,215,219,220,225,231,236,241,244,249,256,265,274,276,277,292,302,317,332,333,337
286:9,12,18,20,26,39,43,46,49,59,62,67,68,69,78,85,92,102,108,114,125,157,162,174,185,186,188,189,197,199,200,214,218,227,229,236,237,238,242,243,251,252,258,259,267,269,282,295,292,302,308,313,321,325,328,329
287:2,9,14,22,23,24,29,36,44,47,49,50,51,55,61,63,72,93,113,130,131,135,139,140,143,148,155,156,163,170,177,183,186,201,208,215,219,226,239,241,242,244,247,253,257,261,271,274,275,278,279,280,283,310,292,296,301,302,332,335
288:2,4,7,9,15,31,34,40,43,46,49,50,54,58,61,74,76,82,83,89,90,98,110,111,125,128,132,143,152,163,164,169,182,183,186,192,196,202,204,205,222,231,243,246,253,261,275,276,291,295,297,300,304,316,319,329,333,335
289:1,2,9,21,29,35,42,46,51,56,57,62,65,76,81,85,93,100,101,115,120,130,137,143,146,149,150,152,162,176,187,188,191,194,198,200,204,205,210,217,223,228,232,233,234,240,245,253,254,255,256,264,265,266,274,275,325,294,299,302,330,331
290:2,5,8,9,12,13,18,23,26,28,44,50,60,69,78,82,83,93,95,103,107,109,118,122,139,147,155,160,162,166,171,181,182,187,198,199,202,207,212,214,219,221,222,224,237,238,243,245,263,266,270,272,280,284,300,303,316,323,335
291:0,1,3,4,9,10,16,21,23,27,31,32,44,62,66,69,72,78,83,105,115,119,125,133,136,139,147,148,150,154,157,159,172,175,176,180,183,190,197,198,206,207,210,211,212,225,226,232,235,238,240,241,247,256,258,263,270,271,273,276,280,282,283,288,339,292,297,299,303,308,336
292:0,2,3,5,12,17,24,26,51,75,95,104,109,112,118,121,143,164,167,170,174,175,179,182,184,190,196,200,203,207,211,220,222,223,241,245,251,254,259,262,269,272,273,277,284,285,286,287,291,333,299,301,310,312,317,338
293:1,4,11,12,21,29,38,47,53,54,55,63,67,74,75,97,98,101,109,115,118,124,125,130,133,140,152,169,176,177,182,185,186,197,213,229,231,233,234,260,262,263,277,278,283,325,294,298,302,310,311,321,333,339
294:17,19,34,35,39,40,44,45,47,54,56,60,65,66,73,74,81,90,96,100,101,114,117,127,132,134,144,167,170,171,181,185,188,192,193,204,217,219,240,260,272,289,293,339,295,298,300,301,303,310,320,326,330,335,336,338
295:1,5,9,10,14,22,30,33,42,45,46,57,58,60,62,76,79,82,87,97,104,111,112,114,122,131,135,136,140,154,155,172,190,192,200,209,216,217,225,227,253,256,262,264,273,279,286,288,294,327,297,304,309,311,318,325,335
296:9,14,18,22,29,33,38,39,41,44,50,60,65,71,77,79,83,85,86,90,92,95,100,102,105,110,114,116,117,124,125,127,128,129,137,151,160,176,184,185,192,193,197,200,203,204,206,210,214,215,232,233,241,243,253,266,269,271,272,273,280,281,283,284,287,311,305,307,312,317,318,328
297:3,7,17,32,41,42,43,53,59,62,77,80,88,93,104,105,108,113,118,119,122,129,130,139,142,143,149,153,162,171,187,189,190,193,199,204,214,216,220,225,226,227,230,235,244,248,249,258,259,267,275,280,282,288,291,295,328,299,301,307,321,326,327,329,338,339
298:9,22,25,28,31,33,34,35,38,42,43,48,51,60,66,69,73,77,81,86,93,104,126,130,144,158,179,194,200,204,205,213,218,222,224,235,241,247,248,263,267,268,270,273,274,279,293,294,334,300,307,309,313,317,321,325,326,332,333
299:0,1,10,15,25,26,27,28,44,46,63,70,77,83,84,85,101,107,118,126,131,145,154,165,175,177,178,179,188,192,196,204,205,211,219,232,233,246,248,252,256,257,261,262,265,270,275,276,289,291,292,297,304,324,327,328,336,337
300:3,5,7,16,17,19,25,28,34,40,42,43,51,55,59,62,68,75,83,84,93,95,102,106,108,112,123,127,134,142,143,144,148,162,165,166,168,183,199,200,203,213,216,220,243,250,252,260,268,277,283,284,288,290,294,298,320,314,325,328,329
301:15,23,25,26,28,32,36,37,43,44,51,59,75,91,94,108,113,125,130,132,135,139,155,158,164,167,186,188,204,210,215,216,221,229,233,237,238,257,260,267,270,283,287,292,294,297,322,306,317,318
302:5,6,35,39,40,49,51,52,59,66,73,78,83,92,100,102,103,105,124,126,132,138,142,146,163,165,176,182,197,206,217,218,235,237,241,244,245,253,254,259,270,274,275,278,279,280,283,285,286,287,289,293,315,305,306,308,311,314,322,325,331,333,335,337
303:13,17,19,30,32,42,45,48,49,56,87,105,106,107,111,115,120,126,129,131,135,140,142,144,146,155,162,175,177,185,191,195,199,200,205,206,219,221,232,235,240,245,246,259,271,272,278,282,290,291,294,338,305,317,319,330,336,339
304:6,12,16,18,24,30,43,47,54,57,63,69,74,82,83,84,94,95,97,102,107,108,112,119,127,135,142,148,154,162,168,169,173,174,181,184,197,224,240,243,244,246,257,260,266,270,275,278,288,295,299,305,308,311,316,317,322,325,329,330,339
305:12,13,14,28,29,33,39,49,52,66,70,77,79,82,83,85,91,92,104,108,124,126,130,133,138,141,143,151,152,158,162,164,166,168,171,172,184,190,194,195,205,213,217,221,223,224,227,248,265,278,296,302,303,304,315,316,321,322,327,334,335
306:8,15,18,22,29,38,48,50,62,65,72,79,83,87,94,116,129,130,135,138,143,155,158,159,161,173,176,180,186,192,204,206,211,219,223,228,241,248,251,255,260,271,280,284,301,302,325,307,310,311,318,327,329,331,333
307:1,3,11,20,21,27,30,31,35,42,43,70,72,76,83,94,97,98,100,112,113,116,119,120,129,130,136,146,152,158,160,164,165,166,169,181,191,192,198,205,218,232,236,238,241,242,244,256,261,263,269,277,296,297,298,306,326,318,324,325,328
308:0,3,7,18,28,40,42,44,45,50,69,72,78,81,84,86,88,95,104,108,123,126,130,136,138,140,166,170,182,184,187,189,190,191,197,201,207,212,213,223,234,236,259,267,269,272,275,279,282,286,291,302,304,337,310,322,331,339
309:4,6,20,26,30,32,42,44,45,46,47,50,55,62,71,75,84,88,106,111,113,114,116,118,127,136,144,151,161,173,178,181,183,194,206,207,215,227,231,234,238,241,250,252,263,269,271,275,278,295,298,334,312,317,319,323,330,331,339
310:2,5,19,20,22,26,30,36,37,44,50,63,72,85,89,91,93,99,104,107,109,118,120,124,125,130,136,137,139,141,146,151,155,165,185,189,202,209,210,211,217,224,225,236,237,249,255,267,275,284,287,292,293,294,306,308,312,315,327,329,330,331,334,336
311:0,2,12,22,27,38,40,45,49,52,54,69,70,73,79,82,86,90,93,94,95,110,111,119,122,146,148,153,160,170,172,173,174,178,181,182,183,188,194,196,198,199,202,207,218,219,224,238,244,251,253,254,267,269,272,280,282,293,295,296,302,304,306,324,312,322,326,328,336
312:5,7,16,19,23,29,36,39,42,48,52,54,67,76,78,95,98,101,111,112,122,123,138,145,154,155,157,160,177,185,188,189,204,208,218,219,223,231,234,239,267,274,275,277,280,292,296,309,310,311,321,332,334,339
313:12,21,28,31,32,35,40,57,65,72,79,80,85,104,112,116,126,127,132,139,159,164,174,180,184,191,205,208,212,213,216,217,226,227,231,241,247,264,267,282,286,298,329,318,319,326,327,333
314:4,7,15,16,21,27,28,34,37,45,46,47,51,58,64,73,77,78,83,90,102,112,116,117,118,141,146,147,148,153,154,158,160,165,179,180,183,187,188,189,200,212,221,223,225,234,237,241,246,251,257,259,270,277,280,282,300,302,339,321,326,330,333
315:4,7,9,26,27,34,52,59,67,79,85,88,89,91,104,110,111,114,122,123,124,125,135,152,154,158,161,163,164,165,169,173,182,189,191,192,195,196,197,206,216,232,236,238,253,258,261,266,268,274,302,305,310,337,322,325,327,334,338
316:1,6,7,12,13,17,26,29,39,53,57,62,63,66,72,74,76,78,79,91,95,105,122,132,134,147,163,167,175,181,183,184,196,200,211,212,220,241,244,249,250,251,252,253,254,261,267,278,282,288,290,304,305,333,322,324,328,329,338
317:6,15,16,18,23,24,28,34,55,65,71,75,80,81,90,96,117,120,121,128,131,155,157,158,159,161,166,172,189,207,208,218,219,220,228,244,251,258,263,275,285,292,296,298,301,303,304,309,333,322,326,328,329,332
318:0,5,6,9,20,26,34,35,43,50,53,54,63,65,67,75,81,82,92,106,120,122,132,133,140,145,146,148,149,151,154,156,161,162,167,171,175,181,186,191,200,210,216,225,226,230,236,237,240,252,254,260,261,265,268,280,295,296,301,306,307,313,332
319:6,16,29,33,36,45,46,68,73,79,89,96,107,116,119,132,137,159,169,170,171,173,184,186,192,194,206,214,230,255,256,260,264,265,270,273,276,288,303,309,313,324,320,322,323,335,336
320:4,5,6,8,13,17,23,25,35,61,71,88,96,97,98,110,111,112,114,115,116,117,127,131,135,136,139,141,161,166,167,174,176,199,203,206,241,242,249,250,259,270,271,273,274,280,282,284,294,300,319,323,321,330,334,336,337
321:5,20,21,38,39,44,53,54,65,70,76,77,87,89,97,101,106,118,120,123,124,132,135,145,149,151,163,167,171,176,195,197,200,205,218,224,229,248,252,260,263,265,271,280,286,293,297,298,305,312,314,320,333,328,329,339
322:4,6,7,9,10,12,16,21,25,33,35,37,42,45,46,50,54,63,64,65,66,68,69,72,74,85,93,95,97,99,108,111,117,122,125,130,131,139,156,165,168,177,183,187,194,198,202,209,214,222,236,240,246,249,252,256,268,272,276,278,301,302,304,305,308,311,315,316,317,319,332
323:11,19,24,25,37,38,39,43,50,52,53,55,70,82,84,87,98,103,104,109,113,120,128,129,132,143,145,149,154,157,169,190,201,211,216,219,227,230,234,243,249,251,257,269,274,276,284,290,309,319,320,325,324,329,332,336
324:1,16,20,27,29,49,55,64,66,67,69,70,74,77,86,91,95,99,125,128,140,145,146,150,169,179,183,189,200,205,211,212,227,232,234,237,240,247,252,253,266,271,284,299,307,311,316,319,323,331,330,338
325:3,11,12,19,20,21,22,26,29,33,34,46,48,61,66,69,70,93,108,112,124,136,138,139,143,144,145,154,158,163,171,210,214,223,224,233,236,252,263,269,271,275,276,278,286,289,293,295,298,300,302,304,306,307,315,323,338,326,335,339
326:5,10,16,30,33,42,50,54,56,59,62,69,72,73,74,77,78,79,98,108,109,110,112,120,125,131,133,135,146,159,165,176,178,179,197,198,199,201,205,223,226,228,236,238,241,244,246,256,258,261,265,267,268,273,284,294,297,298,307,311,313,314,317,325,332,333,338
327:2,11,15,25,26,29,31,34,41,43,45,67,79,84,108,111,112,128,134,135,136,142,148,152,153,155,165,168,174,176,178,180,184,192,198,200,212,228,232,245,248,249,251,260,263,264,266,281,282,295,297,299,305,306,310,313,315,332,329,334,335,336
328:17,39,42,45,48,49,53,60,68,69,70,78,83,88,92,94,98,108,110,116,125,137,142,150,152,162,166,169,171,177,202,209,215,218,219,224,229,233,236,243,245,255,257,263,271,282,286,296,297,299,300,307,311,316,317,321,337,331,333,338,339
329:1,7,17,21,25,37,38,56,58,65,72,77,90,95,99,114,119,128,129,137,138,145,147,148,149,159,166,176,178,187,189,190,195,201,203,205,207,220,229,236,237,243,254,255,258,260,262,269,270,272,274,276,283,284,286,288,297,300,304,306,310,313,316,317,321,323,327,331,338,339
330:1,15,16,21,28,44,48,60,70,76,87,93,108,114,116,138,142,150,154,156,169,174,175,188,196,201,202,209,213,214,217,219,228,231,236,250,252,253,254,255,262,267,273,289,294,303,304,309,310,314,320,324,331,334,337
331:11,18,23,24,25,31,33,41,42,51,52,57,64,72,73,83,87,89,94,119,122,133,141,146,164,168,174,176,178,180,184,195,198,210,213,222,225,231,245,247,249,254,261,263,271,277,289,302,306,308,309,310,324,328,329,330,332,337
332:0,2,4,5,13,50,55,58,65,71,73,75,76,82,85,92,95,97,99,101,105,110,115,119,125,132,133,134,135,150,161,164,170,171,196,201,204,208,219,221,225,227,230,231,232,237,241,245,248,251,253,256,257,260,271,277,282,285,287,298,312,317,318,322,323,326,327,331,333,334,336
333:1,6,12,15,19,23,25,27,28,32,33,36,38,39,42,49,50,52,61,64,65,73,74,90,94,110,113,116,117,123,125,137,147,151,153,156,177,179,182,190,200,204,208,235,240,252,255,264,278,279,285,288,292,293,298,302,306,313,314,316,317,321,326,328,332,335,337
334:3,24,26,28,29,32,36,39,41,43,45,54,59,64,69,73,93,109,118,124,146,151,158,175,177,178,181,182,195,200,205,213,218,227,230,235,238,240,249,253,257,260,261,262,270,298,305,309,310,312,315,320,327,330,332,339
335:10,23,31,38,39,40,43,53,54,55,93,96,104,105,114,118,121,125,130,138,144,146,159,160,161,162,166,173,174,186,192,193,202,207,221,229,238,239,244,247,251,256,266,274,279,280,282,283,287,288,290,294,295,302,305,319,325,327,333,339
336:9,14,20,28,33,41,44,45,53,54,62,64,67,70,82,88,92,105,113,117,120,121,129,131,134,135,144,147,148,152,157,164,168,176,178,181,191,192,202,203,215,217,219,225,230,242,246,258,269,270,272,274,279,282,291,294,299,303,310,311,319,320,323,327,332,339
337:7,25,34,46,52,56,58,60,68,71,74,76,80,108,110,113,114,119,120,121,123,126,131,135,140,141,150,154,159,162,163,173,174,177,182,184,185,186,190,197,201,203,206,218,219,222,223,229,246,247,248,251,265,279,285,299,302,308,315,320,328,330,331,333,338
338:7,9,10,11,21,23,28,31,38,40,65,66,67,72,76,77,78,89,94,95,118,123,133,147,151,155,164,167,171,172,175,181,186,190,203,207,208,215,221,229,230,233,234,236,241,246,262,264,274,276,280,292,294,297,303,315,316,324,325,326,328,329,337,339
339:15,18,30,32,38,40,56,57,61,62,63,64,72,74,86,87,90,91,93,94,95,96,100,101,125,136,143,154,163,168,186,193,199,208,222,232,233,238,244,246,248,251,254,272,284,291,293,294,297,303,304,308,309,312,314,321,325,328,329,334,335,336,338
