0:200,4,9,10,18,31,56,94,113,138,146,150,170,178,190,227,231,257,293,295,311,320,322,332
1:300,48,93,94,108,112,135,144,153,163,188,225,248,263,278,297,324,327
2:296,8,40,44,66,71,73,79,90,94,139,157,170,171,184,208,229,252,266,322
3:206,4,5,22,73,100,105,123,188,226,247,271,274,307
4:0,3,298,16,28,57,64,81,114,115,123,185,186,230,242,267,286,311,312,319,330
5:3,9,19,32,34,36,69,91,144,321,323
6:165,40,62,67,95,101,121,178,186,188,200,206,246,278,296,297,302,305,306,308,322,335,338
7:219,15,20,63,126,132,140,145,162,188,212,214,235,241,270,311
8:2,284,11,45,91,122,135,151,170,175,193,204,223,226,233,281,303
9:0,5,159,14,23,33,37,38,90,105,158,198,227,287,309,312,323,328
10:0,148,23,38,41,65,80,83,87,93,122,126,153,168,219,225,233,244,266,270,284,292,305,306,315,324,327
11:8,20,106,120,123,124,129,131,136,138,156,196,236,290,291,292,312
12:296,60,61,83,90,100,107,124,135,143,156,188,189,201,204,205,223,231,245,287,294,308,325,332,333
13:44,100,117,119,145,146,147,152,167,172,212,221,250,257,264,272,285,286,310,312,320,335
14:9,262,23,25,52,62,96,99,139,151,173,188,201,216,218,233,260,263,285,302
15:7,330,45,54,133,143,221,224,230,236,285,295,303,314,321,322
16:4,40,33,36,48,50,51,54,65,87,91,101,113,126,147,154,159,163,164,175,189,194,228,242,274,301,313,333
17:255,19,29,47,57,75,85,109,113,114,115,116,121,122,162,170,186,192,194,200,203,213,215,229,237,259,276,298,302,307,313
18:0,165,36,50,80,86,87,88,91,110,126,139,145,160,174,178,202,211,237,239,251,255,259,271,278,296,307,337
19:5,17,201,37,100,101,117,136,170,202,204,227,243,259,261,266,275,280,313
20:7,11,215,47,57,63,92,137,138,141,157,164,173,200,202,204,291,311
21:161,24,29,32,78,85,122,150,154,166,188,198,213,218,250,256,259,276,283,338
22:3,75,25,60,115,116,142,143,159,216,219,224,241,247,253,263,265,288,290,297,302,323,324
23:9,10,14,236,84,96,123,130,152,169,171,203,212,226,237,311
24:21,130,31,39,81,83,97,120,133,136,161,175,181,199,213,219,231,239,250,261,272,279,282,303,308,312,331,338
25:14,22,41,49,65,69,78,91,97,114,127,133,156,177,191,198,205,260,270,290,312,316
26:131,46,63,81,116,139,151,167,218,231,246,300
27:201,35,40,50,61,66,69,76,83,99,113,139,143,148,158,250,256,262,294,301,302
28:4,333,34,50,77,91,101,115,148,149,247,249,254,272,275,277,306,336
29:17,21,284,36,44,53,68,84,85,123,134,141,164,168,183,199,216,230,277,330
30:148,44,47,55,74,75,91,92,95,101,155,177,182,255,264,267,296,309,314,332
31:0,24,239,48,69,94,133,134,205,206,248,259,266,267,292,303,309,313,316,327,331
32:5,21,221,33,37,70,98,102,125,133,136,141,193,226,246,309,338
33:9,16,32,266,76,97,127,134,161,167,179,196,208,220,237,244,256,272,276,292,293,299,322,332
34:5,28,169,46,60,122,144,147,163,189,207,230,239,241,244,256,261,264,273,277,289,293,307,329,333
35:27,205,92,105,108,111,130,143,196,228,252,286,294,308,323,333,339
36:5,16,18,29,188,65,80,92,94,110,123,128,154,155,167,175,195,274,285,313,328,338
37:9,19,32,161,48,52,66,92,105,115,138,157,158,160,164,167,213,231,275,294
38:9,10,254,43,59,66,73,77,106,110,114,128,135,143,159,194,209,212,222,240,270,274,294,307,313,330
39:24,85,46,76,81,91,122,129,178,186,207,219,230,235,272,286,320,324
40:2,6,16,27,322,46,58,111,125,167,180,189,200,218,250,270,290,304,331
41:10,25,283,55,111,159,180,197,208,224,242,245,258
42:288,72,77,83,87,97,102,104,125,145,159,160,166,219,224,260,274,290,296,301
43:38,55,56,69,70,111,112,176,179,214,248,286,295,296,321,335
44:2,13,29,30,278,58,66,75,79,103,133,135,139,157,196,211,247,250,291,295,307
45:8,15,100,72,92,110,112,114,130,131,138,143,146,148,172,177,182,192,193,204,213,230,252,259,281,300,310,313,334
46:26,34,39,40,149,47,60,71,94,103,120,183,187,208,212,220,249,252,273,291,302,315
47:17,20,30,46,114,54,83,98,109,174,199,215,245,248,259,263,268,283,291,320,323
48:1,16,31,37,300,84,107,169,201,212,224,248,288,295,297,305,314,328
49:25,97,68,73,122,123,129,141,163,179,205,213,226,233,249,254,295,297,306,336
50:16,18,27,28,216,63,82,92,104,107,120,147,165,185,194,246,262,307,313
51:16,329,53,58,83,93,96,106,125,155,164,185,193,202,203,207,214,245,252,253,273,293,299,300
52:14,37,222,74,126,196,226,227,228,229,243,250,314,316,323,327,328
53:29,51,241,82,93,96,130,131,188,197,198,222,253,261,268,273
54:15,16,47,173,61,94,98,124,150,160,195,221,225,236,283,290,291,305,317
55:30,41,43,321,72,95,110,111,127,132,150,164,169,195,202,212,245,253,275,302,316,333
56:0,43,158,63,77,98,131,143,160,182,187,193,197,198,200,201,227,230,249,292,312,318
57:4,17,20,173,79,87,123,134,144,147,148,172,175,202,221,323,325
58:40,44,51,321,59,83,87,93,114,132,142,165,177,187,224,229,233,234,236,248,256,263,282,291,315,328
59:38,58,60,79,102,108,112,117,138,170,176,194,236,264,271,273,275,284,305,307,311,319,332,339
60:12,22,34,46,59,243,78,115,120,123,148,169,198,200,210,214,221,239,301
61:12,27,54,217,69,140,154,155,158,189,196,204,231,258,280,306,323
62:6,14,97,99,174,175,188,201,230,309,316,332
63:7,20,26,50,56,234,80,107,116,129,174,207,232,263,293,295,313,328,330
64:4,196,120,135,168,223,257,270,290,296
65:10,16,25,36,209,79,91,92,95,103,105,107,137,138,175,208,219,225,236,265,270,287,301,303,311,313
66:2,27,37,38,44,111,67,77,86,92,94,101,118,163,267,270,282,290,293,317,318,328,339
67:6,66,151,112,115,128,160,169,178,187,221,223,230,244,251,256,282,290,313,316,330,333
68:29,49,244,71,88,117,121,127,131,179,180,186,189,192,240,243,252,263,264,275,284
69:5,25,27,31,43,61,335,75,95,120,136,163,174,217,226,229,245,270,280,287,331
70:32,43,316,93,112,115,127,143,149,165,177,181,207,221,255,260,262,273,285,291,298,304,320
71:2,46,68,117,150,179,216,227,269,295
72:42,45,55,333,75,107,110,112,124,130,146,152,154,195,218,227,245,248,254,270,273,281,318,329
73:2,3,38,49,251,124,130,131,133,134,150,161,184,186,193,211,272,277,280,308,331
74:30,52,223,87,115,129,141,144,147,151,182,184,199,241,267,283,317,320,338
75:17,22,30,44,69,72,119,116,141,181,213,222,228,241,264,295,315,324
76:27,33,39,275,92,99,145,180,187,211,227,234,244,266,285,290,295,310,320,335
77:28,38,42,56,66,126,86,92,105,114,150,167,170,175,189,193,197,209,262,276,293,302,308,333
78:21,25,60,144,81,83,90,97,110,122,127,131,133,140,218,242,244,271,278,300,314,316,320,326
79:2,44,57,59,65,190,83,105,153,158,182,221,299,323
80:10,18,36,63,156,123,126,147,148,165,188,198,232,243,281,329
81:4,24,26,39,78,265,82,95,129,135,155,169,182,186,219,231,256,259,264,272,276,322
82:50,53,81,141,89,90,101,110,120,129,155,159,171,188,203,213,268,308,324,327,328,336
83:10,12,24,27,42,47,51,58,78,79,190,90,94,99,118,125,156,174,182,185,216,227,250,259,278,298,300,301,317
84:23,29,48,229,95,134,142,150,190,193,209,210,213,215,227,238,262,272,296,315,323
85:17,21,29,39,109,95,108,117,147,161,255,256,283,285,304,326
86:18,66,77,172,104,105,114,130,133,179,181,191,219,228,287,316,333,334
87:10,16,18,42,57,58,74,275,88,98,125,135,140,166,175,182,194,221,224,229,238,246,271,279,292,297,307,332,338
88:18,68,87,278,102,109,116,165,167,185,196,220,274,317
89:82,150,94,105,109,123,147,157,168,199,204,273,274,278,293,311,312,320,326
90:2,9,12,78,82,83,294,92,113,126,132,154,177,199,202,203,215,279,284,287,328
91:5,8,16,18,25,28,30,39,65,209,104,108,125,128,130,147,185,232,234,239,241,251,256,305,330,338
92:20,30,35,36,37,45,50,65,66,76,77,90,243,122,123,153,185,214,231,232,236,266,288,306,309
93:1,10,51,53,58,70,101,96,99,147,148,168,209,213,257,308,315,316,326
94:0,1,2,31,36,46,54,66,83,89,329,166,172,174,194,196,219,221,254,267,288,304
95:6,30,55,65,69,81,84,85,122,97,113,146,159,178,180,183,197,214,248,250,257,259,263,270,273,291,299,305
96:14,23,51,53,93,175,102,128,143,145,153,188,194,206,222,233,249,263,298,309,316
97:24,25,33,42,49,62,78,95,178,98,105,136,144,158,165,168,202,203,207,233,235,239,262,288,299
98:32,47,54,56,87,97,174,132,173,193,227,233,247,265,294,311
99:14,27,62,76,83,93,216,118,120,124,130,170,183,202,237,247,254,255,283,297,305,330,335,336
100:3,12,13,19,45,180,123,126,142,145,196,222,253,260,264,268,284,323
101:6,16,19,28,30,66,82,93,173,123,147,170,171,176,225,255,258,259,265,294,311,328,338,339
102:32,42,59,88,96,105,115,126,135,146,150,184,189,204,206,263,273,317,330
103:44,46,65,325,123,132,149,154,157,167,224,226,237,288,326,328,330
104:42,50,86,91,150,111,127,136,151,185,191,195,231,271,310,315,328
105:3,9,35,37,65,77,79,86,89,97,102,255,111,114,148,167,204,205,226,243,250,251,287,294,305
106:11,38,51,289,124,133,136,198,201,209,229,256,263,266,272,275,288,322
107:12,48,50,63,65,72,234,108,121,129,139,143,157,161,164,173,177,179,204,208,210,260,261,270
108:1,35,59,85,91,107,242,110,116,138,174,215,244,263,273,294,319
109:17,47,85,88,89,338,112,118,139,150,155,171,189,200,205,222,230,232,235,268,296,325
110:18,36,38,45,55,72,78,82,108,277,123,125,177,199,217,233,256,293,310,317,318
111:35,40,41,43,55,66,104,105,241,137,140,171,200,202,215,240,252,253,280,320,335
112:1,43,45,59,67,70,72,109,250,132,143,156,183,214,227,230,233,251,261,281,298
113:0,16,17,27,90,95,196,117,171,205,245,250,253,258,320,330,331
114:4,17,25,38,45,47,58,77,86,105,168,131,139,167,172,179,180,205,210,218,232,246,250,254,256,261,296,305,309,312
115:4,17,22,28,37,60,67,70,74,102,236,120,206,220,226,243,256,274,307,324,330
116:17,22,26,63,75,88,108,246,146,170,172,174,179,236,243,255,268,310
117:13,19,59,68,71,85,113,233,147,163,167,216,226,235,238,245,251,274,301,329,333,335
118:66,83,99,109,196,135,148,172,180,207,209,226,239,255,269,289,293,339
119:13,75,321,179,238,266,273,277,305,330
120:11,24,46,50,60,64,69,82,99,115,256,126,143,158,164,177,196,212,259,271,279,316,322
121:6,17,68,107,332,130,144,146,148,151,157,160,173,186,188,196,211,249,259,335
122:8,10,17,21,34,39,49,78,92,95,329,141,167,169,192,197,199,207,273,308,321,335,336
123:3,4,11,23,29,36,49,57,60,80,89,92,100,101,103,110,324,128,132,145,171,178,191,204,217,222,241,321,331
124:11,12,54,72,73,99,106,184,134,136,138,185,211,217,233,241,292,319,338
125:32,40,42,51,83,87,91,110,331,147,156,159,170,172,197,208,266,301,303,310,317,327
126:7,10,16,18,52,77,80,90,100,102,120,244,135,142,185,194,197,220,236,321
127:25,33,55,68,70,78,104,294,128,132,145,153,208,217,264,282,293,310,332
128:36,38,67,91,96,123,127,333,135,150,167,180,236,241,273,289,298,305,318,338
129:11,39,49,63,74,81,82,107,146,185,195,197,207,219,228,272,292,296,306,323,336
130:23,24,35,45,53,72,73,86,91,99,121,136,134,138,151,167,169,175,181,182,188,197,213,225,258,271,282,286,288,310,317,324
131:11,26,45,53,56,68,73,78,114,215,150,174,222,230,250,276,283,318,327
132:7,55,58,90,98,103,112,123,127,264,141,150,192,195,216,228,233,236,250,253,275,302,304,306,311,312,320,331
133:15,24,25,31,32,44,73,78,86,106,178,145,146,168,195,208,231,259,268,283,284,297,304,321,337
134:29,31,33,57,73,84,124,130,203,138,141,146,158,159,162,222,241,247,248,274,277,284,308
135:1,8,12,38,44,64,81,87,102,118,126,128,203,153,164,174,210,262,272,276,278,288,297,323,336,339
136:11,19,24,32,69,97,104,106,124,130,169,142,151,152,158,229,237,254,255,259,260,277
137:20,65,111,297,157,172,192,201,218,224,236,256,267,278,290,295,301,322,325
138:0,11,20,37,45,59,65,108,124,130,134,244,180,211,248,267,334
139:2,14,18,26,27,44,107,109,114,141,148,155,163,174,176,190,207,231,245,269,290,294,299,303
140:7,61,78,87,111,267,163,166,168,174,195,199,225,234,264,278,309,332
141:20,29,32,49,74,75,82,122,132,134,139,215,142,147,164,179,187,212,216,230,269,296,298,313,327,329
142:22,58,84,100,126,136,141,219,172,197,203,208,250,272,278,281
143:12,15,22,27,35,38,45,56,70,96,107,112,120,247,147,169,182,193,197,213,226,233,235,236,242,254,259,263,268,282,308,326,328
144:1,5,34,57,74,78,97,121,304,147,180,194,204,217,234,242,277,300,338
145:7,13,18,42,76,96,100,123,127,133,224,151,158,160,161,185,193,214,225,244,267,276,283
146:0,13,45,72,95,102,116,121,129,133,134,287,152,182,189,205,235,249,260,314,328
147:13,16,34,50,57,74,80,85,89,91,93,101,117,125,141,143,144,255,150,161,163,167,169,192,233,257,300,302,323,324,329
148:10,27,28,30,45,57,60,80,93,105,118,121,139,232,169,174,180,203,238,246,274,278,284,301,304,326,336
149:28,46,70,103,312,183,194,258,261,318,337,338
150:0,21,54,55,71,73,77,84,89,102,104,109,128,131,132,147,301,162,168,184,209,216,218,238,241,242,254,333,336
151:8,14,26,67,74,104,121,130,136,145,214,180,187,188,215,224,235,292,307,314,328
152:13,23,72,136,146,171,167,170,192,198,225,260,266,292,293,302
153:1,10,79,92,96,127,135,330,184,202,208,210,219,232,233,237,244,251,254,257,278,297
154:16,21,36,61,72,90,103,203,196,208,215,218,271,280,317,327,334
155:30,36,51,61,81,82,109,139,332,168,188,205,208,229,287,292,315,323,335,339
156:11,12,25,80,83,112,125,168,185,190,206,214,234,236,242,272,311,312,332,337
157:2,20,37,44,89,103,107,121,137,281,161,165,186,203,223,238,263,293,296,298,303
158:9,27,37,56,61,79,97,120,134,136,145,313,182,192,200,205,213,218,237,259,265,283,298,328,330
159:9,16,22,38,41,42,82,95,125,134,245,218,246,257,265,290
160:18,37,42,54,56,67,121,145,166,175,178,182,204,206,222,243,244,267,292,317,333
161:21,24,33,37,73,85,107,145,147,157,183,167,187,196,197,198,208,220,246,270,301,307,311,312,314,329,334
162:7,17,134,150,310,163,170,184,241,277,278,294,299,309,327
163:1,16,34,49,66,69,117,139,140,147,162,240,164,186,220,221,226,228,229,232,241,245,249,258,289,293,315
164:16,20,29,37,51,55,107,120,135,141,163,195,190,191,241,289,294,311,319
165:6,18,50,58,70,80,88,97,157,247,167,171,200,207,244,256,261,263,286,300,317
166:21,42,87,94,140,160,254,208,226,240,251,277,284,290,294,314,330,335
167:13,26,33,36,37,40,77,88,103,105,114,117,122,128,130,147,152,161,165,176,181,187,206,226,232,238,240,292,321
168:10,29,64,89,93,97,114,133,140,150,155,156,236,183,189,228,231,287,324
169:23,34,48,55,60,67,81,122,130,136,143,147,148,311,236,239,296,336,338
170:0,2,8,17,19,59,77,99,101,116,125,152,162,228,178,223,267,268,271,281,327,331,337
171:2,23,82,101,109,111,113,123,152,165,275,217,261,269,274,292
172:13,45,57,86,94,114,116,118,125,137,142,290,201,206,212,214,248,252,267,273,285,310,333,336,337
173:14,20,54,57,98,101,107,121,184,192,196,198,210,215,231,238,245,269,277,289
174:18,47,62,63,69,83,94,98,108,116,131,135,139,140,148,282,197,215,221,225,229,248,255,314
175:8,16,24,36,57,62,65,77,87,96,130,160,312,176,189,191,204,205,213,214,240,252,257,268,274,289
176:43,59,101,139,167,175,230,181,185,193,223,260,269,274,278,286,309,325
177:25,30,45,58,70,90,107,110,120,275,193,204,228,241,257,263,277,279,283,289,291,295,297,335
178:0,6,18,39,67,95,97,123,133,160,170,181,188,194,196,214,223,226,301,313,317,324,327
179:33,43,49,68,71,86,107,114,116,119,141,296,180,202,205,223,226,259,294,299,332
180:40,41,68,76,95,100,114,118,128,138,144,148,151,179,249,218,232,241,243,258,284,294,306,309,315,328,331,335
181:24,70,75,86,130,167,176,178,229,182,194,228,256,274,280,285,287,289,299,304,317,330,333
182:30,45,56,74,79,81,83,87,130,143,146,158,160,181,227,223,230,290,301,316
183:29,46,95,99,112,149,161,168,338,186,187,213,215,220,249,282,295,301,307
184:2,73,74,102,124,150,153,162,173,303,191,192,194,198,247,275,300,304,305
185:4,50,51,83,88,91,92,104,124,126,129,145,156,176,193,227,267,273,281,339
186:4,6,17,39,68,73,81,121,157,163,183,254,208,212,229,238,267,281,299,312,329
187:46,56,58,67,76,141,151,161,167,183,247,200,210,222,224,281,282,284,314,317,324
188:1,3,6,7,12,14,21,36,53,62,80,82,96,121,130,151,155,178,216,195,202,238,254,263,271,277,287,302,311,330
189:12,16,34,40,61,68,77,102,109,146,168,175,285,215,224,228,268,278,294,313,327
190:0,79,83,84,139,156,164,203,204,222,236,248,298,304,308,312,317,325,326,331
191:25,86,104,123,164,175,184,265,193,217,243,271,283,313,330,333
192:17,45,68,122,132,137,147,152,158,173,184,197,195,196,207,212,229,237,238,307,324,331
193:8,32,45,51,56,73,77,84,98,143,145,176,177,185,191,306,212,219,228,243,250,255,287,309,311
194:16,17,38,50,59,87,94,96,126,144,149,178,181,184,209,198,208,239,252,272,298,305,328,330
195:36,54,55,72,104,129,132,133,140,164,188,192,267,199,210,243,280,295,300
196:11,33,35,44,52,61,64,88,94,100,113,118,120,121,154,161,173,178,192,242,198,202,231,232,233,254,260,265,279,306,324
197:41,53,56,77,95,122,125,126,129,130,142,143,161,174,192,253,205,232,233,257
198:9,21,25,53,56,60,80,106,152,161,173,184,194,196,257,201,236,238,241,267,305,306
199:24,29,47,74,89,90,110,122,140,195,288,211,242,245,247,249,270,305,339
200:0,6,17,20,40,56,60,109,111,158,165,187,268,201,239,255,256,274,303
201:12,14,19,27,48,56,62,106,137,172,198,200,253,217,246,262,271,275,285,299,328
202:18,19,20,51,55,57,90,97,99,111,153,179,188,196,287,221,277,282,283,285,297,318,323,324
203:17,23,51,82,90,97,134,135,142,148,154,157,190,292,207,230,293,295,315,331
204:8,12,19,20,45,61,89,102,105,107,123,144,160,175,177,190,273,216,231,238,245,248,259,291,295,298,308,338
205:12,25,31,35,49,105,109,113,114,146,155,158,175,179,197,293,221,222,246,255,294,312,331
206:3,6,31,96,102,115,156,160,167,172,274,233,240,300
207:34,39,51,63,70,97,118,122,129,139,165,192,203,236,217,222,265,279,307
208:2,33,41,46,65,107,125,127,133,142,153,154,155,161,166,186,194,306,215,223,246,261,269,288,297,298,300
209:38,65,77,84,91,93,106,118,150,194,230,215,217,229,233,234,235,236,237,258,266,272,274,280,298,302,311,334
210:60,84,107,114,135,153,173,187,195,256,240,248,254,278,293,301,302,316,321,333
211:18,44,73,76,121,124,138,199,216,246,250,252,266,312,315,339
212:7,13,23,38,46,48,55,120,141,172,186,192,193,243,222,230,235,292,314,318,325
213:17,21,24,37,45,49,75,82,84,93,130,143,158,175,183,252,219,224,255,271,272,308,311,316,321
214:7,43,51,60,92,95,112,145,151,156,172,175,178,222,243,249,252,287,308,317,318,333
215:17,20,47,84,90,108,111,131,141,151,154,173,174,183,189,208,209,240,216,230,250,252,270,339
216:14,22,29,50,71,83,99,117,132,141,150,188,204,211,215,303,218,224,226,241,243,267,293,294,323,339
217:61,69,110,123,124,127,144,171,191,201,207,209,339,218,236,237,242,246,256,296,309,310,311
218:14,21,26,40,72,78,114,137,150,154,158,159,180,216,217,320,231,243,253,285,295,299,309,318
219:7,10,22,24,39,42,65,81,86,94,129,142,153,193,213,272,240,270,292,293,300,310,331
220:33,46,88,115,126,161,163,183,335,254,297,303,318
221:13,15,32,54,57,60,67,70,79,87,94,163,174,202,205,263,227,245,256,313
222:38,52,53,75,96,100,109,123,131,134,160,187,190,205,207,212,214,295,226,268
223:8,12,64,67,74,157,170,176,178,179,182,208,236,230,289,292,294,307,319,323,328
224:15,22,41,42,48,58,87,103,137,145,151,187,189,213,216,248,227,229,259,272,281,296
225:1,10,54,65,101,130,140,145,152,174,297,253,302,310
226:3,8,23,32,49,52,69,103,105,115,117,118,143,163,166,167,178,179,216,222,241,250,268,280,310,316,330,337
227:0,9,19,52,56,71,72,76,83,84,98,112,182,185,221,224,261,235,256,257,274,277,281,297
228:16,35,52,75,86,129,132,163,168,170,177,181,189,193,307,244,256,261,266,308,320,331,332,336
229:2,17,52,58,69,84,87,106,136,155,163,174,181,186,192,209,224,243,258,284,288,315,327
230:4,15,29,34,39,45,56,62,67,109,112,131,141,176,182,203,209,212,215,223,277,241,327,332
231:0,12,24,26,37,61,81,92,104,133,139,168,173,196,204,218,268,256,259,261,310,312,325,326,336
232:63,80,91,92,109,114,148,153,163,167,180,196,197,235,237,247,281,283,288
233:8,10,14,49,58,96,97,98,110,112,117,124,132,143,147,153,196,197,206,209,301,255,270,276,315
234:58,63,76,91,107,140,144,156,209,305,238,241,243,244,248,317,331,335
235:7,39,97,109,117,143,146,151,209,212,227,232,329,237,238,246,265,266,288,290,331,333
236:11,15,23,54,58,59,65,92,115,116,126,128,132,137,143,156,168,169,190,198,207,209,217,223,268,251,281,297,339
237:17,18,23,33,99,103,136,153,158,192,209,217,232,235,318,244,270,275,279,287,288,298,334,336
238:84,87,117,119,148,150,157,167,173,186,188,192,198,204,234,235,308,246,253,264
239:18,24,31,34,60,91,97,118,169,194,200,271,243,268,269,284,329,333,334
240:38,68,111,163,166,167,175,206,210,215,219,279,243,251,255,266,275,285,294,323
241:7,22,34,53,74,75,91,111,123,124,128,134,150,162,163,164,177,180,198,216,226,230,234,292,268,306,323,332
242:4,16,41,78,108,143,144,150,156,196,199,217,245,248,303,308,318
243:19,52,60,68,80,92,105,115,116,160,180,191,193,195,212,214,216,218,229,234,239,240,301,250,276,283,293,311,316,330
244:10,33,34,67,68,76,78,108,126,138,145,153,160,165,228,234,237,254,286,314,317,319,320,327
245:12,41,47,51,55,69,72,113,117,139,159,163,173,199,204,221,242,326,253,279,291,297,325,332
246:6,26,32,50,87,114,116,148,159,161,201,205,208,211,217,235,238,321,263,274,294,333,336
247:3,22,28,44,98,99,134,143,165,184,187,199,232,275,249,257,266,286,289,317,325,338
248:1,31,43,47,48,58,72,95,134,138,172,174,190,204,210,224,234,242,261,250,254,278,280,285,289,302,307
249:28,46,49,56,96,121,146,163,180,183,199,214,247,296,263,336
250:13,21,24,27,40,44,52,83,95,105,112,113,114,131,132,142,193,211,215,226,243,248,267,270,272,290,293,295
251:18,67,73,91,105,112,117,153,166,236,240,260,303,321
252:2,35,45,46,51,68,111,172,175,194,211,213,214,215,329,278,286,291,293,296,298,308,320,324
253:22,51,53,55,100,111,113,132,197,201,218,225,238,245,314,274,283,299,306,331,332
254:28,38,49,72,94,99,114,136,143,150,153,166,186,188,196,210,220,244,248,319,269,288,291,305,315
255:17,18,30,70,85,99,101,105,116,118,136,147,174,193,200,205,213,233,240,272,293,324,336
256:21,27,33,34,58,67,81,85,91,106,110,114,115,120,137,165,181,200,210,217,221,227,228,231,264,262,272,276,285,305,315,316
257:0,13,64,93,95,147,153,159,175,177,197,198,227,247,286,283,288,299,312,324
258:41,61,101,113,130,149,163,180,209,229,330,260,267,281,305,308,315,322
259:17,18,19,21,31,45,47,81,83,95,101,120,121,133,136,143,158,179,204,224,231,263,277,278,285,301,304,331,338
260:14,25,42,70,100,107,136,146,152,176,196,251,258,283,296,308,338,339
261:19,24,34,53,107,112,114,149,165,171,208,227,228,231,248,264,267,274,277,288,291,315
262:14,27,50,70,77,84,97,135,201,256,299,264,278,281,311,313,324,328
263:1,14,22,47,58,63,68,95,96,102,106,108,143,157,165,177,188,221,246,249,259,338,266,278,315,325,330,339
264:13,30,34,59,68,75,81,100,127,132,140,238,256,261,262,294,268,302
265:22,65,81,98,101,158,159,191,196,207,235,323,278,282,298,301
266:2,10,19,31,33,76,92,106,119,125,152,209,211,228,235,240,247,263,282,332
267:4,30,31,66,74,94,137,138,140,145,160,170,172,185,186,195,198,216,250,258,261,273,322,325,326
268:47,53,82,100,109,116,133,143,170,175,189,200,222,226,231,236,239,241,264,332,313,318
269:71,118,139,141,171,173,176,208,239,254,299
270:7,10,25,38,40,64,65,66,69,72,95,107,161,199,215,219,233,237,250,329,274,275,290,292,295,315,320,336
271:3,18,59,78,87,104,120,130,154,170,188,191,201,213,239,309,276,338
272:13,24,28,33,39,73,81,84,106,129,135,142,156,194,209,213,219,224,250,255,256,274,282,298,308,319
273:34,46,51,53,59,70,72,89,95,102,108,119,122,128,172,185,204,267,331,291,294,311,312,324,337
274:3,16,36,38,42,88,89,115,117,134,148,171,175,176,181,200,206,209,227,246,253,261,270,272,333,304,319,329,336
275:19,28,37,55,59,68,76,87,106,132,171,177,184,201,237,240,247,270,314,289,293,298,339
276:17,21,33,77,81,131,135,145,233,243,256,271,310,308,315,317
277:28,29,34,73,110,119,134,136,144,162,166,173,177,188,202,227,230,259,261,321,284,330
278:1,6,18,44,78,83,88,89,135,137,140,142,148,153,162,176,189,210,248,252,259,262,263,265,301,293,309,310,317,318
279:24,87,90,120,177,196,207,237,240,245,336,297,301,302,316,330
280:19,61,69,73,111,154,181,195,209,226,248,287
281:8,45,72,80,112,142,157,170,185,186,187,224,227,232,236,258,262,287
282:24,58,66,67,127,130,143,174,183,187,202,265,266,272,291,298,301,329
283:21,41,47,54,74,85,99,131,133,145,158,177,191,202,232,243,253,257,260,324,316,326,336
284:8,10,29,59,68,90,100,133,134,148,166,180,187,229,239,277,286,312,314
285:13,14,15,36,70,76,85,172,181,189,201,202,218,240,248,256,259,333,287,291,312,326
286:4,13,35,39,43,130,165,176,244,247,252,257,284,339,328,333
287:9,12,65,69,86,90,105,146,155,168,181,188,193,202,214,237,280,281,285,331,292,299,329
288:22,42,48,92,94,97,103,106,130,135,199,208,229,232,235,237,254,257,261,316,312,334,335,337
289:34,106,118,128,163,164,173,175,177,181,223,247,248,275,325,290,327,329
290:11,22,25,40,42,54,64,66,67,76,137,139,159,166,172,182,235,250,270,289,292,308,320,327,336
291:11,20,44,46,47,54,58,70,95,177,204,245,252,254,261,273,282,285,339,320,327,330,334,336
292:10,11,31,33,56,87,124,129,151,152,155,160,167,171,203,212,219,223,241,270,287,290,293,320,321,322,332
293:0,33,34,51,63,66,77,89,110,118,127,152,157,163,203,205,210,216,219,243,250,252,255,275,278,292,307,318,319,331
294:12,27,35,37,38,90,98,101,105,108,127,139,162,164,166,179,180,189,205,216,223,240,246,264,273,323,299,302,303,307
295:0,15,43,44,48,49,63,71,75,76,137,177,183,195,203,204,218,222,250,270,331,338
296:2,6,12,18,30,42,43,64,84,109,114,129,141,157,169,179,217,224,249,252,260,337,314,322,336
297:1,6,22,48,49,87,99,133,135,137,153,177,202,208,220,225,227,236,245,279,327
298:4,17,70,83,96,112,128,141,157,158,190,194,204,208,209,237,252,265,272,275,282,326,303,331,334
299:33,51,79,95,97,139,162,179,181,186,201,218,253,257,262,269,287,294,322,301,303,315,325,326
300:1,26,45,48,51,78,83,144,147,165,184,195,206,208,219,327,306,307,313
301:16,27,42,60,65,83,117,125,137,148,150,161,178,182,183,210,233,243,259,265,278,279,282,299,321,332
302:6,14,17,22,27,46,55,77,132,147,152,188,209,210,225,248,264,279,294,326,317
303:8,15,24,31,65,125,139,157,184,200,216,220,242,251,294,298,299,306,315,329
304:40,70,85,94,132,133,144,148,181,184,190,259,274,322,312,320,329,338
305:6,10,48,54,59,91,95,99,105,114,119,128,184,194,198,199,234,254,256,258,321,310,312,314,317,318,324,326,327,329,331
306:6,10,28,49,61,92,129,132,180,193,196,198,208,241,253,300,303,334,313,314,316,323
307:3,17,18,34,38,44,50,59,87,115,151,161,183,192,207,223,228,248,293,294,300,336,309,330
308:6,12,24,35,73,77,82,93,122,134,143,190,204,213,214,228,238,242,252,258,260,272,276,290,320,309,312
309:9,30,31,32,62,92,96,114,140,162,176,180,193,217,218,271,278,307,308,325,324,338
310:13,45,76,104,110,116,125,127,130,162,172,217,219,225,226,231,276,278,305,327,330
311:0,4,7,20,23,59,65,89,98,101,132,156,161,164,169,188,193,209,213,217,243,262,273,331
312:4,9,11,13,24,25,56,89,114,132,149,156,161,175,186,190,205,211,231,257,273,284,285,288,304,305,308,318,326,335
313:16,17,19,31,36,38,45,50,63,65,67,141,158,178,189,191,221,262,268,300,306,314
314:15,30,48,52,78,146,151,161,166,174,187,212,244,253,275,284,296,305,306,313,327,323,324
315:10,46,58,75,84,93,104,155,163,180,203,211,229,233,254,256,258,261,263,270,276,299,303,332,330,334,337
316:25,31,52,55,62,67,70,78,86,93,96,120,182,210,213,226,243,256,279,283,288,306,324,334
317:54,66,74,83,88,102,110,125,130,154,160,165,178,181,187,190,214,234,244,247,276,278,302,305,334,318
318:56,66,72,110,128,131,149,202,212,214,218,220,237,242,268,278,293,305,312,317,335,320,327
319:4,59,108,124,164,223,244,254,272,274,293,327
320:0,13,39,47,70,74,76,78,89,111,113,132,218,228,244,252,270,290,291,292,304,308,318,327,331
321:5,15,43,55,58,119,122,123,126,133,167,210,213,246,251,277,292,301,305,323
322:0,2,6,15,33,40,81,106,120,137,258,267,292,296,299,304,337,327,333
323:5,9,22,35,47,52,57,61,79,84,100,129,135,147,155,202,216,223,240,241,265,294,306,314,321,335
324:1,10,22,39,75,82,115,123,130,147,168,178,187,192,196,202,252,255,257,262,273,283,305,309,314,316,325
325:12,57,103,109,137,176,190,212,231,245,247,263,267,289,299,309,324,327
326:78,85,89,93,103,143,148,190,231,245,267,283,285,298,299,302,305,312,332
327:1,10,31,52,82,125,131,141,154,162,170,178,189,229,230,244,289,290,291,297,300,305,310,314,318,319,320,322,325,333,329,339
328:9,36,48,52,58,63,66,82,90,101,103,104,143,146,151,158,180,194,201,223,262,286,332
329:34,51,72,80,94,117,122,141,147,161,186,235,239,252,270,274,282,287,289,303,304,305,327,335
330:4,15,29,38,63,67,91,99,102,103,113,115,119,153,158,166,181,188,191,194,226,243,258,263,277,279,291,307,310,315,337
331:24,31,40,69,73,113,123,125,132,170,180,190,192,203,205,219,228,234,235,253,259,273,287,293,295,298,305,311,320,335,332,333
332:0,12,30,33,59,62,87,121,127,140,155,156,179,228,230,241,245,253,266,268,292,301,315,326,328,331,337
333:12,16,28,34,35,55,67,72,77,86,117,128,150,160,172,181,191,210,214,235,239,246,274,285,286,322,327,331,337
334:45,86,138,154,161,209,237,239,288,291,298,306,315,316,317,339
335:6,13,43,69,76,99,111,117,121,122,155,166,177,180,220,234,288,312,318,323,329,331,338
336:28,49,82,99,122,129,135,148,150,169,172,228,231,237,246,249,255,270,274,279,283,290,291,296,307,338
337:18,133,149,156,170,172,226,273,288,296,315,322,330,332,333,339
338:6,21,24,32,36,74,87,91,101,109,124,128,144,149,169,183,204,247,259,260,263,271,295,304,309,335,336,339
339:35,59,66,101,118,135,155,185,199,211,215,216,217,236,260,263,275,286,291,327,334,337,338
