0:403,1,102,153,329,346,392
1:0,111,103,115,139,323,331,395
2:154,33,51,117,129,364,396
3:295,92,143,155,202,243,262,322,371,378,388
4:368,15,86,89,181,190,221,353,382,385,425
5:41,11,50,83,173,305
6:163,10,75,222,243,266,411
7:53,203,403,415
8:215,18,34,79,89,102,219,251,271,274,304,331,343
9:19,199,301,348,380
10:6,364,64,83,138,262,309,318,333,356,368,400,411
11:5,199,154,191,264
12:205,81,114,235,237,250,274
13:189,99,150,216,217,232,250,285,292
14:220,89,207,233,308,332,338,377
15:4,184,17,47,214,304,328
16:355,26,56,84,94,139,273,336,367,400
17:15,381,74,88,148,153,166,202,315,402,420
18:8,356,63,107,116,318
19:9,369,76,101,237,406,426
20:318,71,178,189,282,377,381,404
21:59,23,142,170,173,197,260,325,383,390
22:94,57,81,102,158,305,393,419
23:21,161,61,109,217,224,243,320,415
24:98,48,169,180,262,274,362
25:262,220
26:16,289,30,160,206,280,295,304,373
27:112,140,175,228,256,279
28:113,129
29:317,53,64,206,360,415
30:26,179,166,198,384
31:204,154,222,250,280,305,339,367
32:296,129,144,153,185,190,247
33:2,216,132,135,146,158,315
34:8,93,94,99,159,247,278
35:253,96,167,267,334,346
36:338,154,324
37:367,133,176,313,372,395,408
38:326,52,138,239,369,378,380,429
39:169,66,94,133,410
40:242,80,247,262,282,319,356
41:5,280,105,108,146,232,257,340,382,412,418,424
42:395,193,200,275,282,361,401
43:217,62,97,179,289,302,306,322
44:380,116,216,264
45:89,131,156,201,290,293,354,383
46:124,106,408
47:15,304,52,64,77,120,153
48:24,370,228,286,338,353
49:323,87,124,201,218,280,361,375
50:5,150,162,173,282
51:2,195,88,111,194,419
52:38,47,117,121,146
53:7,29,232,200,313,386
54:329,70,103,176,278,301,307,319,324,360,415,421
55:125,133,143,223,344
56:16,277,272,319,352
57:22,391,112,173,425
58:215,124,181,299,426
59:21,215,118,178
60:142,71,227
61:23,259,70,164,191,222,383
62:43,142,65,212,245,426
63:18,374,184,256,263,306,328,371
64:10,29,47,277,264,283,411
65:62,122,68,182,183,279,412
66:39,217,126,290,322,414
67:187,79,123,126,174,319
68:65,155,166,204,265
69:154,135,138,171,208,294,343,399,407
70:54,61,286,215,269,321,354,375,420,429
71:20,60,387,211,227
72:155,159
73:318,93,160,210,311
74:17,334,132,140,166,218,246,330,356
75:6,116,399
76:19,328,87,335
77:47,291,101,106,375,428
78:121,103,218,364
79:8,67,160,96,106,188,293,334,372,416
80:40,325,83,120,153,156,228,234,242,262,300,341
81:12,22,247,88,137,163,187,192,236,263
82:128,194,326
83:5,10,80,382,138,264,408
84:16,97,123,215,223,280,297,351
85:140,142,153,339,409,412,421,425
86:4,193,95,288
87:49,76,137,180,181,335,369
88:17,51,81,291,309,360
89:4,8,14,45,277,103,108,120,170,215,252,301,334,421
90:402,91,232
91:90,268,219,276,287,427
92:3,178,135,193,201,317,319,326,385
93:34,73,392,425
94:16,22,34,39,276,127,168,181,220,286
95:86,258,115,124,180,337,355,385,412
96:35,79,200,100,183,244,265,379
97:43,84,344,189,228,375
98:24,376,212,214,229,230,234,317,377
99:13,34,105,104,170,263,266,315
100:96,398,121,170,235,250,284,299,349,352,387
101:19,77,405,127,240
102:0,8,22,187,165,167,278,313,405
103:1,54,78,89,404,163,334,391
104:99,215,126,302,385
105:41,99,189,153,227,231,250
106:46,77,79,126,285
107:18,296,243
108:41,89,187,154,230,250,271,303
109:23,346,250,286,358
110:254,124,176,197,279,281,299,373,395,406
111:1,51,292,197,215,306,345
112:27,57,211,380
113:28,176,158,250,271,376,382
114:12,410,126,165,188,220,270,274,290,352,363
115:1,95,301,331,346,418
116:18,44,75,350,178,189,236,309
117:2,52,260,217,258,263
118:59,260,182,281,293,315,361,390,399
119:165,161,266,268,309,348,352
120:47,80,89,228,204,208,232,285,342
121:52,78,100,364,296,298,322,421
122:65,397,124,148,151,182,241,330,378,407
123:67,84,269,165,296
124:46,49,58,95,110,122,342,143,209,391
125:55,143,146,157,379
126:66,67,104,106,114,408,210,282,381
127:94,101,237,153,158,228,413
128:82,318,231,377
129:2,28,32,404
130:421,135,179,245,258,320,364
131:45,197,156,429
132:33,74,215,157,214,232,378,383,405
133:37,39,55,226,190,360
134:267,152,360
135:33,69,92,130,164,180,205,244,403
136:375,175,211,330,363
137:81,87,368,323,407,421
138:10,38,69,83,404,302,357,377,394,406
139:1,16,325,192,394
140:27,74,85,418,352,406
141:399,175,217,273
142:21,60,62,85,373,189,233,240,256,315,404
143:3,55,124,125,253,238,255,309
144:32,315,229,254,275,369
145:215,149,191,234,273,349
146:33,41,52,125,223,150,198,358,402,423
147:336,218,248
148:17,122,262,320,327
149:145,177,423
150:13,50,146,374,174,270,314,412
151:122,314,175,222,331
152:134,170,272,322,331,348,352,424
153:0,17,32,47,80,85,105,127,296,205,246,281,352,410
154:2,11,31,36,69,108,331,169,256,418
155:3,68,72,236,375
156:45,80,131,276,166,172,192,406
157:125,132,282,426
158:22,33,113,127,262,193,359,393,429
159:34,72,317,277,378,389,413
160:26,73,79,408,178,192,280,342,343
161:23,119,334,162,398
162:50,161,406,230,363,399,405
163:6,81,103,409,250,301,404
164:61,135,324,166,213,239,391
165:102,114,119,123,176,346
166:17,30,68,74,156,164,325,183,206,346,363,389
167:35,102,392,314
168:94,262,247,257,339,395
169:24,39,154,394,242,396
170:21,89,99,100,152,243,275,283,322,373
171:69,258,272,356,384,425
172:156,209,193
173:5,21,50,57,189,313
174:67,150,307,386,395,426
175:27,136,141,151,382,225,423
176:37,54,110,113,165,316,187
177:149,407,178,278,302,386,413
178:20,59,92,116,160,177,251,308,312
179:30,43,130,237,253
180:24,87,95,135,238,254,356
181:4,58,87,94,388,186,219,256,327
182:65,118,122,385,233,350,399
183:65,96,166,271,202,235,241,280,310,364
184:15,63,288,222,335
185:32,334
186:181,198,218,245,271,294
187:67,81,102,108,176,295,297,318,355
188:79,114,407,200,237,239
189:13,20,97,105,116,142,173,280,196,207,217,235,247,337,349,350,389,424
190:4,32,133,388,382,395
191:11,61,145,285,201,240,374
192:81,139,156,160,408,205,222,224,280,347,356
193:42,86,92,158,172,258,210,220,231,263,303,334,341
194:51,82,213,209,291,299,314,335,364
195:51,333,198,266,356,417
196:189,280
197:21,110,111,131,331
198:30,146,186,195,393,264,297,356,373,425
199:9,11,276,251,307,317,350
200:42,53,96,188,425,376
201:45,49,92,191,215,250,255
202:3,17,183,349,236,257,269,335
203:7,265,294,352
204:31,68,120,351,231,259,291
205:12,135,153,192,322,218,399
206:26,29,166,365
207:14,189,261,255,294,350,401,408
208:69,120,242,279,425
209:124,172,194,373,260,305,322,372
210:73,126,193,367,337,379,420
211:71,112,136,237,243,244,283
212:62,98,279,274,301,425
213:164,194,313,230,238,279,351
214:15,98,132,377,288,319
215:8,58,59,70,84,89,104,111,132,145,201,358,239,364,393
216:13,33,44,424
217:13,23,43,66,117,141,189,291,261,346
218:49,74,78,147,186,205,273,349,382,388,396
219:8,91,181,407,340,348
220:14,25,94,114,193,221,275,311
221:4,220,277,250,322,414
222:6,31,61,151,184,192,324,399
223:55,84,146,291,319,421
224:23,192,335,272,292,359
225:175,318,315,337,344
226:133,398,265,355
227:60,71,105,392,247,318,323
228:27,48,80,97,120,127,368,419
229:98,144,424,353,365,375
230:98,108,162,213,375,239,259,345,408
231:105,128,193,204,232
232:13,41,53,90,120,132,231,386,273,276,310
233:14,142,182,422,274,307,337,347,358,382
234:80,98,145,410,268,297,355
235:12,100,183,189,342,257
236:81,116,155,202,325,318
237:12,19,127,179,188,211,249,253,281,300,369,415
238:143,180,213,306,250,265,398
239:38,164,188,215,230,389,261,274,292,314,372,404
240:101,142,191,243
241:122,183,245,416
242:40,80,169,208,349,258,280,382
243:3,6,23,107,170,211,240,395,258,304
244:96,135,211,309,303,385,414
245:62,130,186,241,318,291,373,406,417
246:74,153,264,314,372,387,425
247:32,34,40,81,168,189,227,268,305,400
248:147,372,365
249:237,377,250,253,289,328,360,374,393,402,416
250:12,13,31,100,105,108,109,113,163,201,221,238,249,425,273,311
251:8,178,199,418,414
252:89,289,297,303,331,388,394
253:35,143,179,237,249,344,311,352,397
254:110,144,180,277,282,293,351
255:143,201,207,329,266
256:27,63,142,154,181,386,321,382,394,428
257:41,168,202,235,272,334,419
258:95,117,130,171,193,242,243,410,321,388
259:61,204,230,398,353,409
260:21,117,118,209,270,267,353
261:207,217,239,428,270,419
262:3,10,24,25,40,80,148,158,168,266,279,363
263:63,81,99,117,193,356,291,339,362,367
264:11,44,64,83,198,246,289,287,293,331,349
265:68,96,203,226,238,271,306,365
266:6,99,119,195,255,262,275,331
267:35,134,260,326,318,338,350
268:91,119,234,247,310,279,307,344,398
269:70,123,202,291,330
270:114,150,260,261,324,390
271:8,108,113,183,186,265,288,383,409
272:56,152,171,224,257,420,300,327,350,380,382,403
273:16,141,145,218,232,250,396,384,424
274:8,12,24,114,212,233,239,371,379
275:42,144,170,220,266,375,344,420,423
276:91,94,156,199,232,396,289,367,390
277:56,64,89,159,221,254,331,342,363,375
278:34,54,102,177,293,382
279:27,65,110,208,212,213,262,268,307,325,342
280:26,31,41,49,84,160,183,189,192,196,242,336,320,339
281:110,118,153,237,351,322,357,375
282:20,40,42,50,126,157,254,405,366,415
283:64,170,211,366,408
284:100,400,343
285:13,106,120,191,388,325,393
286:48,70,94,109,402,300,371
287:91,264,402,310,326,354,405,413
288:86,184,214,271,425
289:26,43,249,252,264,276,393
290:45,66,114,324,299,402
291:77,88,194,204,217,223,245,263,269,318,348,390
292:13,111,224,239,365,307,411
293:45,79,118,254,264,278,373,333,348,349,377
294:69,186,203,207,354,316,333,335
295:3,26,187,365
296:32,107,121,123,153,421,313
297:84,187,198,234,252,350,374
298:121,307,376
299:58,100,110,194,290,370,326,339,372,388,408
300:80,237,272,286,390,397
301:9,54,89,115,163,212,385,326,405
302:43,104,138,177,426,325,340,348
303:108,193,244,252,383
304:8,15,26,47,243,355,325,368,385,416
305:5,22,31,209,247,367,318,353
306:43,63,111,238,265,338,334,367
307:54,174,199,233,268,279,292,298,308
308:14,178,307,413,365,371
309:10,88,116,119,143,244,339,402,405
310:183,232,268,287,320
311:73,220,250,253,404,326,383
312:178,348,405,419
313:37,53,102,173,213,296,402,398
314:150,151,167,194,239,246,369,317
315:17,33,99,118,142,144,225,401,384
316:176,294,416,341
317:29,92,98,159,199,314,422,429
318:10,18,20,73,128,187,225,227,236,245,267,291,305,363,338
319:40,54,56,67,92,214,223,378,320,349
320:23,130,148,280,310,319,354,391
321:70,256,258,324,388,425
322:3,43,66,121,152,170,205,209,221,281,342,357
323:1,49,137,227,420,407
324:36,54,164,222,270,290,321,410,340,404,427
325:21,80,139,166,236,279,285,302,304,405,354,387
326:38,82,92,267,287,299,301,311,414,352,363,400
327:148,181,272,343,407
328:15,63,76,249,413,352,410
329:0,54,255,380,392,394
330:74,122,136,269,398,348,349,366
331:1,8,115,151,152,154,197,252,264,266,277,349,336,402,429
332:14,360,414
333:10,195,293,294,379
334:35,74,79,89,103,161,185,193,257,306,339,340,342,386
335:76,87,184,194,202,224,294,411,405
336:16,147,280,331,389,346,360,392
337:95,189,210,225,233,413,397,400
338:14,36,48,267,306,318,413,356
339:31,85,168,263,280,299,309,334,352
340:41,219,302,324,334,389,376
341:80,193,316,362,373
342:120,124,160,235,277,279,322,334,411,360
343:8,69,160,284,327,415
344:55,97,225,253,268,275,349
345:111,230,401,347,351
346:0,35,109,115,165,166,217,336,416,354,402
347:192,233,345,393,419
348:9,119,152,219,291,293,302,312,330,408,359
349:100,145,189,202,218,242,264,293,319,330,331,344,375,361,374
350:116,182,189,199,207,267,272,297,367,359,360,372,417
351:84,204,213,254,281,345,370
352:56,100,114,119,140,152,153,203,253,326,328,339,405,386
353:4,48,229,259,260,305,407
354:45,70,287,294,320,325,346,419
355:16,95,187,226,234,304,376
356:10,18,40,74,171,180,192,195,198,263,338,394,364
357:138,281,322,378,413
358:109,146,215,233,423,376,404
359:158,224,348,350,366
360:29,54,88,133,134,249,332,336,342,350,368,393
361:42,49,118,349,408,383
362:24,263,341,388,420
363:114,136,162,166,262,277,318,326,404,412
364:2,10,78,121,130,183,194,215,356,383
365:206,229,248,265,292,295,308,429,378
366:282,283,330,359,394
367:16,31,37,210,263,276,305,306,350,406,411,425
368:4,10,137,228,304,360,394,409
369:19,38,87,144,237,314,426,387,413
370:48,299,351,419
371:3,63,274,286,308,423
372:37,79,209,239,246,248,299,350,395
373:26,110,142,170,198,209,245,293,341,406
374:63,150,191,249,297,349,427
375:49,70,77,97,136,155,229,230,275,277,281,349,377,410
376:98,113,200,298,340,355,358,415
377:14,20,98,128,138,214,249,293,375,419
378:3,38,122,132,159,319,357,365,384
379:96,125,210,274,333,391
380:9,38,44,112,272,329,394
381:17,20,126,403,421
382:4,41,83,113,175,190,218,233,242,256,272,278,429
383:21,45,61,132,271,303,311,361,364,385
384:30,171,273,315,378,405,407,423
385:4,92,95,104,182,244,301,304,383,403,401,428
386:53,174,177,232,256,334,352,388
387:71,100,246,325,369,411,403
388:3,181,190,218,252,258,285,299,321,362,386,417,410
389:159,166,189,239,336,340,392
390:21,118,270,276,291,300,397
391:57,103,124,164,320,379,400,423
392:0,93,167,227,329,336,389,425
393:22,158,198,215,249,285,289,347,360,401
394:138,139,169,252,256,329,356,366,368,380,405
395:1,37,42,110,168,174,190,243,372,429,402,424
396:2,169,218,273,276,420
397:122,253,300,337,390,423,406,429
398:100,161,226,238,259,268,313,330,411
399:69,75,118,141,162,182,205,222,401
400:10,16,247,284,326,337,391,404
401:42,207,315,345,385,393,399,423
402:17,90,146,249,286,287,290,309,313,331,346,395,420
403:0,7,135,272,381,385,387,408
404:20,103,129,138,142,163,239,311,324,358,363,400,429
405:101,102,132,162,282,287,301,309,312,325,335,352,384,394,407,422
406:19,110,138,140,156,162,245,367,373,397,427
407:69,122,137,177,188,219,323,327,353,384,405,428
408:37,46,83,126,160,192,207,230,283,299,348,361,403,417,425
409:85,163,259,271,368,417
410:39,114,153,234,258,324,328,375,388,423
411:6,10,64,292,335,342,367,387,398,419
412:41,65,85,95,150,363,419
413:127,159,177,287,308,328,337,338,357,369,428
414:66,221,244,251,326,332,419
415:7,23,29,54,237,282,343,376,425
416:79,241,249,304,316,346,423
417:195,245,350,388,408,409,427
418:41,115,140,154,251,427,426
419:22,51,228,257,261,312,347,354,370,377,411,412,414,420
420:17,70,210,272,275,323,362,396,402,419,424
421:54,85,89,121,130,137,223,296,381,423
422:233,317,405,424
423:146,149,175,275,358,371,384,391,397,401,410,416,421,424
424:41,152,189,216,229,273,395,420,422,423,426
425:4,57,85,93,171,198,200,208,212,246,250,288,321,367,392,408,415,427
426:19,58,62,157,174,302,369,418,424,427
427:91,324,374,406,417,418,425,426,428
428:77,256,261,385,407,413,427,429
429:38,70,131,158,317,331,365,382,395,397,404,428
