0:85,41,61,66,96,98,146,160,204,212,237,255,307
1:246,4,27,35,37,39,117,120,171,172,206,225,233,276
2:166,6,15,31,98,134,230,245,255,263,279,296
3:304,5,29,42,48,49,58,62,70,84,89,101,137,254,326
4:1,40,66,110,131,132,156,210,281
5:3,120,11,114,140,151,165,179,220,243,248,277,292,293
6:2,240,52,94,112,127,159,165,179,203,324
7:90,89,116,130,147,157,168,196,242,263,273
8:285,30,32,63,127,153,155,161,202,241,273,295,311
9:310,16,35,41,177,180,188,200,215,232,266,288
10:295,12,23,53,78,82,112,123,141,169,176,255,256,262,277,298
11:5,261,31,46,62,73,104,246,251,301
12:10,263,19,64,112,137,173,197,208,222,250,253,255,258,269,273,280,292,323
13:298,14,20,44,71,73,158,255,261,276,288
14:13,258,36,75,117,225,247,318
15:2,212,44,56,93,154,163,170,203,208,209,217,221,228,291,294
16:9,77,30,39,44,61,122,123,135,173,183,184,185,190,193
17:230,38,65,99,104,107,124,155,175,195,213,239,279,284
18:234,56,67,85,100,123,125,127,171,235,260,263,309,324
19:12,234,25,28,51,91,141,156,160,165,212,215,241,273,275,281,290,294,300
20:13,244,34,48,53,60,76,82,109,139,155,167,168,198,306,329
21:89,30,98,103,150,151,152,165,190,196,215,244,293,316,319
22:137,25,37,59,114,121,135,152,161,172,192,211,222,272,289
23:10,85,88,94,102,107,172,200,240,248,250
24:273,31,56,104,107,114,126,144,235,243,249,253,290,312,320
25:19,22,112,39,77,134,157,219,270,304
26:222,42,46,88,93,205,246,276,312,329
27:1,28,49,71,111,171,181,183,218,225,231,308,323,326
28:19,27,38,95,100,110,158,165,177,184,206,224,235,239,296,307,321
29:3,74,94,103,128,155,229,261,278,287,305,306,316
30:8,16,21,47,106,111,159,167,204,242,269
31:2,11,24,143,75,84,153,197,275,325
32:8,232,119,185,307,314
33:46,52,66,113,136,165,173,181,182,200,201,251,282,292
34:20,218,70,100,124,198,203,219,227,252,267,298,329
35:1,9,151,44,85,148,192,208,211,217,232,327
36:14,326,87,100,165,178,192,205,230,261,274,278,282,298
37:1,22,310,49,66,96,115,139,201,223,235,245,268,271,289,297,311
38:17,28,216,40,57,72,81,110,155,249,255,261,288
39:1,16,25,96,51,59,62,66,82,113,172,206,231,256,297,327
40:4,38,259,49,78,80,113,136,226,227,234,284
41:0,9,239,64,69,105,150,159,167,211,222,264,294,300
42:3,26,63,43,50,71,74,106,124,125,134,159,168,170,179,184,191,201,202,239
43:42,105,98,123,130,131,149,177,189,222,251,324
44:13,15,16,35,268,66,81,105,165,239,301,308,316
45:301,57,159,171,175,178,182,186,210,234,236,251,276,295
46:11,26,33,118,70,86,120,160,282,293,298,304
47:30,61,55,63,91,115,125,141,145,156,157,166
48:3,20,87,139,185,229,264,290,292,312
49:3,27,37,40,130,75,127,150,179,195,196,216,242,262,265,294,323
50:42,61,120,130,133,149,191,240,266
51:19,39,91,71,72,80,121,129,153,196,238,239,275,276,321
52:6,33,262,85,96,116,187,201,218,222,257
53:10,20,280,61,68,81,116,121,167,187,194,195,227,250
54:126,79,90,125,133,145,176,184,213,224,280,294,313,329
55:47,289,57,145,165,166,167,176,205,208,276,278,296,303
56:15,18,24,217,126,142,214,231,238,240,241,319,321
57:38,45,55,275,94,95,105,158,229,241,254,283,293,301,306,322
58:3,87,101,128,131,166,226,230,250,277,297,303
59:22,39,206,63,81,82,87,89,129,131,174,199,201,278,283,301
60:20,260,100,116,134,200,304,312,314,327
61:0,16,47,50,53,311,71,75,87,150,158,185,219,228,260,282,296,328
62:3,11,39,134,65,113,166,273,289,293
63:8,42,47,59,148,113,152,161,214,258,270,273
64:12,41,230,85,88,123,125,127,156,160,165,174,205,206,238,256,268,291,323,324,327
65:17,62,259,76,81,94,101,132,191,193,257,305,311
66:0,4,33,37,39,44,170,72,96,114,137,167,169,240,305,329
67:18,255,158,165,206,262,276,281
68:53,256,105,164,191,217,220,240,249,289,313
69:41,264,71,83,115,163,211,265,275,328
70:3,34,46,241,113,121,195,199,215,240,246,318
71:13,27,42,51,61,69,322,119,129,134,148,165,217,236,246,273,280,287,307
72:38,51,66,309,100,162,186,191,212,322
73:11,13,286,81,97,117,168,171,176,187,254
74:29,42,138,99,110,132,162,171,181,189,250,277,291,310,316,322
75:14,31,49,61,138,77,117,134,137,233,238,297,322
76:20,65,264,85,100,126,144,212,221,260
77:16,25,75,272,138,178,194,199,246,303,314
78:10,40,138,86,110,111,124,148,162,183,288,300
79:54,256,129,136,184,216,244,249,282,324
80:40,51,175,116,122,171,176,177,190,284,315,327
81:38,44,53,59,65,73,247,82,134,163,179,215,217,231,241,259,264,286,288,301,324
82:10,20,39,59,81,208,97,117,122,125,178,205,272,291,297,328
83:69,305,118,122,130,183,248,250,274,285,287,293,294,304,306
84:3,31,306,85,226,243,300,313
85:0,18,23,35,52,64,76,84,243,89,105,126,194,246,289,320
86:46,78,203,104,113,116,149,182,226,257,316,326
87:36,48,58,59,61,203,142,175,180,209,248,253,268,279,293
88:23,26,64,275,111,133,163,164,188,194,198,232,240,296,321,322
89:3,7,21,59,85,226,130,192,201,285,291
90:7,54,172,132,143,164,175,190,226,228,258,279,284,287,307
91:19,47,51,139,132,136,181,188,233,266,283,288,297,307,313
92:120,104,113,119,123,125,129,148,160,240,248,264,310,320
93:15,26,170,107,211,222,250,271,274,281,283,284,289,311,314
94:6,23,29,57,65,310,188,257,294,305
95:28,57,170,96,104,108,186,207,226,263,264
96:0,37,39,52,66,95,210,115,166,206,221,237,264,296
97:73,82,173,155,191,193,197,242,254,318
98:0,2,21,43,228,105,143,144,145,174,244,276,297,305,319
99:17,74,298,119,163,179,196,206,213,259,289,317
100:18,28,34,36,60,72,76,150,172,181,266,275,317,328
101:3,58,65,194,135,142,192,244,248,258,260,300,317
102:23,151,124,130,137,148,159,202,205,227,256,281,318,322,323
103:21,29,137,111,127,140,153,158,193,195,202,233,236,268,291,296,307,319
104:11,17,24,86,92,95,116,117,141,210,212,239,254,273,317,319
105:41,43,44,57,68,85,98,325,143,200,292,302
106:30,42,197,141,144,158,180,201,206,208,232,267,304
107:17,23,24,93,237,151,155,164,165,167,236,259,263,270,297,300,310
108:95,301,145,167,183,201,226,267,293
109:20,122,141,156,182,204,211,240,248,277,307
110:4,28,38,74,78,316,141,178,228,241,266,318,326
111:27,30,78,88,103,226,149,161,209,215,244,256,273,319
112:6,10,12,25,285,124,132,181,201,220,223,290,300,311
113:33,39,40,62,63,70,86,92,310,142,146,181,194,251,258
114:5,22,24,66,327,134,140,212,213,274,289,306,319
115:37,47,69,96,189,134,135,195,221,255,269,298
116:7,52,53,60,80,86,104,165,135,143,155,181,188,191,300,310,317,320
117:1,14,73,75,82,104,132,118,165,171,182,205,210,249,309,324
118:46,83,117,219,142,143,156,161,164,199,221,229,239,245,264,325
119:32,71,92,99,196,148,159,198,210,257,312,320
120:1,5,46,50,92,249,140,145,169,171,190,217,315,326
121:22,51,53,70,304,139,211,286,310
122:16,80,82,83,109,184,137,150,192,234,248
123:10,16,18,43,64,92,228,125,139,154,178,180,210,238,301
124:17,34,42,78,102,112,277,134,278,298,307
125:18,42,47,54,64,82,92,123,283,127,143,203,235,279,301,315,316,317
126:24,54,56,76,85,180,171,185,218,259,288,327
127:6,8,18,49,64,103,125,152,156,191,198,208,224,236,251,265,276,277,300
128:29,58,303,136,187,214,258,270,275,288,317,324
129:51,59,71,79,92,282,216,232,253,261
130:7,43,49,50,83,89,102,135,132,137,141,176,201,227,251
131:4,43,58,59,292,143,150,184,198,221
132:4,65,74,90,91,112,117,130,178,139,142,160,181,192,195,199,224,228,242,291
133:50,54,88,251,234,270,279,307
134:2,25,42,60,62,71,75,81,114,115,124,311,189,192,193,244,290
135:16,22,101,115,116,130,223,171,177,276,283,288
136:33,40,79,91,128,311,186,190,252,265,287,305,309,318
137:3,12,22,66,75,102,103,122,130,231,138,160,171,199,281,299,300
138:74,75,77,78,137,327,162,178,202,236,243,291
139:20,37,48,91,121,123,132,262,199,213,241,250,282,297,305
140:5,103,114,120,259,156,167,171,195,206,306
141:10,19,47,104,106,109,110,130,192,162,170,177,212,214,270,283,322,323
142:56,87,101,113,118,132,199,168,175,183,194,205,220,246,278,305,309,310
143:31,90,98,105,116,118,125,131,282,163,186,196,206,235,306,315,326
144:24,76,98,106,225,181,182,199,231,266,274,278,290,320
145:47,54,55,98,108,120,178,180,186,200,223,225,287,307
146:0,113,159,151,214,217,227,252,274,288
147:7,167,160,204,230,264,265,290
148:35,63,71,78,92,102,119,199,191,207,216,223,266,271
149:43,50,86,111,213,159,167,181,248,262,278,281,304,310,320
150:21,41,49,61,100,122,131,303,166,188,189,221,287
151:5,21,35,102,107,146,286,181,196,198,287,312,320
152:21,22,63,127,325,176,182,213,293,327
153:8,31,51,103,188,158,187,196,251,282,300,317
154:15,123,162,276
155:8,17,20,29,38,97,107,116,271,163,166,215,234,275
156:4,19,47,64,109,118,127,140,196,171,238,269,275,277,281
157:7,25,47,197,206,224,233,303,314
158:13,28,57,61,67,103,106,153,326,231,239,285,297,317,328
159:6,30,41,42,45,102,119,146,149,198,199,247,311
160:0,19,46,64,92,132,137,147,257,168,172,222,232,239,253,255,276,290,318
161:8,22,63,111,118,170,175,220,223,234,275
162:72,74,78,138,141,154,172,169,220,256,280
163:15,69,81,88,99,143,155,308,201,219,254
164:68,88,90,107,118,205,198,207,253
165:5,6,19,21,28,33,36,44,55,64,67,71,107,116,117,213,169,174,186,225,300
166:2,47,55,58,62,96,150,155,324,201,250,285
167:20,30,41,53,55,66,107,108,140,147,149,249,246,292,299,312
168:7,20,42,73,142,160,253,175,244,269
169:10,66,120,162,165,312,200,214,230,240,306,329
170:15,42,66,93,95,141,161,245,188,255,269,276,277,278,282,297
171:1,18,27,45,73,74,80,117,120,126,135,137,140,156,221,185,280
172:1,22,23,39,90,100,160,162,242,196,200,221,222,250,275,285,288,317
173:12,16,33,97,324,222,253,289,312
174:59,64,98,165,230,176,203,209,219
175:17,45,80,87,90,142,161,168,286,187,192,224,249,252,314,325
176:10,54,55,73,80,130,152,174,282,206,220,231,233
177:9,28,43,80,135,141,238,221,233,273,281,291,297
178:36,45,77,82,110,123,132,138,145,180,192,251,269,276,291,309,310,312
179:5,6,42,49,81,99,243,189,246,273,277,280
180:9,87,106,123,126,145,178,217,182,321,329
181:27,33,74,91,100,112,113,116,132,144,149,151,205,200,219
182:33,45,86,109,117,144,152,180,273,185,205,249,264,293
183:16,27,78,83,108,142,256,205,206,213,247,260,266,270,279,292
184:16,28,42,54,79,122,131,199,221,222,230,253,281,300
185:16,32,48,61,126,171,182,269,188,202,209,253,261,284,310,327
186:45,72,95,136,143,145,165,247,218,248,251,255,284,286,311,315,322
187:52,53,73,128,153,175,274,237,252,255,285,287,303
188:9,88,91,94,116,150,153,170,185,231,245,259
189:43,74,115,134,150,179,205,196,257,324
190:16,21,80,90,120,136,199,195,207,219,245,271,286,302
191:42,50,65,68,72,97,116,127,148,297,211
192:22,35,36,89,101,122,132,134,141,175,178,200,198,208,238,279,310,325,326
193:16,65,97,103,134,243,195,214,225,270,278,291,319
194:53,77,85,88,101,113,142,294,258,296,303,306,307,308,320
195:17,49,53,70,103,115,132,140,190,193,258,216,219,224,231,238,267,293,327
196:7,21,49,51,99,119,143,151,153,156,172,189,244,233,266,283,300
197:12,31,97,106,157,249,222,243,251,264,273
198:20,34,88,119,127,131,151,159,164,192,316,226,297,315,319
199:59,70,77,118,132,137,139,142,144,148,159,184,190,268,266,277,279,283,322
200:9,23,33,60,105,145,169,172,181,192,274,208,225,241,311
201:33,37,42,52,59,89,106,108,112,130,163,166,208,232,233,253,311,316
202:8,42,102,103,138,185,208,226,243,252,266,267,272,285,304,308
203:6,15,34,86,87,125,174,260,255,266,269,285,290
204:0,30,109,147,228,224,230,262,277,281,295
205:26,36,55,64,82,102,117,142,164,181,182,183,189,270,250,291
206:1,28,39,59,64,67,96,99,106,140,143,157,176,183,320,220
207:95,148,164,190,258,251,257,287,288,313,328
208:12,15,35,55,82,106,127,192,200,201,202,311,270,317,328
209:15,87,111,174,185,258,280,328
210:4,45,96,104,117,119,123,211,213,214,220,239,315
211:22,35,41,69,93,109,121,191,210,316,223,227,292
212:0,15,19,72,76,104,114,141,320,252,263,319
213:17,54,99,114,139,149,152,165,183,210,222,219,223,232,276
214:56,63,128,141,146,169,193,210,228,252,261,265,290
215:9,19,21,70,81,111,155,279,229,244,292,299,325
216:38,49,79,129,148,195,238,218,220,223,225,244,270,275,280,311,323
217:15,35,56,68,71,81,120,146,180,222,277
218:27,34,52,126,186,216,293,224,225,268,304,314,318
219:25,34,61,118,163,174,181,190,195,213,271,229,260,297
220:5,68,112,142,161,162,176,206,210,216,282,279,300
221:15,76,96,115,118,131,150,171,172,177,184,326,258,271
222:12,22,26,41,43,52,93,160,172,173,184,197,213,217,255,223,248,252,262,292,294,300,304,318,324
223:37,112,135,145,148,161,211,213,216,222,309,227,297,317
224:28,54,127,132,157,175,195,204,218,257,253,268,302,308,310
225:1,14,27,144,145,165,193,200,216,218,300,250,252,254,327
226:40,58,84,86,89,90,95,108,111,198,202,323,287,313
227:34,40,53,102,130,146,211,223,298,265,284,324
228:15,61,90,98,110,123,132,204,214,289,233,262,267,277,298,305,329
229:29,48,57,118,215,219,278,252,262
230:2,17,36,58,64,147,169,174,184,204,285,306,324
231:27,39,56,81,137,144,158,176,188,195,311,250,252,292
232:9,32,35,88,106,129,160,201,213,314,287,316
233:1,75,91,103,157,176,177,196,201,228,258,276,292,312
234:18,19,40,45,122,133,155,161,258,244,281,284,321
235:18,24,28,37,125,143,239,238,247,248,254,269
236:45,71,103,107,127,138,281,237,248,300,305
237:0,96,107,187,236,274,277,306,311,320,322,327
238:51,56,64,75,123,156,177,192,195,216,235,292,268,278,288,314
239:17,28,41,42,44,51,104,118,158,160,210,235,278,317
240:6,23,50,56,66,68,70,88,92,109,169,300,242,299
241:8,19,56,57,70,81,110,139,200,306,282,317
242:7,30,49,97,132,172,240,247,268,273,312
243:5,24,84,85,138,179,193,197,202,262,245,257,269,286,305,316,328
244:20,21,79,98,101,111,134,168,196,215,216,234,320,271,318
245:2,37,118,170,188,190,243,305,256,268,281,292,309,325
246:1,11,26,70,71,77,85,142,167,179,323,253,278,301,305
247:14,81,159,183,186,235,242,285,260,313,323,325
248:5,23,83,87,92,101,109,122,149,186,222,235,236,297,273,312
249:24,38,68,79,117,120,167,175,182,197,274
250:12,23,53,58,74,83,93,139,166,172,205,225,231,300,255,265,268
251:11,33,43,45,113,127,130,133,153,178,186,197,207,274,277,300,318
252:34,136,146,175,187,202,212,214,222,225,229,231,258,290
253:12,24,87,129,160,164,168,173,184,185,201,224,246,298,284,286,291,294
254:3,57,73,97,104,163,225,235,324,267,278,284,289,297,300,307
255:0,2,10,12,13,38,67,115,160,170,186,187,203,222,250,319,310,327
256:10,39,64,68,79,102,111,162,183,245,303,293,302
257:52,65,86,94,119,160,189,207,224,243,325,284
258:12,14,63,90,101,113,128,194,195,207,209,221,233,234,252,268,284,298
259:40,65,81,99,107,126,140,188,325,270
260:18,60,61,76,101,183,203,219,247,274
261:11,13,29,36,38,129,185,214,286,318
262:10,49,52,67,139,149,204,222,228,229,243,269
263:2,7,12,18,95,107,212,314,271,289
264:41,48,69,76,81,92,95,96,118,147,182,197,297,275
265:49,69,127,136,147,214,227,250,298
266:9,50,91,100,110,144,148,183,196,199,202,203,288,279,285,290,301,321
267:34,106,108,195,202,228,254,288,325,327
268:37,44,64,87,103,199,218,224,238,242,245,250,258,286
269:12,30,115,156,168,170,178,185,203,235,243,262,276,302
270:25,63,107,128,133,141,183,193,205,208,216,259,293
271:37,93,148,155,190,219,221,244,263,327,317
272:22,77,82,202,316
273:7,8,12,19,24,62,63,71,104,111,177,179,182,197,242,248,326,287,310,315,320
274:36,83,93,114,144,146,187,200,237,249,251,260,296,301,311,323
275:19,31,51,57,69,88,100,128,155,156,161,172,216,264,288,282,324
276:1,13,26,45,51,55,67,98,127,135,154,160,170,178,213,233,269,277,306
277:5,10,58,74,109,124,127,156,170,179,199,204,217,228,237,251,276,278,291,295
278:29,36,55,59,124,142,144,149,170,193,229,238,239,246,254,277,320,284,303
279:2,17,87,90,125,133,183,192,199,215,220,266,303
280:12,53,54,71,162,171,179,209,216,311
281:4,19,67,93,102,137,149,156,177,184,204,234,236,245,310,300
282:33,36,46,61,79,129,139,143,153,170,176,220,241,275,322,316,325
283:57,59,91,93,125,135,141,196,199,326,287
284:17,40,80,90,93,185,186,227,234,253,254,257,258,278,309,298,306,324
285:8,83,89,112,158,166,172,187,202,203,230,247,266,310,300,307
286:73,81,121,151,175,186,190,243,253,261,268,289,290,296,302
287:29,71,83,90,136,145,150,151,187,207,226,232,273,283,302,291,293,303
288:9,13,38,78,81,91,126,128,135,146,172,207,238,266,267,275,299,289,308
289:22,37,55,62,68,85,93,99,114,173,228,254,263,286,288,315,301
290:19,24,48,112,134,144,147,160,203,214,252,266,286,326,298
291:15,64,74,82,89,103,132,138,177,178,193,205,253,277,287,317,308,315,323
292:5,12,33,48,105,131,167,183,211,215,222,231,233,238,245,317,318
293:5,21,46,57,62,83,87,108,152,182,195,218,256,270,287,310,295
294:15,19,41,49,54,83,94,194,222,253,297
295:8,10,45,204,277,293,326,299,306,309,317
296:2,28,55,61,88,96,103,194,274,286,326
297:37,39,58,75,82,91,98,107,139,158,170,177,191,198,219,223,248,254,264,294,323
298:10,13,34,36,46,99,115,124,227,228,253,258,265,284,290,304
299:137,167,215,240,288,295,305,315
300:19,41,78,84,101,107,112,116,127,137,153,165,184,196,220,222,225,236,240,250,251,254,281,285,311
301:11,44,45,57,59,81,108,123,125,246,266,274,289,327,314
302:105,190,224,256,269,286,287,311,326,328
303:55,58,77,128,150,157,187,194,256,278,279,287,315
304:3,25,46,60,83,106,121,149,202,218,222,298,323,316,318,325
305:29,65,66,83,94,98,136,139,142,228,236,243,245,246,299,322
306:20,29,57,83,84,114,140,143,169,194,230,237,241,276,284,295,310
307:0,28,32,71,90,91,103,109,124,133,145,194,254,285,311,315
308:27,44,163,194,202,224,288,291,318,315
309:18,72,117,136,142,178,223,245,284,295,316
310:9,37,74,92,94,107,113,116,121,142,149,178,185,192,224,255,273,281,285,293,306,314
311:8,37,61,65,93,112,134,136,159,186,200,201,208,216,231,237,274,280,300,302,307,329,314,322
312:24,26,48,60,119,151,167,169,173,178,233,242,248,317
313:54,68,84,91,207,226,247,314
314:32,60,77,93,157,175,218,232,238,263,301,310,311,313,323
315:80,120,125,143,186,198,210,273,289,291,299,303,307,308,329
316:21,29,44,74,86,110,125,198,201,211,232,243,272,282,304,309,324
317:99,100,101,104,116,125,128,153,158,172,208,223,239,241,271,291,292,295,312,326
318:14,70,97,102,110,136,160,218,222,244,251,261,292,304,308,324
319:21,56,98,103,104,111,114,193,198,212,255,321,322,327
320:24,85,92,116,119,144,149,151,194,206,212,237,244,273,278,323
321:28,51,56,88,180,234,266,319,323
322:57,71,72,74,75,88,102,141,186,199,237,282,305,311,319,326
323:12,27,49,64,102,141,216,226,246,247,274,291,297,304,314,320,321,328
324:6,18,43,64,79,81,117,128,166,173,189,222,227,230,254,275,284,316,318,328
325:31,105,118,152,175,192,215,245,247,257,259,267,282,304,327
326:3,27,36,86,110,120,143,158,192,221,273,283,290,295,296,302,317,322,327
327:35,39,60,64,80,114,126,138,152,185,195,225,237,255,267,271,301,319,325,326,329
328:61,69,82,100,158,207,208,209,243,302,323,324,329
329:20,26,34,54,66,169,180,228,311,315,327,328
