0:30,1,4,10,13,15,16,18,19,20,23,24,26,27,29,36,37,41,42,43,46
1:0,34,8,10,14,16,19,21,23,24,25,38,41,44,46,47
2:20,5,12,15,17,19,22,24,28,29,33,35,36,38,40,41,42,45,47,49
3:6,4,7,9,11,12,16,18,28,31,34,36,37,40,42,43,46,47
4:0,3,23,5,8,15,17,21,25,28,29,35,36,37,40,41,43,46,47,49
5:2,4,39,11,15,17,19,22,25,28,32,34,36,37,38,41,42,43,45,46
6:3,26,7,10,11,12,13,14,15,18,19,22,23,25,31,32,34,38,40,41,43
7:3,6,13,10,16,23,28,33,34,38,39,40,45,48
8:1,4,30,12,16,21,23,28,29,34,36,37,41,43,44,47,49
9:3,42,10,13,14,18,19,23,26,27,28,36,37,40,44,46,47
10:0,1,6,7,9,12,13,16,17,21,22,23,24,25,26,27,30,34,38,41,43,45
11:3,5,6,33,13,14,15,18,19,20,22,27,28,29,31,35,36,37,39,40,46,48
12:2,3,6,8,10,25,13,15,24,26,27,30,32,35,36,39,40,41,43,45,47,48
13:0,6,7,9,10,11,12,41,15,17,22,23,24,27,29,31,36
14:1,6,9,11,29,15,19,20,21,22,23,24,25,26,28,30,36,37,44,45,47,48
15:0,2,4,5,6,11,12,13,14,47,18,19,22,24,26,27,32,35,37,38,39,42,43,46
16:0,1,3,7,8,10,40,17,26,31,32,33,34,39,42,45
17:2,4,5,10,13,16,49,18,19,23,28,29,31,32,40,41,42,43,45
18:0,3,6,9,11,15,17,33,20,22,27,29,34,36,39,43,44,45,47,49
19:0,1,2,5,6,9,11,14,15,17,34,20,21,23,26,30,32,35,37,41,47,48,49
20:0,2,11,14,18,19,43,21,25,28,31,35,36,39,41,44,45,46,48,49
21:1,4,8,10,14,19,20,33,22,24,26,28,29,30,37,39,40,42,48,49
22:2,5,6,10,11,13,14,15,18,21,44,24,25,30,33,34,35,38,41,42,48
23:0,1,4,6,7,8,9,10,13,14,17,19,33,25,29,37,38,40,44
24:0,1,2,10,12,13,14,15,21,22,49,30,31,35,36,37,38,40,48
25:1,4,5,6,10,12,14,20,22,23,28,27,30,31,32,38,39,41,43,46,48
26:0,6,9,10,12,14,15,16,19,21,41,27,30,34,36,38,39,45,48,49
27:0,9,10,11,12,13,15,18,25,26,30,28,29,36,39,40,45,49
28:2,3,4,5,7,8,9,11,14,17,20,21,25,27,45,30,31,32,34,42,48,49
29:0,2,4,8,11,13,14,17,18,21,23,27,42,31,33,34,41,45,48
30:0,8,10,12,14,19,21,22,24,25,26,27,28,39,31,32,36,40,42,44,45,46,47,48
31:3,6,11,13,16,17,20,24,25,28,29,30,34,38,39,40,46,47
32:5,6,12,15,16,17,19,25,28,30,45,33,36,43,48,49
33:2,7,11,16,18,21,22,23,29,32,49,36,37,38,39,40,42,44
34:1,3,5,6,7,8,10,16,18,19,22,26,28,29,31,39,38,41,43,44,45
35:2,4,11,12,15,19,20,22,24,43,36,40,45,48,49
36:0,2,3,4,5,8,9,11,12,13,14,18,20,24,26,27,30,32,33,35,45,42,43,44,47
37:0,3,4,5,8,9,11,14,15,19,21,23,24,33,44,45
38:1,2,5,6,7,10,15,22,23,24,25,26,31,33,34,41,43,44,45,49
39:5,7,11,12,15,16,18,20,21,25,26,27,30,31,33,34,42,41,45
40:2,3,4,6,7,9,11,12,16,17,21,23,24,27,30,31,33,35,44,42,43,45
41:0,1,2,4,5,6,8,10,12,13,17,19,20,22,25,26,29,34,38,39,43,45,47,48
42:0,2,3,5,9,15,16,17,21,22,28,29,30,33,36,39,40,49
43:0,3,4,5,6,8,10,12,15,17,18,20,25,32,34,35,36,38,40,41,45,47
44:1,8,9,14,18,20,22,23,30,33,34,36,37,38,40,47,48
45:2,5,7,10,12,14,16,17,18,20,26,27,28,29,30,32,34,35,36,37,38,39,40,41,43,46,47,48,49
46:0,1,3,4,5,9,11,15,20,25,30,31,45,48,49
47:1,2,3,4,8,9,12,14,15,18,19,30,31,36,41,43,44,45,48
48:7,11,12,14,19,20,21,22,24,25,26,28,29,30,32,35,41,44,45,46,47,49
49:2,4,8,17,18,19,20,21,24,26,27,28,32,33,35,38,42,45,46,48
