0:320,29,39,55,74,85,147,148,186,190,230,250,306,309,319
1:196,2,107,137,175,180,213,217,225,243,284,313
2:1,58,11,25,30,42,53,72,77,85,99,121,138,141,149,158,159,180,193,205,217,221,228,237,241,255,287,288,304,314,337
3:8,12,14,44,55,83,132,184,185,189,196,209,231,294,298,306,315
4:334,16,40,43,48,55,72,94,100,114,126,133,135,141,146,147,156,191,220,232,271,288,311,329,337
5:300,14,16,17,55,74,84,92,101,140,154,163,182,194,241,249,255,269,278,285,312,316,338
6:228,32,42,45,56,87,93,97,103,110,119,124,147,197,218,220,226,232,260,261,277,299,310,313
7:145,25,27,85,89,115,131,164,180,183,205,240,279,308,309,311,335
8:3,134,9,20,29,40,44,59,70,77,82,115,122,132,143,177,180,190,212,249,253,254,289,290,323,326,335
9:8,246,22,23,25,57,61,64,83,85,99,118,166,177,206,213,214,240,305,307,327,333
10:182,12,39,52,55,77,78,81,85,92,109,110,140,144,147,154,166,176,185,202,209,265,323,326
11:2,198,49,70,73,99,104,115,116,118,142,163,181,196,204,218,238,252,258,300,302,317,333,338
12:3,10,91,15,16,47,48,84,93,99,100,113,123,127,161,181,196,219,253,282,293,306,329,336
13:98,19,23,36,48,66,75,115,119,145,152,153,154,171,181,184,206,220,222,248,252,294,307,309,327
14:3,5,333,18,41,56,58,95,132,141,148,205,212,226,239,248,252,262,278,284,300,311,319,325,334
15:12,71,30,53,92,93,107,118,127,140,183,209,222,232,260,294,319,320,323
16:4,5,12,282,25,26,47,50,57,77,87,102,109,142,152,156,167,179,209,230,236,239,280,303
17:5,35,23,44,49,59,71,79,86,94,97,129,132,133,136,139,167,189,213,220,238,245,283,289,308,312,326,328,335
18:14,320,19,52,55,65,83,98,232,268,285,289,322,334,339
19:13,18,338,22,63,85,94,119,145,168,221,222,255,264,306,332
20:8,36,22,41,44,47,50,56,64,92,96,98,111,143,159,189,209,227,228,232,247,257,280,281,289,317,334
21:273,45,49,51,54,62,77,87,88,92,102,147,148,166,174,181,191,211,301,311,329,331,338
22:9,19,20,278,25,61,68,117,120,157,186,192,220,224,253,294
23:9,13,17,300,30,52,74,82,83,101,116,121,123,131,164,175,188,212,215,218,220,253,283,311,326
24:283,32,41,45,59,65,76,84,117,159,171,177,198,213,222,228,230,270,274,290,322
25:2,7,9,16,22,232,53,90,101,117,132,182,220,242,247,268,287,288,304,321,326,335
26:16,295,39,58,63,96,134,144,151,186,190,205,224,227,238,252,280,296,310,319
27:7,259,65,96,102,147,161,163,177,179,182,200,235,248,250,255,268,270,280,297,306,310,314,324,335
28:282,29,38,43,60,86,114,121,140,149,154,156,194,196,215,243,276,305,316
29:0,8,28,339,65,90,94,99,100,108,119,166,170,172,192,195,204,207,208,231,266,292,296,320
30:2,15,23,328,50,60,66,68,71,78,143,152,246,260,304,308,314,317,325
31:259,34,42,49,53,101,104,107,119,127,145,168,180,192,203,282,286,295,298,323,338
32:6,24,43,40,44,69,88,89,131,185,191,203,215,233,234,272,283,321,330,339
33:84,56,57,82,151,154,168,173,174,179,193,233,251,286,295,330
34:31,69,38,64,67,75,82,94,103,121,122,134,154,165,188,200,235,240,244,262,308,320,324
35:17,91,41,43,55,71,106,107,155,182,190,199,221,274,283,286,315,323
36:13,20,246,40,65,133,135,139,149,157,177,186,191,212,227,240,262,264
37:224,45,73,100,119,122,123,142,203,214,221,228,231,236,251,266,276,288
38:28,34,264,40,41,44,76,117,136,151,322
39:0,10,26,287,44,66,81,86,116,121,128,152,191,199,219,233,250,252,259,267,293,327,330
40:4,8,32,36,38,241,47,51,93,118,161,162,165,172,195,199,220,224,254,280,284,289,317,323
41:14,20,24,35,38,117,49,77,83,92,99,105,106,125,159,164,175,189,199,240,243,246,247,281,289,296
42:2,6,31,332,120,138,175,203,217,227,237,265,288,290,294
43:4,28,32,35,207,48,62,65,70,80,84,90,97,116,127,139,193,216,267,273,276,337
44:3,8,17,20,32,38,39,196,66,130,141,143,160,166,193,194,238,239,254,255,262,267,298
45:6,21,24,37,325,70,77,103,111,129,143,145,152,160,182,190,203,223,260,266,280,287,335,336
46:211,60,61,93,102,116,118,149,199,225,250,258,267,283,305,310,325
47:12,16,20,40,152,53,58,66,72,76,83,86,93,107,112,117,132,144,146,148,155,163,173,208,221,236,248,280,292,296,323,333
48:4,12,13,43,88,56,61,104,116,135,155,174,191,258
49:11,17,21,31,41,242,64,68,80,91,95,107,140,141,164,166,171,207,210,227,228,288,290,305,324,333
50:16,20,30,258,66,78,83,113,116,119,133,140,153,157,160,161,177,183,184,194,198,200,214,229,235,291,304,310,323,328
51:21,40,78,52,57,79,96,112,117,122,129,139,202,266,271,279,282,284,289,291,293,294,301,304,328
52:10,18,23,51,84,56,68,77,98,112,121,141,170,176,178,184,193,202,205,206,226,239,251,266,268,273,305,320
53:2,15,25,31,47,152,59,75,106,110,183,190,191,197,224,262,266,297,319
54:21,254,78,81,101,107,118,127,136,173,194,220,257,275,285,298
55:0,3,4,5,10,18,35,105,59,85,98,104,108,115,121,125,131,156,165,182,192,210,220,247,287,305,326
56:6,14,20,33,48,52,132,67,89,101,125,128,136,147,206,266,279,293,319,338
57:9,16,33,51,268,70,93,138,153,159,178,194,203,218,220,237,238,239,246,263,264,309,316
58:2,14,26,47,197,92,93,106,121,128,147,164,184,193,203,265,284,303,305
59:8,17,24,53,55,279,63,81,105,111,114,124,159,164,165,170,199,200,202,238,239,265,267,269,282,283,299,308,312
60:28,30,46,180,65,78,82,105,143,152,185,210,219,230,244,251,274,317,338
61:9,22,46,48,143,122,127,137,163,179,208,210,221,230,263,274,301,315,321,322
62:21,43,200,66,75,89,143,157,232,236,242,250,264,303,309,313,316,331
63:19,26,59,251,91,99,143,169,179,185,221,231,262,286,304,324,326
64:9,20,34,49,127,73,94,131,139,173,184,208,215,227,228,230,241,260,265,269,274,312
65:18,24,27,29,36,43,60,220,78,103,107,140,144,153,217,231,242,247,301,309,321
66:13,30,39,44,47,50,62,248,128,137,140,142,193,233,239,277,287,306
67:34,56,198,82,86,110,123,136,170,178,210,227,239,254,281,304,305,311,330
68:22,30,49,52,242,77,82,84,150,167,196,211,219,263,264,296,301
69:32,34,115,79,94,99,107,109,145,153,161,187,198,213,256,257,261,296,299,309,327
70:8,11,43,45,57,257,71,75,76,92,120,126,130,144,152,158,162,164,195,227,261,280,308,316,333
71:15,17,30,35,70,253,77,78,91,98,121,148,161,165,167,172,173,182,215,220,236,247,250,284,286,305,336
72:2,4,47,211,75,184,242,247,255,264,335
73:11,37,64,87,92,106,114,162,165,171,198,209,213,228,235,245,248,259,267,313,336
74:0,5,23,221,79,81,85,91,102,125,129,157,174,186,188,211,218,222,251,276,294,299,300
75:13,34,53,62,70,72,77,79,97,106,112,133,136,155,172,178,186,195,197,243,282,305,330
76:24,38,47,70,294,87,89,97,137,143,158,226,275,277,313,338
77:2,8,10,16,21,41,45,52,68,71,75,264,100,123,149,156,168,216,219,235,238,243,285,293,313
78:10,30,50,51,54,60,65,71,309,82,104,108,146,147,217,220,224,235,240,275,288,317
79:17,51,69,74,75,188,83,125,144,145,190,214,215,229,231,237,240,250,283,308,311,338
80:43,49,228,123,159,172,189,205,254,293,306,319,336
81:10,39,54,59,74,235,86,92,93,99,148,186,233,241,255,279,295,305,335
82:8,23,33,34,60,67,68,78,101,86,96,100,128,132,138,148,149,155,190,198,224,232,312
83:3,9,18,23,41,47,50,79,338,156,157,185,244,248,251,296,302
84:5,12,24,33,43,52,68,87,105,126,129,133,158,250,287,304,306,338
85:0,2,7,9,10,19,55,74,168,118,135,151,174,198,310
86:17,28,39,47,67,81,82,332,108,118,125,142,152,169,175,186,188,193,195,238,262,328
87:6,16,21,73,76,84,240,91,96,98,166,173,257,324,325,328,329
88:21,32,48,254,97,142,162,187,198,210,212,230,244,270,290,302,331
89:7,32,56,62,76,135,115,128,141,147,162,164,181,196,247,261,268,285,328
90:25,29,43,216,121,182,194,209,210,219,221,246,260,261,269,309,323,332
91:12,35,49,63,71,74,87,334,97,99,100,116,118,138,157,173,183,218,239,240,248,261,279,287,294
92:5,10,15,20,21,41,58,70,73,81,273,105,106,113,117,157,193,198,227,257,290,292,295,304,305,316,323,333
93:6,12,15,40,46,47,57,58,81,108,105,142,164,166,168,181,185,186,214,219,222,241,258,278,293,312,315
94:4,17,19,29,34,64,69,244,103,161,169,178,180,204,212,226,237,256,260,275,288,313,320
95:14,49,141,96,105,118,154,173,181,194,197,219,220,234,284,309,312,315,327
96:20,26,27,51,82,87,95,157,138,152,173,211,222,267,294,308,337
97:6,17,43,75,76,88,91,143,117,140,147,164,178,183,227,239,246,253,256,265,300,333
98:13,18,20,52,55,71,87,202,99,111,117,141,149,169,182,192,193,207,214,253,275,282,288,306,307,321,323,334
99:2,9,11,12,29,41,63,69,81,91,98,128,121,180,193,202,242,253,257,260,272,273,294,303,337
100:4,12,29,37,77,82,91,141,122,140,143,147,173,188,194,216,234,239,315,339
101:5,23,25,31,54,56,82,201,116,121,123,138,164,197,206,208,237,247,262,282,288,306,328
102:16,21,27,46,74,222,130,136,167,171,177,191,199,209,216,244,290,293,299,304,307,308,309
103:6,34,45,65,94,127,162,169,179,181,186,196,232,247,286,291,304
104:11,31,48,55,78,207,139,140,141,160,176,189,199,204,206,214,225,228,229,274,276,278,294
105:41,55,59,60,84,92,93,95,231,109,130,195,218,257,263,278,288,313,328
106:35,41,53,58,73,75,92,201,124,139,140,141,145,146,240,254,273,277,285
107:1,15,31,35,47,49,54,65,69,208,109,172,187,190,191,193,194,196,211,227,233,244,260,286,291,303,305,336,339
108:29,55,78,86,93,300,129,130,136,146,166,171,192,197,202,205,211,214,281,313,314,336
109:10,16,69,105,107,147,149,190,193,206,210,248,263,267,274,290,310,338
110:6,10,53,67,112,115,126,138,153,170,200,205,217,228,230,248,258,274,281,298,323
111:20,45,59,98,173,116,135,149,150,156,227,233,287,298,323,333
112:47,51,52,75,110,122,114,150,160,164,179,201,223,238,255,268,278,286,293,300,309,316
113:12,50,92,274,120,137,139,174,183,184,212,220,223,225,232,260,296,324
114:4,28,59,73,112,163,121,125,156,172,176,217,255,295,311,335,336
115:7,8,11,13,55,69,89,110,269,124,135,141,167,170,172,234,257,264,297,305,307,313,325,330,335
116:11,23,39,43,46,48,50,91,101,111,333,131,179,184,204,224,228,233,318,334,336
117:22,24,25,38,41,47,51,92,97,98,319,141,148,151,165,240,247,250,268,296,307
118:9,11,15,40,46,54,85,86,91,95,224,130,132,141,142,189,199,200,201,210,266,279,285,307,317,321
119:6,13,19,29,31,37,50,246,153,175,188,192,196,199,203,212,233,236,237,244,278,279,282,307,326,336
120:22,42,70,113,334,160,176,190,197,216,226,228,247,248,271,282,325
121:2,23,28,34,39,52,55,58,71,90,99,101,114,216,146,148,204,205,236,243,259,271,290,321,323,336
122:8,34,37,51,61,100,112,211,160,216,242,275,297,306,311,324
123:12,23,37,67,77,80,101,275,130,154,164,188,209,213,226,280,283,335
124:6,59,106,115,230,138,167,182,187,189,198,216,247,294,302,307,315,317,323
125:41,55,56,74,79,86,114,170,151,158,242,265,293,335
126:4,70,84,110,311,133,171,175,180,219,248,261,267,268,276,284,321
127:12,15,31,43,54,61,64,103,279,131,164,183,193,196,227,228,229,248,253,259,300,301,320
128:39,56,58,66,82,89,99,234,134,142,143,152,155,169,180,181,192,193,198,233,240,242,283,302,312,316,323,328
129:17,45,51,74,84,108,197,135,211,218,225,241,244,275,305,306,322
130:44,70,102,105,108,118,123,147,142,145,168,180,196,224,271,284,307,319
131:7,23,32,55,64,116,127,224,151,156,186,187,190,194,232,276,288,315,334
132:3,8,14,17,25,47,56,82,118,262,142,221,236,295,311,318,334,336
133:4,17,36,50,75,84,126,277,141,143,157,173,252,267,271,276,278,295,305,329,339
134:8,26,34,128,311,146,156,166,173,197,215,219,221,255,258,277
135:4,36,48,85,89,111,115,129,285,149,168,174,201,214,215,218,283,298,313,321
136:17,38,54,56,67,75,102,108,332,138,165,181,223,255,271,273,275,281,297,301,330
137:1,61,66,76,113,336,142,151,186,187,201,250,278,300,307,329,330
138:2,42,57,82,91,96,101,110,124,136,306,140,147,152,160,161,177,181,187,207,211,218,219,242,260,263,268,272,339
139:17,36,43,51,64,104,106,113,225,145,169,228,283,284,292
140:5,10,15,28,49,50,65,66,97,100,104,106,138,204,162,172,181,216,218,227,263,303,307,333
141:2,4,14,44,49,52,89,95,98,100,104,106,115,117,118,133,219,167,211,223,240,278,280,308,309,334
142:11,16,37,66,86,88,93,118,128,130,132,137,282,162,178,192,217,226,242,256,272,273,297,301,305,309,327
143:8,20,30,44,45,60,61,62,63,76,97,100,128,133,317,159,161,211,250,304,311,333,334
144:10,26,47,65,70,79,281,159,167,176,226,252,268,272,291,301
145:7,13,19,31,45,69,79,106,130,139,173,184,229,279,289,318,325,327,339
146:4,47,78,106,108,121,134,235,152,187,210,228,272,275,322,330
147:0,4,6,10,21,27,56,58,78,89,97,100,109,130,138,229,148,181,221,256,296,315,317
148:0,14,21,47,71,81,82,117,121,147,226,150,196,205,207,260,269,319
149:2,28,36,46,77,82,98,109,111,135,251,156,168,184,236,254,266,286,333
150:68,111,112,148,258,158,169,183,200,205,222,226,231,247,257,265,271,272,281,291,297,305,315,322,330
151:26,33,38,85,117,125,131,137,238,163,177,183,184,189,232,270,322
152:13,16,30,39,45,47,53,60,70,86,96,128,138,146,251,166,169,223,248,252,313,324,326,327,334
153:13,50,57,65,69,110,119,295,180,206,212,222,225,240,272,286,307
154:5,10,13,28,33,34,95,123,222,200,211,217,246,250,266,278,295,331,333
155:35,47,48,75,82,128,197,161,177,178,187,216,224,232,259,277,278,293,302,323
156:4,16,28,55,77,83,111,114,131,134,149,176,172,179,190,219,328
157:22,36,50,62,74,83,91,92,96,133,183,164,174,198,205,210,221,233,242,243,252,279,304,336
158:2,70,76,84,125,150,203,169,171,174,195,218,245,254,265,278,307,314,317,329,339
159:2,20,24,41,57,59,80,143,144,222,173,191,196,245,257,264,270,272,319
160:44,45,50,104,112,120,122,138,282,182,215,221,260,284,290,291,316,332,336
161:12,27,40,50,69,71,94,138,143,155,241,179,182,205,226,263,270,291,300,306,317,321,328,330
162:40,70,73,88,89,103,140,142,218,169,174,187,189,199,200,206,241,305,306,307,328
163:5,11,27,47,61,114,151,300,187,212,217,263,269,273,289,298,333
164:7,23,41,49,58,59,70,89,93,97,101,112,123,127,157,231,221,234,252,254,277,290,336
165:34,40,55,59,71,73,117,136,248,196,229,246,259,261,285,288,290,301,330
166:9,10,21,29,44,49,87,93,108,134,152,223,172,187,202,210,226,232,256,275,318
167:16,17,68,71,102,115,124,141,144,335,176,198,220,225,235,245,263,294,309,334
168:19,31,33,77,85,93,130,135,149,179,181,190,196,230,245,251,264,265,277,280,299,326
169:63,86,94,98,103,128,139,150,152,158,162,178,177,182,205,268,282,283,306,327
170:29,52,59,67,110,115,125,326,195,212,219,243,256,263,278,319
171:13,24,49,73,102,108,126,158,273,191,201,239,242,261,288,302,309,321,327
172:29,40,71,75,80,107,114,115,140,156,166,249,173,176,218,257,264,273,304,305,326,331
173:33,47,54,64,71,87,91,95,96,100,111,133,134,145,159,172,186,174,188,203,211,243,250,261,263,265,267,277,281,283,287,289,290,327
174:21,33,48,74,85,113,135,157,158,162,173,306,200,222,223,241,261,272,277,299,310,336
175:1,23,41,42,86,119,126,335,188,201,228,229,237,255,259,275,278,291,309
176:10,52,104,114,120,144,156,167,172,227,187,189,199,207,214,216,240,246,251,273,333
177:8,9,24,27,36,50,102,138,151,155,169,248,196,238,253,267,273,282,291,294,302,308,315,316,327
178:52,57,67,75,94,97,142,155,169,262,180,189,194,195,238,270,275,297,307
179:16,27,33,61,63,103,112,116,156,161,168,187,221,224,230,234,241,244,265,291
180:1,2,7,8,31,60,94,99,126,128,130,153,178,246,183,184,188,190,200,216,221,229,238,240,253,263,266,268,284,290,313
181:11,12,13,21,89,93,95,103,128,136,138,140,147,168,187,198,210,264,276,278,285,295,300,315
182:5,10,25,27,35,45,55,71,90,98,124,160,161,169,226,198,209,229,252,269,283,311,315
183:7,15,50,53,91,97,113,127,150,151,157,180,237,188,196,212,277,294,306,319,328
184:3,13,50,52,58,64,72,113,116,145,149,151,180,206,186,189,195,202,212,231,236,246,256,265,274,275,281,282,289,308,320
185:3,10,32,60,63,83,93,315,186,212,233,235,241,278,286,293,329
186:0,22,26,36,74,75,81,86,93,103,131,137,173,184,185,221,217,245,246,257,259,328
187:69,88,107,124,131,137,138,146,155,162,163,166,176,179,181,223,193,201,210,285,288,307,311,320,339
188:23,34,74,79,86,100,119,123,173,175,180,183,268,192,219,247,288,308,312,333
189:3,17,20,41,80,104,118,124,151,162,176,178,184,327,197,210,213,221,226,246,258,280,285,291,317,322
190:0,8,26,35,45,53,79,82,107,109,120,131,156,168,180,288,191,214,218,230,275,309,337
191:4,21,32,36,39,48,53,102,107,159,171,190,268,207,224,230,233,239,244,304
192:22,29,31,55,98,108,119,128,142,188,277,195,196,206,209,214,273,290,309,313
193:2,33,43,44,52,58,66,86,92,98,99,107,109,127,128,187,238,195,207,252,257,265,267,287,298,303,321,334,336
194:5,28,44,50,54,57,90,95,100,107,131,178,212,205,225,256,259,270,293,309,328
195:29,40,70,75,86,105,158,170,178,184,192,193,286,198,213,237,275,308,338
196:1,3,11,12,28,44,68,89,103,107,119,127,130,148,159,165,168,177,183,192,295,235,237,244,277,309,310,320,334
197:6,53,58,75,95,101,108,120,129,134,155,189,325,220,253,254,277
198:11,24,50,67,69,73,82,85,88,92,124,128,157,167,181,182,195,251,210,235,276,280,293,330,339
199:35,39,40,41,46,59,102,104,118,119,162,176,308,206,215,216,235,241,312
200:27,34,50,59,62,110,118,150,154,162,174,180,330,215,268,280,335
201:101,106,112,118,135,137,171,175,187,271,247,262,265,275,313
202:10,51,52,59,98,99,108,166,184,294,209,221,251,282,287,315,322,323,339
203:31,32,37,42,45,57,58,119,158,173,322,221,224,226,228,236,240,252,254,260,269,275,279,295,300,314,315
204:11,29,94,104,116,121,140,207,230,235,242,250,280,283,303,306
205:2,7,14,26,52,80,108,110,121,148,150,157,161,169,194,225,220,221,252,285,290,311,329
206:9,13,52,56,101,104,109,153,162,184,192,199,222,209,225,226,248,251,273,296,316,339
207:29,43,49,98,104,138,148,176,191,193,204,268,271,280,285,292,326,328
208:29,47,61,64,101,107,277,216,269,292,300,302,306,310,312,335
209:3,10,15,16,20,73,90,102,123,182,192,202,206,212,231,248,253,254,256,259,302,327
210:49,55,60,61,67,88,90,109,118,146,157,166,181,187,189,198,288,230,233,249,305,322,331,337
211:21,46,68,72,74,96,107,108,122,129,138,141,143,154,173,335,218,252,254,284,313
212:8,14,23,36,88,94,113,119,153,163,170,183,184,185,194,209,237,214,226,234,259,262,323,331
213:1,9,17,24,69,73,123,189,195,273,228,231,233,260,270,290,291,322,335,337
214:9,37,50,79,93,98,104,108,135,176,190,192,212,297,314,317,339
215:23,28,32,64,71,79,134,135,160,199,200,236,270,281,295,338
216:43,77,90,100,102,120,121,122,124,140,155,176,180,199,208,242,247,248,263,267,307,312,322
217:1,2,42,65,78,110,114,142,154,163,186,261,223,230,277,298,302,304
218:6,11,23,57,74,91,105,129,135,138,140,158,162,172,190,211,288,261,262,269,304,339
219:12,39,60,68,77,90,93,95,126,134,138,141,156,170,188,316,234,241,244,249,252,271,287,293,294
220:4,6,13,17,22,23,25,40,54,55,57,65,71,78,95,113,167,197,205,256,224,245,261,265,267,269,287,289,291,292,297,313,317
221:2,19,35,37,47,61,63,74,90,132,134,147,157,160,164,179,180,186,189,202,203,205,276,226,228,237,255,284,305,310,322,326,336
222:13,15,19,24,74,93,96,102,150,153,154,159,174,206,323,311,316,337
223:45,112,113,136,141,152,166,174,187,217,252,247,248,260,277,333
224:22,26,37,40,53,78,82,116,118,130,131,155,179,191,203,220,325,258,261,284,305,337
225:1,46,104,113,129,139,153,167,194,205,206,330,226,231,255,263,283,284,293,296,335
226:6,14,52,76,94,120,123,142,144,148,150,161,166,182,189,203,206,212,221,225,235,239,243,280,292,319,327
227:20,26,36,42,49,64,67,70,92,97,107,111,127,140,176,244,232,260,276,318,331,332
228:2,6,20,24,37,49,64,73,80,104,110,116,120,127,139,146,175,203,213,221,321,229,251,275,290,307,315,320,324,326,332
229:50,79,104,127,145,147,165,175,180,182,228,279,251,266,283,292,300,307,309,314
230:0,16,24,60,61,64,88,110,124,168,179,190,191,204,210,217,255,236,240
231:3,29,37,63,65,79,105,150,164,184,209,213,225,306,248,262,272,282,294,300
232:4,6,15,18,20,25,62,82,103,113,131,151,155,166,227,247,252,253,289,301,302,314,328,337
233:32,33,39,66,81,107,111,116,119,128,157,185,191,210,213,285,260,272,292,293,323,325,331
234:32,95,100,115,128,164,179,212,219,287,255,260,265,267,298,303,313,323,326,333
235:27,34,50,73,77,78,81,146,167,185,196,198,199,204,226,236,240,266,272,274,279,294,338
236:16,37,47,62,71,119,121,132,149,184,203,215,230,235,327,238,252,268,275,283,302,306,312,335,337
237:2,42,57,79,94,101,119,175,183,195,196,212,221,329,242,249,252,253,254,260,264,294,322,335
238:11,17,26,44,57,59,77,86,112,151,177,178,180,193,236,318,251,269,273,299,315,322
239:14,16,44,52,57,59,66,67,91,97,100,171,191,226,324,241,247,260,265,272,293,296,306,321
240:7,9,34,36,41,78,79,87,91,106,117,128,141,153,176,180,203,230,235,275,255,257,269,278,301,316,324,330
241:2,5,40,64,81,93,129,161,162,174,179,185,199,219,239,278,243,251,270,280,301,316
242:25,49,62,65,68,72,99,122,125,128,138,142,157,171,204,216,237,324,250,253,270,300,313,334
243:1,28,41,75,77,121,157,170,173,226,241,294,247,248,309,313,314,327
244:34,60,83,88,94,102,107,119,129,179,191,196,219,227,304,249,255,273,290
245:17,73,158,159,167,168,186,220,261,247,255,259,265,274,305,332
246:9,30,36,41,57,90,97,119,154,165,176,180,184,186,189,298,254,273,276,297,312
247:20,25,41,55,65,71,72,89,101,103,117,120,124,150,188,201,216,223,232,239,243,245,277,267,285,306
248:13,14,27,47,66,73,83,91,109,110,120,126,127,152,165,177,206,209,216,223,231,243,252,294,299,310,321,337
249:5,8,172,210,219,237,244,268,251,255,265,284,299,301,308,314
250:0,27,39,46,62,71,79,84,117,137,143,154,173,204,242,276,303
251:33,37,52,60,63,74,83,149,152,168,176,198,202,206,228,229,238,241,249,328,255,286,307
252:11,13,14,26,39,133,144,152,157,164,182,193,203,205,211,219,223,232,236,237,248,310,265,269,281,289,293,299,332
253:8,12,22,23,71,97,98,99,127,177,180,197,209,232,237,242,292,288
254:8,40,44,54,67,80,88,106,149,158,164,197,203,209,211,237,246,298,260,262,267,288,295,297,327
255:2,5,19,27,44,72,81,112,114,134,136,175,221,225,230,234,240,244,245,249,251,261,278
256:69,94,97,142,147,166,170,184,194,209,220,323,261,267,300,304,305,315,319
257:20,54,69,70,87,92,99,105,115,150,159,172,186,193,240,294,276,293,313
258:11,46,48,50,93,110,134,150,189,224,317,280,290,293,294,297,298,303,309,321,331,337
259:27,31,39,73,121,127,155,165,175,186,194,209,212,245,324,288,295,300,304
260:6,15,30,45,64,90,94,99,107,113,138,148,160,203,213,223,227,233,234,237,239,254,302,262,267,304,321,329,330
261:6,69,70,89,90,91,126,165,171,173,174,217,218,220,224,245,255,256,305,265,287,288,298
262:14,34,36,44,53,63,86,101,132,178,201,212,218,231,254,260,300
263:57,61,68,105,109,138,140,161,163,167,170,173,180,216,225,330,303,308,311,325
264:19,36,38,57,62,68,72,77,115,159,168,172,181,237,328,288,292
265:10,42,58,59,64,97,125,150,158,168,173,179,184,193,201,220,234,239,245,249,252,261,282,279,295,302,332,338
266:29,37,45,51,52,53,56,118,149,154,180,229,235,306,284,311,318,327,330,337
267:39,43,44,46,59,73,96,109,126,133,173,177,193,216,220,234,247,254,256,260,294,272,291,311,325,333
268:18,25,27,52,57,89,112,117,126,138,144,169,180,188,191,200,207,236,249,281,326,336
269:5,59,64,90,115,148,163,182,203,208,218,220,238,240,252,304,291,292,298
270:24,27,88,151,159,161,178,194,213,215,241,242,288,276,304,316,337
271:4,51,120,121,130,133,136,150,201,207,219,335,305,316
272:32,99,138,142,144,146,150,153,159,174,231,233,235,239,267,315,283,314,316,321,327
273:21,43,52,92,99,106,136,142,163,171,172,176,177,192,206,213,238,244,246,282,284,333
274:24,35,60,61,64,104,109,110,113,184,235,245,276,279,312,320,327,338
275:54,76,78,94,98,122,123,129,136,146,166,175,178,184,190,195,201,203,228,236,240,289,283,284,312
276:28,37,43,74,104,126,131,133,181,198,221,227,246,250,257,270,274,277,306,326
277:6,66,76,106,133,134,155,164,168,173,174,183,192,196,197,208,217,223,247,276,309,288,300,312,335
278:5,14,22,93,104,105,112,119,133,137,141,154,155,158,170,175,181,185,240,241,255,313,293,306
279:7,51,56,59,81,91,118,119,127,145,157,203,229,235,265,274,306,280,311,335,339
280:16,20,26,27,40,45,47,70,123,141,168,189,198,200,204,207,226,241,258,279,331,281,316,321
281:20,41,67,108,110,136,144,150,173,184,215,252,268,280,307,331
282:12,16,28,31,51,59,75,98,101,119,120,142,160,169,177,184,202,231,265,273,313,329
283:17,23,24,32,35,46,59,79,123,128,135,139,169,173,182,204,225,229,236,272,275,326,302,312,313,337
284:1,14,40,51,58,71,95,126,130,139,160,180,211,221,224,225,249,266,273,275,315,288,294,303,320
285:5,18,54,77,89,106,118,135,165,181,187,189,205,207,233,247,331,316,317,321
286:31,33,35,63,71,103,107,112,149,153,185,195,251,334,297,300,302,314,324,332
287:2,25,39,45,55,66,84,91,111,173,193,202,219,220,234,261,297,294,333
288:2,4,25,37,42,49,78,94,98,101,105,131,165,171,187,188,190,210,218,253,254,259,261,264,270,277,284,310,291,293,326
289:8,17,18,20,40,41,51,145,163,173,184,220,232,252,275,307,329,336
290:8,24,42,49,88,92,102,109,121,160,164,165,173,180,192,205,213,228,244,258,335,292,304,305,309,327,339
291:50,51,103,107,144,150,160,161,175,177,179,189,213,220,267,269,288,294,312
292:29,47,92,139,207,208,220,226,229,233,253,264,269,290,295,335
293:12,39,51,56,77,80,93,102,112,125,155,185,194,198,219,225,233,239,252,257,258,278,288,326,309,318
294:3,13,15,22,42,51,74,76,91,96,99,104,124,167,177,183,202,219,231,235,237,243,248,257,258,267,284,287,291,303
295:26,31,33,81,92,114,132,133,153,154,181,196,203,215,254,259,265,292,333,301,329
296:26,29,41,47,68,69,83,113,117,147,206,225,239,329,308
297:27,53,115,122,136,142,150,178,214,220,246,254,258,286,287,331
298:3,31,44,54,110,111,135,163,193,217,234,246,254,258,261,269,306,299,321,328
299:6,59,69,74,102,168,174,238,248,249,252,298,310,305,316,329,336
300:5,11,14,23,74,97,108,112,127,137,161,163,181,203,208,229,231,242,256,259,262,277,286,330,302,316,333
301:21,51,61,65,68,127,136,142,144,165,232,240,241,249,295,321,312,322,333
302:11,83,88,124,128,155,171,177,208,209,217,232,236,260,265,283,286,300,328,314,317
303:16,58,62,99,107,140,193,204,234,250,258,263,284,294,325,306,307,327,331
304:2,25,30,50,51,63,67,84,92,102,103,143,157,172,191,217,218,244,256,259,260,269,270,290,310,318,333
305:9,28,46,49,52,55,58,67,71,75,81,92,107,115,129,133,142,150,162,172,210,221,224,245,256,261,271,290,299,330,306,320
306:0,3,12,19,27,66,80,84,98,101,122,129,138,161,162,169,174,183,204,208,231,236,239,247,266,276,278,279,298,303,305,335,309
307:9,13,98,102,115,117,118,119,124,130,137,140,153,158,162,178,187,216,228,229,251,281,289,303,314,317,320,337
308:7,17,30,34,59,70,79,96,102,141,177,184,188,195,199,249,263,296,316,333
309:0,7,13,57,62,65,69,78,90,95,102,112,141,142,167,171,175,190,192,194,196,229,243,258,277,290,293,306,334,313,333,335
310:6,26,27,46,50,85,109,174,196,208,221,248,252,288,299,304,335,317,320,322,325
311:4,7,14,21,23,67,79,114,122,126,132,134,143,182,187,205,222,263,266,267,279,323,330
312:5,17,59,64,82,93,95,128,188,199,208,216,236,246,274,275,277,283,291,301,327,313,333,337
313:1,6,62,73,76,77,94,105,108,115,135,152,180,192,201,211,220,234,242,243,257,278,282,283,309,312,321,331,332
314:2,27,30,108,158,203,214,229,232,243,249,272,286,302,307,315
315:3,35,61,93,95,100,124,131,147,150,177,181,182,185,202,203,228,238,256,272,284,314,323,331
316:5,28,57,62,70,92,112,128,160,177,206,219,222,240,241,270,271,272,280,285,299,300,308,330
317:11,20,30,40,60,78,118,124,143,147,158,161,189,214,220,258,285,302,307,310,327
318:116,132,145,166,227,238,266,293,304,334,320,326,337
319:0,14,15,26,53,56,80,117,130,148,159,170,183,226,256,326,335
320:0,15,18,29,34,52,94,127,184,187,196,228,274,284,305,307,310,318,321
321:25,32,61,65,98,118,121,126,135,161,171,193,228,239,248,258,260,272,280,285,298,301,313,320,337,323,327
322:18,24,38,61,129,146,150,151,189,202,203,210,213,216,221,237,238,301,310,334
323:8,10,15,31,35,40,47,50,90,92,98,110,111,121,124,128,155,202,212,222,233,234,256,311,315,321,337
324:27,34,49,63,87,113,122,152,228,239,240,242,259,286,333
325:14,30,45,46,87,115,120,145,197,224,233,263,267,303,310,326,332
326:8,10,17,23,25,55,63,119,152,168,170,172,207,221,228,234,268,276,283,288,293,318,319,325,336
327:9,13,39,69,95,142,145,152,169,171,173,177,189,209,226,236,243,254,266,272,274,290,303,312,317,321,337
328:17,30,50,51,86,87,89,101,105,128,156,161,162,183,186,194,207,232,251,264,298,302,329,334
329:4,12,21,87,133,137,158,185,205,237,260,282,289,295,296,299,328,331,334,337
330:32,33,39,67,75,115,136,137,146,150,161,165,198,200,225,240,260,263,266,300,305,311,316,338,331
331:21,62,88,154,172,210,212,227,233,258,280,281,285,297,303,313,315,329,330,338
332:19,42,86,90,136,160,227,228,245,252,265,286,313,325,338,334
333:9,11,14,47,49,70,92,97,111,116,140,143,149,154,163,176,188,223,234,267,273,287,295,300,301,304,308,309,312,324,335
334:4,14,18,20,91,98,116,120,131,132,141,143,152,167,193,196,242,286,309,318,322,328,329,332,338
335:7,8,17,25,27,45,72,81,114,115,123,125,167,175,200,208,211,213,225,236,237,271,277,279,290,292,306,309,310,319,333,338
336:12,45,71,73,80,107,108,114,116,119,121,132,137,157,160,164,174,193,221,268,289,299,326,338,337
337:2,4,43,96,99,190,210,213,222,224,232,236,248,258,266,270,283,307,312,318,321,323,327,329,336,339
338:5,11,19,21,31,56,60,76,79,83,84,109,195,215,235,265,274,330,331,332,334,335,336,339
339:18,29,32,100,107,133,138,145,158,187,198,202,206,214,218,279,290,337,338
