0:38,4,5,11,17,18,22,23,24,29,32,39,45,49,51,52,56,58,64,67,72,73,78,80,81,83,85
1:42,8,10,13,15,34,41,43,46,49,51,52,54,56,58,66,69,72,73,75,76,77,80,83,84,85
2:21,7,10,17,18,19,22,26,29,32,33,34,38,42,45,52,54,55,58,63,69,71,76,77,79,80,83
3:19,6,7,8,9,14,15,16,21,23,27,31,32,34,35,41,43,44,46,49,54,55,58,66,69,72,78,80,82
4:0,85,5,8,10,16,24,25,29,30,33,35,37,39,40,42,44,46,48,50,56,57,59,62,64,65,68,74,75,79,86,87
5:0,4,68,12,18,26,30,33,40,42,45,47,52,56,60,65,66,67,70,72,73,80,86
6:3,76,8,20,23,27,30,31,34,35,45,55,58,63,66,69,71,78,85,89
7:2,3,68,11,12,20,30,37,40,42,46,53,57,58,69,77,85,86
8:1,3,4,6,58,10,14,15,17,18,20,30,35,38,41,47,48,60,61,62,68,73,74,76,78,79,80,82,83,84,86,87
9:3,23,11,16,18,21,24,36,37,38,42,48,49,56,57,58,59,65,66,67,71,73,76,85,89
10:1,2,4,8,60,14,22,23,29,32,33,34,35,36,44,50,52,53,54,62,64,68,76,79,80,82,83,84
11:0,7,9,19,13,16,17,21,22,24,28,31,32,34,41,47,48,53,68,76,79,85
12:5,7,17,19,22,24,26,27,28,29,31,34,39,40,47,48,52,53,55,60,61,62,63,67,69,72,73,77,78,80
13:1,11,88,20,22,24,33,42,46,47,51,53,56,64,65,66,69,70,76,78,80,81
14:3,8,10,28,16,20,32,36,40,41,42,44,45,46,47,49,52,53,56,64,65,70,71,72,73,74,77,80,81,85
15:1,3,8,56,19,28,30,31,36,40,44,46,49,50,51,52,55,64,79,82,84,85,88,89
16:3,4,9,11,14,33,20,21,25,31,32,34,37,45,49,50,61,63,65,66,73,77,81,83
17:0,2,8,11,12,79,22,25,29,30,35,39,45,47,55,57,59,62,65,66,71,75,76,80,82,83
18:0,2,5,8,9,88,20,22,30,32,37,39,43,44,47,55,59,61,66,69,79,81,85
19:2,3,11,12,15,61,20,21,39,42,44,46,47,55,67,70,74,77,78,83,86,87,89
20:6,7,8,13,14,16,18,19,21,22,26,38,40,47,51,56,58,59,60,64,68,70,71,76,78,89
21:2,3,9,11,16,19,20,82,23,24,26,27,33,40,45,54,60,61,67,74,80,89
22:0,2,10,11,12,13,17,18,20,62,26,29,38,40,41,43,44,46,48,49,51,55,56,58,59,60,65,69,74,75,80,81,89
23:0,3,6,9,10,21,66,27,29,30,40,44,45,47,52,55,56,62,65,70,74,76,78,81,82,83,88,89
24:0,4,9,11,12,13,21,85,26,29,31,34,37,42,44,48,49,52,57,60,69,70,72,75,76,77,82,86,87,89
25:4,16,17,60,27,33,35,37,45,52,54,58,73,76,77,82,83,84,89
26:2,5,12,20,21,22,24,35,27,31,34,37,39,42,43,44,45,46,47,50,52,54,57,58,61,67,68,72,75,77,82,89
27:3,6,12,21,23,25,26,77,32,34,37,38,39,41,49,50,51,55,57,58,62,64,69,75,78,79,85,87,89
28:11,12,14,15,75,32,35,39,43,65,77,86
29:0,2,4,10,12,17,22,23,24,84,30,35,39,42,45,47,50,52,55,61,62,67,68,71,73,74,75,76,79
30:4,5,6,7,8,15,17,18,23,29,76,33,35,37,38,42,44,45,48,56,57,60,66,74,75,77,79,80
31:3,6,11,12,15,16,24,26,78,32,33,39,40,44,45,48,58,59,60,61,62,68,70,73,76,79,84,86,87
32:0,2,3,10,11,14,16,18,27,28,31,59,35,38,39,41,42,46,48,49,50,56,60,68,70,73,81,82,83,86
33:2,4,5,10,13,16,21,25,30,31,63,34,38,40,42,48,49,53,55,56,57,60,67,68,75,80,81,82,86
34:1,2,3,6,10,11,12,16,24,26,27,33,76,42,45,46,50,51,52,54,55,67,77,78,82,83,85
35:3,4,6,8,10,17,25,26,28,29,30,32,40,37,41,42,44,50,51,61,62,64,67,73,74,78,84,85,86,87,89
36:9,10,14,15,48,37,40,41,43,44,47,49,50,60,63,70,76,78,79,82,85,89
37:4,7,9,16,18,24,25,26,27,30,35,36,45,43,47,48,53,56,57,59,63,70,74,81,84,85,89
38:0,2,8,9,20,22,27,30,32,33,39,46,49,62,65,67,72,76,87,89
39:0,4,12,17,18,19,26,27,28,29,31,32,38,55,42,46,47,49,61,63,64,66,67,70,72,79,81,83,86,87,88,89
40:4,5,7,12,14,15,20,21,22,23,31,33,35,36,51,41,46,48,54,57,60,62,65,67,68,73,74,75,77,81,84
41:1,3,8,11,14,22,27,32,35,36,40,61,43,44,48,49,54,57,62,71,72,77,78,79,80,86,89
42:1,2,4,5,7,9,13,14,19,24,26,29,30,32,33,34,35,39,79,45,48,50,52,59,60,61,66,68,69,73
43:1,3,18,22,26,28,36,37,41,45,48,51,55,57,61,64,65,67,68,74,75,76,78,82,85
44:3,4,10,14,15,18,19,22,23,24,26,30,31,35,36,41,69,49,50,51,54,57,60,63,64,68,72,76,81,84
45:0,2,5,6,14,16,17,21,23,25,26,29,30,31,34,37,42,43,53,48,54,62,67,71,73,78,79,87,89
46:1,3,4,7,13,14,15,19,22,26,32,34,38,39,40,49,51,53,54,61,63,69,70,74,75,79,80,81,84,86
47:5,8,11,12,13,14,17,18,19,20,23,26,29,36,37,39,80,48,52,58,61,66,71,77,79,81,84,86,89
48:4,8,9,11,12,22,24,30,31,32,33,36,37,40,41,42,43,45,47,67,54,62,76,77,79,80,85,87,88
49:0,1,3,9,14,15,16,22,24,27,32,33,36,38,39,41,44,46,74,55,57,59,61,62,63,64,65,71,76,77,78,81,85,86,87,88,89
50:4,10,15,16,26,27,29,32,34,35,36,42,44,56,52,53,55,65,66,67,73,74,76,81,82,88
51:0,1,13,15,20,22,27,34,35,40,43,44,46,57,53,54,55,58,59,61,70,73,78,81
52:0,1,2,5,10,12,14,15,23,24,25,26,29,34,42,47,50,83,53,55,62,65,75,76,77,88
53:7,10,11,12,13,14,33,37,45,46,50,51,52,72,55,57,58,59,62,64,74,77,78,79,80,82,85,87,89
54:1,2,3,10,21,25,26,34,40,41,44,45,46,48,51,77,57,65,67,71,74,75,78,82,83,84,85
55:2,3,6,12,15,17,18,19,22,23,27,29,33,34,39,43,49,50,51,52,53,56,72,74,77,84
56:0,1,4,5,9,13,14,15,20,22,23,30,32,33,37,50,55,77,60,64,67,75,83,88,89
57:4,7,9,17,24,26,27,30,33,37,40,41,43,44,49,51,53,54,86,62,68,78,79,80,81,87
58:0,1,2,3,6,7,8,9,20,22,25,26,27,31,47,51,53,61,63,71,72,75,77,78,82,83,85,87
59:4,9,17,18,20,22,31,32,37,42,49,51,53,73,61,63,65,66,67,72,82,83,87,88,89
60:5,8,10,12,20,21,22,24,25,30,31,32,33,36,40,42,44,56,89,65,66,69,71,73,76,77,80,81,83,85
61:8,12,16,18,19,21,26,29,31,35,39,41,42,43,46,47,49,51,58,59,65,66,69,71,74,75,77,86,88
62:4,8,10,12,17,22,23,27,29,31,35,38,40,41,45,48,49,52,53,57,77,63,70,87
63:2,6,12,16,33,36,37,39,44,46,49,58,59,62,73,64,66,70,75,76,79,84,86,89
64:0,4,10,13,14,15,20,27,35,39,43,44,49,53,56,63,77,65,68,69,70,72,88
65:4,5,9,13,14,16,17,22,23,28,38,40,43,49,50,52,54,59,60,61,64,86,67,68,72,76,78,81,88
66:1,3,5,6,9,13,16,17,18,23,30,39,42,47,50,59,60,61,63,88,70,76,77,78,81,82,85,86
67:0,5,9,12,19,21,26,29,33,34,35,38,39,40,43,45,48,50,54,56,59,65,73,69,71,74,75,76,78,79,82,86,88,89
68:4,5,7,8,10,11,20,26,29,31,32,33,40,42,43,44,57,64,65,87,70,71,73,74,75,78,80,81,83
69:1,2,3,6,7,12,13,18,22,24,27,42,44,46,60,61,64,67,80,72,73,77,83,87
70:5,13,14,19,20,23,24,31,32,36,37,39,46,51,62,63,64,66,68,81,71,72,73,74,75,76,77,78
71:2,6,9,14,17,20,29,41,45,47,49,54,58,60,61,67,68,70,82,78,81,85,88
72:0,1,3,5,12,14,24,26,38,39,41,44,53,55,58,59,64,65,69,70,86,78,80,83,87,89
73:0,1,5,8,9,12,14,16,25,29,31,32,35,40,42,45,50,51,59,60,63,67,68,69,70,85,75,80,83,84
74:4,8,14,19,21,22,23,29,30,35,37,40,43,46,49,50,53,54,55,61,67,68,70,78,75,83,86,87,89
75:1,4,17,22,24,26,27,28,29,30,33,40,43,46,52,54,56,58,61,63,67,68,70,73,74,88,76,81,83,86,89
76:1,2,6,8,9,10,11,13,17,20,23,24,25,29,30,31,34,36,38,43,44,48,49,50,52,60,63,65,66,67,70,75,85,77,82,84
77:1,2,7,12,14,16,19,24,25,26,27,28,30,34,40,41,47,48,49,52,53,54,55,56,58,60,61,62,64,66,69,70,76,89,84,87
78:0,3,6,8,12,13,19,20,23,27,31,34,35,36,41,43,45,49,51,53,54,57,58,65,66,67,68,70,71,72,74,85,81,89
79:2,4,8,10,11,15,17,18,27,29,30,31,36,39,41,42,45,46,47,48,53,57,63,67,80,82,84,85,87,89
80:0,1,2,3,5,8,10,12,13,14,17,21,22,30,33,41,46,47,48,53,57,60,68,69,72,73,79,85,87,88
81:0,13,14,16,18,22,23,32,33,37,39,40,44,46,47,49,50,51,57,60,65,66,68,70,71,75,78,82,84,88
82:3,8,10,15,17,21,23,24,25,26,32,33,34,36,43,50,53,54,58,59,66,67,71,76,79,81,87,89
83:0,1,2,8,10,16,17,19,23,25,32,34,39,52,54,56,58,59,60,68,69,72,73,74,75,88,85,89
84:1,8,10,15,25,29,31,35,37,40,44,46,47,54,55,63,73,76,77,79,81,86,88
85:0,1,4,6,7,9,11,14,15,18,24,27,34,35,36,37,43,48,49,53,54,58,60,66,71,73,76,78,79,80,83,88
86:4,5,7,8,19,24,28,31,32,33,35,39,41,46,47,49,57,61,63,65,66,67,72,74,75,84,87,88
87:4,8,19,24,27,31,35,38,39,45,48,49,53,57,58,59,62,68,69,72,74,77,79,80,82,86,88
88:13,15,18,23,39,48,49,50,52,56,59,61,64,65,66,67,71,75,80,81,83,84,85,86,87,89
89:6,9,15,19,20,21,22,23,24,25,26,27,35,36,37,38,39,41,45,47,49,53,56,59,60,63,67,72,74,75,77,78,79,82,83,88
