0:66,20,35,53,67,86,100,105,112,139,154,161,167,171,175,183,197,210,254,280
1:157,3,13,24,26,52,68,69,88,89,91,103,109,110,111,142,174,176,214,215,218,226,231,245,254,265,280
2:142,8,15,17,21,33,56,65,72,87,131,132,149,158,173,188,201,219,227,250,258,268,274,288
3:1,31,19,68,84,90,102,116,120,122,130,132,138,140,152,170,171,181,194,215,234
4:184,27,44,48,50,60,64,70,71,73,117,120,122,152,168,170,227,242,269,278
5:98,7,19,21,24,43,60,85,106,110,121,123,138,143,168,169,170,171,177,182,183,190,197,207,226,255,267,276,287
6:170,26,39,47,74,77,105,111,118,183,190,197,208,247,251,252,257,259,272,280,284
7:5,36,12,25,33,38,53,60,65,81,129,156,167,177,184,201,207,217,238,243,262,264
8:2,37,12,19,24,26,35,45,47,52,58,64,69,75,79,86,94,99,101,114,119,127,133,156,164,182,198,214,218,219,236,243,245,263,269,280
9:19,11,21,51,65,69,79,108,116,126,152,171,188,228,242,254,278
10:29,14,20,42,73,75,92,93,99,114,115,175,188,215,227,229,254,260,263,271,274,279
11:9,219,28,40,51,53,65,68,69,70,91,99,103,117,131,136,159,162,169,185,202,220,235,243,252,256,262
12:7,8,69,45,55,68,78,94,108,136,210,244,262,265
13:1,281,16,41,57,78,80,87,89,120,124,131,141,142,145,146,163,167,180,192,194,220,238,242,257
14:10,112,20,38,74,92,95,104,140,149,152,162,176,178,187,191,196,208,212,213,221,222,230,237,252,257
15:2,138,29,53,60,109,150,157,165,202,248,257,258,271
16:13,284,20,28,29,31,35,52,55,57,64,68,81,88,99,115,122,135,153,170,182,190,198,246,278
17:2,55,33,37,40,49,81,82,97,107,153,190,218,230,232,258,259,261,266,287
18:56,19,24,34,39,48,65,71,81,89,95,98,107,121,127,134,146,148,154,199,204,218,220,243,249
19:3,5,8,9,18,218,29,36,45,48,66,76,79,80,93,95,112,121,126,141,144,151,165,174,177,182,200,208,255,260,262,265
20:0,10,14,16,270,64,65,73,80,102,140,145,155,187,190,194,242
21:2,5,9,125,24,31,66,91,123,127,137,144,193,213,218,242,258,287,288,289
22:48,26,30,63,65,71,82,102,122,145,146,152,169,171,176,189,191,203,215,224,234,244,282,283
23:56,25,28,41,43,54,77,92,97,110,134,143,159,175,217,222,243,244,251,262,267
24:1,5,8,18,21,169,26,51,52,62,72,99,105,126,141,146,149,151,180,185,203,205,216,217,259
25:7,23,248,54,59,68,76,79,94,100,128,132,139,144,149,157,172,176,198,199,205,216,218,220,233,240,264,279,287
26:1,6,8,22,24,86,28,77,83,87,98,105,112,161,171,177,179,186,214,234,235,241,276,282,283,285
27:4,215,51,54,92,146,151,153,157,161,195,196,198,200,210,214,244,280
28:11,16,23,26,52,41,55,76,84,92,94,99,105,123,131,133,136,159,165,172,174,193,201,216,221,224,226,275,280,282,286
29:10,15,16,19,167,41,44,46,54,62,100,104,106,120,129,133,161,164,169,192,197,227,231,234,244,252,275,276,278,284,289
30:22,119,44,79,85,93,102,111,115,130,153,165,176,201,216,222,229,231,239,240,243,256,288
31:3,16,21,240,35,56,74,77,97,104,124,129,141,159,172,176,186,193,197,201,214,215,216,227,233,238,255,279,282
32:242,65,110,119,138,153,161,169,172,196,202,208,209,210,218,219,239,260,264,280,288
33:2,7,17,223,59,72,75,86,92,97,100,124,130,131,149,152,159,163,171,179,182,201,216,220,240
34:18,233,41,48,68,99,111,119,142,144,157,166,177,181,188,232,241,272,282,287
35:0,8,16,31,141,79,81,106,116,117,138,180,183,184,219,228,229,247,250,269,289
36:7,19,50,46,47,66,72,74,84,129,142,151,165,175,181,187,188,189,193,206,210,213,220,222,223,250,255,259,270
37:8,17,217,42,45,61,63,66,87,88,89,92,96,103,107,117,131,150,158,163,173,179,186,187,189,205,206,216,243,246,264,266,277
38:7,14,144,46,52,91,94,96,97,98,115,116,118,120,128,149,158,168,169,194,200,206,207,217,222,246,247,257,259,267,280
39:6,18,198,61,64,77,86,110,121,122,142,160,161,168,174,175,181,206,222,224,227,237,244,245,279,281,288
40:11,17,42,54,72,94,102,107,109,140,155,159,166,179,191,213,220,227,241,261,265
41:13,23,28,29,34,279,62,77,101,106,114,116,140,153,182,193,208,211,234,281,284
42:10,37,40,121,51,54,61,68,81,94,106,124,126,133,155,157,158,167,178,191,197,225,232,269,289
43:5,23,119,45,49,58,68,103,118,154,163,187,266,275,279
44:4,29,30,134,59,82,121,169,172,178,202,217,234,245,262
45:8,12,19,37,43,172,66,69,95,122,128,132,135,138,144,149,152,155,162,170,175,180,206,207,248,249,251,256,257,265,272,274,278,285
46:29,36,38,57,49,54,95,110,125,132,147,163,180,202,236,239
47:6,8,36,97,51,54,69,81,90,92,115,117,121,129,159,160,172,179,180,183,213,227,230,241,242,260,278,280
48:4,18,19,22,34,135,50,69,82,83,100,187,208,264,266
49:17,43,46,150,61,63,76,78,90,94,97,109,132,140,141,172,177,185,209,249,251,253,269,279,289
50:4,36,48,79,53,84,98,124,135,140,166,174,179,212,242,253,282
51:9,11,24,27,42,47,137,53,54,70,79,80,87,124,130,141,212,214,261,263
52:1,8,16,24,28,38,218,59,60,76,143,148,173,174,182,194,195,201,216,225,233,246,270,289
53:0,7,11,15,50,51,213,58,63,72,76,83,108,111,113,125,148,180,184,189,193,199,209,216,236,240,249,262,271,284
54:23,25,27,29,40,42,46,47,51,204,64,67,68,90,95,107,132,160,182,186,195,209,214,220,223,236,275,281,283
55:12,16,17,28,111,58,65,81,97,98,102,103,108,114,122,143,170,172,182,223,231,277,286
56:2,18,23,31,107,77,81,99,140,160,203,214,223,238,242,251,265,266,276,285
57:13,16,46,190,66,77,85,108,124,139,151,154,157,169,172,197,205,207,228,240,267,284
58:8,43,53,55,108,60,78,85,89,115,122,126,136,150,164,183,184,187,198,237,265,271,280,286
59:25,33,44,52,159,60,67,74,103,115,122,126,137,215,222,235,243,244,246,263,270,271,276,277
60:4,5,7,15,52,58,59,198,105,107,108,124,125,137,138,165,174,177,208,225,227,245,260,268
61:37,39,42,49,155,85,87,93,154,162,164,194,213,215,221,289
62:24,29,41,256,97,104,109,161,186,192,196,212,254,259,260,264,266,273
63:22,37,49,53,243,83,91,93,115,148,199,201,204,208,221,236,250,251,258,267,270,277,285
64:4,8,16,20,39,54,123,83,84,89,106,130,136,159,165,174,178,190,195,218,226,235,253,254,261
65:2,7,9,11,18,20,22,32,55,260,69,82,112,126,146,161,188,192,194,202,212,220,229,230,245,275
66:0,19,21,36,37,45,57,120,68,70,76,77,105,136,141,156,185,200,205,216,218,228,233,234,237,248,250,251,266,274
67:0,54,59,208,68,80,93,95,99,135,147,149,176,180,185,194,207,220,232,233,257,285
68:1,3,11,12,16,25,34,42,43,54,66,67,251,69,71,110,112,120,123,128,129,136,162,174,205,208,226,232,238,258,261,272,282
69:1,8,9,11,12,45,47,48,65,68,72,78,104,116,169,180,183,200,204,213,227,228,232,262,267
70:4,11,51,66,218,80,85,107,121,133,141,159,163,197,215,217,221,240,255,270,272,280,281
71:4,18,22,68,253,91,96,103,107,141,149,156,157,164,191,207,216,223,228,239,267,281,282
72:2,24,33,36,40,53,69,270,101,106,115,123,147,163,172,185,187,193,208,218,221,229,244,251,278
73:4,10,20,198,84,99,109,132,138,149,158,167,184,194,197,206,216,255,275
74:6,14,31,36,59,93,76,79,125,128,144,146,173,178,195,201,221,222,236,241
75:8,10,33,138,81,100,107,111,125,133,135,139,146,157,166,172,178,193,197,213,249,257,268,283,284
76:19,25,28,49,52,53,66,74,118,83,84,95,98,112,117,130,139,140,162,163,199,214,217,240,267,278,284,289
77:6,23,26,31,39,41,56,57,66,232,114,126,152,176,187,228,237,241,252,257
78:12,13,49,58,69,148,85,93,99,105,119,123,132,135,150,153,155,159,162,166,182,203,206,225,234,236,253
79:8,9,19,25,30,35,50,51,74,280,93,114,133,135,179,180,191,202,212,221,260
80:13,19,20,51,67,70,127,90,91,94,105,123,125,154,172,217,224,239,246,268,282
81:7,16,17,18,35,42,47,55,56,75,229,83,132,138,141,167,171,204,214,215,230,260,287
82:17,22,44,48,65,193,103,111,154,164,168,179,180,192,220,229,260,268,282,283
83:26,48,53,63,64,76,81,172,91,108,110,116,143,149,174,180,201,204,207,219,226,233,238,245,257,261,281
84:3,28,36,50,64,73,76,193,87,122,123,134,155,166,170,171,181,188,195,198,211,219,237,239,244,246,273
85:5,30,57,58,61,70,78,229,127,146,157,161,173,189,212,216,219,232,263,264,274,277,285
86:0,8,26,33,39,135,122,126,143,161,164,184,202,217,226,232,247,259,276
87:2,13,26,37,51,61,84,180,97,117,151,177,186,188,191,197,206,237,239,244,245,281,282,284
88:1,16,37,161,90,110,119,121,137,140,155,156,201,218,221,222,225,285
89:1,13,18,37,58,64,190,110,111,114,159,163,171,192,197,269,278
90:3,47,49,54,80,88,133,111,125,129,130,140,163,194,222,225,235,251,259,263,264
91:1,11,21,38,63,71,80,83,229,96,102,115,195,214,222,237,257,277,283,286
92:10,14,23,27,28,33,37,47,209,99,100,113,116,119,123,126,143,145,147,148,161,163,166,185,187,192,195,212,226,239,241,248,256,288
93:10,19,30,61,63,67,74,78,79,284,107,123,128,142,154,162,182,183,191,200,215,216,219,224,231,235,236,237,247,259,267,272
94:8,12,25,28,38,40,42,49,80,137,97,102,123,127,143,152,157,207,250,277
95:14,18,19,45,46,54,67,76,152,96,129,132,142,186,215,219,235,244,256,264
96:37,38,71,91,95,132,160,162,177,186,193,202,214,215,222,234,236,237,243,250,269
97:17,23,31,33,38,47,49,55,62,87,94,113,105,127,159,186,207,208,225,230,232,240,247,253,273
98:5,18,26,38,50,55,76,200,102,108,122,151,178,201,207,211,250,276
99:8,10,11,16,24,28,34,56,67,73,78,92,129,124,126,133,153,155,166,179,190,201,202,203,208,214,232,235,253,265,271
100:0,25,29,33,48,75,92,210,120,121,132,137,169,183,201,222,236,243,248,259,284
101:8,41,72,154,113,125,149,166,187,223,237,246,287
102:3,20,22,30,40,55,91,94,98,213,108,116,120,123,125,139,169,175,184,208,226,241,249,259,266,281,288
103:1,11,37,43,55,59,71,82,238,124,125,138,157,170,179,206,216,225,230,236,242,243,244,273,281
104:14,29,31,62,69,200,107,109,112,126,130,136,140,154,199,209,213,220,225,228,243,265
105:0,6,24,26,28,60,66,78,80,97,197,114,115,119,125,133,137,141,146,164,172,190,215,221,230,245,255,257,276,277
106:5,29,35,41,42,64,72,206,115,119,135,136,157,172,189,191,211,228,268,280
107:17,18,37,40,54,56,60,70,71,75,93,104,288,119,152,181,188,205,212,223,230,246,275,278,289
108:9,12,53,55,57,58,60,83,98,102,149,130,152,163,173,177,180,189,232,251,255,257,274,277,286
109:1,15,40,49,62,73,104,161,133,141,143,152,181,188,199,205,206,209,217,222,238,273,283
110:1,5,23,32,39,46,68,83,88,89,212,119,129,136,147,160,162,163,166,176,180,187,190,209,210,229,238,239,245,247,284
111:1,6,30,34,53,55,75,82,89,90,195,134,148,167,170,209,212,228,230,235,236,243,244,288
112:0,14,19,26,65,68,76,104,232,134,163,170,179,212,242,250,260,281,287
113:53,92,97,101,136,144,154,167,170,194,202,211,243,249,252,254,275
114:8,10,41,55,77,79,89,105,254,120,139,142,147,150,157,166,167,169,193,213,220,229,235,236,260,267,283,286
115:10,16,30,38,47,58,59,63,72,91,105,106,226,121,151,158,170,181,187,190,191,206,208,240,250,264
116:3,9,35,38,41,69,83,92,102,170,117,126,130,138,158,168,177,193,199,213,220,243,266,271,272
117:4,11,35,37,47,76,87,116,130,121,135,139,150,162,175,184,252
118:6,38,43,76,168,123,124,130,134,135,138,141,144,147,149,175,177,184,190,205,208,252,254,256,266,271
119:8,30,32,34,43,78,88,92,105,106,107,110,170,120,129,156,187,202,216,238,264,288
120:3,4,13,29,38,66,68,100,102,114,119,122,123,133,142,166,167,169,202,221,224,238,267
121:5,18,19,39,42,44,47,70,88,100,115,117,200,126,132,148,149,199,226,248,250,258,279
122:3,4,16,22,39,45,55,58,59,84,86,98,120,284,147,152,154,168,173,186,201,224,237,264,266,289
123:5,21,28,64,68,72,78,80,84,92,93,94,102,118,120,202,147,179,184,205,223,243,263
124:13,31,33,42,50,51,57,60,99,103,118,228,125,127,145,148,177,191,238,249,267,277,281,285
125:21,46,53,60,74,75,80,90,101,102,103,105,124,278,128,172,175,179,187,189,203,207,218,219,226,242,261,280,283,284
126:9,19,24,42,58,59,65,77,86,92,99,104,116,121,155,127,175,178,191,193,226,263,283
127:8,18,21,80,85,94,97,124,126,243,129,136,153,160,188,209,212,236,250,256,258,272
128:25,38,45,68,74,93,125,265,143,162,177,191,195,205,215,251,279
129:7,29,31,36,47,68,90,95,99,110,119,127,145,130,161,192,196,213,220,224,234,236,274
130:3,30,33,51,64,76,90,104,108,116,117,118,129,239,151,152,167,191,213,223,234,236,240,286
131:2,11,13,28,33,37,235,136,141,143,146,155,162,176,182,187,213,218,250,251,254,259,261
132:2,3,25,45,46,49,54,73,78,81,95,96,100,121,195,140,144,147,179,182,185,187,206,219,243,285
133:8,28,29,42,70,75,79,90,99,105,109,120,147,139,176,179,197,203,250,256,260,278,284,286
134:18,23,44,84,111,112,118,162,140,164,183,210,211,233,247,259
135:16,45,48,50,67,75,78,79,86,106,117,118,142,148,152,167,169,173,199,209,238,257,270,273,282,285
136:11,12,28,58,64,66,68,104,106,110,113,127,131,263,148,174,192,217,220,237,262
137:21,51,59,60,88,94,100,105,179,170,173,197,203,208,263,266,281,288
138:3,5,15,32,35,45,60,73,75,81,103,116,118,209,159,163,188,189,228,232,236,250,266,283
139:0,25,57,75,76,102,114,117,133,153,143,144,190,201,216,238,240,278,283
140:3,14,20,40,41,49,50,56,76,88,90,104,132,134,211,150,160,168,176,192,193,205,218,222,235,267
141:13,19,24,31,35,49,51,66,70,71,81,105,109,118,131,213,181,242,252,279
142:1,2,13,34,36,39,93,95,114,120,135,198,148,149,189,192,210,219,220,225,234,239,241
143:5,23,52,55,83,86,92,94,109,128,131,139,235,144,149,188,200,218,230,282
144:19,21,25,34,38,45,74,113,118,132,139,143,277,157,167,174,202,215,275
145:13,20,22,92,124,129,218,146,157,167,226,235,262,263,281
146:13,18,22,24,27,65,74,75,85,105,131,145,285,173,181,186,191,205,219,231,236,249,252
147:46,67,72,92,110,114,118,122,123,132,133,248,179,181,187,218,247,251,261,278
148:18,52,53,63,78,92,111,121,124,135,136,142,273,152,156,192,197,208,211,221,225,226,228,238,243,259,274
149:2,14,24,25,33,38,45,67,71,73,83,101,108,118,121,142,143,150,165,170,184,191,196,213,270,282
150:15,37,49,58,78,114,117,140,149,174,153,157,170,176,180,206,210,216,217,223,224,242,246,261
151:19,24,27,36,57,87,98,115,130,212,196,222,228,235,255,256,280,282,286,287,288
152:3,4,9,14,22,33,45,77,94,95,107,108,109,122,130,135,148,205,164,174,207,210,214,220,224,227,231,251,271,275,276,277
153:16,17,27,30,32,41,78,99,127,139,150,270,155,174,187,194,195,197,208,220,231,240,241,258,277
154:0,18,43,57,61,80,82,93,101,104,113,122,158,157,183,198,204,210,215,237,259,262,273
155:20,40,42,45,61,78,84,88,99,126,131,153,278,173,200,219,230,240,249,268,279
156:7,8,66,71,88,119,148,198,174,207,223,231,236,239,262,282,288
157:1,15,25,27,34,42,57,71,75,85,94,103,106,114,144,145,150,154,263,233,245,249,255,279,282,285,289
158:2,37,38,42,73,115,116,154,183,173,180,195,249,261,264,285
159:11,23,28,31,33,40,47,59,64,70,78,89,97,138,235,202,205,223,241
160:39,47,54,56,96,110,127,140,192,180,200,241,266
161:0,26,27,29,32,39,62,65,85,86,88,92,109,129,163,166,249,265,277
162:11,14,45,61,68,76,78,93,96,110,117,128,131,134,186,169,195,200,201,202,205,208,223,239,254,257,266,274
163:13,33,37,43,46,70,72,76,89,90,92,108,110,112,138,161,221,181,245,251
164:8,29,58,61,71,82,86,105,134,152,195,172,176,190,193,218,234,252,271
165:15,19,28,30,36,60,64,149,181,167,175,176,187,189,205,208,226,244,263
166:34,40,50,75,78,84,92,99,101,110,114,120,161,206,184,193,210,216,266,269,276,279
167:0,7,13,29,42,73,81,111,113,114,120,130,135,144,145,165,197,183,189,191,195,208,242,246,252,259,264,265,281,285
168:4,5,38,39,82,116,118,122,140,206,184,202,205,208,215,229,232,256,257
169:5,11,22,24,29,32,38,44,57,69,100,102,114,120,135,162,181,204,239,244,245,247,259,262,271,272,288
170:3,4,5,6,16,45,55,84,103,111,112,113,115,116,119,137,149,150,193,188,197,212,234,254,261,264,270,277,284
171:0,3,5,9,22,26,33,81,84,89,254,186,209,213,218,219,221,238,247,259,284
172:25,28,31,32,44,45,47,49,55,57,72,75,80,83,105,106,125,164,222,178,207,237,245,249,266,272,287
173:2,37,52,74,85,108,122,135,137,146,155,158,213,187,188,193,196,214,224,226,237,265,282,285,287
174:1,19,28,39,50,52,60,64,68,83,136,144,150,152,153,156,182,180,191,195,212,244,279
175:0,10,23,36,39,45,102,117,118,125,126,165,211,176,189,191,195,202,218,228,238,277,281
176:1,14,22,25,30,31,67,77,110,131,133,140,150,164,165,175,181,180,185,187,190,209,243,255,257,261,265,274,277
177:5,7,19,26,34,49,60,87,96,108,116,118,124,128,208,183,200,212,231
178:14,42,44,64,74,75,98,126,172,289,184,192,223,246,247,277
179:26,33,37,40,47,50,79,82,99,103,112,123,125,132,133,137,147,280,183,191,194,204,214,217,221,255,258
180:13,24,35,45,46,47,53,67,69,79,82,83,87,108,110,150,158,160,174,176,182,187,190,231,267
181:3,34,36,39,84,107,109,115,141,146,147,163,165,169,176,269,199,234,238,244,261,262,268,279
182:5,8,16,19,33,41,52,54,55,78,93,131,132,174,180,230,184,203,255,266,274
183:0,5,6,35,47,58,69,93,100,134,154,158,167,177,179,260,221,237,242,276,279
184:4,7,35,53,58,73,86,102,117,118,123,149,166,168,178,182,273,192,216,226,252,262,275
185:11,24,49,66,67,72,92,132,176,238,207,208,217,219,237,262,269,271,283,288
186:26,31,37,54,62,87,95,96,97,122,146,162,171,237,197,230,248,260,269,283
187:14,20,36,37,43,48,58,72,77,92,101,110,115,119,125,131,132,147,153,165,173,176,180,194,228,236,244,248,249
188:2,9,10,34,36,65,84,87,107,109,127,138,143,170,173,274,215,223,243,248,256,264
189:22,36,37,53,85,106,108,125,138,142,165,167,175,270,193,207,211,219,223,241,247,254,266,268,274
190:5,6,16,17,20,57,64,89,99,105,110,115,118,139,164,176,180,270,195,199,214,230,254,265,279
191:14,22,40,42,71,79,87,93,106,115,124,126,128,130,146,149,167,174,175,179,244,230,259,260,283
192:13,29,62,65,82,89,92,129,136,140,142,148,160,178,184,215,214,229,232,246
193:21,28,31,36,41,53,72,75,82,84,96,114,116,126,140,164,166,170,173,189,268,204,207,246,254
194:3,13,20,38,52,61,65,67,73,90,113,153,179,187,253,205,206,208,209,210,216,221,223,224,228,234,240,252
195:27,52,54,64,74,84,91,92,111,128,132,153,158,162,164,167,174,175,190,282,197,233
196:14,27,32,62,129,149,151,173,233,245
197:0,5,6,29,31,42,57,70,73,75,87,89,105,133,137,148,153,167,170,186,195,226,217,221,230,241,249,265,275,276,289
198:8,16,25,27,39,58,60,73,84,142,154,156,231,201,209,219,221,229,248,261,276,286
199:18,25,53,63,76,104,109,116,121,135,181,190,249,211,214,226,278,286
200:19,27,38,66,69,93,98,104,121,143,155,160,162,177,266,208,230,260,271
201:2,7,28,30,31,33,52,63,74,83,88,98,99,100,122,139,162,198,236,216,227,230,244,246,276
202:11,15,32,44,46,65,79,86,96,99,113,119,120,123,144,159,162,168,175,226,204,211,251,289
203:22,24,56,78,99,125,133,137,182,220,213,226,280,283,287,288,289
204:18,54,63,69,81,83,154,169,179,193,202,266,215,218,246,248,249,250,261,272
205:24,25,37,57,66,68,107,109,118,123,128,140,146,152,159,162,165,168,194,236,218,225,248,262,265,289
206:36,37,38,39,45,73,78,87,103,106,109,115,132,150,166,168,194,228,284,286
207:5,7,38,45,57,67,71,83,94,97,98,125,152,156,172,185,189,193,262,208,257,286
208:6,14,19,32,41,48,60,63,67,68,72,97,99,102,115,118,137,148,153,162,165,167,168,177,185,194,200,207,214,235,242,249,289
209:32,49,53,54,92,104,109,110,111,127,135,138,171,176,194,198,236,212,215,218,219,224,244,252,273,284,288,289
210:0,12,27,32,36,100,110,134,142,150,152,154,166,194,261,218,220,243,249,252,258,259,268,287,288
211:41,84,98,106,113,134,140,148,175,189,199,202,241,215,231,248,250,252,268,282
212:14,50,51,62,65,79,85,92,107,110,111,112,127,151,170,174,177,209,240,230,259,260,277,288
213:14,21,36,40,47,53,61,69,75,102,104,114,116,129,130,131,141,149,171,173,203,222,218,251,254,284,285
214:1,8,26,27,31,51,54,56,76,81,91,96,99,152,173,179,190,192,199,208,270,220,221,239,257,258,260,284,286,287
215:1,3,10,22,27,31,59,61,70,81,93,95,96,105,128,144,154,168,188,192,204,209,211,231,225,256,267,273,276,277
216:24,25,28,30,31,33,37,52,53,66,71,73,85,93,103,119,139,150,166,184,194,201,256,227,228,231,241,245,251,275
217:7,23,24,37,38,44,70,76,80,86,109,136,150,179,185,197,268,231,246,253,258,261,267,279
218:1,8,17,18,19,21,25,32,52,64,66,70,72,88,125,131,140,143,145,147,164,171,175,204,205,209,210,213,272,229,232,257,260,265,266,287
219:2,8,11,32,35,83,84,85,93,95,125,132,142,146,155,171,185,189,198,209,240,231,265,272,276,280
220:11,13,18,25,33,36,40,54,65,67,82,104,114,116,129,136,142,152,153,203,210,214,260,231,232,245,247,248,257,265,285
221:14,28,61,63,70,72,74,79,88,105,120,148,163,171,179,183,194,197,198,214,222,238,242,265,284
222:14,23,30,36,38,39,59,74,88,90,91,96,100,109,140,151,172,213,221,238,225,251,258,281
223:33,36,54,55,56,71,101,107,123,130,150,156,159,162,178,188,189,194,283,229,238,242,243,258,264,267
224:22,28,39,80,93,120,122,129,150,152,173,194,209,278,262,265,277,282,287
225:42,52,60,78,88,90,97,103,104,142,148,205,215,222,231,247,249,264,274
226:1,5,28,64,68,83,86,92,102,115,121,125,126,145,148,165,173,184,197,199,202,203,235,241,244,249,287
227:2,4,10,29,31,39,40,47,60,69,152,201,216,258,250,251,255,262,284
228:9,35,57,66,69,71,77,104,106,111,124,138,148,151,175,187,194,206,216,265,236,238,243,245,251,252
229:10,30,35,65,72,81,82,85,91,110,114,168,192,198,218,223,240,237,260,262,264
230:14,17,47,65,81,97,103,105,107,111,143,155,182,186,190,191,197,200,201,212,250,265,268
231:1,29,30,55,93,146,152,153,156,177,180,198,211,215,216,217,219,220,225,241,252,261,262,265,269
232:17,34,42,67,68,69,77,85,86,97,99,108,112,138,168,192,218,220,242,238,252,289
233:25,31,34,52,66,67,83,134,157,195,196,245,240,265,272,279
234:3,22,26,29,41,44,66,78,96,129,130,142,164,170,181,194,246,248,249,252,259,269,271,280
235:11,26,59,64,90,93,95,99,111,114,131,140,143,145,151,159,208,226,263,237,252,277,284,287
236:8,46,53,54,63,74,78,93,96,100,103,111,114,127,129,130,138,146,156,187,201,205,209,228,273,256,257,268,278,285
237:14,39,58,66,77,84,87,91,93,96,101,122,136,154,172,173,183,185,186,229,235,264,252,255,260,286,289
238:7,13,31,56,68,83,103,109,110,119,120,124,135,139,148,171,175,181,185,221,222,223,228,232,244,248,256,262,273,277,286
239:30,32,46,71,80,84,87,92,110,130,142,156,162,169,214,255,249,266,273,275,276
240:25,30,31,33,53,57,70,76,97,115,130,139,153,155,194,212,219,229,233,265,250,251,257,261,263
241:26,34,40,47,74,77,92,102,142,153,159,160,189,197,211,216,226,231,257,242,247,275,280
242:4,9,13,20,21,32,47,50,56,103,112,125,141,150,167,183,208,221,223,232,241,260,250
243:7,8,11,18,23,30,37,59,63,96,100,103,104,111,113,116,123,127,132,148,176,188,210,223,228,289,245,266,268,270,271,282
244:12,22,23,27,29,39,59,72,84,87,95,103,111,165,169,174,181,187,191,201,209,226,238,270
245:1,8,39,44,60,65,83,87,105,110,157,163,169,172,196,216,220,228,233,243,249,251,276,281
246:16,37,38,52,59,80,84,101,107,150,167,178,192,193,201,204,217,234,280
247:6,35,38,86,93,97,110,134,147,169,171,178,189,220,225,241,260,282,284
248:15,25,45,66,92,100,121,147,186,187,188,198,204,205,211,220,234,238,274
249:18,45,49,53,75,102,113,124,146,155,157,158,161,172,187,197,199,204,208,210,225,226,234,239,245,268,253,266
250:2,35,36,63,66,94,96,98,112,115,121,127,131,133,138,204,211,227,230,240,242,277,254,284
251:6,23,45,49,56,63,66,68,72,90,108,128,131,147,152,163,202,213,216,222,227,228,240,245,261
252:6,11,14,29,77,113,117,118,141,146,164,167,184,194,209,210,211,228,231,232,234,235,237,281,261,263,275,278,280
253:49,50,64,71,78,97,99,194,217,249,265,260,286
254:0,1,9,10,62,64,113,114,118,131,162,170,171,189,190,193,213,250,286,264
255:5,19,31,36,70,73,105,108,151,157,176,179,182,227,237,239,274,257,289
256:11,30,45,62,92,95,118,127,133,151,168,188,215,216,236,238,268,269,270
257:6,13,14,15,38,45,67,75,77,83,91,105,108,135,162,168,176,207,214,218,220,236,240,241,255,281,262
258:2,15,17,21,63,68,121,127,153,179,210,214,217,222,223,227,280,267,271,276,277,282
259:6,17,24,36,38,62,86,90,93,100,102,131,134,148,154,167,169,171,191,210,212,234,261,267
260:10,19,32,47,60,62,65,79,81,82,112,114,133,183,186,191,200,212,214,218,220,229,237,242,247,253,286,281,288
261:17,40,51,64,68,83,125,131,147,150,158,170,176,181,198,204,210,217,231,240,251,252,259,262,282
262:7,11,12,19,23,44,53,69,136,145,154,156,169,181,184,185,205,207,224,227,229,231,238,257,261,274
263:8,10,51,59,85,90,123,126,136,137,145,157,165,235,240,252,289,268
264:7,25,32,37,48,62,85,90,95,115,119,122,158,167,170,188,223,225,229,237,254,278,270,272
265:1,12,19,40,45,56,58,99,104,128,161,167,173,176,190,197,205,218,219,220,221,224,228,230,231,233,240,253,272,267,278
266:17,37,43,48,56,62,66,102,116,118,122,137,138,160,162,166,172,182,189,200,204,218,239,243,249,272,279,285
267:5,23,38,57,63,69,71,76,93,114,120,124,140,180,215,217,223,258,259,265,271,273,279,282,287,289
268:2,60,75,80,82,106,155,181,189,193,210,211,217,230,236,243,249,256,263,275
269:4,8,35,42,49,89,96,166,181,185,186,231,234,256,270,275,289
270:20,36,52,59,63,70,72,135,149,153,170,189,190,214,243,244,256,264,269,278,279
271:10,15,53,58,59,99,116,118,152,164,169,185,200,234,243,258,267,285,276
272:6,34,45,68,70,93,116,127,169,172,204,218,219,233,264,265,266,281
273:62,84,97,103,109,135,148,154,184,209,215,236,238,239,267,282,280,281
274:2,10,45,66,85,108,129,148,162,176,182,188,189,225,248,255,262,275,284
275:28,29,43,54,65,73,107,113,144,152,184,197,216,239,241,252,268,269,274,278,284,288
276:5,26,29,56,59,86,98,105,152,166,183,197,198,201,215,219,239,245,258,271,279
277:37,55,59,63,85,91,94,105,108,124,144,152,153,161,170,175,176,178,212,215,224,235,238,250,258,284
278:4,9,16,29,45,47,72,76,89,107,125,133,139,147,155,199,224,236,252,264,265,270,275,284,280
279:10,25,31,39,41,43,49,121,128,141,155,157,166,174,181,183,190,217,233,266,267,270,276,287,282,288
280:0,1,6,8,27,28,32,38,47,58,70,79,106,125,151,179,203,219,234,241,246,252,258,273,278,289,281
281:13,39,41,54,70,71,83,87,102,103,112,124,137,145,167,175,222,245,252,257,260,272,273,280,283
282:22,26,28,31,34,50,68,71,80,82,87,135,143,149,151,156,157,173,195,211,224,243,247,258,261,267,273,279,283,284,286,289
283:22,26,54,75,82,91,109,114,125,126,138,139,185,186,191,203,223,281,282,286
284:6,16,29,41,53,57,75,76,87,93,100,110,122,125,133,170,171,206,209,213,214,221,227,235,247,250,274,275,277,278,282,285
285:26,45,56,63,67,85,88,124,132,135,146,157,158,167,173,213,220,236,266,271,284,286
286:28,55,58,91,108,114,130,133,151,198,199,206,207,214,237,238,253,254,260,282,283,285,289
287:5,17,21,25,34,81,101,112,151,172,173,203,210,214,218,224,226,235,267,279,289
288:2,21,30,32,39,92,102,107,111,119,137,151,156,169,185,203,209,210,212,260,275,279,289
289:21,29,35,42,49,52,61,76,107,122,157,178,197,202,203,205,208,209,232,237,243,255,263,267,269,280,282,286,287,288
