0:212,44,51,113,141,178,181,199,210,302,306,310
1:148,51,61,67,126,131,215,253,265,299,324
2:53,24,120,123,150,161,194,200,228,249,267,276,302
3:223,5,28,30,54,119,175,176,184,262,291
4:55,14,29,49,61,103,112,149,173,232,269,281,284,287,302,327
5:3,158,15,83,118,185,193,207,215,285,294
6:62,26,41,48,54,55,102,119,136,153,156,159,177,206,236,257
7:234,19,90,95,137,171,172,190,239,240,272,300
8:230,47,68,70,185,222,287,300,315
9:233,78,138,149,204,264,304,329
10:127,23,39,43,45,55,128,139,166,204,224,253,270,274,287
11:251,39,60,113,132,153,175,180,197,236,246,288
12:158,13,20,63,96,152,203,221,228,233,236,309
13:12,320,121,128,164,178,188,297,318
14:4,64,124,125,170,173,239
15:5,164,45,110,133,157,171,218,219,244,285,296,323
16:57,24,43,81,83,126,208,324
17:244,18,78,79,101,127,152,194,208,216,281,294,303,320
18:17,174,36,117,134,157,161,189,191,219,263,268,297,317,324
19:7,307,25,291,318
20:12,304,26,56,78,126,153,243,247,253,278,308
21:257,89,146,153,202,206,208,214,215,272
22:132,41,44,48,82,107,109,150,214,231,249,276,292,307
23:10,289,25,26,65,66,158,165,186,197,234,262,267,273,298
24:2,16,314,89,94,108,169,185,206,219,220,221,239,263,296
25:19,23,65,35,43,44,54,112,136,154,157,200,245
26:6,20,23,29,27,55,65,213,249,254,264,277,296,310,319,322
27:26,30,65,111,130,134,153,175,177,208,237,305,315
28:3,234,32,61,100,128,147,197,211,276,321
29:4,26,308,56,69,89,101,103,114,127,169,263,316,329
30:3,27,304,62,92,114,188,233
31:237,145,158,188,189,213,218,231,283,289,312,328,329
32:28,274,37,65,75,119,122,127,130,145,180,199,223,266,308,317,329
33:228,37,41,46,64,68,91,118,135,151,155,181,185,204,260,281,298,308
34:245,107,162,164,168,177,228,242,261,280,285,287
35:25,77,60,62,79,83,98,122,134,188,206,247,261,315
36:18,262,69,82,108,128,148,159,199,204,246,260
37:32,33,53,41,61,108,125,138,140,145,182,217,270,283,322
38:228,67,86,92,112,125,126,247,280,315
39:10,11,215,55,85,90,120,128,202,250,256,264,273
40:280,58,98,115,152,169,171,173,215,223,242,265,297,310,316
41:6,22,33,37,110,76,149,200,206,248,299
42:136,122,168,174,310
43:10,16,25,86,60,80,206,213,220,221,226,247,279,283,287
44:0,22,25,141,96,136,159,177,180,190,191,242,244,260,263,316
45:10,15,137,131,190,205,210,226,237,251,255,277,278,320
46:33,158,100,114,176,193,206,209,219,226,236,287,289,305,324
47:8,173,77,82,86,92,94,125,161,197,266,279,288,307
48:6,22,276,163,172,192,201,272,290
49:4,240,57,61,151,166,172,186,192,249,279,286,326
50:78,54,94,115,140,151,197,201,244,245,262,295
51:0,1,55,54,56,84,116,117,150,160,167,174,199,210,244,266,292,294,299,324
52:292,53,74,81,95,98,194,206,216,221,223,273,274,282,305,312
53:2,37,52,185,78,87,97,146,172,182,222,223,241,248,251,262,286,290,315
54:3,6,25,50,51,252,65,110,133,170,171,182,207,232,285,293,328
55:4,6,10,26,39,51,242,92,100,143,181,201,221,261,276,307,328
56:20,29,51,133,91,117,156,202,239,263,294,318
57:16,49,96,63,89,90,117,207,239,284,291
58:40,323,66,78,98,117,143,183,204,257,290,303,321
59:236,119,121,161,201,241,244,248,262,265,327
60:11,35,43,245,64,71,94,95,125,130,175,185,190,224,252
61:1,4,28,37,49,309,77,89,117,119,165,177,187,192,198,317,320
62:6,30,35,88,69,81,109,141,145,184,229,259,268,273,279,301,308,315
63:12,57,166,69,81,85,165,241,258,260,285,297,300,310,320
64:14,33,60,270,203,294,295
65:23,25,26,27,32,54,238,103,137,142,146,191,239,264,266,267,281,290,317,319,325,329
66:23,58,131,93,123,133,174,229,234,259,263,266,274,312
67:1,38,199,127,169,229,258,303,311,318
68:8,33,295,88,106,141,146,192,203,204,243,247,277,284,290
69:29,36,62,63,244,92,149,239,266,295
70:8,288,82,126,150,163,194,207,230,297,303,311,320
71:60,131,88,102,107,138,153,162,167,177,197,232,286,329
72:115,81,87,166,187,226,256,271,278,298
73:205,87,90,93,144,159,162,207,209,285,293,302,308
74:52,93,112,159,200,208,245,290,298,299,308
75:32,137,77,82,120,160,163,245,266,327
76:41,257,77,104,126,192,195,244,249,260,301
77:35,47,61,75,76,178,110,219,233,271,279,284
78:9,17,20,50,53,58,315,85,125,141,157,214,216,225,307,316
79:17,35,296,93,118,186,238,282,317
80:43,126,84,109,144,170,197,218,225,234,256,295,296
81:16,52,62,63,72,204,96,98,145,157,163,181,201,206,233,269,324
82:22,36,47,70,75,178,95,98,130,160,166,170,235,256,263
83:5,16,35,92,154,179,196,204,208,215,283,292,299,311
84:51,80,227,92,145,146,147,189,217,274,279,308
85:39,63,78,242,116,132,147,155,157,166,190,221,292
86:38,43,47,168,109,122,145,155,189,195,213,220,244,252,284
87:53,72,73,176,130,131,145,153,164,191,232,236,265,285
88:62,68,71,183,126,166,196,204,226,285,325
89:21,24,29,57,61,314,157,172,185,201,255,256,277,286,322,328,329
90:7,39,57,73,130,120,121,168,181,185,236,255,262,264,281,287,327
91:33,56,147,118,150,191,192,196,205,235,248,260,264,271,314
92:30,38,47,55,69,83,84,106,147,185,278,302,322
93:66,73,74,79,145,94,107,122,188,203,252,308,314,326
94:24,47,50,60,93,240,109,117,125,148,167,174,215,236,239,244,255,263,319
95:7,52,60,82,304,113,135,142,176,177,180,207,210,243,247,256,292
96:12,44,57,81,178,111,150,201,259,262,293,316
97:53,260,120,134,169,202,236,266,289,305
98:35,40,52,58,81,82,239,105,131,148,170,219,220,261,285,298,314
99:313,143,146,176,178,197,220,247,250,278,280,287,293,294,316
100:28,46,55,162,102,173,271,290,291
101:17,29,116,117,120,154,214,218,228,244,265,280,289
102:6,71,100,126,110,116,124,170,174,243,264,270,272,292,308
103:4,29,65,253,111,117,132,134,222,261,322
104:76,221,145,171,194,204,224,229,271,277,322
105:98,307,120,131,164,191,223,251,280,312
106:68,92,246,108,119,138,145,149,166,175,213,225,289,299,304
107:22,34,71,93,148,139,198,218,222,225,239,253
108:24,36,37,106,176,237,243
109:22,62,80,86,94,212,115,143,241,280,325
110:15,41,54,77,102,167,173,178,180,196,207,306,320
111:27,96,103,138,129,161,237,267,279
112:4,25,38,74,124,135,142,153,205,232,291,298,325
113:0,11,95,302,137,144,185,197,205,234,243,249,253,318
114:29,30,46,304,142,159,187,220,239,272,279,320
115:40,50,72,109,228,133,150,166,234,243,269,270,301,319
116:51,85,101,102,203,166,254,278
117:18,51,56,57,58,61,94,101,103,212,118,119,134,135,141,142,144,149,173,208,215,320
118:5,33,79,91,117,314,182,194,195,204,276,321
119:3,6,32,59,61,106,117,287,139,152,179,208,221,226,235,272,304,322,325
120:2,39,75,90,97,101,105,308,134,148,154,163,168,206,215,235,294,309,323
121:13,59,90,208,152,181,211,220,233,276,303
122:32,35,42,86,93,168,126,127,139,155,179,187,194,195,219,222,226,233,245,290,318
123:2,66,203,127,169,212,265,289,299
124:14,102,112,200,187,240,258
125:14,37,38,47,60,78,94,199,131,137,159,164,173,207,223
126:1,16,20,38,70,76,80,88,102,122,244,172,190,207,229,240,296,315
127:10,17,29,32,67,122,123,210,158,200,207,216,309
128:10,13,28,36,39,292,155,170,172,173
129:111,238,164,183,184,228,237,241,261,280,291,314,324
130:27,32,60,82,87,90,327,132,198,223,240,318
131:1,45,66,71,87,98,105,125,320,151,165,178
132:11,22,85,103,130,138,279,323
133:15,54,56,66,115,309,214,222,223,233,248,255,268,296,311,323,326
134:18,27,35,97,103,117,120,249,135,214,229,237,305,307,327
135:33,95,112,117,134,194,162,192,201,224,226,315,318
136:6,25,42,44,273,184,199,216,227,228,238,249,261,275,314,316
137:7,45,65,75,113,125,225,142,163,216,253,261,312
138:9,37,71,106,111,132,159,215,226,229,268,279,283,315
139:10,107,119,122,173,168,174,182,193,222,234,246,281,286,309
140:37,50,329,163,179,227,274
141:0,44,62,68,78,117,154,143,148,160,187,234,274,288,296
142:65,95,112,114,117,137,325,152,169,180,198,223,251,271,304,306
143:55,58,99,109,141,233,199,203,210,240,268,282
144:73,80,113,117,198,160,188,214,233,239,289,299,304,308
145:31,32,37,62,81,84,86,87,93,104,106,304,171,173,214,291,312,316
146:21,53,65,68,84,99,296,158,160,162,182,298,321,322
147:28,84,85,91,92,197,160,188,198,235
148:1,36,94,98,107,120,141,306,151,164,185,216,283,295
149:4,9,41,69,106,117,250,151,176,193,211,214,278,302
150:2,22,51,70,91,96,115,256,185,187,202,226,269,285,312
151:33,49,50,131,148,149,283,166,175,182,224,231,236,289
152:12,17,40,119,121,142,244,168,208,227,294,305,316
153:6,11,20,21,27,71,87,112,324,166,192,197,208,229,244,328
154:25,83,101,120,141,282,240,299,325
155:33,85,86,122,128,276,176,189,192,214,255,295,301,328
156:6,56,182,174,178,194,224,241,262,318
157:15,18,25,78,81,85,89,315,171,198,267,268,281,322,323
158:5,12,23,31,46,127,146,305,181,239,301,303
159:6,36,44,73,74,114,125,138,248,164,170,179,302,311
160:51,75,82,141,144,146,147,209,165,208,211,298
161:2,18,47,59,111,167,202,270,289
162:34,71,73,100,135,146,229,181,196,206,231,291,320
163:48,70,75,81,120,137,140,169,228,262,280,283
164:13,15,34,87,105,125,129,148,159,246,190,201,223,224,251,268,284,289,293,296,297,300,317
165:23,61,63,131,160,245,178,220,231,254,272,276
166:10,49,63,72,82,85,88,106,115,116,151,153,177,175,209,216,219,223,228,266,273,291,304,310,311,327
167:51,71,94,110,161,301,218,225,232,264,275
168:34,42,86,90,120,122,139,152,260,169,184,211,214,248,270,278,305,308,320,323
169:24,29,40,67,97,123,142,163,168,172,273,306,308,309,319
170:14,54,80,82,98,102,128,159,197,175,223,240,241,243,244,246,256,264
171:7,15,40,54,104,145,157,312,185,200,207,209,257,263,275,295
172:7,48,49,53,89,126,128,169,268,175,180,193,243,259,291,319,324
173:4,14,40,47,100,110,117,125,128,139,145,270,185,220,236,272
174:18,42,51,66,94,102,139,156,329,190,201,217,218,250,251,313,325
175:3,11,27,60,106,151,166,170,172,192,188,202,232,235,274,286,314,326
176:3,46,87,95,99,108,149,155,209,197
177:6,27,34,44,61,71,95,166,261,218,221,313
178:0,13,77,82,96,99,110,131,156,165,212,183,235,239,284
179:83,119,122,140,159,247,186,199,221,229,237,253,266,273,306,314
180:11,32,44,95,110,142,172,182,196,279,298,304
181:0,33,55,81,90,121,158,162,266,191,230,280,291
182:37,53,54,118,139,146,151,156,180,314,267,293
183:58,88,129,178,204,199,215,223,236,267,288,297
184:3,62,129,136,168,257,201,249
185:5,8,24,33,53,60,89,90,92,113,148,150,171,173,259,186,190,229,310
186:23,49,79,179,185,319,189,196,217,236,309,316,318
187:61,72,114,122,124,141,150,261,191,222,224,226,229,286,300
188:13,30,31,35,93,144,147,175,300,195,209,230,236,238,306
189:18,31,84,86,155,186,313,190,195,206,216,223,282,305,328
190:7,44,45,60,85,126,164,174,185,189,191,254,294,325
191:18,44,65,87,91,105,181,187,190,242,211,222,223,238,287,321
192:48,49,61,68,76,91,135,153,155,175,198,195,235,249
193:5,46,139,149,172,282,196,257,275,287,305,323
194:2,17,52,70,104,118,122,135,156,292,198,220,305,310
195:76,86,118,122,188,189,192,283,237,269,299
196:83,88,91,110,162,180,186,193,297,199,240,271,290,300,310
197:11,23,28,47,50,71,80,99,113,147,153,170,176,203,219,234,253,287,305,321
198:61,107,130,142,144,147,157,192,194,287,203,234,241,254,276,301,306
199:0,32,36,51,67,125,136,143,179,183,196,329,221
200:2,25,41,74,124,127,171,257,217,234,253,266,304,318
201:48,50,55,59,81,89,96,135,164,174,184,308,209,298,302,322
202:21,39,56,97,150,161,175,303,260,277,297,313
203:12,64,68,93,116,123,143,197,198,292
204:9,10,33,36,58,68,81,83,88,104,118,183,248,211,223,326
205:45,73,91,112,113,308,208,252,262,278,302,318
206:6,21,24,35,41,43,46,52,81,120,162,189,248,261
207:5,54,57,70,73,95,110,125,126,127,171,324,241,275,291
208:16,17,21,27,74,83,117,119,121,152,153,160,205,309,274,276,279,296,315
209:46,73,160,166,171,176,188,201,222,305,317
210:0,45,51,95,127,143,243,250,266
211:28,121,149,160,168,191,204,307,329
212:0,109,117,123,178,255,221,238,244,251,317,325
213:26,31,43,86,106,306,252,268,303,314,317,320
214:21,22,78,101,133,134,144,145,149,155,168,303,237,243,255,273,293,300,311
215:1,5,21,39,40,83,94,117,120,138,183,290,232,242,271,296,312
216:17,52,78,127,136,137,148,166,189,242,224,230,237,260,265,271,280,293,300,314,327
217:37,84,174,186,200,270,221,268,286,317
218:15,31,80,101,107,167,174,177,226,225,239,250,262,313
219:15,18,24,46,77,98,122,166,197,302,223,249,268,290,307
220:24,43,86,98,99,114,121,165,173,194,257,277,303
221:12,24,43,52,55,85,104,119,177,179,199,212,217,235
222:8,53,103,107,122,133,139,187,191,209,258,223,254,274,309
223:3,32,40,52,53,105,125,130,133,142,164,166,170,183,189,191,204,219,222,309,228,244
224:10,60,104,135,151,156,164,187,216,266,251
225:78,80,106,107,137,167,218,323,254,255,258,261,278,286,292,322,324
226:43,45,46,72,88,119,122,135,138,150,187,218,263,236,240,300,316
227:84,136,140,152,230,240,296,304,309
228:2,12,33,34,38,101,115,129,136,163,166,223,233,252,268,286,304
229:62,66,67,104,126,134,138,153,162,179,185,187,282,235,265,292,300
230:8,70,181,188,216,227,322,231,242,252,253,256,261,271,279,311,324
231:22,31,151,162,165,230,283,241,272,288,311,314,322
232:4,54,71,87,112,167,175,215,245,242,244,302,310,311,326
233:9,12,30,77,81,121,122,133,143,144,228,276,246,287
234:7,23,28,66,80,113,115,139,141,197,198,200,328,245,287,304,311
235:82,91,119,120,147,175,178,192,221,229,283,256,306
236:6,11,12,46,59,87,90,94,97,151,173,183,186,188,226,289,249,266
237:27,31,45,108,111,129,134,179,195,214,216,297,250,305
238:65,79,129,136,188,191,212,245,243,244,248,262,289,296,307
239:7,14,24,56,57,65,69,94,98,107,114,144,158,178,218,289,274,276,279,280,307
240:7,49,94,124,126,130,143,154,170,196,226,227,272,243
241:53,59,63,109,129,156,170,198,207,231,280,262,310,317
242:34,40,44,55,85,191,215,216,230,232,259,251,324
243:20,68,95,102,108,113,115,170,172,210,214,238,240,265,285,304,316
244:15,17,44,50,51,59,69,76,86,94,101,126,152,153,170,212,223,232,238,329,272
245:25,34,50,60,74,75,122,165,232,234,238,248
246:11,36,106,139,164,170,233,321,288,304
247:20,35,38,43,68,95,99,179,286,259,268,289,295
248:41,53,59,91,133,159,168,204,206,238,245,302,257,284,295,328
249:2,22,26,49,76,113,134,136,184,192,219,236,326,253,265,285,286,298,320
250:39,99,149,174,210,218,237,328,310
251:11,45,53,105,142,164,174,212,224,242,321,262,322,327
252:54,60,86,93,205,213,228,230,323,285,287,292
253:1,10,20,103,107,113,137,179,197,200,230,249,264,266
254:26,116,165,190,198,222,225,292,319
255:45,89,90,94,133,155,212,214,225,301,279
256:39,72,80,82,89,95,150,170,230,235,276,312,328
257:6,21,58,76,171,184,193,200,220,248,280,264,267,284,300,316,319
258:63,67,124,222,225,298,292
259:62,66,96,172,185,242,247,320
260:33,36,44,63,76,91,97,168,202,216,313,268
261:34,35,55,98,103,129,136,137,177,187,206,225,230,269,285,308
262:3,23,36,50,53,59,90,96,156,163,205,218,238,241,251,266,320
263:18,24,29,44,56,66,82,94,171,226,309,278,302,315
264:9,26,39,65,90,91,102,167,170,253,257,312,297,310,313,325,328
265:1,40,59,87,101,123,216,229,243,249,294,278
266:32,47,51,65,66,69,75,97,166,179,181,200,210,224,236,253,262,267,298,303
267:2,23,65,111,157,182,183,257,266,327,272,283
268:18,62,133,138,143,157,164,172,213,217,219,228,247,260,309,312
269:4,81,115,150,195,261,270,279,280,282,306,328
270:10,37,64,102,115,161,168,173,217,269,315,293,298,303
271:72,77,91,100,104,142,196,215,216,230,324
272:7,21,48,102,114,119,165,173,231,240,244,267,300,280,296,298
273:23,39,52,62,136,166,169,179,214,299,311,316
274:10,32,52,66,84,140,141,175,208,222,239,288,312
275:136,167,171,193,207,317,283,316
276:2,22,28,48,55,118,121,155,165,198,208,233,239,256,327,310
277:26,45,68,89,104,202,220,307,305
278:20,45,72,92,99,116,149,168,205,225,263,265,299,293,296,300
279:43,47,49,62,77,84,111,114,132,138,180,208,230,239,255,269,290,296
280:34,38,40,99,101,105,109,129,163,181,216,239,241,257,269,272,325,319
281:4,17,33,65,90,139,157,295,308,309,328
282:52,79,143,154,189,193,229,269,321,287,301
283:31,37,43,83,138,148,151,163,195,231,235,267,275,301
284:4,57,68,77,86,164,178,248,257,328,303,320
285:5,15,34,54,63,73,87,88,98,150,243,249,252,261,301
286:49,53,71,89,139,175,187,217,225,228,247,249,328,295,324
287:4,8,10,34,43,46,90,99,119,191,193,197,198,233,234,252,282,324
288:11,47,70,141,183,231,246,274,324,318
289:23,31,46,97,101,106,123,144,151,161,164,236,238,239,247,302,299,313
290:48,53,58,65,68,74,100,122,196,215,219,279,303
291:3,19,57,100,112,129,145,162,166,172,181,207,294,315,319
292:22,51,52,83,85,95,102,128,194,203,225,229,252,254,258,328
293:54,73,96,99,164,182,214,216,270,278,319
294:5,17,51,56,64,99,120,152,190,265,291,317
295:50,64,68,69,80,148,155,171,247,248,281,286,309,314
296:15,24,26,79,80,126,133,141,146,164,208,215,227,238,272,278,279,326
297:13,18,40,63,70,164,183,196,202,237,264,324
298:23,33,72,74,98,112,146,160,180,201,249,258,266,270,272,328,323
299:1,41,51,74,83,106,123,144,154,195,273,278,289,329,305
300:7,8,63,164,187,188,196,214,216,226,229,257,272,278,310,326
301:62,76,115,155,158,167,198,255,282,283,285,324,312,326
302:0,2,4,73,92,113,149,159,201,205,219,232,248,263,289,304,312
303:17,58,67,70,121,158,202,213,214,220,266,270,284,290,322,317
304:9,20,30,95,106,114,119,142,144,145,166,180,200,227,228,234,243,246,302,311
305:27,46,52,97,134,152,158,168,189,193,194,197,209,237,277,299,325,315
306:0,110,142,148,169,179,188,198,213,235,269,308,318
307:19,22,47,55,78,105,134,211,219,238,239,277,328
308:20,29,32,33,62,73,74,84,93,102,120,144,168,169,201,205,261,281,306,319,324,329
309:12,61,120,127,133,139,169,186,208,222,223,227,263,268,281,295,314,329
310:0,26,40,42,63,166,185,194,196,232,241,250,264,276,300,325
311:67,70,83,133,159,166,214,230,231,232,234,273,304,320,318,328
312:31,52,66,105,137,145,150,171,215,256,264,268,274,301,302,319,321
313:99,174,177,189,202,218,260,264,289,321
314:24,89,91,93,98,118,129,136,175,179,182,213,216,231,295,309,327
315:8,27,35,38,53,62,78,126,135,138,157,208,263,270,291,305,321,318
316:29,40,44,78,96,99,136,145,152,186,226,243,257,273,275,318
317:18,32,61,65,79,164,209,212,213,217,241,275,294,303,324,318,326
318:13,19,56,67,113,122,130,135,156,186,200,205,288,306,311,315,316,317,321
319:26,65,94,115,169,172,186,254,257,280,291,293,308,312,321,322
320:13,17,45,61,63,70,110,114,117,131,162,168,213,249,259,262,284,311,327
321:28,58,118,146,191,197,246,251,282,312,313,315,318,319,327
322:26,37,89,92,103,104,119,146,157,201,225,230,231,251,303,319,329
323:15,58,120,132,133,157,168,193,225,252,298,328
324:1,16,18,46,51,81,129,153,172,207,225,230,242,271,286,287,288,297,301,308,317,325
325:65,88,109,112,119,142,154,174,190,212,264,280,305,310,324,327,328,329
326:49,93,133,175,204,232,249,296,300,301,317,328
327:4,59,75,90,130,134,166,216,251,267,276,314,320,321,325,328
328:31,54,55,89,153,155,189,234,248,250,256,264,269,281,284,286,292,298,307,311,323,325,326,327,329
329:9,29,31,32,65,71,89,140,174,199,211,244,299,308,309,322,325,328
