0:146,3,10,51,86,97,160,165,167,217,277,303,318,404,439
1:258,11,13,17,32,37,119,123,132,134,185,214,282,304,308,338,366,396,451,452
2:404,38,64,77,83,85,87,94,101,102,134,138,140,146,179,189,199,258,269,295,308,381,386,416
3:0,293,42,113,118,142,148,190,249,297,310,339,355,362,363,373,381,382,401,431
4:340,38,40,100,129,135,152,154,189,211,222,245,254,320,329,330,348,381,406,413,420,425,433
5:413,14,62,102,133,135,142,157,169,199,202,268,279,287,301,372,427,432
6:253,15,26,36,40,62,74,103,151,157,187,212,237,258,291,366,394,398,401,416,450
7:156,141,153,160,179,197,210,259,277,282,325,342,347,357,417,422,459
8:107,24,34,38,72,93,98,115,123,166,172,183,191,204,253,257,303,326,340,383,386,448
9:312,25,57,62,71,111,129,141,142,161,162,194,227,231,249,257,267,274,291,298,318,334,337,360,378,380,383,434
10:0,346,37,88,96,139,145,152,175,239,318,355,396,405,424,443
11:1,319,43,83,132,179,192,206,211,217,228,366,367
12:216,15,53,75,76,99,136,170,182,214,217,314,417,425,456,459
13:1,451,16,77,98,129,176,182,201,218,246,251,272,293,294,296,330,336,384,419,422,423,426,448
14:5,407,16,32,54,64,65,73,79,97,103,106,112,122,160,164,171,182,213,262,334,367,393,415
15:6,12,236,52,66,95,99,107,126,175,217,220,245,280,306,308,338,347,350,377,407
16:13,14,307,25,115,189,234,252,262,284,336,364,365,369,413,437
17:1,18,21,27,30,75,89,92,104,157,169,234,273,276,314,315,363,397
18:17,23,55,97,122,148,152,174,234,241,311,324,325,400,427,449,452
19:287,88,119,192,286,325,334,389,430
20:238,119,124,126,204,217,278,306,318,435
21:17,283,41,81,100,133,144,148,164,167,302,303,320,348,359,397,409,415,425,451,459
22:362,46,72,103,189,194,220,239,242,254,301,306,330,352,376,422
23:18,87,37,62,122,123,126,173,192,328,340,363,378,387,431,450,451
24:8,181,25,105,107,110,150,161,196,210,227,256,259,276,305,375,382,458
25:9,16,24,36,58,86,105,118,119,121,155,212,302,316,339,371,382,403,440,441
26:6,280,136,146,169,208,214,215,218,239,250,251,301,352,366,369,378,387,391,393,430
27:17,319,34,38,52,59,62,69,180,221,244,247,312,332,354,397,411,429,439
28:236,65,78,113,126,212,220,251,261,299,318,347,379,426,457
29:116,46,52,77,109,140,175,180,198,241,300,354,384,386,458
30:17,264,49,77,90,120,132,161,227,295,378,380,449,454
31:383,39,79,114,250,275,299,345,354,396
32:1,14,426,40,57,114,147,157,183,227,323,373,421,427,449,453
33:455,37,53,66,71,79,86,92,162,182,224,238,392,416,430
34:8,27,444,113,199,201,207,230,237,240,268,285,326,423,457,459
35:400,104,161,177,213,217,290,357,409,442,454,459
36:6,25,136,50,72,103,117,123,206,242,256,262,266,267,330,336,337,344,392,432,435
37:1,10,23,33,334,48,56,80,108,124,135,169,196,241,250,281,282,293,309,312,331,357,358,365,378,407,442,449,454,458
38:2,4,8,27,308,40,96,152,197,217,246,247,258,271,274,303,347,351,369
39:31,147,56,62,100,162,167,234,273,281,285,387,426
40:4,6,32,38,233,121,190,193,225,232,274,280,291,315,392,437
41:21,366,43,63,74,117,158,203,208,317,374,431,451,454
42:3,169,69,73,94,117,123,183,192,229,257,341,366,390,439
43:11,41,163,112,140,166,169,206,226,231,234,239,276,285,304,333,382,458
44:327,57,84,132,185,224,227,231,255,260,263,268,304,317,321,340,366,373,410,443
45:225,98,105,119,124,158,184,195,199,208,209,341,384,407,453
46:22,29,279,58,140,148,149,156,166,200,201,205,229,235,258,262,348,359,407
47:146,64,70,83,85,93,179,210,218,258,275,379,417
48:37,255,108,118,139,150,162,221,270,291,302,372,403,434,457
49:30,204,155,216,226,252,258,271,284,291,296,338,354,355,377,397,400,406,413,426,437,456
50:36,341,53,81,89,95,96,111,177,179,201,248,276,279,304,307,326,327,336,337,370,426
51:0,453,156,211,219,246,264,309,311,339,351,408,417,429
52:15,27,29,329,79,87,108,123,137,157,176,206,213,232,249,299,332,348,403,441,456
53:12,33,50,72,67,68,90,171,172,184,187,198,199,213,240,301,322,323,331,332,363,364,383,424,440,455
54:14,425,63,76,98,124,139,140,165,214,248,270,285,315,371,397,402,416,434
55:18,180,69,89,130,159,177,182,191,268,291,385,392,442,451,452
56:37,39,410,151,188,211,246,255,268,269,280,370,372,392
57:9,32,44,266,110,112,147,154,157,230,240,249,283,315,318,319,341,350,428,458
58:25,46,113,97,103,156,186,190,192,200,201,222,296,299,303,316,348,401,415
59:27,440,101,104,123,126,128,130,146,151,199,241,244,251,285,334,345,362,422,457
60:344,63,87,89,114,136,139,150,152,177,192,222,275,290,294,351,410
61:274,106,112,129,147,162,177,180,199,237,314,366,394,409,442
62:5,6,9,23,27,39,262,155,178,207,222,244,284,311,318,371,381
63:41,54,60,183,72,83,103,110,133,179,187,226,255,306,313,423
64:2,14,47,335,98,136,140,203,374,450
65:14,28,238,69,84,110,128,155,167,220,287,310,346,408,410,427
66:15,33,219,67,84,90,93,103,137,171,177,235,250,252,253,267,280,281,293,338,367,369,401,424
67:53,66,364,77,211,229,286,300,328,380,408
68:53,195,83,98,125,159,165,180,207,240,269,287,354,369,396,402,413,432,447,456
69:27,42,55,65,220,80,95,106,173,189,221,244,262,275,320,324,349,353,369,412,425,450
70:47,181,86,113,133,164,172,187,198,212,316,393,422
71:9,33,199,98,133,138,219,220,275,298,335,344,350,389,447,455
72:8,22,36,53,63,371,135,159,169,174,198,222,265,292,363,365,369,372,379,393,420,443,445
73:14,42,372,80,86,107,108,119,141,142,145,149,162,185,187,240,291,317,332,339,346,383,389,390,416
74:6,41,342,99,113,161,165,178,184,192,235,254,280,299,315,325,361,437,452
75:12,17,357,87,96,209,234,242,270,295,299,303,324,349,370,399,421
76:12,54,149,122,125,150,155,176,201,219,287,298,357,377,394,414,456
77:2,13,29,30,67,271,82,101,108,176,219,239,256,276,291,298,323,381,393,458
78:28,197,112,148,149,192,241,291,302,336,391,430,445,447
79:14,31,33,52,159,85,122,124,131,137,145,149,208,227,324,392,397,416,419,433,458
80:37,69,73,260,109,153,155,166,188,251,258,287,328,356,372,382,383,397,399,438,458
81:21,50,404,88,191,234,238,242,247,283,309,311,344,362,379,427,441,455
82:77,218,98,128,129,152,182,221,252,336,365,397,410,420,425,448,458
83:2,11,47,63,68,457,130,151,161,180,224,228,256,258,284,292,300,327,347,369,370,371,383
84:44,65,66,215,107,117,154,175,190,198,226,231,293,317,343,386,395
85:2,47,79,209,151,185,193,196,249,259,266,282,284,324,349,394
86:0,25,33,70,73,110,96,151,157,173,187,194,197,284,309,320,435,436
87:2,23,52,60,75,445,89,95,96,116,136,199,212,238,260,262,268,314,351,367,458
88:10,19,81,442,107,158,174,185,195,230,264,275,280,320,346,378,387,396,424,448
89:17,50,55,60,87,409,111,112,145,154,172,216,241,290,341,357,369,370,395,404,431,456
90:30,53,66,98,93,131,145,240,292,323,368,392,397,403,416
91:111,196,199,216,221,301,318,322,365,396,434,454
92:17,33,275,96,103,107,153,176,218,242,281,291,310,344,381,404,411,427
93:8,47,66,90,381,115,139,164,168,285,288,313,336,340,372,398,409,425,442
94:2,42,453,96,116,128,164,172,214,228,244,260,285,308,322,325,329,336,345,363,366,393,408,433
95:15,50,69,87,244,107,143,144,165,199,233,250,261,267,320,324,371,372,373
96:10,38,50,75,86,87,92,94,388,105,114,139,186,207,209,224,225,235,236,255,311,370,379,391,400,414,437,441,459
97:0,14,18,58,134,107,133,155,217,252,257,260,338,415,441
98:8,13,45,54,64,68,71,82,90,185,102,118,133,135,153,173,207,272,292,308,317,342,358,388,389,459
99:12,15,74,203,121,127,145,166,182,216,220
100:4,21,39,190,138,165,205,259,278,296,297,307,325,340,384,404,442,452
101:2,59,77,380,109,128,185,234,237,285,354,359,365,392,413,421,429
102:2,5,98,352,116,143,162,169,179,189,236,312,334,357,381,398,449
103:6,14,22,36,58,63,66,92,119,104,123,133,146,164,168,183,207,217,221,223,241,249,259,271,318,332,341,380,389,393,449,459
104:17,35,59,103,327,106,120,142,151,262,273,284,345,358,392,454
105:24,25,45,96,345,144,153,154,197,215,220,252,255,293,319,321,330,363,377,396
106:14,61,69,104,338,119,191,218,224,289,294,308,315,346,364,386,412
107:8,15,24,73,84,88,92,95,97,337,109,127,207,298,320,385,419,430,450,451
108:37,48,52,73,77,275,123,193,225,267,324,345,348,392,445,454
109:29,80,101,107,277,111,121,146,167,199,243,267,275,276,311,313,341,344,361,363,386
110:24,57,63,65,86,116,112,123,151,155,183,213,220,237,265,270,410,427,437,445
111:9,50,89,91,109,234,119,131,147,161,180,184,189,191,251,252,274,284,285,334,350,380,415
112:14,43,57,61,78,89,110,314,158,195,216,248,277,280,290,315,325,356,367,459
113:3,28,34,58,70,74,346,122,139,144,171,254,284,300,307,316,320,354,373,438
114:31,32,60,96,341,130,178,262,281,283,284,287,294,336,405,437
115:8,16,93,181,118,137,154,281,305,360,363,399,433
116:29,87,94,102,110,365,126,143,148,156,178,194,226,249,250,272,322,334,335,367,375
117:36,41,42,84,347,124,127,132,136,152,164,196,234,309,345,357
118:3,25,48,98,115,222,130,212,225,248,325,327,346,394,404,457
119:1,19,20,25,45,73,103,106,111,143,136,150,153,156,193,218,256,269,326,336,405,439,440
120:30,104,329,139,159,201,203,227,269,293,344,367,373,433
121:25,40,99,109,282,131,149,205,241,250,312,436
122:14,18,23,76,79,113,260,152,172,175,179,181,215,218,228,253,263,275,287,294,299,313,349,385,403,437
123:1,8,23,36,42,52,59,103,108,110,356,165,173,177,212,213,267,310,312,393,399,410
124:20,37,45,54,79,117,169,198,209,293,294,332,356,370,416,452
125:68,76,381,126,165,248,265,312,350,388,389,450,451
126:15,20,23,28,59,116,125,153,137,162,163,173,177,216,242,262,265,292,333,344,376,389,436
127:99,107,117,266,129,151,163,199,226,288,303,327,331,355,397,409,417,443
128:59,65,82,94,101,213,174,177,179,189,195,229,292,298,312,378,406,410,450
129:4,9,13,61,82,127,250,226,255,340,405
130:55,59,83,114,118,247,144,164,185,189,202,223,244,260,287,291,316,323,334,343,372,391,397
131:79,90,111,121,173,174,175,250,254,255,394,396,416,456
132:1,11,30,44,117,411,144,171,186,196,197,228,295,299,301,328,360,367,374,418,434
133:5,21,63,70,71,97,98,103,219,158,166,179,202,244,334,340,341,363,390,420,445
134:1,2,97,446,161,186,209,260,265,361,371,372,392,408,410,451
135:4,5,37,72,98,186,184,222,232,359,368,376,398,410,442
136:12,26,36,60,64,87,117,119,232,180,204,223,242,281,332,407,435,439,444,459
137:52,66,79,115,126,304,160,161,181,211,216,223,270,276,280,282,287,319,363,368,372,391,414,423,459
138:2,71,100,299,162,180,209,261,290,302,352,385,423
139:10,48,54,60,93,96,113,120,190,193,253,276,305,331,333,337,371,446,447
140:2,29,43,46,54,64,302,182,185,247,261,303,342,371,375,393,456
141:7,9,73,440,172,199,205,243,257,262,316,340,347,386,400,417,442,447
142:3,5,9,73,104,425,159,185,191,278,290,296,339,351,359,388
143:95,102,116,119,353,156,175,184,222,223,238,243,248,252,297,299,356,359,392
144:21,95,105,113,130,132,382,185,191,209,251,273,295,309,315,331,379,388,421
145:10,73,79,89,90,99,316,154,195,198,208,219,240,243,265,370,372,374,390,417,420
146:0,2,26,47,59,103,109,414,152,193,195,234,251,282,316,356,386,393,407,440,441,456
147:32,39,57,61,111,310,153,209,235,236,251,295,327,331,361,362,381,445,448,451
148:3,18,21,46,78,116,388,185,189,239,307,310,334,343,373,401,442
149:46,73,76,78,79,121,347,180,184,193,211,215,220,228,260,277,327,342,421,448,457
150:24,48,60,76,119,361,157,187,258,261,302,329,357,358,390,405
151:6,56,59,83,85,86,104,110,127,362,191,192,222,228,270,276,308,336,345,390
152:4,10,18,38,60,82,117,122,146,447,189,229,239,258,267,301,341,346,356,359,394,431,458
153:7,80,92,98,105,119,126,147,212,200,207,246,280,285,304,333,337,377,439,455
154:4,57,84,89,105,115,145,374,176,191,197,203,250,263,287,309,331,343,351,408
155:25,49,62,65,76,80,97,110,322,156,207,234,289,306,332,409,410,440,445
156:7,46,51,58,116,119,143,155,157,182,218,237,258,271,290,442,455,458
157:5,6,17,32,52,57,86,150,156,441,200,209,245,247,302,313,343,396,399,402,422,430,431,451,456
158:41,45,88,112,133,256,173,206,264,266,324,332,439
159:55,68,72,79,120,142,340,180,200,207,224,226,235,290,295,337,350,416,430,443
160:0,7,14,137,209,178,202,208,218,272,275,304,316,387,397,428,443
161:9,24,30,35,74,83,111,134,137,296,168,197,204,205,249,258,272,315,318
162:9,33,39,48,61,73,102,126,138,183,177,220,223,272,277,290,337,389,403,407,424
163:43,126,127,247,183,215,243,268,277,298,323,399,406
164:14,21,70,93,94,103,117,130,316,179,206,232,252,256,296,299,318,323,372
165:0,54,68,74,95,100,123,125,348,190,228,306,333,350,369,414,417,441
166:8,43,46,80,99,133,184,182,209,240,254,270,317,349,383,420,435
167:0,21,39,65,109,304,172,269,281,317,347,369,376,383,441
168:93,103,161,229,205,207,223,230,288,289,296,304,317,344,392,446,449
169:5,17,26,37,42,43,72,102,124,237,201,233,294,305,322,391,394,403,408,429,447
170:12,307,179,260,326,347,377,422,434
171:14,53,66,113,132,356,239,247,289,315,321,344,417,430,436,445
172:8,53,70,89,94,122,141,167,449,200,201,269,279,283,285,305,318,348,378,391,402
173:23,69,86,98,123,126,131,158,182,204,214,240,242,257,259,309,319,342,345,381,412,446
174:18,72,88,128,131,335,180,191,192,218,225,245,248,325,329,356,380
175:10,15,29,84,122,131,143,282,232,353,394,396,402,451
176:13,52,76,77,92,154,313,178,299,327,369,376,383,392,413,434
177:35,50,55,60,61,66,123,126,128,162,325,294,396,420,436,447,454
178:62,74,114,116,160,176,218,195,216,249,252,328,375,411,419,420,439
179:2,7,11,47,50,63,102,122,128,133,164,170,285,218,222,235,279,312,330,335,359,365,377,430
180:27,29,55,61,68,83,111,136,138,149,159,174,208,203,230,232,251,261,349,390,391,398,408,431,446
181:24,70,115,122,137,323,182,184,209,230,234,236,238,254,294,306,310,423
182:12,13,14,33,55,82,99,140,156,166,173,181,329,210,241,266,309,311,336,364,374,403,419,433
183:8,32,42,63,103,110,162,163,292,197,270,276,291,313,314,338,357,405,409,416,436
184:45,53,74,111,135,143,149,166,181,213,232,253,263,298,329,388,396,412,421,424
185:1,44,73,85,88,98,101,130,140,142,144,148,435,235,266,274,312,313,329,376,392,405,428,431
186:58,96,132,134,135,301,203,245,246,265,290,302,321,326,353,392,412,421,430
187:6,53,63,70,73,86,150,275,210,215,236,368,439,454
188:56,80,346,275,335,336,350,374,409,436,454
189:2,4,16,22,69,102,111,128,130,148,152,360,192,198,272,282,314,320,329,343,348,371,433,458
190:3,40,58,84,100,139,165,424,201,230,261,305,363,364,383,429
191:8,55,81,106,111,142,144,151,154,174,366,219,281,294,300,323,412,414,421
192:11,19,23,42,58,60,74,78,151,174,189,347,206,283,284,307,339,380,383,395,403,429,442,446
193:40,85,108,119,139,146,149,303,239,269,285,316,322,342,356,367,389,403,455
194:9,22,86,116,211,244,271,275,347,357,366,439,456
195:45,68,88,112,128,145,146,178,251,223,241,260,330,362,363,402,405,454
196:24,37,85,91,117,132,300,229,230,238,261,391,438,451
197:7,38,78,86,105,132,154,161,183,425,202,209,211,216,252,266,344,348,383,408,443,452
198:29,53,70,72,84,124,145,189,280,212,229,262,272,344,355,365,400,406,413,420,445,450,453
199:2,5,34,45,53,59,61,71,87,91,95,109,127,141,421,205,265,268,274,296,332,339,398,407,409,438,457
200:46,58,153,157,159,172,246,221,277,288,332,349,370,395,396,397,425
201:13,34,46,50,58,76,120,169,172,190,280,204,219,227,247,255,269,307,315,394
202:5,130,133,160,197,394,212,216,219,238,312,351,362,376,380,388,415,450
203:41,64,99,120,154,180,186,456,226,253,254,271,327,369,403,412
204:8,20,49,136,161,173,201,405,223,236,250,269,275,286,301,345,387,395,415,439,451
205:46,100,121,141,161,168,199,348,239,252,302,309,314,425
206:11,36,43,52,158,164,192,294,214,227,296,307,314,322,327,349,421,423
207:34,62,68,96,98,103,107,153,155,159,168,405,222,233,242,246,252,303,361,362,414,443,454
208:26,41,45,79,145,160,180,320,220,292,319,326,341,349,378,411,444
209:45,75,85,96,124,134,138,144,147,157,160,166,181,197,385,271,341,347,370,398,409,411,422,423
210:7,24,47,182,187,284,214,237,264,285,286,303,323,375,377,423,429
211:4,11,51,56,67,137,149,194,197,440,216,223,281,345,365,368
212:6,25,28,70,87,118,123,153,198,202,251,241,270,288,331,339,354,370,446
213:14,35,52,53,110,123,128,184,419,236,237,240,262,265,315,325,349,413,424,434,453
214:1,12,26,54,94,173,206,210,219,231,235,271,273,294,299,308,331,368,410
215:26,84,105,122,149,163,187,407,276,300,319,328,356,382,385,399,414,424
216:12,49,89,91,99,112,126,137,178,197,202,211,285,264,355,445
217:0,11,12,15,20,35,38,97,103,433,236,244,265,274,299,310,322,327,364,441,445
218:13,26,47,82,92,106,119,122,156,160,174,178,179,423,241,313,381,418,431,459
219:51,66,71,76,77,133,145,191,201,202,214,280,255,277,299,363,381,442,445,446
220:15,22,28,65,69,71,99,105,110,149,162,208,386,222,273,306,328,381,391,396,399
221:27,48,69,82,91,103,200,315,300,304,312,336,353,356,379,393,408,409,412,431,454
222:4,58,60,62,72,118,135,143,151,179,207,220,414,247,272,304,393,456
223:103,130,136,137,143,162,168,195,204,211,318,254,290,311,335,392,400
224:33,44,83,96,106,159,269,226,241,254,255,288,337,363,364,390,394,432
225:40,45,96,108,118,174,317,227,256,282,285,387,400,437
226:43,49,63,84,116,127,129,159,203,224,405,227,235,246,265,281,284,303,313,319,325,356,369,371,372,383,386,407,415
227:9,24,30,32,44,79,120,201,206,225,226,235,243,270,320,325,329,341,352,393,431,434,451,454
228:11,83,94,122,132,149,151,165,412,231,248,284,304,308,339,365,366,376,413,415,428,439
229:42,46,67,128,152,168,196,198,405,284,321,322,326,332,351,428,448
230:34,57,88,168,180,181,190,196,344,232,248,256,262,282,306,314,321,335,345,388,395,419
231:9,43,44,84,214,228,290,269,274,283,308,330,390
232:40,52,135,136,164,175,180,184,230,255,250,280,311,331,349,380,381,388,396,417,443,454
233:40,95,169,207,374,263,273,279,288,301,344,412,444
234:16,17,18,39,43,75,81,101,111,117,146,155,181,341,255,308,377,417,420,434
235:46,66,74,96,147,159,179,185,214,226,227,296,237,252,283,286,328,345,369,413,425,451,459
236:15,28,96,102,147,181,187,204,213,217,351,249,288,330,352,364,401
237:6,34,61,101,110,156,169,210,213,235,239,284,326,327,343,381,386,418,453
238:20,33,65,81,87,143,181,196,202,412,239,274,283,288,294,396,436,456
239:10,22,26,43,77,148,152,171,193,205,237,238,248,257,280,293,333,365,390,430,457
240:34,53,57,68,73,90,145,166,173,213,260,261,274,277,315,327,349,350,358,372,377,405,418,430
241:18,29,37,59,78,89,103,121,182,195,212,218,224,420,259,301,364,387,389,398,450
242:22,36,75,81,92,126,136,173,207,450,271,287,431,435
243:109,141,143,145,163,227,256,245,295,350,381,382,394
244:27,59,62,69,94,95,130,133,194,217,443,276,279,300,319,329,345,351,353,381,386,402,441
245:4,15,157,174,186,243,329,259,261,263,267,327,335,337,344,347,367,412
246:13,38,51,56,153,186,200,207,226,271,249,348,358,369,389,425,427,436,454
247:27,38,81,130,140,157,163,171,201,222,304,259,318,386,393,436,454
248:50,54,112,118,125,143,174,228,230,239,392,274,278,286,387,409,421,447
249:3,9,52,57,85,103,116,161,178,236,246,357,277,278,301,306,312,347,392,400,414
250:26,31,37,66,95,116,121,129,131,154,204,232,358,259,261,299,311,342,353,414,425,456
251:13,26,28,59,80,111,144,146,147,180,195,212,426,261,278,291,297,366,379,386,433,448,452,459
252:16,49,66,82,97,105,111,143,164,178,197,205,207,235,375,276,287,384,386,453
253:6,8,66,122,139,184,203,268,263,332,355,366
254:4,22,74,113,131,166,181,203,223,224,302,304,382,389,403,451
255:44,48,56,63,96,105,129,131,201,219,224,232,234,368,262,266,389,413,426,432,454
256:24,36,77,83,119,158,164,225,230,243,446,293,303,387,428
257:8,9,42,97,141,173,239,263,265,278,282,301,311,339,359,369,392,409,419,447
258:1,2,6,38,46,47,49,80,83,150,152,156,161,392,263,269,274,276,279,283,384,421,433
259:7,24,85,100,103,173,241,245,247,250,338,342,352,384,405,421,445,458
260:44,80,87,94,97,122,130,134,149,170,195,240,328,263,324,327,348,352,397,405,409,441,446
261:28,95,138,140,150,180,190,196,240,245,250,251,353,274,275,315,332,372,378,390,408,414,454
262:14,16,36,46,62,69,87,104,114,126,141,198,213,230,255,398,296,326,368,425
263:44,122,154,184,233,245,253,257,258,260,361,317,347,360,396,405,418,429,439,441,448
264:30,51,88,158,210,216,323,309,316,376,394,426
265:72,110,125,126,134,145,186,199,213,217,226,257,446,282,341,342,355,387,406,438
266:36,57,85,127,158,182,185,197,255,381,288,313,331,358,363,370,380,392,398
267:9,36,66,95,108,109,123,152,245,442,279,286,312,386,409,415,421,428
268:5,34,44,55,56,87,163,199,253,282,284,286,362,394,408,410
269:2,56,68,119,120,167,172,193,201,204,224,231,258,378,291,376,396,397,420
270:48,54,75,110,137,151,166,183,212,227,436,289,292,321,419,438
271:38,49,77,103,156,194,203,209,214,242,246,306,295,298,314,366,378,396,398,443
272:13,98,116,160,161,162,189,198,222,295,356,447
273:17,39,104,144,214,220,233,309,296,390,414,443,456
274:9,38,40,61,111,185,199,217,231,238,240,248,258,261,429,295,307,332,343,346,374
275:31,47,60,69,71,88,92,108,109,122,160,187,188,194,204,261,310,277,285,300,311,346,350,353,361,386,393,417,435,453
276:17,24,43,50,77,109,137,139,151,183,215,244,252,258,385,350,370,456
277:0,7,109,112,149,162,163,200,219,240,249,275,298,309,359,366,432,445,458
278:20,100,142,248,249,251,257,284,282,294,331,349,370,373,380,387,446
279:5,46,50,172,179,233,244,258,267,408,334,360,372
280:15,26,40,56,66,74,88,112,137,153,198,201,219,232,239,359,297,298,308,362,388,403,425
281:37,39,66,92,114,115,136,167,191,211,226,353,308,334,335,384,388,442,457
282:1,7,37,85,121,137,146,175,189,225,230,257,265,268,278,304,291,309,343,345,353,358,406,412,429,449
283:21,57,81,114,172,192,231,235,238,258,318,320,325,333,337,384,403,425,446
284:16,49,62,83,85,86,104,111,113,114,192,210,226,228,229,237,268,278,388,327,343,352,379,454
285:34,39,43,54,59,93,94,101,111,153,172,179,193,210,216,225,275,454,306,321,336,362,370,412,433
286:19,67,204,210,235,248,267,268,453,324,335,344,355,410,414,419,450,459
287:5,19,65,68,76,80,114,122,130,137,154,242,252,295,300,317,330,370,381,445
288:93,127,168,200,212,224,233,236,238,266,322,324,347,410,415
289:106,155,168,171,270,380,297,314,342,353,354,359,382
290:35,60,89,112,138,142,156,159,162,186,223,231,424,324,342,349,412,436
291:6,9,40,48,49,55,73,77,78,92,130,183,251,269,282,341,299,301,387,399
292:72,83,90,98,126,128,183,208,270,330,299,395,404,457
293:3,13,37,66,84,105,120,124,239,256,351,303,329,380,381,382,424
294:13,60,106,114,122,124,169,177,181,191,206,214,238,278,332,361,365,403,408,410,441,456
295:2,30,75,132,144,147,159,243,271,272,274,287,389,300,317,321,326,335,336,366,386,387
296:13,49,58,100,142,161,164,168,199,206,235,262,273,345,320,334,388,394,409,426,427,429
297:3,100,143,251,280,289,334,316,320,359,411,412,427,458
298:9,71,76,77,107,128,163,184,271,277,280,412,351,388,394,400
299:28,31,52,58,74,75,122,132,138,143,164,176,214,217,219,250,291,292,301,318,367,389,392,399,458
300:29,67,83,113,191,196,215,221,244,275,287,295,429,308,363,378,403,413,447
301:5,22,26,53,91,132,152,186,204,233,241,249,257,291,299,434,312,315,317,353,382,401,425,432,457
302:21,25,48,78,138,140,150,157,186,205,254,451,338,353,364,371,386,387,429,434,447
303:0,8,21,38,58,75,127,140,193,207,210,226,256,293,344,345,368,369,372,379,401,414,431
304:1,43,44,50,137,153,160,167,168,221,222,228,247,254,282,359,362,363,396,454
305:24,115,139,169,172,190,371,315,347,349,366,383,427
306:15,20,22,63,155,165,181,220,230,249,271,285,452,376,382,399
307:16,50,100,113,148,170,192,201,206,274,397,312,315,368,385,390,395,450
308:1,2,15,38,94,98,106,151,214,228,231,234,280,281,300,325,311,367,370,395,424,445,448
309:37,51,81,86,117,144,154,173,182,205,264,273,277,282,316,335,344,360,380,386,411,444
310:3,65,92,123,147,148,181,217,275,362,318,359,393,405,420,437
311:18,51,62,81,96,109,182,223,232,250,257,275,308,348,312,331,373,382,412,439,456
312:9,27,37,102,121,123,125,128,179,185,202,221,249,267,301,307,311,313,353,374,376,425
313:63,93,109,122,157,176,183,185,218,226,266,312,458,429,456
314:12,17,61,87,112,183,189,205,206,230,271,289,398,322,351,368,400,437
315:17,40,54,57,74,106,112,144,161,171,201,213,221,240,261,301,305,307,362,336,337,344,360,423
316:25,58,70,113,130,141,145,146,160,164,193,264,297,309,356,342,348,413,445,453
317:41,44,73,84,98,166,167,168,225,263,287,295,301,393,318,326,346,363,401,402,414,447,452
318:0,9,10,20,28,57,62,91,103,161,164,172,223,247,283,299,310,317,354,356,418,419
319:11,27,57,105,137,173,208,215,226,244,400,343,358,364,421
320:4,21,69,86,88,95,107,113,189,208,227,283,296,297,440,329,354,356,365,373
321:44,105,171,186,229,230,270,285,295,324,326,340,344,367,437,453
322:53,91,94,116,155,169,193,206,217,229,288,314,446,347,360,408,419,420,444
323:32,53,77,90,130,163,164,181,191,210,264,445,329,364,386,448,449
324:18,69,75,79,85,95,108,158,260,286,288,290,321,364,327,336,376,411,450
325:7,18,19,74,94,100,112,118,174,177,213,226,227,283,308,347,338,339,395,403,453
326:8,34,50,119,170,186,208,229,237,262,295,317,321,335,339,372,412,424
327:44,50,83,104,118,127,147,149,176,203,206,217,237,240,245,260,284,324,445
328:23,67,80,132,178,215,220,235,260,418,329,343,359,370,395,398,446,454
329:4,52,94,120,150,174,182,184,185,189,227,244,245,293,320,323,328,444,346,399,404,430,442,458
330:4,13,22,36,105,179,195,231,236,287,292,385,337,340,400,406,427
331:37,53,127,139,144,147,154,212,214,232,266,278,311,393,342,374,399,402,442
332:27,52,53,73,103,124,136,155,158,199,200,229,253,261,274,294,341,350,408,425
333:43,126,139,153,165,239,283,436,349,375,420,421,422
334:9,14,19,37,59,102,111,116,130,133,148,279,281,296,297,430,339,342,353,384,390,440,444
335:64,71,116,174,179,188,223,230,245,281,286,295,309,326,340,452
336:13,16,36,50,78,82,93,94,114,119,151,182,188,221,285,295,315,324,386,347,348,370,404,417,441,457,458
337:9,36,50,107,139,153,159,162,224,245,283,315,330,452,351,353,359,392,398,424,435,444,453
338:1,15,49,66,97,106,183,259,302,325,402,356,357,362,370,415,423,455
339:3,25,51,73,142,192,199,212,228,257,325,326,334,454,360,368,389
340:4,8,23,44,93,100,129,133,141,159,321,330,335,451,373,388,391,405,429,431
341:42,45,50,57,89,103,109,114,133,152,208,209,227,234,265,291,332,371,387,388,392,410
342:7,74,98,140,149,173,193,250,259,265,289,290,316,331,334,391,374,398
343:84,130,148,154,157,189,237,274,282,284,319,328,362,347,392,446
344:36,60,71,81,92,109,120,126,168,171,197,198,230,233,245,286,303,309,315,321,347,349,350,371,384,389,437,445,457,459
345:31,59,94,104,105,108,117,151,173,204,211,230,235,244,282,296,303,438,347,400,414,451,453
346:10,65,73,88,106,113,118,152,188,274,275,317,329,444,357,372,436
347:7,15,28,38,83,117,141,149,167,170,192,194,209,245,249,263,288,305,322,325,336,343,344,345,405,352,367,389,411,450
348:4,21,46,52,58,108,165,172,189,197,205,246,260,311,316,336,371,420,426
349:69,75,85,122,166,180,200,206,208,213,232,240,278,290,305,333,344,407,403,410
350:15,57,71,111,125,159,165,188,240,243,275,276,332,344,421,353,416,430,433,434,444
351:38,51,60,87,142,154,202,229,236,244,293,298,314,337,430,413
352:22,26,102,138,227,236,259,260,284,347,449,361,364,435
353:69,143,175,186,221,244,250,261,275,281,282,289,301,302,312,334,337,350,443,411,415,422,437
354:27,29,31,49,68,101,113,212,289,318,320,451,358,443,456
355:3,10,49,127,198,216,253,265,286,435,418
356:80,112,123,124,143,146,152,171,174,193,215,221,226,272,316,318,320,338,410,369,376,387,397,414,438
357:7,35,37,75,76,89,102,117,150,183,194,249,338,346,388,360,392,425,429
358:37,98,104,150,240,246,250,266,282,319,354,454,362,404,408,427
359:21,46,101,135,142,143,152,179,257,277,280,289,297,304,310,328,337,376,375
360:9,115,132,189,263,279,309,315,322,339,357,375,364,369,444,450
361:74,109,134,147,150,207,263,275,294,352,417,372,409,443
362:3,22,59,81,147,151,195,202,207,268,280,285,304,310,315,338,343,358,363,365,443
363:3,17,23,53,72,94,105,109,115,133,137,190,195,219,224,266,300,304,317,362,387,384,385,420
364:16,53,67,106,182,190,217,224,236,241,302,319,323,324,352,360,380,416,446,454
365:16,37,72,82,91,101,116,179,198,211,228,239,294,320,362,402,439,440,452
366:1,6,11,26,41,42,44,61,94,191,194,228,251,253,271,277,295,305,375,401,404,433
367:11,14,66,87,112,116,120,132,193,245,299,308,321,347,424,405,430,444,449,451,454,455
368:90,135,137,187,211,214,255,262,303,307,314,339,401,396,403,412
369:16,26,38,66,68,69,72,83,89,165,167,176,203,226,235,246,257,303,356,360,403,370,379,417
370:50,56,75,83,89,96,124,145,200,209,212,266,276,278,285,287,308,328,336,338,369,414,415,441
371:25,54,62,72,83,95,134,139,140,189,226,302,305,341,344,348,425,397,426
372:5,48,56,72,73,80,93,95,130,134,137,145,164,226,240,261,279,303,326,346,361,442,378,386
373:3,32,44,95,113,120,148,278,311,320,340,409,390,441,442
374:41,64,132,145,154,182,188,233,274,312,331,342,407,395,430
375:24,116,140,178,210,252,333,359,360,366,406,387,447,452
376:22,126,135,167,176,185,202,228,264,269,306,312,324,356,359,419,410,440
377:15,49,76,105,153,170,179,210,234,240,414,381,392,402,440
378:9,23,26,30,37,88,128,172,208,261,269,271,300,372,394,384,418,425
379:28,47,72,81,96,144,221,251,284,303,369,440,409,425,435,437,441,443
380:9,30,67,101,103,111,174,192,202,232,266,278,289,293,309,364,453,386,402,413,451,457
381:2,3,4,62,77,92,93,102,125,147,173,218,219,220,232,237,243,244,266,287,293,377,436,402,404,414,418,429,434,435
382:3,24,25,43,80,144,215,243,254,289,293,301,306,311,383,385,437,446
383:8,9,31,53,73,80,83,166,167,176,190,192,197,226,305,382,432,423,441
384:13,29,45,100,252,258,259,281,283,334,344,363,378,458,402,420,452
385:55,107,122,138,209,215,276,307,330,363,382,387,401,423
386:2,8,29,84,106,109,141,146,220,226,237,244,247,251,252,267,275,295,302,309,323,336,372,380,432,434,459
387:23,26,39,88,160,204,225,241,248,256,265,278,291,295,302,341,356,363,375,385,435,404,413
388:96,98,125,142,144,148,184,202,230,232,280,281,284,296,298,340,341,357,441,404,416,428,434
389:19,71,73,98,103,125,126,162,193,241,246,254,255,295,299,339,344,347,402,413,450
390:42,73,133,145,150,151,180,224,231,239,261,273,307,334,373,426,425
391:26,78,96,130,137,169,172,180,196,220,340,342,439,394
392:33,36,40,55,56,79,90,101,104,108,134,143,168,176,185,186,223,248,249,257,258,266,299,337,341,343,357,377,450,393,408,427,453
393:14,26,70,72,77,94,103,123,140,146,221,222,227,247,275,310,317,331,392,447,416,428,448,458
394:6,61,76,85,118,131,152,169,175,201,202,224,243,264,268,296,298,378,391,427,396,422
395:84,89,192,200,204,230,292,307,308,325,328,374,454,414,417,440
396:1,10,31,68,88,91,105,131,157,175,177,184,200,220,232,238,263,269,271,304,368,394,458,408
397:17,21,27,49,54,79,80,82,90,127,130,160,200,260,269,307,356,371,430,452,459
398:6,93,102,135,180,199,209,241,262,266,271,314,328,337,342,448,419,431,446,458
399:75,80,115,123,157,163,215,220,291,299,306,329,331,405,407,433
400:18,35,49,96,141,198,223,225,249,298,314,319,330,345,431,428,434,444,452
401:3,6,58,66,148,236,301,303,317,366,368,385,448,410,421,430,442
402:54,68,157,172,175,195,244,317,331,338,365,377,380,381,384,389,435,416,431
403:25,48,52,90,122,162,169,182,192,193,203,254,280,283,294,300,325,349,368,369,437,418,432,445
404:0,2,81,89,92,100,118,292,329,336,358,366,381,387,388,449,428
405:10,114,119,129,150,183,185,195,204,207,226,229,240,259,260,263,310,340,347,367,399,458,406,444,448
406:4,49,128,163,198,265,282,330,375,405,435,416
407:14,15,37,45,46,136,146,162,199,215,226,349,374,399,409,412,456
408:51,65,67,94,134,154,169,180,197,221,261,268,279,294,322,332,358,392,396,414,434,442
409:21,35,61,89,93,127,155,183,188,199,209,221,248,257,260,267,296,361,373,379,407,428,424,427,453,455
410:44,56,60,65,82,110,123,128,134,135,155,214,268,286,288,294,341,349,356,376,401,444
411:27,92,132,178,208,209,297,309,324,347,353,420
412:69,106,173,184,186,191,203,221,228,233,238,245,282,285,290,297,298,311,326,368,407,440,414,429,443,456
413:4,5,16,49,68,101,176,198,213,228,235,255,300,316,351,380,387,389,434,450
414:76,96,137,146,165,191,207,215,222,249,250,261,273,286,303,317,345,356,370,377,381,395,408,412,415,416,417
415:14,21,58,97,111,202,204,226,228,267,288,338,353,370,414,418,420
416:2,6,33,54,73,79,90,124,131,159,183,350,364,388,393,402,406,414,449,446
417:7,12,47,51,127,141,145,165,171,232,234,275,336,361,369,395,414,454,430,437
418:132,218,237,240,263,318,328,355,378,381,403,415,456
419:13,79,107,178,182,213,230,257,270,286,318,322,376,398,427,428,439
420:4,72,82,133,145,166,177,178,198,234,241,269,310,322,333,348,363,384,411,415,431,428
421:32,75,101,144,149,184,186,191,199,206,248,258,259,267,319,333,350,401,437,439
422:7,13,22,59,70,157,170,209,333,353,394,425,452,453
423:13,34,63,137,138,181,206,209,210,218,315,338,383,385,430,431
424:10,53,66,88,162,184,190,213,215,290,293,308,326,337,367,409,426,443,451
425:4,12,21,54,69,82,93,142,197,200,205,235,246,250,262,280,283,301,312,332,357,371,378,379,390,422,445,429,436,439,443
426:13,28,32,39,49,50,251,255,264,296,348,371,390,424,430,429,431
427:5,18,32,65,81,92,110,246,296,297,305,330,358,392,394,409,419,435,440,458
428:57,160,185,228,229,256,267,388,393,400,404,409,419,420,454,450
429:27,51,101,169,190,192,210,263,274,282,296,300,302,313,340,357,381,412,425,426,451
430:19,26,33,78,107,157,159,171,179,186,239,240,329,334,350,351,367,374,397,401,417,423,426,443,432
431:3,23,41,89,152,157,180,185,218,221,227,242,303,340,398,400,402,420,423,426,437,447
432:5,36,68,224,255,277,301,383,386,403,430,441
433:4,79,94,115,120,182,189,217,251,258,285,350,366,399,441,457
434:9,48,54,91,132,170,176,213,227,234,301,302,350,381,386,388,400,408,413,457
435:20,36,86,136,166,185,242,275,337,352,355,379,381,387,402,406,427,446
436:86,121,126,171,177,183,188,238,246,247,270,290,333,346,381,425,444,454
437:16,40,49,74,96,110,114,122,225,310,314,321,344,353,379,382,403,417,421,431,458
438:80,113,196,199,265,270,345,356,445,459
439:0,27,42,119,136,153,158,178,187,194,204,228,263,311,365,391,419,421,425,453,441,447
440:25,53,59,119,141,146,155,211,320,334,365,376,377,379,395,412,427,445
441:25,52,81,96,97,146,157,165,167,217,244,260,263,294,336,370,373,379,383,388,432,433,439,447
442:35,37,55,61,88,93,100,135,141,148,156,192,219,267,281,329,331,372,373,401,408,456
443:10,44,72,127,159,160,197,207,232,244,271,273,353,354,361,362,379,412,424,425,430,457,448
444:34,136,208,233,309,322,329,334,337,346,350,360,367,400,405,410,436,458,452,457
445:72,78,87,108,110,133,147,155,171,198,216,217,219,259,277,287,308,316,323,327,344,403,425,438,440,451
446:134,139,168,173,180,192,212,219,256,260,265,278,283,322,328,343,364,382,398,416,435,459
447:68,71,78,139,141,152,169,177,248,257,272,300,302,317,375,393,431,439,441,454,455
448:8,13,82,88,147,149,229,251,263,308,323,393,398,401,405,443,450
449:18,30,32,37,102,103,168,172,282,323,352,367,404,416,455,451
450:6,23,64,69,107,125,128,198,202,241,242,286,307,324,347,360,389,392,413,428,448,451,454
451:1,13,21,23,41,55,107,125,134,147,157,175,196,204,227,235,254,302,340,345,354,367,380,424,429,445,449,450,458
452:1,18,55,74,100,124,197,251,306,317,335,337,365,375,384,397,400,422,444,454
453:32,45,51,94,198,213,237,252,275,286,316,321,325,337,345,380,392,409,422,439,455
454:30,35,37,41,91,104,108,177,187,188,195,207,221,227,232,246,247,255,261,284,285,304,328,339,358,364,367,395,417,428,436,447,450,452,457
455:33,53,71,81,153,156,193,338,367,409,447,449,453,459
456:12,49,52,68,76,89,131,140,146,157,194,203,222,238,250,273,276,294,311,313,354,407,412,418,442,459
457:28,34,48,59,83,118,149,199,239,281,292,301,336,344,380,433,434,443,444,454,458
458:24,29,37,43,57,77,79,80,82,87,152,156,189,259,277,297,299,313,329,336,384,393,396,398,405,427,437,444,451,457,459
459:7,12,21,34,35,96,98,103,112,136,137,218,235,251,286,344,386,397,438,446,455,456,458
