0:8,42,125,216
1:104,14,59,162,197,198
2:121,94,136
3:155,19,50
4:127,118,199
5:202,97,173
6:84,65,67,210
7:111,55,131,180
8:0,149,29
9:201,114,121,126,148
10:124,101,184,218
11:196,82,147
12:53,66,75,82,85,89,119,132,150,186
13:29,25,128,133
14:1,198,19,165
15:193,29,40,80,192
16:82,120,201
17:137,43,86,118
18:49,50,114,122,140,205
19:3,14,40
20:201,57,115,165,177
21:160,50,63,118
22:214,129,181
23:202,117,144,160
24:157,133,167
25:13,95
26:162,54,79,109
27:140,54,153,189,202
28:33,77,99
29:8,13,15,172
30:180,33,80,81,115,116,142
31:75,39,51,209
32:60,159,160
33:28,30,43,66,92
34:163,176
35:129,68,81,199
36:218,49,93,211
37:203,39,137
38:100,112,120,174
39:31,37,54,128,151
40:15,19,82,118,147
41:43,57,180,181,184
42:0,219,112
43:17,33,41,133,50,154
44:162,98
45:194,51,54,85
46:103,115,162,201,213
47:78,80,195,213,214
48:90,64
49:18,36,162,76,112,211,215
50:3,18,21,43,132,148
51:31,45,218,105,154,193,203
52:204,110,132,136,163
53:12,165,156,166,191,214
54:26,27,39,45,190,70,100,161
55:7,77,93,105,153,197
56:198,143
57:20,41,178
58:165,98,123
59:1,105,107,131,144,150,190
60:32,63,184
61:171,172
62:177,132
63:21,60,102,105,129,136
64:48,115,127,148,190
65:6,160,150,168
66:12,33,113,121
67:6,209
68:35,81,84,143,167,190
69:184,166,176,193,201
70:54,80,76
71:114,106,207,208,215
72:217,96,161,181,197,208
73:84,109,122,176,209
74:172,209
75:12,31,156,157,214
76:49,70,78,153,186
77:28,55,154,90,135
78:47,76,204,96
79:26,130,203
80:15,30,47,70,176,142,200
81:30,35,68,216,163,195,201,204
82:11,12,16,40,214,120,193,203
83:127,161,185
84:6,68,73,211,203
85:12,45,196,89,111,137,217
86:17,189,166,172
87:97,104,106,131
88:153,119,141
89:12,85,152,215
90:48,77,178,97,198
91:140,147
92:33,143,157
93:36,55,142,153
94:2,159,112,172,198
95:25,159,142,152,157,190
96:72,78,107,191
97:5,87,90,214,113,140,141,212
98:44,58,188,109,144,204
99:28,173,139
100:38,54,196
101:10,211,137,176,192
102:63,205,105,195,208
103:46,156,123
104:1,87,127,162,211
105:51,55,59,63,102,143,132,201
106:71,87,152,126,182,203
107:59,96,189
108:139,138
109:26,73,98,140
110:52,216,158
111:7,85,171
112:38,42,49,94,202,114,116,128,146
113:66,97,189,180
114:9,18,71,112,124,145,202
115:20,30,46,64,212,172
116:30,112,161
117:23,123,159
118:4,17,21,40,169,189
119:12,88,170,124,219
120:16,38,82,133,149
121:2,9,66,144
122:18,73,138
123:58,103,117,131,161,175,213
124:10,114,119,136,152
125:0,216,181
126:9,106,181,160
127:4,64,83,104,157
128:13,39,112,205,147,178
129:22,35,63,206,159,210,214
130:79,190,138,217,219
131:7,59,87,123,184,133,143
132:12,50,52,62,105,146,209
133:13,24,43,120,131,174,143,144
134:139,147,171
135:77,155,208
136:2,52,63,124,151
137:17,37,85,101,190
138:108,122,130,215,150
139:99,108,134,171,193
140:18,27,91,97,109,182,180
141:88,97,217,148,191
142:30,80,93,95,156,192
143:56,68,92,105,131,133,187,161
144:23,59,98,121,133,186,194
145:114,194,198
146:112,132,210,148,169,219
147:11,40,91,128,134,164
148:9,50,64,141,146,181,152,217
149:8,120,211,213
150:12,59,65,138,175
151:39,136,207
152:89,95,106,124,148,197
153:27,55,76,88,93,198,204
154:43,51,77,207
155:3,135,170,213
156:53,75,103,142,168,182,205,217
157:24,75,92,95,127,205
158:110,184
159:32,94,95,117,129,219
160:21,23,32,65,126,208,216
161:54,72,83,116,123,143,182
162:1,26,44,46,49,104,172,193
163:34,52,81,165,169
164:147,187,191
165:14,20,53,58,163,168,195,206
166:53,69,86,205
167:24,68,183
168:65,156,165,175,178
169:118,146,163,179
170:119,155,172
171:61,111,134,139,193,190
172:29,61,74,86,94,115,162,170,181
173:5,99,213,195
174:38,133,180
175:123,150,168,218
176:34,69,73,80,101,213
177:20,62,207
178:57,90,128,168,188,205
179:169,184
180:7,30,41,113,140,174,194
181:22,41,72,125,126,148,172,186
182:106,140,156,161,219,204
183:167,200
184:10,41,60,69,131,158,179,216,190
185:83,192
186:12,76,144,181,204
187:143,164,211,195
188:98,178,192,207
189:27,86,107,113,118,208
190:54,59,64,68,95,130,137,171,184,210,200
191:53,96,141,164,213
192:15,101,142,185,188,214
193:15,51,69,82,139,162,171,215
194:45,144,145,180,208
195:47,81,102,165,173,187,218
196:11,85,100,204
197:1,55,72,152,198,199
198:1,14,56,90,94,145,153,197,204
199:4,35,197,213
200:80,183,190,202,212
201:9,16,20,46,69,81,105,209
202:5,23,27,112,114,200,217
203:37,51,79,82,84,106,215
204:52,78,81,98,153,182,186,196,198,211
205:18,102,128,156,157,166,178,212
206:129,165,214
207:71,151,154,177,188,209
208:71,72,102,135,160,189,194,213
209:31,67,73,74,132,201,207,219
210:6,129,146,190,219
211:36,49,84,101,104,149,187,204,212,218
212:97,115,200,205,211,214
213:46,47,123,149,155,173,176,191,199,208,218
214:22,47,53,75,82,97,129,192,206,212,216
215:49,71,89,138,193,203,218
216:0,81,110,125,160,184,214,219
217:72,85,130,141,148,156,202,219
218:10,36,51,175,195,211,213,215,219
219:42,119,130,146,159,182,209,210,216,217,218
