0:92,12,21,87,95,113,146,164,166,180,184,205,206,219,230,234,247,259,263,270,273
1:264,2,4,5,10,16,38,42,51,52,77,105,107,109,117,120,122,124,135,149,170,182,183,185,188,211,222,224
2:1,199,4,18,29,35,38,49,53,59,71,91,133,135,143,145,150,155,160,166,168,179,190,227,232,233,249,254,259,261,271,275
3:143,9,21,30,45,48,52,65,71,85,95,112,127,133,134,148,152,168,178,206,207,209,214,219,221,223,234,248,255,269
4:1,2,263,17,22,31,34,40,45,63,72,93,109,112,155,159,161,174,180,194,199,201,202,206,208,212,244,245,258
5:1,262,18,25,26,67,68,89,106,107,162,165,167,173,179,189,196,207,240,244,245,250,254
6:224,32,33,36,53,85,88,109,116,118,124,131,134,135,145,153,165,167,176,177,184,189,199,218,247,255,279
7:148,10,36,40,47,63,72,75,80,82,92,95,100,116,117,131,146,149,168,169,176,179,204,205,210,248,262,263,265,272,273
8:83,36,44,96,98,105,109,117,127,130,133,134,148,158,169,178,179,185,194,203,211,219,232,254,259,260,267
9:3,191,12,16,24,25,37,41,67,74,96,97,99,104,123,194,196,198,207,217,222,233,244,275,278
10:1,7,218,33,35,45,64,83,87,96,107,128,144,147,153,160,180,204,217,225,233,238,245,250,267,274,277
11:12,15,23,40,48,70,73,86,103,119,122,162,178,190,192,201,212,215,239,248,257,276
12:0,9,11,265,75,78,79,82,84,98,116,117,135,149,154,161,162,174,180,207,242,267,268,270
13:199,16,24,42,50,51,97,118,173,174,186,208,229,233,241,244,256,262
14:125,21,25,46,66,67,90,92,121,148,159,160,174,177,182,206,217,218,220,226,233,236,250,254,256,265,272
15:11,27,24,31,33,36,49,51,53,63,70,85,88,108,115,140,143,148,151,171,177,181,204,208,230,232,234,236,248,251,262,275,277
16:1,9,13,63,27,40,52,57,61,71,74,77,89,120,126,131,137,141,155,157,182,183,185,186,189,196,212,217,231,247,255,277
17:4,142,21,25,39,44,47,60,84,91,103,112,118,126,153,186,187,195,205,221,241,243,253,257,258
18:2,5,236,21,37,51,57,64,66,94,110,118,138,142,204,213,216,221,226,237,261,265,274
19:179,52,67,69,73,79,87,104,114,127,142,147,164,166,171,174,185,186,196,207,217,232,237,239,263,267,277
20:242,29,30,39,42,65,84,86,89,90,91,113,119,121,129,141,142,155,166,177,186,207,248,253,267,278
21:0,3,14,17,18,147,22,35,38,49,51,77,131,134,136,154,170,180,183,218,232,233,241,249,266,269
22:4,21,228,33,37,39,47,53,57,73,83,98,130,134,147,154,170,173,186,190,209,213,249,255,264,275,276
23:11,122,29,44,48,55,65,77,88,89,90,98,109,129,145,169,174,181,189,229,238,251,257,268
24:9,13,15,114,25,49,54,65,66,69,76,78,86,94,125,129,161,172,180,188,209,211,220,235,243,250,251,276
25:5,9,14,17,24,107,27,29,32,34,44,45,66,70,74,86,105,122,126,129,132,134,138,145,152,154,156,178,179,180,183,188,202,203,207,244,260
26:5,161,31,47,59,65,67,78,82,92,94,172,174,196,204,213,214,226,228,235,237,240,242,268,277
27:15,16,25,98,36,37,50,51,66,77,113,118,134,137,138,148,149,174,194,201,243,258
28:93,29,37,44,56,65,70,88,98,109,115,117,118,120,136,139,157,164,167,168,173,178,194,197,199,200,218,224,230,233,236,278
29:2,20,23,25,28,218,32,46,51,54,60,62,63,69,76,79,80,89,104,112,113,129,137,148,151,154,161,172,191,205,211,221,226,232,247,258,262
30:3,20,57,31,55,63,74,87,89,126,130,139,155,189,194,197,201,202,220,251,259
31:4,15,26,30,132,34,38,55,60,74,104,111,119,146,155,157,160,164,169,204,215,228,232,246
32:6,25,29,216,33,44,72,87,106,114,115,131,163,166,178,195,222,229,234,238,242,268
33:6,10,15,22,32,272,40,41,42,53,71,81,107,113,117,120,132,134,136,143,144,182,239,241,242,248,250,255,259,278
34:4,25,31,71,46,63,68,95,120,125,130,153,163,183,190,193,211,220,222,229,230,238,246,265,266,267
35:2,10,21,149,36,42,46,48,49,55,56,93,96,101,103,109,124,127,135,157,164,174,184,193,194,223,245,254,263,278
36:6,7,8,15,27,35,79,47,55,58,71,110,132,133,152,157,164,168,212,225,233,241,243,248,262,268
37:9,18,22,27,28,196,40,43,46,62,70,89,103,106,114,116,123,139,150,177,218,222,225,229,230,242,246,254,267,278
38:1,2,21,31,109,41,42,55,58,63,67,71,72,79,85,87,93,99,118,126,133,137,139,155,176,180,193,196,217,219,220,247,251,275,278
39:17,20,22,98,53,57,60,61,82,94,101,106,107,131,151,190,199,203,249,252,253,267
40:4,7,11,16,33,37,179,50,65,66,68,72,74,77,84,98,103,105,106,139,156,177,185,187,192,196,202,209,224,245,252,254,260,265
41:9,33,38,246,48,73,81,87,94,107,134,139,144,146,157,172,173,184,187,201,207,217,221,224,232,234,235,243,256,270
42:1,13,20,33,35,38,151,47,61,71,72,73,80,82,99,101,106,116,119,132,142,147,153,163,169,194,205,210,217,221,235,236,251,255,271
43:37,51,50,53,75,119,149,167,179,187,253,260
44:8,17,23,25,28,32,83,69,72,84,87,92,100,101,124,134,151,153,163,166,168,173,179,181,221,226,236,244,259,262
45:3,4,10,25,255,46,49,60,72,74,77,104,109,124,129,133,138,155,178,197,199,200,211,221,244,252,261,263,265,274
46:14,29,34,35,37,45,135,59,86,104,125,127,128,141,144,148,168,173,183,186,191,199,203,205,218,229,236,245,249,253,254,258,262,263
47:7,17,22,26,36,42,125,64,71,82,90,130,150,167,201,229,236,238,239,240,252,258,276
48:3,11,23,35,41,215,55,56,70,72,84,99,103,115,172,174,216,227,234,249,252,264,265,267,275,277
49:2,15,21,24,35,45,242,54,58,65,73,87,88,100,102,104,110,114,135,148,150,163,164,165,180,188,238,260,266,267,273
50:13,27,40,43,95,64,67,73,83,94,101,104,143,161,162,166,174,178,192,205,209,210,218,232,237,266,275
51:1,13,15,18,21,27,29,43,137,73,75,102,109,121,129,135,157,193,197,204,245,258
52:1,3,16,19,271,59,65,87,107,113,115,128,142,173,184,218,237,240,244,247,264,267,273
53:2,6,15,22,33,39,43,166,55,59,62,88,94,105,109,114,119,137,159,160,173,176,177,183,214,216,221,226,227,228,232,233,240,242,261,269
54:24,29,49,241,122,144,161,167,173,181,189,223,234,239,246,272
55:23,30,31,35,36,38,48,53,149,64,109,125,151,184,191,245,246,266,278
56:28,35,48,210,61,62,69,73,74,86,93,97,101,105,116,133,142,155,167,216,223,227,232,246,248,251,254,258,259
57:16,18,22,30,39,58,89,95,100,103,107,120,121,132,133,142,146,173,185,202,219,235,245,258,267
58:36,38,49,57,81,71,105,111,144,181,223,234,250,273,276
59:2,26,46,52,53,78,69,73,84,94,95,96,116,117,121,123,125,132,136,173,185,198,202,206,222,227,228,237,241,243,271,275,277
60:17,29,31,39,45,79,67,76,87,104,108,109,122,127,151,168,177,184,193,204,206,207,217,221,231,241,242,244,270,275
61:16,39,42,56,72,62,66,70,73,87,106,107,120,128,131,133,144,152,167,180,186,198,214,226,230,252,270
62:29,37,53,56,61,86,105,109,163,168,171,173,190,202,216,221,236,244,248,255,271
63:4,7,15,16,29,30,34,38,157,72,84,105,113,114,115,131,156,167,177,194,203,210,215,216,220,242,253,256,265,272,276,277
64:10,18,47,50,55,82,69,96,105,112,120,135,138,144,152,153,156,176,180,185,186,204,229,241,242,248,264,270,273
65:3,20,23,24,26,28,40,49,52,279,80,97,106,108,113,114,123,147,158,164,187,215,228,229,232,246,259,261,266,270
66:14,18,24,25,27,40,61,267,68,72,73,82,91,107,117,124,130,145,168,195,199,205,222,232,234,238,253,255
67:5,9,14,19,26,38,50,60,158,75,81,87,89,114,120,139,142,145,146,160,180,192,201,205,214,238,247
68:5,34,40,66,207,94,98,103,145,194,201,216,218,228,248,275,279
69:19,24,29,44,56,59,64,255,72,81,110,111,117,128,129,130,131,165,207,214,224,228,240,250
70:11,15,25,28,37,48,61,150,104,112,116,117,119,132,141,147,152,159,162,205,212,216,217,220,221,227,232,266,277
71:2,3,16,33,34,36,38,42,47,58,89,86,92,99,103,104,109,123,157,167,171,186,201,210,216,217,225,233,255,263,272,277
72:4,7,32,38,40,42,44,45,48,61,63,66,69,134,81,86,123,130,143,148,160,180,186,233,240,246,264,268
73:11,19,22,41,42,49,50,51,56,59,61,66,114,79,86,96,97,109,112,142,170,174,177,182,183,187,195,202,211,217,233,243,249,258,273,274,279
74:9,16,25,30,31,40,45,56,264,87,88,95,99,109,126,130,136,150,152,157,173,176,181,184,195,231,234,235,242,245,247
75:7,12,43,51,67,97,78,84,95,99,100,103,107,118,122,129,136,140,157,159,160,164,172,177,188,190,200,212,216,217,231,233,246,264
76:24,29,60,254,84,90,107,117,121,140,142,154,159,163,185,208,209,210,213,215,219,224,227,234,236,243
77:1,16,21,23,27,40,45,153,90,96,97,116,117,118,120,139,141,159,161,189,195,200,202,207,222,223,227,237,245
78:12,24,26,59,75,111,79,93,109,124,129,137,153,159,173,174,193,198,206,210,213,222,243,250,262,264,279
79:12,19,29,36,38,60,73,78,174,108,123,128,137,138,164,172,181,202,216,219,230,236,273
80:7,29,42,65,129,91,92,98,102,137,150,152,166,186,205,218,233,238,244
81:33,41,58,67,69,72,146,91,112,125,137,158,161,179,199,219,230,231,244,253,271,278
82:7,12,26,39,42,47,64,66,136,93,99,116,135,141,145,154,156,157,172,175,200,238,246,251,271
83:8,10,22,44,50,110,96,102,104,107,118,119,121,156,188,195,196,211,224,232,258,265,275
84:12,17,20,40,44,48,59,63,75,76,92,88,100,104,113,116,118,137,143,150,152,153,157,187,219,236,239,241,247,259
85:3,6,15,38,193,111,115,119,126,129,130,139,149,175,189,190,194,197,208,212,217,224,225,226,233,235,242
86:11,20,24,25,46,56,62,71,72,73,154,91,101,107,117,145,147,169,172,188,202,222,229,232,257,262,271,276
87:0,10,19,30,32,38,41,44,49,52,60,61,67,74,218,89,95,99,103,111,119,120,139,145,151,155,166,174,175,183,185,209,222,233,234,235,250,260,278,279
88:6,15,23,28,49,53,74,84,255,89,90,119,122,143,151,166,173,183,188,190,197,203,213,222,226,228,230,237,265,276,277
89:5,16,20,23,29,30,37,57,67,71,87,88,113,96,118,151,164,177,202,226,273,276,278
90:14,20,23,47,76,77,88,238,106,126,132,135,139,140,164,178,182,183,184,195,204,211,222,248,256,257,262,264,265,271,273
91:2,17,20,66,80,81,86,168,99,103,134,138,151,155,164,171,183,189,190,199,202,208,216,224,242,246,258
92:0,7,14,26,44,71,80,84,221,95,100,103,113,114,133,134,136,145,159,163,177,194,211,247,254,263,266,267
93:4,28,35,38,56,78,82,136,100,102,113,122,126,161,163,171,176,181,195,202,204,217
94:18,24,26,39,41,50,53,59,68,95,114,118,119,124,125,129,131,137,144,173,177,183,191,201,206,214,216,219,222,228,230,236,264,271,274
95:0,3,7,34,50,57,59,74,75,87,92,94,234,135,140,141,150,174,204,211,235,255,261,274
96:8,9,10,35,59,64,73,77,83,89,257,108,119,126,137,138,147,150,155,156,159,163,164,176,199,227,235,238,243,256,261,265,268,276
97:9,13,56,65,73,75,77,179,123,140,141,157,166,167,194,214,215,224,238,258,260,261,269
98:8,12,22,23,27,28,39,40,68,80,260,112,113,127,138,152,153,161,162,170,171,194,215,228,251,255,270
99:9,38,42,48,71,74,75,82,87,91,115,117,118,122,154,158,170,178,196,201,209,211,219,232,235,238,239,248,260,266,271,278,279
100:7,44,49,57,75,84,92,93,269,117,125,127,128,129,186,188,198,214,217,225,227,231,241,252,266,267,274
101:35,39,42,44,50,56,86,241,111,124,125,128,133,159,164,165,173,179,201,205,208,210,220,235,259,265,270,273
102:49,51,80,83,93,153,111,113,134,143,145,165,173,192,223,234,238,263
103:11,17,35,37,40,48,57,68,71,75,87,91,92,220,127,129,131,143,168,174,188,189,229,233,250,272,277
104:9,19,29,31,45,46,49,50,60,70,71,83,84,251,108,112,126,133,134,145,146,177,182,187,190,195,207,239,259
105:1,8,25,40,53,56,58,62,63,64,112,114,121,129,151,166,167,205,221,233,241,242,275,279
106:5,32,37,39,40,42,61,65,90,110,125,132,138,156,160,194,197,219,228,231,235,236,249,253,265,266,268,276
107:1,5,10,25,33,39,41,52,57,61,66,75,76,83,86,133,124,126,142,144,158,160,173,175,183,195,197,200,217,222,226,234,252,267
108:15,60,65,79,96,104,174,117,155,171,181,183,221,243,271,273
109:1,4,6,8,23,28,35,38,45,51,53,55,60,62,71,73,74,78,219,116,119,129,143,151,153,164,167,172,190,191,226,249,257,279
110:18,36,49,69,83,106,146,112,116,120,122,134,136,137,138,152,161,177,190,192,198,202,204,217,224,232,242,256,260,278
111:31,58,69,78,85,87,101,102,215,114,123,152,161,165,166,213,239,240,252,260,262
112:3,4,17,29,64,70,73,81,98,104,105,110,144,113,118,172,193,210,229,245,259,279
113:0,20,27,29,33,52,63,65,84,89,92,93,98,102,112,277,118,123,144,163,166,170,208,220,227,237,240,244,246,266,267
114:19,24,32,37,49,53,63,65,67,73,92,94,105,111,219,143,146,168,179,180,182,192,200,205,221,248,252,259,268
115:15,28,32,48,52,63,85,99,121,118,125,129,130,144,164,202,230,248,255,259,260,268,273,276
116:6,7,12,37,42,56,59,70,77,82,84,109,110,219,135,136,144,150,164,169,174,187,206,209,210,241,257,265
117:1,7,8,12,28,33,59,66,69,70,76,77,86,99,100,108,179,121,123,129,140,144,147,149,150,158,162,167,169,172,194,195,202,206,209,215,237,238,246,249,270
118:6,13,17,18,27,28,38,75,77,83,84,89,94,99,112,113,115,212,129,143,148,183,185,195,200,201,214,229,230,232,236,238,246,257,260,270
119:11,20,31,42,43,53,70,83,85,87,88,94,96,109,237,126,130,156,182,191,226,243,246,262,278
120:1,16,28,33,34,57,61,64,67,77,87,110,143,136,141,142,153,162,187,189,195,200,214,231,238,241,256,265,267,278
121:14,20,51,57,59,76,83,105,115,117,227,133,136,141,174,221,238,253,255,273
122:1,11,23,25,54,60,75,88,93,99,110,126,130,134,140,176,190,191,195,218,223,230,251,258,274,277
123:9,37,59,65,71,72,79,97,111,113,117,221,137,163,173,174,184,197,198,199,208,222,234,242,245,257,264,265
124:1,6,35,44,45,66,78,94,101,107,197,181,192,196,199,202,206,225,269,278
125:14,24,34,46,47,55,59,81,94,100,101,106,115,236,126,135,153,165,170,178,182,202,203,215,222,232,234,246,265,279
126:16,17,25,30,38,74,85,90,93,96,104,107,119,122,125,168,137,171,175,176,180,189,190,191,192,202,205,221,239,264,265,267
127:3,8,19,35,46,60,98,100,103,261,138,139,145,147,148,150,169,182,196,215,224,234,236,237,267,279
128:10,46,52,61,69,79,100,101,274,134,175,177,178,190,200,201,203,224,225,244,245,265,275,277
129:20,23,24,25,29,45,51,69,75,78,80,85,94,100,103,105,109,115,117,118,201,143,162,181,191,212,217,222,224,248,252,253,258
130:8,22,30,34,47,66,69,72,74,85,115,119,122,181,139,148,150,158,165,180,193,194,208,214,218,219,223,226,230,238,253
131:6,7,16,21,32,39,61,63,69,94,103,235,134,138,152,161,170,196,203,208,221,249,270
132:25,31,33,36,42,57,59,70,90,106,242,142,168,171,183,199,205,231,245,256,259,263,265,276
133:2,3,8,36,38,45,56,57,61,92,101,104,107,121,135,139,146,149,170,174,178,186,190,195,200,209,228,239,245,256,267,273
134:3,6,8,21,22,25,27,33,41,44,72,91,92,102,104,110,122,128,131,237,159,189,195,196,200,201,204,215,250,259
135:1,2,6,12,35,46,49,51,64,82,90,95,116,125,133,246,136,137,145,158,167,168,173,177,181,203,219,243,247,278
136:21,28,33,59,74,75,82,92,93,110,116,120,121,135,246,145,160,168,183,187,213,221,223,227,228,230,234,239,271,273
137:16,27,29,38,51,53,78,79,80,81,84,94,96,110,123,126,135,262,143,168,171,174,198,199,213,219,220,243,251,252
138:18,25,27,45,64,79,91,96,98,106,110,127,131,244,169,176,190,201,204,207,214,216,250,272
139:28,30,37,38,40,41,67,77,85,87,90,127,130,133,174,143,155,157,158,166,179,182,188,193,195,200,206,213,219,227,228,229,251,263,274,275
140:15,75,76,90,95,97,117,122,145,153,189,193,194,202,211,215,227,250,266
141:16,20,46,70,77,82,95,97,120,121,239,181,202,206,207,210,211,214,226,231,243
142:17,18,19,20,42,52,56,57,67,73,76,107,120,132,265,145,146,148,165,191,194,221,235,237,249,251,253,259,269,274,279
143:2,3,15,33,50,72,84,88,102,103,109,114,118,120,129,137,139,272,168,171,180,185,189,190,204,205,207,227,230,232,234,239,242,243,251,253,257,258,275
144:10,33,41,46,54,58,61,64,94,107,112,113,115,116,117,233,145,148,152,160,161,169,177,194,199,202,219,239,245,253,255,258,269,273,278
145:2,6,23,25,66,67,68,82,86,87,92,102,104,127,135,136,140,142,144,187,179,194,224,226,232,233,247,259
146:0,7,31,41,57,67,81,104,110,114,133,142,183,154,194,205,219,224,248,260,272
147:10,19,21,22,42,65,70,86,96,117,127,251,152,181,192,195,205,206,210,216,229,247,258,277,279
148:3,7,8,14,15,27,29,46,49,72,118,127,130,142,144,220,166,182,195,197,228,264,278
149:1,7,12,27,35,43,55,85,117,133,265,151,169,174,193,197,198,202,217,237,241
150:2,37,47,49,70,74,80,84,95,96,116,117,127,130,206,188,190,230,247,253,270
151:15,29,39,42,44,55,60,87,88,89,91,105,109,149,247,155,156,171,177,193,194,200,202,210,233,237,239,253,265
152:3,25,36,61,64,70,74,80,84,98,110,111,131,144,147,240,162,176,192,194,212,239,242,255,259,270
153:6,10,17,34,42,44,64,77,78,84,98,102,109,120,125,140,260,155,163,166,173,180,185,195,208,231,254
154:12,21,22,25,29,76,82,86,99,146,187,165,181,195,198,204,222,228,242,258,259
155:2,4,16,20,30,31,38,45,56,87,91,96,108,139,151,153,252,158,168,178,216,221,225,243,265,273
156:25,40,63,64,82,83,96,106,119,151,173,157,163,168,181,209,210,213,221,233,243,246,254,261,266,272,276
157:16,28,31,35,36,41,51,63,71,74,75,82,84,97,139,156,229,159,169,175,176,197,217,218,223,225,237,238,243,245,254,260
158:8,65,67,81,99,107,117,130,135,139,155,252,161,172,196,202,210,229,237,258,275
159:4,14,53,70,75,76,77,78,92,96,101,134,157,242,160,171,206,221,223,227,243
160:2,10,14,31,53,67,72,75,106,107,136,144,159,220,177,195,199,244,259,264,274
161:4,12,24,26,29,50,54,77,81,93,98,110,111,131,144,158,241,166,171,176,180,181,199,210,221,223,227,232
162:5,11,12,50,70,98,117,120,129,152,204,164,166,180,181,188,190,199,212,215,221,237,239,260,267,278
163:32,34,42,44,49,62,76,92,93,96,113,123,153,156,188,164,172,173,202,210,211,213,215,245,250,259,268
164:0,19,28,31,35,36,49,65,75,79,89,90,91,96,101,109,115,116,162,163,211,169,193,212,229,231,232,243,247,251,260,264,273,278
165:5,6,49,69,101,102,111,125,130,142,154,279,178,194,202,209,229,238,245,261,270,274,275
166:0,2,19,20,32,44,50,53,80,87,88,97,105,111,113,139,148,153,161,162,194,176,187,190,191,200,211,219,228,256,277
167:5,6,28,43,47,54,56,61,63,71,97,105,109,117,135,194,186,205,213,221,234,243,246,253,258
168:2,3,7,28,36,44,46,60,62,66,91,103,114,126,132,135,136,137,143,155,156,202,197,212,219,238,248,255,259,277,279
169:7,8,23,31,42,86,116,117,127,138,144,149,157,164,234,174,219,223,256,258,260,270
170:1,21,22,73,98,99,113,125,131,133,178,208,209,212,239,263,267,270
171:15,19,62,71,91,93,98,108,126,132,137,143,151,159,161,181,173,179,183,185,188,193,203,207,217,220,225,229,266,267,279
172:24,26,29,41,48,75,79,82,86,109,112,117,158,163,277,204,205,220,226,232,247,256,266,267
173:5,13,22,28,41,44,46,52,53,54,57,59,62,74,78,88,94,101,102,107,123,135,153,156,163,171,221,180,183,194,206,222,226,232,244
174:4,12,13,14,19,23,26,27,35,48,50,73,78,79,87,95,103,108,116,121,123,133,137,139,149,169,199,198,205,229,244,252,255,266,268
175:82,85,87,107,126,128,157,251,180,187,206,213,223,234,246,248,250,267,275
176:6,7,38,53,64,74,93,96,122,126,138,152,157,161,166,199,190,223,226,230,236,238,241,259,263,264,265
177:6,14,15,20,37,40,53,60,63,73,75,89,92,94,104,110,128,135,144,151,160,218,184,190,194,208,210,213,220,232,241,242,254,273,274,275
178:3,8,11,25,28,32,45,50,90,99,125,128,133,155,165,170,179,190,192,195,196,201,208,214,217,218,224,229,233,237,240,243,247,256,262,279
179:2,5,7,8,19,25,40,43,44,81,97,101,114,117,139,145,171,178,244,181,182,188,197,205,208,217,223,226,245,255
180:0,4,10,12,21,24,25,38,49,61,64,67,72,114,126,130,143,153,161,162,173,175,274,207,217,223,232,270
181:15,23,44,54,58,74,79,93,108,124,129,130,135,141,147,154,156,161,162,171,179,237,185,186,196,208,213,242,259
182:1,14,16,33,73,90,104,114,119,125,127,139,148,179,185,198,199,203,245,252,261,269,275
183:1,16,21,25,34,46,53,73,87,88,90,91,94,107,108,118,132,136,146,171,173,213,217,218,238,258,271
184:0,6,35,41,52,55,60,74,90,123,177,258,221,225,247,255,273
185:1,8,16,19,40,57,59,64,76,87,118,143,153,171,181,182,268,212,231,245,258
186:13,16,17,19,20,22,46,61,64,71,72,80,100,133,167,181,263,189,245,257,262
187:17,40,41,43,65,73,84,104,116,120,136,145,154,166,175,209,200,206,212,230,234,240,250,253,268,269,276
188:1,24,25,49,75,83,86,88,100,103,139,150,162,163,171,179,230,199,201,204,224,232,248,254,257,264,266,274
189:5,6,16,23,30,54,77,85,91,103,120,126,134,140,143,186,267,204,206,211,217,219,232,233,237,244,251,254,256,259,271,273
190:2,11,22,34,39,62,75,85,88,91,104,109,110,122,126,128,133,138,143,150,162,166,176,177,178,230,199,216,220,235,240,243,244,250,264,272
191:9,29,46,55,94,109,119,122,126,129,142,166,249,195,197,198,247,257,265,267,269
192:11,40,50,67,102,110,114,124,126,147,152,178,258,199,208,242
193:34,35,38,51,60,78,85,112,130,139,140,149,151,164,171,274,197,201,239,253,268
194:4,8,9,27,28,30,35,42,63,68,85,92,97,98,106,117,130,140,142,144,145,146,151,152,165,166,167,173,177,276,204,230,232,239,248,253,259,266,267,277
195:17,32,66,73,74,77,83,90,93,104,107,117,118,120,122,133,134,139,147,148,153,154,160,178,191,277,197,204,217,234,236,253,255,256
196:5,9,16,19,26,37,38,40,83,99,124,127,131,134,158,178,181,245,198,225,230,238,249,269
197:28,30,45,51,85,88,106,107,123,124,148,149,157,168,179,191,193,195,239,199,209,257,262,263,271,272
198:9,59,61,78,100,110,123,137,149,154,174,182,191,196,269,238,241,265
199:2,4,6,13,28,39,45,46,66,81,91,96,123,124,132,137,144,160,161,162,174,176,182,188,190,192,197,238,215,227,231,239,248,260
200:28,45,75,77,82,107,114,118,120,128,133,134,139,151,166,187,261,212,216,224,239,247,262,271,274
201:4,11,27,30,41,47,67,68,71,94,99,101,118,128,129,134,138,178,188,193,259,202,229,250,258
202:4,25,30,40,57,59,62,73,77,79,86,89,91,93,110,115,117,124,125,126,140,141,144,149,151,158,163,165,168,201,205,213,231,241,251
203:8,25,39,46,63,88,125,128,131,135,171,182,274,214,243,247,256
204:7,10,15,18,26,31,51,60,64,90,93,95,110,134,138,143,154,162,172,188,189,194,195,271,210,229,238,239
205:0,7,17,29,42,46,50,66,67,70,80,101,105,114,126,132,143,146,147,167,172,174,179,202,278,219,223,239,266
206:0,3,4,14,59,60,78,94,116,117,124,139,141,147,150,159,173,175,187,189,220,217,236,246,260,266,274
207:3,5,9,12,19,20,25,41,60,68,69,77,104,138,141,143,171,180,239,224,229,232,240,246,247,248,250,254
208:4,13,15,76,85,91,101,113,123,130,131,153,170,177,178,179,181,192,278,224,235,252,273
209:3,22,24,40,50,76,87,99,116,117,133,156,165,170,187,197,264,215,216,233,241,258,265,271,275
210:7,42,50,56,63,71,76,78,101,112,116,141,147,151,156,158,161,163,177,204,271,211,227,228,247,252,258,259,267
211:1,8,24,29,34,45,73,83,90,92,95,99,140,141,163,164,166,189,210,252,240,245,258
212:4,11,16,36,70,75,85,118,129,152,162,164,168,170,185,187,200,242,231,245,263,269,279
213:18,22,26,76,78,88,111,136,137,139,156,163,167,175,177,181,183,202,242,229,231,257,259
214:3,26,53,61,67,69,94,97,100,118,120,130,138,141,178,203,244,236,262,267
215:11,31,48,63,65,76,97,98,111,117,125,127,134,140,162,163,199,209,222,217,225,234,235,238,259
216:18,32,48,53,56,62,63,68,70,71,75,79,91,94,138,147,155,190,200,209,246,228,231,260
217:9,10,14,16,19,38,41,42,60,70,71,73,75,85,93,100,107,110,129,149,157,171,178,179,180,183,189,195,206,215,232,229,231,234,250,275
218:6,10,14,21,28,29,37,46,50,52,68,80,87,122,130,157,177,178,183,261,220,233,238,240,243,244,271
219:0,3,8,38,57,76,79,81,84,94,99,106,109,114,116,130,135,137,139,144,146,166,168,169,189,205,234,227,230,254,264,267,276
220:14,24,30,34,38,63,70,101,103,113,137,148,160,171,172,177,190,206,218,247,222,243,268
221:3,17,18,29,41,42,44,45,53,60,62,70,92,105,108,114,121,123,126,131,136,142,155,156,159,161,162,167,173,184,255,223,234,252,260,279
222:1,9,32,34,37,59,66,77,78,86,87,88,90,94,107,123,125,129,154,173,215,220,228,225,236,252,255,272
223:3,35,54,56,58,77,102,122,130,136,157,159,161,169,175,176,179,180,205,221,253,225,226,229,259,265,277
224:1,6,28,40,41,69,76,83,85,91,97,110,127,128,129,145,146,178,188,200,207,208,274,233,234,235,243,249,270
225:10,36,37,71,85,100,124,128,155,157,171,184,196,215,222,223,279,230,237,241,267,269
226:14,18,26,29,44,53,61,85,88,89,107,109,119,130,141,145,172,173,176,179,223,276,231,233,234,252
227:2,48,53,56,59,70,76,77,96,100,113,121,136,139,140,143,159,161,199,210,219,253,242,243,244,256,260
228:22,26,31,53,59,65,68,69,88,94,98,106,133,136,139,148,154,166,210,216,222,271,230,241,246,261,263,264
229:13,23,32,34,37,46,47,64,65,86,103,112,118,139,147,157,158,164,165,171,174,178,201,204,207,213,217,223,240,230,247,252
230:0,15,28,34,37,61,79,81,88,94,115,118,122,130,136,143,150,176,187,188,190,194,196,219,225,228,229,241,231,255,258,268
231:16,60,74,75,81,100,106,120,132,141,153,164,185,199,202,212,213,216,217,226,230,259,240,242,252,267,269,277
232:2,8,15,19,21,29,31,41,50,53,56,65,66,70,83,86,99,110,118,125,143,145,161,164,172,173,177,180,188,189,194,207,217,263,244,246,250
233:2,9,10,13,14,21,28,36,53,71,72,73,75,80,85,87,103,105,144,145,151,156,178,189,209,218,224,226,265,235,242,248,257,268,276,278
234:0,3,15,32,41,48,54,58,66,74,76,87,95,102,107,123,125,127,136,143,167,169,175,187,195,215,217,219,221,224,226,248,238,250,251,272
235:24,26,41,42,57,74,85,87,95,96,99,101,106,131,142,190,208,215,224,233,269,245
236:14,15,18,28,42,44,46,47,62,76,79,84,94,106,118,125,127,176,195,206,214,222,243,238,246,255
237:18,19,26,50,52,59,77,88,113,117,119,127,134,142,149,151,157,158,162,178,181,189,225,276,245,254,264,275
238:10,23,32,34,47,49,66,67,80,82,90,96,97,99,102,117,118,120,121,130,157,165,168,176,183,196,198,199,204,215,218,234,236,253,248,272,274
239:11,19,33,47,54,84,99,104,111,126,133,136,141,143,144,151,152,162,170,193,194,197,199,200,204,205,207,249,244,250,276
240:5,26,47,52,53,69,72,111,113,152,178,187,190,207,211,218,229,231,248,247,254,256
241:13,17,21,33,36,54,59,60,64,84,100,101,105,116,120,149,161,176,177,198,202,209,225,228,230,273,242,263,271
242:12,20,26,32,33,37,49,53,60,63,64,74,85,91,105,110,123,132,143,152,154,159,177,181,192,212,213,227,231,233,241,269
243:17,24,27,36,41,59,73,76,78,96,108,119,135,137,141,143,155,156,157,159,164,167,178,190,203,218,220,224,227,236,277,245,246,253,269
244:4,5,9,13,25,44,45,52,60,62,80,81,113,128,138,160,173,174,179,189,190,214,218,227,232,239,247,262,270,275
245:4,5,10,35,40,46,51,55,57,74,77,112,123,128,132,133,144,157,163,165,179,182,185,186,196,211,212,235,237,243,249,259,268,271,278
246:31,34,37,41,54,55,56,65,72,75,82,91,113,117,118,119,125,135,136,156,167,175,206,207,216,228,232,236,243,277,258,263,266
247:0,6,16,29,38,52,67,74,84,92,135,145,147,150,151,164,172,178,184,191,200,203,207,210,220,229,240,244,263,250,253,254,260,261
248:3,7,11,15,20,33,36,56,62,64,68,90,99,114,115,129,146,168,175,188,194,199,207,233,234,238,240,277,259,260,268,269,274
249:2,21,22,39,46,48,73,106,109,117,131,142,191,196,224,239,245,257,256,266,267
250:5,10,14,24,33,58,69,78,87,103,134,138,140,163,175,187,190,201,207,217,232,234,239,247,260,259
251:15,23,24,30,38,42,56,82,98,104,122,137,139,142,143,147,164,175,189,202,234,257,259,270,274
252:39,40,45,47,48,61,100,107,111,114,129,137,155,158,174,182,208,210,211,221,222,226,229,231,262
253:17,20,39,43,46,63,66,81,106,121,129,130,142,143,144,150,151,167,187,193,194,195,223,227,238,243,247,257
254:2,5,8,14,35,37,40,46,56,76,92,153,156,157,177,188,189,207,219,237,240,247,255,260
255:3,6,16,22,33,42,45,62,66,69,71,88,95,98,115,121,144,152,168,174,179,184,195,221,222,230,236,254,273,258,262,266
256:13,14,41,63,90,96,110,120,132,133,166,169,172,178,189,195,203,227,240,249,269,267
257:11,17,23,86,90,96,109,116,118,123,143,186,188,191,197,213,233,249,251,253,263,259,271,274,276
258:4,17,27,29,46,47,51,56,57,73,83,91,97,122,129,143,144,147,154,158,167,169,183,184,185,192,201,209,210,211,230,246,255,272,269
259:0,2,8,30,33,44,56,65,84,101,104,112,114,115,132,134,142,145,152,154,160,163,168,176,181,189,194,201,210,213,215,223,231,245,248,250,251,257,279,261,270,278
260:8,25,40,43,49,87,97,98,99,110,111,115,118,146,153,157,162,164,169,199,206,216,221,227,247,248,250,254,262,271,277
261:2,18,45,53,65,95,96,97,127,156,165,182,200,218,228,247,259,271,276,278
262:5,7,13,15,29,36,44,46,78,86,90,111,119,137,178,186,197,200,214,244,252,255,260,269
263:0,4,7,19,35,45,46,71,92,102,132,139,170,176,186,197,212,228,232,241,246,247,257,272,274,276
264:1,22,48,52,64,72,74,75,78,90,94,123,126,148,160,164,176,188,190,209,219,228,237,272
265:7,12,14,18,34,40,45,48,63,83,88,90,96,101,106,116,120,123,125,126,128,132,142,149,151,155,176,191,198,209,223,233,275,266
266:21,34,49,50,55,65,70,92,99,100,106,113,140,156,171,172,174,188,194,205,206,246,249,255,265,268,277
267:8,10,12,19,20,34,37,39,48,49,52,57,66,92,100,107,113,120,126,127,133,162,170,171,172,175,189,191,194,210,214,219,225,231,249,256,268
268:12,23,26,32,36,72,96,106,114,115,163,174,185,187,193,220,230,233,245,248,266,267,278
269:3,21,53,97,100,124,142,144,182,187,191,196,198,212,225,231,235,242,243,248,256,258,262,274
270:0,12,41,60,61,64,65,98,101,117,118,131,150,152,165,169,170,180,224,244,251,259,273,276
271:2,42,52,59,62,81,82,86,90,94,99,108,136,183,189,197,200,204,209,210,218,228,241,245,257,260,261,273,276
272:7,14,33,54,63,71,103,138,143,146,156,190,197,222,234,238,258,263,264,277,278
273:0,7,49,52,58,64,73,79,89,90,101,108,115,121,133,136,144,155,164,177,184,189,208,241,255,270,271,275
274:10,18,45,73,94,95,100,122,128,139,142,160,165,177,180,188,193,200,203,206,224,238,248,251,257,263,269,275
275:2,9,15,22,38,48,50,59,60,68,83,105,128,139,143,158,165,175,177,182,209,217,237,244,265,273,274,276,277,278
276:11,22,24,47,58,63,86,88,89,96,106,115,132,156,187,194,219,226,233,237,239,257,261,263,270,271,275,279
277:10,15,16,19,26,48,59,63,70,71,88,103,113,122,128,147,166,168,172,194,195,223,231,243,246,248,260,266,272,275,279
278:9,20,28,33,35,37,38,55,81,87,89,99,110,119,120,124,135,144,148,162,164,205,208,233,245,259,261,268,272,275,279
279:6,65,68,73,78,87,99,105,109,112,125,127,142,147,165,168,171,178,212,221,225,259,276,277,278
