0:11,1,8,12,15,19,20,24,28,30,31,34,35,36,37,41,43,45,46,48,49,50,51,55,56,57,58,60,61,63,64,65,66,67,68,76,77,78,80,81,84,85,87,88,90,96,104,105,106,108,110,112,114,115,117,118,119,120,121,125,127,130,133,137,139,140,147,148
1:0,13,3,4,7,8,11,15,19,21,22,24,25,29,30,31,32,33,37,44,46,48,49,50,52,53,54,57,58,59,60,62,64,66,69,70,71,72,77,83,87,88,91,92,93,94,96,97,98,101,102,103,104,107,108,111,112,113,120,121,124,126,127,128,130,131,133,134,135,136,139,140,145
2:125,3,4,7,9,12,13,15,16,17,19,20,21,23,25,28,30,37,40,44,45,48,50,52,53,54,55,59,64,68,71,73,76,79,81,84,85,90,91,92,94,96,97,98,99,103,105,110,111,113,114,115,116,117,120,121,122,128,130,133,134,137,138,140,142,149
3:1,2,101,10,11,12,15,17,18,20,25,30,31,33,35,36,37,40,42,43,46,47,48,52,53,59,60,67,72,73,74,77,79,83,84,85,86,87,90,91,92,95,99,100,103,104,106,108,112,113,114,119,124,126,127,128,131,132,133,135,136,138,140,141,142,145,147
4:1,2,32,5,6,8,9,12,15,18,22,23,25,27,29,30,31,34,37,41,42,43,45,48,49,50,51,53,54,55,57,58,59,67,68,69,76,87,91,93,94,95,100,102,104,105,106,108,111,112,113,114,117,118,120,121,122,124,128,134,137,141,143,145,146,148,149
5:4,87,11,13,16,21,25,29,30,32,36,39,41,48,51,52,57,58,63,67,69,73,78,80,81,82,84,85,88,90,92,96,97,98,99,104,107,109,115,116,117,119,121,122,125,126,127,129,131,132,133,134,138,140,142,143,144
6:4,16,7,10,11,12,13,14,15,21,22,23,26,28,33,36,43,46,47,48,50,52,54,56,57,59,60,63,64,69,71,72,73,75,78,79,81,85,86,87,89,91,92,95,96,99,104,105,106,107,108,109,115,119,120,121,122,124,126,129,133,135,136,137,139,140,141,142,143,145,146,147,148
7:1,2,6,46,12,14,15,16,17,19,22,25,31,32,34,39,40,42,43,47,48,49,52,54,57,58,59,61,63,65,67,69,73,74,76,77,78,80,82,84,86,88,89,91,92,94,95,96,97,98,102,103,104,109,111,112,113,117,119,120,121,123,124,125,126,127,128,131,132,136,137,138,139,141,144,145,146
8:0,1,4,139,10,13,14,16,17,20,22,23,25,26,29,33,35,36,37,38,41,42,45,49,56,57,60,62,65,66,69,70,71,73,74,75,76,77,79,80,84,89,90,92,93,94,95,96,99,100,101,102,104,107,109,115,116,117,118,121,122,125,128,129,130,132,133,135,140,141,144,145,147,148
9:2,4,107,10,11,15,18,23,25,26,28,29,32,33,43,44,45,48,51,53,56,59,60,61,63,69,70,73,76,77,78,81,82,83,87,89,91,95,96,97,101,114,116,118,121,122,123,124,125,127,129,131,133,135,138,139,140,141,143,148
10:3,6,8,9,53,11,13,14,17,18,20,22,23,24,25,27,32,33,37,38,39,40,42,43,44,45,46,49,50,52,54,59,60,61,67,69,70,79,80,82,84,85,86,89,91,94,95,99,101,103,105,106,108,109,111,112,115,117,119,125,130,132,133,134,137,138,140,145,149
11:0,1,3,5,6,9,10,72,12,14,15,16,19,20,21,25,26,29,30,31,32,33,37,38,39,41,42,45,48,49,51,52,53,56,57,58,60,62,66,67,69,75,76,77,82,84,86,92,93,94,97,104,105,106,107,108,110,111,113,117,118,120,122,123,125,126,127,131,135,136,139,140,141,143,144,145,146,148,149
12:0,2,3,4,6,7,11,92,16,19,20,22,24,29,30,31,36,38,40,41,42,43,44,50,51,55,56,57,58,59,60,61,62,66,67,70,71,76,77,78,79,80,81,85,88,89,90,93,95,97,99,100,101,102,108,109,117,118,120,122,123,125,126,127,128,129,130,131,136,143,144,147
13:1,2,5,6,8,10,83,14,17,22,23,24,25,26,28,32,36,37,38,39,40,41,42,43,45,50,51,53,54,55,57,58,61,70,74,75,78,84,86,88,89,92,93,94,95,96,97,98,102,103,104,105,106,107,108,110,111,112,114,120,121,123,124,126,127,131,132,137,138,140,141,143,146,149
14:6,7,8,10,11,13,134,15,16,20,21,29,30,32,34,38,39,41,43,44,45,49,50,51,52,53,58,59,62,63,66,69,70,74,75,76,81,85,87,88,93,97,98,99,102,105,108,109,110,111,115,117,122,123,126,128,131,132,133,136,139,141,144,146,148
15:0,1,2,3,4,6,7,9,11,14,30,18,22,23,25,26,31,33,36,37,38,41,43,44,46,50,51,53,54,56,57,59,60,61,62,63,65,69,70,72,73,75,76,77,81,82,86,87,88,91,94,95,101,104,105,106,107,108,109,111,112,113,114,118,120,121,123,124,125,126,130,134,135,136,137,139,141,142,143,144,145,147,148
16:2,5,6,7,8,11,12,14,130,18,20,22,23,25,26,27,29,32,33,34,38,44,45,46,47,48,49,51,53,54,55,57,59,61,63,65,66,67,69,74,76,77,82,86,87,88,89,91,94,95,97,98,99,100,101,104,105,106,109,113,114,116,122,124,126,129,132,133,134,135,136,137,138,140,141,146,148,149
17:2,3,7,8,10,13,84,19,21,22,23,24,25,26,27,29,30,37,41,44,48,51,53,54,57,58,60,62,67,68,69,71,79,80,85,87,88,89,90,93,96,97,98,99,103,104,106,112,116,118,119,121,123,124,126,129,131,134,135,137,138,142,144,147
18:3,4,9,10,15,16,76,19,20,21,22,24,29,30,32,33,34,37,38,39,40,41,43,45,48,49,52,53,55,56,57,61,62,63,66,67,69,70,71,72,73,75,80,82,84,85,86,89,91,95,97,99,100,101,102,104,105,106,108,117,118,120,122,123,124,125,127,129,130,134,135,136,137,140,141,142,143,144,145,148
19:0,1,2,7,11,12,17,18,90,20,25,27,28,32,36,37,38,40,41,43,46,48,50,51,53,55,56,57,59,61,66,67,69,70,71,73,76,77,79,80,82,87,89,91,93,94,98,105,108,109,111,124,125,127,129,131,135,136,142,143,144,145,147,148
20:0,2,3,8,10,11,12,14,16,18,19,130,21,23,26,27,29,30,32,35,36,38,39,43,46,48,49,52,57,59,60,61,62,63,64,65,69,75,78,81,83,84,85,90,91,92,94,96,97,99,101,102,106,114,117,118,119,120,121,122,124,125,127,129,133,135,137,138,139,141,144,146
21:1,2,5,6,11,14,17,18,20,66,24,27,28,30,37,40,41,44,48,51,52,55,56,57,58,59,60,61,62,63,67,70,74,77,80,81,82,86,87,89,90,92,96,97,99,100,105,106,107,108,112,113,115,118,120,121,123,126,127,128,130,131,132,135,138,143,144,145,146,148,149
22:1,4,6,7,8,10,12,13,15,16,17,18,61,27,28,30,32,37,39,40,44,45,48,49,50,54,55,59,60,62,64,66,67,69,71,74,78,84,86,87,91,99,100,103,106,107,110,111,113,115,116,121,126,128,129,130,134,138,141,142,143,144,145,146,147,148
23:2,4,6,8,9,10,13,15,16,17,20,133,24,26,29,33,35,38,40,41,43,45,48,49,50,51,52,58,59,61,65,66,68,70,71,72,73,75,79,80,87,89,90,92,93,97,98,106,107,110,113,114,115,116,117,119,120,121,124,125,127,137,139,141,144,145,146,147,148,149
24:0,1,10,12,13,17,18,21,23,110,33,35,37,39,41,42,47,48,49,50,51,52,54,55,56,60,61,62,63,64,65,66,68,69,76,77,80,81,82,84,85,86,88,90,95,97,98,99,100,101,102,104,105,108,111,117,118,120,121,123,124,127,128,129,130,131,132,134,135,136,137,138,139,140,141,142,144,145,149
25:1,2,3,4,5,7,8,9,10,11,13,15,16,17,19,142,28,30,31,32,34,35,39,46,47,50,52,53,56,57,58,60,61,62,64,65,67,68,69,72,73,74,78,79,80,82,84,86,87,89,91,94,95,96,97,98,99,104,105,110,112,113,117,119,120,121,123,124,130,131,133,136,138,143,144,145,146,147
26:6,8,9,11,13,15,16,17,20,23,118,27,29,31,34,38,39,40,41,44,46,49,51,52,53,56,57,59,60,61,64,66,67,68,69,72,75,76,80,81,82,89,90,93,96,98,100,106,107,108,109,113,114,121,123,124,127,128,130,131,132,133,134,135,136,141,142,148
27:4,10,16,17,19,20,21,22,26,139,28,30,31,32,34,35,38,39,42,47,48,49,51,52,53,56,58,59,62,63,65,71,72,73,74,75,76,78,80,81,82,83,86,87,88,90,93,103,106,108,110,113,115,119,120,123,124,125,128,130,134,138,140,143,144
28:0,2,6,9,13,19,21,22,25,27,117,35,39,40,43,48,49,53,54,60,63,64,65,67,69,72,73,74,75,78,81,82,92,93,99,100,101,103,104,105,108,110,114,118,122,123,127,129,130,136,140,141,142,143,145,148
29:1,4,5,8,9,11,12,14,16,17,18,20,23,26,110,30,32,34,35,36,38,39,45,46,48,50,54,56,57,58,64,65,66,67,69,70,71,72,74,75,76,78,80,83,85,86,87,88,89,92,93,94,98,101,102,103,104,106,107,109,113,116,117,119,123,124,125,126,130,132,135,136,138,141,142,143,146
30:0,1,2,3,4,5,11,12,14,15,17,18,20,21,22,25,27,29,115,31,32,33,37,38,41,43,47,49,57,60,62,65,66,67,68,71,72,73,75,76,78,80,81,82,84,85,92,95,96,99,100,103,107,108,109,110,111,112,113,114,116,117,119,126,128,129,132,133,138,140,144,145,147,148
31:0,1,3,4,7,11,12,15,25,26,27,30,38,32,33,35,36,37,40,45,46,48,50,52,54,55,57,59,60,62,65,69,72,73,78,79,81,82,83,87,89,90,94,95,96,100,103,105,107,108,110,111,113,114,115,118,119,120,121,122,124,125,127,131,132,133,134,137,138,139,142,143,144,145,148,149
32:1,4,5,7,9,10,11,13,14,16,18,19,20,22,25,27,29,30,31,89,36,38,41,42,43,46,48,49,50,51,56,57,60,61,63,64,65,66,69,72,73,74,76,85,86,90,92,97,98,100,102,103,104,108,112,114,116,117,118,119,120,121,123,125,126,127,128,130,131,132,133,136,140,142,145,146,147,148
33:1,3,6,8,9,10,11,15,16,18,23,24,30,31,127,35,36,40,43,47,49,51,53,56,58,59,60,61,62,63,64,65,69,72,73,75,77,78,81,82,83,86,89,92,94,95,96,101,102,108,110,111,112,117,118,121,122,131,133,140,142,143,144,146
34:0,4,7,14,16,18,25,26,27,29,79,35,38,39,40,43,44,45,49,51,53,60,62,65,66,67,70,71,72,73,76,77,78,80,82,83,84,91,93,99,101,102,103,105,111,112,114,115,117,118,120,121,123,125,126,127,133,136,138,139,141,142,145,149
35:0,3,8,20,23,24,25,27,28,29,31,33,34,55,36,37,38,40,42,43,45,49,51,53,54,56,58,60,62,64,65,69,70,71,72,79,82,84,88,90,94,97,99,101,104,105,107,108,112,114,116,117,120,121,123,127,128,129,130,131,133,143,145,146
36:0,3,5,6,8,12,13,15,19,20,29,31,32,33,35,46,39,41,43,57,60,63,64,65,66,68,69,70,73,75,80,83,85,86,87,91,92,93,95,96,97,98,99,103,104,105,106,108,109,110,114,116,118,119,122,123,125,127,128,129,130,134,135,138,139,142,143,144,145,147
37:0,1,2,3,4,8,10,11,13,15,17,18,19,21,22,24,30,31,35,93,38,39,40,41,43,44,45,46,48,51,52,54,56,57,61,62,63,64,66,67,68,70,71,73,76,80,83,85,86,87,88,89,92,94,97,98,99,100,104,105,106,107,109,115,117,118,120,124,132,134,135,137,138,140,141,144,145
38:8,10,11,12,13,14,15,16,18,19,20,23,26,27,29,30,31,32,34,35,37,138,39,40,42,45,46,47,50,51,56,57,60,61,65,66,70,71,73,75,76,77,79,81,87,88,89,90,91,92,94,97,100,102,110,115,116,117,119,120,121,123,125,127,128,130,132,134,140,141,143,144,145,146,148,149
39:5,7,10,11,13,14,18,20,22,24,25,26,27,28,29,34,36,37,38,99,42,43,45,46,47,48,49,52,53,54,56,57,59,60,61,62,64,66,67,68,72,73,74,78,82,85,90,91,93,94,95,98,100,101,109,110,111,112,114,115,119,121,122,124,125,128,130,135,136,138,139,143,146,149
40:2,3,7,10,12,13,18,19,21,22,23,26,28,31,33,34,35,37,38,89,42,46,48,49,51,53,58,59,62,70,71,73,75,76,77,78,79,81,83,85,86,88,91,93,95,97,98,99,100,102,103,104,115,117,118,119,121,125,128,129,131,132,133,137,140,141,142,143,144,147
41:0,4,5,8,11,12,13,14,15,17,18,19,21,23,24,26,30,32,36,37,137,46,47,49,50,53,56,59,64,66,67,72,75,76,78,79,80,81,82,83,85,86,87,91,93,94,100,101,102,107,108,113,115,118,125,127,129,138,140,141,142,146,147,148
42:3,4,7,8,10,11,12,13,24,27,32,35,38,39,40,110,43,45,47,50,51,53,54,57,59,60,63,64,66,68,70,72,73,75,78,79,80,81,83,84,85,86,87,91,93,94,98,102,104,105,106,107,111,113,115,116,118,119,120,122,123,124,125,126,127,133,134,135,137,138,139,141,143,146,147,148,149
43:0,3,4,6,7,9,10,12,13,14,15,18,19,20,23,28,30,32,33,34,35,36,37,39,42,140,45,49,55,56,57,58,59,61,62,64,65,68,69,72,74,75,76,77,80,86,88,89,92,99,102,105,106,107,109,112,113,114,117,120,121,123,124,125,127,129,132,133,134,135,138,142,145,148,149
44:1,2,9,10,12,14,15,16,17,21,22,26,34,37,67,46,47,51,56,57,58,59,62,64,65,66,68,69,73,75,76,77,86,87,89,92,93,94,96,97,101,102,103,106,111,112,118,119,121,122,123,124,125,127,128,129,135,136,137,142,144,146,149
45:0,2,4,8,9,10,11,13,14,16,18,22,23,29,31,34,35,37,38,39,42,43,141,48,50,59,60,65,72,73,74,77,79,81,83,87,88,89,90,91,92,93,94,95,97,98,101,102,103,104,107,108,109,111,112,114,115,117,120,122,123,124,127,129,133,134,136,137,139,140,145,147,148,149
46:0,1,3,6,7,10,15,16,19,20,25,26,29,31,32,36,37,38,39,40,41,44,137,51,54,58,59,62,65,66,68,69,72,74,75,76,80,82,83,86,87,90,91,93,94,98,99,101,102,103,104,106,108,109,110,112,115,116,119,122,123,125,126,130,131,132,134,138,139,141,145,149
47:3,6,7,16,24,25,27,30,33,38,39,41,42,44,79,51,55,57,58,61,66,67,68,69,72,74,76,78,80,81,82,83,84,85,86,87,89,92,93,95,98,102,104,106,107,108,109,110,111,113,115,116,117,118,119,121,122,124,132,133,135,137,138,139,140,145,147
48:0,1,2,3,4,5,6,7,9,11,16,17,18,19,20,21,22,23,24,27,28,29,31,32,37,39,40,45,62,49,50,53,54,55,57,58,59,64,67,70,71,72,73,75,77,79,80,81,82,86,88,90,91,93,94,95,96,97,99,101,102,103,104,105,106,110,111,113,114,117,119,121,126,127,129,130,133,134,135,136,139,140,141,142,143,147
49:0,1,4,7,8,10,11,14,16,18,20,22,23,24,26,27,28,30,32,33,34,35,39,40,41,43,48,140,50,53,56,58,60,63,64,65,67,68,69,70,78,79,80,81,82,83,87,88,90,93,94,96,98,99,101,102,104,107,109,112,118,122,123,125,127,130,131,132,135,137,139,142,146,147,148
50:0,1,2,4,6,10,12,13,14,15,19,22,23,24,25,29,31,32,38,41,42,45,48,49,143,51,53,55,57,63,65,67,69,73,75,77,80,81,82,83,90,91,93,94,96,98,99,101,104,105,108,111,112,113,115,116,123,125,126,127,128,129,130,131,136,140,141,144,145
51:0,4,5,9,11,12,13,14,15,16,17,19,21,23,24,26,27,32,33,34,35,37,38,40,42,44,46,47,50,56,53,54,58,60,63,69,75,76,77,78,80,81,84,89,90,94,98,99,100,102,105,106,111,115,116,121,122,123,125,126,127,128,129,132,133,135,136,137,140,144,145,147,148
52:1,2,3,5,6,7,10,11,14,18,20,21,23,24,25,26,27,31,37,39,137,53,56,57,58,61,62,63,64,66,68,71,72,73,74,75,78,81,83,85,86,87,91,92,95,97,100,102,103,107,108,110,114,115,118,120,122,124,125,126,129,131,132,138,139,140,141,142,144,145,146
53:1,2,3,4,9,10,11,13,14,15,16,17,18,19,25,26,27,28,33,34,35,39,40,41,42,48,49,50,51,52,65,55,56,61,62,64,67,68,70,72,77,79,85,91,94,95,96,98,99,101,102,104,105,106,107,108,113,114,116,118,119,121,122,123,124,125,127,129,132,133,136,138,139,141,142,147,148,149
54:1,2,4,6,7,10,13,15,16,17,22,24,28,29,31,35,37,39,42,46,48,51,127,56,57,61,63,64,66,68,69,70,72,73,75,76,79,80,85,86,87,94,96,100,101,102,104,110,112,115,117,118,119,120,121,122,125,128,129,133,135,140,141,142,144,145,147
55:0,2,4,12,13,16,18,19,21,22,24,31,35,43,47,48,50,53,142,60,61,62,65,67,70,71,72,73,75,76,77,80,82,83,85,86,91,98,99,100,101,102,105,109,110,111,112,113,120,123,125,127,129,131,133,135,138,140,143,146,147,149
56:0,6,8,9,11,12,15,18,19,21,24,25,26,27,29,32,33,35,37,38,39,41,43,44,49,51,52,53,54,76,57,64,65,69,70,71,72,77,78,83,84,85,87,88,93,94,96,97,98,101,103,104,106,110,111,113,117,119,123,130,132,135,136,143,144,146,147,149
57:0,1,4,5,6,7,8,11,12,13,15,16,17,18,19,20,21,25,26,29,30,31,32,36,37,38,39,42,43,44,47,48,50,52,54,56,74,60,61,69,76,77,79,84,85,86,87,88,91,99,101,104,106,108,109,112,115,118,119,120,121,124,126,127,130,131,134,135,137,138,139,140,141,147,148
58:0,1,4,5,7,11,12,13,14,17,21,23,25,27,29,33,35,40,43,44,46,47,48,49,51,52,117,59,61,62,67,69,73,74,75,77,78,81,82,87,89,90,91,93,96,99,100,101,104,107,108,109,112,116,118,121,122,123,125,126,129,133,134,136,137,138,139,142,144,145,146
59:1,2,3,4,6,7,9,10,12,14,15,16,19,20,21,22,23,26,27,31,33,39,40,41,42,43,44,45,46,48,58,84,60,61,65,66,67,70,71,73,74,79,80,82,83,89,91,100,101,102,103,106,107,111,112,113,114,115,116,117,120,123,125,127,128,129,133,134,135,137,138,139,141,147
60:0,1,3,6,8,9,10,11,12,15,17,20,21,22,24,25,26,28,30,31,32,33,34,35,36,38,39,42,45,49,51,55,57,59,98,61,62,64,65,66,69,70,72,75,76,78,79,81,82,84,85,89,93,95,102,103,108,109,115,117,121,122,123,124,128,129,137,138,139,144,147
61:0,7,9,10,12,13,15,16,18,19,20,21,22,23,24,25,26,32,33,37,38,39,43,47,52,53,54,55,57,58,59,60,127,62,65,66,70,72,74,75,76,78,80,82,83,87,88,91,92,93,96,99,100,103,105,106,107,108,110,111,117,118,120,121,123,124,129,132,136,144,146
62:1,8,11,12,14,15,17,18,20,21,22,24,25,27,30,31,33,34,35,37,39,40,43,44,46,48,52,53,55,58,60,61,95,64,65,66,67,69,70,71,72,74,76,77,78,81,82,84,85,86,89,91,92,96,101,103,105,107,108,110,112,118,119,123,124,125,126,127,128,129,131,132,135,138,140,142,143,145,147,149
63:0,5,6,7,9,14,15,16,18,20,21,24,27,28,32,33,36,37,42,49,50,51,52,54,125,64,65,66,71,78,80,81,83,84,85,90,96,97,99,102,104,105,106,108,110,115,116,118,121,123,126,127,128,130,134,135,136,139,140,141,142,143,145,146,147
64:0,1,2,6,20,22,24,25,26,28,29,32,33,35,36,37,39,41,42,43,44,48,49,52,53,54,56,60,62,63,123,65,66,67,72,76,77,79,80,81,83,84,86,87,89,91,92,98,99,101,104,111,113,115,117,118,120,124,125,127,128,129,130,135,136,139,143,144,146,148
65:0,7,8,15,16,20,23,24,25,27,28,29,30,31,32,33,34,35,36,38,43,44,45,46,49,50,53,55,56,59,60,61,62,63,64,85,66,68,69,70,72,73,74,75,76,80,87,89,90,92,97,98,99,101,102,103,105,107,108,109,110,112,115,116,117,118,122,123,125,131,132,133,134,138,140,141,142,143,144,148,149
66:0,1,8,11,12,14,16,18,19,21,22,23,24,26,29,30,32,34,36,37,38,39,41,42,44,46,47,52,54,59,60,61,62,63,64,65,127,69,71,73,74,79,80,83,90,92,98,99,100,109,111,113,115,117,118,124,126,131,134,136,139,143,145
67:0,3,4,5,7,10,11,12,16,17,18,19,21,22,25,26,28,29,30,34,37,39,41,44,47,48,49,50,53,55,58,59,62,64,119,68,70,71,72,73,74,76,81,83,87,89,92,94,95,99,104,106,111,112,114,115,118,123,125,128,129,131,133,137,139,141,142,143,144,147
68:0,2,4,17,23,24,25,26,30,36,37,39,42,43,44,46,47,49,52,53,54,65,67,103,69,71,72,73,76,78,79,80,84,85,88,91,106,107,111,112,113,116,117,118,119,122,124,127,128,132,134,135,136,137,142,143,144,145,146,149
69:1,4,5,6,7,8,9,10,11,14,15,16,17,18,19,20,22,24,25,26,28,29,31,32,33,35,36,43,44,46,47,49,50,51,54,56,57,58,60,62,65,66,68,147,73,74,76,77,79,81,84,85,87,88,91,93,94,97,99,100,103,104,106,107,108,112,113,116,118,121,122,123,124,129,137,138,140,144,148,149
70:1,8,9,10,12,13,14,15,18,19,21,23,29,34,35,36,37,38,40,42,48,49,53,54,55,56,59,60,61,62,65,67,112,76,79,80,83,84,91,94,95,97,100,102,104,107,109,110,114,116,123,124,126,127,129,132,135,138,140,141,142,143,146,149
71:1,2,6,8,12,17,18,19,22,23,27,29,30,34,35,37,38,40,48,52,55,56,59,62,63,66,67,68,114,72,75,77,79,82,83,86,89,91,95,97,98,99,102,103,104,107,109,110,111,113,115,118,120,121,124,127,129,130,136,142,144,145,146,147,148
72:1,3,6,11,15,18,23,25,26,27,28,29,30,31,32,33,34,35,39,41,42,43,45,46,47,48,52,53,54,55,56,60,61,62,64,65,67,68,71,114,73,75,77,80,83,84,86,89,90,91,94,99,100,103,110,112,113,115,116,117,119,122,124,125,127,128,129,133,134,138,139,140,143,148,149
73:2,3,5,6,7,8,9,15,18,19,23,25,27,28,30,31,32,33,34,36,37,38,39,40,42,44,45,48,50,52,54,55,58,59,65,66,67,68,69,72,127,74,76,77,80,81,87,88,89,91,96,98,100,108,109,113,114,115,116,117,118,122,123,125,126,128,129,132,133,134,136,140,142,143,144,145,147,149
74:3,7,8,13,14,16,21,22,25,27,28,29,32,39,43,45,46,47,52,57,58,59,61,62,65,66,67,69,73,132,76,77,81,85,86,88,89,90,91,93,94,95,97,98,99,101,103,107,110,111,112,114,118,119,120,123,129,131,136,141,142,143,144,148,149
75:6,8,11,13,14,15,18,20,23,26,27,28,29,30,33,36,38,40,41,42,43,44,46,48,50,51,52,54,55,58,60,61,65,71,72,105,81,88,89,92,93,96,98,100,101,102,104,106,108,110,111,112,113,114,115,116,117,118,119,121,122,125,127,130,134,137,138,140,141,143,144,145,148,149
76:0,2,4,7,8,9,11,12,14,15,16,18,19,24,26,27,29,30,32,34,37,38,40,41,43,44,46,47,51,54,55,56,57,60,61,62,64,65,67,68,69,70,73,74,79,77,81,83,86,87,88,89,92,95,96,97,98,99,102,104,106,107,109,110,111,112,119,120,122,123,125,128,129,131,132,135,136,137,138,139,141,142,143,144,145,146,148
77:0,1,3,7,8,9,11,12,15,16,19,21,24,33,34,38,40,43,44,45,48,50,51,53,55,56,57,58,62,64,69,71,72,73,74,76,109,80,83,84,88,91,92,96,98,99,101,102,104,105,106,107,112,113,116,120,122,123,124,128,130,135,137,144,145,147,148,149
78:0,5,6,7,9,12,13,20,22,25,27,28,29,30,31,33,34,39,40,41,42,47,49,51,52,56,58,60,61,62,63,68,89,81,85,87,90,91,92,94,95,98,99,102,103,105,106,107,110,112,113,121,123,125,127,131,136,137,141,143,144,145,148
79:2,3,6,8,10,12,17,19,23,25,31,34,35,38,40,41,42,45,47,48,49,53,54,57,59,60,64,66,68,69,70,71,76,91,85,86,87,89,92,95,98,99,102,103,104,107,108,109,110,111,112,114,115,116,119,120,123,126,127,128,129,130,131,132,136,137,140,141,146,149
80:0,5,7,8,10,12,17,18,19,21,23,24,25,26,27,29,30,34,36,37,41,42,43,46,47,48,49,50,51,54,55,59,61,63,64,65,66,68,70,72,73,77,92,81,84,85,86,87,93,96,101,102,106,108,111,112,115,116,118,120,124,128,133,136,137,139,144,147,149
81:0,2,5,6,9,12,14,15,20,21,24,26,27,28,30,31,33,38,40,41,42,45,47,48,49,50,51,52,58,60,62,63,64,67,69,73,74,75,76,78,80,84,82,85,86,87,88,93,96,97,98,101,102,104,106,107,108,109,111,112,114,115,116,118,121,122,123,124,126,128,129,130,133,135,138,139,140,143,145,148
82:5,7,9,10,11,15,16,18,19,21,24,25,26,27,28,30,31,33,34,35,39,41,46,47,48,49,50,55,58,59,60,61,62,71,81,88,83,84,85,89,95,97,105,106,107,110,111,113,114,115,118,120,122,123,126,127,128,129,131,132,133,135,136,140,141,144,146,147,148,149
83:1,3,9,13,20,27,29,31,33,34,36,37,40,41,42,45,46,47,49,50,52,55,56,59,61,63,64,66,67,70,71,72,76,77,82,118,87,88,93,94,95,98,99,101,102,105,107,108,111,112,115,116,117,120,123,125,126,128,129,130,131,134,136,138,141,143
84:0,2,3,5,7,8,10,11,13,17,18,20,22,24,25,30,34,35,42,47,51,56,57,59,60,62,63,64,68,69,70,72,77,80,81,82,139,85,88,89,93,94,96,97,98,99,101,103,104,105,108,110,112,116,117,119,121,122,125,126,127,128,131,133,135,136,137,138,140,142,144,145,146,147,149
85:0,2,3,5,6,10,12,14,17,18,20,24,29,30,32,36,37,39,40,41,42,47,52,53,54,55,56,57,60,62,63,65,68,69,74,78,79,80,81,82,84,133,87,89,90,92,96,97,98,99,100,103,105,108,110,114,116,118,119,120,122,125,129,131,132,134,136,137,139,140,144,145
86:3,6,7,10,11,13,15,16,18,21,22,24,25,27,29,32,33,36,37,40,41,42,43,44,46,47,48,52,54,55,57,62,64,71,72,74,76,79,80,81,101,87,89,90,92,94,97,98,100,102,104,105,108,109,113,114,116,117,119,122,124,125,131,133,136,139,140,146,148,149
87:0,1,3,4,5,6,9,14,15,16,17,19,21,22,23,25,27,29,31,36,37,38,41,42,44,45,46,47,49,52,54,56,57,58,61,64,65,67,69,73,76,78,79,80,81,83,85,86,135,92,93,94,95,97,98,104,106,107,108,110,112,113,115,116,118,123,124,127,129,133,134,139,142,145,146,149
88:0,1,5,7,12,13,14,15,16,17,24,27,29,35,37,38,40,43,45,48,49,56,57,61,68,69,73,74,75,76,77,81,82,83,84,105,89,91,92,93,98,99,100,103,110,111,112,115,118,119,120,122,123,124,125,127,132,137,138,140,144,148,149
89:6,7,8,9,10,12,13,16,17,18,19,21,23,25,26,29,31,32,33,37,38,40,43,44,45,47,51,58,59,60,62,64,65,67,71,72,73,74,75,76,78,79,82,84,85,86,88,93,91,92,94,106,108,113,114,115,122,123,124,126,130,131,137,138,139,141,143,144,145,146,147
90:0,2,3,5,8,12,17,19,20,21,23,24,26,27,31,32,35,38,39,45,46,48,49,50,51,58,63,65,66,72,74,78,85,86,101,91,92,93,95,97,102,109,111,112,114,116,117,118,121,123,126,128,130,131,132,133,134,137,138,140,141,144,145
91:1,2,3,4,6,7,9,10,15,16,18,19,20,22,25,34,36,38,39,40,41,42,45,46,48,50,52,53,55,57,58,59,61,62,64,68,69,70,71,72,73,74,77,78,79,88,89,90,136,93,94,95,96,102,103,104,105,106,107,108,111,112,115,117,119,120,121,123,125,128,130,131,132,137,139,140,147,149
92:1,2,3,5,6,7,8,11,12,13,20,21,23,28,29,30,32,33,36,37,38,43,44,45,47,52,61,62,64,65,66,67,75,76,77,78,79,80,85,86,87,88,89,90,123,93,94,95,97,101,102,103,104,105,107,108,111,112,114,116,117,118,119,121,122,124,126,130,134,140,141,142,143,144,145,146,147,148,149
93:1,4,8,11,12,13,14,17,19,23,26,27,28,29,34,36,37,39,40,41,42,44,45,46,47,48,49,50,56,58,60,61,69,74,75,80,81,83,84,87,88,89,90,91,92,146,95,96,97,98,102,103,105,106,107,108,112,118,122,123,124,127,129,130,131,132,133,135,136,141,142,143
94:1,2,4,7,8,10,11,13,15,16,19,20,25,29,31,33,35,37,38,39,41,42,44,45,46,48,49,50,51,53,54,56,67,69,70,72,74,78,83,84,86,87,89,91,92,100,96,98,102,103,105,106,107,111,114,116,118,120,121,123,124,128,129,131,132,134,136,138,141,144,147,148
95:3,4,6,7,8,9,10,12,13,15,16,18,24,25,30,31,33,36,39,40,45,47,48,52,53,60,62,67,70,71,74,76,78,79,82,83,87,90,91,92,93,124,99,102,106,108,109,110,115,117,121,122,123,125,130,133,135,136,137,138,139,141,145,146
96:0,1,2,5,6,7,8,9,13,17,20,21,25,26,30,31,33,36,44,48,49,50,53,54,56,58,61,62,63,73,75,76,77,80,81,84,85,91,93,94,131,100,103,104,105,106,107,109,110,111,115,117,118,121,122,124,126,128,133,134,136,139,142,143,147
97:1,2,5,7,9,11,12,13,14,16,17,18,20,21,23,24,25,32,35,36,37,38,40,44,45,48,52,56,63,65,69,70,71,74,76,81,82,84,85,86,87,90,92,93,121,100,103,104,107,108,111,112,113,115,119,120,122,124,127,128,130,131,133,135,136,140,141,146,147,148,149
98:1,2,5,7,13,14,16,17,19,23,24,25,26,29,32,36,37,39,40,42,45,46,47,49,50,51,53,55,56,60,64,65,66,71,73,74,75,76,77,78,79,81,83,84,85,86,87,88,93,94,106,99,100,102,105,108,112,113,115,117,122,123,124,129,130,133,134,135,138,139,142,144
99:2,3,5,6,8,10,12,14,16,17,18,20,21,22,24,25,28,30,34,35,36,37,39,40,43,46,48,49,50,51,53,55,57,58,61,63,64,65,66,67,69,71,72,74,76,77,78,79,83,84,85,88,95,98,149,101,109,110,111,113,114,116,119,121,125,127,128,129,130,134,136,139,140,143,145,147,148
100:3,4,8,12,16,18,21,22,24,26,28,30,31,32,37,38,39,40,41,51,52,54,55,58,59,61,66,69,70,72,73,75,85,86,88,94,96,97,98,124,101,103,104,106,107,108,109,111,112,113,114,117,118,122,125,126,127,131,132,133,134,135,142,143,146,148
101:1,3,8,9,10,12,15,16,18,20,24,28,29,33,34,35,39,41,44,45,46,48,49,50,53,54,55,56,57,58,59,62,64,65,74,75,77,80,81,83,84,86,90,92,99,100,135,102,105,106,108,110,111,112,114,115,117,119,121,123,124,126,131,133,140,141,143,145,146,149
102:1,4,7,8,12,13,14,18,20,24,29,32,33,34,38,40,41,42,43,44,45,46,47,48,49,51,52,53,54,55,59,60,63,65,70,71,75,76,77,78,79,80,81,83,86,90,91,92,93,94,95,98,101,127,104,109,112,114,118,119,121,122,124,125,128,132,136,139,140,143,144,146
103:1,2,3,7,10,13,17,22,27,28,29,30,31,32,34,36,40,44,45,46,48,52,56,59,60,61,62,65,68,69,71,72,74,78,79,84,85,88,91,92,93,94,96,97,100,108,104,105,106,107,111,112,114,116,117,118,119,120,121,125,126,128,133,134,135,136,138,139,144,146,147
104:0,1,3,4,5,6,7,8,11,13,15,16,17,18,24,25,28,29,32,35,36,37,40,42,45,46,47,48,49,50,53,54,56,57,58,63,64,67,69,70,71,75,76,77,79,81,84,86,87,91,92,96,97,100,102,103,135,105,107,109,110,112,113,114,119,121,122,124,126,127,128,129,131,136,137,139,140,141,145,146,147,148,149
105:0,2,4,6,10,11,13,14,15,16,18,19,21,24,25,28,31,34,35,36,37,42,43,48,50,51,53,55,61,62,63,65,75,77,78,82,83,84,85,86,88,91,92,93,94,96,98,101,103,104,120,106,107,108,109,112,114,118,121,122,123,124,125,126,137,138,141,142,146,147,148
106:0,3,4,6,10,11,13,15,16,17,18,20,21,22,23,26,27,29,36,37,42,43,44,46,47,48,51,53,56,57,59,61,63,67,68,69,75,76,77,78,80,81,82,87,89,91,93,94,95,96,98,100,101,103,105,142,109,110,111,112,119,124,125,126,129,131,133,138,139,145,146,147
107:1,5,6,8,9,11,13,15,21,22,23,26,29,30,31,35,37,41,42,43,45,47,49,52,53,58,59,61,62,65,68,69,70,71,74,76,77,78,79,81,82,83,87,91,92,93,94,96,97,100,103,104,105,135,109,113,122,123,124,125,126,127,128,132,133,136,137,139,141,145,147,148
108:0,1,3,4,6,10,11,12,13,14,15,18,19,21,24,26,27,28,30,31,32,33,35,36,41,45,46,47,50,52,53,57,58,60,61,62,63,65,69,73,75,79,80,81,83,84,85,86,87,89,91,92,93,95,97,98,100,101,103,105,146,111,112,113,115,116,119,120,121,122,124,125,127,129,130,132,135,140,142,143,144,145,147
109:5,6,7,8,10,12,14,15,16,19,26,29,30,36,37,39,43,45,46,47,49,55,57,58,60,65,66,70,71,73,76,77,79,81,86,90,95,96,99,100,102,104,105,106,107,115,110,112,113,116,118,122,123,126,127,128,131,133,134,138,140,142,146,147,149
110:0,2,11,13,14,22,23,24,25,27,28,29,30,31,33,36,38,39,42,46,47,48,52,54,55,56,61,62,63,65,70,71,72,74,75,76,78,79,82,84,85,87,88,95,96,99,101,104,106,109,116,114,115,117,120,121,125,127,128,129,130,131,133,136,139,140,141,142,143,148,149
111:1,2,4,7,10,11,13,14,15,19,22,24,30,31,33,34,39,42,44,45,47,48,50,51,55,56,59,61,64,66,67,68,71,74,75,76,79,80,81,82,83,88,90,91,92,94,96,97,99,100,101,103,106,108,126,112,113,115,119,121,123,124,129,133,136,138,139,140,141,142,145,148
112:0,1,3,4,7,10,13,15,17,21,25,30,32,33,34,35,39,43,44,45,46,49,50,54,55,57,58,59,62,65,67,68,69,70,72,74,75,76,77,78,79,80,81,83,84,87,88,90,91,92,93,97,98,100,101,102,103,104,105,106,108,109,111,128,115,116,118,119,123,125,129,131,132,134,139,141,143,146,149
113:1,2,3,4,7,11,15,16,21,22,23,25,26,27,29,30,31,41,42,43,47,48,50,53,55,56,59,64,66,68,69,71,72,73,75,77,78,82,86,87,89,97,98,99,100,104,107,108,109,111,140,114,118,120,121,125,126,127,129,130,133,134,136,138,142,143,144,145,147,148
114:0,2,3,4,9,13,15,16,20,23,26,28,30,31,32,34,35,36,39,43,45,48,52,53,59,67,70,71,72,73,74,75,79,81,82,85,86,89,90,92,94,99,100,101,102,103,104,105,110,113,122,115,117,118,119,126,131,134,135,139,140,142,143,147,148,149
115:0,2,5,6,8,10,14,21,22,23,27,30,31,34,37,38,39,40,41,42,45,46,47,50,51,52,54,57,59,60,63,64,65,66,67,71,72,73,75,79,80,81,82,83,87,88,89,91,95,96,97,98,101,108,109,110,111,112,114,128,117,118,119,121,125,127,129,131,132,134,135,138,141,142,143,144,145,149
116:2,5,8,9,16,17,22,23,29,30,32,35,36,38,42,46,47,50,51,53,58,59,63,65,68,69,70,72,73,75,77,79,80,81,83,84,85,86,87,90,92,94,99,103,108,109,110,112,128,117,123,124,125,130,132,133,134,135,136,137,138,139,140,142,145,148,149
117:0,2,4,5,7,8,10,11,12,14,18,20,23,24,25,28,29,30,32,33,34,35,37,38,40,43,45,47,48,54,56,58,59,60,61,64,65,66,68,72,73,75,83,84,86,90,91,92,95,96,98,100,101,103,110,114,115,116,122,118,123,124,128,130,132,133,134,137,139,143,145,148,149
118:0,4,8,9,11,12,15,17,18,20,21,24,26,28,31,32,33,34,36,37,40,41,42,44,47,49,52,53,54,57,58,61,62,63,64,65,66,67,68,69,71,73,74,75,80,81,82,83,85,87,88,90,92,93,94,96,100,102,103,105,109,112,113,114,115,117,141,124,126,130,132,133,134,137,138,139,140,142,144,145,146,148
119:0,3,5,6,7,10,17,20,23,25,27,29,30,31,32,36,38,39,40,42,44,46,47,48,53,54,56,57,62,67,68,72,74,75,76,79,84,85,86,88,91,92,97,99,101,102,103,104,106,108,111,112,114,115,132,120,121,123,124,125,128,130,136,139,140,141,143,144,147,149
120:0,1,2,4,6,7,11,12,13,15,18,20,21,23,24,25,27,31,32,34,35,37,38,42,43,45,52,54,55,57,59,61,64,71,74,76,77,79,80,82,83,85,88,91,94,97,103,105,108,110,113,119,126,122,125,128,134,137,138,142,146,147,148
121:0,1,2,4,5,6,7,8,9,13,15,17,20,21,22,23,24,25,26,31,32,33,34,35,38,39,40,43,44,47,48,51,53,54,57,58,60,61,63,69,71,75,78,81,84,90,91,92,94,95,96,97,99,101,102,103,104,105,108,110,111,113,115,119,123,126,128,131,132,134,143,144,148
122:2,4,5,6,8,9,11,12,14,16,18,20,28,31,33,36,39,42,44,45,46,47,49,51,52,53,54,58,60,65,68,69,72,73,75,76,77,81,82,84,85,86,88,89,92,93,95,96,97,98,100,102,104,105,107,108,109,114,117,120,135,124,126,127,128,130,131,133,136,137,139,140,141,142,143,147,149
123:7,9,11,12,13,14,15,17,18,21,24,25,26,27,28,29,32,34,35,36,38,42,43,44,45,46,49,50,51,53,55,56,58,59,60,61,62,63,64,65,67,69,70,73,74,76,77,78,79,81,82,83,87,88,89,90,91,92,93,94,95,98,101,105,107,109,111,112,116,117,119,121,145,126,127,131,136,140,142,146,147,148,149
124:1,3,4,6,7,9,13,15,16,17,18,19,20,23,24,25,26,27,29,31,37,39,42,43,44,45,47,52,53,57,60,61,62,64,66,68,69,70,71,72,77,80,81,86,87,88,89,92,93,94,95,96,97,98,100,101,102,104,105,106,107,108,111,116,117,118,119,122,132,126,128,131,133,137,141,147,148
125:0,2,5,7,8,9,10,11,12,15,18,19,20,23,27,29,31,32,34,36,38,39,40,41,42,43,44,46,49,50,51,52,53,54,55,58,59,62,63,64,65,67,72,73,75,76,78,83,84,85,86,88,91,95,99,100,102,103,105,106,107,108,110,112,113,115,116,119,120,127,126,130,131,134,136,138,139,140,142,143,145,147,148
126:1,3,5,6,7,11,12,13,14,15,16,17,21,22,29,30,32,34,42,46,48,50,51,52,57,58,62,63,66,70,73,79,81,82,83,84,89,90,92,96,100,101,103,104,105,106,107,109,111,113,114,118,120,121,122,123,124,125,131,127,128,129,134,140,143,144,145,146,147
127:0,1,3,5,7,9,11,12,13,18,19,20,21,23,24,26,28,31,32,33,34,35,36,38,41,42,43,44,45,48,49,50,51,53,54,55,57,59,61,62,63,64,66,68,70,71,72,73,75,78,79,82,84,87,88,93,97,99,100,102,104,107,108,109,110,113,115,122,123,125,126,132,128,129,130,131,133,134,135,136,137,138,140,141,142
128:1,2,3,4,7,8,12,14,21,22,24,26,27,30,32,35,36,38,39,40,44,50,51,54,59,60,62,63,64,67,68,72,73,76,77,79,80,81,82,83,84,90,91,94,96,97,99,102,103,104,107,109,110,112,115,116,117,119,120,121,122,124,126,127,148,129,130,132,133,135,139,141,142,145
129:5,6,8,9,12,16,17,18,19,20,22,24,28,30,35,36,40,41,43,44,45,48,50,51,52,53,54,55,58,59,60,61,62,64,67,69,70,71,72,73,74,76,79,81,82,83,85,87,93,94,98,99,104,106,108,110,111,112,113,115,126,127,128,133,130,138,139,140,148,149
130:0,1,2,8,10,12,15,16,18,20,21,22,24,25,26,27,28,29,32,35,36,38,39,46,48,49,50,56,57,63,64,71,75,77,79,81,83,89,90,91,92,93,95,97,98,99,108,110,113,116,117,118,119,122,125,127,128,129,138,132,135,136,139,140,141,142,143,146,149
131:1,3,5,7,9,11,12,13,14,17,19,21,24,25,26,31,32,33,35,40,46,49,50,52,55,57,62,65,66,67,74,76,78,79,82,83,84,85,86,89,90,91,93,94,96,97,100,101,104,106,109,110,112,114,115,121,122,123,124,125,126,127,139,132,133,135,137,138,141,142,145,146,147
132:3,5,7,8,10,13,14,16,21,24,26,29,30,31,32,37,38,40,43,46,47,49,51,52,53,56,61,62,65,68,70,73,74,76,79,82,85,88,90,91,93,94,100,102,107,108,112,115,116,117,118,119,121,124,127,128,130,131,147,138,141,142
133:0,1,2,3,5,6,8,9,10,14,16,20,23,25,26,30,31,32,33,34,35,40,42,43,45,47,48,51,53,54,55,58,59,65,67,72,73,80,81,82,84,85,86,87,90,93,95,96,97,98,100,101,103,106,107,109,110,111,113,116,117,118,122,124,127,128,129,131,139,134,135,137,141,142,143,149
134:1,2,4,5,10,14,15,16,17,18,22,24,26,27,31,36,37,38,42,43,45,46,48,57,58,59,63,65,66,68,72,73,75,83,85,87,90,92,94,96,98,99,100,103,109,112,113,114,115,116,117,118,120,121,125,126,127,133,143,135,136,140,142,144,145,149
135:1,3,6,8,9,11,15,16,17,18,19,20,21,24,26,29,36,37,39,42,43,44,47,48,49,51,54,55,56,57,59,62,63,64,68,70,76,77,81,82,84,87,93,95,97,98,100,101,103,104,107,108,114,115,116,122,127,128,130,131,133,134,147,136,137,138,140,143,145,146,148
136:1,3,6,7,11,12,14,15,16,18,19,24,25,26,28,29,32,34,39,44,45,48,50,51,53,56,58,61,63,64,66,68,71,73,74,76,78,79,80,82,83,84,85,86,91,93,94,95,96,97,99,102,103,104,107,110,111,113,116,119,122,123,125,127,130,134,135,138,142,143,144,145,147
137:0,2,4,6,7,10,13,15,16,17,18,20,23,24,31,37,40,41,42,44,45,46,47,49,51,52,57,58,59,60,67,68,69,75,76,77,78,79,80,84,85,88,89,90,91,95,104,105,107,116,117,118,120,122,124,127,131,133,135,141,139,142,144,146,147,148
138:2,3,5,7,9,10,13,16,17,20,21,22,24,25,27,29,30,31,34,36,37,38,39,41,42,43,46,47,52,53,55,57,58,59,60,62,65,69,70,72,75,76,81,83,84,88,89,90,94,95,98,103,105,106,109,111,113,115,116,118,120,125,127,129,130,131,132,135,136,142,145,148
139:0,1,6,7,8,9,11,14,15,20,23,24,27,31,34,36,39,42,45,46,47,48,49,52,53,57,58,59,60,63,64,66,67,72,76,80,81,84,85,86,87,89,91,95,96,98,99,102,103,104,106,107,110,111,112,114,116,117,118,119,122,125,128,129,130,131,133,137,142,140,143,144,146,147
140:0,1,2,3,5,6,8,9,10,11,13,16,18,24,27,28,30,32,33,37,38,40,41,43,45,47,48,49,50,51,52,54,55,57,62,63,65,69,70,72,73,75,79,81,82,84,85,86,88,90,91,92,97,99,101,102,104,108,109,110,111,113,114,116,118,119,122,123,125,126,127,129,130,134,135,139,143,141,142,144,145,146,147,149
141:3,4,6,7,8,9,11,13,14,15,16,18,20,22,23,24,26,28,29,34,37,38,40,41,42,45,46,48,50,52,53,54,57,59,63,65,67,70,74,75,76,78,79,82,83,89,90,92,93,94,95,97,101,104,105,107,110,111,112,115,118,119,122,124,127,128,130,131,132,133,137,140,144,142,145,147,149
142:2,3,5,6,15,17,18,19,22,24,25,26,28,29,31,32,33,34,36,40,41,43,44,48,49,52,53,54,55,58,62,63,65,67,68,70,71,73,74,76,84,87,92,93,96,98,100,105,106,108,109,110,111,113,114,115,116,118,120,122,123,125,127,128,130,131,132,133,134,136,137,138,139,140,141,144,145,147
143:4,5,6,9,11,12,13,15,18,19,21,22,25,27,28,29,31,33,35,36,38,39,40,42,48,50,55,56,62,63,64,65,66,67,68,70,72,73,74,75,76,78,81,83,89,92,93,96,99,100,101,102,108,110,112,113,114,115,117,119,121,122,125,126,130,133,134,135,136,139,140,145,146
144:5,7,8,11,12,14,15,17,18,19,20,21,22,23,24,25,27,30,31,33,36,37,38,40,44,50,51,52,54,56,58,60,61,64,65,67,68,69,71,73,74,75,76,77,78,80,82,84,85,88,89,90,92,94,98,102,103,108,113,115,118,119,121,126,134,136,137,139,140,141,142,148,145,146,147
145:1,3,4,6,7,8,10,11,15,18,19,21,22,23,24,25,28,30,31,32,34,35,36,37,38,43,45,46,47,50,51,52,54,58,62,63,66,68,71,73,75,76,77,78,81,84,85,87,89,90,92,95,99,101,104,106,107,108,111,113,115,116,117,118,123,125,126,128,131,134,135,136,138,140,141,142,143,144,148,147,149
146:4,6,7,11,13,14,16,20,21,22,23,25,29,32,33,35,38,39,41,42,44,49,52,55,56,58,61,63,64,68,70,71,76,79,82,84,86,87,89,92,93,95,97,100,101,102,103,104,105,106,108,109,112,118,120,123,126,130,131,135,137,139,140,143,144,149,148
147:0,3,6,8,12,15,17,19,22,23,25,30,32,36,40,41,42,45,47,48,49,51,53,54,55,56,57,59,60,62,63,67,69,71,73,77,80,82,84,89,91,92,94,96,97,99,103,104,105,106,107,108,109,113,114,119,120,122,123,124,125,126,131,132,135,136,137,139,140,141,142,144,145,149,148
148:0,4,6,8,9,11,14,15,16,18,19,21,22,23,26,28,30,31,32,38,41,42,43,45,49,51,53,57,64,65,69,71,72,74,75,76,77,78,81,82,86,88,92,94,97,99,100,104,105,107,110,111,113,114,116,117,118,120,121,123,124,125,128,129,135,137,138,144,145,146,147,149
149:2,4,10,11,13,16,21,23,24,31,34,38,39,42,43,44,45,46,53,55,56,62,65,68,69,70,72,73,74,75,77,79,80,82,84,86,87,88,91,92,97,99,101,104,109,110,112,114,115,116,117,119,122,123,129,130,133,134,140,141,145,146,147,148
