0:113,12,40,49,90,91,103,116,119,120,125
1:88,4,72,92,102,118,124
2:13,15,22,24,35,37,48,66,68,80,82,84,114
3:78,22,26,39,47,63,74,97,107,112
4:1,129,6,17,45,47,61,102,105,110
5:30,8,43,50,68,79,89,103,107,111
6:4,77,9,23,55,80,119
7:64,62,72,73,81,102,104
8:5,74,42,50,55,61,66,72,93,104,123
9:6,114,24,26,33,35,55,63,84,117
10:100,29,70,84,88,96,107,119
11:49,15,18,31,38,47,48,60,65,74,81,83,88,106
12:0,31,22,43,53,65,67,71,76,77,93,100,101,116
13:2,33,21,48,49,61,73,107,122,126
14:22,15,34,36,39,65,90,108
15:2,11,14,33,22,41,59,68,76,116
16:88,23,26,51,79,100,107,112,128
17:4,50,62,67,80,92,104,121,128
18:11,120,20,27,35,58,121,128
19:84,27,29,50,62,76,97,100,107,110,117
20:18,65,35,40,41,66,72,82,90,92,111
21:13,102,52,55,64,69,92
22:2,3,12,14,15,73,27,34,69,77,87,88,99,104
23:6,16,103,26,29,88,91,118
24:2,9,88,26,41,55,62,94,117,118,120
25:121,51,86,111
26:3,9,16,23,24,125,102,104,105,109,115,120
27:18,19,22,66,42,59,87,96
28:96,35,62,67,70,83,92,98,123,126,127
29:10,19,23,73,30,108,116,117
30:5,29,34,65,104,121
31:11,12,46,70,84,88,104,110,111,112,126,128
32:101,41,66,91,94,97
33:9,13,15,101,38,60,63,77,82,87,96,115
34:14,22,30,49,43,67,80,83,107,109,118
35:2,9,18,20,28,111,40,47,66,78,85,98,125,129
36:14,45,37,49,79,91,102,107
37:2,36,86,57,116
38:11,33,63,47,49,71,75,80,105,124,126
39:3,14,55,41,43,46,63,86,87,92
40:0,20,35,88,65,71,76,81,89,103,112
41:15,20,24,32,39,86,62,73,82,83
42:8,27,101,56,69,70,72,92,94,117
43:5,12,34,39,70,44,45,46,56,79,84,87,88,90,92,104,115,125
44:43,48,51,57,84,88,104,108,109,115,125
45:4,36,43,53,48,60,85,100
46:31,39,43,108,72,75,77,85,101,105,117,129
47:3,4,11,35,38,105,88,97,98,129
48:2,11,13,44,45,108,76,83,84,117,124
49:0,11,13,34,36,38,58,51,55,56,75,77,90,96,104,108,125
50:5,8,17,19,66,55,63,65,100,125
51:16,25,44,49,121,59,72,73,75,86,97,110,113,115,120,129
52:21,103,64,79,106
53:12,45,57,55,90
54:74,58,78,83,109,118,124
55:6,8,9,21,24,39,49,50,53,124,56,57,75,80,111,123,127,128,129
56:42,43,49,55,84,65,89,90,94,113
57:37,44,53,55,115,92
58:18,49,54,95,62,115,120
59:15,27,51,91,95,96,113,126,127
60:11,33,45,101,62,63,66,97,121
61:4,8,13,122,93,121
62:7,17,19,24,28,41,58,60,111,77,81,83,105,122
63:3,9,33,38,39,50,60,101,85,117,120
64:7,21,52,83,68,70,71,74,84,92,95,113
65:11,12,14,20,30,40,50,56,115,71,76,85,88,107,112,127
66:2,8,20,27,32,35,50,60,110,83,100
67:12,17,28,34,102,113,114,123
68:2,5,15,64,78,115
69:21,22,42,108,91,92,129
70:10,28,31,42,43,64,108,91,112,116,125
71:12,38,40,64,65,91,81,97,99,115,121
72:1,7,8,20,42,46,51,86,75,79,82,84,85,95,109,120
73:7,13,22,29,41,51,116,76,86,94,107,119
74:3,8,11,54,64,125,75,103,126
75:38,46,49,51,55,72,74,122,87,94,105,108,111
76:12,15,19,40,48,65,73,107,99,100,102,120,125
77:6,12,22,33,46,49,62,93,92,96,99,120
78:3,35,54,68,103,104,119
79:5,16,36,43,52,72,116,80,87,94,108,112
80:2,6,17,34,38,55,79,82,123
81:7,11,40,62,71,84,83
82:2,20,33,41,72,80,128,102,105,108,127
83:11,28,34,41,48,54,62,64,66,81,112,104,107,119,127
84:2,9,10,19,31,43,44,48,56,64,72,81,121,97,102,118
85:35,45,46,63,65,72,106,87,95
86:25,37,39,41,51,72,73,101,87,102,106,116
87:22,27,33,39,43,75,79,85,86,108,88
88:1,10,11,16,22,23,24,31,40,43,44,47,65,87,109,117,127
89:5,40,56,113,95
90:0,14,20,43,49,53,56,121,109,118
91:0,23,32,36,59,69,70,71,122,100,121,127
92:1,17,20,21,28,39,42,43,57,64,69,77,118,122
93:8,12,61,77,105,100,112
94:24,32,42,56,73,75,79,115,95,98,125
95:58,59,64,72,85,89,94,123
96:10,27,28,33,49,59,77,110
97:3,19,32,47,51,60,71,84,101,106,111
98:28,35,47,94,118,100,112
99:22,71,76,77,118,100
100:10,12,16,19,45,50,66,76,91,93,98,99,128,105,106,111,115,120,125
101:12,32,33,42,46,60,63,86,97,118
102:1,4,7,21,26,36,67,76,82,84,86,116,109
103:0,5,23,40,52,74,78,115,106,111,117
104:7,8,17,22,26,30,31,43,44,49,78,83,117
105:4,26,38,46,47,62,75,82,93,100,121,109,113
106:11,52,85,86,97,100,103,123,120,126
107:3,5,10,13,16,19,34,36,65,73,76,83,128,118
108:14,29,44,46,48,49,69,70,75,79,82,87,114
109:26,34,44,54,72,88,90,102,105,126,110,129
110:4,19,31,51,66,96,109,112,125
111:5,20,25,31,35,55,62,75,97,100,103,124,114,115,125
112:3,16,31,40,65,70,79,83,93,98,110,120,118
113:0,51,56,59,64,67,89,105,127,114
114:2,9,67,108,111,113,121,116,117
115:26,33,43,44,51,57,58,65,68,71,94,100,103,111,116
116:0,12,15,29,37,70,73,79,86,102,114,115,126,122,125
117:9,19,24,29,42,46,48,63,88,103,104,114,124
118:1,23,24,34,54,84,90,92,98,99,101,107,112,119,122,123,124
119:0,6,10,73,78,83,118,127
120:0,18,24,26,51,58,63,72,76,77,100,106,112,126
121:17,18,25,30,51,60,61,71,84,90,91,105,114,122,126
122:13,61,62,75,91,92,116,118,121,124,123
123:8,28,55,67,80,95,106,118,122,129
124:1,38,48,54,55,111,117,118,122,127
125:0,26,35,43,44,49,50,70,74,76,94,100,110,111,116,128,127,129
126:13,28,31,38,59,74,106,109,116,120,121,129
127:28,55,59,65,82,83,88,91,113,119,124,125,129
128:16,17,18,31,55,82,100,107,125,129
129:4,35,46,47,51,55,69,109,123,125,126,127,128
