0:34,5,45,49,62,63,75,76,77,85,97,142,143,144,164,166,167,173,182,215,227,239,246,256,260,264,280,303,315,333,342,358,383,384,392,399,402,449,472
1:196,7,11,22,30,38,49,66,67,87,102,104,122,137,160,162,163,171,177,179,180,185,192,199,212,240,245,267,271,275,299,330,339,343,346,355,361,371,383,388,435,437,438,470,478
2:305,9,31,33,38,44,61,75,81,89,99,100,108,152,153,182,190,227,231,259,268,269,285,297,298,299,326,368,370,373,379,387,409,436,454,468
3:411,12,20,27,31,66,79,85,86,104,134,136,140,196,223,224,242,258,267,306,309,317,338,340,355,372,381,391,394,461,475
4:138,19,41,65,67,74,114,120,125,148,186,196,219,233,245,288,290,295,302,309,344,356,363,372,378,403,414,421,424,439,457,472,479
5:0,265,25,35,45,112,115,116,123,133,153,190,238,249,255,256,266,281,282,285,333,368,397,427,434,435,441,442,454,472
6:435,18,40,59,105,111,116,148,164,177,178,204,237,273,285,341,342,364,370,388,393,394,418,431,440,464,468
7:1,347,19,47,63,65,67,70,102,136,159,161,173,196,219,224,251,268,281,320,356,357,370,375,402,452,455,463,471
8:267,25,49,53,93,121,123,127,149,197,243,249,261,262,263,268,310,354,376,383,427,456,469
9:2,354,16,18,23,32,39,45,48,50,62,67,68,79,81,86,90,102,115,119,138,156,176,186,213,239,243,267,271,279,285,299,306,308,343,370,373,417,437,439,442,464,472
10:174,39,90,104,142,157,165,170,173,195,196,203,204,210,224,236,256,262,278,312,317,379,391,422,431,440,444,448,467,468
11:1,89,20,29,52,86,98,101,122,128,130,145,186,211,221,234,240,245,278,280,331,332,335,341,343,348,353,358,377,394,421,426,428,431,434,435,456,458
12:3,316,21,38,48,51,69,85,153,154,164,167,183,223,272,318,323,349,358,380,381,426,428,457,459,471
13:216,38,48,52,109,121,126,127,129,145,149,170,194,211,217,228,251,271,276,277,287,293,300,305,340,344,354,380,395,405,407,413,468,476
14:363,16,20,23,45,47,64,125,129,167,188,214,216,221,223,260,265,281,286,302,312,351,368,375,381,385,389,409,432,443,457,466,474
15:260,50,67,92,97,108,116,144,170,173,175,222,250,269,281,314,324,379,392,416,417,449,460
16:9,14,165,25,39,80,87,101,107,220,221,244,292,293,298,311,313,349,363,371,374,448,469
17:53,28,43,74,78,107,140,143,146,166,174,187,197,203,207,261,268,274,283,287,306,327,341,353,363,365,392,414,435
18:6,9,392,26,39,45,52,67,91,118,124,126,128,137,153,158,159,194,210,222,228,247,250,311,332,357,372,380,428,435,447,463,468,472
19:4,7,93,30,54,60,82,83,96,100,104,120,125,126,160,165,182,197,210,213,221,265,266,271,274,280,288,304,305,318,326,327,351,352,357,361,377,381,392,409,436,444,447,479
20:3,11,14,309,35,51,70,81,101,130,160,173,187,189,191,202,220,266,276,282,294,308,342,374,407,445,458,463,466,474
21:12,479,24,31,68,96,101,104,136,138,156,172,178,210,218,237,256,257,263,276,289,291,312,342,344,346,348,358,360,387,404,438,448,450,474
22:1,434,39,74,101,105,127,131,134,144,145,158,165,177,181,188,213,217,230,264,270,281,296,306,319,332,365,374,375,378,415,432,435,451,476
23:9,14,328,40,63,73,88,92,93,100,158,168,192,222,233,242,246,253,255,275,315,333,347,356,362,387,436,441
24:21,139,61,71,80,110,114,121,123,126,128,175,195,209,217,247,248,261,262,281,288,341,345,347,358,370,375,389,398,402,479
25:5,8,16,122,77,87,112,125,126,130,143,159,163,195,208,218,258,260,275,281,306,343,344,357,373,384,390,391,392,407,409,416,431,432,436,454,456
26:18,265,40,43,53,76,80,109,128,136,142,156,158,195,225,252,268,293,314,332,341,345,428,437,439,444,471,475,476
27:3,220,41,56,66,80,87,89,96,107,109,114,120,152,171,174,196,197,262,272,286,327,332,344,364,374,384,403,475
28:17,83,62,80,96,122,160,162,167,171,194,213,236,257,290,320,323,339,342,347,350,386,389,391,392,393,419,427,446,476
29:11,225,35,50,59,87,107,110,117,121,122,127,133,136,162,165,169,179,186,201,217,218,219,252,257,287,294,301,311,314,330,356,437,453,459,476
30:1,19,263,41,50,55,56,74,89,95,121,125,145,146,160,161,168,182,188,227,228,270,331,374,426,448,472,476,477
31:2,3,21,42,53,55,58,61,102,104,130,132,176,183,196,229,230,277,294,308,327,342,362,385,388,415,428,436,463,466,479
32:9,92,61,68,74,80,88,94,102,136,160,179,185,221,239,251,255,258,274,275,336,352,368,371,372,386,388,390,399,409,420,448,453
33:2,243,39,43,44,60,72,74,77,80,89,91,93,120,126,127,129,146,152,157,160,176,177,194,200,258,262,275,279,294,305,307,314,318,329,341,367,371,380,398,416,419,424,427,432,450,458,460,461,474
34:0,251,37,45,92,94,100,102,129,133,144,147,149,152,165,213,221,224,231,253,271,280,345,346,373,374,377,381,400,416,420,423,429,447,452,460,462,463,465,474
35:5,20,29,265,75,76,77,78,122,158,189,198,201,220,235,238,254,312,314,315,326,329,358,364,387,398,421,437,445,451,457,476
36:458,84,129,133,159,193,198,219,261,282,303,342,348,358,381,390,402,407,410,454,474
37:34,370,48,50,58,82,99,116,133,140,146,163,178,192,201,211,215,225,272,283,288,291,315,325,347,359,380,394,403,433
38:1,2,12,13,212,58,89,105,220,246,265,270,299,335,348,365,368,376,377,413,417,433,436,441,445,449
39:9,10,16,18,22,33,88,40,42,44,72,73,77,146,148,188,194,212,213,218,219,235,267,274,303,311,313,314,327,342,350,353,382,413,424,440,477
40:6,23,26,39,445,43,47,50,54,66,84,86,110,135,145,160,168,169,180,199,235,240,251,257,273,274,275,278,317,321,325,340,350,365,370,377,383,388,397,415,423,438,442,447,451,456,459,460
41:4,27,30,49,75,84,95,101,110,126,147,161,165,173,183,188,193,195,196,221,239,243,260,273,274,282,289,329,338,340,345,367,370,374,391,396,398,402,420,434,448,450,471
42:31,39,322,56,59,61,75,77,111,117,156,168,176,191,223,280,293,297,308,327,340,366,393,399,400,404,419,420,422,448,462,463
43:17,26,33,40,106,44,51,56,70,101,114,122,128,153,240,304,312,367,373,375,390,395,406,450,455,456,463,469
44:2,33,39,43,263,54,71,73,83,121,126,128,140,149,153,174,176,187,224,247,250,260,264,275,276,293,328,357,376,396,440,446,466
45:0,5,9,14,18,34,306,49,57,81,123,134,147,152,197,207,255,292,309,312,325,329,351,354,359,395,410,437,440,466
46:463,97,109,111,135,141,142,151,200,258,277,285,290,310,315,347,359,401,425,430
47:7,14,40,209,97,105,106,130,173,178,189,191,213,235,238,265,308,317,319,335,367,384,399,406,418,431,478
48:9,12,13,37,353,63,66,75,83,86,98,105,108,119,129,138,143,155,160,179,199,201,216,225,237,252,256,263,301,323,336,339,362,366,384,392,405,415,420,450,455
49:0,1,8,41,45,118,55,58,110,113,129,145,146,152,165,194,196,213,237,244,250,264,273,278,282,300,306,316,326,352,371,407,423,425,426,432,477
50:9,15,29,30,37,40,177,58,84,128,167,191,214,217,222,239,241,259,272,335,344,349,354,364,368,379,410,412,424,449,459,462
51:12,20,43,227,52,54,90,104,118,134,145,158,159,165,171,173,213,215,240,249,252,288,294,312,324,334,345,346,350,372,378,392,446,452,458,459,479
52:11,13,18,51,306,55,67,72,87,96,135,153,157,181,196,222,239,269,297,331,346,355,367,369,406,412,417,445,448
53:8,17,26,31,386,58,89,104,110,126,132,138,191,195,215,229,231,234,244,245,273,296,336,371,403,404,405,408,419,443,446,458,461
54:19,40,44,51,250,55,57,64,67,124,139,192,206,211,237,240,260,282,304,329,340,363,401,436,448,454,469,479
55:30,31,49,52,54,122,93,113,129,135,138,150,165,168,226,235,257,269,274,278,317,326,331,344,363,366,368,370,399,413,444,450,455
56:27,30,42,43,64,76,115,125,162,163,193,202,237,271,277,305,312,322,323,325,346,353,361,375,398,476,477
57:45,54,113,60,93,112,124,139,165,186,231,269,290,296,298,320,331,364,411,412,440,454,463,467
58:31,37,38,49,50,53,433,63,73,87,96,100,112,139,176,186,189,195,205,234,236,250,268,319,328,347,355,382,385,391,401,428,434,440,442,450,458,470,473
59:6,29,42,136,113,116,133,150,157,162,163,165,168,182,188,204,217,248,250,253,260,266,278,282,290,292,313,355,363,387,391,394,419,421,424,428,452,474
60:19,33,57,246,67,76,92,95,102,111,113,114,120,146,157,172,193,205,218,223,229,230,245,255,286,290,305,326,327,344,347,378,380,406,423,424,429,437,438,455,463,475
61:2,24,31,32,42,125,86,87,97,166,169,170,175,177,183,195,222,227,248,273,277,292,293,295,323,339,357,361,368,371,374,377,392,420,455
62:0,9,28,337,83,92,105,112,131,146,152,159,180,186,199,212,242,270,287,288,295,296,304,321,328,339,350,356,374,376,398,404,410,413,437,464,476
63:0,7,23,48,58,223,79,95,106,107,128,132,137,193,237,239,253,277,305,329,342,356,371,372,376,414,437,462,467,477
64:14,54,56,138,70,72,87,89,90,109,121,135,165,180,187,197,203,204,217,218,242,251,295,310,320,337,382,396,405,415,419,435,448,457,471
65:4,7,471,88,98,100,106,115,130,136,139,143,170,171,172,177,199,202,203,206,207,229,282,287,291,302,310,337,338,343,369,397,423,427,437,453,455,465,467,469
66:1,3,27,40,48,299,71,72,75,93,127,159,169,185,188,206,224,231,246,269,278,283,294,312,329,342,347,361,382,384,398,400,402,413,440,445,449
67:1,4,7,9,15,18,52,54,60,156,80,84,90,94,165,169,176,180,199,203,218,228,328,354,423,435,465
68:9,21,32,469,73,127,162,180,187,196,221,237,240,242,280,300,337,347,365,374,378,379,385,431,455
69:12,100,84,90,99,113,116,133,141,151,156,164,199,206,237,238,268,278,311,332,363,370,378,408,411,449,452
70:7,20,43,64,415,137,140,154,158,171,182,188,190,203,213,216,224,265,278,299,329,374,378,387,404,409,422,438,440,446,460,475,477
71:24,44,66,197,88,101,108,116,123,126,130,143,174,195,204,214,238,274,289,300,312,333,341,385,403,410,413,419
72:33,39,52,64,66,256,88,131,143,151,152,161,173,176,190,217,269,274,312,320,343,369,373,382,389,409,417,465,471,477
73:23,39,44,58,68,199,84,93,98,109,112,141,144,157,200,205,208,216,218,220,231,236,238,241,251,265,266,299,319,325,336,385,416,422,441,449,455,477
74:4,17,22,30,32,33,391,76,95,113,114,119,137,150,171,201,231,232,238,241,263,294,298,299,301,302,310,328,356,359,364,373,378,389,468
75:0,2,35,41,42,48,66,451,103,106,111,132,167,173,185,193,197,203,205,206,208,214,218,228,235,284,287,300,303,304,309,318,332,334,365,373,386,398,418,429,436,465,469
76:0,26,35,56,60,74,444,97,118,129,144,186,199,204,209,220,228,249,258,265,266,269,304,314,340,380,383,420,423,426,448
77:0,25,33,35,39,42,89,79,91,159,166,171,192,194,200,217,235,256,265,269,283,286,335,360,365,381,383,387,392,403,421,429,436,444,471
78:17,35,239,80,85,106,130,165,184,194,199,200,218,260,274,278,314,328,349,366,368,382,394,398,401,404,419,422,426,444,468,472
79:3,9,63,77,459,84,105,131,139,164,178,183,203,216,241,242,279,290,330,341,358,361,366,392,405,463
80:16,24,26,27,28,32,33,67,78,266,106,112,143,155,185,204,211,216,219,249,272,295,316,320,353,358,375,387,400,401,420,421,459
81:2,9,20,45,364,93,103,109,160,207,211,222,226,227,228,247,260,289,298,299,322,334,344,345,377,378,391,395,406,421,424,435,440,445,447,452,470
82:19,37,415,89,105,145,151,185,199,210,219,221,224,226,280,289,328,329,334,346,352,360,362,368,397,434,463,477
83:19,28,44,48,62,363,106,132,139,151,158,162,165,167,205,229,238,241,246,251,256,267,274,275,282,291,313,323,325,346,414,424,431,432,465
84:36,40,41,50,67,69,73,79,262,86,96,111,164,167,169,191,237,256,268,286,309,311,340,355,384,413,434,439,448,461,471
85:0,3,12,78,139,106,121,158,173,194,204,205,208,209,219,232,243,269,279,281,283,286,288,300,310,319,341,365,424,471
86:3,9,11,40,48,61,84,320,98,106,137,148,157,167,201,222,234,266,272,296,303,307,317,333,343,356,392,397,404,429,436,441,443,450,465,467,478
87:1,16,25,27,29,52,58,61,64,199,90,106,123,134,157,160,165,169,179,185,193,203,212,232,241,247,255,261,269,270,280,284,286,290,301,306,310,324,330,337,344,376,377,404,435,444,464
88:23,32,39,65,71,72,114,108,122,130,141,147,149,151,154,162,165,174,176,177,178,183,195,215,218,223,236,252,268,307,333,346,347,352,358,383,403,419,462
89:2,11,27,30,33,38,53,64,77,82,168,100,113,124,130,149,178,182,212,227,233,246,260,269,288,295,305,326,369,387,409,432,440,456,472
90:9,10,51,64,67,69,87,202,101,108,152,157,196,210,225,235,243,262,264,319,328,340,356,362,393,416,424,447,458,461,478
91:18,33,77,112,98,110,116,118,134,144,154,155,181,191,201,202,254,275,279,315,327,330,338,339,355,369,380,398,424,428,436,450,457,459,460
92:15,23,32,34,60,62,408,93,105,120,137,168,169,183,190,200,226,245,276,299,306,317,332,335,352,355,364,366,368,380,383,426,431,455,462,468
93:8,19,23,33,55,57,66,73,81,92,463,107,126,127,131,136,137,142,154,161,175,177,180,192,221,232,247,254,287,293,296,305,308,312,321,324,342,347,364,365,370,375,395,404,417,436,450,467
94:32,34,67,137,163,164,202,216,222,253,277,278,279,286,291,316,360,361,372,373,416,457
95:30,41,60,63,74,242,118,155,159,173,194,195,200,203,235,244,254,257,281,293,301,308,312,317,329,330,352,354,359,384,398,440,457,458,475
96:19,21,27,28,52,58,84,440,108,132,138,170,197,200,218,220,235,259,262,274,282,285,299,304,306,309,310,315,325,352,354,377,383,439,461
97:0,15,46,47,61,76,152,100,101,105,115,133,141,206,217,227,260,261,266,267,274,284,315,328,346,348,354,367,373,393,414,417,420,426,429,455,465,475
98:11,48,65,73,86,91,419,100,104,132,137,145,162,165,180,228,247,248,249,276,295,311,334,358,364,369,376,412,416,452,465,469
99:2,37,69,163,111,121,125,165,169,184,207,209,220,237,268,274,287,295,296,331,333,338,347,355,376,409,433,451,465,477
100:2,19,23,34,58,65,69,89,97,98,289,151,160,174,176,219,226,232,256,271,282,297,308,314,328,349,352,381,395,455,468,472
101:11,16,20,21,22,41,43,71,90,97,378,111,144,182,189,200,202,203,243,254,271,284,289,311,312,341,344,362,372,391,396,407,411,450,462
102:1,7,9,31,32,34,60,344,138,144,176,188,191,195,196,214,218,236,242,246,255,258,264,268,274,285,306,311,343,363,370,402,410,421,422
103:75,81,286,113,116,126,127,134,135,137,138,139,147,154,159,166,177,180,184,214,224,257,262,267,295,308,311,329,395,406,416,422,428,443,449,479
104:1,3,10,19,21,31,51,53,98,176,119,123,141,161,191,202,218,239,240,241,246,269,278,293,297,318,336,362,374,386,390,433,455,468,471,478
105:6,22,38,47,48,62,79,82,92,97,385,145,185,208,209,220,221,224,229,237,250,255,284,338,353,356,357,379,382,383,404,405,421,431,433,448,449
106:43,47,63,65,75,78,80,83,85,86,87,373,157,190,206,222,242,253,254,261,310,331,338,356,360,362,368,376,394,417,421,422,426,430,437,442,461,475
107:16,17,27,29,63,93,419,114,170,205,251,252,264,299,310,318,347,372,393,396,408,416,420,423,443,469
108:2,15,48,71,88,90,96,136,118,119,129,140,169,177,179,180,196,217,231,283,306,317,336,348,358,388,412,421,425,467,472,479
109:13,26,27,46,64,73,81,350,138,143,153,191,204,222,225,227,236,245,259,270,280,291,315,322,329,338,359,371,380,383,395,419,439,476
110:24,29,40,41,49,53,91,145,115,139,152,156,164,165,184,216,222,235,243,252,323,384,390,392,407,408,427,433,436,449,451,459,461
111:6,42,46,60,75,84,99,101,153,115,131,160,166,179,195,197,204,245,253,254,264,306,315,316,331,340,400,425,431,446,451,479
112:5,25,57,58,62,73,80,91,263,114,160,193,195,199,210,228,239,244,250,252,274,360,362,373,390,392,406,429,458,476
113:49,55,57,59,60,69,74,89,103,365,143,148,153,155,166,185,190,193,195,230,248,270,274,281,297,336,344,352,358,393,400,406,412,418,419,445,447,471
114:4,24,27,43,60,74,88,107,112,253,118,124,128,141,143,148,194,216,226,281,293,325,362,363,375,381,395,418,420,428,465,468
115:5,9,56,65,97,110,111,127,144,153,182,186,188,192,201,217,227,234,243,247,262,327,333,368,373,383,387,393,403,425,427,429,440,451,462,464,466
116:5,6,15,37,59,69,71,91,103,163,132,140,161,203,206,209,236,242,253,274,306,323,337,341,342,403,404,412,419
117:29,42,146,123,150,154,164,169,211,214,226,227,229,297,301,309,353,355,384,452,457,474
118:18,49,51,76,91,95,108,114,337,187,194,210,222,227,229,236,250,251,297,305,329,348,355,393,417,419,448,453,476
119:9,48,74,104,108,280,125,132,181,188,192,219,265,304,321,329,338,360,363,365,373,376,377,384,434,439,445,449,450,475,477
120:4,19,27,33,60,92,362,161,170,200,214,241,278,289,319,326,332,374,392,406,430,442,465
121:8,13,24,29,30,44,64,85,99,233,124,139,191,203,265,269,270,293,298,303,315,347,379,401,425,444,445
122:1,11,25,28,29,35,43,55,88,163,146,154,188,215,225,250,254,306,345,347,350,372,380,424,452,456,463,478
123:5,8,24,45,71,87,104,117,310,151,172,178,194,211,228,242,245,263,272,275,283,323,324,339,345,359,373,395,432
124:18,54,57,89,114,121,218,126,129,133,168,191,210,225,227,237,260,262,313,314,315,339,342,358,372,377,413,423,434,438,440,464
125:4,14,19,25,30,56,61,99,119,389,131,171,224,232,240,244,277,286,304,310,317,331,349,358,375,388,394,417,432,434,440,453,457,476,478
126:13,18,19,24,25,33,41,44,53,71,93,103,124,245,127,140,152,204,225,229,247,308,322,328,362,374,397,472
127:8,13,22,29,33,66,68,93,103,115,126,291,136,150,151,153,163,182,190,191,193,206,215,216,220,222,228,242,278,286,296,306,307,318,332,335,342,346,362,388,405,409,424,430,432,440,444,460,463,472,476
128:11,18,24,26,43,44,50,63,114,189,141,142,144,187,188,205,225,227,228,238,257,266,322,402,409,440,460,468,471,473
129:13,14,33,34,36,48,49,55,76,108,124,309,146,148,160,196,207,248,257,284,307,313,323,341,345,347,360,362,370,377,400,431,439,440
130:11,20,25,31,47,65,71,78,88,89,229,134,146,193,197,211,216,236,250,258,267,278,313,314,326,345,384,394,399,409,415,435,442,479
131:22,62,72,79,93,111,125,245,148,158,172,177,188,190,209,219,223,235,261,262,264,275,280,301,318,322,338,353,357,362,363,376,406,420,428
132:31,53,63,75,83,96,98,116,119,313,147,158,197,198,234,246,260,266,273,274,292,310,318,334,347,357,360,383,390,400,411,413,414,418,433,436,440,444,454
133:5,29,34,36,37,59,69,97,124,246,140,143,149,166,216,223,233,234,244,249,255,290,312,323,327,359,361,396,399,458,470
134:3,22,45,51,87,91,103,130,367,135,138,150,155,161,182,222,226,266,300,301,322,324,346,348,365,386,392,444,468
135:40,46,52,55,64,103,134,368,190,217,223,237,242,247,303,312,333,339,346,350,354,370,375,388,390,411,416,422,438,439,452,457,469,478
136:3,7,21,26,29,32,59,65,93,108,127,213,150,158,177,183,224,230,251,264,272,282,288,289,303,316,318,328,361,363,379,439,460,471,477
137:1,18,63,70,74,86,92,93,94,98,103,311,154,163,166,180,199,204,213,219,277,316,344,346,347,352,362,368,376,383,387,396,402,412,422,427,441,464,465,479
138:4,9,21,48,53,55,64,96,102,103,109,134,309,146,154,166,187,194,197,198,204,210,218,222,223,227,257,259,263,270,295,311,313,318,329,359,379,381,399,422,460
139:24,54,57,58,65,79,83,85,103,110,121,399,146,152,222,233,250,255,266,274,295,309,312,325,330,343,359,386,413,424,427,433,445,457,459,463
140:3,17,37,44,70,108,116,126,133,207,141,150,162,169,188,215,217,271,290,292,294,305,306,323,384,393,399,431,433,445,459,475
141:46,69,73,88,97,104,114,128,140,309,144,156,183,206,210,287,288,342,348,375,378,380,418,433,452,455,474,479
142:0,10,26,46,93,128,460,160,188,193,219,227,247,270,295,297,343,353,362,397,445,471
143:0,17,25,48,65,71,72,80,109,113,114,133,272,170,184,198,201,281,289,298,318,346,355,363,383,387,390,395,404,420,421,476
144:0,15,22,34,73,76,91,101,102,115,128,141,248,153,160,221,268,273,277,296,300,319,321,331,336,354,356,361,374,383,439,441,444,445,464,473,478
145:11,13,22,30,40,49,51,82,98,105,110,328,158,182,204,234,267,268,282,332,333,341,345,351,358,411,412,424,444
146:17,30,33,37,39,49,60,62,117,122,129,130,138,139,414,161,162,190,192,196,199,232,234,256,277,280,283,310,329,334,346,358,374,384,403,425,429,434,441,449,475
147:34,41,45,88,103,132,237,171,174,185,190,192,194,195,202,249,263,267,268,283,290,299,301,310,316,318,323,352,366,370,372,377,381,386,411,413,417,423,447,451,452,472
148:4,6,39,86,113,114,129,131,200,170,179,184,198,207,226,236,266,283,286,319,332,365,369,371,385,415,475
149:8,13,34,44,88,89,133,165,188,197,205,209,216,232,234,256,263,298,323,337,344,348,366,368,383,394,402,471
150:55,59,74,117,127,134,136,140,249,153,187,198,231,253,265,274,280,283,306,337,362,371,373,389,412,432,439,444,450,453,468,477
151:46,69,72,82,83,88,100,123,127,271,180,187,189,193,194,197,207,213,235,237,242,246,260,267,274,275,290,312,314,319,345,360,363,393,400,417,422,431,441,454,462,466,469
152:2,27,33,34,45,49,62,72,90,97,110,126,139,207,155,183,230,236,241,257,270,273,279,317,322,331,333,340,346,361,369,383,386,394,426,479
153:2,5,12,18,43,44,52,109,111,113,115,127,144,150,432,164,177,204,206,213,226,238,242,250,253,278,285,287,305,335,340,359,437,439,470
154:12,70,88,91,93,103,117,122,137,138,255,159,161,180,196,217,257,258,262,296,302,320,327,362,363,394,395,425,461,470
155:48,80,91,95,113,134,152,274,185,187,190,191,197,208,214,267,269,283,294,299,300,301,321,336,345,374,383,405,411,412,416,424,443,461,478
156:9,21,26,42,67,69,110,141,262,171,176,181,197,230,246,257,278,304,315,327,333,346,353,364,388,437,440,451,458,467,476
157:10,33,52,59,60,73,86,87,90,106,401,172,198,212,230,242,246,266,285,302,323,329,333,345,352,363,369,382,384,395,405,428,452,477
158:18,22,23,26,35,51,70,83,85,131,132,136,145,423,169,179,191,236,242,250,280,281,287,292,293,299,300,319,323,326,353,366,373,413,416,426,458,461,473,479
159:7,18,25,36,51,62,66,77,95,103,154,185,165,191,209,231,242,250,259,264,269,275,304,318,319,402,405,437,440,453,458,468
160:1,19,20,28,30,32,33,40,48,81,87,100,111,112,129,142,144,463,171,203,214,245,252,257,261,297,347,375,387,396,429,430,434,441,468,469,476
161:7,30,41,72,93,104,116,120,134,146,154,378,174,181,184,186,209,210,220,223,224,232,300,303,316,324,339,350,356,368,400,401,415,423,424,427,431,441,444,476
162:1,28,29,56,59,68,83,88,98,140,146,446,228,232,246,249,252,257,274,278,313,332,336,339,348,350,393,396,404,431,434,447,454
163:1,25,37,56,59,94,99,116,122,127,137,196,292,299,309,330,361,365,371,394,417,433,460,464,466
164:0,6,12,69,79,84,94,110,117,153,348,171,182,197,205,212,219,245,248,265,268,272,279,285,289,302,310,318,331,334,352,369,377,393,397,401,412,434,436,454,471
165:10,16,19,22,29,34,41,49,51,55,57,59,64,67,78,83,87,88,98,99,110,149,159,461,168,174,180,185,188,200,216,242,247,257,267,270,302,304,305,309,322,340,355,365,366,386,390,393,395,409,463
166:0,17,61,77,103,111,113,133,137,138,257,168,185,186,256,286,287,318,328,335,336,342,343,357,359,381,394,428,429,472,475
167:0,12,14,28,50,75,83,84,86,198,174,214,217,220,242,244,247,265,281,291,301,304,325,327,357,397,406,435
168:23,30,40,42,55,59,89,92,124,165,166,444,171,181,234,259,320,366,369,373,377,389,394,396,413,424,427,440,443,477
169:29,40,61,66,67,84,87,92,99,108,117,140,158,252,183,195,196,244,271,290,310,323,371,394,401,424,445,461,469
170:10,13,15,61,65,96,107,120,143,148,295,183,218,226,241,249,259,260,270,313,314,316,332,334,345,354,374,387,402,427,432,436,439,466
171:1,27,28,51,65,70,74,77,125,147,156,160,164,168,451,179,198,205,208,230,260,298,300,303,312,325,332,333,378,382,408,411,416,431,466,472,477
172:21,60,65,123,131,157,477,208,210,252,266,267,273,276,284,287,294,304,341,355,356,370,379,381,385,402,403,407,412,431,449
173:0,7,10,15,20,41,47,51,72,75,85,95,473,178,213,283,289,300,310,324,331,344,379,394,420,432,448,451,463,476,477
174:10,17,27,44,71,88,100,147,161,165,167,432,176,178,190,197,198,206,229,237,248,286,291,303,344,391,393,394,416,424,438,461,469
175:15,24,61,93,208,221,261,266,267,269,270,273,274,288,322,333,357,394,399,450,474
176:9,31,33,42,44,58,67,72,88,100,102,104,156,174,359,177,189,190,201,232,234,241,256,257,277,280,292,344,353,380,401,405,406,439,443
177:1,6,22,33,50,61,65,88,93,103,108,131,136,153,176,288,179,200,204,227,285,345,354,357,366,369,379,384,401,424,431,434
178:6,21,37,47,79,88,89,123,173,174,255,182,183,191,236,299,308,324,344,345,358,388,396,446,447,456,465
179:1,29,32,48,87,108,111,148,158,171,177,442,183,209,213,229,232,268,278,285,286,295,303,321,323,326,327,359,407,413,418,423,445,457
180:1,40,62,64,67,68,93,98,103,108,137,151,154,165,445,229,237,238,239,261,274,319,325,333,359,370,374,389,401,406,415,428,429,444,459,464,466,469,474
181:22,52,91,119,156,161,168,375,186,191,229,244,245,252,254,263,267,277,289,295,301,304,330,336,349,351,358,366,369,377,378,384,400,420,421,430,444,450,452,459,472
182:0,2,19,30,59,70,89,101,115,127,134,145,164,178,407,213,219,222,227,235,244,259,264,277,278,298,307,322,330,336,348,352,353,395,396,401,405,410,430
183:12,31,41,61,79,88,92,136,141,152,169,170,178,179,380,186,187,221,225,242,263,270,306,317,344,351,362,383,432,443,445,473,478
184:78,99,103,110,143,148,161,233,209,214,232,241,247,249,255,261,268,286,295,305,340,362,370,374,392,398,409,464
185:1,32,66,75,80,82,87,105,113,147,155,159,165,166,313,194,199,200,203,207,210,226,237,242,249,255,265,283,292,333,341,372,373,379,381,389,421,429,435,445,452,472
186:4,9,11,29,57,58,62,76,115,161,166,181,183,264,219,231,272,274,279,308,311,337,357,363,375,389,402,412,418,421,422,434
187:17,20,44,64,68,118,128,138,150,151,155,183,312,195,198,203,207,211,215,218,224,229,300,320,341,361,373,389,411,464,468
188:14,22,30,39,41,59,66,70,102,115,119,122,128,131,140,142,149,165,222,189,191,205,209,219,247,304,310,322,345,359,416,440
189:20,35,47,58,101,128,151,176,188,284,200,249,260,263,320,363,366,389,393,404,413,462
190:2,5,70,72,92,106,113,127,131,135,146,147,155,174,176,306,213,237,244,255,256,292,293,340,362,363,397,436,438,442,452,454,464,465,467,469,475
191:20,42,47,50,53,84,91,102,104,109,121,124,127,155,158,159,178,181,188,269,196,199,207,236,238,262,265,278,310,315,336,344,345,351,354,382,390,403,404,431,440,461,470
192:1,23,37,54,77,93,115,119,146,147,242,202,225,235,246,253,276,285,286,312,342,358,361,389,410,424,452,458
193:36,41,56,60,63,75,87,112,113,127,130,142,151,257,210,219,226,229,233,234,284,321,335,338,360,365,391,405,435,460,475
194:13,18,28,33,39,49,77,78,85,95,114,118,123,138,147,151,185,462,196,218,234,235,281,283,304,310,321,322,330,367,386,389,404,463
195:10,24,25,26,41,53,58,61,71,88,95,102,111,112,113,147,169,187,352,219,228,247,273,286,306,310,339,340,353,369,384,395,413,416,421,432,445,468,470
196:1,3,4,7,10,27,31,41,49,52,68,90,102,108,129,146,154,163,169,191,194,302,203,272,275,284,289,303,333,358,379,383,391,422,425,445,454,467
197:8,17,19,27,45,64,71,75,96,111,130,132,138,149,151,155,156,164,174,404,198,203,215,231,249,258,263,268,283,289,307,311,319,332,342,351,364,371,375,400,401,405,408,414,420,425,457,464,479
198:35,36,132,138,143,148,150,157,167,171,174,187,197,303,245,263,321,322,340,342,354,358,375,404,416,440,445,465
199:1,40,48,62,65,67,69,73,76,78,82,87,112,137,146,185,191,296,212,231,235,237,247,250,274,280,315,319,331,359,376,386,391,393,429,430,431,478
200:33,46,73,77,78,92,95,96,101,120,148,165,177,185,189,279,232,263,280,299,323,334,338,339,354,362,373,389,407,423,425,427,433,434,465,470,476
201:29,35,37,48,74,86,91,115,143,176,333,209,222,248,256,264,265,316,320,324,327,334,362,363,370,377,379,386,388,401,426,429,446
202:20,56,65,90,91,94,101,104,147,192,245,224,225,228,233,257,269,277,291,307,333,335,347,349,369,386,394,416,420,458,461,469
203:10,17,64,65,67,70,75,79,87,95,101,116,121,160,185,187,196,197,212,226,233,240,280,283,287,312,313,316,369,381,385,441,445,446,459,465,479
204:6,10,59,64,71,76,80,85,109,111,126,137,138,145,153,177,259,236,249,254,307,310,318,321,326,347,355,361,387,393,403,446,449,461,462
205:58,60,73,75,83,85,107,128,149,164,171,188,462,229,240,245,301,342,356,364,365,370,372,396,408,422,445,446,470
206:54,65,66,69,75,97,106,116,127,141,153,174,474,225,239,277,292,295,312,313,315,330,362,375,401,420,429,453,466,471
207:17,45,65,81,99,129,140,148,151,152,185,187,191,354,224,228,230,240,244,292,308,357,358,360,364,379,410,422,446,453
208:25,73,75,85,105,155,171,172,175,321,222,262,280,285,306,308,313,323,328,332,356,358,365,368,369,386,410,454,464
209:24,47,76,85,99,105,116,131,149,159,161,179,184,188,201,297,232,233,275,292,298,336,375,396,420,455,473
210:10,18,19,21,82,90,112,118,124,138,141,161,172,185,193,415,211,255,262,281,291,298,300,304,318,341,343,373,378,385,394,396,433,434,454,456,464,467,469,477
211:11,13,37,54,80,81,117,123,130,187,210,338,217,231,237,262,273,312,326,336,347,354,359,377,384,385,428,439,470,479
212:1,38,39,62,87,89,157,164,199,203,325,220,226,235,245,248,275,276,303,314,315,338,347,374,378,380,384,385,387,397,417,429,445,456,461
213:9,19,22,28,34,39,47,49,51,70,136,137,151,153,173,179,182,190,263,217,234,245,247,258,269,276,312,327,341,343,392,434,450,457,467
214:14,50,71,75,102,103,117,120,155,160,167,184,318,221,227,230,260,264,267,322,323,328,336,352,366,367,382,394,412,428,446,451,460,462,464
215:0,37,51,53,88,122,127,140,187,197,305,221,238,257,264,266,288,298,316,317,330,393,416,437,450,454,456,461
216:13,14,48,70,73,79,80,94,110,114,127,130,133,149,165,253,227,242,249,261,268,276,289,296,297,300,330,331,351,353,380,386,392,394,397,406,434,456
217:13,22,24,29,50,59,64,72,77,97,108,115,135,140,154,167,211,213,440,224,227,230,260,261,262,267,289,292,309,318,325,370,390,396,407,416,417,468,473,478
218:21,25,29,39,60,64,67,73,75,78,88,96,102,104,124,138,170,187,194,301,232,234,251,254,261,265,288,298,320,335,344,348,356,358,363,390,398,401,411,413,438,445,461
219:4,7,29,36,39,80,82,85,100,119,131,137,142,164,182,186,188,193,195,379,257,258,286,292,310,318,320,322,326,334,335,359,362,364,387,399,420,421
220:16,20,27,35,38,73,76,96,99,105,127,161,167,212,348,225,237,240,244,247,251,256,270,305,317,319,335,356,359,367,371,372,386,388,460,477
221:11,14,16,19,32,34,41,68,82,93,105,144,175,183,214,215,402,253,256,264,265,268,279,281,286,299,336,375,387,398,408,418,425,434,466
222:15,18,23,50,52,61,81,86,94,106,109,110,118,127,134,138,139,182,188,201,208,292,256,262,277,285,300,303,325,348,369,376,437,449,456
223:3,12,14,42,60,63,88,131,133,135,138,161,401,229,250,257,273,290,291,299,324,341,370,396,455,460,475,476,477
224:3,7,10,34,44,66,70,82,103,105,125,136,161,187,202,207,217,289,236,257,290,291,292,332,338,355,356,359,374,405,424,431,450
225:26,29,37,48,90,109,122,124,126,128,183,192,202,206,220,441,235,244,277,305,311,343,363,374,386,401,421,443,444,464,466,472,474,479
226:55,81,82,92,100,114,117,134,148,153,170,185,193,203,212,232,231,233,241,249,253,260,272,292,294,296,303,348,353,361,365,377,417,419,429,431,434,441,443,469
227:0,2,30,51,61,81,89,97,109,115,117,118,124,128,138,142,177,182,214,216,217,233,231,245,261,296,300,301,315,341,347,348,370,386,388,419,422,457
228:13,18,30,67,75,76,81,98,112,123,127,128,162,195,202,207,295,229,233,247,280,286,288,305,311,316,340,344,366,373,381,400,417,429,441,454
229:31,53,60,65,83,105,117,118,126,130,174,179,180,181,187,193,205,223,228,305,238,243,248,252,255,256,272,288,290,338,345,346,352,460,465
230:22,31,60,113,136,152,156,157,171,207,214,217,231,238,253,274,340,382,406,411,430,443,455,457,458
231:2,34,53,57,66,73,74,108,150,159,186,197,199,211,226,227,230,401,258,263,283,286,308,318,331,348,352,364,371,375,412,420
232:74,85,87,93,100,125,146,149,161,162,176,179,184,200,209,218,226,292,251,261,291,302,309,353,355,357,359,373,386,414,431,439,443,462,464
233:4,23,89,121,133,139,184,193,202,203,209,226,227,228,349,242,246,274,277,280,304,329,345,368,378,393,399,405,412,424,452,453,461
234:11,53,58,86,115,132,133,145,146,149,168,176,193,194,213,218,450,236,273,278,287,296,326,327,330,333,336,368,378,407,420,436,477
235:35,39,40,47,55,75,77,90,95,96,110,131,151,182,192,194,199,212,225,367,244,246,256,258,267,268,293,323,329,348,349,379,391,410,412,447,448,451,463,469
236:10,28,58,73,88,102,109,116,118,130,148,152,158,178,191,204,224,234,434,260,331,348,366,376,394,412,432,470,473
237:6,21,48,49,54,56,63,68,69,84,99,105,124,135,147,151,174,180,185,190,199,211,220,296,252,253,271,276,285,300,363,384,386,396,397,401,411,434,439,446,475
238:5,35,47,69,71,73,74,83,128,153,180,191,215,229,230,443,249,265,297,298,315,321,344,368,379,401,417,418,460,474
239:0,9,32,41,50,52,63,78,104,112,180,206,320,249,260,282,293,295,304,319,325,326,335,351,376,378,400,451,459,479
240:1,11,40,43,51,54,68,104,125,203,205,207,220,371,260,270,314,329,335,349,361,395,396,400,410,411,415,428,435,444,446
241:50,73,74,79,83,87,104,120,152,170,176,184,226,299,243,259,264,289,309,311,322,340,363,380,381,389,401,411,418,419,438,456,478
242:3,23,62,64,68,79,95,102,106,116,123,127,135,151,153,157,158,159,165,167,183,185,192,216,233,270,246,248,266,292,312,316,348,364,368,417,439,456,463,477
243:8,9,33,41,85,90,101,110,115,229,241,335,270,281,288,298,300,345,348,349,353,380,381,396,415,454,471
244:16,49,53,95,112,125,133,167,169,181,182,190,207,220,225,235,292,264,272,293,309,310,311,368,383,411,419,421,436,460,469,479
245:1,4,11,53,60,92,109,111,123,126,131,160,164,181,198,202,205,212,213,227,456,260,305,314,325,330,336,337,350,406,419,448,450,474
246:0,23,38,60,66,83,89,102,104,132,133,151,156,157,162,192,233,235,242,285,291,293,314,320,325,331,343,350,357,358,366,400,410,413,416,420,423,431,436,437,439,449,457,468
247:18,24,44,81,87,93,98,115,126,135,142,165,167,184,188,195,199,213,220,228,443,258,304,312,316,355,366,384,418,422,423,448,456,463
248:24,59,61,98,113,129,144,164,174,201,212,229,242,393,263,286,313,337,338,354,370,375,379,386,387,391,409,452
249:5,8,51,76,80,98,133,147,150,162,170,184,185,189,197,204,216,226,238,239,390,253,288,289,298,306,320,337,338,354,362,386,411,413,430,451,467
250:15,18,44,49,54,58,59,105,112,118,122,130,139,153,158,159,199,223,367,251,254,277,285,296,298,358,365,368,391,421,434,436,458,467,479
251:7,13,32,34,40,64,73,83,107,118,136,218,220,232,250,440,297,307,342,356,376,383,397,405,417,431,443,444,477
252:26,29,48,51,88,107,110,112,160,162,169,172,181,229,237,264,255,265,268,289,299,320,326,334,342,346,352,425,433,463,465,468,473,478
253:23,34,59,63,94,106,111,114,116,150,153,192,216,221,226,230,237,249,264,255,256,265,268,309,331,360,395,396,422,423,443,445,447,466
254:35,91,93,95,101,106,111,122,181,204,218,250,320,264,273,286,291,318,333,338,347,357,361,362,368,379,403,449,458
255:5,23,32,45,60,87,102,105,133,139,154,178,184,185,190,210,229,252,253,434,286,296,315,339,347,355,360,362,377,378,400,416,421,425,427,436,441,457,464,469
256:0,5,10,21,48,72,77,83,84,100,146,149,166,176,190,201,220,221,222,229,235,253,302,264,293,299,358,367,369,383,405,446,457,470,478
257:21,28,29,40,55,95,103,128,129,138,152,154,156,160,162,165,166,176,193,202,215,219,223,224,264,278,280,286,291,302,307,314,327,328,348,352,369,370,378,407,415,418,429,433,434
258:3,25,32,33,46,76,102,130,154,197,213,219,231,235,247,332,263,291,324,329,335,342,375,377,405,416,423,428,431,432,440,453,468
259:2,50,96,109,138,159,168,170,182,204,241,339,278,280,305,317,360,368,377,444,450,465
260:0,14,15,25,41,44,54,59,78,81,89,97,124,132,151,170,171,189,214,217,226,236,239,240,245,461,311,314,320,331,332,334,370,396,410,429,431,466
261:8,17,24,36,87,97,106,131,160,175,180,184,216,217,218,227,232,409,265,271,282,285,323,327,330,339,342,415,417,419,431,448
262:8,10,24,27,33,84,90,96,103,115,124,131,154,156,191,208,210,211,217,222,314,281,313,337,340,343,346,351,386,388,397,406,410,429,444,475
263:8,21,30,44,48,74,112,123,138,147,149,181,183,189,197,198,200,213,231,248,258,381,265,310,361,372,378,397,413,418,431,460,465
264:0,22,44,49,90,102,107,111,131,136,159,182,186,201,214,215,221,241,244,252,253,254,256,257,366,317,340,374,376,377,382,386,399,405,407,411,412,416,419,422,439,442,452,453
265:5,14,19,26,35,38,47,70,73,76,77,119,121,150,164,167,185,191,201,218,221,238,252,253,261,263,366,295,301,310,312,343,363,380,416,423,425,457
266:5,19,20,59,73,76,80,86,97,128,132,134,139,148,157,172,175,215,242,456,275,283,289,296,299,306,318,330,333,353,356,358,378,392,402,403,428,464,465
267:1,3,8,9,39,83,97,103,130,145,147,151,155,165,172,175,181,214,217,235,299,271,305,306,350,372,388,396,407,441,443,452,455
268:2,7,8,17,26,58,69,84,88,99,102,144,145,147,164,179,184,197,216,221,235,252,253,394,276,277,278,343,364,413,457,475
269:2,15,52,55,57,66,72,76,77,85,87,89,104,121,155,159,175,191,202,213,414,271,292,304,323,343,353,363,433,448,462
270:22,30,38,62,87,109,113,121,138,142,152,165,170,175,183,220,240,242,243,322,273,302,309,326,331,333,339,341,362,378,383,389,404,405,415,420,421,451,466
271:1,9,13,19,34,56,100,101,140,151,169,237,261,267,269,455,275,282,286,302,308,312,318,343,353,358,365,373,379,390,392,423,426,429,443,445,457,459,469,477
272:12,27,37,50,80,86,123,136,143,164,186,196,226,229,244,383,298,314,351,355,368,371,404,417,418,447,464,475
273:6,40,41,49,53,61,132,144,152,172,175,195,211,223,234,254,270,478,279,285,287,299,300,340,345,357,360,366,395,406,414,416,479
274:17,19,32,39,40,41,55,71,72,78,83,96,97,99,102,112,113,116,132,139,150,151,155,162,175,180,186,199,230,233,386,275,282,305,312,313,322,323,324,329,358,369,373,406,407,477
275:1,23,25,32,33,40,44,83,91,123,131,151,159,196,209,212,266,271,274,415,286,305,310,312,321,322,343,363,383,387,389,390,391,394,438,448,454,458
276:13,20,21,44,92,98,172,192,212,213,216,237,268,297,287,328,343,350,351,352,356,399,401,404,408,414,451,461,467,479
277:13,31,46,56,61,63,94,125,137,144,146,176,181,182,202,206,222,225,233,250,268,449,328,342,374,384,385,451
278:10,11,40,49,55,59,66,69,70,78,94,104,120,127,130,153,156,162,179,182,191,234,257,259,268,329,297,315,327,331,336,352,370,377,386,387,392,394,404,405,472,477
279:9,33,79,85,91,94,152,164,186,200,221,273,312,283,307,331,350,368,372,377,385,428,458,478
280:0,11,19,34,42,68,82,87,109,119,131,146,150,158,176,199,200,203,208,228,233,257,259,327,290,293,319,324,326,343,359,387,388,406,449,462,464,468
281:5,7,14,15,22,24,25,85,95,113,114,143,158,167,194,210,221,243,262,435,308,317,322,338,362,411,412,416,453
282:5,20,36,41,49,54,59,65,83,96,100,136,145,239,261,271,274,318,303,314,320,326,340,363,365,379,390,392,438,463
283:17,37,66,77,85,108,123,146,147,148,150,155,173,185,194,197,203,231,266,279,294,290,316,328,356,388,391,396,418,423,433,439,441,471,472
284:75,87,97,101,105,129,172,189,193,196,402,292,293,295,331,332,369,382,389,399,418,424,462
285:2,5,6,9,46,96,102,153,157,164,177,179,192,208,222,237,246,250,261,273,320,295,303,316,338,360,364,374,380,392,412,425,426,435,447,472
286:14,27,60,77,84,85,87,94,103,125,127,148,166,174,179,184,192,195,219,221,228,231,248,254,255,257,271,275,439,289,296,329,335,339,388,397,406,420,427,450,459
287:13,17,29,62,65,75,93,99,141,153,158,166,172,203,234,273,276,460,293,301,303,316,326,337,343,370,389,427,442,447
288:4,19,24,37,51,62,85,89,136,141,175,177,215,218,228,229,243,249,397,364,380,390,400,420,423,437,449,454,460,478
289:21,41,71,81,82,100,101,120,136,143,164,173,181,196,197,216,217,224,241,249,252,266,286,396,308,337,362,398,408,420,446,447,463
290:4,28,46,57,59,60,79,87,133,140,147,151,169,223,224,229,280,283,413,316,318,321,326,328,343,344,348,354,355,359,361,371,373,390,392,405,443,463
291:21,37,65,83,94,109,127,167,174,202,210,223,224,232,246,254,257,258,360,295,303,306,319,335,346,348,366,420,423,440,466
292:16,45,59,61,132,140,158,163,176,185,190,206,207,209,217,219,222,224,226,232,242,244,269,284,449,302,336,348,395,412,415,435,451,466
293:13,16,26,42,44,61,93,95,104,114,121,158,190,235,239,244,246,256,280,284,287,364,294,300,302,315,320,330,385,387,417,434,435,467
294:20,29,31,33,51,66,74,140,155,172,226,283,293,391,324,340,343,384,390,396,413
295:4,61,62,64,80,89,98,99,103,138,139,142,170,179,181,184,206,228,239,265,284,285,291,338,330,332,389,402,408,421,448,461,463,471,474,476
296:22,53,57,62,86,93,99,127,144,154,199,216,226,227,234,237,250,255,266,286,428,299,308,321,329,331,337,344,353,356,357,363,393,401,408,468
297:2,42,52,100,104,113,117,118,142,160,209,216,238,251,276,278,349,312,330,342,359,376,380,405,410,460,462,473
298:2,16,57,74,81,121,143,149,171,182,209,210,215,218,238,243,249,250,272,310,327,328,348,360,365,367,404,407,410,436,440,450,459
299:1,2,9,38,66,70,73,74,81,92,96,107,147,155,158,163,178,200,221,223,241,252,256,266,267,273,296,344,304,310,337,340,359,367,375,377,383,386,390,408,419,445,452,458,460,466
300:13,49,68,71,75,85,134,144,155,158,161,171,173,187,210,216,222,227,237,243,273,293,382,326,332,357,366,370,373,401,433,450,466,472
301:29,48,74,87,95,117,131,134,147,155,167,181,205,218,227,265,287,392,304,312,322,348,352,359,365,368,369,406,421,444,446,467,474
302:4,14,65,74,154,157,164,165,196,232,256,257,270,271,292,293,319,320,332,336,366,372,389,390,393,430,443,454,475
303:0,36,39,75,86,121,135,136,161,171,174,179,196,198,212,222,226,282,285,287,291,409,323,331,339,342,352,378,422,441,446,457,467
304:19,43,54,62,75,76,96,119,125,156,159,165,167,172,181,188,194,210,233,239,247,269,299,301,479,311,321,400,407,413,420,448,450,464
305:2,13,19,33,56,60,63,89,93,118,140,153,165,184,215,220,225,228,229,245,259,267,274,275,447,320,366,400,405,408,459,469,475
306:3,9,17,22,25,45,49,52,87,92,96,102,108,111,116,122,127,140,150,183,190,195,208,249,266,267,291,308,309,328,382,396,423,446,453,463,472
307:33,86,88,127,129,182,197,202,204,251,257,279,407,316,371,374,406,410,438,477
308:9,20,31,42,47,93,95,100,103,126,178,186,207,208,231,271,281,289,296,306,389,320,342,364,371,384,393,397,433,437,462,464
309:3,4,20,45,75,84,96,117,129,138,139,141,163,165,217,232,241,244,253,270,306,386,314,319,330,353,375,399,413,423,435,476
310:8,46,64,65,74,85,87,96,106,107,123,125,132,146,147,164,169,173,188,191,194,195,204,219,244,263,265,275,298,299,336,315,344,362,383,389,404,413,418,423,425,453,458,461,468,469,472
311:16,18,29,39,69,84,98,101,102,103,137,138,186,197,225,228,241,244,260,304,425,313,324,352,356,362,368,409,413,426,438
312:10,14,21,35,43,45,51,56,66,71,72,93,95,101,133,135,139,151,171,187,192,203,206,211,213,242,247,265,271,274,275,279,297,301,416,326,336,413,428,430,452,468,475
313:16,39,59,83,124,129,130,132,138,162,170,185,203,206,208,248,262,274,311,473,330,331,343,346,355,368,375,395,400,402,404,424,427,445,447,464,471
314:15,26,29,33,35,39,76,78,100,124,130,151,170,212,240,245,246,257,260,262,272,282,309,411,332,345,354,362,381,402,417,444
315:0,23,35,37,46,91,96,97,109,111,121,124,156,191,199,206,212,227,238,255,278,293,310,432,318,327,337,356,407,419,427,440,446,453,466,470
316:12,49,80,94,111,136,137,147,161,170,201,203,215,228,242,247,283,285,287,290,307,422,321,326,356,361,369,407,412,433,459,471
317:3,10,40,47,55,86,92,95,108,125,152,183,215,220,259,264,281,369,321,350,351,358,379,400,403,414,419,422,452,456,472
318:12,19,33,75,104,107,127,131,132,136,138,143,147,159,164,166,204,210,214,217,219,231,254,266,271,282,290,315,434,319,342,345,358,375,376,390,407,439,479
319:22,47,58,73,85,90,120,144,148,151,158,159,180,197,199,220,239,280,291,302,309,318,349,333,341,348,367,368,375,377,404,425,472,473
320:7,28,57,64,72,80,86,154,168,187,189,201,218,219,239,246,249,252,254,260,282,285,293,302,305,308,369,325,327,401,414,417,433,448,450,458,467,469
321:40,62,93,119,144,155,179,193,194,198,204,208,238,275,290,296,304,316,317,419,325,352,395,408,414,438,466
322:42,56,81,109,126,128,131,134,152,165,175,182,188,194,198,214,219,241,270,274,275,281,301,442,330,353,354,364,407,410,445,454,467,473
323:12,28,48,56,61,83,110,116,123,129,133,140,147,149,157,158,169,179,200,208,214,235,261,269,274,303,355,366,369,398,401,439
324:15,51,87,93,123,134,161,173,178,201,223,258,274,280,294,311,370,340,369,378,395,404,408,429,455,459,460,464,474
325:37,40,45,56,73,83,96,114,139,167,171,180,212,217,222,239,245,246,320,321,405,354,361,369,393,414,420,428,434,445,448,473,476
326:2,19,35,49,55,60,89,120,130,158,179,204,211,219,234,239,252,270,280,282,287,290,300,312,316,452,336,337,340,354,383,397,398,410,421,430,468,472
327:17,19,27,31,39,42,60,91,115,133,154,156,167,179,201,213,234,257,261,278,280,298,315,320,405,330,345,358,374,376,403,420,425,426,440,449,453,457
328:23,44,58,62,67,74,78,82,90,97,100,126,136,145,166,208,214,257,276,277,283,290,298,306,460,340,344,381,397,398,409,438,440,446,459,477,478
329:33,35,41,45,54,63,66,70,82,95,103,109,118,119,138,146,157,233,235,240,258,274,278,286,296,362,344,363,364,366,370,380,383,402,413,428,468,470
330:1,29,79,87,91,95,139,163,181,182,194,206,215,216,234,245,261,266,293,295,297,309,313,322,327,410,333,334,336,346,358,365,368,390,404,417,448,460,474
331:11,30,52,55,57,99,106,111,125,144,152,164,173,199,216,231,236,246,253,260,270,278,279,284,296,303,313,419,347,350,362,370,377,381,389,394,396,402,425,433,466
332:11,18,22,26,27,69,75,92,120,127,145,148,162,170,171,197,208,224,258,260,284,295,300,302,314,455,342,344,346,403,412,416,420,462
333:0,5,23,71,86,88,99,115,135,145,152,156,157,171,175,180,185,196,201,202,234,254,266,270,319,330,385,351,352,358,359,388,397,411,421,426,458,466,476,477
334:51,75,81,82,98,132,146,164,170,200,201,219,252,260,330,439,344,356,376,398,400,404,406,407,411,432,449,466
335:11,38,47,50,77,92,127,153,166,193,202,218,219,220,239,240,243,258,286,291,376,353,354,359,366,375,385,390,425,435,446,453
336:32,48,53,73,104,108,113,144,155,162,166,181,182,191,209,211,214,221,234,245,278,292,302,310,312,326,330,414,382,405,408,411,446,459
337:62,64,65,68,87,116,118,149,150,186,245,248,249,262,287,289,296,299,315,326,365,351,357,363,367,388,409,410,412,420,436,437,457,462
338:3,41,65,91,99,105,106,109,119,131,193,200,211,212,224,229,248,249,254,281,285,295,417,349,355,358,411,412,419,421,428,438,440,458,478
339:1,28,48,61,62,91,123,124,135,161,162,195,200,255,259,261,270,286,303,342,340,361,364,368,373,377,386,389,406,412,415,420,422,431,475
340:3,13,40,41,42,54,76,84,90,111,152,153,165,184,190,195,198,228,230,241,262,264,273,282,294,299,324,326,328,339,472,361,378,383,384,388,408,433,449,455
341:6,11,17,24,26,33,71,79,85,101,116,129,145,172,185,187,210,213,223,227,270,319,455,345,359,361,374,445,477
342:0,6,20,21,28,31,36,39,63,66,93,116,124,127,141,166,192,197,198,205,251,252,258,261,277,297,303,308,318,332,339,396,357,358,361,364,376,381,383,389,391,392,406,408,475
343:1,9,11,25,65,72,86,102,139,142,166,210,213,225,246,262,265,268,269,271,275,276,280,287,290,294,313,435,375,389,403,422,428,429,444,464
344:4,13,21,25,27,50,55,60,81,87,101,102,113,137,149,173,174,176,178,183,191,218,228,238,290,296,299,310,328,329,332,334,421,352,376,384,397,473
345:24,26,34,41,51,81,122,123,129,130,145,151,155,157,170,177,178,188,191,229,233,243,273,314,318,327,341,401,366,384,391,402,449,454,468,471
346:1,21,34,51,52,56,82,83,88,97,127,134,135,137,143,146,152,156,229,252,262,291,313,330,332,403,349,362,368,375,380,387,410,418,446,453,463,478
347:7,23,24,28,37,46,58,60,66,68,88,93,99,107,121,122,129,132,137,160,202,204,211,212,227,254,255,331,371,357,361,364,419,439,458,463,466,478
348:11,21,36,38,97,108,118,134,141,149,162,164,182,218,220,222,226,227,231,235,236,242,243,257,290,291,292,298,301,319,433,349,351,380,389,397,398,423,432,437,444
349:12,16,50,78,100,125,181,202,233,235,240,243,297,319,338,346,348,429,359,360,369,374,384,392,405,419,430,450,452
350:28,39,40,51,62,109,122,135,161,162,245,246,267,276,279,317,331,382,361,366,369,378,390,400,403,422,427,434,438,441,455,459,461,462,471
351:14,19,45,145,181,183,191,197,216,239,262,272,276,317,333,337,348,360,364,408,441,451,453,457,473,479
352:19,32,49,82,88,92,95,96,100,113,137,147,157,164,182,195,214,229,231,252,257,276,278,301,303,311,321,333,344,419,364,398,399,421,443,447,464,473
353:11,17,39,48,56,80,105,117,131,142,156,158,176,182,195,216,226,232,243,266,269,271,296,309,322,335,384,362,386,390,391,397,402,437,440,441,451,461,474
354:8,9,13,45,50,67,95,96,97,135,144,170,177,191,198,200,207,211,248,249,290,314,322,325,326,335,398,385,403,421,436
355:1,3,52,58,59,84,91,92,99,117,118,143,165,172,204,224,232,247,255,272,290,313,323,338,432,387,396,397,404,451,460
356:4,7,23,29,62,63,74,86,90,105,106,144,161,172,205,208,218,220,224,251,266,276,283,296,311,315,316,334,385,367,384,400,446,466,478
357:7,18,19,25,44,61,105,131,132,166,167,175,177,186,207,232,246,254,273,296,300,337,342,347,421,395,453,463,476
358:0,11,12,21,24,35,36,79,80,88,98,108,113,124,125,145,146,178,181,192,196,198,207,208,218,246,250,256,266,271,274,317,318,327,330,333,338,342,368,409,432,454,471
359:37,45,46,74,95,109,123,133,138,139,153,166,176,179,180,188,199,211,219,220,224,232,280,290,297,299,301,333,335,341,349,461,364,414,417,432,434,439,450,465,466,472,476
360:21,77,82,94,106,112,119,129,132,151,193,207,253,255,259,273,285,291,298,349,351,419,367,380,381,395,413,443,449,475
361:1,19,56,61,66,79,94,133,136,144,152,163,187,192,204,226,240,254,263,290,316,325,339,340,341,342,347,350,367,365,366,380,382,387,397,409,423,468
362:23,31,48,82,90,101,104,106,112,114,120,126,127,129,131,137,142,150,154,183,184,190,200,201,206,219,249,254,255,270,281,289,310,311,314,329,331,346,353,427,384,400,435,438,439,458
363:4,14,16,17,54,55,59,69,83,102,114,119,131,136,143,151,154,157,186,189,190,201,218,225,237,241,265,269,275,282,296,329,337,456,364,365,411,440,442,455,457,470
364:6,27,35,50,57,74,81,92,93,98,156,197,205,207,219,231,242,268,285,288,293,308,322,329,339,342,347,351,352,359,363,461,368,370,372,375,377,385,393,409,412,422,428
365:17,22,38,40,68,75,77,85,93,113,119,134,148,163,165,193,205,208,226,250,271,282,298,301,330,337,361,363,465,368,404,416,417,429,437,456,458,461
366:42,48,55,78,79,92,147,149,158,165,168,177,181,189,214,228,236,246,247,264,265,273,291,300,302,305,323,329,335,345,350,361,443,381,387,408,409,420,422,446,465,479
367:33,41,43,47,52,97,134,194,214,220,235,250,256,298,299,319,337,356,360,361,393,369,371,392,402,405,410,427,443,465,468
368:2,5,14,32,38,50,55,61,78,82,92,106,115,135,137,149,161,208,233,234,238,242,244,250,254,259,272,279,301,311,313,319,330,339,346,358,364,365,431,376,387,391,412,414,423,442,455,476,479
369:52,65,72,89,91,98,148,152,157,164,168,177,181,195,202,203,208,222,256,257,274,284,301,316,317,320,323,324,325,349,350,367,382,389,391,406,411,417,419,421,425,429,445,450,458,464
370:2,6,7,9,24,37,40,41,55,69,93,102,129,135,147,172,180,184,201,205,217,223,227,248,257,260,278,287,300,324,329,331,364,462,393,398,406,416,436
371:1,16,32,33,49,53,61,63,109,148,150,163,169,197,220,231,240,272,290,307,308,347,367,409,373,430,446,450
372:3,4,18,32,51,63,94,101,107,122,124,147,185,205,220,263,267,279,302,364,392,375,394,395,398,403,423,433,449,455,467
373:2,9,25,34,43,72,74,75,94,97,106,112,115,119,123,150,158,168,185,187,200,210,228,232,271,274,290,300,339,371,407,383,399,405,422,426,461,473
374:16,20,22,27,30,34,41,61,62,68,70,104,120,126,144,146,155,170,180,184,212,224,225,264,277,285,307,327,341,349,475,375,423,432,436,450
375:7,14,22,24,43,56,80,93,114,125,135,141,160,181,186,197,198,206,209,221,231,248,258,299,309,313,318,319,335,343,346,364,372,374,465,379,447,464,477
376:8,38,44,62,63,87,98,99,106,119,131,137,199,222,236,239,251,264,297,318,327,334,335,342,344,368,396,387,424,435,450,468,479
377:11,19,34,38,40,61,81,87,96,119,124,129,147,164,168,181,201,211,226,255,258,259,264,278,279,299,319,331,339,364,396,401,405,406,426,428,433,435,440,456,469,479
378:4,22,51,60,68,69,70,74,81,101,141,161,171,181,210,212,233,234,239,255,257,263,266,270,303,324,340,350,443,395,402,405,424,432,454,479
379:2,10,15,50,68,105,121,136,138,172,173,177,185,196,201,207,219,235,238,248,254,271,282,317,375,449,387,390,427,430,431,432,441,463,475
380:12,13,18,33,37,60,76,91,92,109,122,141,176,183,212,216,241,243,265,285,288,297,329,346,348,360,361,404,386,416,426,435,446,466,468
381:3,12,14,19,34,36,77,100,114,138,147,166,172,185,203,228,241,243,263,314,328,331,342,360,366,432,392,404,425,440
382:39,58,64,66,72,78,105,157,171,191,214,230,264,284,300,306,336,350,361,369,409,394,408,421,433,440,441,453
383:0,1,8,40,76,77,88,92,96,105,109,115,132,137,143,144,149,152,155,183,196,244,251,256,270,272,275,299,310,326,329,340,342,373,416,414,417,455,460,463,469,470
384:0,25,27,47,48,66,84,95,110,117,119,130,140,146,157,177,181,195,211,212,237,247,277,294,308,340,344,345,349,353,356,362,390,396,405,409,417,466,469,473
385:14,31,58,68,71,73,105,148,172,203,210,211,212,277,279,293,333,335,354,356,364,437,397,402,408,410,411,429,436,441,462,476,478
386:28,32,53,75,104,134,139,147,152,165,194,199,201,202,208,216,220,225,227,232,237,248,249,262,264,274,278,299,309,339,353,380,479,398,403,431,445,468
387:2,21,23,35,59,70,77,80,89,115,137,143,160,170,204,212,219,221,248,275,278,280,293,346,355,361,366,368,376,379,447,394,422
388:1,6,31,32,40,108,125,127,135,156,178,201,220,227,262,267,280,283,286,333,337,340,405,430,436,442,452,460,465,470,473
389:14,24,28,72,74,125,150,168,180,185,186,187,189,192,194,200,241,270,275,284,287,295,302,308,310,331,339,342,343,348,369,445,394,407,438,440,441,461,465,477
390:25,32,36,43,104,110,112,132,135,143,165,191,217,218,249,271,275,282,288,290,294,299,302,318,330,335,350,353,379,384,457,398,399,423,428,432,441,462,476
391:3,10,25,28,41,58,59,74,81,101,174,193,196,199,235,248,250,275,283,294,342,345,353,368,369,408,405,409,421,439,444,459
392:0,15,17,18,19,25,28,48,51,61,77,79,86,110,112,120,134,184,213,216,266,271,278,282,285,290,301,342,349,367,372,381,408,393,394,398,411,425,426,438,442,455,478
393:6,28,42,90,97,107,113,115,118,140,151,162,164,165,174,189,199,204,215,233,248,296,302,308,325,364,367,370,392,466,395,398,455,473
394:3,6,11,37,59,78,106,125,130,149,152,154,163,166,168,169,173,174,175,202,210,214,216,236,268,275,278,331,372,382,387,389,392,439,397,398,433,434,449
395:13,43,45,81,93,100,103,109,114,123,143,154,157,165,182,195,240,253,273,292,313,321,324,357,360,372,378,393,477,410,434,436
396:41,44,64,101,107,133,137,160,162,168,178,182,205,209,210,217,223,237,240,243,253,260,267,283,289,294,306,331,342,355,376,377,384,443,431,432,433,451,463
397:5,40,65,82,86,126,142,164,167,190,212,216,237,251,262,263,286,288,308,326,328,333,344,348,353,355,361,385,394,449,400,436,445,447,448,456,467
398:24,33,35,41,56,62,66,75,78,91,95,184,218,221,289,323,326,328,334,348,352,354,370,372,386,390,392,393,394,428,409,414,425,435,462,470
399:0,32,42,47,55,130,133,138,139,140,175,219,233,264,276,284,309,352,373,390,479,402,431,433,443,475
400:34,42,66,80,111,113,129,132,151,161,181,197,228,239,240,246,255,288,304,305,313,317,334,350,356,362,397,459,404,417,434,457
401:46,54,58,78,80,121,157,161,164,169,176,177,180,182,197,201,206,218,223,225,231,237,238,241,276,296,300,320,323,345,377,444,426,431,443,454,455,462,473
402:0,7,24,36,41,66,102,128,137,149,159,170,172,186,221,266,284,295,313,314,329,331,345,353,367,378,385,399,423,421,424,430,434,440,441,453,456,460,470,478
403:4,27,37,53,71,77,88,115,116,146,172,191,204,254,266,317,327,332,343,346,350,354,372,386,453,411,418,467,474,479
404:21,42,53,62,70,78,86,87,93,105,116,143,162,189,191,194,197,198,270,272,276,278,298,310,313,319,324,330,334,355,365,380,381,400,470,409,415,424,425,432,434,448,469
405:13,48,53,64,79,105,127,155,157,159,176,182,193,197,224,233,251,256,258,264,270,278,290,297,305,325,327,336,349,367,373,377,378,384,388,391,417,445,447,457,470
406:43,47,52,60,81,103,112,113,120,131,167,176,180,216,230,245,262,273,274,280,286,301,307,334,339,342,369,370,377,435,409,462,474
407:13,20,25,36,49,101,110,172,179,182,200,217,234,257,264,267,274,298,304,307,315,316,318,322,334,373,389,446,415,420,457,463,471
408:53,69,92,107,110,171,197,205,221,276,289,295,296,299,305,321,324,336,340,342,351,366,382,385,391,392,435,428,448,451,453,455,459,464,466
409:2,14,19,25,32,70,72,89,99,127,128,130,165,184,248,261,303,311,328,337,358,361,364,366,371,382,384,391,398,404,406,421,452,465,466,473
410:36,45,50,62,71,102,182,192,207,208,235,240,246,260,262,297,298,307,322,326,330,337,346,367,385,395,439,421,438,442,449,454,455
411:3,57,69,101,132,135,145,147,155,171,187,218,230,237,240,241,244,249,264,281,314,333,334,336,338,363,369,385,392,403,477,430,452,454
412:50,52,57,98,108,113,116,137,145,150,155,164,172,186,214,231,233,235,236,264,281,285,292,316,332,337,338,339,364,368,476,435,440,459
413:13,38,39,55,62,66,71,84,124,132,139,147,158,168,179,189,195,218,246,249,263,268,290,294,304,309,310,311,312,329,360,415,417,419,428,430,443
414:4,17,63,83,97,132,146,197,232,269,273,276,317,320,321,325,336,359,368,383,398,470,428,438,450,454,458
415:22,31,40,48,64,70,82,130,148,161,180,210,240,243,257,261,270,275,292,339,404,407,413,454,436,445,456
416:15,25,33,34,73,90,94,98,103,107,135,155,158,171,174,188,195,198,202,215,217,246,255,258,264,265,273,281,312,332,365,370,380,383,466,430,460,469
417:9,15,38,52,72,93,97,106,118,125,147,151,163,212,217,226,228,238,242,251,261,272,293,314,320,330,338,359,365,369,383,384,400,405,413,430,437,443,473
418:6,47,75,113,114,132,141,179,186,221,238,241,247,257,263,272,283,284,310,346,403,435,429,458,474,478
419:28,33,42,53,59,64,71,78,88,98,107,109,113,116,118,226,227,241,244,245,261,264,299,315,317,321,331,338,347,349,352,360,369,413,446,431
420:32,34,41,42,48,61,76,80,97,107,114,131,143,173,181,197,202,206,209,219,231,234,246,270,286,288,289,291,304,325,327,332,337,339,366,407,456,441,459,476,479
421:4,11,35,59,77,80,81,102,105,106,108,143,181,185,186,195,219,225,244,250,255,270,295,301,326,333,338,344,352,354,357,369,382,391,402,409,410,427,425,451,470,471,475
422:10,42,70,73,78,102,103,106,135,137,138,151,186,196,205,207,227,247,253,264,303,316,317,339,343,350,364,366,373,387,425,450
423:34,40,49,60,65,67,76,107,124,147,158,161,179,200,246,247,253,258,265,271,283,288,291,306,309,310,348,361,368,372,374,390,402,443,461,468
424:4,33,39,50,59,60,81,83,85,90,91,122,127,139,145,155,161,168,169,174,177,192,224,233,284,313,376,378,402,404,440,425,432,466
425:46,49,108,111,115,121,146,154,196,197,200,221,252,255,265,285,310,311,319,327,331,335,369,381,392,398,404,421,422,424,434,446,451
426:11,12,30,49,76,78,92,97,106,152,158,201,271,285,311,327,333,373,377,380,392,401,429,427,442,468,474
427:5,8,28,33,65,110,115,137,139,161,168,170,200,255,286,287,313,315,350,362,367,379,421,426,471,437,442,463
428:11,12,18,26,31,58,59,91,103,114,131,157,166,180,211,214,240,258,266,279,296,312,325,329,338,343,364,377,390,398,408,413,414,478,433
429:34,60,75,77,86,97,112,115,146,160,166,180,185,199,201,206,212,226,228,257,260,262,271,324,343,349,365,369,385,418,426,435,437,447,452,457,462,466,469,474
430:46,106,120,127,160,181,182,199,230,249,302,312,326,349,371,379,388,402,411,413,416,417,442,436,446,454,458,465
431:6,10,11,25,47,68,83,92,105,111,129,140,151,161,162,171,172,177,191,199,224,226,232,246,251,258,260,261,263,339,368,379,386,396,399,401,419,461,474
432:14,22,25,33,49,83,89,123,125,127,150,153,170,173,174,183,195,236,258,315,334,348,355,358,359,374,378,379,381,390,396,404,424,442,462,479
433:37,38,58,99,104,105,110,132,139,140,141,163,200,210,252,257,269,283,300,308,316,320,331,340,348,372,377,382,394,396,399,428,441,438,453,470
434:5,11,22,41,58,82,84,119,124,125,146,160,162,164,177,186,200,210,213,216,221,226,236,237,250,255,257,293,318,325,350,359,394,395,400,402,404,425,454,438,474
435:1,5,6,11,17,18,22,64,67,81,87,130,167,185,193,240,281,285,292,293,309,335,343,362,376,377,380,398,406,408,412,418,429,464,439,444,449,461
436:2,19,23,25,31,38,54,75,77,86,91,93,110,132,164,170,190,234,244,246,250,255,298,337,354,370,374,385,388,395,397,415,430,448,456
437:1,9,26,29,35,45,60,62,63,65,106,153,156,159,215,222,246,288,308,337,348,353,365,385,417,427,429,465,450,458,473,477
438:1,21,40,60,70,124,135,174,190,218,241,275,282,307,311,321,328,338,350,362,389,392,410,414,433,434,441
439:4,9,26,84,96,109,119,129,135,136,144,150,153,170,176,211,232,237,242,246,264,283,286,318,323,334,347,359,362,391,394,410,435,469,462,464
440:6,10,39,44,45,57,58,66,70,81,89,95,96,115,124,125,127,128,129,132,156,159,168,188,191,198,217,251,258,291,298,315,327,328,338,353,363,377,381,382,389,402,412,424,460,452
441:5,23,38,73,86,137,144,146,151,160,161,203,225,226,228,255,267,283,303,350,351,353,379,382,385,389,390,402,420,433,438,473,455
442:5,9,40,58,106,120,130,179,190,264,287,322,363,368,388,392,410,426,427,430,432,474,456,457,458,479
443:14,53,86,103,107,155,168,176,183,225,226,230,232,238,247,251,253,267,271,290,302,352,360,366,367,378,396,399,401,413,417,423,466,445,446,464,477
444:10,19,26,55,76,77,78,87,121,127,132,134,144,145,150,161,168,180,181,225,240,251,259,262,301,314,343,348,391,401,435,459,458,460,461,467,479
445:20,35,38,40,52,66,81,113,119,121,139,140,142,144,169,179,180,183,185,195,196,198,203,205,212,218,253,271,299,313,322,325,341,369,386,389,397,405,415,443,461,455
446:28,44,51,53,70,111,162,178,201,203,204,205,207,214,237,240,256,289,301,303,306,315,328,335,336,346,356,366,371,380,407,419,425,430,443,458,448,450,473,474,476
447:18,19,34,40,81,90,113,147,162,178,235,253,272,285,287,289,305,313,352,375,387,397,405,429,478,462
448:10,16,21,30,32,41,42,52,54,64,76,84,105,118,173,235,245,247,261,269,275,295,304,320,325,330,397,404,408,436,446,479
449:0,15,38,50,66,69,73,103,105,110,119,146,172,204,222,246,254,277,280,288,292,327,334,340,345,360,372,379,394,397,410,435,453,451
450:21,33,41,43,48,55,58,86,91,93,101,119,150,175,181,213,215,224,234,245,259,286,298,300,304,320,349,359,369,371,374,376,414,422,437,446,472,459,463,473,476
451:22,35,40,75,99,110,111,115,147,156,171,173,214,235,239,249,270,276,277,292,351,353,355,396,408,421,425,449,465
452:7,34,51,59,69,81,98,117,122,135,141,147,157,181,185,190,192,233,248,264,267,299,312,317,326,349,388,409,411,429,440,478,455,471
453:29,32,65,118,125,150,159,206,207,233,258,264,281,306,310,315,327,335,346,351,357,382,402,403,408,433,449,467
454:2,5,25,36,54,57,132,151,162,164,190,196,208,210,215,228,243,275,288,302,322,345,358,378,401,410,411,414,415,430,434,476,469
455:7,43,48,55,60,61,65,68,73,92,97,100,104,141,209,223,230,267,271,324,332,340,341,350,363,368,372,383,392,393,401,408,410,441,445,452,471,457,466
456:8,11,25,40,43,89,122,178,210,212,215,216,222,241,242,245,247,266,317,363,365,377,397,402,415,420,436,442,466
457:4,12,14,35,64,91,94,95,117,125,135,139,179,197,213,227,230,246,255,256,265,268,271,303,327,337,351,363,390,400,405,407,429,442,455,475,466,467
458:11,20,33,36,51,53,58,90,95,112,133,156,158,159,192,202,230,250,254,275,279,299,310,320,333,338,347,362,365,369,414,418,430,437,442,444,446,471
459:12,29,40,50,51,79,80,91,110,139,140,180,181,203,239,271,286,298,305,316,324,328,336,350,391,400,408,412,420,444,450,462,463
460:15,33,34,40,70,91,127,128,136,138,142,163,193,214,220,223,229,238,244,263,287,288,297,299,324,328,330,355,383,388,402,416,440,444,462,464
461:3,33,53,84,90,96,106,110,154,155,158,165,169,174,191,202,204,212,215,218,233,260,276,295,310,350,353,359,364,365,373,389,423,431,435,444,445,466,468
462:34,42,50,63,88,92,101,115,151,189,194,204,205,214,232,269,280,284,297,308,332,337,350,370,385,390,398,401,406,429,432,439,447,459,460,473,464,474
463:7,18,20,31,34,42,43,46,57,60,79,82,93,122,127,139,160,165,173,194,235,242,247,252,282,289,290,295,306,346,347,357,379,383,396,407,427,450,459,479,466,471
464:6,9,62,87,115,124,137,144,163,180,184,187,190,197,208,210,214,225,232,255,266,272,280,304,308,313,324,343,352,369,375,408,435,439,443,460,462,474
465:34,65,67,72,75,83,86,97,98,99,114,120,137,178,190,198,200,203,229,252,259,263,266,359,365,366,367,375,388,389,409,430,437,451,475,466
466:14,20,31,44,45,115,151,163,170,171,180,206,221,225,253,260,270,291,292,299,300,315,321,331,333,334,347,356,359,380,384,393,408,409,416,424,429,443,455,456,457,461,463,465,477
467:10,57,63,65,86,93,108,156,190,196,210,213,249,250,276,293,301,303,320,322,372,397,403,444,453,457,468,472
468:2,6,10,13,18,74,78,92,100,104,114,128,134,150,159,160,187,195,217,246,252,258,280,296,310,312,326,329,345,361,367,376,380,386,423,426,461,467,472
469:8,16,43,54,65,68,75,98,107,135,151,160,169,174,180,190,202,210,226,235,244,255,271,305,310,320,377,383,384,404,416,429,439,454,472,478
470:1,58,81,133,153,154,191,195,200,205,211,236,256,315,329,363,383,388,398,402,404,405,414,421,433,479
471:7,12,26,41,64,65,72,77,84,85,104,113,128,136,142,149,164,206,243,283,295,313,316,345,350,358,407,421,427,452,455,458,463,477
472:0,4,5,9,18,30,78,89,100,108,126,127,147,166,171,181,185,225,278,283,285,300,306,310,317,319,326,340,359,450,467,468,469,478,477
473:58,128,144,158,173,183,209,217,236,252,297,313,319,322,325,344,351,352,373,384,388,393,401,409,417,437,441,446,450,462,476
474:14,20,21,33,34,36,59,117,141,175,180,206,225,238,245,295,301,324,330,353,403,406,418,426,429,431,434,442,446,462,464,479
475:3,26,27,60,70,95,97,106,119,140,146,148,166,190,193,223,237,262,268,272,302,305,312,339,342,360,374,379,399,421,457,465,478
476:13,22,26,28,29,30,35,56,62,109,112,118,125,127,143,156,160,161,173,200,223,295,309,325,333,357,359,368,385,390,412,420,446,450,454,473,479
477:30,39,49,56,63,70,72,73,82,99,119,136,150,157,168,171,172,173,210,220,223,234,242,251,271,274,278,307,328,333,341,375,389,395,411,437,443,466,471,472,478
478:1,47,86,90,104,122,125,135,144,155,183,199,217,241,252,256,273,279,288,328,338,346,347,356,385,392,402,418,428,447,452,469,472,475,477,479
479:4,19,21,24,31,51,54,103,108,111,130,137,141,152,158,197,203,211,225,239,244,250,273,276,304,318,351,366,368,376,377,378,386,399,403,420,432,442,444,448,463,470,474,476,478
