0:57,3,4,6,7,8,10,13,14,16,17,20,22,26,30,31,32,37,40,41,42,47,49,50,65,66,67,69,70,71,72,76,77,81,82,84,87,88,90,91,96,97,98,99,103,104,106,108,110,112,113,116,117
1:39,4,5,10,13,14,16,17,24,26,28,29,31,35,36,38,41,45,48,49,50,51,52,56,57,58,59,62,63,68,69,72,78,81,83,86,87,89,90,92,96,97,102,103,104,105,107,109,110,111,113,114,117,118
2:113,3,5,8,9,10,12,17,18,24,25,26,27,29,31,32,34,37,38,39,40,45,48,55,58,61,62,64,66,67,68,70,71,73,75,78,80,81,85,87,88,90,92,93,94,96,97,98,104,105,106,108,112,115,116,117,118,119
3:0,2,66,7,10,16,19,20,21,23,25,27,30,32,34,35,39,45,47,48,49,50,52,55,56,57,58,59,60,61,62,67,69,72,73,75,76,78,81,86,87,90,91,92,93,96,97,98,99,101,103,107,108,110,111,112,114,115,116,117
4:0,1,88,5,7,8,11,14,17,19,21,24,25,32,34,35,43,47,48,49,53,56,57,63,68,70,72,74,77,81,84,87,89,92,95,100,102,103,104,106,107,109,113,114,115,117,119
5:1,2,4,24,8,11,13,15,17,19,21,25,27,30,32,33,34,35,38,41,44,47,49,50,52,53,54,56,58,60,61,62,63,65,69,71,72,79,81,83,85,87,88,89,90,91,95,97,99,101,106,107,109,111,112,115,116,117,118
6:0,44,8,11,18,19,20,26,27,28,29,30,31,33,34,38,39,40,45,46,47,52,54,58,59,61,63,65,67,69,70,73,75,77,78,79,82,83,84,87,89,91,92,93,94,95,96,101,102,103,108,109,111,112,113,114,116,118
7:0,3,4,25,8,12,15,17,20,21,24,26,28,29,31,34,35,36,37,40,42,48,49,50,51,52,53,57,60,62,66,69,73,74,76,77,78,81,83,84,86,87,89,92,93,97,99,101,102,103,104,106,107,113,114,115,116,117,118,119
8:0,2,4,5,6,7,58,10,11,13,15,16,17,20,21,23,24,27,29,30,34,37,40,41,49,50,51,52,55,59,60,66,67,69,71,75,76,77,78,79,83,85,86,87,88,89,92,93,94,95,97,105,106,108,109,111,113,114,115,116
9:2,24,11,13,14,16,18,20,23,28,29,33,34,35,36,37,40,44,45,46,47,49,50,51,57,61,62,68,74,75,76,77,79,81,85,88,89,90,92,93,96,97,101,102,103,105,107,112,113,114,116,117,119
10:0,1,2,3,8,11,14,15,17,21,22,23,27,31,32,33,36,37,38,39,40,45,46,50,51,53,54,55,58,59,60,62,65,66,67,69,71,73,74,75,76,78,79,80,81,82,84,86,90,91,93,94,97,98,99,103,104,106,108,113,115,116,117
11:4,5,6,8,9,10,88,14,18,21,24,25,26,29,32,35,36,39,41,42,43,44,45,48,49,50,53,56,58,59,60,61,62,63,64,65,66,68,72,76,79,80,91,92,93,94,95,98,99,100,103,106,107,109,110,111,113,114,117,118
12:2,7,92,13,14,15,16,18,20,21,22,24,26,29,30,31,33,34,35,36,37,38,39,41,42,43,44,45,49,51,53,58,62,67,68,69,70,74,76,77,80,83,86,88,89,94,95,96,97,98,99,100,102,105,107,108,110,111,114,115,116,117,118
13:0,1,5,8,9,12,84,14,16,18,19,21,23,24,28,30,31,34,35,37,39,41,43,45,46,49,55,57,58,63,65,66,67,70,72,74,76,77,78,79,81,82,85,88,90,91,93,94,96,98,101,105,107,109,114,116,119
14:0,1,4,9,10,11,12,13,93,16,17,22,25,30,31,32,33,39,40,41,42,43,44,46,48,50,53,54,55,56,57,59,60,65,66,68,73,74,75,77,79,81,82,83,84,87,89,95,96,97,98,104,105,106,107,108,109,111,112,113,115,118,119
15:5,7,8,10,12,87,17,24,26,29,31,35,37,38,40,42,44,46,47,48,49,50,53,55,56,58,61,63,64,65,67,70,71,75,76,77,79,82,83,85,89,90,91,92,93,95,97,100,101,102,103,104,105,106,107,112,117,118,119
16:0,1,3,8,9,12,13,14,46,17,20,23,24,27,28,30,32,34,38,40,43,44,47,50,52,66,68,72,79,83,84,88,90,91,94,97,98,100,101,103,106,107,109,110,112,113,114,115,116,117
17:0,1,2,4,5,7,8,10,14,15,16,47,19,28,32,35,36,38,39,40,41,42,44,46,48,50,52,53,56,57,59,63,65,67,69,70,71,73,74,77,78,83,84,85,86,87,91,94,95,96,101,108,112,113,115,116
18:2,6,9,11,12,13,21,19,24,26,27,29,32,33,36,40,42,43,48,50,51,55,56,57,58,59,60,61,64,65,67,69,70,71,72,73,77,78,79,80,82,85,88,89,93,97,98,100,101,102,103,108,109,110,111,113,114,115,117,118,119
19:3,4,5,6,13,17,18,33,20,21,23,25,27,28,29,30,31,34,39,40,43,46,48,49,53,54,55,57,58,62,63,65,66,67,72,78,84,85,87,94,100,101,102,105,106,107,109,114,115,116
20:0,3,6,7,8,9,12,16,19,80,22,24,26,29,33,34,35,36,38,39,44,46,47,48,50,54,57,58,59,60,63,64,65,70,71,72,73,75,76,77,82,83,84,88,90,92,93,98,99,101,105,110,113
21:3,4,5,7,8,10,11,12,13,18,19,52,24,25,26,27,28,29,31,32,33,34,37,39,43,44,46,50,55,56,58,60,61,64,66,67,68,71,73,75,76,77,78,79,81,86,87,89,90,91,94,98,99,100,101,102,104,112,115,119
22:0,10,12,14,20,72,24,25,26,36,37,39,41,43,44,46,47,48,49,50,51,52,53,56,58,60,62,63,64,65,66,67,69,70,73,76,81,82,83,85,86,87,88,90,92,93,95,97,98,100,101,102,103,104,107,108,111,114
23:3,8,9,10,13,16,19,83,25,28,29,31,33,36,39,44,46,48,49,50,51,52,54,55,56,58,62,63,64,66,67,68,71,75,76,85,86,89,94,97,98,99,100,103,104,106,112,113,114,115,116,118
24:1,2,4,5,7,8,9,11,12,13,15,16,18,20,21,22,54,27,29,32,33,34,37,39,40,43,44,46,49,51,52,56,63,64,67,68,70,71,72,73,77,79,80,82,87,88,89,90,91,93,96,97,99,106,108,111,113,117,118
25:2,3,4,5,7,11,14,19,21,22,23,34,26,30,33,40,42,48,49,51,53,57,64,66,67,68,69,71,72,74,75,77,80,84,88,89,91,92,93,94,100,101,103,104,105,110,113,116,117,119
26:0,1,2,6,7,11,12,15,18,20,21,22,25,68,27,28,29,30,35,36,40,41,43,45,46,47,50,53,55,56,60,61,62,64,65,67,70,73,74,75,77,79,81,84,87,90,91,94,95,96,104,105,106,107,109,110,115,116,117
27:2,3,5,6,8,10,16,18,19,21,24,26,103,30,31,35,38,39,42,47,50,53,55,56,57,59,60,61,62,63,64,66,69,70,72,74,75,77,78,79,80,89,91,93,94,96,98,100,101,104,106,108,109,110,111,112,115,116
28:1,6,7,9,13,16,17,19,21,23,26,86,30,31,33,36,38,40,42,46,47,48,49,51,52,56,57,61,62,63,67,68,70,74,76,77,79,80,81,82,83,87,88,89,92,93,94,96,97,100,101,102,103,104,109,110,112,113,114,117
29:1,2,6,7,8,9,11,12,15,18,19,20,21,23,24,26,90,32,33,36,41,45,46,47,51,55,56,57,58,60,62,67,68,69,70,71,72,74,75,77,78,79,81,93,96,98,99,100,101,104,106,107,108,110,111,112,117,118,119
30:0,3,5,6,8,12,13,14,16,19,25,26,27,28,114,31,34,35,37,41,42,43,44,47,52,53,54,55,58,60,62,63,65,66,69,70,71,72,73,74,75,76,78,79,80,83,89,90,92,93,96,97,98,99,100,107,108,109,110,111,112,115,117,118,119
31:0,1,2,6,7,10,12,13,14,15,19,21,23,27,28,30,68,34,35,38,40,42,43,45,46,47,48,49,51,54,59,61,62,63,64,67,69,71,76,78,83,87,88,90,91,93,94,95,96,99,102,104,105,109,110,111,112,114,115,118
32:0,2,3,4,5,10,11,14,16,17,18,21,24,29,67,33,35,36,38,40,42,43,44,45,49,53,62,65,72,73,75,79,81,85,86,87,88,90,92,93,94,95,97,98,99,101,105,106,112,114,115,117,118
33:5,6,9,10,12,14,18,19,20,21,23,24,25,28,29,32,110,34,35,36,37,38,39,40,41,42,43,44,45,47,48,50,52,58,61,65,66,67,68,70,71,72,74,76,77,78,79,81,82,84,85,87,89,90,91,92,94,97,101,102,104,105,107,108,114,115,116,118
34:2,3,4,5,6,7,8,9,12,13,16,19,20,21,24,25,30,31,33,93,35,36,37,38,43,45,46,47,50,53,54,55,56,58,59,65,68,69,70,71,76,79,84,86,88,90,92,94,97,98,101,103,104,105,106,107,108,109,110,117
35:1,3,4,5,7,9,11,12,13,15,17,20,26,27,30,31,32,33,34,72,39,41,42,44,45,46,47,48,49,51,53,54,57,59,62,63,65,67,68,69,75,76,77,81,84,86,87,88,93,100,102,103,104,105,106,107,109,112,113,116,117
36:1,7,9,10,11,12,17,18,20,22,23,26,28,29,32,33,34,110,39,42,43,44,50,53,54,55,57,58,59,61,62,63,65,66,71,73,74,76,78,79,80,81,84,85,86,88,90,91,95,97,98,99,100,101,102,103,104,105,107,109,111,112,113,114,115,116,117,119
37:0,2,7,8,9,10,12,13,15,21,22,24,30,33,34,93,40,42,43,46,48,51,52,55,59,60,62,63,64,65,66,67,68,70,76,77,78,80,82,84,87,89,90,91,95,98,99,103,105,108,111,112,113,114,117,119
38:1,2,5,6,10,12,15,16,17,20,27,28,31,32,33,34,71,40,41,45,46,48,51,53,57,58,61,63,64,66,67,68,70,76,77,80,81,83,90,92,93,94,96,97,98,102,104,108,110,114
39:1,2,3,6,10,11,12,13,14,17,19,20,21,22,23,24,27,33,35,36,114,40,44,45,47,49,50,51,54,55,56,57,58,59,62,63,64,65,66,68,70,73,85,87,88,89,90,91,94,97,99,100,101,102,104,106,108,109,111,112,115,116,117,118
40:0,2,6,7,8,9,10,14,15,16,17,18,19,24,25,26,28,31,32,33,37,38,39,109,41,42,44,45,47,48,49,51,52,58,61,62,63,64,65,67,72,73,74,80,85,86,87,89,90,92,95,99,103,104,107,110,113,115,117
41:0,1,5,8,11,12,13,14,17,22,26,29,30,33,35,38,40,104,42,43,47,49,51,52,54,58,59,60,61,63,64,65,66,74,75,80,82,83,84,88,92,94,96,97,99,102,105,110,112,113,114,116,118
42:0,7,11,12,14,15,17,18,25,27,28,30,31,32,33,35,36,37,40,41,109,43,45,46,47,48,51,54,55,56,58,59,61,62,67,69,70,71,74,80,82,84,85,86,87,88,91,92,94,95,98,101,102,103,105,108,111,113,116,117,119
43:4,11,12,13,14,16,18,19,21,22,24,26,30,31,32,33,34,36,37,41,42,99,44,46,47,48,51,53,56,57,58,60,61,63,65,69,74,76,81,82,83,85,86,88,90,92,93,94,96,98,104,105,106,107,109,113,115,119
44:5,6,9,11,12,14,15,16,17,20,21,22,23,24,30,32,33,35,36,39,40,43,115,45,46,47,48,49,50,56,58,59,60,61,62,63,65,66,68,70,75,77,78,80,82,85,87,95,96,97,99,101,105,108,109,111,114,116,117,119
45:1,2,3,6,9,10,11,12,13,26,29,31,32,33,34,35,38,39,40,42,44,91,50,54,56,57,58,60,62,65,67,68,70,75,77,79,82,84,85,86,87,88,90,94,103,104,108,111,112,114,115,117,118
46:6,9,10,13,14,15,16,17,19,20,21,22,23,24,26,28,29,31,34,35,37,38,42,43,44,47,49,52,55,56,58,60,62,63,65,70,71,74,78,80,86,87,88,90,91,92,93,96,99,100,103,104,105,106,108,111,113,117,118
47:0,3,4,5,6,9,15,16,17,20,22,26,27,28,29,30,31,33,34,35,39,40,41,42,43,44,46,59,50,51,53,54,55,56,63,64,67,68,73,75,78,79,81,82,88,90,92,101,102,103,104,108,111,112,113,114,116,118
48:1,2,3,4,7,11,14,15,17,18,19,20,22,23,25,28,31,33,35,37,38,40,42,43,44,97,51,52,55,56,57,58,59,60,62,66,67,69,72,73,74,77,86,92,93,96,100,101,106,108,109,111,113,114,115
49:0,1,3,4,5,7,8,9,11,12,13,15,19,22,23,24,25,28,31,32,35,39,40,41,44,46,71,51,53,55,57,58,59,61,64,66,70,73,75,76,77,78,80,81,82,83,84,85,87,89,90,92,94,95,103,104,105,106,107,111,113,114,117,118,119
50:0,1,3,5,7,8,9,10,11,14,15,16,17,18,20,21,22,23,26,27,33,34,36,39,44,45,47,75,56,58,61,62,63,64,66,68,69,70,76,77,79,86,87,89,92,93,96,98,101,103,106,110,111,114,115,117,119
51:1,7,8,9,10,12,18,22,23,24,25,28,29,31,35,37,38,39,40,41,42,43,47,48,49,60,53,54,57,59,63,64,66,67,68,69,71,73,76,77,80,82,84,86,87,88,89,92,93,97,99,100,105,107,108,111,113,114,115,116,117
52:1,3,5,6,7,8,16,17,21,22,23,24,28,30,33,37,40,41,46,48,98,53,54,55,56,60,64,66,68,70,72,73,76,77,79,85,87,89,95,102,103,104,106,110,112,113,114,116,117,118,119
53:4,5,7,10,11,12,14,15,17,19,22,25,26,27,30,32,34,35,36,38,43,47,49,51,52,87,55,58,60,61,64,66,67,69,70,71,75,78,79,80,84,85,90,92,93,95,97,98,99,101,102,103,105,106,108,109,117
54:5,6,10,14,19,20,23,24,30,31,34,35,36,39,41,42,45,47,51,52,96,55,57,58,66,69,70,73,77,81,82,83,86,87,88,89,92,93,94,97,99,101,112,113,114,118,119
55:2,3,8,10,13,14,15,18,19,21,23,26,27,29,30,34,36,37,39,42,46,47,48,49,52,53,54,114,56,59,60,61,62,63,64,68,70,71,74,75,76,82,85,86,87,90,92,93,96,97,102,108,113,116,119
56:1,3,4,5,11,14,15,17,18,21,22,23,24,26,27,28,29,34,39,42,43,44,45,46,47,48,50,52,55,86,58,59,60,63,65,69,71,75,76,78,79,80,81,82,83,85,87,89,90,91,92,94,96,99,105,106,108,110,113,114,116,117
57:0,1,3,4,7,9,13,14,17,18,19,20,25,27,28,29,35,36,38,39,43,45,48,49,51,54,62,60,61,63,64,68,69,71,72,74,76,78,79,80,81,83,86,88,89,90,92,95,96,97,103,104,105,110
58:1,2,3,5,6,8,10,11,12,13,15,18,19,20,21,22,23,29,30,33,34,36,38,39,40,41,42,43,44,45,46,48,49,50,53,54,56,94,59,60,63,67,71,72,73,76,78,79,83,84,85,87,88,93,95,96,99,101,104,105,109,111,117
59:1,3,6,8,10,11,14,17,18,20,27,31,34,35,36,37,39,41,42,44,47,48,49,51,55,56,58,101,68,71,74,80,81,83,85,86,88,90,94,96,97,98,107,109,110,112,113,114,116,117,118,119
60:3,5,7,8,10,11,14,18,20,21,22,26,27,29,30,37,41,43,44,45,46,48,51,52,53,55,56,57,58,113,62,65,66,67,69,71,73,74,75,83,84,87,89,90,91,92,96,99,102,104,108,109,110,112,114,115,116,117,118,119
61:2,3,5,6,9,11,15,18,21,26,27,28,31,33,36,38,40,41,42,43,44,49,50,53,55,57,70,63,65,66,68,71,72,74,76,78,79,81,82,83,84,85,86,87,88,90,91,93,96,97,101,102,103,104,107,108,110,112,115,116,119
62:1,2,3,5,7,9,10,11,12,19,22,23,26,27,28,29,30,31,32,35,36,37,39,40,42,44,45,46,48,50,55,57,60,70,63,64,66,67,71,74,76,78,79,82,83,86,87,89,93,96,97,98,101,104,105,109,112,113,114,115,116,118,119
63:1,4,5,6,11,13,15,17,19,20,22,23,24,27,28,30,31,35,36,37,38,39,40,41,43,44,46,47,50,51,55,56,57,58,61,62,67,65,71,72,74,75,80,84,85,86,90,92,94,96,97,99,101,102,104,106,109,110,111,113,115,116,119
64:2,11,15,18,20,21,22,23,24,25,26,27,31,37,38,39,40,41,47,49,50,51,52,53,55,57,62,79,65,69,71,77,80,81,82,86,89,90,91,92,93,94,99,104,105,106,108,109,112,113,118,119
65:0,5,6,10,11,13,14,15,17,18,19,20,22,26,30,32,33,34,35,36,37,39,40,41,43,44,45,46,56,60,61,63,64,69,66,70,74,76,80,81,82,84,86,87,88,92,94,95,97,99,100,101,102,104,106,112,113,115,118
66:0,2,3,7,8,10,11,13,14,16,19,21,22,23,25,27,30,33,36,37,38,39,41,44,48,49,50,51,52,53,54,60,61,62,65,119,72,74,75,80,81,83,86,87,89,94,98,100,104,106,108,111,112,116,117,118
67:0,2,3,6,8,10,12,13,15,17,18,19,21,22,23,24,25,26,28,29,31,32,33,35,37,38,40,42,45,47,48,51,53,58,60,62,63,92,68,69,71,74,75,78,79,81,83,84,85,87,89,90,91,93,98,99,101,102,104,106,107,108,109,111,112,115,117,118
68:1,2,4,9,11,12,14,16,21,23,24,25,26,28,29,31,33,34,35,37,38,39,44,45,47,50,51,52,55,57,59,61,67,102,69,70,73,76,80,85,86,88,92,93,98,99,101,105,107,109,111,114,117
69:0,1,3,5,6,7,8,10,12,17,18,22,25,27,29,30,31,34,35,42,43,48,50,51,53,54,56,57,60,64,65,67,68,81,71,74,78,80,83,84,86,87,88,90,92,93,94,95,96,97,98,99,100,101,105,109,110,112,114,117,118
70:0,2,4,6,12,13,15,17,18,20,22,24,26,27,28,29,30,33,34,37,38,39,42,44,45,46,49,50,52,53,54,55,61,62,65,68,85,72,74,76,80,81,82,83,84,86,87,93,96,97,98,104,105,106,110,111,113,115,117,119
71:0,2,5,8,10,15,17,18,20,21,23,24,25,29,30,31,33,34,36,38,42,46,49,51,53,55,56,57,58,59,60,61,62,63,64,67,69,85,72,73,77,78,84,86,88,89,90,93,94,96,99,100,101,105,106,111
72:0,1,3,4,5,11,13,16,18,19,20,22,24,25,27,29,30,32,33,35,40,48,52,57,58,61,63,66,70,71,102,74,75,76,77,79,80,81,83,85,86,87,90,91,94,95,96,97,98,99,106,112,114,116,118,119
73:2,3,6,7,10,14,17,18,20,21,22,24,26,30,32,36,39,40,47,48,49,51,52,54,58,60,68,71,96,75,81,82,84,87,88,92,94,95,97,100,101,102,104,105,106,107,108,111,112,113,114,115,118
74:4,7,9,10,12,13,14,17,25,26,27,28,29,30,33,36,40,41,42,43,46,48,55,57,59,60,61,62,63,65,66,67,69,70,72,82,78,80,81,83,84,85,87,88,89,91,93,95,97,100,101,102,103,104,105,107,110,112,114,117,118,119
75:2,3,6,8,9,10,14,15,20,21,23,25,26,27,29,30,32,35,41,44,45,47,49,50,53,55,56,60,63,66,67,72,73,84,76,77,79,81,82,85,88,89,90,91,95,98,99,103,105,108,110,113,114,119
76:0,3,7,8,9,10,11,12,13,15,20,21,22,23,28,30,31,33,34,35,36,37,38,43,49,50,51,52,55,56,57,58,61,62,65,68,70,72,75,77,79,80,81,82,83,93,95,97,98,99,100,102,103,105,109,114,115,118,119
77:0,4,6,7,8,9,12,13,14,15,17,18,20,21,24,25,26,27,28,29,33,35,37,38,44,45,48,49,50,51,52,54,64,71,72,75,76,98,82,83,85,86,88,89,90,92,96,97,101,105,106,107,108,109,110,111,113,114,115,116
78:1,2,3,6,7,8,10,13,17,18,19,21,27,29,30,31,33,36,37,44,46,47,49,53,56,57,58,61,62,67,69,71,74,81,80,84,87,88,89,90,91,94,95,96,97,101,102,103,106,109,110,112,114,115,116,117,118
79:5,6,8,9,10,11,13,14,15,16,18,21,24,26,27,28,29,30,32,33,34,36,45,47,50,52,53,56,57,58,61,62,64,67,72,75,76,114,80,89,90,91,93,95,97,98,100,102,106,107,108,111,112,115,116,119
80:2,10,11,12,18,20,24,25,27,28,30,36,37,38,40,41,42,44,46,49,51,53,56,57,59,63,64,65,66,68,69,70,72,74,76,78,79,109,82,83,85,86,88,89,101,102,103,105,112,113
81:0,1,2,3,4,5,7,9,10,13,14,21,22,26,28,29,32,33,35,36,38,43,47,49,54,56,57,59,61,64,65,66,67,69,70,72,73,74,75,76,78,90,88,89,91,94,95,97,100,101,104,105,106,107,115,116,119
82:0,6,10,13,14,15,18,20,22,24,28,33,37,41,42,43,44,45,47,49,51,54,55,56,61,62,64,65,70,73,74,75,76,77,80,94,87,89,90,92,96,102,104,105,106,110,111,113,114,116,118
83:1,5,6,7,8,12,14,15,16,17,20,22,23,28,30,31,38,41,43,49,54,56,57,58,59,60,61,62,66,67,69,70,72,74,76,77,80,97,86,87,88,90,91,95,96,98,101,103,104,105,107,108,110,112,113,115,116,119
84:0,4,6,7,10,13,14,16,17,19,20,25,26,33,34,35,36,37,41,42,45,49,51,53,58,60,61,63,65,67,69,70,71,73,74,75,78,92,86,87,89,93,95,100,101,105,106,107,110,113,114,116,118,119
85:2,5,8,9,13,15,17,18,19,22,23,32,33,36,39,40,42,43,44,45,49,52,53,55,56,58,59,61,63,67,68,70,71,72,74,75,77,80,110,86,88,89,94,96,98,99,102,103,105,108,113,116,118
86:1,3,7,8,10,12,17,21,22,23,28,32,34,35,36,40,42,43,45,46,48,50,51,54,55,56,57,59,61,62,63,64,65,66,68,69,70,71,72,77,80,83,84,85,91,87,90,92,93,94,95,97,99,100,103,104,107,109,111,113,115,116
87:0,1,2,3,4,5,6,7,8,14,15,17,19,21,22,24,26,28,31,32,33,35,37,39,40,42,44,45,46,49,50,51,52,53,54,55,56,58,60,61,62,65,66,67,69,70,72,73,74,78,82,83,84,86,102,90,91,92,93,94,95,98,99,100,103,104,105,106,108,109,110,115,116,118,119
88:0,2,4,5,8,9,11,12,13,16,18,20,22,24,25,28,31,32,34,35,36,39,41,42,43,45,46,47,51,54,57,58,59,61,65,68,69,71,73,74,75,77,78,80,81,83,85,114,90,95,96,98,100,103,105,106,107,108,110,111,113,115,116
89:1,4,5,6,7,8,9,12,14,15,18,21,23,24,25,27,28,30,33,37,39,40,49,50,51,52,54,56,57,60,62,64,66,67,71,74,75,77,78,79,80,81,82,84,85,99,90,91,94,101,104,106,107,111,112,113,117,118
90:0,1,2,3,5,9,10,13,15,16,20,21,22,24,26,29,30,31,32,33,34,36,37,38,39,40,43,45,46,47,49,53,55,56,57,59,60,61,63,64,67,69,71,72,75,77,78,79,81,82,83,86,87,88,89,114,95,96,101,102,103,105,106,107,108,110,113,116,118
91:0,3,5,6,10,11,13,15,16,17,21,24,25,26,27,31,33,36,37,39,42,45,46,56,60,61,64,67,72,74,75,78,79,81,83,86,87,89,111,93,100,102,103,104,107,113,114,116
92:1,2,3,4,6,7,8,9,11,12,15,20,22,25,28,30,32,33,34,38,40,41,42,43,46,47,48,49,50,51,53,54,55,56,57,60,63,64,65,67,68,69,73,77,82,84,86,87,105,94,98,99,100,107,109,110,111,112,113,117,118,119
93:2,3,6,7,8,9,10,11,13,14,15,18,20,22,24,25,27,28,29,30,31,32,34,35,37,38,43,46,48,50,51,53,54,55,58,61,62,64,67,68,69,70,71,74,76,79,84,86,87,91,107,95,96,98,100,101,105,106,108,110,111,112,116,119
94:2,6,8,10,11,12,13,16,17,19,21,23,25,26,27,28,31,32,33,34,38,39,41,42,43,45,49,54,56,58,59,63,64,65,66,69,71,72,73,78,81,82,85,86,87,89,92,101,95,96,97,100,103,104,105,106,107,113,116,118
95:4,5,6,8,11,12,14,15,17,22,26,31,32,36,37,40,42,44,49,52,53,57,58,65,69,72,73,74,75,76,78,79,81,83,84,86,87,88,90,93,94,110,98,100,101,102,103,104,105,109,111,113,114,118,119
96:0,1,2,3,6,9,12,13,14,17,24,26,27,28,29,30,31,38,41,43,44,46,48,50,54,55,56,57,58,59,60,61,62,63,69,70,71,72,73,77,78,82,83,85,88,90,93,94,106,98,99,101,104,110,112,114,115,116,117
97:0,1,2,3,5,7,8,9,10,12,14,15,16,18,22,23,24,28,30,32,33,34,36,38,39,41,44,48,51,53,54,55,57,59,61,62,63,65,69,70,72,73,74,76,77,78,79,81,83,86,94,118,99,103,105,106,107,112,116,117
98:0,2,3,10,11,12,13,14,16,18,20,21,22,23,27,29,30,32,34,36,37,38,42,43,50,52,53,59,62,66,67,68,69,70,72,75,76,77,79,83,85,87,88,92,93,95,96,104,99,102,106,110,112,113,114,115,116
99:0,3,5,7,10,11,12,20,21,23,24,29,30,31,32,36,37,39,40,41,43,44,46,51,53,54,56,58,60,63,64,65,67,68,69,71,72,75,76,85,86,87,89,92,96,97,98,100,101,103,105,106,108,111,112,114,115,118,119
100:4,11,12,15,16,18,19,21,22,23,25,27,28,29,30,35,36,39,46,48,51,65,66,69,71,73,74,76,79,81,84,86,87,88,91,92,93,94,95,99,110,101,102,103,105,106,108,109
101:3,5,6,7,9,13,15,16,17,18,19,20,21,22,25,27,28,29,32,33,34,36,39,42,44,47,48,50,53,54,58,59,61,62,63,65,67,68,69,71,73,74,77,78,80,81,83,84,89,90,93,94,95,96,99,100,106,104,105,108,111,112,113,114,116,117,118
102:1,4,6,7,9,12,15,18,19,21,22,28,31,33,35,36,38,39,41,42,47,52,53,55,60,61,63,65,67,68,72,73,74,76,78,79,80,82,85,87,90,91,95,98,100,106,108,109,111,112,113
103:0,1,3,4,6,7,9,10,11,15,16,18,22,23,25,27,28,34,35,36,37,40,42,45,46,47,49,50,52,53,57,61,74,75,76,78,80,83,85,86,87,88,90,91,94,95,97,99,100,113,105,106,110,111,115,116,119
104:0,1,2,4,7,10,14,15,21,22,23,25,26,27,28,29,31,33,34,35,36,38,39,40,41,43,45,46,47,49,52,57,58,60,61,62,63,64,65,66,67,70,73,74,81,82,83,86,87,89,91,94,95,96,98,101,114,105,108,109,115,118
105:1,2,8,9,12,13,14,15,19,20,25,26,31,32,33,34,35,36,37,41,42,43,44,46,49,51,53,56,57,58,62,64,68,69,70,71,73,74,75,76,77,80,81,82,83,84,85,87,88,90,92,93,94,95,97,99,100,101,103,104,112,106,107,108,109,110,111,115,116,117,118,119
106:0,2,4,5,7,8,10,11,14,15,16,19,23,24,26,27,29,32,34,35,39,43,46,48,49,50,52,53,56,63,64,65,66,67,70,71,72,73,77,78,79,81,82,84,87,88,89,90,93,94,96,97,98,99,100,101,102,103,105,113,110,115,118,119
107:1,3,4,5,7,9,11,12,13,14,15,16,19,22,26,29,30,33,34,35,36,40,43,49,51,59,61,67,68,73,74,77,79,81,83,84,86,88,89,90,91,92,93,94,97,105,115,108,111,112,117
108:0,2,3,6,8,10,12,14,17,18,22,24,27,29,30,33,34,37,38,39,42,44,45,46,47,48,51,53,55,56,60,61,64,66,67,73,75,77,79,83,85,87,88,90,93,99,100,101,102,104,105,107,109,112,113,114,118,119
109:1,4,5,6,8,11,13,14,16,18,19,26,27,28,30,31,34,35,36,39,40,42,43,44,48,53,58,59,60,62,63,64,67,68,69,76,77,78,80,86,87,92,95,100,102,104,105,108,116,110,112,113,114,115,118,119
110:0,1,3,11,12,16,18,20,25,26,27,28,29,30,31,33,34,36,38,40,41,50,52,56,57,59,60,61,63,69,70,74,75,77,78,82,83,84,85,87,88,90,92,93,95,96,98,100,103,105,106,109,112,111,115,118
111:1,3,5,6,8,11,12,14,18,22,24,27,29,30,31,36,37,39,42,44,45,46,47,48,49,50,51,58,63,66,67,68,70,71,73,77,79,82,86,88,89,91,92,93,95,99,101,102,103,105,107,110,116,113,114,115
112:0,2,3,5,6,9,14,15,16,17,21,23,27,28,29,30,31,32,35,36,37,39,41,45,47,52,54,59,60,61,62,64,65,66,67,69,72,73,74,78,79,80,83,89,92,93,96,97,98,99,101,102,105,107,108,109,110,118,114,116,117
113:0,1,2,4,6,7,8,9,10,11,14,16,17,18,20,23,24,25,28,35,36,37,40,41,42,43,46,47,48,49,51,52,54,55,56,59,60,62,63,64,65,70,73,75,77,80,82,83,84,85,86,88,89,90,91,92,94,95,98,101,102,103,106,108,109,111,114,117
114:1,3,4,6,7,8,9,11,12,13,16,18,19,22,23,28,30,31,32,33,36,37,38,39,41,44,45,47,48,49,50,51,52,54,55,56,59,60,62,68,69,72,73,74,75,76,77,78,79,82,84,88,90,91,95,96,98,99,101,104,108,109,111,112,113,115,117
115:2,3,4,5,7,8,10,12,14,16,17,18,19,21,23,26,27,30,31,32,33,36,39,40,43,44,45,48,50,51,60,61,62,63,65,67,70,73,76,77,78,79,81,83,86,87,88,96,98,99,103,104,105,106,107,109,110,111,114,117
116:0,2,3,5,6,7,8,9,10,12,13,16,17,19,23,25,26,27,33,35,36,39,41,42,44,47,51,52,55,56,59,60,61,62,63,66,72,77,78,79,81,82,83,84,85,86,87,88,90,91,93,94,96,97,98,101,103,105,109,111,112,117,118
117:0,1,2,3,4,5,7,9,10,11,12,15,16,18,24,25,26,28,29,30,32,34,35,36,37,39,40,42,44,45,46,49,50,51,52,53,56,58,59,60,66,67,68,69,70,74,78,89,92,96,97,101,105,107,112,113,114,115,116,119,118
118:1,2,5,6,7,11,12,14,15,18,23,24,29,30,31,32,33,39,41,45,46,47,49,52,54,59,60,62,64,65,66,67,69,72,73,74,76,78,82,84,85,87,89,90,92,94,95,97,99,101,104,105,106,108,109,110,112,116,117,119
119:2,4,7,9,13,14,15,18,21,25,29,30,36,37,42,43,44,49,50,52,54,55,59,60,61,62,63,64,66,70,72,74,75,76,79,81,83,84,87,92,93,95,99,103,105,106,108,109,117,118
