0:196,5,10,129,132,145,173,288,397,413,464,470,481
1:250,253,295,296,307,309,362,427
2:274,42,159,242,254,349,416,421
3:71,6,54,80,187,194,207,224,259,331,391,431
4:171,131,134,184,202,248,274,295,340,415,448
5:0,98,15,124,181,225,241,303,334,363,393,406,432
6:3,480,35,140,275,288,298,374,403,410,419,462
7:216,9,49,134,182,206,238,307,354,379
8:335,26,39,80,86,122,273,351,357,381
9:7,280,79,133,263,273,369
10:0,392,130,161,202,213,228,230,287,322,336,387,441,471
11:367,72,90,112,161,205,211,372,441
12:23,13,35,76,97,158,167,211,229,257,280,332,452,493
13:12,422,143,177,202,216,240,306,384,399,428,489
14:495,236,241,267,400,447
15:5,410,83,110,119,171,182,216,228,332,429
16:145,48,97,100,159,290,294,305,335,361,471
17:119,99,102,142,215,219,232,380,422
18:35,44,45,77,96,126,483
19:62,71,261,295,301,323,367,489
20:76,133,136,137,204,264,271,310,333,391,405
21:184,113,285,434,470
22:431,43,109,193,263,296,334,382,413,437,441,468
23:12,418,38,42,103,174,182,205,231,250,431,435,496
24:106,28,36,43,361,447,477,489,496
25:302,31,119,138,178,210,213,250,393
26:8,337,53,210,217,230,237,339,372,460
27:165,39,99,138,297,329,422,432,448,451,468
28:24,483,194,325,399,424,442,446,451,458,474
29:148,218,229,265,325,417,453,478
30:496,89,117,291,311,329,378,459,464,466
31:25,120,67,105,115,220,249,274,331,344,394,427,490
32:144,170,233,258,282,313,399,403,454,499
33:268,71,187,248,347,407,418,469
34:479,36,61,72,75,207,231,289,327,357,457
35:6,12,18,110,127,206,312,367,391,440,470,488
36:24,34,467,78,225,373,424,428,499
37:138,255,347,424,466
38:23,479,165,187,197,231,243,458
39:8,27,443,47,100,119,263,288,289,293,408,448
40:222,67,70,106,115,192,241,394,409,416
41:456,232,271,282,455,494
42:2,23,356,50,216,258,265,310,312,337,425
43:22,24,480,53,202,205,225,233,327,372,476
44:18,454,187,221,288,323,342,418,436,460
45:18,348,56,62,298,394,416,424
46:403,71,118,119,145,214,246,269,295,296,337,452
47:39,197,79,202,209,256,355,411
48:16,463,66,82,109,120,309,313,394,402,480
49:7,480,83,108,139,148,175,444
50:42,492,216,237,265,398,447,489
51:67,101,139,201,206,210,260,298,307,320,345,348,349,364,427
52:360,198,242
53:26,43,493,67,301,374,380
54:3,432,113,195,222,290,384,421
55:410,87,120,139,288,373,378,382,389
56:45,484,59,100,174,222,258,403,405,427
57:371,176,270,320,353,491,494
58:88,82,231,282,293,388
59:56,495,137,162,173,250,297,367,416,439
60:363,70,136,157,188,275
61:34,321,172,197,287,306,395,417
62:19,45,311,104,183,262,297,301,418,434,436,438,439,454,463
63:134,81,116,150,178,179,271,349,379,403,410,433,462
64:433,72,103,194,225,242,279,311,330,338,360,363,450,469,485
65:404,277,283,294,334,345,451
66:48,421,74,130,154,179,180,259,321,348,377,444,468,491
67:31,40,51,53,201,82,85,133,145,225,275,299,313,380,428,468
68:437,111,195,262,269,360,362,379,487
69:299,190,265,363,415,457
70:40,60,170,75,110,112,174,206,225,299,335,396,438
71:3,19,33,46,237,164,223,224,264,392,460,473,483
72:11,34,64,272,74,106,133,364,421,461
73:76,153,159,349,363,377,431,471
74:66,72,477,161,168,213,264,272,279,293,294,310,381,410,448,489
75:34,70,408,227,430,481
76:12,20,73,91,196,247,303,453,484,488
77:18,332,108,165,237
78:36,423,112,119,146,201,289,335,339,346,391,398
79:9,47,486,172,230,302,323,374,388,422,462
80:3,8,168,91,177,216,326,339,374
81:63,437,109,176,237,257,268,283,353,369,403,417
82:48,58,67,304,90,230,314,387,406,417,427,467
83:15,49,290,194,217,251,316,389
84:161,85,110,217,295,322,325,426,454,460,479
85:67,84,258,176,223,271,285,296,299,305,317,496
86:8,347,146,165,219,224,394,399,413
87:55,100,275,293,307,311,389,403,411
88:58,191,113,211,232,244,262,365,394,437,456,494
89:30,146,164,174,417
90:11,82,323,93,106,187,195,378,438,489
91:76,80,429,93,106,115,189,289,322,367,385,420,433,453,459,467
92:105,104,139,143,254,321,387
93:90,91,268,264,406
94:461,146,170,213,281,356,387,425
95:148,128,151,195,204,256,345,371,412
96:18,376,218,246,266,291,323,336,360,390,448
97:12,16,204,146,222,234,410,417,467,471,473
98:5,350,132,261,296,310,494
99:17,27,480,146,269,360,406,419
100:16,39,56,87,343,148,246,339,395,474,492
101:51,225,177,198,210,268,274,320,471,490
102:17,121,103,165,223,254,256,348,447,460
103:23,64,102,262,122,223,280,306,320,381,408,424
104:62,92,144,116,176,243,288,300,323,417,486,489
105:31,92,458,114,218,223,227,314,319,323,331,431,474
106:24,40,72,90,91,360,111,225,256,265,290,308,341,347,351,475
107:457,189,215,224,279,283,299,311,330,383,419,421,433,471,497
108:49,77,308,132,196,219,322,402,412,455
109:22,48,81,293,127,191,216,255,396,438
110:15,35,70,84,432,229,307,309,386,387,446,478
111:68,106,496,261,386,401,418,448
112:11,70,78,163,219,237,239,359,376,397,418,468,476,479
113:21,54,88,473,147,216,318,324,353,382
114:105,405,164,302,312,340,369,393
115:31,40,91,400,168,170,251,257,273,277,291,307,321,418,449
116:63,104,183,185,228,229,283,305,351,446,476
117:30,401,124,358,469
118:46,200,139,249,344,373,392
119:15,17,25,39,46,78,441,161,178,197,321,347
120:31,48,55,172,204,245,255,281,330,375,377,392,444,496
121:102,132,128,161,295,388,430
122:8,103,446,171,206,221,238,293,375,400,424,430,493
123:330,160,263,266,295,348,369,446,455,496
124:5,117,348,144,176,184,234,248,266,352,366,370,377
125:378,137,182,199,232,234,306,376,421,458
126:18,380,146,233,358,425,492
127:35,109,354,276,286,391,404,416,420
128:95,121,350,200,274,419,434,465,496
129:0,280,135,161,169,215,223,312,328,348
130:10,66,218,386,430,447,451
131:4,204,265,294,368,402,468,487
132:0,98,108,121,477,182,318,401,435
133:9,20,67,72,201,272,294,306,342,357,416,421,431
134:4,7,63,270,140,163,311,402,454,470
135:129,185,198,256,351,392,474
136:20,60,172,252,282,316,473
137:20,59,125,305,156,170,195,206,251,290,306,474
138:25,27,37,208,144,172,188,269,389,426,454
139:49,51,55,92,118,413,237,260,282,452,460,481
140:6,134,429,159,185,297,298,379
141:142,244,280,301,496
142:17,141,369,275,294,299,303
143:13,92,382,203,238,258,282,458,489
144:32,104,124,138,395,148,418
145:0,16,46,67,291,204,271,398,409,426
146:78,86,89,94,97,99,126,446,147,295,411,422
147:113,146,456,170,179,221,241,336,372,402,412,426,453
148:29,49,95,100,144,277,211,263,350,369,436,448,493
149:489,165,260,282,335,344,382,404,461
150:63,152,284,291,314,412
151:95,164,214,235,428
152:150,282,186,360,415,451,494
153:73,341,184,235,384,389,447
154:66,352,236,295,331,353,367,386,405,440,483,484,497,498
155:352,272,280,437,447
156:137,164,276,344,352,366
157:60,193,199,207,226,320,420,429,451,462,471
158:12,491,164,174,207,306,310,466,481,493
159:2,16,73,140,458,175,226,257,273,291,400,432,455
160:123,400,324,330
161:10,11,74,84,119,121,129,373,166,199,300,332,364,392,396,422,451
162:59,413,239,270,273,294,330,335
163:112,134,295,197,199,280,301,357,363,420,459,481
164:71,89,114,151,156,158,456,352,382,411,451,465
165:27,38,77,86,102,149,421,186,196,243,347,387,437
166:161,276,201,267,352
167:12,312,231,253,323,369,423,467
168:74,80,115,269,219,445,461,465,477,492,494
169:129,173,339,383,445
170:32,70,94,115,137,147,288,211,221,256,267,327,328,462,472
171:4,15,122,374,252,303,412,426,431
172:61,79,120,136,138,392,225,237,470
173:0,59,169,278,324,336,378,494
174:23,56,70,89,158,259,215,335,361,416,420,449,460
175:49,159,471,201,267,296,338,381,388,408,429,445
176:57,81,85,104,124,299,182,237,284,320,323,325,403,444,494
177:13,80,101,305,219,221,230,325,474,489
178:25,63,119,393,193,279,311,332,430,494,499
179:63,66,147,182,259,362,471
180:66,400,239,278,291,296,340,367,387,459,461,488
181:5,202,239,260,262,325,336
182:7,15,23,125,132,176,179,333,269,325,338,347,451
183:62,116,321,216,331,339,406,438,466
184:4,21,124,153,279,228,232,250,329,346
185:116,135,140,478,213,247,357,399,459,489
186:152,165,319,219,283,294
187:3,33,38,44,90,286,242,290,451,464
188:60,138,280,198
189:91,107,328,191,242,389,454,472
190:69,496,234,248,274,330,350
191:88,109,189,331,230,246,276,342
192:40,212,198,248,260,312,321,363,421,440,452
193:22,157,178,498,381,382,397,442,453,460,481
194:3,28,64,83,395,276,335,391
195:54,68,90,95,137,363,240,292,335,370,383,465,490
196:0,76,108,165,366,199,266,271
197:38,47,61,119,163,210,227,237,253,300,319,363
198:52,101,135,188,192,280,393,434,457
199:125,157,161,163,196,402,408
200:118,128,329,216,345,384,459,484,488
201:51,67,78,133,166,175,239,292,350,357,402,419,454
202:4,10,13,43,47,181,451,208,251,414
203:143,466,205,244,409,412,433,438
204:20,95,97,120,131,145,458,229,320,359,364,393,471
205:11,23,43,203,321,253,401,439
206:7,35,51,70,122,137,413,218,247,273,301,321,395
207:3,34,157,158,471,209,255,317,376,390,405,414,468,483,489,496
208:138,202,380,211,323,328,362,468
209:47,207,214,229,239,247,330,445
210:25,26,51,101,197,437,306,410,475
211:11,12,88,148,170,208,469,260,300,328,360,386,388,413,435,436
212:192,267,310,313,327,354,410,430,444
213:10,25,74,94,185,317,242,493
214:46,151,209,278,295,351
215:17,107,129,174,377,258,270,340,395,419
216:7,13,15,42,50,80,109,113,183,200,280,244,306,460
217:26,83,84,329,267,330,406,438,451
218:29,96,105,130,206,394,254,260,397,407,421
219:17,86,108,112,168,177,186,275,225,226
220:31,247
221:44,122,147,170,177,254,229,252,261,363,381,392
222:40,54,56,97,378,264,304,307,312,364,395,462
223:71,85,102,103,105,129,254,229,296,314,461
224:3,71,86,107,425,318,395,481
225:5,36,43,64,67,70,101,106,172,219,428,238,297,419
226:157,159,219,244,270,317,334,361,365,435,491
227:75,105,197,394,274,282,321,395,405,419,422,484
228:10,15,116,184,230,374,400,464
229:12,29,110,116,204,209,221,223,339,259,292,410,448,476
230:10,26,79,82,177,191,228,320,231,256,274,290,388
231:23,34,38,58,167,230,316,253,273,278,357,402,420,427,443,444,458
232:17,41,88,125,184,348,304,315,364,384,436,440,481
233:32,43,126,382,309,422,453,487
234:97,124,125,190,335,278,281,319,338,398,404,421,426
235:151,153,425,280,346,382,440
236:14,154,365,393,433
237:26,50,71,77,81,112,139,172,176,197,330,348,379
238:7,122,143,225,280,343,353,482,496
239:112,162,180,181,201,209,284
240:13,195,486,282,351,373,419,441,459,474
241:5,14,40,147,265,251,329,344,477,498
242:2,52,64,187,189,213,265,245,348,353,372,384,409,413,444
243:38,104,165,465,257,259,281,361,439,443,461,475,498
244:88,141,203,216,226,369,303,325,395,469,482
245:120,242,462,384,482
246:46,96,100,191,390,249,280,423,444
247:76,185,206,209,220,432,255,496
248:4,33,124,190,192,400,332,342,439
249:31,118,246,460,313,467
250:1,23,25,59,184,394,264,273,280,342,366,390,456
251:83,115,137,202,241,322,317,419,466
252:136,171,221,399,307,380,411
253:1,167,197,205,231,257,284,296,361,490
254:2,92,102,218,221,223,407,293,418,431,446,496
255:37,109,120,207,247,489,265,277,356,466
256:47,95,102,106,135,170,230,278,311,334,367,368,384,427
257:12,81,115,159,243,253,348,307,384,400,406
258:32,42,56,85,143,215,316,266,486,497
259:3,66,174,179,229,243,271,260,281,285,290,312,314,340,408,433
260:51,139,149,181,192,211,218,259,281,276,309,364,408,421,435,436
261:19,98,111,221,391,353,407,415,470,487
262:62,68,88,103,181,334,328,482
263:9,22,39,123,148,432,279,280,290,316,375,421,436,472
264:20,71,74,93,222,250,375,355,357,435,487
265:29,42,50,69,106,131,241,242,255,443,357,465
266:96,123,124,196,258,328,331,333,351,375,423
267:14,166,170,175,212,217,295,300,303,486
268:33,81,93,101,385,290,292,316,462,488
269:46,68,99,138,168,182,330,272,300,313,329,337,369,445,453,477
270:57,134,162,215,226,314,292,309,381,432,479,496
271:20,41,63,85,145,196,259,488,338,353
272:72,74,133,155,269,347,284,294,336,432,448
273:8,9,115,159,162,206,231,250,474,275,276,290,340,341,397
274:2,4,31,101,128,190,227,230,472,317
275:6,60,67,87,142,219,273,445,327,464
276:127,156,166,191,194,260,273,452,371,418,449
277:65,115,148,255,315,379,440
278:173,180,214,231,234,256,439,295,364,466,467,472,486,492
279:64,74,107,178,184,263,395,376,405,475,486,487
280:9,12,103,129,141,155,163,188,198,216,235,238,246,250,263,492,292
281:94,120,234,243,259,260,420,328,395
282:32,41,58,136,139,143,149,152,227,240,305,293,380,407,447,478,481
283:65,81,107,116,186,379,416
284:150,176,239,253,272,439,317,332,435,478
285:21,85,259,442,289,377,378,456,497
286:127,187,483,299,320,327,394,451,452,474
287:10,61,379,292,350,353,468
288:0,6,39,44,55,104,170,471,291,394,457
289:34,39,78,91,285,433,290,358,368
290:16,54,83,106,137,187,230,259,263,268,273,289,338,454,495
291:30,96,115,145,150,159,180,288,465,313,333,367
292:195,201,229,268,270,280,287,338,408,416,426
293:39,58,74,87,109,122,254,282,435,316,319,345,350,448,469,476
294:16,65,74,131,133,142,162,186,272,497
295:1,4,19,46,84,121,123,146,154,163,214,267,278,478,393,443
296:1,22,46,85,98,175,180,223,253,486,304,354,423,474
297:27,59,62,140,225,408,336,357,454,479
298:6,45,51,140,473,314,364,372,476
299:67,69,70,85,107,142,176,286,320,300,312,315,419,453,460,466,484
300:104,161,197,211,267,269,299,394,327
301:19,53,62,141,163,206,394,335,355,384,385
302:25,79,114,351,353,373,468
303:5,76,142,171,244,267,475,318,374
304:82,222,232,296,328,378,496
305:16,85,116,137,177,282,475,332,371,418
306:13,61,103,125,133,137,158,210,216,346,320,468
307:1,7,51,87,110,115,222,252,257,325,319,340
308:106,108,415,332,469,479
309:1,48,110,233,260,270,348,323,370,402,404,422,444
310:20,42,74,98,158,212,331,329,470
311:30,62,64,87,107,134,178,256,455,314,346,383,406
312:35,42,114,129,167,192,222,259,299,323,407,449,462
313:32,48,67,212,249,269,291,413,314,378,425,443,462
314:82,105,150,223,259,270,298,311,313,406,330,341,354,413,419,426,452
315:232,277,299,354,459,482
316:83,136,231,258,263,268,293,414,330,429,480
317:85,207,213,226,251,274,284,349,335,392,423,444
318:113,132,224,303,439,356,370,475
319:105,186,197,234,293,307,430,438
320:51,57,101,103,157,176,204,230,286,299,306,368,421,480
321:61,66,92,115,119,183,192,205,206,227,404,360,455
322:10,84,91,108,251,389,436
323:19,44,79,90,96,104,105,167,176,208,309,312,423,349,376,412,480
324:113,160,173,359,377,434,474
325:28,29,84,176,177,181,182,244,307,427,355,471
326:80,394
327:34,43,170,212,275,286,300,399,372,432
328:129,170,189,208,211,262,266,281,304,428,440,448,464,465
329:27,30,184,200,217,241,269,310,416,334,335,347,385,459,468
330:64,107,120,123,160,162,190,209,217,237,269,314,316,499,374,378
331:3,31,105,154,183,191,266,310,341,350,358,421,454,489
332:12,15,77,161,178,248,284,305,308,350,374,378,474,482
333:20,182,266,291,379,434,435,456
334:5,22,65,226,256,262,329,441,394,419
335:8,16,70,78,149,162,174,194,195,234,301,317,329,388,394,410,413
336:10,96,147,173,181,272,297,417,354,418
337:26,42,46,269,450,355,400,405,408,442,444
338:64,175,182,234,271,290,292,490,365,381,440,452,475
339:26,78,80,100,169,183,229,378,383,452
340:4,114,180,215,259,273,307,438,376,424,451,456,492
341:106,153,273,314,331,497,343,367,372,483
342:44,133,191,248,250,360,414,483,486,491
343:100,238,341,489,362,395,401,434,436,479
344:31,118,149,156,241,390,349,375,405,415,422
345:51,65,95,200,293,390,356,443
346:78,184,235,306,311,420,374,424,499
347:33,37,86,106,119,165,182,272,329,473,351,374,458,482
348:45,51,66,102,123,124,129,232,237,242,257,309,413,367,388,469,470
349:2,51,63,73,317,323,344,453,356,407
350:98,128,148,190,201,287,293,331,332,390,379,417,465
351:8,106,116,135,214,240,266,302,347,416,371,388,436,458,470,489
352:124,154,155,156,164,166,422,365,457
353:57,81,113,154,238,242,261,271,287,302,448,354,384,406
354:7,127,212,296,314,315,336,353,497,416,446,447,450,478
355:47,264,301,325,337,378,439,450,480
356:42,94,255,318,345,349,464,387,391,482
357:8,34,133,163,185,201,231,264,265,297,491,488
358:117,126,289,331,462,419,427,458,495,499
359:112,204,324,446,386,396,422,454,462
360:52,64,68,96,99,106,152,211,321,342,377,385
361:16,24,174,226,243,253,427,484,485
362:1,68,179,208,343,464,467,472,489,494
363:5,60,64,69,73,163,192,195,197,221,411,413
364:51,72,161,204,222,232,260,278,298,491,404,445,460
365:88,226,236,338,352,472,422,431,491
366:124,156,196,250,403,467
367:11,19,35,59,91,154,180,256,291,341,348,393,385,462
368:131,256,289,320,453,419,491
369:9,81,114,123,142,148,167,244,269,481,373,376,412,426,427,488
370:124,195,309,318,384,401,445
371:57,95,276,305,351,389,373,433,466,470
372:11,26,43,147,242,298,327,341,468,373,413
373:36,55,118,161,240,302,369,371,372,484,453,460
374:6,53,79,80,171,228,303,330,332,346,347,383,430,461
375:120,122,263,264,266,344,452,431
376:96,112,125,207,279,323,340,369,481,408,434,444
377:66,73,120,124,215,285,324,360,491,403,419,477,495
378:30,55,90,125,173,222,285,304,313,330,332,339,355,435
379:7,63,68,140,237,277,283,287,333,350,424,387
380:17,53,67,126,208,252,282,427,390,420,495
381:8,74,103,175,193,221,270,338,433,419,487
382:22,55,113,143,149,164,193,233,235,472,404,478
383:107,169,195,311,339,374,401,415,447,469
384:13,54,153,200,232,242,245,256,257,301,353,370,441,443,453,454
385:91,268,301,329,360,367,488
386:110,111,130,154,211,359,473,422
387:10,82,92,94,110,165,180,356,379,434,423,445
388:58,79,121,175,211,230,335,348,351,443,423,434,479
389:55,83,87,138,153,189,322,371,400,479,487
390:96,207,246,250,344,345,350,380,472,436,443,479
391:3,20,35,78,127,194,261,356,398,455,478
392:10,71,118,120,135,161,172,221,317,406,405,416
393:5,25,114,178,198,204,236,295,367,441,400,412,496
394:31,40,45,48,86,88,218,227,250,286,288,300,301,326,334,335,470
395:61,100,144,194,206,215,222,224,227,244,279,281,343,397,428,445
396:70,109,161,359,415,417
397:0,112,193,218,273,395,438,426
398:50,78,145,234,391,452,418
399:13,28,32,86,185,252,327,414,480,483
400:14,115,122,159,160,180,228,248,257,337,389,393,469,423
401:111,117,132,205,343,370,383,407,413,423,485
402:48,108,131,134,147,199,201,231,309,459,464,467
403:6,32,46,56,63,81,87,176,366,377,416,479
404:65,127,149,234,309,321,364,382,450,464,487
405:20,56,114,154,207,227,279,337,344,392,489,497
406:5,82,93,99,183,217,257,311,314,353,392,422,415,416,448
407:33,218,254,261,282,312,349,401,494,454
408:39,75,103,175,199,259,260,292,297,337,376,496,440
409:40,145,203,242,465,413,476
410:6,15,55,63,74,97,210,212,229,335,471,494
411:47,87,146,164,252,363,444,415
412:95,108,147,150,171,203,323,369,393,424,431
413:0,22,86,139,162,206,211,242,313,314,335,348,363,372,401,409,424
414:202,207,316,342,399,484
415:4,69,152,261,308,344,383,396,406,411,437
416:2,40,45,59,127,133,174,283,292,329,351,354,392,403,406,453,478
417:29,61,81,82,89,97,104,336,350,396,457,465,469
418:23,33,44,62,111,112,115,144,254,276,305,336,398,435,451,496
419:6,99,107,128,201,215,225,227,240,251,299,314,334,358,368,377,381,438,432
420:91,127,157,163,174,231,281,346,380,441,442,448,482,486
421:2,54,66,72,107,125,133,165,192,218,234,260,263,320,331,485,441,467,480,490
422:13,17,27,79,146,161,227,233,309,344,352,359,365,386,406,499,438
423:78,167,246,266,296,317,323,387,388,400,401,444,476
424:28,36,37,45,103,122,340,346,379,412,413,458,471,482
425:42,94,126,224,235,313,463,450
426:84,138,145,147,171,234,292,314,369,397,472
427:1,31,51,56,82,231,256,325,358,361,369,380,478,430,440
428:13,36,67,151,225,328,395,433
429:15,91,140,157,175,316,441
430:75,121,122,130,178,212,319,374,427,448,437,445,498
431:3,22,23,73,105,133,171,254,365,375,412,443,458
432:5,27,54,110,159,247,263,270,272,327,419,459,499
433:63,64,91,107,203,236,259,289,371,381,428,473
434:21,62,128,198,324,333,343,376,387,388,452
435:23,132,211,226,260,264,284,293,333,378,418,452,465,482
436:44,62,148,211,232,260,263,322,343,351,390,479,440,462
437:22,68,81,88,155,165,210,415,430,464,449,479
438:62,70,90,109,183,203,217,319,340,397,419,422,458
439:59,62,205,243,248,278,284,318,355,468,441
440:35,154,192,232,235,277,328,338,408,427,436,449
441:10,11,22,119,240,334,384,393,420,421,429,439,480,443,489
442:28,193,285,337,420,485,455,471
443:39,231,243,265,295,313,345,384,388,390,431,441,487
444:49,66,120,176,212,231,242,246,309,317,337,376,411,423,472
445:168,169,175,209,269,275,364,370,387,395,430,451,479
446:28,110,116,122,123,146,254,354,359,467,494
447:14,24,50,102,130,153,155,282,354,383,485,454,475
448:4,27,39,74,96,111,148,229,272,293,328,353,406,420,430,480,465,479
449:115,174,276,312,437,440,489
450:64,337,354,355,404,425,493,478
451:27,28,65,130,152,157,161,164,182,187,202,217,286,340,418,445,453
452:12,46,139,192,276,286,314,338,339,375,398,434,435,488
453:29,76,91,147,193,233,269,299,349,368,373,384,416,451,498,477
454:32,44,62,84,134,138,189,201,290,297,331,359,384,407,447,469,472,474,487
455:41,108,123,159,311,321,391,442,483
456:41,88,147,164,250,285,333,340,488,485
457:34,69,107,198,288,352,417,468,461
458:28,38,105,125,143,159,204,231,347,351,358,424,431,438,482
459:30,91,163,180,185,200,240,315,329,402,432,474,473,487
460:26,44,71,84,102,139,174,193,216,249,299,364,373,487,472
461:72,94,149,168,180,223,243,374,457,476,485,493
462:6,63,79,157,170,222,245,268,312,313,358,359,367,436,469,495
463:48,62,425,485,464
464:0,30,187,228,275,328,356,362,402,404,437,463,471
465:128,164,168,195,243,265,291,328,350,409,417,435,448,496
466:30,37,158,183,203,251,255,278,299,371,467,471
467:36,82,91,97,167,249,278,362,366,402,421,446,466,496
468:22,27,66,67,112,131,207,208,287,302,306,329,372,439,457,479
469:33,64,117,211,244,293,308,348,383,400,417,454,462,487,478
470:0,21,35,134,172,261,310,348,351,371,394,474
471:10,16,73,97,101,107,157,175,179,204,207,288,325,410,424,442,464,466,481
472:170,189,263,274,278,362,365,382,390,426,444,454,460,481
473:71,97,113,136,298,347,386,433,459,498
474:28,100,105,135,137,177,240,273,286,296,324,332,454,459,470,499,489
475:106,210,243,279,303,305,318,338,447,491
476:43,112,116,229,293,298,409,423,461,479
477:24,74,132,168,241,269,377,453,497,494
478:29,110,185,282,284,295,354,382,391,416,427,450,469,485
479:34,38,84,112,270,297,308,343,388,389,390,403,436,437,445,448,468,476,492
480:6,43,48,49,99,316,320,323,355,399,421,441,448,487
481:0,75,139,158,163,193,224,232,282,369,376,471,472,489
482:238,244,245,262,315,332,347,356,420,424,435,458,499
483:18,28,71,154,207,286,341,342,399,455,495
484:56,76,154,200,227,299,361,373,414,486
485:64,361,401,421,442,447,456,461,463,478,491
486:79,104,240,258,267,278,279,296,342,420,484,499,488
487:68,131,233,261,264,279,381,389,404,443,454,459,460,469,480,498
488:35,76,180,200,268,271,357,369,385,452,456,486,499
489:13,19,24,50,74,90,104,143,149,177,185,207,255,331,343,351,362,405,441,449,474,481,490
490:31,101,195,253,338,421,489,491
491:57,66,158,226,342,357,364,365,368,377,475,485,490,499
492:50,100,126,168,278,280,340,479,495
493:12,53,122,148,158,213,450,461,495
494:41,57,88,98,152,168,173,176,178,362,407,410,446,477,498
495:14,59,290,358,377,380,462,483,492,493,498
496:23,24,30,85,111,120,123,128,141,190,207,238,247,254,270,304,393,408,418,465,467,499
497:107,154,258,285,294,341,354,405,477,498
498:154,193,241,243,430,453,473,487,494,495,497,499
499:32,36,178,330,346,358,422,432,474,482,486,488,491,496,498
