0:90,35,43,78,107,115,157,167,204,244,253,292,330,341,349,383,432,452,459
1:435,41,61,125,130,220,311,324,449
2:239,3,4,14,16,32,34,48,67,70,84,106,115,127,173,192,224,229,262,289,324,344,382,395,411,435,439
3:2,379,9,10,36,56,71,113,152,215,241,256,269,292,304,342,343,348,350,358,381,410
4:2,276,83,95,132,136,192,246,256,260,303,327,328,356,358,399
5:7,8,18,51,90,134,145,185,192,199,207,209,261,264,276,313,316,337,343,354,365,409,411,459
6:312,104,124,145,151,248,284,315,402
7:5,433,19,34,110,119,154,168,180,291,314,335,352
8:5,196,12,13,103,142,147,153,187,193,208,223,254,258,284,287,308,326,414,424
9:3,394,28,39,66,70,115,163,173,198,202,248,259,275,288,304,359,368,372,401,410,423
10:3,348,40,56,72,120,136,151,187,191,240,261,268,280,303,308,352,411
11:152,55,82,134,184,187,200,244,254,267,268,307,339,367,368
12:8,193,94,204,223,258,284,295,301,337,344,350,385,420
13:8,53,23,82,113,134,205,253,324,331,338,405,437,440
14:2,335,17,26,43,55,85,101,122,188,346,349,393,405,427,452
15:117,40,58,127,155,181,187,189,207,214,217,263,341,376,417,434,440
16:2,243,20,26,27,63,87,109,119,137,164,195,224,233,246,256,262,272,304,311,312,337,359,373,385,426,429,439,459
17:14,293,35,43,81,87,105,107,154,169,232,242,248,275,351,421
18:5,186,25,64,147,153,155,174,214,234,263,315,346,359,395,400,404,407,414,428,432
19:7,412,121,149,157,190,192,232,245,254,264,394,407,408,440,444,457
20:16,282,26,125,155,228,230,243,286,299,373,376,382,407,454
21:257,59,97,109,123,168,173,209,226,235,266,276,277,287,291,317,329,356,389,456
22:229,54,62,98,137,241,263,354,356,404,426
23:13,374,45,89,94,101,102,215,218,226,278,279,309,326,335,359,410,413,442,449,452,456
24:334,36,45,91,92,95,124,136,164,189,213,250,255,261,356,377,384,386,390
25:18,65,33,35,39,57,69,93,109,161,195,197,212,222,286,367,371,385,400,404,430,455,459
26:14,16,20,200,38,66,136,177,191,210,224,233,255,258,261,272,276,300,354,357,361,383,384,393,449
27:16,326,31,83,121,130,147,154,158,176,206,207,223,239,275,299,312,334,340,349,351,368,455
28:9,50,77,100,107,120,136,143,144,159,205,238,272,294,309,357
29:72,45,50,51,81,106,120,154,157,199,212,252,323,330,358,366,368,424,444
30:416,35,54,57,60,116,117,174,178,269,316,390,413,418,426,453
31:27,52,33,39,56,79,104,125,141,179,220,222,244,268,269,323,348,361,379,392,405,416,436,439,455
32:2,150,57,61,74,85,122,126,139,148,161,165,176,182,205,223,239,307,318,414,436,443,444
33:25,31,226,49,59,127,145,171,182,209,216,295,318,336,356,384,426,429,437
34:2,7,344,45,48,103,129,140,178,180,196,221,328,331,343,366,389,399,413,441
35:0,17,25,30,364,122,126,180,244,253,280,368,389,395,433,437
36:3,24,422,46,54,73,75,76,102,161,184,187,237,250,314,387,432,434
37:73,53,129,134,148,271,318,340,343,373,440
38:26,300,44,97,126,136,147,180,196,224,239,267,321,359,367,374,377,401,403,425,426,427,437
39:9,25,31,236,55,72,183,188,194,199,229,244,255,266,311,345,357,361,382,396,447
40:10,15,347,79,81,96,97,107,162,172,212,283,331,345,346,349,371,376,387,412,413,430
41:1,403,51,84,93,98,126,163,215,266,280,312,331,335,361,373,428,459
42:234,54,76,106,130,139,158,164,166,226,243,255,277,293,311,342,387,392,397,400,407,410
43:0,14,17,299,52,103,110,141,192,200,220,229,241,247,268,298,319,322,336,340,345,362,383
44:38,367,203,242,305,333,349,357,369,395,415
45:23,24,29,34,260,59,67,113,168,207,258,267,333,374,378,392,437,444
46:36,435,73,166,175,183,194,214,275,330,346,356,367,372,418
47:396,73,85,103,128,131,152,204,345,451
48:2,34,408,83,313,319,346,349,365,389,396,452
49:33,57,56,97,112,126,137,139,157,171,189,223,227,236,257,270,283,328,332,336,350,421
50:28,29,87,69,77,117,135,143,144,169,179,192,226,272,283,309,405,414,421,428,440,441
51:5,29,41,194,55,78,80,91,118,182,185,234,239,274,356,416,420,427,430
52:31,43,307,54,92,101,121,188,209,236,250,278,280,389,417,423,428
53:13,37,303,55,85,107,115,117,133,164,165,183,213,308,326,351,352,376,402
54:22,30,36,42,52,243,68,70,86,105,130,137,141,211,237,257,277,345,354,369,393,398,410,418,419,421,441,453
55:11,14,39,51,53,106,127,136,144,156,194,237,302,325,358,384,439
56:3,10,31,49,257,62,73,108,121,196,198,231,247,282,295,318,422,431,443,450
57:25,30,32,49,374,78,141,146,183,202,204,253,272,312,313,316,328,389,409,431,457
58:15,386,69,76,80,83,100,170,188,203,232,286,289,290,291,292,354,371,457
59:21,33,45,161,64,77,139,175,198,232,257,281,286,301,323,324,328,360,384,401,405,416,438,457
60:30,437,71,101,116,123,126,147,160,181,204,279,298,337,368,377,384,388,415,433,453,455,456
61:1,32,429,99,111,166,175,199,208,209,246,247,296,298,335,345,358,404,444
62:22,56,125,67,76,133,135,151,197,203,205,210,214,218,229,257,258,265,268,312,314,325,326,343,359,361,367,376,382,420
63:16,180,119,187,244,253,258,288,332,359,410,451
64:18,59,275,99,127,131,139,228,231,263,276,317,349,377,397,409,424
65:25,447,89,101,106,195,196,204,246,257,281,295,360,374,412,449
66:9,26,397,75,88,134,148,176,196,288,304,310,318,334,405,441,453
67:2,45,62,387,75,110,126,194,213,217,225,227,277,314,327,329,358,450
68:54,445,104,151,200,206,223,238,273,281,282,293,357,358,396,426,427
69:25,50,58,336,72,80,114,203,223,234,245,249,267,317,368,416,417,442,446
70:2,9,54,102,71,78,85,87,141,147,154,238,304,411,425,439,455
71:3,60,70,179,111,141,144,172,241,312,350,353,399,430,445,446
72:10,29,39,69,162,76,81,96,126,134,153,210,211,220,221,268,295,315,339,359,370,395,402,404,435,445,459
73:36,37,46,47,56,206,75,100,133,146,150,175,241,247,276,280,338,341,363,373
74:32,87,104,113,115,126,143,199,262,296,301,315,362,417
75:36,66,67,73,192,101,106,107,182,238,259,365,376,389,429,440,447
76:36,42,58,62,72,241,90,100,118,122,137,238,275,277,278,326,336,422
77:28,50,59,339,95,101,106,121,136,202,238,256,257,299,327,334,362,404,429,430,456
78:0,51,57,70,238,87,148,162,165,189,267,315,355,437,439
79:31,40,230,93,113,183,216,227,241,250,284,311,392,417
80:51,58,69,142,95,107,110,168,215,217,246,258,282,292,306,330,356,359,384,385,408,423,437,452
81:17,29,40,72,386,101,114,144,154,180,231,232,261,272,286,294,312,316,331,388,405,418,424,429,437
82:11,13,397,100,143,170,189,330,364,454
83:4,27,48,58,322,96,102,114,124,129,154,157,158,181,193,237,245,258,312,343,378
84:2,41,352,193,233,234,244,343,373,382,443,449
85:14,32,47,53,70,310,107,117,146,161,162,175,209,344,357,363,375,383,388,395,402,412,414,417,437
86:54,393,171,175,279,302,377,379,387,404,408,431,453
87:16,17,50,70,74,78,404,89,94,121,190,224,250,279,330,337,355,378,403,429,440,448,449,458
88:66,317,121,134,147,187,211,271,319,322,326,359,392
89:23,65,87,405,118,131,159,205,220,221,224,231,280,284,346,353,368,385,408
90:0,5,76,388,103,114,159,202,233,247,256,309,337,397,431
91:24,51,278,99,138,167,205,242,287,296,308,350,355,392,427,433,437,442
92:24,52,195,105,198,201,253,258,268,271,274,311,320,324,379,438,459
93:25,41,79,406,164,175,197,199,264,271,291,312,316,375,422,439,448
94:12,23,87,106,127,155,169,231,307,359,376,385,443,447,450,458
95:4,24,77,80,292,125,135,168,214,225,266,278,291,318,371,391,398,407,443
96:40,72,83,284,126,135,152,171,184,196,197,199,290,306,307,309,327,398,419,454
97:21,38,40,49,104,195,218,224,236,246,257,329,369,415,459
98:22,41,365,99,101,134,135,141,162,175,177,182,191,201,223,281,289,301,336,337,400,415,438,451
99:61,64,91,98,435,144,154,204,206,251,256,268,298,308,359,362,403,437,442,458
100:28,58,73,76,82,128,126,167,245,259,265,272,289,299,306,309,349,404,406,430,443,445
101:14,23,52,60,65,75,77,81,98,236,111,115,119,204,211,214,224,228,234,261,274,283,300,301,348,353,361,411,442
102:23,36,70,83,329,156,183,244,254,258,283,314,341,395,437
103:8,34,43,47,90,227,106,115,124,183,188,285,324,348,383,416,443
104:6,31,68,74,97,196,113,144,162,177,187,206,243,273,304,315,350,378
105:17,54,92,383,106,133,138,145,166,231,259,265,306,351,356,359,365,366,389,391,395,410,416
106:2,29,42,55,65,75,77,94,103,105,323,108,195,253,358,360,377,390,420,423,450
107:0,17,28,40,53,75,80,85,141,174,182,216,265,285,288,291,357
108:56,106,355,147,176,197,233,241,254,289,303,318,325,327,396,429,444,449,454,455
109:16,21,25,144,125,151,172,182,224,229,245,249,273,332,351,368,449
110:7,43,67,80,245,111,124,134,137,153,179,192,199,211,262,263,317,323,332,334,380,402,408,455
111:61,71,101,110,347,132,135,147,158,194,204,303,305,322,346,352,359,370,382,398,435,452
112:49,404,157,187,226,235,246,258,271,272,282,291,302,304,306,343,349,354,379,395,416,443,452
113:3,13,45,74,79,104,358,117,134,156,167,210,236,241,265,278,306,309,332,339,342,350,366,372,400,401,416,419,455,456
114:69,81,83,90,317,175,187,226,244,269,282,290,315,324,329,456
115:0,2,9,53,74,101,103,179,125,208,215,216,244,245,320,361,367,406,408,414,425,437
116:30,60,262,126,179,183,299,314,361,367,375,396,451
117:15,30,50,53,85,113,333,171,232,260,262,354,394,398
118:51,76,89,125,122,140,237,255,274,289,303,317,325,353,380,389,398,400,422,426,432
119:7,16,63,101,252,157,226,277,304,344,345,367,383,410,412
120:10,28,29,249,132,165,252,270,299,366,419,447
121:19,27,52,56,77,87,88,449,165,276,300,308,330,344,404,414,417,457,459
122:14,32,35,76,118,329,148,167,190,210,216,226,287,290,301,322,338,339,401,423,429,440
123:21,60,263,145,166,186,214,215,240,257,276,305,354,356,396,410,413,437,454
124:6,24,83,103,110,139,128,213,255,263,286,289,327,335,433,435
125:1,20,31,62,95,109,115,118,246,182,199,204,233,254,269,296,337,340,365,368,403,413
126:32,35,38,41,49,60,67,72,74,96,100,116,237,130,182,188,226,231,318,336,338,371,382,411,417,421
127:2,15,33,55,64,94,445,150,194,214,216,231,268,281,313,336,383,425,437,455
128:47,100,124,317,151,212,215,218,241,242,327,357,421,442
129:34,37,83,147,162,198,247,290,322,333,339,405,408
130:1,27,42,54,126,280,139,151,162,252,308,337,351,434,459
131:47,64,89,290,196,199,208,220,240,255,269,285,331,340,418,435,457
132:4,111,120,226,182,199,230,235,247,299,310,316,349,412,425,439
133:53,62,73,105,457,216,233,246,258,299,328,408
134:5,11,13,37,66,72,88,98,110,113,401,139,228,242,254,280,332,392,420,428,451
135:50,62,95,96,98,111,353,146,171,181,182,200,215,260,319,329,361,436,446,447
136:4,10,24,26,28,38,55,77,140,175,195,204,219,281,298,302,333,340,350,378,393,429
137:16,22,49,54,76,110,435,159,175,217,237,313,322,329,371,407,422,423
138:91,105,433,148,167,174,184,193,194,207,208,221,255,259,282,286,323,329,333,347,397,412,420
139:32,42,49,59,64,124,130,134,357,159,183,184,230,346,364,373,424,454
140:34,118,136,180,181,206,238,270,271,314,318,347,380,383,417,451,459
141:31,43,54,57,70,71,98,107,208,156,216,236,265,271,329,366,404,421,432,438,450
142:8,80,191,214,215,241,305,347,351,374,413,424,452,458
143:28,50,74,82,178,194,282,320,341,375,382,398,403
144:28,50,55,71,81,99,104,109,333,167,195,207,303,343,350,438
145:5,6,33,105,123,254,203,210,215,220,230,256,262,276,355,388,395,402,409,430,442
146:57,73,85,135,435,179,194,294,309,313,370,371,377,414,415,424,456
147:8,18,27,38,60,70,88,108,111,129,194,261,263,271,308,313,339,358,399,413,419,434
148:32,37,66,78,122,138,453,154,167,233,243,269,300,358,364,365,382,389,408
149:19,297,194,335,346,351,446,455
150:32,73,127,305,152,153,166,181,186,223,232,248,278,289,291,335,365,403,431,445
151:6,10,62,68,109,128,130,195,152,159,186,244,249,347,352,383,402,404,449,458
152:3,11,47,96,150,151,256,173,195,202,212,223,238,247,305,322,326,395
153:8,18,72,110,150,241,169,238,308,316,339,371,401,408,413,433,445,454
154:7,17,27,29,70,81,83,99,148,217,165,180,195,206,210,252,255,276,328,332,334,347,353,358,390,432,436,448
155:15,18,20,94,283,176,186,198,204,219,233,256,316,332,359,364,372,437,438
156:55,102,113,141,195,159,173,186,212,218,280,300,307,361,367,372,441,447,456,458
157:0,19,29,49,83,112,119,302,174,191,195,257,261,308,309,348,355,377,423,430,438,442
158:27,42,83,111,285,189,230,281,306,316,352,380,398,416,432,452
159:28,89,90,137,139,151,156,272,207,270,277,290,301,349,359,400,420,451
160:60,208,163,179,180,218,228,239,323,362,393,405,408,418,423
161:25,32,36,59,85,220,162,175,217,218,221,222,257,278,281,289,301,305,362
162:40,72,78,85,98,104,129,130,161,254,169,197,200,235,294,315,327,404,415,425,448,449
163:9,41,160,430,218,233,246,248,253,261,285,289,338,362,370,399,424
164:16,24,42,53,93,267,170,188,189,194,234,249,261,317,443,453,455
165:32,53,78,120,121,154,352,168,209,217,251,350,351,367,385,456
166:42,46,61,105,123,150,418,171,181,202,233,242,284,339,342,348,409,414,431
167:0,91,100,113,122,138,144,148,173,184,190,193,271,284,306,385,406,436,442,447,454
168:7,21,45,80,95,165,374,217,252,259,271,315,321,340,344,346,367,382,386,415,443
169:17,50,94,153,162,409,225,242,265,280,326,329,335,357,358,376,410,415,434,459
170:58,82,164,335,184,187,189,209,211,219,227,242,258,409,446
171:33,49,86,96,117,135,166,286,202,322,335,389,407
172:40,71,109,201,182,196,232,256,265,283,286,292,294,297,305,358,372,406,408,413,454
173:2,9,21,152,156,167,239,182,188,204,308,317,384,390,401,445,447
174:18,30,107,138,157,374,235,250,252,262,273,297,323,346,353,381
175:46,59,61,73,85,86,93,98,114,136,137,161,316,180,256,260,348,368,422,427
176:27,32,66,108,155,370,181,194,207,231,258,270,280,321,350,371,431,432,458
177:26,98,104,257,192,198,207,220,278,280,292,294,313,324,368,430,442
178:30,34,143,252,191,238,258,285,349,355,373,374,377,403,418
179:31,50,71,110,115,116,146,160,280,181,182,237,245,284,296,330,350,369,389,418,428
180:7,34,35,38,63,81,140,154,160,175,311,193,205,226,328,345,401,419,438
181:15,60,83,135,140,150,166,176,179,307,202,209,238,245,280,295,343,349,385,386,391,396
182:32,33,51,75,98,107,109,125,126,132,135,172,173,179,417,253,285,321,374,397,433,450,457
183:39,46,53,57,79,102,103,116,139,290,209,210,225,240,251,276,320,395,456
184:11,36,96,138,139,167,170,375,208,225,246,282,336,342,372,382,393
185:5,51,278,231,238,239,246,319,331,336,379,440,452,458
186:18,123,150,151,155,156,450,189,203,212,227,265,284,296,300,303,309,319,341,363,376,405,407,425,455
187:8,10,11,15,36,63,88,104,112,114,170,359,195,238,253,259,316,332,346,409
188:14,39,52,58,103,126,164,173,370,234,247,257,262,292,394
189:15,24,49,78,82,158,164,170,186,375,247,284,295,305,386,434,436,459
190:19,87,122,167,216,224,246,248,278,307,337,384,457
191:10,26,98,142,157,178,250,215,243,257,300,303,333,337,360,371,391,402,409,416,419,437
192:2,4,5,19,43,50,75,110,177,337,265,279,308,329,355,359,360,371,382,403
193:8,12,83,84,138,167,180,227,236,257,262,264,275,281,313,316,328,360,408
194:39,46,51,55,67,111,127,138,143,146,147,149,164,176,225,218,246,258,260,262,297,314,317,372,392,426,435,456,457
195:16,25,65,92,97,106,136,144,151,152,154,156,157,187,405,209,256,257,258,381,419,423
196:8,34,38,56,65,66,96,104,131,172,252,197,218,230,291,387,423
197:25,62,93,96,108,162,196,202,243,253,294,321,357,359,389
198:9,56,59,92,129,155,177,342,204,208,211,218,227,234,236,249,284,288,333,344,353,366,375,383,391,395,399,410,457
199:5,29,39,61,74,93,96,110,125,131,132,294,266,284,286,320,325,341,350,423
200:11,26,43,68,135,162,426,218,229,278,309,310,320,323,333,336,344,441
201:92,98,172,289,271,278,280,316,326,357,432
202:9,57,77,90,152,166,171,181,197,332,269,292,323,347,375,376,418,434,448
203:44,58,62,69,145,186,315,222,230,234,235,253,254,266,338,364,401,411,425,443,458
204:0,12,47,57,60,65,99,101,111,125,136,155,173,198,424,293,319,321,323,328,334,338,350,372,381,388,403,426,441
205:13,28,32,62,89,91,180,346,211,250,274,313,318,339,365,368,402,413,418,421
206:27,68,73,99,104,140,154,360,218,231,254,298,362,401,407,409,413,454
207:5,15,27,45,138,144,159,176,177,282,209,220,234,247,311,321,325,349
208:8,61,115,131,138,141,160,184,198,254,246,255,299,302,315,318,319,389
209:5,21,33,52,61,85,165,170,181,183,195,207,360,244,303,313,359,411,413
210:26,62,72,113,122,145,154,183,435,270,275,285,292,366,381,423,426,429,444
211:54,72,88,101,110,170,198,205,333,258,260,261,262,319,339,420,445,450,458
212:25,29,40,128,152,156,186,372,224,236,244,252,288,322,331,343,365,396,435,457
213:24,53,67,124,333,247,285,345,358,387,446,454
214:15,18,46,62,95,101,123,127,142,434,243,255,318,431
215:3,23,41,80,115,123,128,135,142,145,191,336,232,241,242,260,295,315,363,368,377,379,386,387,441,442
216:33,79,107,115,122,127,133,141,190,367,257,269,292,293,311,313,384,421,456
217:15,67,80,137,154,161,165,168,339,233,276,293,302,304,306,309,355,397,436,454
218:23,62,97,128,156,160,161,163,194,196,198,200,206,270,230,245,249,255,275,276,345,366,418,423
219:136,155,170,449,346,413,425,457
220:1,31,43,72,89,131,145,161,177,207,326,249,287,335,421,438,441
221:34,72,89,138,161,361,243,300,324,338,356,396,431
222:25,31,161,203,299,232,277,326,328,333,366,383,391,425,437
223:8,12,27,32,49,68,69,98,150,152,415,346,349,355,387,423,428
224:2,16,26,38,87,89,97,101,109,190,212,340,241,318,358,368,380,381,399,424,449
225:67,95,169,183,184,194,382,287,339,399,409,430
226:21,23,33,42,50,112,114,119,122,126,132,180,294,357,380,388,414,446
227:49,67,79,103,170,186,193,198,299,269,301,325,332,363,396,410,428,429,441,444
228:20,64,101,134,160,282,230,257,269,270,303,315,370,402,455
229:2,22,39,43,62,109,200,324,261,317,334,342,392,416,448
230:20,79,132,139,145,158,196,203,218,228,427,238,267,290,300,373,425,430,435
231:56,64,81,89,94,105,126,127,176,185,206,254,232,233,248,259,306,358,360,412,431,436,437
232:17,19,58,59,81,117,150,172,215,222,231,271,250,276
233:16,26,84,90,108,125,133,148,155,163,166,217,231,391,272,287,316
234:18,42,51,69,84,101,164,188,198,203,207,285,245,265,274,281,370,377
235:21,112,132,162,174,203,265,242,282,346,377,384,415,422,433,450,453,457
236:39,49,52,97,101,113,141,193,198,212,258,243,324,369,389,425,430
237:36,54,55,83,118,126,137,179,360,310,346,349,353,354,367,437,448
238:28,68,70,75,76,77,78,140,152,153,178,181,185,187,230,359,274,308,354,357,390,428,447
239:2,27,32,38,51,160,173,185,310,264,266,280,324,406
240:10,123,131,183,394,254,258,291,308,333
241:3,22,43,71,73,76,79,108,113,128,142,153,215,224,446,292,293,295,321,357,365,381,398,444,448
242:17,44,91,128,134,166,169,170,215,235,310,285,303,311,325,351,380,384,426,455
243:16,20,42,54,104,148,191,197,214,221,236,398,263,273,279,297,300,354,357,433,446
244:0,11,31,35,39,63,84,102,114,115,151,209,212,284,255,280,313,330,389,420,456
245:19,69,83,100,109,110,115,179,181,218,234,435,258,270,271,276,326,365,426
246:4,16,61,65,80,97,112,125,133,163,184,185,190,194,208,442,376,402,435,447,451
247:43,56,61,73,90,129,132,152,188,189,207,213,425,272,316,323,443
248:6,9,17,150,163,190,231,421,273,315,344,349,365,402
249:69,109,120,151,164,198,218,220,441,311,334,374,376,427,432,457
250:24,36,52,79,87,174,191,205,232,396,346,398,401,425,456
251:99,165,183,288,255,267,315,316,394,407,410,437
252:29,119,120,130,154,168,174,178,196,212,253,255,276,314,339,359,363,375,379,384,458
253:0,13,35,57,63,92,106,163,182,187,197,203,252,302,292,304,318,344,359,381,439,443,458
254:8,11,19,102,108,125,134,145,162,203,206,208,231,240,382,259,263,287,291,307,333,334,352,353,355,403,407,457
255:24,26,39,42,118,124,131,138,154,208,214,218,244,251,252,340,290,292,318,325,458
256:3,4,16,77,90,99,145,152,155,172,175,195,363,296,368,383,391,411,444
257:21,49,54,56,59,62,65,77,97,123,157,161,177,188,191,193,195,216,228,433,288,341,355,370,397
258:8,12,26,45,62,63,80,83,92,102,112,133,170,176,178,194,195,211,236,240,245,374,287,316,395,396,416,433
259:9,75,100,105,138,168,187,231,254,435,303,346,347,352,356,378
260:4,45,117,135,175,194,211,215,451,276,294,313,365,390,400,426,427,431
261:5,10,24,26,81,101,147,157,163,164,211,229,333,294,304,305,310,389,446
262:2,16,74,110,116,117,145,174,188,193,194,211,332,277,303,341,425
263:15,18,22,64,110,123,124,147,243,254,443,272,298,309,318,363,391,434
264:5,19,93,193,239,395,266,286,296,348,352,370,404,417,436,458
265:62,100,105,107,113,141,169,172,186,192,234,235,270,282,285,311,316,350,458
266:21,39,41,95,199,203,239,264,374,303,321,323,346,409,425,431
267:11,38,45,69,78,164,230,251,428,279,289,314,339,348,365,373,385,389,411,426,440,456
268:10,11,31,43,62,72,92,99,127,289,272,367,405,408,426,428,456
269:3,30,31,114,125,131,148,202,216,227,228,457,333,338,341,393,396,456
270:49,120,140,159,176,210,218,228,245,265,451,281,282,328,329,342,346,442,454
271:37,88,92,93,112,140,141,147,167,168,201,232,245,280,306,310,353,370,411,442
272:16,26,28,50,57,81,100,112,159,233,247,263,268,306,275,287,303,329,331,338,339,379,403,407,419
273:68,104,109,174,243,248,405,315,333,399,414,433,449
274:51,92,101,118,205,234,238,343,300,324,375,418,420,429,432,447,448,449
275:9,17,27,46,64,76,193,210,218,272,455,297,306,342,420
276:4,5,21,26,64,73,121,123,145,154,183,217,218,232,245,252,260,450,307,310,343,372,395,423,424,437
277:21,42,54,67,76,119,159,222,262,363,285,324,349,356,430,440,442,444
278:23,52,76,91,95,113,150,161,177,185,190,200,201,384,316,320,348,377,430,449,451,455,456
279:23,60,86,87,192,243,267,396,315,344,370,381,385,407,409
280:10,35,41,52,73,89,130,134,156,169,176,177,179,181,201,239,244,271,340,282,303,326,347,360,371,381,393,409,443,450
281:59,65,68,98,127,136,158,161,193,234,270,408,325,341,405,424
282:20,56,68,80,112,114,138,143,184,207,228,235,265,270,280,397,339,364,435,437
283:40,49,50,101,102,155,172,457,315,374,397,405,458
284:6,8,12,79,89,96,166,167,179,186,189,198,199,244,439,377,385,414
285:103,107,131,158,163,178,182,210,213,234,242,265,277,290,300,320,325,348,351,446,453
286:20,25,58,59,81,124,138,171,172,199,264,367,309,312,342,361,378,413,457
287:8,21,91,122,220,225,233,254,258,272,292,295,299,416,417,448
288:9,63,66,107,198,212,251,257,318,300,310,371,384,396,401,402
289:2,58,98,100,108,118,124,150,161,163,201,267,268,398,336,379,446
290:58,96,114,122,129,131,159,183,230,255,285,374,429,432
291:7,21,58,93,95,107,112,150,196,240,254,310,340,442
292:0,3,58,80,95,172,177,188,202,210,216,241,253,255,287,411,297,318,351,356,382
293:17,42,68,204,216,217,241,334,310,320,349,411,416,436
294:28,81,146,162,172,177,197,199,226,260,261,424,328,365,373,449
295:12,33,56,65,72,181,189,215,241,287,410,326,358,369,375,424
296:61,74,91,125,179,186,256,264,445,382,459
297:149,172,174,194,243,275,292,432,300,328,345,369,397,403,424,440,458,459
298:43,60,61,99,136,206,263,425,304,310,330,343,396,404,412,428,447
299:20,27,43,77,100,116,120,132,133,208,222,227,287,441,327,354,391,403,448
300:26,38,101,121,148,156,186,191,221,230,243,274,285,288,297,406,413,450
301:12,59,74,98,101,122,159,161,227,438,354,370,378,403,444
302:55,86,112,136,157,208,217,253,352,318,349,357,380,382,403,434,456
303:4,10,53,108,111,118,144,186,191,209,228,242,259,262,266,272,280,328,358,380,384,398,412,432,437,459
304:3,9,16,66,70,104,112,119,217,253,261,298,408,322,412,413,440
305:44,111,123,142,150,152,161,172,189,261,441,330,347,358,377,414,419,439
306:80,96,100,105,112,113,158,167,217,231,271,272,275,321,348,416,439
307:11,32,52,94,96,156,181,190,254,276,340,311,349,381,386,432
308:8,10,53,91,99,121,130,147,153,157,173,192,238,240,426,318,322,377,389,417,420,439,444
309:23,28,50,90,96,100,113,146,157,186,200,217,263,286,334,330,331,410,425,450,455
310:66,85,132,200,237,239,242,261,271,276,288,291,293,298,407,364,397,413,423,452
311:1,16,39,42,79,92,180,207,216,242,249,265,307,327,331,333,387,396,398,405
312:6,16,27,41,57,62,71,81,83,93,286,322,334,352,406,414
313:5,48,57,127,137,146,147,177,193,205,209,216,244,260,327,343,370,385
314:7,36,62,67,102,116,140,194,252,267,459,323,333,391,396,402,414,421,431,433,441
315:6,18,72,74,78,104,114,162,168,203,208,215,228,248,251,273,279,283,349,333,365,366,402,409,414,417,421,456
316:5,30,57,81,93,132,153,155,158,175,187,193,201,233,247,251,258,265,278,322,357,364,392
317:21,64,69,88,110,114,118,128,164,173,194,229,412,394,457
318:32,33,37,56,66,95,108,126,140,205,208,214,224,253,255,263,288,292,302,308,328,355,366,383,385,386,393,411,417,456
319:43,48,88,135,185,186,204,208,211,328,337,359,386,422,450
320:92,115,143,183,199,200,278,285,293,411,363,445,451,452
321:38,168,176,182,197,204,207,241,266,306,451,334,344,351,368,420
322:43,83,88,111,122,129,137,152,171,212,304,308,312,316,382,343,359,392,399,402,418,426,450,451,453
323:29,31,59,106,110,138,160,174,200,202,204,247,266,314,352,334,340,438
324:1,2,13,59,92,103,114,177,221,229,236,239,274,277,443,405,415,418,434,435
325:55,62,108,118,199,207,227,242,255,281,285,429,327,347,364,365,374
326:8,23,27,53,62,76,88,152,169,201,220,222,245,280,295,401,336,348,372,373,381,396,400,414,415,435,453
327:4,67,77,96,108,124,128,162,299,311,313,325,422,362,386,429,434,435,440
328:4,34,49,57,59,133,154,180,193,204,222,270,294,297,303,318,319,379,332,348,365,376,433,443
329:21,67,97,102,114,122,135,137,138,141,169,192,270,272,457,342,359,386,387,437,451
330:0,29,46,80,82,87,121,179,244,298,305,309,334,332,341,369,394,416,455
331:13,34,40,41,81,131,185,212,272,309,311,332,380,439,447
332:49,63,109,110,113,134,154,155,187,202,227,262,328,330,331,336,342,381,394,403,405,415,443
333:44,45,117,129,136,138,144,191,198,200,211,213,222,240,254,261,269,273,311,314,315,443,351,403,405,406,418,429,439,452
334:24,27,66,77,110,154,204,229,249,254,293,309,312,321,323,330,455,355,359,368,370,385,431,450,458
335:7,14,23,41,61,124,149,150,169,170,171,220,456,346,348,384,389,418,433,434,439,458
336:33,43,49,69,76,98,126,127,184,185,200,215,289,326,332,398,374,391,392,433,444
337:5,12,16,60,87,90,98,125,130,190,191,192,319,430,373,423,449
338:13,73,122,126,163,203,204,221,269,272,408,345,410,431,449,456
339:11,72,77,113,122,129,147,153,166,205,211,217,225,252,267,272,282,418,399,457
340:27,37,43,125,131,136,168,224,255,280,291,307,323,374,372
341:0,15,73,102,143,186,199,257,262,269,281,330,458,366,367,376,423,446,447,453
342:3,42,113,166,184,198,229,270,275,286,329,332,354,345,399,413,419,430,437,445,455
343:3,5,34,37,62,83,84,112,144,181,212,274,276,298,313,322,415,350,381,412,435,457
344:2,12,34,85,119,121,168,198,200,248,253,279,321,430,355,380,387,416,459
345:39,40,43,47,54,61,119,180,213,218,297,338,342,440,389,390,419,426,459
346:14,18,40,46,48,89,111,139,149,168,174,187,205,219,223,235,237,250,259,266,270,335,391,347,354,366,422
347:40,111,138,140,142,151,154,202,259,280,305,325,346,381,380,387,398,448,454
348:3,10,31,101,103,157,166,175,264,267,278,285,306,326,328,335,378,355,386,394,411,435,438
349:0,14,27,40,44,48,64,100,112,132,159,178,181,207,223,237,248,277,293,302,307,315,365,381,387
350:3,12,49,71,91,104,113,136,144,165,176,179,199,204,265,343,375,356,381,395,406,407,420,431
351:17,27,53,105,109,130,142,149,165,242,285,292,321,333,437,356,361,374,424,425
352:7,10,53,84,111,151,158,165,254,259,264,302,312,323,363,389,405,424,425,429,459
353:71,89,101,118,135,154,174,198,237,254,271,429,416,433,439
354:5,22,26,54,58,112,117,123,237,238,243,299,301,342,346,366,362,363,388,425,429,450
355:78,87,91,108,145,157,178,192,217,223,254,257,318,334,344,348,437,366,372,376,391,393
356:4,21,22,24,33,46,51,80,105,123,221,259,277,292,350,351,366,400,407,417,418,453
357:26,28,39,44,68,85,107,128,139,169,197,201,226,238,241,243,302,316,414,359,365,403,429
358:3,4,29,55,61,67,68,106,113,147,148,154,169,172,213,224,231,295,303,305,388,386,391,420,439
359:9,16,18,23,38,62,63,72,80,88,94,99,105,111,155,159,187,192,197,209,238,252,253,319,322,329,334,357,444,371
360:59,65,106,191,192,193,206,209,231,237,280,364,380,389,412,429,447,457
361:26,31,39,41,62,101,115,116,135,156,221,286,351,388,401,435
362:43,74,77,99,160,161,163,206,327,354,372,380,447
363:73,85,186,215,227,252,256,263,277,320,352,354,434,404,424
364:35,82,139,148,155,203,282,310,316,325,360,443,374,387,419,425,448
365:5,48,75,98,105,125,148,150,205,212,241,245,248,260,267,294,315,325,328,349,357,416,422
366:29,34,105,113,120,141,198,210,218,222,315,318,341,346,354,355,356,424,377,413,421,432,433,457
367:11,25,38,44,46,62,115,116,119,156,165,168,216,237,268,286,341,376,405,406,411,443
368:9,11,27,29,35,60,69,89,109,125,175,177,205,215,224,256,321,334,398,390,405
369:44,54,97,179,236,295,297,330,458,375,392,419,449,450
370:72,111,146,163,176,188,228,234,257,264,271,279,301,313,334,402,394
371:25,40,58,95,126,137,146,153,176,191,192,280,288,359,381,379,432
372:9,46,113,155,156,172,184,194,204,212,276,326,340,355,362,453,391,413,415
373:16,20,37,41,73,84,139,178,230,267,294,326,337,414,386,400,425,459
374:23,38,45,57,65,142,168,174,178,182,249,258,266,283,290,325,336,340,351,364,396,375,380,401,403,420
375:85,93,116,143,184,189,198,202,252,274,295,350,369,374,425,385,408,443
376:15,20,40,53,62,75,94,169,186,202,246,249,328,341,355,367,458,427
377:24,38,60,64,86,106,146,157,178,215,234,235,278,284,305,308,366,387,382,443
378:45,83,87,104,136,259,286,301,348,444,382,396,411,419,427,431,434,455,458
379:3,31,86,92,112,185,215,252,272,289,328,371,441,392,434,453
380:110,118,140,158,224,226,242,302,303,331,344,347,360,362,374,411,424,431
381:3,174,195,204,210,224,241,253,279,280,307,326,332,343,347,349,350,371,415,448,450,455
382:2,20,39,62,84,111,126,143,148,168,184,192,225,254,292,296,302,322,377,378,419,413
383:0,26,43,85,103,105,119,127,140,151,198,222,256,318,410,425
384:24,26,33,55,59,60,80,173,190,216,235,242,252,278,288,303,335,433,392,412,426,436,447
385:12,16,25,80,89,94,165,167,181,267,279,284,313,318,334,375,459,388,432,439
386:24,58,81,168,181,189,215,307,318,319,327,329,348,358,373,454,448
387:36,40,42,67,86,196,213,215,223,311,329,344,347,349,364,377,448,393,398,413,421,425,431,441,455
388:60,81,85,90,145,204,226,354,358,361,385,422,406,408,434,439,446
389:21,34,35,48,52,57,75,105,118,148,171,179,197,208,236,244,261,267,308,335,345,352,360,442,434
390:24,30,106,154,173,238,260,345,368,401,406,418,452
391:95,105,181,191,198,222,233,256,263,299,314,336,346,355,358,372,419,418,422,423,446,454
392:31,42,45,79,88,91,134,194,229,316,322,336,369,379,384,401,446
393:14,26,54,86,136,160,184,269,280,318,355,387,403
394:9,19,117,188,240,251,317,330,332,348,370,408,418,427
395:2,18,35,44,72,85,102,105,112,145,152,183,198,258,264,276,350,399,407,412,439,441,445,454
396:39,47,48,68,108,116,123,181,212,221,227,250,258,269,279,288,298,311,314,326,374,378,449
397:42,64,66,82,90,138,182,217,257,282,283,297,310,445,459
398:54,95,96,111,117,118,143,158,241,243,250,289,303,311,336,347,368,387,401,447,456
399:4,34,71,147,163,198,224,225,273,322,339,342,395,451,408,452
400:18,25,42,98,113,118,159,260,326,356,373,415,418,423
401:9,38,59,113,122,134,153,173,180,203,206,250,288,326,361,374,390,392,398,412,423,431,438
402:6,53,72,85,110,145,151,191,205,228,246,248,288,314,315,322,370,435
403:38,41,87,99,125,143,150,178,192,204,254,272,297,299,301,302,332,333,357,374,393,447,424
404:18,22,25,61,72,77,86,87,100,112,121,141,151,162,264,298,363,440,406,430,434
405:13,14,31,50,59,66,81,89,129,160,186,195,268,273,281,283,311,324,332,333,352,367,368,441,408
406:93,100,115,167,172,239,300,312,333,350,367,388,390,404,432
407:18,19,20,42,95,137,171,186,206,251,254,272,279,310,350,356,395,435
408:19,48,80,86,89,110,115,129,133,148,153,160,172,193,268,281,304,338,375,388,394,399,405,426,420
409:5,57,64,145,166,169,170,187,191,206,225,266,279,280,315,415,432,433
410:3,9,23,42,54,63,105,119,123,169,198,227,251,295,309,338,383,412,413,415,437
411:2,5,10,70,101,126,203,209,256,267,271,292,293,318,320,348,367,378,380,417,413,435,451
412:19,40,65,85,119,132,138,231,298,303,304,317,343,360,384,395,401,410,443,445
413:23,30,34,40,123,125,142,147,153,172,205,206,209,219,286,300,304,310,342,366,372,382,387,410,411,436
414:8,18,32,50,85,115,121,146,166,226,273,284,305,312,314,315,326,357,373,422,426
415:44,60,97,98,146,162,168,169,223,235,324,326,332,343,372,381,400,409,410,430
416:30,31,51,59,69,103,105,112,113,158,191,229,258,287,293,306,330,344,353,365,444,418,426,451
417:15,52,69,74,79,85,121,126,140,182,264,287,308,315,318,356,411,458,430
418:30,46,54,81,131,160,166,178,179,202,205,218,274,322,324,333,335,339,356,390,391,394,400,416,459,437
419:54,96,113,120,147,180,191,195,272,305,342,345,364,369,378,382,391,447,420,446
420:12,51,62,106,134,138,159,211,244,274,275,308,321,350,358,374,408,419,456,424,441,459
421:17,49,50,54,126,128,141,205,216,220,248,314,315,366,387,449,434
422:36,56,76,93,118,137,175,235,319,327,346,365,388,391,414,446,433,459
423:9,52,80,106,122,137,157,160,195,196,199,210,218,223,276,310,337,341,391,400,401,440,437
424:8,29,64,81,139,142,146,163,204,224,276,281,294,295,297,351,352,363,366,380,403,420,457,448
425:38,70,115,127,132,162,186,203,219,222,230,236,247,250,262,266,298,309,351,352,354,364,373,375,383,387,459,438
426:16,22,30,33,38,68,118,194,200,204,210,242,245,260,267,268,308,322,345,384,408,414,416,431,427,432,458
427:14,38,51,68,91,175,230,249,260,376,378,394,426,437
428:18,41,50,52,134,179,223,227,238,267,268,298,439
429:16,33,61,75,77,81,87,108,122,136,210,227,274,290,325,327,333,352,353,354,357,360,451
430:25,40,51,71,77,100,145,157,163,177,225,230,236,277,278,337,342,344,404,415,417,451
431:56,57,86,90,150,166,176,214,221,231,260,266,314,334,338,350,378,380,387,401,426,453,444,452
432:0,18,36,118,141,154,158,176,201,249,274,290,297,303,307,366,371,385,406,409,426,458
433:7,35,60,91,124,138,153,182,235,243,257,258,273,314,328,335,336,353,366,384,409,422,447
434:15,36,130,147,169,189,202,214,263,302,324,327,335,363,378,379,388,389,404,421,455,437
435:1,2,46,72,99,111,124,131,137,146,194,210,212,230,245,246,259,282,324,326,327,343,348,361,402,407,411,455,443
436:31,32,135,154,167,189,217,231,264,293,384,413,455,439,447,457
437:13,33,35,38,45,60,78,80,81,85,91,99,102,115,123,127,155,191,222,231,237,251,276,282,303,329,342,351,355,410,418,423,427,434,450
438:59,92,98,141,144,155,157,180,220,301,323,348,401,425,455,453
439:2,16,31,55,70,78,93,132,253,284,305,306,308,331,333,335,353,358,385,388,395,428,436,449,454
440:13,15,19,37,50,75,87,122,185,267,277,297,304,327,345,404,423,457
441:34,50,54,66,156,200,204,215,220,227,249,299,305,314,379,387,395,405,420,454,444
442:23,69,91,99,101,128,145,157,167,177,215,246,270,271,277,291,389,450,445,452
443:32,56,84,94,95,100,103,112,164,168,203,247,253,263,280,324,328,332,333,364,367,375,377,412,435,450
444:19,29,32,45,61,108,210,227,241,256,277,301,308,336,359,378,416,431,441,453,458
445:68,71,72,100,127,150,153,173,211,296,320,342,395,397,412,442,447
446:69,71,135,149,170,213,226,241,243,261,285,289,341,388,391,392,419,422,448
447:39,65,75,94,120,135,156,167,173,238,246,274,298,331,341,360,362,384,398,403,419,433,436,445,458,456
448:87,93,154,162,202,229,237,241,274,287,299,347,364,381,386,387,424,446,451,449
449:1,23,26,65,84,87,108,109,121,151,162,219,224,273,274,278,294,337,338,369,396,421,439,448,456
450:56,67,94,106,141,182,186,211,235,276,280,300,309,319,322,334,354,369,381,437,442,443,459
451:47,63,98,116,134,140,159,246,260,270,278,320,321,322,329,399,411,416,429,430,448,456,453
452:0,14,23,48,80,111,112,142,158,185,310,320,333,390,399,431,442,457
453:30,54,60,66,86,148,164,235,285,322,326,341,356,372,379,431,438,444,451,458
454:20,82,96,108,123,139,153,167,172,206,213,217,270,347,386,391,395,439,441,457,455
455:25,27,31,60,70,108,110,113,127,149,164,186,228,242,275,278,309,330,334,342,378,381,387,434,435,436,438,454,458
456:21,23,60,77,113,114,146,156,165,183,194,216,244,250,267,268,269,278,302,315,318,335,338,398,420,447,449,451,458
457:19,57,58,59,121,131,133,182,190,194,198,212,219,235,249,254,269,283,286,317,329,339,343,360,366,424,436,440,452,454,459
458:87,94,99,142,151,156,176,185,203,211,252,253,255,264,265,283,297,334,335,341,369,376,378,417,426,432,444,447,453,455,456,459
459:0,5,16,25,41,72,92,97,121,130,140,169,189,296,297,303,314,344,345,352,373,385,397,418,420,422,425,450,457,458
