0:4,2,6,12,21,22,25,27,29,33,34,36,38,40,42,44,46
1:12,3,6,8,9,11,13,15,16,17,20,21,22,24,28,30,32,35,36,38,39,42,43,45,46,48
2:0,44,4,5,7,8,9,10,16,22,24,27,33,35,36,37,38
3:1,29,5,6,9,10,13,14,16,23,24,30,34,35,39,41,42,43,45,46,47,49
4:0,2,49,5,13,14,17,19,21,22,23,25,29,31,32,37,38,39,41,44,46,48
5:2,3,4,46,7,10,11,12,14,22,23,24,25,33,35,38,39,41,44,49
6:0,1,3,40,8,10,11,12,14,28,29,31,34,35,46,48
7:2,5,34,13,18,19,22,23,26,27,28,29,33,36,40,42,45,48,49
8:1,2,6,37,9,10,12,14,16,19,20,22,24,26,28,29,33,35,36,39,40,46,47
9:1,2,3,8,20,11,15,16,17,22,23,24,26,27,28,30,32,38,43,45,46,47
10:2,3,5,6,8,29,12,13,14,17,19,22,24,27,30,33,34,36,38,40,43,46,49
11:1,5,6,9,21,12,15,18,20,24,32,36,43,47
12:0,1,5,6,8,10,11,14,16,17,21,22,23,28,33,34,35,37,38,39,42,47,49
13:1,3,4,7,10,39,16,18,19,20,21,24,29,30,31,42,46,47,48
14:3,4,5,6,8,10,12,39,18,20,22,24,25,27,31,32,33,35,36,46
15:1,9,11,47,17,18,21,22,24,31,33,38,39,42,43,46,49
16:1,2,3,8,9,12,13,40,19,20,22,27,31,32,34,36,42,44,48,49
17:1,4,9,10,12,15,18,19,20,21,22,24,26,27,29,30,32,33,34,37,38,39,42,46,47
18:7,11,13,14,15,17,45,21,23,25,26,29,32,35,37,42,44,47,48,49
19:4,7,8,10,13,16,17,37,23,24,25,28,31,32,33,34,35,36,38,39,40,43,44,45,46
20:1,8,9,11,13,14,16,17,34,23,25,26,28,38,43,44,45,46,48,49
21:0,1,4,11,12,13,15,17,18,40,27,28,29,32,39
22:0,1,2,4,5,7,8,9,10,12,14,15,16,17,24,25,29,35,38,41,42,43,45,46,47
23:3,4,5,7,9,12,18,19,20,30,28,31,32,34,36,39,41
24:1,2,3,5,8,9,10,11,13,14,15,17,19,22,33,25,26,28,29,35,36,37,41,42,43,44
25:0,4,5,14,18,19,20,22,24,39,28,31,34,35,36,38,47,49
26:7,8,9,17,18,20,24,31,28,33,37,40,43
27:0,2,7,9,10,14,16,17,21,31,28,30,32,35,36,37,42,44
28:1,6,7,8,9,12,19,20,21,23,24,25,26,27,45,30,33,34,35,38,39,43,47,49
29:0,3,4,6,7,8,10,13,17,18,21,22,24,48,30,31,32,39,42,43,44,45
30:1,3,9,10,13,17,23,27,28,29,33,31,34,35,39,44,46,48,49
31:4,6,13,14,15,16,19,23,25,26,27,29,30,47,32,33,40,41,46,49
32:1,4,9,11,14,16,17,18,19,21,23,27,29,31,46,33,41,42,45,49
33:0,2,5,7,8,10,12,14,15,17,19,24,26,28,30,31,32,45,34,37,40,42,43,47,48
34:0,3,6,7,10,12,16,17,19,20,23,25,28,30,33,39,37,44,45,47,48,49
35:1,2,3,5,6,8,12,14,18,19,22,24,25,27,28,30,38,40,41,43,49
36:0,1,2,7,8,10,11,14,16,19,23,24,25,27,45,37,38,40,43,46,48
37:2,4,8,12,17,18,19,24,26,27,33,34,36,45,39,40,42,43,44,46,47
38:0,1,2,4,5,9,10,12,15,17,19,20,22,25,28,35,36,45,46,48,49
39:1,3,4,5,8,12,13,14,15,17,19,21,23,25,28,29,30,34,37,41,45,48,49
40:0,6,7,8,10,16,19,21,26,31,33,35,36,37,44,42,45,48,49
41:3,4,5,22,23,24,31,32,35,39,45,42,46,48
42:0,1,3,7,12,13,15,16,17,18,22,24,27,29,32,33,37,40,41,44,46,48,49
43:1,3,9,10,11,15,19,20,22,24,26,28,29,33,35,36,37,44,45,46
44:0,2,4,5,16,18,19,20,24,27,29,30,34,37,40,42,43,48,45,47
45:1,3,7,9,18,19,20,22,28,29,32,33,34,36,37,38,39,40,41,43,44,47,48,49
46:0,1,3,4,5,6,8,9,10,13,14,15,17,19,20,22,30,31,32,36,37,38,41,42,43,48
47:3,8,9,11,12,13,15,17,18,22,25,28,31,33,34,37,44,45,49
48:1,4,6,7,13,16,18,20,29,30,33,34,36,38,39,40,41,42,44,45,46,49
49:3,4,5,7,10,12,15,16,18,20,25,28,30,31,32,34,35,38,39,40,42,45,47,48
