0:211,2,15,30,35,42,49,51,54,73,97,116,130,137,147,162,173,180,203,216,219,228,237,246,250,255,257,266,293,294,300,301,323,327,333,360,364,366,397,411,413,436,447,448
1:406,12,18,19,20,28,30,35,40,61,62,66,71,78,99,108,110,123,128,132,137,167,168,170,173,175,180,186,191,194,198,204,219,234,236,238,239,242,254,278,307,313,322,326,327,360,370,381,393,401,420,431,449
2:0,137,20,25,29,30,31,53,54,57,61,67,73,74,96,97,99,102,108,126,131,139,162,170,180,198,210,213,217,220,229,234,240,245,259,269,279,283,288,291,303,312,316,330,337,342,343,351,391,402,403,411,412,430,439,446,449
3:253,6,11,13,14,43,78,86,122,131,135,136,145,156,169,193,194,198,199,213,216,227,231,238,274,276,279,280,306,307,308,333,343,375,379,380,391,392,408,410,414,449
4:55,11,15,18,30,43,45,72,83,84,89,98,106,112,151,152,160,179,192,198,200,206,220,225,233,253,260,273,275,290,310,317,324,329,335,346,368,369,372,381,383,395,397,411,438,441
5:383,10,12,17,20,24,32,39,48,76,85,99,107,112,120,124,138,148,161,192,194,197,202,211,236,256,265,270,271,286,312,323,325,330,343,352,366,369,371,377,392,399,404,408,438,445
6:3,69,17,34,62,70,81,91,94,97,106,109,116,127,135,153,159,160,167,196,208,209,221,224,231,235,238,256,263,273,282,294,309,318,353,358,363,375,393,396,405,406,432,438,439,448
7:77,20,33,55,57,71,81,84,98,112,150,164,168,181,208,217,222,235,259,265,281,300,304,306,317,326,329,355,357,375,379,389,399,410,415,432
8:298,25,37,38,40,42,44,52,55,63,70,94,96,104,133,140,159,168,174,179,182,183,185,194,210,214,224,227,233,267,269,295,313,315,326,336,346,349,350,364,366,369,386,418,425,428,429,448
9:147,11,15,21,58,63,67,71,74,89,97,125,131,172,192,195,200,204,207,248,257,266,280,281,292,301,311,313,330,359,394,395,427,430,434,436,443,449
10:5,57,13,23,26,27,28,43,54,75,85,110,113,153,163,169,175,182,186,197,200,204,209,211,223,226,247,248,274,276,277,312,336,341,343,353,355,363,365,390,395,401
11:3,4,9,34,20,26,27,41,47,55,59,68,70,78,83,84,89,106,125,142,154,162,190,191,216,237,249,252,277,285,286,287,288,289,295,331,337,344,350,371,378,379,397
12:1,5,370,13,33,50,53,63,77,80,88,100,161,169,178,194,216,226,249,255,268,290,293,299,311,318,320,345,354,387,390,391,394,397,405,408,412,413,428,439
13:3,10,12,311,16,24,25,35,41,44,59,62,63,121,123,130,163,167,182,190,192,212,213,219,229,236,249,272,306,333,341,347,352,363,371,372,375,376,390,392,408,419,422,447
14:3,325,19,26,32,51,54,65,74,115,126,132,141,144,156,176,182,183,187,254,284,298,304,323,342,346,370,373,379,380,385,387,394,403,425,435,436,448
15:0,4,9,243,28,34,47,52,84,85,91,115,118,123,143,162,164,171,172,184,194,199,213,218,220,249,281,282,283,284,287,296,299,304,324,326,328,331,338,342,345,369,381,396,417,422,425,436,440
16:13,72,29,38,51,57,73,74,81,97,103,109,114,132,139,170,181,184,193,215,224,251,272,276,279,280,285,286,303,308,309,328,334,356,362,371,377,392,422
17:5,6,184,34,38,62,68,70,77,79,96,102,114,117,118,127,151,156,170,183,186,197,210,226,230,234,256,265,272,273,283,284,292,294,295,300,316,337,346,352,372,387,392,426,437
18:1,4,341,32,46,55,72,83,107,118,148,164,166,167,176,178,189,208,219,221,251,259,280,291,296,313,331,353,373,379,383,393,394,406,415,446
19:1,14,172,39,44,53,66,72,81,91,95,104,129,137,145,149,156,176,192,197,201,213,217,219,220,250,251,262,271,273,284,298,304,337,350,358,373,375,382,402,407,411,418,419,444
20:1,2,5,7,11,317,33,50,57,74,85,103,108,168,173,188,202,203,218,236,247,263,265,273,280,289,311,331,368,371,386,394,400,418,422,426,432,442
21:9,134,32,33,48,52,56,57,67,68,69,118,119,129,137,146,148,150,157,168,171,181,189,192,205,220,224,226,259,261,265,285,299,312,314,315,339,373,376,393,400,429,447
22:435,27,33,39,43,51,69,79,97,116,155,159,167,170,186,193,196,198,221,228,241,260,303,323,328,356,362,367,387,395,412,420
23:10,417,31,39,48,86,116,122,145,171,182,186,192,193,213,215,252,253,255,259,264,265,274,281,285,286,336,343,344,359,365,376,395,435,444,446
24:5,13,113,30,44,88,91,100,104,114,117,118,125,126,148,149,150,155,166,203,227,256,258,260,270,271,276,290,296,330,338,346,356,369,407,416,432,438,445
25:2,8,13,201,37,41,43,49,75,82,90,114,146,152,154,157,159,174,203,216,218,220,228,229,263,265,266,272,292,294,295,296,309,323,341,347,365,367,372,383,384,386,389,392,399,406,413,415,422,430,449
26:10,11,14,305,42,43,46,56,58,60,63,75,76,78,82,85,87,112,115,126,154,166,191,215,246,252,254,267,274,275,286,296,306,309,335,341,345,358,376,380,388,393,412,421,442,444
27:10,11,22,91,41,46,60,64,77,84,147,159,183,186,222,229,242,257,267,273,277,286,289,305,327,328,336,338,339,346,358,368,379,381,385,386,410,411
28:1,10,15,432,33,34,36,46,114,115,145,162,186,211,214,225,228,236,245,249,253,261,283,305,308,313,319,349,355,357,360,382,384,385,392,410,419,421,435,436,445
29:2,16,96,43,45,48,50,53,54,66,83,86,87,92,119,122,123,136,143,148,149,154,173,178,179,192,215,216,221,237,240,242,244,248,260,280,283,296,303,305,314,320,324,347,350,354,366,369,376,389,390,398,410,439,442
30:0,1,2,4,24,400,37,39,48,74,80,81,90,112,117,120,128,132,134,159,190,234,267,272,276,286,291,297,313,318,326,341,346,350,351,365,369,379,384,399,406,411,413,434,448
31:2,23,123,47,50,52,58,62,64,92,93,95,103,111,114,118,125,126,144,158,163,165,167,176,183,239,243,274,288,294,302,316,325,341,343,348,353,354,366,368,379,409,443
32:5,14,18,21,126,63,71,75,82,98,118,144,149,152,163,179,191,194,206,232,245,288,302,304,313,324,327,330,357,370,382,390,399,431,446
33:7,12,20,21,22,28,373,40,51,58,63,68,69,70,78,87,97,101,113,135,141,144,177,206,209,222,230,246,251,264,280,293,303,314,329,350,360,366,382,384,391,399,403,415,416,417,419,425,437,443
34:6,11,15,17,28,155,92,95,112,123,131,138,144,148,159,164,172,175,185,195,203,209,223,227,238,256,270,274,275,280,285,296,298,332,335,337,346,355,356,358,360,393,415,444,447
35:0,1,13,379,66,67,68,91,101,107,129,152,169,171,175,183,185,187,195,212,221,223,242,255,256,282,296,338,348,358,360,371,391,395,399,401,406,428,429,430,443,445
36:28,145,57,112,113,119,125,162,163,164,177,183,230,231,232,233,250,273,295,299,301,310,312,321,325,332,338,353,363,367,368,369,370,373,393,411,420
37:8,25,30,196,38,40,43,58,59,68,69,81,82,87,90,111,120,122,125,127,134,143,147,150,152,156,188,191,197,204,211,214,239,253,256,275,297,301,312,313,324,341,344,346,348,356,371,372,376,377,379,387,392,424,438,442,444,445,446
38:8,16,17,37,99,49,76,79,81,86,92,102,124,127,128,153,161,181,196,198,210,211,218,225,283,286,292,300,332,337,366,389,393,394,409,410,419,438
39:5,19,22,23,30,387,45,57,72,88,96,98,124,128,132,140,150,163,169,177,180,202,215,218,230,236,260,262,277,279,285,331,332,355,359,370,375,396,416,420,432,438,439,445,446,447
40:1,8,33,37,281,42,58,64,65,72,74,76,82,89,94,96,102,124,132,135,149,185,207,261,273,296,299,305,321,327,350,354,361,370,380,403,425,427,428,433,440,448
41:11,13,25,27,372,46,47,62,64,73,83,105,123,126,129,132,140,162,172,195,218,238,244,265,272,285,304,347,359,380,386,387,402,408,440,442,449
42:0,8,26,40,401,49,53,56,63,74,79,83,86,109,112,115,121,127,132,144,158,163,165,212,222,230,233,237,243,259,260,268,287,295,300,314,320,358,366,369,384,407,422,430
43:3,4,10,22,25,26,29,37,130,44,49,58,62,73,78,80,92,98,109,120,124,132,155,166,172,200,201,214,232,251,266,270,313,315,327,328,344,351,354,357,368,376,379,385,393,407,413,415,416,432,434,436,437,448
44:8,13,19,24,43,332,67,77,80,81,94,101,108,118,123,126,174,175,187,199,212,215,220,243,244,248,296,298,314,317,319,329,335,349,353,359,362,370,373,403,415,418,427,429,442,448
45:4,29,39,162,50,52,62,72,85,86,116,134,151,171,172,184,187,188,210,222,223,236,242,250,287,289,307,312,315,330,346,351,389,396,402,413,427,431,434
46:18,26,27,28,41,300,53,54,67,68,95,104,107,108,115,118,148,168,169,179,194,200,201,210,226,231,239,240,248,260,272,278,282,285,289,293,302,307,314,329,386,390,394,400,415,434,444
47:11,15,31,41,212,50,65,69,72,74,87,124,137,173,175,182,188,193,199,223,232,247,248,250,258,265,271,278,279,295,300,311,313,316,336,337,359,362,367,370,378,388,427,435
48:5,21,23,29,30,201,51,52,56,78,84,87,89,90,99,102,103,105,115,123,149,170,173,177,208,214,216,232,252,253,277,285,294,311,316,323,333,343,355,359,370,374,376,379,387,389,405,406,408,413,430,433,438,445,447
49:0,25,38,42,43,174,62,73,140,156,172,178,180,197,200,210,216,235,241,255,256,259,274,276,281,292,307,323,329,336,337,340,343,360,361,380,394,396,398,409,435,438
50:12,20,29,31,45,47,440,68,80,84,102,113,184,205,246,249,250,278,297,305,324,330,357,363,389,398,427,449
51:0,14,16,22,33,48,52,62,107,112,116,119,129,142,165,166,167,194,196,231,232,240,257,261,270,273,280,284,286,294,304,309,315,316,352,361,377,402,405,412,419,448,449
52:8,15,21,31,45,48,51,107,74,82,101,119,135,148,151,153,178,195,213,227,239,255,257,267,268,275,300,313,323,324,325,335,337,342,355,369,374,375,396,404,436,442
53:2,12,19,29,42,46,180,60,68,69,78,85,96,102,109,117,133,144,165,194,222,227,239,240,244,248,256,272,277,282,290,323,327,329,333,336,350,381,399,416,421,424,427,434,443,444
54:0,2,10,14,29,46,58,73,76,84,90,93,108,109,116,126,127,137,140,153,163,166,184,186,189,194,208,209,212,216,221,225,233,238,240,249,261,263,271,272,273,305,307,316,318,337,344,347,351,359,361,381
55:4,7,8,11,18,302,60,67,92,94,98,110,111,155,164,201,204,226,254,258,261,301,309,312,327,330,335,341,350,359,362,394,400,404,409,413,433,447
56:21,26,42,48,275,61,78,94,155,183,199,206,212,235,243,250,268,269,304,337,357,405,414,424,426,428,437
57:2,7,10,16,20,21,36,39,198,58,59,69,89,97,101,113,132,151,155,157,168,171,177,196,205,250,261,293,296,303,306,315,351,354,362,379,385,386,390,392,432,449
58:9,26,31,33,37,40,43,54,57,169,60,61,70,109,111,123,130,147,153,154,165,170,177,185,214,217,224,229,238,240,241,252,258,261,264,286,307,311,328,332,338,349,352,356,383,387,391,392,393,404,433,442
59:11,13,37,57,62,64,81,91,107,119,120,130,136,141,145,147,149,161,171,193,242,247,254,291,312,327,328,337,351,361,385,393,394,402,408,417,425,426,435
60:26,27,53,55,58,239,95,100,114,117,120,126,127,155,169,177,178,191,252,257,266,267,283,289,314,333,338,361,365,376,379,387,397,420,441,446
61:1,2,56,58,156,78,84,91,94,105,108,110,118,137,147,153,180,181,191,196,203,212,219,230,234,252,274,278,279,281,283,287,290,292,299,303,304,322,334,336,347,353,380,394,397,415,438
62:1,6,13,17,31,41,43,45,49,51,59,74,78,79,92,108,119,122,138,174,177,182,191,218,221,266,275,289,296,318,342,348,365,372,375,378,382,404,426,436,438
63:8,9,12,13,26,32,33,42,397,93,120,129,131,136,154,169,172,251,259,262,265,279,306,318,323,345,353,357,358,366,383,384,396,404,408
64:27,31,40,41,59,72,78,89,114,126,138,139,143,151,160,177,189,194,204,206,240,290,295,300,310,311,320,324,325,331,332,338,369,377,379,386,402,407,410,413,423,425,436,440
65:14,40,47,208,70,74,81,82,92,109,111,117,127,135,153,173,191,194,204,206,245,250,295,304,307,309,314,320,338,342,357,362,368,388,401,407,419,424,426,430,432,447
66:1,19,29,35,95,83,97,103,109,111,115,126,134,136,140,141,146,148,160,165,196,226,236,249,291,296,298,322,356,381,389,402,404,410,430,435,444,445
67:2,9,21,35,44,46,55,413,103,108,125,134,136,139,148,150,153,171,189,198,222,248,249,256,265,268,275,290,300,323,324,330,350,362,377,378,387,404,406,425,437
68:11,17,21,33,35,37,46,50,53,156,73,80,86,99,100,115,126,129,137,145,147,150,151,153,161,168,197,210,220,251,252,279,293,308,331,339,355,384,392,397,410,415,416,423,425,432,435,438,442,446
69:6,21,22,33,37,47,53,57,414,73,80,90,116,122,128,132,138,152,170,173,186,191,192,197,220,221,233,237,249,251,254,268,280,283,298,335,347,376,392,401,411,427,428,430,433,438,440,448
70:6,8,11,17,33,58,65,357,76,83,99,105,110,125,140,169,179,180,182,185,199,206,235,254,256,270,278,306,315,318,333,346,353,382,384,395,404,428,430,441,449
71:1,7,9,32,381,76,78,88,99,107,108,112,148,159,162,163,167,175,200,204,207,210,212,258,265,267,272,289,297,299,306,311,312,325,341,392,401,406,407,420,434,447,449
72:4,16,18,19,39,40,45,47,64,241,74,100,102,117,124,139,149,152,159,176,177,184,200,211,233,242,254,264,268,314,330,332,340,361,383,390,398,411,425,433,437
73:0,2,16,41,43,49,54,68,69,350,75,84,125,127,130,137,144,165,177,179,183,186,191,202,206,213,227,244,256,258,269,275,276,289,310,312,313,324,341,352,371,378,387,388,398
74:2,9,14,16,20,30,40,42,47,52,62,65,72,213,77,83,85,103,116,126,134,154,161,167,183,190,194,196,204,206,220,226,234,243,252,265,273,274,276,280,300,302,342,349,352,356,366,384,391,397,402,403,421,436,444
75:10,25,26,32,73,231,90,96,100,103,105,111,122,123,126,129,132,142,155,168,179,184,189,195,200,210,241,244,246,249,260,286,293,342,345,390,398,399,401,410,414,419,422,430,431,438
76:5,26,38,40,54,70,71,223,84,89,92,94,110,119,121,139,141,144,155,160,170,186,187,222,240,255,266,269,272,292,296,314,320,323,330,348,366,382,384,386,398,420,424,448
77:7,12,17,27,44,74,105,99,109,117,148,152,155,159,175,176,179,208,221,265,276,279,297,321,341,362,374,390,394,402,409,410,424,437
78:1,3,11,26,33,43,48,53,56,61,62,64,71,386,107,114,139,159,163,167,170,176,194,195,197,207,215,218,221,228,250,251,262,270,274,304,312,313,338,349,357,392,397,398,404,406,416,429
79:17,22,38,42,62,203,90,95,101,102,105,118,122,173,175,177,218,222,230,231,237,253,256,265,296,303,317,323,370,381,393,405,421,425,446
80:12,30,43,44,50,68,69,132,98,105,107,110,117,135,147,165,179,206,207,213,218,221,253,255,256,258,267,270,273,277,291,313,316,327,329,335,345,353,364,378,391,417,418,422
81:6,7,16,19,30,37,38,44,59,65,323,100,128,135,154,158,164,170,172,191,200,206,218,248,249,256,258,283,284,286,291,330,343,365,380,398,399,402
82:25,26,32,37,40,52,65,84,99,114,134,135,138,148,169,177,181,197,211,235,241,242,250,254,273,277,278,281,292,299,305,306,315,316,323,324,341,364,371,376,386,393,410,415,432,435,440
83:4,11,18,29,41,42,66,70,74,116,85,92,96,131,138,148,159,161,172,204,214,217,230,238,263,266,267,297,308,311,339,352,357,358,392,424,426,439,440,441
84:4,7,11,15,27,48,50,54,61,73,76,82,273,109,118,148,159,171,191,204,222,229,230,232,238,244,248,252,255,269,272,284,300,306,311,324,328,344,374,376,379,381,382,384,398,406,408,418,428
85:5,10,15,20,26,45,53,74,83,275,91,95,101,104,108,114,126,143,149,164,170,185,189,200,209,211,248,252,259,264,269,278,279,288,290,293,299,310,319,331,336,340,352,367,387,389,410,417,431,438
86:3,23,29,38,42,45,68,201,89,96,111,122,126,165,172,178,180,187,218,222,226,232,246,248,257,267,277,282,284,301,303,318,338,356,357,376,381,385,397,404,408,423,432,439,444,447
87:26,29,33,37,47,48,170,110,119,145,151,157,165,175,193,194,199,231,233,239,243,257,278,297,301,317,326,343,351,379,414,420,429,435,436
88:12,24,39,71,171,94,102,113,121,128,144,159,160,169,177,186,198,204,207,209,230,244,252,285,292,307,315,326,339,343,348,392,400,424,431,448
89:4,9,11,40,48,57,64,76,86,339,93,96,99,103,106,120,134,160,162,176,181,209,223,238,242,243,262,265,294,298,308,310,334,350,363,371,393,427,430
90:25,30,37,48,54,69,75,79,326,93,127,144,147,148,156,177,197,202,205,209,213,216,220,242,245,249,250,252,269,277,301,314,324,330,343,344,362,363,370,374,381,393,402,405,407,409,414,416,432,436,440,441,442
91:6,15,19,24,27,35,59,61,85,95,98,112,124,145,162,168,181,191,202,207,210,216,217,225,242,252,253,266,267,272,273,281,282,294,319,331,345,351,352,360,374,391,399,426,446
92:29,31,34,38,43,55,62,65,76,83,371,102,126,127,128,186,187,216,218,226,227,231,249,250,253,268,272,299,307,315,321,326,339,349,352,356,359,363,365,367,387,417,437,441,447
93:31,54,63,89,90,133,115,121,127,135,139,205,212,213,219,237,244,252,254,272,291,292,294,296,298,305,312,317,339,340,359,376,390,415,422,445
94:6,8,40,44,55,56,61,76,88,401,101,111,121,128,147,164,166,186,201,208,213,221,236,249,252,265,276,287,290,296,303,316,321,330,332,333,337,345,356,374,375,376,383,385,402,404,409
95:19,31,34,46,60,66,79,85,91,154,114,119,122,128,131,145,148,152,157,158,164,166,170,195,205,250,252,253,265,268,269,304,320,322,337,370,371,374,382,407,413,416,424,438
96:2,8,17,29,39,40,53,75,83,86,89,156,110,135,142,147,154,182,191,195,203,224,227,231,236,241,243,269,274,284,311,331,332,333,341,343,349,363,370,373,392,397,440,448
97:0,2,6,9,16,22,33,57,66,225,102,126,129,163,184,205,226,233,234,245,267,271,274,275,279,280,292,303,330,379,397,422
98:4,7,32,39,43,55,80,91,420,101,102,103,106,108,126,136,143,149,154,167,178,190,201,213,222,223,240,250,264,271,275,293,299,301,318,319,323,325,328,329,335,352,355,386,388,391,425
99:1,2,5,38,48,68,70,71,77,82,89,114,120,123,125,132,151,153,155,158,166,168,170,171,181,184,199,208,221,237,266,267,272,290,306,323,331,335,347,349,357,362,366,375,379,384,386,389,408,418,425,431,438,442
100:12,24,60,68,72,75,81,318,126,138,143,162,164,167,169,180,192,203,204,236,248,267,300,308,313,315,320,328,331,342,357,366
101:33,35,44,52,57,79,85,94,98,208,102,108,117,130,193,194,205,219,221,227,233,260,264,266,294,311,341,364,366,373,379,380,384,410,416,432
102:2,17,38,40,48,50,53,72,79,88,92,97,98,101,207,140,146,151,152,161,171,174,194,200,202,216,219,264,272,275,287,289,302,318,323,329,337,346,349,355,368,374,382,397,403,408,424,432,440
103:16,20,31,48,66,67,74,75,89,98,117,143,161,163,177,181,185,194,196,212,254,266,271,273,274,278,285,291,304,308,341,346,350,373,381,397,425,428,438,439,442,449
104:8,19,24,46,85,334,105,108,136,148,155,160,169,172,183,190,191,200,204,206,217,220,234,243,248,264,276,280,295,303,322,327,367,378,387
105:41,48,61,70,75,77,79,80,104,289,113,120,133,155,161,162,173,178,193,203,208,216,219,221,226,227,238,239,240,252,276,279,305,316,329,330,346,357,363,376,392,395,413,431,446
106:4,6,11,89,98,325,114,130,139,140,141,144,156,165,167,170,191,205,210,211,234,248,257,259,265,296,306,320,323,357,368,374,386,420,428
107:5,18,35,46,51,52,59,71,78,80,241,117,133,134,136,142,155,157,179,197,207,210,216,227,254,271,285,300,317,324,334,336,338,350,352,381,384,385,393,395,403,406,426,436,441
108:1,2,20,44,46,54,61,62,67,71,85,98,101,104,251,109,120,135,150,167,174,188,189,190,196,200,205,209,232,247,260,262,264,275,281,283,285,295,303,329,332,333,343,369,377,384,387,398,411,412,414,417,418,422,426,433,436
109:6,16,42,43,53,54,58,65,66,77,84,108,448,115,119,123,134,136,138,139,148,158,161,197,203,204,206,212,216,228,236,260,271,272,279,294,295,302,314,315,351,358,362,397,408,413,415,420,422,431,438,445,446,449
110:1,10,55,61,70,76,80,87,96,181,128,135,143,155,162,165,186,206,207,215,216,218,234,254,267,281,296,306,312,320,327,328,344,349,356,361,363,367,371,377,384,389,390,433,441,444,445
111:31,37,55,58,65,66,75,86,94,336,114,118,124,147,148,156,160,168,189,198,209,212,219,232,247,263,276,277,312,313,324,332,339,352,390,394,399,402,407,410,417,419,435,441
112:4,5,7,26,30,34,36,42,51,71,91,295,147,160,175,176,190,196,205,207,208,219,232,234,257,270,279,281,291,296,299,302,320,325,334,341,348,349,391,406,414,427,438,442,448
113:10,24,33,36,50,57,88,105,340,114,127,148,162,187,191,193,196,198,229,235,246,255,272,285,289,298,307,311,320,327,332,341,352,364,369,384,424,434,441,446
114:16,17,24,25,28,31,60,64,78,82,85,95,99,106,111,113,322,130,194,201,206,217,219,220,224,249,272,281,296,304,312,314,321,328,335,336,346,358,362,400,413,417,422,431,448
115:14,15,26,28,42,46,48,66,68,93,109,424,142,143,179,194,202,203,204,206,223,228,247,284,285,302,317,319,323,337,345,347,354,367,375,408,422
116:0,6,22,23,45,51,54,69,74,83,204,125,136,155,156,194,195,203,208,213,215,229,258,265,276,277,282,293,297,302,308,309,330,345,363,364,365,378,379,385,391,392,395,396,401,411,415,417,419,420,422,435
117:17,24,30,53,60,65,72,77,80,101,103,107,138,128,140,183,211,224,228,243,250,253,256,261,282,297,302,316,321,332,335,343,353,364,365,366,389,393,403,413,435
118:15,17,18,21,24,31,32,44,46,61,79,84,111,391,149,167,193,213,223,224,227,232,233,247,272,281,291,315,319,322,328,330,332,352,367,368,369,408,415,419,448
119:21,29,36,51,52,59,62,76,87,95,109,406,123,134,143,147,149,173,199,218,229,230,236,255,267,287,299,300,318,325,327,332,337,352,370,379,386,407,413,445
120:5,30,37,43,59,60,63,89,99,105,108,314,124,133,142,151,166,185,189,193,195,196,224,232,245,256,267,273,300,302,307,330,339,357,362,377,379,389,402,420,428
121:13,42,76,88,93,94,181,134,148,175,221,225,247,257,262,274,286,323,330,332,341,355,369,374,375,377,400,418,420,444
122:3,23,29,37,62,69,75,79,86,95,192,131,135,140,142,146,155,158,159,163,177,181,182,187,225,246,247,266,292,306,307,312,315,320,343,356,380,388,412,435,439,444
123:1,13,15,29,31,34,41,44,48,58,75,99,109,119,165,142,150,170,195,198,200,201,208,213,222,254,255,257,304,327,346,362,387,390,397,398,402,431,446,449
124:5,38,39,40,43,47,72,91,111,120,145,130,160,181,190,198,209,218,222,231,238,239,251,254,269,277,279,287,301,309,319,330,344,345,348,351,370,371,378,389,444
125:9,11,24,31,36,37,67,70,73,99,116,178,134,137,146,164,166,173,177,185,187,190,194,199,203,218,222,230,238,239,240,259,273,278,299,316,327,328,385,399,418,419,425,427,436
126:2,14,24,26,31,32,41,44,54,60,64,66,68,74,75,85,86,92,97,98,100,357,168,181,218,222,227,233,237,250,262,265,276,308,321,328,334,363,368,370,380,388,397,407,411,413,414,419,443
127:6,17,37,38,42,54,60,65,73,90,92,93,113,350,160,170,173,201,208,212,213,218,235,238,240,246,247,282,286,314,327,369,370,373,384,393,394,401,409,411,414,419,425,427,432,434
128:1,30,38,39,69,81,88,92,94,95,110,117,400,131,137,138,141,142,158,163,165,168,173,190,209,230,241,256,259,268,279,285,288,301,302,303,307,318,320,336,347,350,351,369,372,374,384,407,411,423,442,443,446,447,448
129:19,21,35,41,51,63,68,75,97,326,137,139,150,163,166,171,175,186,194,200,211,216,226,229,231,247,257,260,272,276,289,305,325,343,364,382,385,431,435,445
130:0,13,43,58,59,73,101,106,114,124,410,140,147,185,190,202,209,228,237,240,247,260,262,263,264,288,290,291,298,332,344,347,376,401,416,419,426,427,436,445,446,448
131:2,3,9,34,63,83,95,122,128,364,139,150,152,161,163,164,166,167,203,224,234,251,281,283,291,300,311,315,317,322,330,331,340,342,352,359,379,384,403,404,415,424,438
132:1,14,16,30,39,40,41,42,43,57,69,75,80,99,158,147,164,171,174,180,183,194,198,209,223,230,240,249,251,261,262,266,281,283,290,295,316,324,328,330,341,345,347,354,358,366,367,371,373,374,378,380,383,384,395,398,402,428,437,438,442
133:8,53,93,105,107,120,232,164,170,171,177,179,187,210,228,229,234,255,282,302,306,308,322,337,343,361,365,373,375,377,386,398,407,408,411,418,426,428
134:21,30,37,45,66,67,74,82,89,107,109,119,121,125,366,143,150,153,156,157,167,173,176,179,198,200,217,223,238,249,253,278,283,294,301,307,310,334,376,382,384,395,397,404,407,411,426,431,446
135:3,6,33,40,52,65,80,81,82,93,96,108,110,122,363,139,152,166,172,181,187,193,197,211,273,308,310,314,335,353,368,385,388,403,407,413,429,449
136:3,29,59,63,66,67,98,104,107,109,116,211,138,154,155,171,179,187,214,217,221,231,236,257,295,310,327,341,343,372,378,386,392,395,402,406,408,413,428,430,436,441,444
137:0,1,2,19,21,47,54,61,68,73,125,128,129,183,140,144,151,156,170,173,177,224,227,237,246,254,256,264,266,269,289,317,338,353,360,363,365,373,407,422,423,424,425
138:5,34,62,64,69,82,83,100,109,117,128,136,412,146,157,168,170,193,204,215,222,227,240,249,252,266,283,287,291,298,304,311,329,335,357,380,387,395,397,446
139:2,16,64,67,72,76,78,93,106,109,129,131,135,140,159,168,181,184,198,212,225,235,236,237,243,263,272,330,335,344,361,366,382,398,422,443
140:8,39,41,49,54,66,70,102,106,117,122,130,137,139,161,148,163,178,188,192,194,203,210,217,228,239,275,279,288,299,305,324,325,345,354,371,377,396,397,400,405,408,410,416,420,441
141:14,33,59,66,76,106,128,345,159,193,201,212,225,228,239,246,275,297,299,300,304,306,327,336,343,346,349,353,365,378,383,390,406,422,429,440,446
142:11,51,75,96,107,115,120,122,123,128,340,169,175,177,210,229,235,237,249,264,273,274,286,298,324,342,346,361,375,377,386,425,426,432
143:15,29,37,64,85,98,100,103,110,115,119,134,221,152,160,173,175,182,204,206,211,212,226,231,246,264,284,286,316,333,334,339,344,352,360,368,377,382,401,425,444,445,446
144:14,31,32,33,34,42,53,73,76,88,90,106,137,301,168,173,181,182,187,195,217,227,241,267,276,287,298,300,306,326,333,355,363,375,384,393,403,406,408,412,413,419,423,440,446,448
145:3,19,23,28,36,59,68,87,91,95,124,310,166,172,186,209,220,227,228,240,255,257,263,266,267,271,277,285,302,331,339,341,353,354,361,366,390,391,406,414,426,430,433,439
146:21,25,66,102,122,125,138,303,152,185,193,210,220,224,229,244,245,259,260,263,284,285,320,331,338,358,363,371,380,424,434,440
147:0,9,27,37,58,59,61,68,80,90,94,96,111,112,119,130,132,190,156,163,191,198,220,224,230,245,246,259,260,284,295,333,349,366,375,384,409,413,415,421,432,443
148:5,18,21,24,29,34,46,52,66,67,71,77,82,83,84,90,95,104,109,111,113,121,140,410,159,171,190,191,193,194,205,210,247,250,257,272,276,307,311,324,326,329,330,331,348,375,442
149:19,24,29,32,40,48,59,72,85,98,118,119,448,152,162,166,188,196,223,253,258,270,285,295,332,335,346,374,378,384,400,432,440,449
150:7,21,24,37,39,67,68,108,123,129,131,134,368,159,179,189,193,208,258,266,274,287,296,302,320,325,342,353,358,369,395,396,402,416,424,430,433,438,439,440
151:4,17,45,52,57,64,68,87,99,102,120,137,392,156,161,168,175,182,189,196,210,276,278,280,282,307,320,328,358,378,389,397,413,426,431
152:4,25,32,35,37,69,72,77,95,102,131,135,143,146,149,218,163,164,177,178,193,200,210,240,244,273,274,276,278,290,291,301,330,350,378,387,388,405,422,426,435,436,438,440,441,444,445
153:6,10,38,52,54,58,61,65,67,68,99,134,447,171,174,210,211,225,236,251,261,280,282,284,289,294,305,321,325,331,334,338,366,440,442
154:11,25,26,29,58,63,74,81,95,96,98,136,439,161,163,203,206,208,233,236,244,247,262,265,268,275,280,288,320,328,336,342,365,395,406,438,441
155:22,24,34,43,55,56,57,60,75,76,77,99,104,105,107,110,116,122,136,295,169,177,194,197,198,210,226,237,241,262,271,274,278,302,308,310,314,317,320,323,328,343,352,365,370,378,379,402,409,415,417,424,428,439,445
156:3,14,17,19,37,49,61,68,90,96,106,111,116,134,137,147,151,284,159,193,198,207,221,247,251,252,255,272,275,278,279,293,303,314,343,345,358,370,378,383,388,395,397,408,413,422,424,432,443
157:21,25,57,87,95,107,134,138,389,171,173,192,218,231,237,240,242,244,249,256,259,268,269,272,277,280,282,287,289,294,295,318,319,359,364,365,373,379,405,418,419,432,443,445,448
158:31,42,81,95,99,109,122,128,132,443,170,178,179,187,197,198,201,204,214,232,246,249,254,256,262,266,283,302,305,310,316,317,322,334,335,340,351,358,362,367,371,382,390,392,399,410,417,436
159:6,8,22,25,27,30,34,71,72,77,78,83,84,88,122,139,141,148,150,156,227,161,164,179,183,207,209,217,220,221,240,247,253,291,294,305,315,324,351,357,368,372,379,402,404,405,406,409,429
160:4,6,64,66,76,88,89,104,111,112,124,127,143,287,195,217,220,237,247,248,251,263,266,283,285,308,316,339,356,364,407,413,420,421,430
161:5,12,38,59,68,74,83,102,103,105,109,131,140,151,154,159,261,168,174,175,199,215,219,260,271,272,280,297,314,316,324,340,343,374,376,389,439
162:0,2,11,15,28,36,41,45,71,89,91,100,105,110,113,149,175,169,213,215,228,255,283,286,296,300,314,338,349,356,363,401,411,434,443,444,446
163:10,13,31,32,36,39,42,54,71,78,97,103,122,128,129,131,140,147,152,154,344,179,183,195,213,215,225,229,267,271,275,285,325,339,345,356,362,373,378,385,404,408,427,429,433,440,443
164:7,15,18,34,36,55,81,85,94,95,100,125,131,132,133,152,159,277,183,201,206,208,209,239,244,249,255,282,290,294,295,325,327,353,357,374,409,422,431,439,444,449
165:31,42,51,53,58,66,73,80,86,87,106,110,123,128,300,179,180,184,189,202,210,239,242,257,276,277,284,312,318,331,333,338,341,342,355,359,360,361,371,375,376,380,382,402,411,433,447
166:18,24,26,43,51,54,94,95,99,120,125,129,131,135,145,149,216,177,179,187,203,208,210,212,222,223,261,272,280,295,331,341,375,380,384,398,404,412,430,435,436,446
167:1,6,13,18,22,31,51,71,74,78,98,100,106,108,118,131,134,284,174,176,197,214,215,217,221,228,231,246,248,299,300,326,338,352,364,395,412,430,432,436,444
168:1,7,8,20,21,46,57,68,75,91,99,111,126,128,138,139,144,151,161,433,170,186,195,205,238,242,250,254,274,283,291,293,298,311,316,321,328,332,366,375,380,391,419,421,427,434,444,445
169:3,10,12,35,39,46,58,60,63,70,82,88,100,104,142,155,162,346,178,188,193,201,202,210,218,236,240,281,294,306,316,324,331,332,344,359,362,367,380,388,391,441,443
170:1,2,16,17,22,48,58,69,76,78,81,85,87,95,99,106,123,127,133,137,138,158,168,252,197,207,236,238,250,253,255,259,261,289,295,298,314,326,348,349,374,401,402,407,416,433,440,445
171:15,21,23,35,45,57,59,67,84,88,99,102,129,132,133,136,148,153,157,271,186,187,201,208,212,224,243,257,261,266,310,318,319,324,326,328,346,354,355,359,377,379,380,384,396,426
172:9,15,19,34,41,43,45,49,63,81,83,86,104,135,145,378,178,182,187,200,202,211,217,232,270,271,272,280,300,307,322,338,339,352,355,373,375,377,379,393,403,407,422,424,429,439,448
173:0,1,20,29,47,48,65,69,79,105,119,125,127,128,134,137,143,144,157,205,178,190,219,222,237,246,253,266,283,285,287,296,298,309,312,317,319,321,330,349,362,369,384,386,387,431
174:8,25,44,49,62,102,108,132,153,161,167,194,182,214,220,228,233,253,276,279,281,287,289,303,305,335,344,352,369,371,378,379,387,388,396,397,416,419,426,428,430,434
175:1,10,34,35,44,47,71,77,79,87,112,121,129,142,143,151,161,162,364,178,182,195,209,214,215,241,247,249,255,259,264,269,272,276,282,285,289,297,303,308,337,338,345,346,373,398,430,440
176:14,18,19,31,72,77,78,89,112,134,167,250,184,187,201,202,204,214,219,300,301,305,311,331,345,358,368,369,402,405,430,443
177:33,36,39,48,57,58,60,62,64,72,73,79,82,88,90,103,122,125,133,137,142,152,155,166,398,197,200,202,207,210,229,241,245,267,277,280,281,286,292,303,325,334,336,341,342,361,364,371,374,376,380,407,417
178:12,18,29,49,52,60,86,98,105,125,140,152,158,169,172,173,175,273,182,183,184,190,192,200,209,213,218,235,249,252,280,300,323,325,364,385,390,403,414,431,433,435,440,448,449
179:4,8,29,32,46,70,73,75,77,80,107,115,133,134,136,150,158,159,163,165,166,345,181,187,192,193,198,203,207,226,245,247,248,250,253,255,274,276,291,304,308,313,314,321,331,350,354,368,373,379,380,400,406,411,417,435,443
180:0,1,2,39,49,53,61,70,86,100,132,165,323,186,196,198,245,267,269,279,302,307,311,325,334,337,350,357,365,368,396,406,417,419,431,432,436,439,440,446
181:7,16,21,38,61,82,89,91,99,103,110,121,122,124,126,135,139,144,179,302,191,195,204,207,211,216,224,232,249,262,267,306,311,324,359,360,394,398,399,412,414,418,431,435,436
182:8,10,13,14,23,47,62,70,96,122,143,144,151,172,174,175,178,226,184,195,196,201,212,219,224,240,260,277,283,284,311,314,328,333,334,343,369,381,382,390,395,426,428,437,446,447
183:8,14,17,27,31,35,36,56,73,74,104,117,132,137,159,163,164,178,211,185,191,207,218,219,226,234,242,245,246,253,262,272,274,275,276,281,282,293,294,298,300,311,319,328,338,350,351,357,360,374,383,384,385,399,410
184:15,16,17,45,50,54,72,75,97,99,139,165,176,178,182,200,190,191,197,203,237,246,251,256,259,279,292,293,313,329,333,335,342,344,346,353,359,367,373,385,387,391,395,399,405,411,420,432,443,444
185:8,34,35,40,58,70,85,103,120,125,130,146,183,242,193,208,219,228,234,239,251,255,256,269,272,279,285,320,325,333,334,372,382,388,426,434,439,442
186:1,10,17,22,23,27,28,54,69,73,76,88,92,94,110,129,145,168,171,180,408,196,204,205,209,228,235,239,243,248,260,261,279,296,306,319,323,343,345,346,349,356,361,372,388,396,404,447
187:14,35,44,45,76,86,92,113,122,125,133,135,136,144,158,166,171,172,176,179,309,193,204,207,211,226,260,264,268,277,283,300,301,304,367,372,382,410,411,425,443
188:20,37,45,47,108,140,149,169,230,228,244,252,255,282,286,288,292,294,299,306,311,312,343,352,358,382,390,412,415,432
189:18,21,54,64,67,75,85,108,111,120,150,151,165,331,198,214,215,223,228,234,251,266,276,294,300,317,323,352,363,364,375,391,392,395,432,436,439
190:11,13,30,74,98,104,108,112,124,125,128,130,147,148,173,178,184,374,196,199,238,239,268,270,272,275,285,287,291,293,306,310,344,347,361,366,406,428
191:1,11,26,32,37,60,61,62,65,69,73,81,84,91,96,104,106,113,147,148,181,183,184,412,207,208,230,246,257,258,278,285,296,301,302,307,310,311,328,340,344,350,379,384,399,436,449
192:4,5,9,13,19,21,23,29,69,100,122,140,157,178,179,326,237,267,270,300,301,318,368,372,385,398,402,417,418,427,441
193:3,16,22,23,47,59,87,101,105,113,118,120,135,138,141,146,148,150,152,156,169,179,185,187,333,204,205,207,211,212,226,231,235,248,249,253,265,271,282,287,312,316,332,340,385,392,412,428
194:1,3,5,8,12,15,32,46,51,53,54,64,65,74,78,87,101,102,103,114,115,116,125,129,132,140,148,155,174,406,198,211,215,228,288,292,316,338,361,365,370,399,400,415,420,421,426,440,446,449
195:9,34,35,41,52,75,78,95,96,116,120,123,144,160,163,168,175,181,182,351,213,222,231,240,243,250,255,267,273,280,292,296,298,305,307,310,311,315,325,344,352,364,384,417,421,425,427,431,435,439,440,445
196:6,22,37,38,51,57,61,66,74,103,108,112,113,120,149,151,180,182,186,190,306,243,251,254,262,278,300,314,322,323,338,364,374,389,394,400,404,407,422,430
197:5,10,17,19,37,49,68,69,78,82,90,107,109,135,155,158,167,170,177,184,446,217,226,240,241,255,268,282,296,308,311,324,326,331,332,334,347,350,357,360,375,380,388,399,400,404,420,423,426
198:1,2,3,4,22,38,57,67,88,111,113,123,124,132,134,139,147,155,156,158,179,180,189,194,366,227,245,252,253,263,279,295,313,325,333,361,383,396,410,437,444
199:3,15,44,47,56,70,87,99,119,125,161,190,257,201,207,222,235,242,266,272,275,296,334,342,363,377,380,384,413,420,431
200:4,9,10,43,46,49,71,72,75,81,85,102,104,108,123,129,134,152,172,177,178,184,422,203,233,237,242,250,279,307,308,318,358,372,386,398,421,432,439,442,444
201:19,25,43,46,48,55,86,94,98,114,123,127,141,158,164,169,171,176,182,199,274,203,231,232,235,246,248,250,255,262,269,275,279,288,289,294,325,330,332,336,360,362,372,380,406,413,435,436,440
202:5,20,39,73,90,91,102,115,130,165,169,172,176,177,258,211,220,236,247,249,251,255,265,285,294,297,302,317,328,330,336,340,342,345,349,350,371,373,379,382,383,395,414,426
203:0,20,24,25,34,61,79,96,100,105,109,115,116,125,131,140,154,166,179,184,200,201,273,213,224,225,226,227,239,245,262,264,278,287,298,302,309,319,320,322,351,367,371,377,380,384,398,400,411,418,449
204:1,9,10,37,55,64,65,71,74,83,84,88,100,104,109,115,116,138,143,158,176,181,186,187,193,296,210,213,214,218,226,233,244,247,261,281,294,295,298,312,333,338,356,357,363,375,384,408,413,430,434,436,440
205:21,50,57,90,93,95,97,101,106,108,112,148,168,173,186,193,253,209,216,218,257,258,264,269,274,275,280,282,285,292,312,313,314,322,327,338,371,385,389,416,422,426,428,439
206:4,32,33,56,64,65,70,73,74,80,81,104,109,110,114,115,143,154,164,290,213,229,243,256,275,293,300,302,311,324,337,344,345,348,362,372,400,402,422,438,439,447
207:9,40,71,78,80,88,91,102,107,110,112,156,159,170,177,179,181,183,187,191,193,199,412,221,223,224,226,238,252,260,262,269,273,294,323,327,335,338,341,368,386
208:6,7,18,48,54,65,77,94,99,101,105,112,116,123,127,150,154,164,166,171,185,191,268,230,247,259,267,280,283,297,299,309,315,320,337,339,342,344,350,371,393,400,407,418,420,421,430
209:6,10,33,34,54,85,88,89,90,108,111,124,128,130,132,145,159,164,175,178,186,205,367,251,280,286,297,298,311,314,315,316,335,339,341,347,364,368,376,383,395,420,428,429,433,444
210:2,8,17,38,45,46,49,68,71,75,91,106,107,133,140,142,146,148,151,152,153,155,165,166,169,177,204,361,225,227,230,244,246,249,274,284,308,312,333,334,336,354,356,366,370,382,392,395,396,401,407,408,431,447
211:0,5,10,28,37,38,72,82,85,106,117,129,135,136,143,153,172,181,183,187,193,194,202,225,212,215,234,244,246,264,285,309,320,336,340,343,348,349,354,366,385,388,389,390,417,433,442
212:13,35,42,44,47,54,56,61,71,93,103,109,111,127,139,141,143,166,171,182,193,211,347,247,278,284,285,289,298,301,311,329,343,363,369,370,388,407,415,416
213:2,3,13,15,19,23,52,73,74,80,90,93,94,98,116,118,123,127,162,163,178,195,203,204,206,346,216,222,233,247,255,258,261,276,293,296,300,302,329,331,366,372,373,374,384,391,418,423,424
214:8,28,37,43,48,58,83,136,158,167,174,175,176,189,204,249,225,238,281,292,337,338,339,347,355
215:16,23,26,29,39,44,78,110,116,138,161,162,163,167,175,189,194,211,337,216,222,235,241,273,279,295,299,308,309,315,335,336,346,374,380,391,394,395,415,427,432,439
216:0,3,11,12,25,29,48,49,54,90,91,92,102,105,107,109,110,129,166,181,205,213,215,236,220,225,233,238,243,257,275,288,296,300,306,316,321,351,359,362,376,396,402,425,431
217:2,7,19,58,83,91,104,114,134,136,140,144,159,160,167,172,197,352,222,235,261,274,277,283,299,326,335,339,340,345,349,350,359,370,379,380,401,403,406,411,431,434
218:15,20,25,38,39,41,62,78,79,80,81,86,92,110,119,124,125,126,127,152,157,169,178,183,204,205,292,224,228,235,240,257,276,284,291,304,308,312,334,339,352,389,417,424,436,439,440,447
219:0,1,13,18,19,61,93,101,102,105,111,112,114,161,173,176,182,183,185,304,221,227,228,236,256,260,290,291,292,296,322,355,369,376,381,390,391,404,418,427,435,440,445
220:2,4,15,19,21,25,44,68,69,74,90,104,114,145,146,147,159,160,174,202,216,275,253,283,293,299,306,310,337,340,361,374,375,426,435,441,445
221:6,18,22,29,35,54,62,69,77,78,80,94,99,101,105,121,136,143,156,159,167,207,219,344,229,243,249,254,295,297,312,320,335,338,355,368,375,376,385,389,392,393,409,439,443,449
222:7,27,33,42,45,53,67,76,79,84,86,98,123,124,125,126,138,166,173,195,199,213,215,217,398,225,233,236,237,249,251,253,270,277,278,290,300,323,324,342,348,411,438,442,449
223:10,34,35,45,47,76,89,98,115,118,132,134,149,166,189,207,281,224,234,238,251,257,282,288,297,300,327,344,351,354,357,358,403,404,407,408,416,424,426,427,431,432,447
224:6,8,16,21,58,96,114,117,118,120,131,137,146,147,171,181,182,203,207,218,223,434,233,244,267,271,273,278,282,302,336,347,352,363,365,394,395,404,406,409,444,447
225:4,28,38,54,91,97,121,122,139,141,153,163,203,210,211,214,216,222,434,232,234,237,249,264,273,277,291,295,304,307,324,327,331,332,347,365,368,378,399,404
226:10,12,17,21,46,55,66,74,86,92,97,105,129,143,155,179,182,183,187,193,197,203,204,207,433,239,246,264,272,276,297,298,301,316,340,341,344,372,374,405,421,438,446,449
227:3,8,24,34,52,53,73,92,96,101,105,107,118,126,137,138,144,145,159,198,203,210,219,239,232,240,242,249,254,258,261,277,282,288,306,310,325,331,345,359,371,378,380,386,390,440
228:0,22,25,28,78,109,115,117,130,133,140,141,145,162,167,174,185,186,188,189,194,218,219,269,233,240,245,251,254,261,278,279,283,295,298,301,304,311,312,317,318,321,332,368,394,415,441,446
229:2,13,25,27,58,84,113,116,119,129,133,142,146,163,177,206,221,346,230,242,246,292,298,309,311,326,327,345,357,360,371,376,379,381,383,384,385,386,391,397,417,419,422,441,445,449
230:17,33,36,39,42,61,79,83,84,88,119,125,128,132,147,188,191,208,210,229,343,236,240,252,257,261,266,277,299,319,323,332,334,341,349,394,400,412,426
231:3,6,36,46,51,75,79,87,92,96,124,129,136,143,157,167,193,195,201,430,233,247,260,269,274,315,323,351,362,373,378,410,438,448
232:32,36,43,47,48,51,84,86,108,111,112,118,120,133,158,172,181,201,225,227,430,236,257,286,291,305,310,317,322,344,361,363,364,365,366,370,381,384,391,405,427,434,435,437,438,442,444
233:4,8,36,42,54,69,72,87,97,101,118,126,154,174,200,204,213,216,222,224,228,231,313,242,245,249,257,303,312,316,320,321,333,338,339,341,349,366,377,378,385,390,394,410,420,422
234:1,2,17,30,61,74,97,104,106,110,112,131,133,183,185,189,211,223,225,317,250,252,253,290,338,346,359,361,377,393,397,428,447
235:6,7,49,56,70,82,113,127,139,142,178,186,193,199,201,215,217,218,333,245,265,272,278,283,286,287,289,292,306,325,342,350,353,356,369,376,388,404,409,441,447
236:1,5,13,20,28,39,45,66,94,96,100,109,119,136,139,153,154,169,170,202,216,219,222,230,232,249,242,250,255,260,263,267,270,312,317,319,322,328,329,338,345,349,356,369,381,387,398,416,419
237:0,11,29,42,69,79,93,99,126,130,137,139,142,155,157,160,173,184,192,200,222,225,245,240,253,272,282,300,318,337,344,346,349,356,376,379,381,387,398,413,424
238:1,3,6,34,41,54,58,83,84,89,105,124,125,127,134,168,170,190,207,214,216,223,412,240,241,248,260,268,283,286,296,305,313,317,330,334,335,346,348,374,382,392,393,440,445
239:1,31,37,46,52,53,60,87,105,124,125,140,141,164,165,185,186,190,203,226,227,396,242,246,247,274,280,282,295,309,326,341,351,380,391,395,397,430,434,439,441
240:2,29,46,51,53,54,58,64,76,98,105,125,127,130,132,138,145,152,157,159,169,182,195,197,218,227,228,230,237,238,257,291,320,335,349,358,370,375,376,388,390,392,395,417,426,442
241:22,49,58,72,75,82,96,107,128,144,155,175,177,197,215,238,337,250,255,260,266,282,288,291,298,314,334,345,353,359,371,382,391,400,410,415,421,427,430,433,439,442,445
242:1,27,29,35,45,59,72,82,89,90,91,157,165,168,183,185,199,200,227,229,233,236,239,370,273,283,286,298,299,301,302,305,319,324,340,354,374,382,390,408,409,410,416,418,425,428
243:15,31,42,44,56,74,87,89,96,104,117,139,171,186,195,196,206,216,221,349,258,272,284,286,293,296,297,343,351,357,359,361,366,368,393,394,411,422,424
244:29,41,44,53,73,75,84,88,93,146,152,154,157,164,188,204,210,211,224,323,250,275,285,304,305,306,310,314,321,327,329,369,390,393,413,420,430
245:2,28,32,65,90,97,120,146,147,177,179,180,183,198,203,228,233,235,237,286,259,276,278,293,316,318,325,334,346,354,374,378,390,395,399,413,422,427,429,441,448
246:0,26,33,50,75,86,113,122,127,137,141,143,147,158,167,173,183,184,191,201,210,211,226,229,239,276,266,269,270,282,283,338,346,365,379,387,419,428,432,443
247:10,20,47,59,108,111,115,118,121,122,127,129,130,148,154,156,159,160,175,179,202,204,208,212,213,231,239,448,249,252,294,301,305,309,334,338,347,365,388,389,395,397,420,432,433,439,445
248:9,10,29,44,46,47,53,67,81,84,85,86,100,104,106,160,167,179,186,193,201,238,293,251,252,258,274,283,299,300,306,323,329,331,353,360,375,403,414,418,432,437,439
249:11,12,13,15,28,50,54,66,67,69,75,81,90,92,94,114,132,134,138,142,157,158,164,175,178,181,193,202,210,214,221,222,225,227,233,236,247,314,251,252,271,284,296,297,306,346,352,361,363,383,385,388,397,400,402,405,407,412,420,440,442
250:0,19,36,45,47,50,56,57,65,78,82,90,92,95,98,117,126,148,168,170,176,179,195,200,201,234,236,241,244,404,276,281,282,284,296,309,319,323,328,365,368,371,375,396,423,430,434,436,440
251:16,18,19,33,43,63,68,69,78,108,124,131,132,153,156,160,184,185,189,196,202,209,222,223,228,248,249,311,263,271,274,299,318,358,372,374,388,400,418,426
252:11,23,26,48,58,60,61,68,74,84,85,88,90,91,93,94,95,105,138,156,170,178,188,198,207,230,234,247,248,249,399,257,272,273,280,283,285,287,296,303,307,315,358,363,366,367,392,393,397,401,408,430,441
253:3,4,23,28,37,48,79,80,91,92,95,117,134,149,159,170,173,174,179,183,193,198,205,220,222,234,237,298,261,267,270,271,284,300,322,326,330,331,333,354,360,361,375,379,389,395,417,421,431,438
254:1,14,26,55,59,69,70,72,82,93,103,107,110,123,124,137,158,168,196,221,227,228,255,266,270,287,304,354,355,409,419,429,431,434,437,443
255:0,12,23,35,49,52,76,80,84,113,119,123,133,145,156,162,164,170,175,179,185,188,195,197,201,202,213,236,241,254,374,257,275,295,299,345,360,362,366,373,379,398,425,431,436,438
256:5,6,17,24,34,35,37,49,53,67,70,73,79,80,81,117,120,128,137,157,158,184,185,206,219,341,270,280,289,303,306,346,364,398,402,407,413,425,449
257:0,9,27,51,52,60,86,87,106,112,121,123,129,136,145,148,165,171,191,199,205,216,218,223,230,232,233,240,252,255,440,258,264,277,318,327,350,354,380,395,399,405,409,417,420,422,427,436
258:24,47,55,58,71,73,80,81,116,149,150,191,202,205,213,227,243,248,257,424,268,277,288,289,313,343,357,362,372,378,384,400,418
259:2,7,18,21,23,42,49,63,85,106,125,128,146,147,157,170,175,184,208,245,428,305,317,318,320,334,340,375,382,400,404,414,417,437
260:4,22,24,29,39,42,46,75,101,108,109,129,130,146,147,161,182,186,187,207,219,231,236,238,241,430,262,266,268,277,283,288,291,294,296,317,319,329,344,348,351,352,364,401,422
261:21,28,40,51,54,55,57,58,117,132,153,161,166,170,171,186,204,213,217,227,228,230,253,370,286,288,291,292,295,303,304,308,310,319,329,351,358,360,366,373,379,386,387,396,408,431,443,449
262:19,39,63,78,89,108,121,126,130,132,154,155,158,181,183,196,201,203,207,260,396,278,285,301,302,356,359,388,394,405,409,412,424,438
263:6,20,25,54,83,111,130,139,145,146,160,198,236,251,378,336,338,344,363,379,386,397,410,413,425,441,448
264:23,33,58,72,85,98,101,102,104,108,130,137,142,143,175,187,203,205,211,225,226,257,366,271,273,303,310,314,339,350,360,364,371,381,382,388,393,413,416,443
265:5,7,17,20,21,23,25,41,47,63,67,71,74,77,79,89,94,95,106,116,126,154,193,202,235,365,271,287,291,293,308,311,312,313,314,318,329,332,334,343,347,350,366,375,376,377,379,387,394,401,417,419,428,439,441,445
266:0,9,25,43,60,62,76,83,91,99,101,103,122,132,137,138,145,150,158,160,171,173,189,199,230,241,246,254,260,383,277,286,289,295,308,316,319,343,345,353,367,378,406
267:8,26,27,30,52,60,71,80,83,86,91,97,99,100,110,119,120,144,145,163,177,180,181,192,195,208,224,236,253,277,297,312,332,333,334,341,370,374,379,383,391,403,412,427,430,435,445
268:12,42,52,56,67,69,72,92,95,128,154,157,187,190,197,208,238,258,260,270,279,290,294,296,298,307,318,320,335,343,362,376,394,402,403,406,418,423,430,435,444
269:2,8,56,73,76,84,85,90,95,96,124,137,157,175,180,185,201,205,207,228,231,246,432,278,298,307,329,332,340,364,372,386,387,390,414,433,441
270:5,24,34,43,51,70,78,80,112,149,172,190,192,222,236,246,253,254,256,268,416,271,275,276,309,318,327,349,361,377,380,386,387,389,413,430,434,439,449
271:5,19,24,47,54,97,98,103,107,109,145,155,161,163,171,172,193,224,249,251,253,264,265,270,401,275,280,283,295,301,302,306,308,317,327,353,382,395,400,407,408,449
272:13,16,17,25,30,41,46,53,54,71,76,84,91,92,93,99,102,109,113,114,118,129,139,148,156,157,161,166,172,175,183,185,190,199,226,235,237,243,252,313,288,294,295,303,328,344,352,353,354,357,359,369,378,396,410,411,425,431
273:4,6,17,19,20,27,36,40,51,54,74,80,82,84,91,103,120,125,135,142,152,178,195,203,207,215,224,225,242,252,264,394,274,296,301,305,313,325,326,329,363,383,387,418,420,421,427,438,444
274:3,10,23,26,31,34,49,61,74,78,96,97,103,121,142,150,152,155,168,179,183,201,205,210,217,231,239,248,251,273,313,287,299,305,311,318,326,339,345,351,355,372,378,384,404,409,415,418,421,422,431,432,435,437,449
275:4,26,34,37,52,56,62,67,73,85,97,98,102,108,140,141,154,156,163,183,190,199,201,205,206,216,220,244,255,270,271,358,279,306,322,330,337,350,377,395,437,443
276:3,10,16,24,30,49,73,74,77,94,104,105,111,116,126,129,144,148,151,152,165,174,175,179,183,189,213,218,226,245,246,250,270,423,296,297,300,302,318,320,333,338,339,355,364,370,373,377,378,383,410,434,435
277:10,11,27,39,48,53,80,82,86,90,111,116,124,145,157,164,165,177,182,187,217,222,225,227,230,257,258,260,266,267,398,278,298,322,377,380,384,402,430,440
278:1,46,47,50,61,70,82,85,87,103,125,134,151,152,155,156,191,196,203,212,222,224,228,235,245,262,269,277,331,292,307,322,328,330,359,430,431,436,441
279:2,3,16,39,47,61,63,68,77,85,97,105,109,112,124,128,140,156,174,180,184,185,186,198,200,201,215,228,268,275,297,300,314,352,357,370,373,383,387,406,416,427,435,444
280:3,9,16,18,20,29,33,34,51,69,74,97,104,151,153,154,157,161,166,172,177,178,195,205,208,209,239,252,256,271,298,281,287,306,310,325,335,339,353,359,362,385,393,403,409,426,427,449
281:7,9,15,23,40,49,61,82,91,108,110,112,114,118,131,132,169,174,177,183,204,214,223,250,280,381,285,319,323,330,332,334,336,341,354,355,368,369,398,407,410,423,426
282:6,15,35,46,53,86,91,116,117,127,133,151,153,157,164,175,183,188,193,197,205,223,224,227,237,239,241,246,250,384,284,286,293,297,301,323,337,338,353,376,386,400,408,411,420,440,449
283:2,15,17,28,29,38,60,61,69,81,108,131,132,134,138,158,160,162,168,173,182,187,208,217,220,228,235,238,242,246,248,252,260,271,284,292,305,328,341,348,354,362,371,378,387,400,407,436,438,439,444
284:14,15,17,19,51,81,84,86,96,115,143,146,147,153,156,165,167,182,210,212,218,243,249,250,253,282,283,311,297,310,312,313,321,348,350,352,357,368,372,373,390,398,407,438
285:11,16,21,23,34,39,41,46,48,88,103,107,108,113,115,128,145,146,149,160,163,173,175,185,190,191,202,205,211,212,244,252,262,281,437,294,315,325,326,327,340,360,362,372,376,378,384,408,421,423,424,425,426,427,435,439
286:5,11,16,23,26,27,30,38,51,58,75,81,121,127,142,143,162,177,188,209,232,235,238,242,243,245,261,266,282,446,293,295,296,306,307,309,321,329,330,334,336,354,357,369,372,374,376,406,420,431,448
287:11,15,42,45,61,94,102,119,124,138,144,150,157,160,173,174,190,193,203,235,252,254,265,274,280,387,289,294,298,304,318,319,331,333,341,355,356,371,372,393,433,441,449
288:2,11,31,32,85,128,130,140,154,188,194,201,216,223,227,241,258,260,261,272,434,314,321,375,407,411,412,427,428,435,436,440,441
289:11,20,27,45,46,60,62,71,73,102,105,113,129,137,153,157,170,174,175,201,212,235,256,258,266,287,366,293,300,302,303,344,352,358,361,375,402,422,426,447,449
290:4,12,24,53,61,64,67,85,94,99,130,132,152,164,206,219,222,234,268,320,293,301,305,311,327,330,332,336,381,386,419,424,432,439
291:2,18,30,59,66,80,81,93,103,112,118,130,131,138,152,159,168,179,190,218,219,225,232,240,241,260,261,265,344,315,343,362,371,381,414,418,437
292:9,17,25,38,49,61,76,82,88,93,97,122,177,184,188,194,195,205,214,218,219,229,235,261,278,283,446,344,362,374,379,383,397,400,401,405,420,430,435,442
293:0,12,33,46,57,68,75,85,98,116,156,168,183,184,190,206,213,220,243,245,248,265,282,286,289,290,447,294,302,306,314,323,329,333,344,353,373,382,425,426
294:0,6,17,25,31,48,51,89,91,93,101,109,134,153,157,159,164,169,183,188,189,201,202,204,207,247,260,268,272,285,287,293,385,320,329,337,338,350,360,366,370,382,384,408,411,412,421,422,444
295:8,11,17,25,36,42,47,64,65,104,108,109,112,132,136,147,149,155,157,164,166,170,198,204,215,221,225,228,239,255,261,266,271,272,286,301,308,317,319,325,326,327,335,358,366,370,385,388,398,399,418,420,422
296:15,18,24,25,26,29,34,35,40,44,57,62,66,76,79,93,94,106,110,112,114,150,162,173,186,191,195,197,199,204,213,216,219,238,243,249,250,252,260,268,273,276,286,311,297,329,341,352,360,371,373,376,380,384,388,389,406,427,437,449
297:30,37,50,71,77,83,87,116,117,141,161,175,202,208,209,221,223,226,243,249,267,276,279,282,284,296,325,307,327,332,380,381,389,393,396,402,404,417,423,426,428,430,435,446
298:8,14,19,34,44,66,69,89,93,113,130,138,142,144,168,170,173,183,195,203,204,209,212,226,228,229,241,242,253,268,269,277,280,287,330,305,321,327,331,335,340,356,372,403,411,421,426,434,437,445
299:12,15,21,36,40,61,71,82,85,92,98,112,119,125,140,141,167,188,208,215,217,220,230,242,248,251,255,274,342,318,332,345,350,353,357,371,373,386,392,395,396,398,403,420,435,438,440,448
300:0,7,17,38,42,46,47,52,64,67,74,84,100,107,119,120,131,141,144,162,165,167,172,176,178,183,187,189,192,196,206,213,216,222,223,237,248,253,276,279,289,368,306,308,323,348,371,381,402,405,425,428,446
301:0,9,36,37,55,86,87,90,98,124,128,134,144,152,176,187,191,192,212,226,228,242,247,262,271,273,282,290,295,380,308,315,326,336,347,348,350,357,362,372,379,385,389,404,415,432
302:31,32,46,55,74,102,109,112,115,116,117,120,128,133,145,150,155,158,180,181,191,202,203,206,213,224,242,262,271,276,289,293,312,307,329,332,342,344,354,386,387,403,407,414,418,422
303:2,16,22,29,33,57,61,79,86,94,97,104,108,128,146,156,174,175,177,233,252,256,261,264,272,289,416,307,351,356,370,376,377,378,380,385,389,390,395,402,414,420,433,438
304:7,14,15,19,32,41,51,56,61,65,78,95,103,114,123,138,141,179,187,218,219,225,228,244,254,261,287,446,320,324,338,350,386,390,394,411,431,436,441
305:26,27,28,29,40,50,54,82,93,105,129,140,153,158,159,174,176,195,232,238,242,244,247,259,273,274,283,290,298,438,309,342,353,360,371,375,380,393,394,409,421,429,430,432,435
306:3,7,13,26,57,63,70,71,82,84,99,106,110,122,133,141,144,169,181,186,188,190,196,216,220,227,235,244,248,249,256,271,275,280,286,293,300,310,316,330,337,347,351,360,392,393,417,418,424,436,447
307:1,3,45,46,49,54,58,65,88,92,113,120,122,128,134,148,151,172,180,191,195,200,225,252,268,269,278,286,297,302,303,308,309,314,325,336,343,345,346,348,357,361,365,386,400,416,447
308:3,16,28,68,83,89,100,103,116,126,133,135,155,160,175,179,197,200,210,215,218,261,265,266,271,295,300,301,307,334,310,318,345,354,372,374,383,385,387,408,413
309:6,16,25,26,51,55,65,116,124,173,187,203,208,211,215,229,239,247,250,270,286,305,307,352,316,346,377,378,380,391,399,400,428,433,434,438,445
310:4,36,64,73,85,89,134,135,136,145,155,158,171,190,191,195,220,227,232,244,261,264,280,284,306,308,449,312,321,331,335,344,368,374,394,395,397,410,418,419,431,443
311:9,12,13,20,47,48,58,64,71,83,84,96,101,113,131,138,148,168,176,180,181,182,183,188,191,195,197,206,209,212,228,229,251,265,274,284,290,296,415,312,318,335,337,345,346,352,358,359,388,407,416,419,431
312:2,5,10,21,36,37,45,55,59,71,73,78,93,110,111,114,122,165,173,188,193,204,205,210,218,221,228,233,236,265,267,284,302,310,311,355,332,343,364,379,387,413,447,449
313:1,8,9,18,28,30,32,37,43,47,52,73,78,80,100,111,179,184,198,205,233,238,258,265,272,273,274,284,391,316,334,339,356,357,374,381,404,413,418,422,434,442
314:21,29,33,42,44,46,60,65,72,76,90,109,114,120,127,135,155,156,161,162,170,179,182,196,205,209,241,244,249,264,265,279,288,293,307,414,326,340,344,348,360,377,390,402,436
315:8,21,43,45,51,57,70,82,88,92,100,109,118,122,131,159,195,208,209,215,231,252,285,291,301,384,320,332,353,361,364,397,415,420,428,439,440
316:2,17,31,47,48,51,54,80,82,94,105,117,125,132,143,158,160,161,168,169,193,194,209,216,226,233,245,266,306,309,313,443,324,373,405,406,409,413,415,417,422,427,431
317:4,7,20,44,79,87,93,107,115,131,137,155,158,173,189,202,228,232,234,236,238,259,260,271,295,412,335,352,365,387,409,432,435
318:6,12,30,54,62,63,70,86,98,100,102,119,128,157,165,171,192,200,228,237,245,251,257,259,265,268,270,274,276,287,299,308,311,427,322,334,337,338,343,355,358,359,376,391,396,420,422,423,440,449
319:28,44,85,91,98,115,118,124,157,171,173,183,186,203,230,236,242,250,260,261,266,281,287,295,346,323,324,348,356,357,361,362,369,372,391,400,405,409,425,430,445,446
320:12,29,42,64,65,76,95,100,106,110,112,113,122,128,146,150,151,154,155,185,203,208,211,221,233,240,259,268,276,290,294,304,315,379,343,353,356,365,370,371,384,391,410,414,429,437,443,448
321:36,40,77,92,94,114,117,126,153,168,173,179,216,228,233,244,284,286,288,298,310,349,337,347,353,357,359,360,363,373,390,395,412,422,427,447
322:1,61,66,95,104,114,118,131,133,158,172,196,203,205,219,232,236,253,275,277,278,318,377,325,333,344,369,380,385,389,391,393,395,410,412,425,438,448
323:0,5,14,22,25,48,49,52,53,63,67,76,79,81,82,98,99,102,106,115,121,155,178,180,186,189,196,207,222,230,231,244,248,250,281,282,293,300,319,329,326,331,332,364,368,371,375,403,417,419,421
324:4,15,29,32,37,50,52,64,67,73,82,84,90,107,111,132,140,142,148,159,161,169,171,181,197,206,222,225,242,304,316,319,383,338,339,341,351,359,377,385,393,403,409,427
325:5,14,31,36,52,64,71,98,106,112,119,129,140,150,153,163,164,177,178,180,185,195,198,201,227,235,245,273,280,285,295,297,307,322,388,338,356,383,400,416,418,424,439,446
326:1,7,8,15,30,87,88,90,92,129,144,148,167,170,171,192,197,217,229,239,253,273,274,285,295,301,314,323,400,344,354,357,370,372,374,388,394,404,411,415,426,429,442
327:0,1,27,32,40,43,53,55,59,80,104,110,113,119,123,125,127,136,141,164,205,207,223,225,229,244,257,270,271,285,290,295,297,298,361,334,347,351,356,359,368,373,378,388,397,407,411,421,423,431
328:15,16,22,27,43,58,59,84,98,100,110,114,118,125,126,132,151,154,155,168,171,182,183,191,202,236,250,272,278,283,390,330,332,345,346,363,380,392,403,406,408,426,431,437,440,441
329:4,7,33,44,46,49,53,80,98,102,105,108,138,148,184,212,213,236,244,248,260,261,265,269,273,286,293,294,296,302,323,333,344,347,348,351,355,360,361,364,368,371,388,398,418,419,444,445
330:2,5,9,24,32,45,50,55,67,72,76,81,90,94,97,105,116,118,120,121,124,131,132,139,148,152,173,201,202,238,253,275,278,281,286,290,298,306,328,358,332,349,388,404,416,420
331:11,15,18,20,39,64,68,85,91,96,99,100,131,145,146,148,153,165,166,169,176,179,189,197,213,225,227,248,253,278,287,298,310,323,372,347,359,362,364,375,391,397,403,405,406,413,420
332:34,36,38,39,44,58,64,72,94,96,108,111,113,117,118,119,121,130,149,168,169,193,197,201,225,228,230,265,267,269,281,290,297,299,302,312,315,323,328,330,357,335,344,352,386,404,405,413,415,417,418,420,424,427,434
333:0,3,13,48,53,60,70,94,96,108,143,144,147,165,182,184,185,193,198,204,210,233,235,253,267,276,287,293,322,329,357,362,369,377,401,404,418,421,424,432,437,449
334:16,61,89,104,107,112,126,134,143,153,158,177,180,182,185,197,199,210,218,230,238,241,245,247,259,265,267,281,286,308,313,318,327,346,361,379,392,393,398,407,417,419,429
335:4,26,34,44,52,55,69,80,98,99,114,117,135,138,139,149,158,174,184,207,209,215,217,221,238,240,268,280,295,298,310,311,317,332,388,363,377,405,406,418,420,439,443
336:8,10,23,27,47,49,53,61,85,107,111,114,128,141,154,177,201,202,210,211,215,224,263,281,286,290,301,307,407,355,359,362,365,370,371,384,385,402,424,426
337:2,11,17,19,34,38,47,49,52,54,56,59,94,95,102,115,119,133,175,180,206,208,214,215,220,237,241,275,282,294,306,311,318,321,346,340,341,345,375,393,428,429,434,440,448
338:15,24,27,35,36,58,60,64,65,78,86,107,137,146,153,162,165,167,172,175,183,194,196,204,205,207,214,221,233,234,236,246,247,263,276,282,294,304,318,324,325,361,341,366,367,375,383,395,404,406
339:21,27,68,83,88,89,92,93,111,120,143,145,160,163,172,208,209,214,217,218,233,264,274,276,280,313,324,424,357,361,375,395,400,409,412,414,443
340:49,72,85,93,113,131,142,158,161,191,193,202,211,217,220,226,242,259,269,285,298,314,337,439,347,355,363,366,385,391,402,413
341:10,13,18,25,26,30,31,37,55,71,73,77,82,96,101,103,112,113,121,132,136,145,165,166,177,207,209,226,230,233,239,256,267,281,283,287,296,324,337,338,382,367,373,376,378,379,400,411,413,425,429,433,437
342:2,14,15,52,62,65,74,75,100,131,142,150,154,165,177,184,199,202,208,222,235,299,302,305,376,363,369,372,377,378,382,388,432,446
343:2,3,5,10,23,31,48,49,81,87,88,90,96,108,117,122,129,133,136,141,155,156,161,182,186,188,211,212,230,243,258,265,266,268,291,307,312,318,320,350,348,353,361,401,418,420,439,445
344:11,23,37,43,54,84,90,110,124,130,139,143,163,169,174,184,190,191,195,206,208,221,223,226,232,237,260,263,272,289,291,292,293,302,310,314,322,326,329,332,417,355,364,376,381,405,442,444,445
345:12,15,26,63,75,80,91,94,115,116,124,132,140,141,156,163,175,176,179,186,202,206,217,227,229,236,241,255,266,274,299,307,308,311,328,337,389,351,352,354,366,379,383,385,421,423,424,433
346:4,8,14,17,24,27,30,34,37,45,70,102,103,105,114,123,141,142,149,169,171,175,184,186,213,215,229,234,237,238,245,246,249,256,307,309,311,319,328,334,337,440,348,364,395,402,414,425,433
347:13,25,29,41,54,61,69,99,115,128,130,132,190,197,209,212,214,224,225,247,265,301,306,321,327,329,331,340,445,354,358,362,364,370,379,390,406
348:31,35,37,62,76,88,112,124,148,170,206,211,222,238,260,283,284,300,301,307,314,319,329,343,346,408,349,364,369,385,415,428,441
349:8,28,44,58,74,78,92,96,99,102,110,112,141,147,162,170,173,186,202,211,217,230,233,236,237,240,243,270,321,330,348,353,360,361,367,375,376,394,399,403,407,429,432,437
350:8,11,19,29,30,33,40,53,55,67,73,89,103,107,127,128,152,179,180,183,191,197,202,208,217,235,257,264,265,275,284,294,299,301,304,343,392,362,365,376,384,394,406,432,433,438,439,441,442
351:2,30,43,45,54,57,59,87,91,109,124,128,158,159,183,195,203,216,223,231,239,243,260,261,274,303,306,324,327,329,345,373,361,365,367,371,393,409,415,419,432,434,441,442
352:5,13,17,51,58,73,74,83,85,91,92,98,107,111,113,118,119,131,143,155,167,172,174,188,189,195,217,218,224,249,260,272,279,284,289,296,309,311,317,332,345,370,354,362,380,382,390,401,405,409,410,427,443,445
353:6,10,18,31,36,44,61,63,70,80,117,135,137,141,145,150,164,184,235,241,248,266,271,272,280,282,293,299,305,315,320,321,343,349,390,397,408,414,426,446
354:12,29,31,40,43,57,115,132,140,145,171,179,210,211,223,242,245,253,254,257,272,281,283,286,302,308,326,345,347,352,404,361,371,377,382,401,407,421,425
355:7,10,28,34,39,48,52,68,98,102,121,144,165,171,172,214,219,221,254,274,276,281,287,312,318,329,336,340,344,417,356,362,366,374,376,383,391,394,397,403,404,406,414,420,422,431
356:16,22,24,34,37,58,66,74,86,92,94,110,122,160,162,163,186,204,210,235,236,237,262,287,298,303,313,319,320,325,327,355,412,357,371,384,399,404,420,447
357:7,28,32,43,50,56,63,65,70,78,83,86,99,100,105,106,120,126,138,159,164,180,183,197,204,223,229,243,258,272,279,284,286,299,301,307,313,319,321,326,332,333,339,356,430,364,373,380,394,395,404,410,446
358:6,19,26,27,34,35,42,63,83,109,114,132,146,150,151,156,158,176,188,200,223,240,251,252,261,275,289,295,311,318,330,347,409,387,399,415,426,432,436,437,447
359:9,23,39,41,44,47,48,54,55,92,93,131,157,165,169,171,181,184,216,217,227,234,241,243,262,272,278,280,311,318,321,324,327,331,336,371,380,397,405,421,422,425,426,443
360:0,1,28,33,34,35,49,91,137,143,165,181,183,197,201,229,248,253,255,261,264,285,294,296,305,306,314,321,329,349,411,366,375,379,380,382,399,406,429,445
361:40,49,51,54,59,60,72,110,133,139,142,145,165,177,186,190,194,198,210,220,232,234,243,249,253,270,289,307,315,319,327,329,334,338,339,343,349,351,354,380,371,391,397,412,416,424,431,434
362:16,22,44,47,55,57,65,67,77,90,99,109,114,120,123,158,163,169,173,201,206,216,231,255,258,268,280,283,285,291,292,301,319,331,333,336,347,350,352,355,380,375,387,389,395,398,411,446
363:6,10,13,36,50,89,90,92,96,105,110,116,126,135,137,144,146,162,189,199,204,212,224,232,249,252,263,273,321,328,335,340,342,407,414,418,424,425,428
364:0,8,80,82,101,113,116,117,129,131,157,160,167,175,177,178,189,195,196,209,232,256,260,264,269,276,312,315,323,329,331,344,346,347,348,357,377,378,382,425
365:10,23,25,30,60,62,81,92,116,117,133,137,141,154,155,157,180,194,224,225,232,246,247,250,265,307,317,320,336,350,351,384,375,388,401,409
366:0,5,8,29,31,33,38,42,63,74,76,99,100,101,117,132,134,139,145,147,153,168,190,198,210,211,213,232,233,243,252,255,261,264,265,289,294,295,338,340,345,355,360,406,371,374,381,382,389,396,399,401,416,419,428,429
367:22,25,36,47,85,92,104,110,115,118,132,158,169,184,187,203,209,252,266,338,341,349,351,410,371,373,391,397,404,416,420,422
368:4,20,27,31,36,43,65,102,106,118,126,135,143,150,159,176,179,180,192,207,209,221,225,228,243,250,281,284,300,310,323,327,329,435,382,383,392,408,418,426,432,440
369:4,5,8,15,24,29,30,36,42,52,64,108,113,118,121,127,128,150,173,174,176,182,212,219,235,236,244,272,281,286,319,322,333,342,348,425,403,416,419,423,429,432
370:1,12,14,32,36,39,40,44,47,48,79,90,95,96,119,124,126,127,155,156,194,210,212,217,232,240,242,261,267,276,279,294,295,303,320,326,336,347,352,419,374,375,383,387,429,432,435
371:5,11,13,16,20,35,37,73,82,89,92,95,110,124,132,140,146,158,165,174,177,202,203,205,208,227,229,241,250,264,283,287,291,296,299,300,305,320,323,329,336,351,354,356,359,361,366,367,437,384,396,400,421,422,430,440,445
372:4,13,17,25,37,41,62,128,136,159,185,186,187,192,200,201,206,213,226,251,258,269,274,284,285,286,287,298,301,308,319,326,331,342,423,373,379,390,412,425,429,434,449
373:14,18,19,21,33,36,44,96,101,103,127,132,133,137,157,163,172,175,179,184,202,213,231,255,261,276,279,284,293,296,299,316,321,327,341,351,357,367,372,398,387,393,395,396,414,443
374:48,52,77,84,90,91,94,95,102,106,121,128,132,149,161,164,170,177,183,190,196,213,215,220,226,238,242,245,251,255,267,286,292,308,310,313,326,355,366,370,386,387,391,441,442,447
375:3,6,7,13,19,39,52,62,94,99,115,121,133,142,144,147,148,165,166,168,172,189,197,204,220,221,240,248,250,253,259,265,288,289,305,323,331,337,338,339,349,360,362,365,370,378,381,408,414,422,426
376:13,21,23,26,29,37,43,48,60,69,82,84,86,93,94,105,130,134,161,165,177,209,216,219,221,229,235,237,240,265,268,282,285,286,296,303,318,341,342,344,349,350,355,444,381,384,401,408,413,415,419,421,424,426,431,432,434,447
377:5,16,37,51,64,67,108,110,120,121,133,140,142,143,171,172,199,203,233,234,265,270,275,276,277,303,309,314,322,324,333,335,342,354,364,405,384,385,386,395,399,403,416,423,444
378:11,47,62,67,73,80,104,116,124,132,136,141,149,151,152,155,156,163,172,174,225,227,231,233,245,258,263,266,272,274,276,283,285,303,309,327,341,342,364,375,402,379,386,395,399,404,414,418,437
379:3,7,11,14,18,27,30,31,35,37,43,48,57,60,64,84,87,97,99,101,116,119,120,131,155,157,159,171,172,174,179,191,202,217,229,237,246,253,255,261,263,265,267,292,301,312,320,334,341,345,347,360,372,378,414,382,389,391,405,423,426,430
380:3,14,26,40,41,49,61,81,101,122,126,132,138,146,165,166,168,169,171,177,179,197,199,201,203,215,217,227,239,257,270,277,296,297,301,303,305,309,322,328,352,357,359,360,361,362,384,387,388,394,402,423,437,446
381:1,4,15,27,53,54,66,71,79,84,86,90,103,107,182,219,229,232,236,237,264,281,290,291,297,300,313,344,366,375,376,431,386,388,405,407,423,430,435,436,437,441
382:19,28,32,33,62,70,76,84,95,102,129,134,139,143,158,165,182,185,187,188,202,210,238,241,242,259,264,271,293,294,341,342,352,354,360,364,366,368,379,399,413,414,423,432,441
383:4,5,18,25,58,63,72,94,132,141,156,183,198,202,209,229,249,266,267,273,276,279,292,308,324,325,338,345,355,368,370,400,405,413,414,416,419,441
384:25,28,30,33,42,63,68,70,74,76,84,99,101,107,108,110,113,127,128,131,132,134,144,147,149,166,171,173,183,191,195,199,203,204,213,229,232,258,274,277,282,285,294,296,315,320,336,350,356,365,371,376,377,380,447
385:14,27,28,43,57,59,86,94,107,116,125,129,135,163,178,183,184,192,193,205,211,221,229,233,249,280,294,295,301,303,308,322,324,336,340,345,348,377,407,395,435,439
386:8,20,25,27,41,46,57,64,76,78,82,98,99,106,119,133,136,142,173,200,207,227,229,261,263,269,270,282,290,299,302,304,307,332,374,377,378,381,436,391,398,406,430,433,438,449
387:12,14,17,22,37,39,41,48,58,60,67,73,85,92,104,108,123,138,152,173,174,184,236,237,246,261,265,269,270,273,279,283,287,302,308,312,317,358,362,370,373,374,380,388,396,397,400,416,432,434
388:26,47,65,73,98,122,126,135,152,156,169,174,185,186,197,211,212,235,240,247,249,251,262,264,295,296,311,325,326,327,329,330,335,342,365,380,381,387,446,397,406,411,418,431,448
389:7,25,29,38,45,48,50,66,85,99,110,117,120,124,151,157,161,196,205,211,218,221,247,253,270,296,297,301,303,322,345,362,366,379,427,408,420,425,448
390:10,12,13,29,32,46,57,72,75,77,93,110,111,123,141,145,158,178,182,188,211,219,227,233,240,242,244,245,269,284,303,304,314,321,328,347,352,353,372,430,401,407,410,412,423,429,436,448
391:2,3,12,33,35,58,74,80,91,98,112,116,118,145,168,169,184,189,213,215,219,229,232,239,241,267,309,313,318,319,320,322,331,340,355,361,367,374,379,386,429,396,407,415,416,424,433,440,444
392:3,5,13,16,17,25,28,37,57,58,68,69,71,78,83,88,96,105,116,136,151,158,189,193,210,221,238,240,252,299,306,328,334,350,368,435,397,415,444
393:1,6,18,21,26,34,36,38,43,58,59,79,82,89,90,107,117,127,144,172,208,221,234,238,243,244,252,264,280,287,297,305,306,322,324,334,337,351,373,413,396,412,416,419,421,430
394:9,12,14,18,20,38,46,49,55,59,61,77,111,127,181,196,215,224,228,230,233,243,262,265,268,273,304,305,310,326,349,350,355,357,380,418,407,408,411,430,443
395:4,9,10,22,23,35,70,105,107,116,132,134,136,138,150,154,156,167,182,184,189,202,209,210,215,224,239,240,245,247,253,257,271,275,299,303,310,321,322,338,339,346,357,362,373,377,378,385,447,408,411
396:6,15,39,45,49,52,63,116,140,150,171,174,180,186,198,210,216,239,250,261,262,272,297,299,318,366,371,373,387,391,393,433,405,413,416,425,426,436
397:0,4,11,12,60,61,63,68,74,78,86,96,97,102,103,109,123,126,134,138,140,151,156,174,229,234,239,247,249,252,263,292,310,315,327,331,353,355,359,361,367,387,388,392,399,416,418,426,433,435,438,447
398:29,49,50,72,73,75,76,78,81,84,108,123,132,133,139,166,175,177,181,192,200,203,222,236,237,255,256,277,281,284,295,299,329,334,362,373,386,415,418,431
399:5,7,25,30,32,33,35,53,75,81,91,111,125,158,181,183,184,191,194,197,225,245,252,257,295,309,349,356,358,360,366,377,378,382,397,444,400,414,421,426,431,438,441,448
400:20,21,30,46,55,88,114,121,128,140,149,179,194,196,197,203,206,208,230,241,249,251,258,259,271,282,283,292,307,309,319,325,326,339,341,371,383,387,399,406,401,405,411,425,440,449
401:1,10,35,42,65,69,71,75,94,116,127,130,143,162,170,210,217,252,260,265,271,292,333,343,352,354,365,366,376,390,400,439,406,409,428,447,449
402:2,19,41,45,51,59,64,66,74,77,81,90,94,111,120,123,132,136,150,155,159,165,170,176,192,206,216,249,256,268,277,289,297,300,303,314,336,340,346,378,380,407,419
403:2,14,33,40,44,74,102,107,117,131,135,144,172,178,217,223,248,267,268,280,298,299,302,323,324,328,331,349,355,369,377,433,404,426
404:5,52,55,58,62,63,66,67,70,78,86,94,131,134,159,163,166,186,196,197,219,223,224,225,235,250,259,274,297,301,313,326,330,332,333,338,354,355,356,357,367,378,403,407,431,432,441
405:6,12,48,51,56,79,90,140,152,157,159,176,184,226,232,249,257,262,292,300,316,319,331,332,335,344,352,359,377,379,381,383,396,400,439,412,420,432,440
406:1,6,18,25,30,35,48,67,71,78,84,107,112,119,136,141,144,145,154,159,179,180,190,194,201,217,224,266,268,279,286,296,316,328,331,335,338,347,350,355,360,366,386,388,400,401,426,430,434,437,440,442,444,445,446
407:19,24,42,43,64,65,71,90,95,111,119,126,128,133,134,135,137,160,170,172,177,196,208,210,212,223,249,256,271,281,283,284,288,302,311,327,334,336,349,354,363,381,385,390,391,394,402,404,432,431
408:3,5,12,13,41,48,59,63,84,86,99,102,109,115,118,133,136,140,144,156,163,186,204,210,223,242,252,261,271,282,285,294,308,328,348,353,368,375,376,389,394,395,422,409,427,435,439,441,448
409:31,38,49,55,77,90,94,127,147,155,159,164,221,224,235,242,254,257,262,274,280,305,316,317,319,324,339,351,352,358,365,401,408,445,417,425,440
410:3,7,27,28,29,38,64,66,68,75,77,82,85,101,111,130,140,148,158,183,187,198,231,233,241,242,263,272,276,281,310,320,322,352,357,367,390,447,422,426,430,433
411:0,2,4,19,27,30,36,69,72,108,116,126,127,128,133,134,162,165,179,184,187,203,217,222,243,272,282,288,294,298,304,326,327,341,360,362,388,394,395,400,431,412,415,418,420,423,428,438,442,444
412:2,12,22,26,51,108,122,138,144,166,167,181,188,191,193,207,230,238,249,262,267,288,294,317,321,322,339,356,361,372,390,393,405,411,436,414,416,426,428,448
413:0,12,25,30,43,45,48,55,64,67,95,105,109,114,117,119,126,135,136,144,147,151,156,160,199,201,204,237,244,245,256,263,264,270,308,312,313,316,331,332,340,341,376,382,383,393,396,417,419,427,434,440,444,445
414:3,56,69,75,87,90,108,112,126,127,145,178,181,202,248,259,269,291,302,303,314,320,339,346,353,355,363,373,375,378,379,382,383,399,412,424
415:7,18,25,33,34,43,44,46,61,68,82,93,109,116,118,131,147,155,188,194,212,215,228,241,274,301,311,315,316,326,332,348,351,358,376,391,392,398,411,417,438,446
416:24,33,39,43,53,68,78,90,95,101,130,140,150,170,174,205,212,223,236,242,264,270,279,303,307,311,325,330,361,366,367,369,377,383,387,391,393,396,397,412,448,428,429
417:15,23,33,59,80,85,92,108,111,114,116,155,158,177,179,180,192,195,211,218,229,240,253,257,259,265,297,306,316,323,332,334,344,355,409,413,415,439,429
418:8,19,20,44,80,84,99,108,121,125,133,157,181,192,203,208,213,219,242,248,251,258,268,273,274,291,295,302,306,310,313,325,329,332,333,335,343,363,368,378,388,394,397,398,411,432,438,439,440
419:13,19,28,33,38,51,65,75,111,116,118,125,126,127,130,144,157,168,174,180,229,236,246,254,265,290,310,311,323,329,334,351,366,369,370,376,383,393,402,413,430,421,433,440
420:1,22,36,39,60,71,76,87,98,106,109,116,120,121,140,160,184,194,197,199,208,209,233,244,247,249,257,273,282,286,292,295,299,303,315,318,330,331,332,335,343,355,356,367,389,405,411,431,422,428
421:26,28,53,74,79,147,160,168,194,195,200,208,226,241,253,273,274,285,294,298,305,323,327,333,345,354,359,371,376,393,399,419,443,437,440
422:13,15,16,20,25,42,75,80,93,97,108,109,114,115,116,137,139,141,152,156,164,172,196,200,205,206,229,233,243,245,257,260,274,289,294,295,302,313,316,318,321,355,359,367,371,375,408,410,420,448,436,438,445
423:64,68,86,128,137,144,197,213,250,268,276,281,285,297,318,327,345,369,372,377,379,380,381,382,390,411,426,438,444
424:37,53,56,65,76,77,83,88,95,102,113,115,131,137,146,150,155,156,172,213,218,223,237,243,258,262,285,290,306,325,332,333,336,339,345,361,363,376,391,414,425,429,438
425:8,14,15,33,40,59,64,67,68,72,79,98,99,103,125,127,137,142,143,187,195,216,242,255,256,263,272,285,293,300,319,322,341,346,354,359,363,364,369,372,389,396,400,409,424,438,427,430,437
426:17,20,56,59,62,65,83,91,107,108,130,133,134,142,145,151,152,171,174,182,185,194,197,202,205,220,223,230,240,251,280,281,285,289,293,297,298,326,328,336,353,358,359,368,375,376,379,396,397,399,403,406,410,412,423,430,428,437,440,442,444
427:9,40,44,45,47,50,53,69,89,112,125,127,130,163,168,192,195,215,219,223,232,241,245,257,267,273,279,280,285,288,296,316,318,321,324,332,352,389,408,413,425,431
428:8,12,35,40,56,69,70,84,103,106,120,132,133,136,155,174,182,190,193,205,209,234,242,246,259,265,288,297,300,309,315,337,348,363,366,401,411,412,416,420,426,430,434,441,448
429:8,21,35,44,78,87,135,141,159,163,172,209,245,254,305,320,326,334,337,341,349,360,366,369,370,372,390,391,416,417,424,431,435
430:2,9,25,35,42,48,65,66,69,70,75,89,136,145,150,160,166,167,174,175,176,196,204,208,231,232,239,241,244,250,252,260,267,268,270,277,278,292,297,305,319,357,371,379,381,386,390,393,394,406,410,419,425,426,428,433,437,447
431:1,32,45,75,85,88,99,105,109,114,123,129,134,151,164,173,178,180,181,195,199,210,216,217,223,253,254,255,261,272,274,278,286,304,310,311,316,327,328,355,361,376,381,388,398,399,404,407,411,420,427,429,440,432
432:6,7,20,24,28,39,43,57,65,68,82,86,90,101,102,127,142,147,149,156,157,167,180,184,188,189,200,215,223,246,247,248,269,274,290,301,305,317,333,342,349,350,351,358,368,369,370,376,382,387,404,405,407,418,431,438
433:40,48,55,58,69,72,108,110,145,150,163,165,168,170,178,209,211,226,241,247,269,287,303,309,341,345,346,350,386,391,396,397,403,410,419,430,441,437,440,446
434:9,30,43,45,46,53,71,113,127,146,162,168,174,185,204,217,224,225,232,239,250,254,270,276,288,298,309,313,332,337,351,361,372,376,387,406,413,428,443,435,438,441
435:14,22,23,28,47,49,59,66,68,82,87,111,116,117,122,129,152,166,178,179,181,195,201,219,220,232,267,268,274,276,279,285,288,292,297,299,305,317,368,370,381,385,392,397,408,429,434,447
436:0,9,14,15,28,43,52,62,64,74,87,90,107,108,125,130,136,152,158,166,167,180,181,189,191,201,204,218,250,255,257,278,283,288,304,306,314,358,381,386,390,396,412,422,444,440,442
437:17,33,43,56,67,72,77,92,132,182,198,232,248,254,259,274,275,285,291,296,298,320,328,333,341,349,358,371,378,380,381,406,421,425,426,430,433,446,438,444
438:4,5,6,24,37,38,39,48,49,61,62,68,69,75,85,95,99,103,109,112,131,132,150,152,154,206,222,226,231,232,253,255,262,273,283,284,299,303,305,309,322,350,386,397,399,411,415,418,422,423,424,425,432,434,437,445
439:2,6,12,29,39,83,86,103,122,145,150,154,155,161,164,172,180,185,189,195,200,205,206,215,218,221,239,241,247,248,265,270,283,285,290,315,325,335,340,343,350,385,401,405,408,417,418,440,441,444,449
440:15,40,41,50,64,69,82,83,90,96,102,141,144,146,149,150,152,153,163,170,175,178,180,194,195,201,204,218,219,227,238,249,250,257,277,282,288,299,315,318,328,337,346,368,371,391,400,405,406,409,413,418,419,421,426,431,433,436,439,442,446
441:4,60,70,83,90,92,107,110,111,113,136,140,152,154,169,192,220,228,229,235,239,245,252,263,265,269,278,287,288,304,328,348,350,351,374,381,382,383,399,404,408,428,433,434,439,449
442:20,26,29,37,41,44,52,58,68,90,99,103,112,128,132,148,153,185,200,211,222,232,240,241,249,292,313,326,344,350,351,374,406,411,426,436,440,449
443:9,31,33,35,53,126,128,139,147,156,157,158,162,163,169,176,179,184,187,221,246,254,261,264,275,310,316,320,335,339,352,359,373,394,421,434,447,445
444:19,23,26,34,37,46,53,66,74,86,110,121,122,124,136,143,152,162,164,167,168,184,198,200,209,224,232,268,273,279,283,294,329,344,376,377,391,392,399,406,411,413,423,426,436,437,439,448
445:5,24,28,35,37,39,48,66,93,109,110,119,129,130,143,152,155,157,168,170,195,219,220,229,238,241,247,265,267,298,309,319,329,343,344,347,352,360,371,406,409,413,422,438,443,446
446:2,18,23,32,37,39,60,68,79,91,105,109,113,123,128,130,134,138,141,143,144,162,166,180,182,194,197,226,228,286,292,297,300,304,319,325,342,353,357,362,380,388,406,415,433,437,440,445,449
447:0,13,21,34,39,48,55,65,71,86,92,128,153,165,182,186,206,210,218,223,224,234,235,289,293,306,307,312,321,356,358,374,376,384,395,397,401,410,430,435,443,448,449
448:0,6,8,14,30,40,43,44,51,69,76,88,96,109,112,114,118,128,130,144,149,157,172,178,231,245,247,263,286,299,320,322,337,388,389,390,399,408,412,416,422,428,444,447,449
449:1,2,3,9,25,41,50,51,57,70,71,103,109,123,135,149,164,178,191,194,203,221,222,226,229,256,261,270,271,274,280,282,287,289,296,310,312,318,333,372,386,400,401,439,441,442,446,447,448
