0:246,4,14,20,25,33,62,73,85,97,104,111,116,126,155,156,181,183,197,199,203,221,223,225,230,243,253,263,268,275,281,287,300,313,321,322,331,337,341,360,362,368,374,394,396,404
1:91,12,26,29,60,77,84,99,106,111,116,122,136,150,177,191,208,216,225,231,248,252,255,260,261,264,290,310,317,318,331,340,348,352,358,368,376,410
2:252,20,25,57,62,69,97,113,115,117,128,135,142,145,157,176,180,184,193,198,216,225,240,261,275,284,305,333,339,368,376,389
3:270,32,63,67,70,84,91,100,102,107,122,128,129,131,149,164,173,174,178,185,188,192,195,196,197,204,209,212,214,221,224,242,255,260,267,272,302,335,338,352,353,360,376,415
4:0,306,26,64,84,106,115,121,127,130,133,152,164,172,187,195,198,199,204,205,223,232,239,242,249,276,287,302,309,325,330,341,349,376,383,386,408,414,419
5:13,6,9,12,14,15,27,37,38,45,46,76,79,92,103,110,139,153,155,197,222,260,281,286,297,303,319,338,375,395,398,409,419
6:5,236,10,23,42,47,50,54,56,58,67,72,86,87,93,103,106,107,122,123,161,170,179,184,195,210,219,231,252,266,268,299,300,303,305,348,364,376,381,410,412,414
7:335,14,41,52,54,77,87,94,99,104,106,112,125,137,148,151,153,154,177,184,194,195,209,213,217,225,227,230,234,235,239,243,263,266,273,284,301,310,319,324,325,338,348,360,371,395,401,405,415
8:51,22,25,27,29,57,61,89,96,102,120,130,132,145,151,159,203,205,207,209,222,235,237,242,258,267,304,305,306,310,313,315,318,321,334,340,342,343,344,347,354,367,371,384,385,401,419
9:5,80,22,35,48,56,69,83,84,110,121,129,130,135,136,137,143,150,152,189,216,223,234,240,256,257,260,272,275,279,282,300,326,330,338,341,343,344,346,350,360,387,393,394,401,404,406,410,414
10:6,42,60,79,88,90,97,103,117,118,145,147,173,183,200,208,211,215,225,230,231,290,294,298,322,326,342,347,348,357,370,384,389,390,415
11:193,29,44,59,62,63,65,75,83,97,99,119,126,132,136,156,166,171,183,190,197,210,213,221,224,231,253,262,264,279,283,285,287,308,312,394,395,399,410
12:1,5,357,31,41,45,47,51,82,117,119,131,141,155,167,179,212,223,224,227,230,239,246,256,262,273,286,296,308,319,327,347,361,377,379,381,391,396,415
13:5,127,25,27,30,31,42,53,55,59,65,89,97,99,103,124,133,158,160,191,204,209,216,221,244,265,268,272,282,283,285,291,327,342,350,363,377,386,388,391,393,405,412,415
14:0,5,7,279,20,34,40,53,70,71,72,82,87,96,120,126,129,167,174,176,198,230,250,264,284,285,291,310,312,322,334,346,359,371,376,383,397,398,410,416
15:5,391,22,31,65,66,67,112,121,132,137,143,148,152,162,165,168,171,180,184,194,195,200,223,232,234,263,266,276,300,302,309,316,320,321,330,333,340,346,348,350,352,371,379,385,389,405,408,413
16:96,26,32,54,77,92,94,105,107,113,123,133,142,161,179,193,194,222,232,233,241,253,254,264,274,279,281,284,303,308,313,331,341,348,351,359,373,374,376,386,387,390,392,416
17:319,22,23,35,49,55,60,61,71,75,78,87,93,97,105,111,119,137,138,149,150,153,155,167,172,179,183,197,198,242,251,260,262,265,276,289,298,299,303,320,325,328,335,338,341,346,360,373,375,401,413
18:341,34,58,65,88,91,95,98,109,115,125,136,148,153,161,166,174,175,185,188,197,198,217,229,245,250,266,276,287,291,292,294,302,310,311,335,359,361,371,389,392,395
19:363,20,21,28,39,48,66,68,78,93,103,106,111,121,122,129,145,151,166,183,188,191,220,226,236,249,262,269,273,285,309,319,321,326,334,337,347,349,350,357,375,378,408,413,416,419
20:0,2,14,19,398,46,51,67,74,87,101,132,137,149,158,167,180,192,193,200,216,220,288,305,310,311,326,331,335,338,344,349,352,356,377,380,389,403,417
21:19,233,29,41,44,51,60,67,74,106,113,159,164,170,171,180,185,230,263,267,269,275,279,286,292,311,326,333,338,352,356,367,375,389,400
22:8,9,15,17,237,25,29,44,52,56,64,126,127,131,139,181,195,196,211,223,233,265,282,290,311,313,339,346,357,364,385,397,403,407
23:6,17,231,25,33,41,46,90,101,108,111,114,115,117,136,152,161,165,180,188,209,215,228,244,253,261,271,287,303,305,320,328,348,349,359,371,396,399,419
24:125,27,37,38,39,52,66,71,72,76,77,102,117,128,160,189,193,194,195,203,238,243,246,259,271,277,279,286,289,310,316,318,326,338,341,349,365,376,378,402,412
25:0,2,8,13,22,23,418,28,33,45,47,53,56,58,73,80,93,104,105,176,188,197,199,222,226,241,246,247,253,257,263,276,278,289,293,301,309,314,315,336,340,347,348,392,393,396,404,415
26:1,4,16,177,34,39,84,131,137,138,141,143,147,148,160,171,208,210,213,214,218,221,224,232,235,239,256,267,269,277,310,316,326,330,331,332,354,381,385,391,409,412
27:5,8,13,24,110,48,75,79,90,100,113,114,128,138,141,180,185,191,199,202,204,208,231,266,268,302,314,328,352,358,371,373,380,388,397,398
28:19,25,50,43,47,52,56,71,83,96,97,104,106,118,120,129,162,164,176,180,181,188,189,193,215,216,230,233,236,240,264,267,294,296,307,309,327,339,354,356,371,373,376,411,413,414
29:1,8,11,21,22,158,31,32,39,55,57,59,61,65,72,89,100,101,117,128,133,134,138,143,170,176,201,206,207,210,213,221,222,240,248,258,282,293,297,311,313,324,329,334,337,351,384,403
30:13,98,45,58,61,66,78,80,84,87,96,114,122,124,133,160,169,183,187,194,205,209,215,234,245,255,275,281,282,285,294,300,306,316,322,337,339,360,369,411,414
31:12,13,15,29,395,41,53,54,62,119,122,127,134,136,145,153,186,187,191,192,195,202,204,211,214,217,243,244,252,263,272,285,300,318,330,347,353,368,373,377,387,411,413
32:3,16,29,297,39,41,53,55,65,77,78,88,96,111,121,144,151,153,154,162,185,189,195,226,228,234,235,240,243,246,255,264,268,270,276,289,301,305,307,309,338,341,355,364,371,387,388,394,397,417
33:0,23,25,364,38,47,74,95,96,132,133,141,148,157,158,161,165,173,175,207,213,218,250,253,291,308,320,324,357,358,388,389,409
34:14,18,26,265,46,54,58,80,101,124,136,146,153,159,172,174,175,181,187,224,228,243,255,259,263,271,290,328,332,335,345,348,369,377,384,387,389,396,398,409,417
35:9,17,227,49,53,64,84,102,109,120,167,200,214,278,310,320,329,340,350,351,360,361,368,380,399,406
36:70,41,53,55,57,83,86,103,104,114,119,120,125,126,129,135,137,138,152,155,164,176,183,188,194,200,206,232,240,243,247,249,254,262,283,307,308,361,381,401,412,418
37:5,24,358,41,49,58,59,65,72,75,85,113,114,145,167,169,189,195,201,211,215,228,233,239,240,246,251,258,259,261,295,301,319,325,331,336,338,346,368,370,398,399,412
38:5,24,33,352,53,59,62,63,64,79,91,98,99,106,113,126,148,149,153,163,169,188,190,193,219,223,224,225,248,261,271,278,281,284,295,309,313,317,325,346,364,372,384,411
39:19,24,26,29,32,149,48,53,65,75,95,115,120,121,127,135,142,145,159,162,165,181,185,189,193,195,212,226,232,247,253,268,286,325,330,341,370,399,408
40:14,46,68,88,89,95,116,121,142,146,175,184,185,196,206,208,209,221,223,227,228,241,259,272,278,300,311,319,366,368,370,373,387,393,395,400
41:7,12,21,23,31,32,36,37,129,63,69,75,78,80,87,94,100,109,164,179,183,184,186,196,204,205,220,236,247,281,283,295,301,312,324,332,340,345,372,397,408,418
42:6,10,13,200,48,61,65,79,80,88,89,98,107,119,149,211,220,224,233,236,249,250,256,270,271,274,280,293,302,304,309,313,316,323,330,346,347,357,360,361,365,389,394,409
43:28,80,51,56,62,83,89,93,101,103,105,126,130,134,136,138,142,155,171,172,173,175,178,182,187,189,199,202,212,222,234,239,242,253,274,315,320,327,333,337,341,365,371,372,381,391,393
44:11,21,22,131,64,73,119,126,127,128,139,141,151,165,224,231,237,256,268,272,277,287,289,291,297,298,311,322,323,332,344,352,356,359,379,382,386,401,404,414
45:5,12,25,30,229,60,71,92,100,103,105,124,125,130,131,137,149,152,158,174,190,199,224,226,235,240,246,251,285,293,321,324,340,352,364,374,406
46:5,20,23,34,40,262,53,56,59,65,66,106,111,120,148,171,186,188,197,223,233,234,241,255,286,295,300,309,311,318,320,341,352,364,409
47:6,12,25,28,33,368,69,76,82,100,107,114,129,164,188,193,195,203,217,222,228,229,235,240,254,267,269,283,286,294,307,309,318,321,324,327,343,359,385,386,396,417
48:9,19,27,39,42,333,52,55,56,59,63,70,72,79,83,84,94,103,107,113,127,143,145,178,182,183,194,200,206,209,217,231,232,241,259,267,280,290,309,344,347,349,375,387,393,402,412
49:17,35,37,129,57,81,104,115,125,151,157,167,171,175,195,198,218,226,233,241,257,283,285,289,290,297,307,318,341,356,360,369,371,380,390,399,405
50:6,28,376,93,100,110,116,126,137,158,161,162,172,184,205,212,215,219,221,271,277,322,323,336,338,345,368,371,372,378,389,400
51:8,12,20,21,43,87,55,59,61,62,83,89,121,122,129,135,146,161,165,166,173,177,180,184,191,207,212,230,238,303,304,310,315,323,327,358,366,372,381,387,389,390,404,407,418
52:7,22,24,28,48,417,60,63,86,87,112,119,120,131,134,136,139,228,237,241,253,254,266,283,316,327,348,350,368,371,409
53:13,14,25,31,32,35,36,38,39,46,287,55,58,83,84,89,102,109,117,124,148,164,179,182,191,196,212,224,228,240,247,251,253,261,282,298,299,316,317,319,332,356,368,374,377,390,404,407,416,417
54:6,7,16,31,34,162,58,76,89,115,117,122,125,134,137,138,139,141,143,150,153,155,175,191,196,204,211,218,230,237,239,259,286,294,308,314,323,325,327,330,349,352,375,384,397,398,399,400,406,408
55:13,17,29,32,36,48,51,53,255,65,67,73,74,78,106,109,129,153,162,172,179,185,187,205,207,214,223,230,232,236,239,243,244,245,246,247,250,259,263,276,316,324,346,355,380,406,410,411
56:6,9,22,25,28,43,46,48,334,76,84,104,120,136,151,153,154,164,174,189,217,235,255,258,264,271,272,297,303,313,316,375,377,393,410
57:2,8,29,36,49,264,77,80,87,92,104,105,106,108,109,114,125,127,160,186,189,193,203,228,243,244,278,284,290,314,322,381,386,398
58:6,18,25,30,34,37,53,54,301,73,79,88,91,93,141,157,160,192,193,197,199,213,219,230,232,243,249,266,283,291,309,348,358,368,372,395,416
59:11,13,29,37,38,46,48,51,351,73,90,92,111,123,127,148,171,199,210,227,234,240,253,258,261,262,269,273,276,283,288,308,313,324,332,374,397,400,402,408,415
60:1,10,17,21,45,52,405,70,89,93,130,131,153,156,159,160,172,185,186,193,203,205,215,218,226,232,239,254,286,294,297,298,301,318,327,335,360,396,399,406
61:8,17,29,30,42,51,75,73,90,99,131,136,174,201,207,212,214,216,227,239,246,247,255,257,259,260,265,276,288,310,312,318,341,346,356,364,384,390,415
62:0,2,11,31,38,43,51,401,64,65,70,78,79,94,95,98,107,123,129,141,148,158,171,175,177,186,209,223,224,245,253,289,297,298,307,315,323,326,329,330,332,333,351,371,373,385,387,394,398,404
63:3,11,38,41,48,52,217,82,84,86,97,111,114,160,189,193,201,205,206,219,223,225,227,258,263,274,278,279,287,296,305,331,332,343,348,349,378,391,392,393,400,413
64:4,22,35,38,44,62,239,66,69,80,82,103,122,132,135,136,146,151,154,174,203,212,225,227,231,233,237,252,254,266,267,271,278,279,286,303,305,309,325,330,356,378,390,401
65:11,13,15,18,29,32,37,39,42,46,55,62,74,69,70,77,90,94,105,108,112,123,154,156,159,171,186,196,197,212,220,242,255,260,261,271,273,274,285,295,297,311,318,352,354,357,380,395
66:15,19,24,30,46,64,109,93,117,133,150,159,167,175,183,185,188,193,200,206,214,216,217,235,237,241,275,284,288,309,311,343,353,397,401,403
67:3,6,15,20,21,55,222,72,77,82,87,93,98,113,116,119,131,136,142,146,158,177,191,201,202,211,212,228,246,270,272,296,299,305,311,319,320,324,336,344,345,350,377,386,390,419
68:19,40,123,84,89,97,98,107,108,119,130,162,165,172,179,181,197,202,208,214,216,221,224,226,236,238,247,258,260,280,281,299,304,312,323,329,331,345,346,347,354,366,370,377,402,405
69:2,9,41,47,64,65,365,77,92,103,133,140,143,150,163,165,167,173,174,177,182,185,187,189,193,194,195,214,237,248,250,251,270,280,291,297,305,326,330,336,356,367,370,388,413,416
70:3,14,36,48,60,62,65,345,87,105,126,140,142,171,178,184,188,195,199,207,208,224,228,232,241,244,251,260,282,291,294,298,301,311,316,352,359,366,403
71:14,17,24,28,45,94,79,101,113,118,122,134,179,195,201,208,212,214,225,265,267,278,279,287,295,300,306,307,319,322,324,347,360,366,368,369,380,383,390,394,399,401,407,408
72:6,14,24,29,37,48,67,129,91,97,117,118,120,125,131,138,149,160,194,236,254,256,264,268,283,293,294,310,324,325,339,355,371,372,375,416
73:0,25,44,55,58,59,61,255,81,83,93,96,97,105,110,118,131,137,151,172,213,219,228,241,252,277,283,288,299,300,313,322,337,347,348,351,367,378,401,408,412
74:20,21,33,55,65,163,113,126,152,165,179,187,206,210,228,245,249,253,285,306,312,346,389,392,394,405,408,410
75:11,17,27,37,39,41,61,92,102,120,130,134,141,142,162,167,189,198,220,266,272,273,279,303,306,313,338,353,358,363,391,392,403,410,413,417
76:5,24,47,54,56,330,84,103,106,109,114,131,135,167,181,185,186,187,192,194,209,231,239,247,248,281,292,297,341,362,383,388,402,414
77:1,7,16,24,32,57,65,67,69,271,122,123,128,139,140,141,143,153,177,180,182,206,208,216,228,257,264,291,293,316,348,359,368,396,411,418
78:17,19,30,32,41,55,62,240,116,134,149,152,159,161,162,182,185,199,219,220,228,254,259,266,283,296,308,314,316,328,332,334,343,361,367,371,376,378,400,405,407,412
79:5,10,27,38,42,48,58,62,71,200,88,96,105,108,110,114,118,124,130,134,136,144,159,163,169,172,179,188,206,210,220,221,223,230,246,252,264,274,296,308,319,330,333,334,351,361,365,392,416
80:9,25,30,34,41,42,43,57,64,227,85,102,105,107,117,119,120,134,146,152,154,165,166,168,177,189,192,208,231,246,271,272,277,280,296,317,346,350,354,367,383,385,389,397,399,404
81:49,73,87,108,136,152,160,176,183,195,202,203,211,214,219,234,245,247,253,264,282,284,346,368,379,391,410
82:12,14,47,63,64,67,324,97,119,123,131,137,143,152,156,168,172,178,200,206,210,214,218,236,238,242,244,245,248,250,258,263,278,294,297,308,322,334,373,378,389,390,399,413
83:9,11,28,36,43,48,51,53,73,387,89,97,108,126,161,168,185,188,197,199,211,244,253,259,261,277,279,281,293,299,313,323,351,352,419
84:1,3,4,9,26,30,35,48,53,56,63,68,76,327,93,100,135,138,153,159,170,178,192,208,209,211,234,249,254,259,283,288,293,301,324,363,366,369,375,392,405,408
85:0,37,80,271,132,142,143,147,148,156,167,168,178,183,202,203,211,215,216,226,228,259,263,264,270,273,277,280,296,308,330,340,342,344,348,366,389,390,398,410,416
86:6,36,52,63,407,97,99,109,122,130,140,144,145,146,172,174,186,202,212,214,225,240,253,255,266,275,341,357,360,364,378,418,419
87:6,7,14,17,20,30,41,51,52,57,67,70,81,137,94,105,112,113,138,162,163,165,193,205,209,211,219,265,289,306,331,354,370,372,385,406,414
88:10,18,32,40,42,58,79,112,98,100,102,114,127,146,183,186,190,202,219,228,253,260,268,274,302,319,342,348,353,358,362,368,388,402,408
89:8,13,29,40,42,43,51,53,54,60,68,83,215,101,102,106,107,122,156,166,172,182,184,198,204,220,224,234,239,257,277,333,349,363,379,386,388,392,410
90:10,23,27,59,61,65,118,110,120,127,138,161,176,185,202,205,218,225,232,247,271,278,295,297,308,312,318,326,345,353,355,375,395,398,399,407
91:1,3,18,38,58,72,398,109,112,114,115,120,122,124,127,134,146,154,188,200,206,213,215,218,229,256,261,267,277,297,299,306,309,310,321,325,333,336,337,348,367,382,385,388,394,411,412
92:5,16,45,57,59,69,75,329,102,161,168,170,178,201,211,217,219,228,254,340,352,369,396
93:6,17,19,25,43,50,58,60,66,67,73,84,269,96,99,104,146,150,151,160,167,180,189,230,232,245,246,252,256,262,281,288,294,306,313,319,328,347,360,364,373,385,402,411,414
94:7,16,41,48,62,65,71,87,100,99,116,122,129,130,138,151,157,166,169,172,194,213,215,218,221,226,233,246,258,259,262,274,285,286,310,323,326,335,337,339,352,357,359,361,364,385,389,392,404,409,417
95:18,33,39,40,62,101,97,100,110,119,130,137,138,158,179,182,186,199,204,216,223,226,232,243,275,281,294,298,315,318,331,338,344,348,351,358,361,382,386,414
96:8,14,16,28,30,32,33,73,79,93,285,116,118,128,131,158,165,184,194,195,197,202,211,262,272,275,310,326,327,330,337,347,349,352,377,379,384,392,399,414,419
97:0,2,10,11,13,17,28,63,68,72,73,82,83,86,95,145,120,132,137,153,163,167,175,188,205,208,225,234,240,242,248,258,271,276,332,335,337,341,344,353,359,369,376,378,381,388,393,401,406
98:18,30,38,42,62,67,68,88,247,111,113,126,135,149,162,168,171,174,179,189,192,201,203,205,216,217,218,219,230,231,235,249,265,268,272,273,280,285,288,301,306,373,394,403,413,414,415
99:1,7,11,13,38,61,86,93,94,108,104,105,110,111,136,137,146,147,156,168,170,173,180,187,194,200,203,207,217,232,235,247,253,263,270,280,283,286,288,294,330,339,349,351,353,359,364,379,384,409,412
100:3,27,29,41,45,47,50,84,88,94,95,134,105,111,143,145,151,162,178,181,182,193,199,201,203,231,236,253,254,255,270,275,279,281,283,285,290,296,299,302,308,309,311,314,320,338,343,346,363,379,387,401
101:20,23,29,34,43,71,89,95,200,110,112,122,127,133,143,176,184,189,221,238,249,252,253,272,275,278,281,285,287,292,300,309,313,316,343,359,375,389,391,393,394,403,408,409
102:3,8,24,35,53,75,80,88,89,92,340,108,110,142,184,215,220,235,241,253,268,274,278,281,282,289,290,299,305,312,325,327,364,366,403,405,419
103:5,6,10,13,19,36,43,45,48,64,69,76,275,110,125,133,137,143,154,156,165,173,178,180,199,205,211,224,235,252,267,273,276,288,294,295,301,328,357,362,382,395,401,403,407
104:0,7,25,28,36,49,56,57,93,99,278,123,130,136,145,148,167,196,205,206,210,212,216,227,241,290,293,308,320,322,357,358,359,372,386,389,393,409,411
105:16,17,25,43,45,57,65,70,73,79,80,87,99,100,393,108,118,124,128,130,134,136,142,157,166,170,181,197,199,208,223,227,228,235,244,264,266,268,274,279,287,293,298,341,343,362,364,376,395,402,405,408
106:1,4,6,7,19,21,28,38,46,55,57,76,89,390,110,118,127,128,131,134,140,153,154,182,189,210,214,223,225,231,244,249,261,294,297,313,316,320,325,336,359,360,362,369,371,406,409,412
107:3,6,16,42,47,48,62,68,80,89,356,111,117,125,128,141,143,150,152,160,180,208,231,232,243,247,249,253,275,277,307,341,352,358,360,375,394,399
108:23,57,65,68,79,81,83,99,102,105,314,121,124,133,135,140,143,159,169,188,189,212,214,219,224,235,247,257,259,273,275,290,291,295,307,311,322,339,342,350,355,362,375,388,400
109:18,35,41,53,55,57,66,76,86,91,129,116,128,131,146,150,163,175,177,178,190,191,207,209,215,236,238,239,240,241,270,273,275,296,298,337,348,351,362,369,372,379,409,410,417
110:5,9,27,50,73,79,90,95,99,101,102,103,106,159,167,189,203,204,210,217,223,231,251,264,282,283,295,299,304,318,320,321,328,329,349,357,358,396,409,413
111:0,1,17,19,23,32,46,59,63,98,99,100,107,380,151,162,196,209,210,220,226,231,234,237,246,254,255,264,266,268,275,277,290,298,301,312,324,326,328,345,347,365,372,375,393,394,396,401,405,407
112:7,15,52,65,87,88,91,101,205,119,143,160,161,169,175,180,191,193,198,214,215,219,232,245,247,257,258,265,283,288,303,305,324,328,329,331,360,361,366,369,377,379,380,404
113:2,16,21,27,37,38,48,67,71,74,87,98,274,123,140,151,161,172,177,192,193,194,196,210,217,242,243,245,262,270,280,282,296,304,307,310,312,343,347,353,361,369,394,397,412
114:23,27,30,36,37,47,57,63,76,79,88,91,206,122,126,150,162,163,180,194,195,231,254,261,262,266,275,277,281,284,303,328,339,367,370,372,374,383,390,402,405,411,414
115:2,4,18,23,39,49,54,91,172,118,125,126,129,135,141,142,168,179,187,204,211,213,222,226,227,235,236,237,242,247,261,284,293,307,350,356,357,371,374,390,394,396,406,413,419
116:0,1,40,50,67,78,94,96,109,375,145,153,163,167,169,173,190,203,208,240,245,263,272,274,281,293,301,308,314,332,338,352,362,365,370,383,386,390,403
117:2,10,12,23,24,29,53,54,66,72,80,107,166,118,121,124,136,148,156,157,158,175,180,183,191,205,220,241,254,260,272,294,325,328,331,338,374,387,390,396,400
118:10,28,71,72,73,79,90,96,105,106,115,117,273,122,124,144,148,157,160,168,169,182,183,189,214,218,224,231,234,247,258,260,262,282,285,315,320,321,332,354,364,371,384,397,401,419
119:11,12,17,31,36,42,44,52,67,68,80,82,95,112,392,125,126,154,166,167,186,245,248,255,273,280,281,288,298,304,316,321,329,354,363,366,373,376,381,395,412,415,416,418,419
120:8,14,28,35,36,39,46,52,56,72,75,80,90,91,97,238,122,123,124,155,156,157,166,187,195,217,218,231,237,241,257,279,282,307,314,324,348,370,374,377,390,403,414
121:4,9,15,19,32,39,40,51,108,117,332,126,128,143,151,157,166,167,177,206,210,211,214,227,250,265,292,297,299,309,320,336,346,349,350,362,376,380,392,410,415
122:1,3,6,19,30,31,51,54,64,71,77,86,89,91,94,101,114,118,120,192,123,152,162,183,187,191,197,203,220,223,229,240,266,273,282,286,288,292,330,338,347,359,399,405
123:6,16,59,62,65,68,77,82,104,113,120,122,414,124,125,133,148,164,167,203,205,269,270,278,284,292,313,314,319,330,335,351,370,371,375,376,380,387,395,411
124:13,30,34,45,53,79,91,105,108,117,118,120,123,339,164,165,166,176,177,182,186,191,192,207,210,211,216,236,237,243,255,272,274,284,287,290,291,292,295,298,319,329,346,349,355,367,368,377,380,387
125:7,18,24,36,45,49,54,57,72,103,107,115,119,123,231,137,141,147,153,166,171,173,183,195,208,209,214,225,228,242,268,270,280,284,290,297,300,306,314,324,330,342,360,372,390,396,406,409,411,418
126:0,11,14,22,36,38,43,44,50,70,74,83,98,114,115,119,121,404,151,156,169,184,185,189,191,196,199,211,214,239,249,264,268,276,284,286,288,298,313,319,326,339,340,365,370,373,375,385,387,392,407,417
127:4,13,22,31,39,44,48,57,59,88,90,91,101,106,301,136,138,156,163,168,185,202,206,208,211,219,220,221,234,236,242,246,247,249,252,257,284,291,295,304,305,318,363,364,369,380,381,401,402,418
128:2,3,24,27,29,44,77,96,105,106,107,109,121,415,130,133,149,160,168,186,187,189,225,253,263,266,286,287,321,355,356,357,377,418
129:3,9,14,19,28,36,41,47,49,51,55,62,72,94,109,115,174,130,132,133,143,144,152,155,177,178,198,201,204,231,235,243,268,285,291,300,302,303,304,321,336,344,352,359,388,401,411
130:4,8,9,43,45,60,68,75,79,86,94,95,104,105,128,129,176,144,159,164,167,172,199,201,216,217,227,270,278,301,304,309,336,337,347,349,368,388,389,416
131:3,12,22,26,44,45,52,60,61,67,72,73,76,82,96,106,109,381,149,151,165,168,171,172,174,198,199,225,231,232,250,252,258,263,272,279,282,292,313,324,327,332,334,343,348,349,365,378,387,391,402
132:8,11,15,20,33,64,85,97,129,328,135,138,139,141,148,150,164,165,190,192,195,213,214,217,219,220,245,246,251,261,271,279,280,311,315,358,383,385,412
133:4,13,16,29,30,33,66,69,101,103,108,123,128,129,137,140,158,160,161,165,182,185,186,193,197,200,205,216,233,252,256,264,266,296,309,314,322,356,359,368,370,416
134:29,31,43,52,54,71,75,78,79,80,91,100,105,106,403,141,180,203,206,212,230,242,245,251,276,284,299,307,308,341,383,406
135:2,9,36,39,51,64,76,84,98,108,115,132,335,139,150,152,153,162,169,179,185,193,197,209,211,222,228,243,247,270,279,282,293,314,320,323,333,342,350,356,361,372,404,416
136:1,9,11,18,23,31,34,43,52,56,61,64,67,79,81,99,104,105,117,127,324,154,159,177,178,225,226,227,236,246,248,257,259,269,290,292,295,308,313,314,322,327,332,334,335,338,348,351,352,354,369,398,399
137:7,9,15,17,20,26,36,45,50,54,73,82,87,95,97,99,103,125,133,341,144,147,148,159,180,192,197,200,235,239,242,244,267,277,290,303,331,364,367,371,376,395,396,397,402,406,410
138:17,26,27,29,36,43,54,72,84,87,90,94,95,127,132,385,143,145,148,152,155,166,172,193,196,203,207,211,222,248,273,286,295,305,314,316,319,329,350,358,363,365,370,371,378,393,396,414
139:5,22,44,52,54,77,132,135,181,154,155,165,174,177,221,225,237,303,305,315,316,330,343,345,360,362,366,367,397,398
140:69,70,77,86,106,108,113,133,160,162,164,170,172,174,185,186,190,192,205,206,221,226,241,244,264,291,294,314,325,346,351,358,400
141:12,26,27,33,44,54,58,62,75,77,107,115,125,132,134,254,142,151,154,159,167,168,172,179,188,209,214,225,231,243,245,250,256,271,276,283,291,321,328,352,354,359,362,366,385,404,408,414
142:2,16,39,40,43,67,70,75,85,102,105,115,141,360,152,159,170,178,184,191,196,231,240,242,246,250,291,293,296,298,313,340,341,342,364,368,370,374,400,403,411,414
143:9,15,26,29,48,54,69,77,82,85,100,101,103,107,108,112,121,129,138,216,165,168,177,184,204,208,219,240,241,254,273,310,326,335,336,346,351,360,363,387,388,395,396,399,402,409
144:32,79,86,118,129,130,137,274,148,156,158,175,186,244,254,262,265,271,272,273,289,302,312,313,317,322,327,339,342,360,362,368,400,401,403,404
145:2,8,10,19,31,37,39,48,86,97,100,104,116,138,267,152,158,190,196,203,210,222,243,247,260,268,273,285,292,305,308,328,369,395,396,404
146:34,40,51,64,67,80,86,88,91,93,99,109,251,150,158,179,203,206,214,231,234,236,237,257,263,283,285,300,313,319,332,333,343,353,370,382,391,397,414
147:10,26,85,99,125,137,334,176,198,205,207,208,209,235,251,252,262,270,289,291,299,300,304,305,313,314,328,333,338,351,361,379,381,387,403,415
148:7,15,18,26,33,38,46,53,59,62,85,104,117,118,123,132,137,138,144,336,151,160,191,205,206,222,224,244,259,262,267,270,273,277,283,289,293,294,298,303,322,324,340,348,350,351,368,377,380,413,416
149:3,17,20,38,39,42,45,72,78,98,128,131,295,161,173,187,197,199,205,219,222,223,227,241,243,245,271,273,280,290,294,297,302,307,321,329,334,361,362,364,365,378,386,408,412
150:1,9,17,54,66,69,93,107,109,114,132,135,146,297,156,160,173,186,194,201,209,236,255,257,278,289,298,319,322,323,328,333,389,399
151:7,8,19,32,44,49,56,64,73,93,94,100,111,113,121,126,131,141,148,289,155,160,182,191,194,197,211,212,236,245,275,276,316,326,328,336,356,359,375,376,390,410
152:4,9,15,23,36,45,74,78,80,81,82,107,122,129,135,138,142,145,376,170,173,181,182,201,208,239,261,287,300,306,308,315,333,353,361,375,388,389,402,415
153:5,7,17,18,31,32,34,38,54,55,56,60,77,84,97,106,116,125,135,158,154,156,167,170,184,187,190,201,206,234,238,248,253,262,272,276,286,287,309,313,328,331,339,340,345,347,363,364,371,394,412
154:7,32,56,64,65,80,91,103,106,119,136,139,141,153,363,170,178,184,190,203,218,222,227,234,238,244,246,260,268,269,272,292,305,339,352,360,366,373,379,388,401,404,405
155:0,5,12,17,36,43,54,120,129,138,139,151,226,163,169,187,207,221,228,238,242,243,244,246,257,258,282,305,306,313,314,326,339,350,366,376,385,392,394,396,409,414
156:0,11,60,65,82,85,89,99,103,117,120,126,127,144,150,153,218,159,164,174,179,190,202,239,244,252,258,264,290,294,299,304,306,307,309,315,318,327,362,363,364,374,376,383,415
157:2,33,49,58,94,105,117,118,120,121,215,159,160,180,183,191,195,205,221,232,233,237,251,252,273,274,291,297,316,336,343,372,378,381,382,390,414
158:13,20,29,33,45,50,62,67,95,96,117,133,144,145,146,153,194,165,167,171,179,182,184,195,200,208,210,223,227,245,258,260,270,275,282,283,286,297,299,311,320,323,325,330,331,341,342,359,361,377,382,388,396,405,418
159:8,21,34,39,60,65,66,78,79,84,108,110,130,136,137,141,142,156,157,184,166,171,182,192,197,205,218,232,258,265,274,287,297,307,310,331,336,366,368,372,373,381,392,396,406,407,411
160:13,24,26,30,57,58,60,63,72,81,93,107,112,118,128,133,140,148,150,151,157,203,162,168,188,202,227,229,232,249,257,283,286,301,304,307,312,320,324,339,357,360,361,362,363,376,397,400,419
161:6,16,18,23,33,50,51,78,83,90,92,112,113,133,149,349,162,165,166,174,176,188,218,238,264,271,280,288,295,314,330,331,338,367,384,408,418
162:15,28,32,39,50,54,55,68,75,78,87,98,100,111,114,122,135,140,160,161,349,170,176,184,195,197,202,203,204,209,214,255,266,270,276,286,287,289,291,293,295,315,351,360,378,399
163:38,69,74,79,87,97,109,114,116,127,155,169,165,168,172,183,185,199,207,208,234,248,260,268,274,307,315,318,321,323,328,344,345,355,361,388,402,405,407,412,418
164:3,4,21,28,36,41,47,53,56,123,124,130,132,140,156,385,170,197,201,205,215,225,228,235,267,273,293,294,308,322,329,349,357,358,359,363,371,399,415,419
165:15,23,33,39,44,51,68,69,74,80,87,96,103,124,131,132,133,139,143,158,161,163,408,188,197,202,204,221,225,240,243,244,245,248,267,268,271,277,283,284,285,296,309,314,327,334,372,399,400,413
166:11,18,19,51,80,89,94,105,117,119,120,121,124,125,138,159,161,235,170,173,185,191,195,197,217,231,241,262,264,270,277,278,280,282,303,308,318,332,340,341,346,356,379,388,396,399,417
167:12,14,17,20,35,37,49,66,69,75,76,85,93,97,104,110,116,119,121,123,130,141,153,158,328,171,204,208,219,233,243,245,249,259,261,264,272,288,304,309,313,325,373,384,386,413
168:15,80,82,83,85,92,98,99,115,118,127,128,131,141,143,160,163,334,196,198,213,216,252,262,293,327,330,351,365,377,381,387,389,390,392,403
169:30,37,38,79,94,108,112,116,118,126,135,155,163,251,185,192,197,211,241,243,263,284,286,287,290,315,330,334,343,359,368,371,383,394,408
170:6,21,29,84,92,99,105,140,142,152,153,154,162,164,166,385,186,196,205,207,222,227,231,234,235,243,268,276,296,304,305,317,330,332,338,343,351,358,359,370,371,374,405,415
171:11,15,21,26,43,46,49,59,62,65,70,98,125,131,158,159,167,288,173,178,180,203,212,227,230,235,239,266,274,285,290,295,297,300,309,313,316,326,339,360,382,406
172:4,17,34,43,50,55,60,68,73,79,82,86,89,94,113,115,130,131,138,140,141,163,411,193,211,254,255,257,259,261,289,291,297,317,324,330,334,337,339,358,364,378,391,407
173:3,10,33,43,51,69,99,103,116,125,149,150,152,166,171,192,174,203,209,216,237,245,247,250,252,278,284,295,299,315,330,338,362,379,384,409
174:3,14,18,34,45,56,61,64,69,86,98,129,131,139,140,156,161,173,348,182,189,202,206,208,210,227,237,246,254,271,281,293,298,316,317,322,331,339,347,370,381,401,409,413
175:18,33,34,40,43,49,54,62,66,97,109,112,117,144,270,183,241,247,254,272,274,276,281,283,318,331,333,344,354,355,356,359,376,396,399
176:2,14,25,28,29,36,81,90,101,124,130,147,161,162,367,208,214,222,239,243,257,291,292,309,310,332,340,357,374,394,398,401,410,414,416,418
177:1,7,26,51,62,67,69,77,80,109,113,121,124,129,136,139,143,312,181,185,188,209,210,221,232,247,258,280,286,291,292,325,338,341,353,356,366,374,385,399,406
178:3,43,48,70,82,84,85,92,100,103,109,129,136,142,154,171,240,186,193,196,203,242,243,247,260,261,263,264,265,267,278,289,302,306,327,333,339,345,362,363,364,366,386,389,391,395,404,419
179:6,12,16,17,41,53,55,68,71,74,79,95,98,115,135,141,146,156,158,242,180,182,183,185,187,199,204,205,209,227,238,255,261,279,303,307,344,364,374,384,385,392,419
180:2,15,20,21,23,27,28,51,77,93,99,103,107,112,114,117,134,137,157,171,179,352,183,211,239,241,245,247,249,254,260,276,283,290,293,321,324,331,369,373,378,413
181:0,22,28,34,39,68,76,100,105,139,152,177,206,185,197,201,218,229,246,263,268,271,276,280,297,310,326,333,335,343,352,369,372,392,399,403,413
182:43,48,53,69,77,78,89,95,100,106,118,124,133,151,152,158,159,174,179,344,184,192,195,204,207,232,234,254,260,274,279,285,292,296,305,307,309,321,328,356,374,392,395,404
183:0,10,11,17,19,30,36,41,48,66,81,85,88,117,118,122,125,157,163,175,179,180,372,222,228,247,279,289,299,300,303,307,314,319,331,350,361,386,394,417
184:2,6,7,15,40,41,50,51,70,89,96,101,102,126,142,143,153,154,158,159,162,182,219,216,222,232,236,241,247,281,325,351,357,369,370,380,403,405
185:3,18,21,27,32,39,40,55,60,66,69,76,78,83,90,126,127,133,135,140,163,166,169,177,179,181,389,192,202,209,211,218,221,242,248,261,296,315,334,339,347,355,356,359,374,388,394,403,410,415
186:31,41,46,57,60,62,65,76,86,88,95,119,124,128,133,140,144,150,170,178,401,187,189,190,196,208,219,221,227,238,241,247,248,281,288,300,301,315,318,333,344,363,369,371,383,393,397,405,409,411,413
187:4,30,31,34,43,55,69,74,76,99,115,120,122,128,149,153,155,179,186,233,198,213,223,224,228,240,251,252,258,263,269,288,290,302,308,311,312,343,346,349,356,376,389,401,406,408
188:3,18,19,23,25,28,36,38,46,47,66,70,79,83,91,97,108,141,160,161,165,177,359,195,201,204,206,227,244,245,247,266,267,268,273,283,288,294,333,337,372,380,382,405,412,418
189:9,24,28,32,37,39,43,56,57,63,69,75,80,93,98,101,106,108,110,118,126,128,174,186,256,190,220,221,229,231,240,248,274,277,291,299,303,319,336,342,348,355,357,369,386,389,398,409
190:11,38,45,88,109,116,132,140,145,153,154,156,186,189,315,194,207,218,219,230,234,235,238,253,259,266,277,281,302,305,310,321,348,353,357,368,374,382,401,402,412
191:1,13,19,27,31,51,53,54,67,109,112,117,122,124,126,142,148,151,157,166,329,198,223,236,246,249,254,258,262,270,271,275,280,281,284,303,311,332,336,341,342,344,362,366,367,383,384,386,387,397,399,402
192:3,20,31,58,76,80,84,98,113,122,124,132,137,140,159,169,173,182,185,302,214,262,268,275,281,294,295,297,331,333,338,341,354,374,377
193:2,11,16,20,24,28,38,39,47,57,58,60,63,66,69,87,100,112,113,133,135,138,172,178,271,203,210,218,222,230,245,251,263,274,282,283,298,327,341,386,397,402,405,410,413,419
194:7,15,16,24,30,36,48,69,72,76,94,96,99,113,114,150,151,158,190,305,197,216,217,243,255,258,270,302,306,314,315,317,332,335,344,350,360,366,376,400
195:3,4,6,7,15,22,24,31,32,37,39,47,49,69,70,71,81,96,114,120,125,132,157,158,162,166,182,188,290,221,224,232,238,241,242,245,251,264,280,304,309,337,340,341,352,358,364,365,367,387,390,409,412
196:3,22,40,41,53,54,65,104,111,113,126,138,142,145,168,170,178,186,353,200,205,223,226,237,240,264,266,295,318,325,329,348,354,364,368,385,388,394,410,419
197:0,3,5,11,17,18,25,46,58,65,68,83,96,105,122,133,135,137,149,151,159,162,164,165,166,169,181,194,268,215,222,223,229,233,235,236,239,250,251,259,288,306,312,327,355,374,394,395,406,408,419
198:2,4,14,17,18,49,75,89,112,129,131,147,168,187,191,217,207,224,225,227,241,257,289,298,306,328,331,339,364,370,401,414
199:0,4,25,27,43,45,58,59,70,78,83,95,100,103,105,126,130,131,149,163,179,397,208,228,245,250,295,299,305,317,319,329,334,346,349,352,358,360,364,375,395,411,413,415
200:10,15,20,35,36,42,48,66,79,82,91,99,101,133,137,158,196,319,203,204,212,215,229,245,249,255,284,291,316,318,324,339,348,357,370,371,375,376,381,392,403,417
201:29,37,61,63,67,71,92,98,100,129,130,150,152,153,164,181,188,264,230,252,261,262,265,288,301,305,321,322,355,362,379,380,390,393,397,416
202:27,31,43,67,68,81,85,86,88,90,96,127,156,160,162,165,174,185,419,203,207,218,220,249,251,252,256,262,271,272,284,292,312,327,340,341,352,355,359,365,366,369,375,383,390,407
203:0,8,24,47,57,60,64,81,85,98,99,100,110,116,122,123,134,138,145,146,154,160,162,171,173,178,193,200,202,260,206,233,240,246,279,282,298,310,316,327,351,362,376,389,390,400,412,417
204:3,4,13,27,31,41,54,89,95,110,115,129,143,162,165,167,179,182,188,200,319,207,231,249,258,265,284,293,307,334,348,351,357,362,365,373,376,384
205:4,8,30,41,50,55,60,63,87,90,97,98,103,104,112,117,123,133,140,147,148,149,157,159,164,170,179,196,416,225,228,236,253,256,259,269,292,300,310,323,353,358,379,381,391,398,411,413
206:29,36,40,48,63,66,74,77,79,82,91,104,114,121,127,134,140,146,148,153,174,181,188,203,251,207,225,236,249,261,265,275,279,286,287,291,295,299,310,314,324,331,333,369,372,374,392,399,401,404,405,412,415,416,419
207:8,29,33,51,55,61,70,99,109,124,138,147,155,163,170,182,190,198,202,204,206,392,209,215,228,291,305,318,320,332,345,352,372,377,379,395,412
208:1,10,26,27,40,68,70,71,77,80,84,97,105,107,116,125,127,143,147,152,158,163,167,174,176,186,199,311,212,216,217,225,232,233,236,241,265,273,299,315,350,356,360,377,397,398,404,417
209:3,7,8,13,23,30,40,48,62,76,84,87,109,111,125,135,141,147,150,162,173,177,179,185,207,371,232,241,242,245,254,258,275,276,277,278,304,320,331,333,334,335,354,355,376,385,387,388,394,405,415,419
210:6,11,26,29,59,74,79,82,104,106,110,111,113,121,124,145,158,174,177,193,419,211,239,253,259,278,282,296,298,330,346,359,360,379,396,414
211:10,22,31,37,42,54,67,81,83,84,85,87,92,96,103,115,121,124,126,127,135,138,151,169,172,180,185,210,361,217,225,235,245,267,269,272,296,297,299,304,314,316,327,342,343,346,378,379,390,394,419
212:3,12,39,43,50,51,53,61,64,65,67,71,86,104,108,134,151,171,200,208,345,215,227,235,237,241,258,279,297,308,330,348,349,363,382,411,412
213:7,11,26,29,33,58,73,91,94,115,132,168,187,419,217,232,235,241,253,261,278,287,291,295,308,314,330,338,351,355,360,365,371,374,378,393,411,416
214:3,26,31,35,55,61,66,68,69,71,81,82,86,106,108,112,118,121,125,126,132,141,146,162,176,192,259,272,277,284,302,304,316,322,330,337,344,346,357,360,363,367,376,382,383,391,393,394,395,396,405,408,414,417,419
215:10,23,28,30,37,50,60,85,89,91,94,102,109,112,157,164,197,200,207,212,369,235,244,247,249,265,285,286,304,319,337,341,343,353,361,364,371,378,382,384,388,391,396,405,413
216:1,2,9,13,20,28,61,66,68,77,85,95,98,104,124,130,133,143,168,173,184,194,208,407,232,239,246,267,274,278,294,298,309,322,327,328,331,347,360,363,403,412,417,418
217:7,18,31,47,48,56,63,66,92,98,99,110,113,120,130,132,166,194,198,208,211,213,380,242,245,258,271,273,287,288,304,308,312,319,343,345,354,356,375,393,405,412
218:26,33,49,54,60,82,90,91,94,98,118,120,154,156,159,161,181,185,190,193,202,335,238,239,241,246,254,261,269,271,273,283,289,290,306,313,323,332,360,374,398,411,412,415
219:6,38,50,58,63,73,78,81,87,88,92,98,108,112,127,132,143,149,167,184,186,190,321,225,238,239,251,253,255,262,266,281,290,291,313,330,342,346,347,349,351,354,356,357,371,372,375,377
220:19,20,41,42,65,75,78,79,89,102,111,117,122,127,132,189,202,419,222,252,253,258,316,320,328,341,369,372,380,384,386,389,418
221:0,3,11,13,26,29,40,50,68,79,94,101,127,139,140,155,157,165,177,185,186,189,195,310,240,256,261,267,308,312,323,327,343,348,362,366,401,403,409,415,418,419
222:5,8,16,25,29,43,47,67,115,135,138,145,148,149,154,170,176,183,184,193,197,220,403,224,231,247,252,255,258,261,277,283,292,298,302,304,310,351,352,356,361,369,381,392,393,400,414
223:0,4,9,12,15,22,38,40,46,55,62,63,79,95,105,106,110,122,149,158,187,191,196,197,390,225,233,237,244,257,262,266,275,278,282,295,306,310,327,336,368,375,377,379,380,387,389,400,404,413,418
224:3,11,12,26,34,38,42,44,45,53,62,68,70,89,103,108,118,148,187,195,198,222,274,248,267,292,305,306,310,311,315,319,335,358,359,366,371,378,381,404
225:0,1,2,7,10,38,63,64,71,86,90,97,106,125,128,131,136,139,141,164,165,198,205,206,208,211,219,223,268,234,238,243,247,249,255,271,274,292,294,295,296,300,316,335,343,377,378,383,393,395,404
226:19,25,32,39,45,49,60,68,85,94,95,111,115,136,140,155,196,270,228,231,235,244,303,313,321,323,325,342,343,344,355,379,414
227:7,12,35,40,59,61,63,64,80,104,105,115,121,130,136,149,154,158,160,170,171,174,179,186,188,198,212,308,232,241,260,266,295,303,310,326,339,350,351,363,378,387,392,394
228:23,32,34,37,40,47,52,53,57,67,70,73,74,77,78,85,88,92,105,125,135,155,164,183,187,199,205,207,226,375,229,233,252,262,285,293,298,302,305,314,329,345,374,383,399,403,416,417
229:18,45,47,91,122,160,181,189,197,200,228,323,242,251,255,262,274,285,289,299,301,308,309,320,327,336,340,346,365,382,383,398,414,419
230:0,7,10,12,14,21,28,51,54,55,58,79,93,98,134,171,190,193,201,390,233,246,256,268,273,278,294,298,306,319,332,350,351,373,386,398,407,419
231:1,6,10,11,23,27,44,48,64,76,80,98,100,106,107,110,111,114,118,120,125,129,131,141,142,146,166,170,189,204,222,226,400,239,246,295,296,299,301,315,317,328,338,346,356,357,364,367,369,376,384,414
232:4,15,16,26,36,39,48,55,58,60,70,90,93,95,99,107,112,131,157,159,160,177,182,184,195,208,209,213,216,227,396,239,257,275,286,294,298,304,310,313,320,326,341,348,349,351,380,399,400,407,414,419
233:16,21,22,28,37,42,46,49,64,94,133,157,167,187,197,203,208,223,228,230,415,242,245,251,253,269,274,311,312,332,367,370,372,375,377,379,380,402,403,412
234:7,9,15,30,32,43,46,59,81,84,89,97,111,118,127,146,153,154,163,170,182,190,225,291,242,248,255,277,280,290,292,311,318,324,331,336,384,388
235:7,8,26,32,45,47,56,66,98,99,102,103,105,108,115,129,137,147,164,166,170,171,190,197,211,212,213,215,226,267,245,254,258,262,268,279,282,290,295,297,320,333,341,342,358,369,373,375,377,386,418
236:6,19,28,41,42,55,68,72,82,100,109,115,124,127,136,146,150,151,184,191,197,205,206,208,366,241,242,302,303,306,312,328,335,342,348,349,378
237:8,22,44,52,54,64,66,69,111,115,120,124,139,146,157,173,174,196,212,223,365,239,242,249,256,268,280,329,334,335,344,356,357,362,363,364,366,373,381,382,392
238:24,51,68,82,101,109,120,153,154,155,161,179,186,190,195,218,219,225,327,275,285,295,300,301,303,313,328,338,340,341,349,351,396,403,404,407
239:4,7,12,26,37,43,54,55,60,61,64,76,89,109,126,137,152,156,171,176,180,197,210,216,218,219,231,232,237,332,242,263,275,285,294,304,305,327,329,335,336,338,339,372,379,388,413
240:2,9,28,29,32,36,37,45,47,53,59,78,86,97,109,116,122,142,143,165,178,187,189,196,203,221,401,247,253,261,276,309,312,314,316,328,334,338,340,360,378,380,386
241:16,25,40,46,48,49,52,66,70,73,102,104,109,117,120,140,143,149,166,169,175,180,184,186,195,198,208,209,212,213,218,227,236,344,267,271,274,275,278,281,283,288,291,299,302,320,325,333,336,340,341,342,366,371,372,375,399
242:3,4,8,17,43,65,82,97,113,115,125,127,134,137,142,155,178,179,185,195,209,217,229,233,234,236,237,239,337,245,253,258,261,271,286,335,342,343,365,367,371,373,388,394,397,401,404
243:0,7,24,31,32,34,36,55,57,58,95,107,113,124,129,135,141,145,149,155,165,167,169,170,176,178,194,225,342,269,274,279,280,292,330,336,337,339,341,367,390
244:13,23,31,55,57,70,82,83,105,106,137,140,144,148,154,155,156,165,188,215,223,226,348,248,249,266,281,293,304,318,321,328,334,335,339,340,368,375,376,382,383,388,393,402,414
245:18,30,55,62,74,81,82,93,112,113,116,119,132,134,141,149,151,158,165,167,173,180,188,193,195,199,200,209,211,217,233,235,242,342,258,278,284,287,296,299,310,316,319,322,325,333,358,359,371,373,380,386,400,402,403,408,414
246:0,12,24,25,32,37,45,55,61,67,79,80,93,94,111,127,132,136,142,154,155,174,181,191,203,216,218,230,231,381,250,262,279,293,295,300,304,305,307,308,315,328,334,350,361,362,370,387,392,393,398,414
247:25,36,39,41,53,55,61,68,76,81,90,98,99,107,108,112,115,118,127,135,145,173,175,177,178,180,183,184,186,188,215,222,225,240,281,259,290,291,326,327,337,346,348,357,358,374,379,403,414
248:1,29,38,69,76,82,97,119,136,138,153,163,165,185,186,189,224,234,244,276,260,282,292,293,318,324,325,330,343,357,366,369,380,383,393,404,418,419
249:4,19,36,42,58,74,84,98,101,106,107,126,127,160,167,180,191,200,202,204,206,215,225,237,244,270,257,260,263,275,277,288,289,293,307,314,319,332,344,370,375,386,388,408
250:14,18,33,42,55,69,82,121,131,141,142,173,197,199,246,352,256,270,288,296,314,324,328,384,386,396,397,402
251:17,37,45,53,69,70,110,132,134,146,147,157,169,187,193,195,197,202,206,219,229,233,342,255,276,278,286,308,310,311,321,328,333,341,345,354,362,370,372,374,376,381,403
252:1,2,6,31,64,73,79,93,101,103,127,131,133,147,156,157,168,173,187,201,202,220,222,228,329,253,264,268,271,281,301,307,320,322,326,327,337,338,343,359,365,383,394,398,401,411
253:0,11,16,23,25,33,39,43,52,53,59,62,74,81,83,86,88,99,100,101,102,107,128,153,190,205,210,213,219,220,233,240,242,252,371,260,267,303,318,335,341,343,370,396,405,409
254:16,36,47,52,60,64,72,78,84,92,100,111,114,117,141,143,144,172,174,175,180,182,191,209,218,235,360,255,294,298,308,321,329,336,341,362,373,389,390,393,410,419
255:1,3,30,32,34,46,55,56,61,65,73,86,100,111,119,124,150,162,172,179,194,200,219,222,225,229,234,251,254,390,261,276,286,288,295,301,315,321,330,337,343,354,369,375,376,399
256:9,12,26,42,44,72,91,93,133,141,189,202,205,221,230,237,250,359,267,274,294,310,316,320,330,332,334,340,348,351,355,363,367,374,393,399,401
257:9,25,49,61,77,89,108,112,120,127,136,146,150,155,160,172,176,198,223,232,249,392,272,275,287,296,311,315,342,354,372,382,401
258:8,29,37,56,59,63,68,82,94,97,112,118,131,155,156,158,159,177,187,191,194,204,209,212,217,220,222,235,242,245,367,270,281,283,299,311,315,323,325,329,354,364,365,388
259:24,34,37,40,48,54,55,61,78,83,84,85,94,108,136,148,167,172,190,197,205,210,214,247,389,270,280,285,296,306,310,311,318,327,331,337,338,339,341,342,346,356,357,374,400,415
260:1,3,5,9,17,61,65,68,70,88,117,118,145,154,158,163,178,180,182,203,227,248,249,253,297,261,304,314,315,350,368,381,383,399,401,405
261:1,2,23,37,38,53,59,65,83,91,106,114,115,132,152,167,172,178,179,185,201,206,213,218,221,222,240,242,255,260,402,269,271,311,328,330,336,347,356,381,414,417
262:11,12,17,19,36,46,59,93,94,96,113,114,118,144,147,148,153,166,168,191,192,201,202,219,223,228,229,235,246,382,302,305,311,319,340,342,344,369,388,398,403
263:0,7,15,21,25,31,34,55,63,82,85,99,116,128,131,146,169,178,181,187,193,239,249,347,267,269,289,304,310,359,381,385,386
264:1,11,14,16,28,32,56,57,72,77,79,81,85,105,110,111,126,133,140,156,161,166,167,178,195,196,201,252,272,267,283,290,292,307,320,327,331,336,347,352,366,368,385,409
265:13,17,22,34,61,71,87,98,112,121,144,159,178,201,204,206,208,215,345,320,321,322,324,327,350,374,375,388,407,415
266:6,7,15,18,27,52,58,64,75,78,86,105,111,114,122,128,133,162,171,188,190,196,219,223,227,244,331,290,303,304,318,321,328,347,372,375,378,390,391,409,415,417
267:3,8,21,26,28,47,48,64,71,91,103,137,145,148,164,165,178,188,211,216,221,224,235,241,253,256,263,264,373,280,282,284,286,299,309,312,326,329,335,339,354,364,370,376,379,384,396,406
268:0,6,13,27,32,39,44,72,88,98,102,105,111,125,126,129,145,154,163,165,170,181,188,192,197,225,230,235,237,252,275,279,306,310,320,339,345,347,348,360,367,379,392,399
269:19,21,26,47,59,93,123,136,154,187,205,211,218,233,243,261,263,379,275,287,289,295,296,307,310,323,339,363,377,388,389,417,418
270:3,32,42,67,69,85,99,100,109,113,123,125,130,135,147,148,158,162,166,175,191,194,226,249,250,258,259,369,283,289,295,297,312,313,320,333,335,338,345,349,358,390,394
271:23,24,34,38,42,50,56,64,65,77,80,85,90,97,132,141,144,149,161,165,174,181,191,193,202,217,218,225,241,242,252,261,377,278,303,316,331,332,333,342,352,366,367,384,388,389,397,407,408,415,416
272:3,9,13,31,40,44,56,67,75,80,96,98,101,116,117,124,131,144,153,154,167,175,202,211,214,257,264,384,282,322,326,328,338,343,365,367,372,382,388,392,395,403,411,416
273:7,12,19,59,65,75,85,98,103,108,109,118,119,122,138,143,144,145,148,149,157,164,188,208,217,218,230,328,280,303,320,325,332,348,349,352,375,378,386,408,414,418
274:16,42,43,63,65,79,88,94,102,105,113,116,124,144,157,159,163,171,175,182,189,193,216,224,225,229,233,241,243,256,326,281,289,304,320,335,350,365,370,386,404,407,408,413
275:0,2,9,21,30,66,86,95,96,100,101,103,107,108,109,111,114,151,158,191,192,206,209,223,232,238,239,241,249,257,268,269,334,284,300,314,321,326,351,355,356,366,382,388,392,394,397
276:4,15,17,18,25,32,55,59,61,97,103,126,134,141,151,153,162,170,175,180,181,209,240,248,251,255,384,286,301,321,322,358,362,368,377,388,399,403,414,416
277:24,26,44,50,73,80,83,85,89,91,107,111,114,137,148,165,166,189,190,209,214,222,234,249,382,280,292,310,322,339,354,358,383,412
278:25,35,38,40,57,63,64,71,82,90,101,102,104,123,130,150,166,173,178,209,210,213,216,223,230,241,245,251,271,323,284,285,290,295,299,301,303,308,315,320,359,362,372,375,385,388,401,411,415,419
279:9,11,14,16,21,24,63,64,71,75,83,100,105,120,131,132,135,179,182,183,203,206,212,235,243,246,268,404,305,334,340,361,363,364,367,387,389,405
280:42,48,68,69,80,85,98,99,113,119,125,132,149,161,166,177,181,191,195,234,237,243,259,267,273,277,325,290,298,308,314,324,333,337,339,411
281:0,5,16,30,38,41,68,76,83,93,95,100,101,102,114,116,119,174,175,184,186,190,191,192,219,241,244,247,252,258,274,289,287,311,314,323,326,344,352,355,362,411,414
282:9,13,22,29,30,53,70,81,102,110,113,118,120,122,131,135,155,158,166,193,203,210,223,235,248,267,272,344,286,289,292,303,310,323,332,335,354,371,377,382,387,407,408,410
283:11,13,36,41,47,49,52,58,59,72,73,78,84,99,100,110,112,141,146,148,158,160,165,175,180,188,193,218,222,241,258,264,270,372,286,294,303,310,325,336,340,350,361,362,377,383,394,395,406,408
284:2,7,14,16,38,57,66,81,114,115,123,124,125,126,127,134,165,169,173,191,200,202,204,214,245,267,275,278,362,287,288,305,316,320,333,337,338,343,344,374,383,386,390,392,394,412
285:11,13,14,19,30,31,45,49,65,74,94,96,98,100,101,118,129,145,146,165,171,182,215,228,229,238,239,259,278,288,293,298,306,337,338,341,342,372,375,387
286:5,12,21,24,39,46,47,54,60,64,94,99,122,126,128,138,153,158,160,162,169,177,206,215,232,242,251,255,267,276,282,283,291,293,296,315,317,330,358,371,373,375,380,398,414
287:0,4,11,18,23,44,53,63,71,101,105,124,128,152,153,159,162,169,206,213,217,245,257,269,281,284,314,292,293,301,302,318,320,327,334,346,355,361,367,373,375,389,396,406,407
288:20,59,61,66,73,84,93,98,99,103,112,119,122,126,161,167,171,186,187,188,197,201,217,241,249,250,255,284,285,298,294,308,324,330,331,334,337,338,360,365,390,398,399,407,410,414
289:17,24,25,32,44,49,62,87,102,144,147,148,150,151,162,172,178,183,198,218,229,249,263,269,270,274,281,282,335,309,316,325,338,339,351,370,390,395
290:1,10,22,34,48,49,57,100,102,104,108,111,124,125,136,137,149,156,169,171,180,187,195,218,219,234,235,247,264,266,278,280,390,298,301,308,316,336,379,381,385,386,401,412
291:13,14,18,33,44,58,69,70,77,108,124,127,129,140,141,142,147,157,162,172,176,177,189,200,206,207,213,219,234,241,247,286,403,298,303,326,336,346,348,350,352,360
292:18,21,76,101,121,122,123,124,131,136,145,154,176,177,182,202,205,222,224,225,234,243,248,264,277,282,287,298,294,295,296,301,316,319,321,322,338,339,343,344,377,380,386,391,408
293:25,29,42,45,72,77,83,84,104,105,115,116,135,142,148,162,164,168,174,180,204,228,244,246,248,249,285,286,287,390,320,338,340,386,396,400,403,411
294:10,18,28,30,47,54,60,70,72,82,93,95,99,103,106,117,140,148,149,156,164,188,192,216,225,230,232,239,254,256,283,288,292,331,301,306,307,308,328,330,342,348,349,366,384,390,412
295:37,38,41,46,65,71,90,103,108,110,124,127,136,138,149,161,162,171,173,192,196,199,206,213,223,225,227,231,235,238,246,255,269,270,278,292,322,312,362,368,382,387,394,397,401
296:12,28,63,67,78,79,80,85,100,109,113,133,142,165,170,182,185,210,211,225,231,245,250,257,259,269,286,292,399,299,304,306,307,321,324,325,326,330,345,348,353,357,359,370,401
297:5,29,32,44,49,56,60,62,65,69,76,82,90,91,106,121,125,149,150,157,158,159,171,172,181,192,211,212,235,260,270,316,307,309,336,337,342,343,376,388,392,393,396,406,414,415,419
298:10,17,44,53,60,62,70,95,105,109,111,119,124,126,142,148,150,174,193,198,203,210,216,222,228,230,232,254,280,285,288,290,291,292,395,305,335,338,341,344,346,350,368,377,381,390,396,409
299:6,17,53,67,68,73,83,91,100,102,110,121,134,147,156,158,173,183,189,199,206,208,211,229,231,241,245,258,267,278,296,332,302,305,316,318,334,350,357,368,371,385,388,393,402,419
300:0,6,9,15,30,31,40,46,71,73,101,125,129,146,147,152,171,183,186,205,225,238,246,275,406,334,345,378,385,388,399,402,415
301:7,25,32,37,41,58,60,70,84,98,103,111,116,127,130,160,186,201,229,231,238,252,255,276,278,287,290,292,294,315,302,304,311,312,322,342,344,356,360,364,365,376,379,388,407,410,416
302:3,4,15,18,27,42,88,100,129,144,149,178,187,190,192,194,214,222,228,236,241,262,287,299,301,304,321,323,325,328,355,386,413,414,418
303:5,6,16,17,23,51,56,64,75,112,114,129,137,139,148,166,179,183,189,191,226,227,236,238,253,266,271,273,278,282,283,291,332,307,317,324,334,375,376,381,413,419
304:8,42,51,68,110,113,119,127,129,130,147,156,160,167,170,195,209,211,214,215,217,222,232,239,244,246,260,263,266,274,296,301,302,328,313,314,331,350,355,368,385,389,394,395,404,405,407
305:2,6,8,20,23,32,63,64,67,69,102,112,127,138,139,145,147,154,155,170,182,190,194,199,201,207,224,228,239,246,262,279,284,298,299,379,314,338,348,351,358,375,380,390,405,417
306:4,8,30,71,74,75,87,91,93,98,125,152,155,156,178,194,197,198,218,223,224,230,236,259,268,285,294,296,376,321,322,336,345,354,360,394,401
307:28,32,36,47,49,62,71,107,108,113,115,120,134,149,156,159,160,163,179,182,183,204,246,249,252,264,269,294,296,297,303,384,324,327,341,373,390,410
308:11,12,16,33,36,54,59,78,79,82,85,90,100,104,116,134,136,145,152,164,166,187,212,213,217,221,227,229,246,251,254,278,280,288,290,294,378,317,319,332,333,335,345,346,362,368,369,415
309:4,15,19,25,28,32,38,42,46,47,48,58,64,66,91,100,101,121,130,133,153,156,165,167,171,176,182,195,216,229,240,267,289,297,369,312,316,319,328,344,360,374,378,391,394,398,412
310:1,7,8,14,18,20,24,26,35,51,61,72,91,94,96,113,143,159,176,181,190,203,205,206,221,222,223,224,227,232,245,251,256,259,263,268,269,277,282,283,358,320,365,369,371,388,393,400,416,419
311:18,20,21,22,29,40,44,46,65,66,67,70,100,108,132,158,187,191,208,224,233,234,251,257,258,259,261,262,281,301,335,313,314,342,347,353,354,356,364,365,366,384,388,391,398,419
312:11,14,41,61,68,74,90,102,111,113,144,160,177,187,197,202,217,221,233,236,240,267,270,295,301,309,325,326,328,341,345,357,358,362,368,372,392,394,396,401,403,410,411,419
313:0,8,16,22,29,38,42,56,59,73,75,83,93,101,106,123,126,131,136,142,144,146,147,153,155,167,171,218,219,226,232,238,270,304,311,414,316,323,328,332,350,356,360,368,383,388,393,395,401,406
314:25,27,54,57,78,100,108,116,120,123,125,133,135,136,138,140,147,155,161,165,183,194,206,211,213,228,240,249,250,260,275,280,281,287,304,305,311,403,333,337,344,345,355,364,367,385,401,409,413,417
315:8,25,43,51,62,95,118,132,139,152,156,162,163,169,173,185,186,190,194,208,224,231,246,255,257,258,260,278,286,301,352,329,332,337,347,349,354,386,395
316:15,24,26,30,42,52,53,55,56,70,77,78,101,106,119,138,139,151,157,171,174,200,203,211,214,220,225,240,245,256,271,284,289,290,292,297,299,309,313,322,327,337,341,356,383,389,390,397,407
317:1,38,53,80,144,170,172,174,194,199,231,286,303,308,395,320,332,337,350,354,372,380,394,404,405,414
318:1,8,24,31,46,47,49,60,61,65,90,95,110,127,156,163,166,175,186,196,200,207,234,244,248,253,259,266,287,299,382,323,326,336,359,365,366,369,399,419
319:5,7,12,17,19,37,40,53,67,71,79,88,93,123,124,126,138,146,150,183,189,199,200,204,215,217,224,230,245,249,262,292,308,309,394,329,332,342,357,375,382,384,392,399,400,406,411,415,419
320:15,17,23,33,35,43,46,67,100,104,106,110,118,121,135,158,160,207,209,220,229,232,235,241,252,256,264,265,268,270,273,274,278,284,287,293,310,317,419,322,325,337,359,371,380,383,385,392,394,395,397,404,408
321:0,8,15,19,45,47,91,110,118,119,128,129,141,149,163,180,182,190,201,219,226,244,251,254,255,265,266,275,276,292,296,302,306,337,344,359,361,388,390,419
322:0,10,14,30,44,50,57,71,73,82,104,108,133,136,144,148,150,164,174,201,214,216,245,252,265,272,276,277,292,295,301,306,316,320,362,331,338,358,359,370,376,381,388,394,397,408,416,418
323:42,44,50,51,54,62,68,83,94,135,150,158,163,205,218,221,226,229,258,269,278,281,282,302,313,318,332,347,348,350,352,364,369,371,402,418
324:7,29,33,41,45,47,55,59,67,71,72,82,84,111,112,120,125,131,136,148,160,172,180,200,206,234,248,250,265,280,288,296,303,307,333,339,344,351,354,367,368,386,389,394,413,414,418
325:4,7,17,37,38,39,54,64,72,91,102,106,117,140,158,167,177,184,196,226,241,245,248,258,273,280,283,289,296,302,312,320,372,338,369,373,378,382,384,395,398,409,412
326:9,10,19,20,21,24,26,62,69,90,94,96,111,126,143,151,155,171,181,227,232,247,252,267,272,274,275,281,291,296,312,318,418,327,329,337,348,364,369,371,389,402,403,407
327:12,13,28,43,47,51,52,54,60,84,96,102,131,136,144,156,165,168,178,193,197,202,203,211,216,221,223,229,238,239,247,252,259,264,265,287,307,316,326,387,330,343,346,356,374,384,389,391
328:17,23,27,34,78,93,103,110,111,112,114,117,132,141,145,147,150,151,153,163,167,182,198,216,220,231,236,238,240,244,246,250,251,261,266,272,273,294,302,304,309,312,313,396,336,355,366,387,393,417
329:29,35,62,68,92,110,112,119,124,138,149,164,191,196,199,228,237,239,252,254,258,267,315,319,326,332,339,351,365,392,410,416
330:4,9,15,26,31,39,42,54,62,64,69,76,79,85,96,99,122,123,125,139,158,161,168,169,170,172,173,210,212,213,214,219,243,248,255,256,261,286,288,294,296,327,357,333,344,360,362,364,372,375,382,399,406,416
331:0,1,16,20,26,37,63,68,87,95,112,117,137,153,158,159,161,174,175,180,183,192,198,206,209,216,234,259,264,266,271,288,294,304,322,364,335,352,366,369,374,376,380,381,415,417
332:26,34,41,44,53,59,62,63,78,97,116,118,121,131,136,146,166,170,176,191,194,207,218,230,233,239,249,256,271,273,282,299,303,308,313,315,317,319,323,329,353,340,342,350,355,357,378,387,403,404,407,415
333:2,15,21,43,48,62,79,89,91,135,146,147,150,152,175,178,181,186,188,192,206,209,235,241,245,251,270,271,280,284,308,314,324,330,403,340,357,365,366,368,380,395,406
334:8,14,19,29,56,78,79,82,131,136,147,149,165,168,169,172,185,199,204,209,237,240,244,246,256,275,279,287,288,299,300,303,380,337,346,347,348,350,376,378,390,400
335:3,7,17,18,20,34,60,94,97,123,135,136,143,181,194,209,218,224,225,236,237,239,242,244,253,267,270,274,282,289,298,308,311,331,369,341,358,360,372,396,398,400,410,414,419
336:25,37,50,67,69,91,106,121,129,130,143,148,151,157,159,189,191,223,229,234,239,241,243,254,261,264,283,290,291,297,306,318,328,386,344,352,358,359,373,375,380,391,396,415,418
337:0,19,29,30,43,73,91,94,96,97,109,130,172,188,195,214,215,242,243,247,252,255,259,280,284,285,288,297,314,315,316,317,320,321,326,334,369,361,363,370,374,408
338:3,5,7,9,17,20,21,24,32,37,50,75,95,100,116,117,122,136,147,161,170,173,177,192,213,231,238,239,240,252,259,270,272,284,285,288,289,292,293,298,305,322,325,342,341,347,350,367,381,391,394,398,399,415
339:2,22,28,30,72,94,99,108,114,124,126,144,153,154,155,160,171,172,174,178,185,198,200,227,239,243,244,259,267,268,269,277,280,289,292,324,329,350,353,367,370,409
340:1,8,15,25,35,41,45,85,92,102,126,142,148,153,166,176,195,202,229,238,240,241,244,256,262,279,283,293,332,333,412,348,379
341:0,4,9,16,17,18,24,32,39,43,46,49,61,76,86,97,105,107,134,137,142,158,166,177,191,192,193,195,202,215,220,232,235,238,241,243,251,253,254,259,285,298,307,312,316,335,338,386,346,359,362,367,373,379,388,396,398,416
342:8,10,13,85,88,108,125,135,142,144,158,189,191,211,219,226,235,236,241,242,243,245,251,257,259,262,271,285,294,297,301,311,319,332,338,413,385,386,393,397,400,419
343:8,9,47,63,66,78,100,101,105,113,131,139,146,157,169,170,181,187,211,215,217,221,225,226,242,248,252,253,255,272,284,292,297,327,349,367,387,392,397,401,403,407
344:8,9,20,44,48,67,85,95,97,129,163,175,179,182,186,191,194,214,226,237,241,249,262,281,282,284,292,298,301,309,314,321,324,330,336,398,360,369,385,399,412
345:34,41,50,67,68,70,90,111,139,153,163,178,207,212,217,228,251,265,268,270,296,300,306,308,312,314,360,347,368,384,392,416
346:9,14,15,17,22,37,38,42,55,61,68,74,80,81,100,121,124,140,143,166,187,199,210,211,214,219,229,231,247,259,287,291,298,308,327,334,341,360,353,359,362,367,377,415
347:8,10,12,19,25,31,42,48,68,71,73,93,96,111,113,122,130,153,174,185,216,219,261,263,264,266,268,311,315,323,334,338,345,391,355,359,367,370,384,389,404
348:1,6,7,10,15,16,23,25,34,52,58,63,73,77,85,88,91,95,109,120,131,136,148,174,189,190,196,200,204,212,221,232,236,244,247,256,268,273,291,294,296,305,323,326,334,340,388,351,353,369,371,379,385,397,415
349:4,19,20,23,24,48,54,63,89,96,99,110,121,124,130,131,161,162,164,187,199,212,219,232,236,238,270,273,294,315,343,360,361,368,374,383,414
350:9,13,15,19,35,52,67,80,108,115,121,135,138,148,155,183,194,208,227,230,246,260,265,274,283,291,298,299,304,313,317,323,332,334,338,339,369,354,370,375,384,393,397,399,405,415,419
351:16,29,35,59,62,73,79,83,95,99,109,123,136,140,143,147,148,162,168,170,184,203,204,213,219,222,227,230,232,238,256,275,289,305,324,329,348,416,361,373,410
352:1,3,15,20,21,27,38,44,45,46,54,65,70,83,92,94,96,107,116,129,136,141,154,180,181,195,199,202,207,222,250,264,271,273,281,291,315,323,331,336,372,375,391,406
353:3,31,66,75,88,90,97,99,113,146,152,177,190,196,205,215,296,311,332,339,346,348,383,354,359,368,378,382,389,403,409,417
354:8,26,28,65,68,80,87,118,119,136,141,175,192,196,209,217,219,251,255,257,258,267,277,282,306,311,315,317,324,350,353,415,357,362,366,374,379
355:32,55,72,90,108,124,128,163,175,185,189,197,201,202,209,213,226,256,275,281,287,302,304,314,328,332,347,365,362,368,387,397,408
356:20,21,28,44,49,53,61,64,69,107,115,128,133,135,151,166,175,177,182,185,187,208,217,219,222,231,237,259,261,275,301,311,313,316,327,418,360,369,386,398,402,416
357:10,12,19,22,33,42,65,86,94,103,104,110,115,128,160,164,176,184,189,190,200,204,214,219,231,237,247,248,259,296,299,312,319,330,332,333,354,407,365,373,389,394,398,415,419
358:1,27,33,37,51,58,75,88,95,104,107,110,132,138,140,164,170,172,195,199,205,224,235,245,247,270,276,277,286,305,310,312,322,335,336,380,363
359:14,16,18,23,44,47,70,77,94,97,99,101,104,106,122,129,133,141,151,158,164,169,170,175,185,188,202,210,224,245,252,256,263,278,296,318,320,321,322,336,341,346,347,353,396,365,372,395,397,400,406,414
360:0,3,7,9,17,30,35,42,49,60,71,86,93,106,107,112,125,139,142,143,144,154,160,162,171,194,199,208,210,213,214,216,218,240,254,268,288,291,301,306,309,313,330,335,344,345,346,349,356,402,361,373,382,386,390,409,413
361:12,18,35,36,42,78,79,94,95,112,113,135,147,149,152,158,160,163,183,211,215,222,246,279,283,287,321,337,349,351,360,396,373,376,380,405,413,415,417
362:0,76,88,103,105,106,108,109,116,121,139,141,144,149,156,160,173,178,191,201,203,204,221,237,246,251,254,276,278,281,283,284,295,308,312,322,330,341,346,354,355,379,364,387,391,392,396,399,402,418
363:13,19,75,84,89,100,119,127,138,143,153,154,156,160,164,178,186,212,214,216,227,237,256,269,279,337,358,402,378,383,388,394,407
364:6,22,32,33,38,45,46,61,86,93,94,99,102,105,118,127,137,142,149,153,156,172,178,179,195,196,198,199,215,231,237,258,267,279,301,311,314,323,326,330,331,362,369,384,404,405,409,413
365:24,42,43,69,79,111,116,126,131,138,149,168,195,202,204,213,229,237,242,252,258,272,274,288,301,310,311,318,329,333,355,357,359,386,378,381,390,404,419
366:40,51,68,70,71,84,85,102,112,119,139,141,154,155,159,177,178,191,194,202,221,224,236,237,241,248,264,271,275,294,311,318,328,331,333,354,413,367,387,416,418
367:8,21,69,73,78,80,91,114,124,137,139,161,176,191,195,214,231,233,242,243,256,258,268,271,272,279,287,314,324,338,339,341,343,346,347,366,381,386,393,397,405
368:0,1,2,31,35,37,40,47,50,52,53,58,71,77,81,88,124,130,133,142,144,148,159,169,190,196,223,244,260,264,276,295,298,299,304,308,312,313,324,333,345,349,353,355,416,369,401,405
369:30,34,49,71,84,92,97,106,109,112,113,127,136,145,180,181,184,186,189,202,206,215,220,222,231,235,248,255,262,270,308,309,310,318,323,325,326,331,335,337,344,348,350,356,364,368,406,390,393,400,405,417
370:10,37,39,40,68,69,87,114,116,120,123,126,133,138,142,146,170,174,184,198,200,233,246,249,251,253,267,274,289,296,322,337,339,347,350,401,374,378,395,410,419
371:7,8,14,15,18,23,27,28,32,43,49,50,52,62,72,78,106,115,118,123,137,138,153,164,169,170,186,200,209,213,215,219,224,241,242,245,253,282,286,299,310,320,323,326,348,378,387,401,408
372:38,41,43,50,51,58,72,87,104,109,111,114,125,135,157,159,165,181,183,188,206,207,219,220,233,239,241,251,257,266,272,278,283,285,312,317,325,330,335,352,359,399,388,389,393,413
373:16,17,27,28,31,40,62,82,93,98,119,126,154,159,167,180,204,230,235,237,242,245,254,267,286,287,307,325,336,341,351,357,360,361,406,374,384,402,411
374:0,16,45,53,59,114,115,117,120,142,156,170,176,177,179,182,185,190,192,197,206,213,218,228,247,251,256,259,265,284,309,327,331,337,349,354,370,373,380,381,383,393,415
375:5,17,19,21,48,54,56,72,84,90,101,107,108,111,116,123,126,151,152,199,200,202,217,219,223,228,233,235,241,244,249,255,265,266,273,278,285,286,287,303,305,319,330,336,350,352,378,411,418
376:1,2,3,4,6,14,16,24,28,50,78,97,105,119,121,123,137,151,152,155,156,160,175,187,194,200,203,204,209,214,231,244,251,255,267,297,301,303,306,322,331,334,361,404,385,389,393,397,407,410,413
377:12,13,20,31,34,53,56,67,68,96,112,120,124,128,148,158,168,192,207,208,219,223,225,233,235,269,271,276,282,283,292,298,346,388,396,401,414
378:19,24,50,63,64,73,78,82,86,97,131,138,149,157,162,172,180,211,213,215,224,225,227,236,240,266,273,300,308,309,325,332,334,353,363,365,370,371,375,419,383,384,399
379:12,15,44,81,89,96,99,100,109,112,147,154,166,173,201,205,207,210,211,223,226,233,239,247,267,268,269,290,301,305,340,341,348,354,362,399,392,405,409,413
380:20,27,35,49,55,65,71,111,112,121,123,124,127,148,184,188,201,217,220,223,232,233,240,245,248,286,292,305,317,320,331,333,334,336,358,361,374,412,385,388,406
381:6,12,26,36,43,51,57,97,119,127,131,147,157,159,168,174,200,205,222,224,237,246,251,260,261,263,290,298,303,322,331,338,365,367,374,412,389,390,405,409,418
382:44,91,95,103,146,157,158,171,188,190,212,214,215,229,237,244,257,262,272,275,277,282,295,318,319,325,330,353,360,405,392,393,402,419
383:4,14,71,76,80,114,116,132,134,156,169,186,191,202,214,225,228,229,244,248,252,260,277,283,284,313,316,320,349,353,363,374,378,412,391,403,416,419
384:8,10,29,34,38,54,61,96,99,118,161,167,173,179,191,204,215,220,231,234,250,267,271,272,276,294,307,311,319,325,327,345,347,350,364,373,378,416,391,413
385:8,15,22,26,47,62,80,87,91,93,94,126,132,138,141,155,164,170,177,179,196,209,263,264,278,290,299,300,304,314,320,342,344,348,376,380,386
386:4,13,16,44,47,57,67,89,95,104,116,149,167,178,183,189,191,193,220,230,235,240,245,249,250,263,273,274,284,290,292,293,302,315,324,336,341,342,356,360,365,367,385,397
387:9,16,31,32,34,40,48,51,62,83,100,117,123,124,126,131,143,147,168,191,195,209,223,227,246,279,282,285,295,327,328,332,343,355,362,366,371,389,402,407,410
388:13,27,32,33,69,76,88,89,91,97,108,129,130,143,152,154,158,163,166,185,196,209,215,234,239,242,244,249,258,262,265,269,271,272,275,276,278,297,299,300,301,310,311,313,321,322,341,348,363,372,377,380,399,405
389:2,10,15,18,20,21,33,34,42,50,51,74,80,82,85,94,101,104,130,150,152,168,178,185,187,189,203,220,223,254,259,269,271,279,287,304,316,324,326,327,347,353,357,372,376,381,387,400,392,412,418
390:10,16,49,51,53,61,64,67,71,82,85,106,114,115,116,117,120,125,151,157,168,195,201,202,203,211,223,230,243,254,255,266,270,284,288,289,290,293,294,298,305,307,316,321,334,360,365,369,381,395,399,400,408,414,415
391:12,13,15,26,43,63,75,81,101,131,146,172,178,205,214,215,266,292,309,311,327,336,338,347,352,362,383,384,407,405,417
392:16,18,25,63,74,75,79,84,89,94,96,119,121,126,155,159,168,179,181,182,200,206,207,222,227,237,246,257,268,272,275,284,297,312,319,320,329,343,345,362,379,382,389,412,404,408,410
393:9,13,25,40,43,48,56,63,97,101,104,105,111,138,186,201,213,214,217,222,225,244,246,248,254,256,297,299,310,313,328,342,350,367,369,372,374,376,382,408,403,410,414,415,417,419
394:0,9,11,32,42,62,71,74,91,98,101,107,111,113,115,153,155,169,176,183,185,196,197,209,211,214,227,242,252,270,275,283,284,295,304,306,309,312,317,319,320,322,324,338,357,363,416,399,412,415,419
395:5,7,11,18,31,40,58,65,90,103,105,119,123,137,143,145,178,182,197,199,207,214,225,272,283,289,298,304,313,315,317,320,325,333,359,370,390,396,404,406
396:0,12,23,25,34,47,60,77,92,110,111,115,117,125,137,138,143,145,155,158,159,166,175,210,214,215,232,238,250,253,267,287,293,297,298,312,328,335,336,341,359,361,362,377,395,399,406,409,415,419
397:14,22,27,32,41,54,59,66,80,113,118,137,139,146,160,186,191,193,199,201,208,242,250,271,275,295,316,320,322,342,343,348,350,355,359,367,376,386,418
398:5,14,20,27,34,37,54,57,62,85,90,91,136,139,176,189,205,208,218,229,230,246,252,262,286,288,309,311,325,335,338,341,344,356,357,409,402,406,407,412
399:11,23,35,37,39,49,54,60,71,80,82,90,96,107,122,136,143,150,162,164,165,166,175,177,181,191,206,228,232,241,255,256,260,268,276,288,296,300,318,319,330,338,344,350,362,372,378,379,388,390,394,396,407,413,416
400:21,40,50,54,59,63,78,108,117,140,142,144,160,165,194,203,222,223,231,232,245,259,293,310,319,334,335,342,359,369,389,390,409
401:7,8,9,17,36,44,62,64,66,71,73,97,100,103,111,118,127,129,144,154,174,176,186,187,190,198,206,221,240,242,252,256,257,260,278,290,295,296,306,312,313,314,343,368,370,371,377,413,407
402:24,48,59,68,76,88,93,105,114,127,131,137,143,152,163,190,191,193,233,244,245,250,261,299,300,323,326,356,360,362,363,373,382,387,398,403
403:20,22,29,66,70,75,98,101,102,103,116,120,134,142,144,147,168,181,184,185,200,216,221,222,228,233,238,245,247,251,262,272,276,291,293,312,314,326,332,333,343,353,383,393,402,419,404,410
404:0,9,25,44,51,53,62,80,94,112,126,135,141,144,145,154,178,182,206,208,223,224,225,238,242,248,274,279,304,317,320,332,347,364,365,376,392,395,403,406,415
405:7,13,15,49,60,68,74,78,84,102,105,111,114,122,154,158,163,170,184,186,188,193,206,209,214,215,217,253,260,279,304,305,317,350,361,364,367,368,369,379,381,382,388,391,418
406:9,35,45,54,55,60,87,97,106,115,125,134,137,159,171,177,187,197,267,283,287,297,300,313,319,330,333,352,359,369,373,380,395,396,398,404,415,413
407:22,51,53,71,78,86,90,103,111,126,159,163,172,202,216,230,232,238,265,271,274,282,287,288,301,304,316,326,332,343,357,363,376,387,391,398,399,401,411
408:4,15,19,39,41,54,59,71,73,74,84,88,101,105,141,149,161,165,169,187,197,214,245,249,271,273,274,282,283,292,320,322,337,355,371,390,392,393,417,409
409:5,26,33,34,42,46,52,94,99,101,104,106,109,110,125,143,155,173,174,186,189,195,221,253,264,266,298,314,325,339,353,360,364,379,381,396,398,400,408,413
410:1,6,9,11,14,55,56,74,75,81,85,89,109,121,137,151,176,185,193,196,254,282,288,301,307,312,329,335,351,370,376,387,392,393,403,415,419
411:28,30,31,38,55,77,91,93,104,114,123,125,129,142,159,172,186,199,205,212,213,218,252,272,278,280,281,293,312,319,373,375,407,416
412:6,13,24,26,36,37,48,73,78,91,99,106,113,119,132,149,153,163,188,190,195,203,206,207,212,216,217,218,233,277,284,290,294,309,325,340,344,380,381,383,389,392,394,398,413
413:15,17,19,28,31,63,69,75,82,98,110,115,148,165,167,174,180,181,186,193,199,205,215,223,239,274,302,303,314,324,342,360,361,364,366,372,376,379,384,399,401,406,409,412,419,414
414:4,6,9,28,30,44,76,87,93,95,96,98,114,120,123,138,141,142,146,155,157,176,198,210,214,222,226,229,231,232,244,245,246,247,261,273,276,281,286,288,297,302,313,317,324,335,349,359,377,390,393,413,419
415:3,7,10,12,13,25,59,61,98,119,121,128,147,152,156,164,170,185,199,206,209,218,221,233,259,265,266,271,278,297,300,308,319,331,332,336,338,346,348,350,354,357,361,374,390,393,394,396,404,406,410,416
416:14,16,19,53,58,69,72,79,85,119,130,133,135,148,176,201,205,206,213,228,271,272,276,301,310,322,329,330,341,345,351,356,366,368,383,384,394,399,411,415,418
417:20,32,34,47,52,53,75,94,109,126,166,183,200,203,208,214,216,228,261,266,269,305,314,328,331,353,361,369,391,393,408,419
418:25,36,41,51,77,86,119,125,127,128,158,161,163,176,188,216,220,221,223,235,248,269,273,302,322,323,324,326,336,356,362,366,375,381,389,397,405,416,419
419:4,5,8,19,23,67,83,86,96,102,115,118,119,160,164,178,179,193,196,197,202,206,209,210,211,213,214,220,221,229,230,232,248,254,278,297,299,303,310,311,312,318,319,320,321,335,342,350,357,365,370,378,382,383,393,394,396,403,410,413,414,417,418
