0:141,1,3,5,6,7,10,11,14,17,21,22,23,25,26,27,28,29,31,33,38,41,44,45,46,48,50,53,56,57,58,60,61,62,63,64,68,71,72,74,78,79,80,81,82,83,85,88,90,93,94,95,96,97,98,99,102,106,109,110,112,113,114,116,117,119,120,122,125,128,132,134,135,139,142,143,144,147
1:0,92,2,4,5,6,7,8,9,13,16,17,19,20,21,23,28,29,33,34,36,37,39,43,47,48,51,56,57,60,61,63,65,66,68,69,70,77,78,82,83,84,85,86,89,91,95,97,98,99,100,104,106,109,111,112,113,114,115,116,117,118,120,121,129,131,133,135,136,138,139,140,141,142,143,145,147,148,149
2:1,124,3,5,6,7,8,10,13,16,23,24,25,29,30,31,34,35,36,41,43,44,45,49,50,52,53,54,55,57,58,59,61,67,71,72,73,75,76,79,80,81,82,84,90,91,92,93,95,99,103,111,112,114,117,120,122,125,126,127,128,129,132,136,138,140,141,142,144,147,149
3:0,2,63,4,5,6,7,8,10,11,12,13,15,18,21,24,25,28,29,32,34,35,36,37,39,45,49,50,56,57,58,61,62,66,68,71,72,75,77,78,79,80,81,84,87,88,91,95,103,104,105,107,110,113,115,119,122,123,126,128,129,133,134,135,140,141,142,143,144,145,147,149
4:1,3,107,5,7,8,12,14,17,18,19,20,21,23,26,28,29,32,35,37,39,41,44,45,46,48,49,51,53,55,56,57,59,63,65,66,67,69,71,73,74,75,79,80,81,83,84,85,88,89,90,92,95,96,98,101,103,106,108,112,114,115,116,118,123,125,130,131,133,134,138,140,142,143,145,149
5:0,1,2,3,4,96,6,7,8,10,11,12,14,17,18,20,21,24,27,31,32,33,36,37,39,41,44,45,47,49,51,53,55,59,60,62,64,66,67,68,70,71,74,76,80,82,84,85,87,90,91,95,98,100,101,104,105,106,108,112,119,120,121,123,124,126,131,133,134,135,137,139,140,141,142,144,147
6:0,1,2,3,5,67,7,9,10,12,16,17,18,21,23,24,26,27,28,35,38,40,41,42,44,48,49,53,54,56,57,61,63,74,77,78,80,81,86,87,89,91,93,96,97,99,100,101,102,103,104,106,109,112,118,119,120,121,122,123,124,128,130,137,139,142,143,144,146,147,148,149
7:0,1,2,3,4,5,6,134,12,15,16,19,22,23,25,26,27,28,31,32,35,36,41,43,45,47,49,54,57,58,60,66,68,70,72,78,79,81,83,86,87,88,89,93,94,95,98,102,103,105,106,108,110,111,117,118,119,121,123,126,127,129,131,132,135,138,139,143,146
8:1,2,3,4,5,120,12,13,14,15,17,18,20,21,23,26,28,37,40,43,45,46,48,54,55,56,57,61,62,63,64,65,72,74,78,79,82,83,91,92,93,98,105,106,109,110,112,114,115,116,121,123,128,130,131,135,136,140,142,143,145,148,149
9:1,6,73,10,14,15,16,17,18,19,20,23,24,25,29,31,32,35,36,38,41,42,43,44,45,49,50,51,52,53,56,57,59,61,62,63,70,71,77,79,80,87,90,91,92,93,94,95,96,98,99,100,102,104,108,111,112,113,114,116,117,118,119,120,122,123,124,125,129,130,135,137,140,146,147,148
10:0,2,3,5,6,9,67,11,16,17,19,21,23,24,26,27,31,36,39,40,45,52,53,54,55,56,57,60,61,65,66,68,70,71,72,75,79,83,84,85,86,88,89,90,91,92,93,94,98,99,100,101,103,105,109,110,111,113,114,115,116,117,121,122,124,126,128,130,131,132,133,134,135,137,141,148,149
11:0,3,5,10,85,12,13,15,16,19,21,22,25,26,27,28,29,35,39,45,47,48,51,53,54,57,60,62,63,65,71,77,78,79,82,88,93,94,95,96,99,102,108,110,111,113,114,116,117,118,119,122,123,124,125,127,128,130,132,135,136,137,138,139,142,144,146,149
12:3,4,5,6,7,8,11,18,13,14,17,20,21,22,23,24,25,29,30,33,35,36,39,40,41,44,47,49,50,52,54,57,58,61,63,68,69,73,75,76,77,78,80,81,82,83,86,91,92,93,94,96,99,102,103,106,109,111,112,117,122,123,127,128,130,131,132,133,135,137,139,140,141,143,144,147,149
13:1,2,3,8,11,12,97,14,15,18,19,21,22,24,26,27,28,36,37,40,42,43,46,47,48,51,53,57,60,61,62,63,65,67,69,71,72,74,75,78,79,80,87,89,90,91,92,93,96,103,107,108,111,112,113,114,116,117,118,121,125,126,129,130,132,134,144,145,148
14:0,4,5,8,9,12,13,149,15,18,23,24,26,31,32,35,36,37,40,44,45,46,47,48,49,51,53,60,62,63,68,75,76,78,79,81,83,85,86,88,92,93,95,96,100,101,103,104,107,108,110,113,116,122,124,125,126,127,130,132,135,136,137,140,141,145,147
15:3,7,8,9,11,13,14,142,18,19,21,22,23,25,26,28,29,32,39,45,48,57,58,64,66,67,69,70,71,72,76,77,79,81,82,83,84,93,97,98,99,101,102,103,104,106,107,108,109,116,117,120,122,127,128,129,131,134,135,140,143,144,149
16:1,2,6,7,9,10,11,131,19,20,22,25,29,32,35,38,40,41,42,43,44,45,46,57,58,59,62,63,67,68,69,70,73,75,76,79,81,82,83,85,87,93,94,96,97,99,101,102,104,105,106,107,113,116,118,122,123,127,128,129,130,133,134,137,149
17:0,1,4,5,6,8,9,10,12,102,21,22,23,24,26,28,29,31,36,43,46,47,48,50,51,52,54,55,56,57,58,59,66,67,69,70,72,73,76,79,80,81,82,83,84,87,88,90,94,95,96,97,98,99,100,101,104,106,108,110,114,117,118,126,128,131,133,134,136,137,138,139,142,143,144,145,148
18:3,4,5,6,8,9,12,13,14,15,127,20,29,30,31,32,33,34,36,37,38,42,43,46,47,51,53,54,55,57,59,62,64,70,74,76,78,84,89,90,91,92,93,94,95,98,99,100,101,102,103,106,107,108,109,110,111,112,113,114,115,116,118,120,121,124,126,128,129,130,133,136,137,141,142,146,148
19:1,4,7,9,10,11,13,15,16,37,20,22,24,31,33,43,46,50,52,58,59,60,62,63,66,67,68,69,70,71,72,74,77,79,81,84,86,88,93,95,98,100,101,106,107,108,111,112,114,116,117,118,121,122,123,125,126,127,129,131,132,136,137,138,139,140,142,143,147,148,149
20:1,4,5,8,9,12,16,18,19,139,21,24,25,26,29,33,36,39,41,42,50,54,55,58,59,61,62,63,64,66,67,69,72,73,74,76,78,79,80,86,87,90,93,94,95,102,105,106,108,109,110,111,113,114,116,117,119,120,123,124,126,128,133,134,136,137,138,141,143,144,148
21:0,1,3,4,5,6,8,10,11,12,13,15,17,20,101,25,26,27,28,29,32,36,37,38,39,43,48,53,54,55,56,58,67,69,70,74,75,76,78,80,81,82,83,84,85,86,88,89,90,92,94,96,99,102,107,115,118,120,124,126,129,132,133,134,135,140,144,146,148
22:0,7,11,12,13,15,16,17,19,66,23,27,28,30,32,36,37,38,41,43,48,50,52,54,56,57,63,65,68,71,73,76,77,78,81,83,88,90,92,96,97,98,99,100,104,105,110,111,112,116,117,119,123,126,127,129,130,133,134,135,136,139,140,141,144,145,147,149
23:0,1,2,4,6,7,8,9,10,12,14,15,17,22,62,25,29,31,32,34,37,38,42,44,48,50,52,53,54,58,60,61,64,65,68,71,72,73,74,75,77,78,79,80,82,84,88,90,91,94,95,96,98,102,103,105,108,111,112,115,125,126,127,128,129,134,137,138,140,141,147,149
24:2,3,5,6,9,10,12,13,14,17,19,20,49,26,32,33,34,35,36,43,45,46,50,52,53,54,57,59,60,61,64,65,71,72,73,78,80,82,83,86,87,90,93,97,99,101,102,103,104,107,109,110,114,115,116,117,119,125,126,127,129,130,132,133,134,136,139,140,141,145,146
25:0,2,3,7,9,11,12,15,16,20,21,23,77,26,27,29,30,31,34,35,39,40,41,43,47,49,55,56,57,61,65,66,68,71,76,78,79,80,81,84,86,88,89,90,94,95,98,99,103,104,108,109,114,116,118,120,121,122,124,125,126,127,128,129,130,132,133,135,136,138,139,140,141,142,146,147,148,149
26:0,4,6,7,8,10,11,13,14,15,17,20,21,24,25,109,30,32,33,34,35,36,40,41,42,43,44,45,50,53,54,56,58,59,61,64,65,68,69,74,80,82,83,85,87,88,90,91,92,93,94,96,102,103,104,110,111,114,117,119,120,122,125,126,127,128,130,131,133,134,139,140,142,143,144,145,146,148,149
27:0,5,6,7,10,11,13,21,22,25,80,28,29,33,35,39,40,41,43,46,48,49,54,55,56,57,59,60,63,66,68,72,73,75,77,81,87,88,89,91,93,94,97,98,99,100,103,108,110,111,112,114,116,118,119,121,124,126,127,130,138,140,141,143,144,149
28:0,1,3,4,6,7,8,11,13,15,17,21,22,27,58,29,36,37,38,41,42,44,45,47,48,50,53,54,55,57,59,60,61,62,71,73,78,80,82,84,86,87,89,98,103,104,106,107,108,110,111,114,115,117,118,120,122,123,124,127,131,134,135,137,139,143,144,145,147,148
29:0,1,2,3,4,9,11,12,15,16,17,18,20,21,23,25,27,28,31,33,36,40,42,43,44,45,47,49,51,52,53,54,59,62,63,67,69,72,74,76,77,79,80,82,85,88,90,91,93,95,96,97,101,102,103,104,106,107,108,111,112,113,114,115,117,118,120,121,122,123,124,129,130,132,133,136,138,139,140,141,144,146,148,149
30:2,12,18,22,25,26,108,32,34,35,37,39,42,43,53,57,58,60,61,63,65,67,68,73,74,75,76,78,80,81,82,83,87,88,89,91,92,93,96,99,100,103,104,106,107,109,111,113,114,116,117,119,124,125,129,130,131,132,133,134,136,137,138,140,141,143,144,145,146,148,149
31:0,2,5,7,9,10,14,17,18,19,23,25,29,132,36,37,38,42,49,50,51,54,55,56,59,60,61,64,66,69,70,73,74,75,77,78,82,83,85,86,87,89,90,92,94,95,100,101,102,103,104,106,110,111,112,117,119,121,125,126,128,131,133,135,138,142,143,144,147,148
32:3,4,5,7,9,14,15,16,18,21,22,23,24,26,30,97,33,36,37,39,42,43,46,47,48,50,52,53,55,56,57,59,62,64,65,67,75,76,78,79,80,83,85,87,91,95,96,98,99,101,102,104,108,109,110,111,115,117,118,120,122,123,125,126,127,128,131,132,135,140,142,143,149
33:0,1,5,12,18,19,20,24,26,27,29,32,38,34,36,37,39,41,42,45,46,54,57,59,60,64,66,69,70,71,75,76,77,80,85,87,90,94,95,97,99,100,104,105,107,109,110,111,114,115,118,121,122,123,124,130,131,132,133,134,136,138,141,142,144,147,148,149
34:1,2,3,18,23,24,25,26,30,33,103,37,38,46,47,49,54,55,57,60,61,62,66,68,70,71,72,76,78,79,81,82,83,85,87,89,94,95,98,99,101,102,106,108,109,111,112,113,114,116,117,118,120,121,123,124,125,126,128,130,132,134,135,138,139,142,144,145,146,147,149
35:2,3,4,6,7,9,11,12,14,16,24,25,26,27,30,99,38,49,50,53,54,57,59,60,61,63,66,70,72,73,74,76,77,78,79,80,83,90,91,94,96,101,102,103,105,107,108,110,112,113,115,116,117,120,121,124,126,130,131,133,135,136,137,139,140,142,143,146,147
36:1,2,3,5,7,9,10,12,13,14,17,18,20,21,22,24,26,28,29,31,32,33,114,39,40,42,44,49,51,52,59,62,63,64,66,68,78,79,80,84,86,89,90,92,93,94,96,98,99,102,104,105,110,111,115,116,119,120,123,124,125,127,128,130,133,134,136,137,138,139,145,147,148,149
37:1,3,4,5,8,13,14,18,19,21,22,23,28,30,31,32,33,34,93,38,41,43,44,45,54,58,59,60,61,62,63,64,65,71,73,74,79,80,89,90,94,97,100,102,103,106,108,109,111,113,114,116,120,122,124,126,128,131,132,134,136,137,140,141,142,147
38:0,6,9,16,18,21,22,23,28,31,33,34,35,37,113,40,42,44,45,47,48,51,54,55,62,64,66,68,69,70,71,73,79,80,82,83,84,86,88,91,95,96,98,102,103,104,105,107,111,114,116,118,123,125,126,128,129,131,132,134,135,139,141,142,143,144,145,147,148
39:1,3,4,5,10,11,12,15,20,21,25,27,30,32,33,36,40,44,45,46,47,50,52,57,58,60,61,62,63,64,66,70,74,75,76,78,82,85,86,89,93,95,96,97,98,100,102,108,109,113,115,121,122,123,124,125,129,131,133,135,137,138,140,141,144,145,146,147
40:6,8,10,12,13,14,16,25,26,27,29,36,38,39,94,41,42,43,46,47,49,51,53,54,58,59,60,62,64,65,67,68,69,72,73,74,75,77,81,83,85,90,92,98,99,101,103,108,112,113,117,119,122,123,124,125,126,127,128,129,130,132,133,136,137,139,141,142,143,145
41:0,2,4,5,6,7,9,12,16,20,22,25,26,27,28,33,37,40,126,43,44,45,46,49,51,52,54,55,56,57,62,63,65,66,67,68,71,72,74,75,78,79,84,86,88,89,90,91,92,93,96,98,102,103,104,105,106,108,113,116,118,120,122,123,128,129,132,134,135,136,140,141,142,143,145,147,148
42:6,9,13,16,18,20,23,26,28,29,30,31,32,33,36,38,40,118,44,45,48,49,51,54,55,60,61,62,66,67,68,70,71,72,77,79,81,82,85,86,88,90,91,97,100,103,104,105,106,110,111,112,116,119,120,124,126,127,128,129,130,131,132,134,136,139,140,144,145,147,148,149
43:1,2,7,8,9,13,16,17,18,19,21,22,24,25,26,27,29,30,32,37,40,41,90,45,49,52,55,56,60,62,64,66,68,69,70,72,73,77,79,80,81,84,85,87,88,91,92,94,95,99,103,104,107,108,109,111,116,118,119,122,125,127,128,130,134,135,139,140,141,142,143,147,148,149
44:0,2,4,5,6,9,12,14,16,23,26,28,29,36,37,38,39,41,42,94,45,51,54,56,57,59,60,62,66,67,69,70,74,76,77,78,81,85,86,87,89,91,95,96,97,99,100,103,110,111,114,116,117,121,123,128,131,134,135,136,137,140,141,143,144,145,146,148,149
45:0,2,3,4,5,7,8,9,10,11,14,15,16,24,26,28,29,33,37,38,39,41,42,43,44,60,51,53,54,57,61,62,67,70,71,77,78,80,83,84,86,91,92,93,94,95,96,97,98,100,102,106,107,108,110,113,114,115,116,118,119,122,124,125,127,128,130,133,134,135,136,137,138,139,140,143,148
46:0,4,8,13,14,16,17,18,19,24,27,32,33,34,39,40,41,136,48,50,51,53,54,55,56,59,60,62,64,66,69,74,75,76,77,80,82,83,84,85,86,89,91,92,93,94,95,96,97,98,101,102,103,104,105,107,114,115,116,117,118,119,125,126,129,131,132,137,138,148,149
47:1,5,7,11,12,13,14,17,18,25,28,29,32,34,38,39,40,131,49,50,51,58,59,60,62,63,64,66,67,72,73,79,81,82,83,85,87,88,97,98,102,103,104,105,106,110,112,115,117,118,121,122,127,130,133,135,136,138,139,141,142,146,148,149
48:0,1,4,6,8,11,13,14,15,17,21,22,23,27,28,32,38,42,46,54,50,51,52,53,55,56,60,63,65,66,67,68,72,76,77,78,84,87,89,91,92,95,96,97,98,99,101,102,103,104,105,106,107,109,110,111,114,115,117,118,120,122,123,126,128,130,135,138,139,147,148
49:2,3,4,5,6,7,9,12,14,24,25,27,29,31,34,35,36,40,41,42,43,47,103,50,51,53,54,55,56,58,59,60,61,64,65,66,67,68,69,72,73,74,75,80,82,83,84,86,88,89,90,92,93,97,101,105,106,107,111,116,119,120,125,132,135,136,137,139,141,142,143,148
50:0,2,3,9,12,17,19,20,22,23,24,26,28,31,32,35,39,46,47,48,49,106,51,52,53,54,60,62,64,65,68,69,70,71,73,76,78,84,85,86,88,89,90,96,97,98,100,102,107,108,109,111,112,113,114,116,119,122,124,129,132,133,134,135,142,143,146,147,148,149
51:1,4,5,9,11,13,14,17,18,29,31,36,38,40,41,42,44,45,46,47,48,49,50,90,52,53,54,55,56,58,59,61,63,67,68,69,70,78,79,84,86,88,89,91,97,98,100,101,102,103,104,105,106,107,109,110,115,117,118,119,122,123,125,128,130,132,135,137,139,141,143,145,147,148
52:2,9,10,12,17,19,22,23,24,29,32,36,39,41,43,48,50,51,146,53,55,56,58,59,62,64,67,71,72,76,80,83,84,87,89,90,92,93,95,96,98,99,100,101,102,103,106,107,108,112,114,115,121,122,125,128,129,131,133,134,136,137,138,140,142,143,147,149
53:0,2,4,5,6,9,10,11,13,14,18,21,23,24,26,28,29,30,32,35,40,45,46,48,49,50,51,52,57,54,55,56,60,64,65,69,71,72,73,75,76,78,82,83,84,85,86,88,89,90,92,96,97,98,99,100,101,105,106,109,112,113,114,115,117,118,119,121,122,124,128,131,133,134,135,137,138,139,140,141,147,148
54:2,6,7,8,10,11,12,17,18,20,21,22,23,24,26,27,28,29,31,33,34,35,37,38,40,41,42,44,45,46,48,49,50,51,53,112,57,58,60,61,62,67,69,72,74,75,76,78,79,80,84,86,91,95,97,98,99,102,105,108,115,116,117,118,122,128,129,130,131,133,135,138,139,141,145,147,149
55:2,4,5,8,10,17,18,20,21,25,27,28,31,32,34,38,41,42,43,46,48,49,51,52,53,72,57,58,62,64,68,69,70,71,74,75,76,79,80,81,83,85,87,88,90,91,92,94,95,96,97,98,104,107,108,109,110,113,115,117,118,119,123,126,127,130,131,135,137,139,142,143,146,147
56:0,1,3,4,6,8,9,10,17,21,22,25,26,27,31,32,41,43,44,46,48,49,51,52,53,131,57,59,60,61,63,64,65,66,67,68,69,70,73,77,80,84,86,87,88,89,91,92,93,94,95,98,100,101,103,106,110,112,114,116,117,119,123,126,128,130,132,133,135,136,139,140,141,143,145,148,149
57:0,1,2,3,4,6,7,8,9,10,11,12,13,15,16,17,18,22,24,25,27,28,30,32,33,34,35,39,41,44,45,53,54,55,56,104,59,60,61,63,67,69,71,72,73,74,78,81,88,91,95,96,97,98,99,100,101,102,106,109,112,114,116,117,119,123,129,131,135,136,137,138,143,144,146,147
58:0,2,3,7,12,15,16,17,19,20,21,23,26,28,30,37,39,40,47,49,51,52,54,55,138,60,61,62,64,66,68,69,70,71,76,79,81,82,83,84,85,88,90,93,94,95,97,98,101,102,105,106,107,108,110,112,115,117,118,120,122,124,126,129,131,134,135,136,140,142,145,146,148,149
59:2,4,5,9,16,17,18,19,20,24,26,27,28,29,31,32,33,35,36,37,40,44,46,47,49,51,52,56,57,66,61,68,69,70,71,72,75,79,81,83,87,90,95,97,98,101,102,105,107,110,111,114,115,116,117,120,122,124,128,130,132,133,142,146
60:0,1,5,7,10,11,13,14,19,23,24,27,28,30,31,33,34,35,37,39,40,42,43,44,45,46,47,48,49,50,53,54,56,57,58,90,61,62,63,66,68,69,71,72,74,78,79,80,83,91,95,97,98,100,103,105,108,110,114,117,118,126,128,132,133,135,140,142,145,146
61:0,1,2,3,6,8,9,10,12,13,20,23,24,25,26,28,30,31,34,35,37,39,42,45,49,51,54,56,57,58,59,60,94,62,63,64,66,68,77,78,79,80,81,82,85,87,88,89,90,92,93,96,97,98,101,102,103,104,106,107,109,110,115,117,119,120,123,135,136,137,138,139,141,147,149
62:0,3,5,8,9,11,13,14,16,18,19,20,23,28,29,32,34,36,37,38,39,40,41,42,43,44,45,46,47,50,52,54,55,58,60,61,131,65,66,68,69,70,75,78,84,86,87,89,91,95,98,101,103,105,106,108,110,111,112,113,116,118,121,122,123,125,127,128,129,130,132,133,135,136,138,139,141,143,144,145,146
63:0,1,3,4,6,8,9,11,12,13,14,16,19,20,22,27,29,30,35,36,37,39,41,47,48,51,56,57,60,61,68,65,69,76,83,87,88,90,91,93,94,99,100,101,102,105,107,108,109,110,111,113,114,115,117,120,125,126,127,128,130,132,133,134,140,146,148
64:0,5,8,15,18,20,23,24,26,31,32,33,36,37,38,39,40,43,46,47,49,50,52,53,55,56,58,61,106,66,67,68,76,77,79,80,82,83,85,86,87,88,90,93,94,95,98,101,104,107,108,115,117,118,119,123,125,131,132,134,135,138,139,144,148,149
65:1,4,8,10,11,13,22,23,24,25,26,30,32,37,40,41,48,49,50,53,56,62,63,70,66,73,79,81,83,85,95,99,100,104,106,107,109,110,112,113,116,122,124,129,131,136,137,141,142,143,144,145,147,148,149
66:1,3,4,5,7,10,15,17,19,20,22,25,27,31,33,34,35,36,38,39,41,42,43,44,46,47,48,49,56,58,59,60,61,62,64,65,109,68,71,72,73,75,76,77,78,81,82,84,85,86,88,89,92,93,94,96,97,101,102,104,105,111,115,117,119,123,126,128,130,132,133,137,141,143,146,147,148
67:2,4,5,6,10,13,15,16,17,19,20,21,29,30,32,40,41,42,44,45,47,48,49,51,52,54,56,57,64,144,68,69,70,71,73,75,76,77,78,79,80,82,83,84,86,87,89,90,91,92,93,94,95,98,99,101,104,106,110,113,115,116,118,119,121,122,125,129,134,135,136,137,139,140,141,143
68:0,1,3,5,7,10,12,14,16,19,22,23,25,26,27,30,34,36,38,40,41,42,43,48,49,50,51,55,56,58,59,60,61,62,63,64,66,67,138,69,71,72,73,74,75,76,78,79,81,82,83,85,86,87,88,102,103,104,105,107,108,111,113,114,115,117,119,120,122,123,124,125,126,130,133,135,137,141,143,145
69:1,4,12,13,15,16,17,19,20,21,26,29,31,33,38,40,43,44,46,49,50,51,53,54,55,56,57,58,59,60,62,63,67,68,137,71,72,73,74,75,77,82,87,88,89,91,92,93,101,102,103,105,107,108,111,113,115,116,119,120,121,122,123,125,130,135,139,142,143,148,149
70:1,5,7,9,10,15,16,17,18,19,21,31,33,34,35,38,39,42,43,44,45,50,51,55,56,58,59,62,65,67,148,71,77,79,80,83,88,90,91,93,94,97,98,99,100,104,106,107,108,114,115,116,123,126,127,129,130,136,137,138,141,142,143,146,147,149
71:0,2,3,4,5,9,10,11,13,15,19,22,23,24,25,28,33,34,37,38,41,42,45,50,52,53,55,57,58,59,60,66,67,68,69,70,128,72,73,75,76,79,80,81,87,88,89,90,92,94,97,98,100,102,104,106,108,109,111,112,114,116,117,121,124,129,130,131,132,133,135,138,139,140,142,144,149
72:0,2,3,7,8,10,13,15,17,19,20,23,24,27,29,34,35,40,41,42,43,47,48,49,52,53,54,55,57,59,60,66,68,69,71,122,75,77,80,83,86,88,90,91,94,99,100,101,105,108,109,111,114,115,116,119,120,121,123,124,125,134,137,138,140,141,142,143,145,146,149
73:2,4,9,12,16,17,20,22,23,24,27,28,30,31,35,37,38,40,43,47,49,50,53,56,57,65,66,67,68,69,71,111,76,78,80,82,83,84,85,87,88,91,93,95,96,99,104,110,112,115,116,117,120,124,126,128,129,130,131,132,136,138,140,141,148,149
74:0,4,5,6,8,13,18,19,20,21,23,26,29,30,31,35,37,39,40,41,44,46,49,54,55,57,60,68,69,110,76,78,79,81,83,84,86,88,89,94,96,97,98,99,101,102,106,108,109,114,115,118,124,125,126,129,130,132,133,134,135,139,140,142,144,145,146,147,149
75:2,3,4,10,12,13,14,16,21,23,27,30,31,32,33,39,40,41,46,49,53,54,55,59,62,66,67,68,69,71,72,95,80,82,83,85,86,88,89,90,91,92,93,98,99,100,101,103,104,105,109,111,113,115,117,118,119,120,121,123,126,127,130,131,132,133,137,140,141,142,143,145,148
76:2,5,12,14,15,16,17,18,20,21,22,25,29,30,32,33,34,35,39,44,46,48,50,52,53,54,55,58,63,64,66,67,68,71,73,74,120,77,78,83,84,85,86,87,89,90,91,92,93,95,96,99,100,101,104,105,107,109,111,112,113,117,124,125,127,129,130,131,132,135,138,142,144,145,147,148
77:1,3,6,9,11,12,15,19,22,23,25,27,29,31,33,35,40,42,43,44,45,46,48,56,61,64,66,67,69,70,72,76,110,79,81,85,86,87,88,90,93,94,95,96,98,100,101,102,104,107,109,111,117,119,122,123,126,127,128,130,131,133,135,137,140,145,146,147,148
78:0,1,3,6,7,8,11,12,13,14,18,20,21,22,23,24,25,28,30,31,32,34,35,36,39,41,44,45,48,50,51,53,54,57,60,61,62,66,67,68,73,74,76,128,80,81,82,83,84,85,86,89,90,91,97,101,103,108,109,111,112,114,116,119,120,123,125,127,131,133,134,136,138,140,142,144,148
79:0,2,3,4,7,8,9,10,11,13,14,15,16,17,19,20,23,25,29,32,34,35,36,37,38,41,42,43,47,51,54,55,58,59,60,61,64,65,67,68,70,71,74,77,90,82,83,85,86,91,93,95,96,98,105,106,110,111,112,114,115,119,122,125,127,128,131,133,134,139,141,144,146,147
80:0,2,3,4,5,6,9,12,13,17,20,21,23,24,25,26,27,28,29,30,32,33,35,36,37,38,43,45,46,49,52,54,55,56,60,61,64,67,70,71,72,73,75,78,140,81,83,84,85,88,89,93,97,100,102,104,107,109,110,111,112,113,115,116,119,122,129,130,132,133,134,135,136,137,138,141,143,144,145,147,148,149
81:0,2,3,4,6,7,12,14,15,16,17,19,21,22,25,27,30,34,40,42,43,44,47,55,57,58,59,61,65,66,68,71,74,77,78,80,140,82,84,85,86,88,89,90,92,94,95,96,97,98,100,101,105,107,108,109,110,111,112,113,116,118,121,122,124,126,127,131,133,136,139,146,147,148,149
82:0,1,2,5,8,11,12,15,16,17,21,23,24,26,28,29,30,31,34,38,39,42,46,47,49,53,58,61,64,66,67,68,69,73,75,78,79,81,110,83,84,85,86,87,89,91,99,100,101,105,107,108,111,115,118,119,121,125,127,128,129,131,133,134,135,136,137,139,140,141,142,143,148
83:0,1,4,7,8,10,12,14,15,16,17,21,22,24,26,30,31,32,34,35,38,40,45,46,47,49,52,53,55,58,59,60,63,64,65,67,68,70,72,73,74,75,76,78,79,80,82,133,85,87,89,91,92,97,102,103,105,107,113,115,116,119,122,123,124,126,127,128,131,132,134,135,136,138,143,144,145
84:1,2,3,4,5,10,15,17,18,19,21,23,25,28,36,38,41,43,45,46,48,49,50,51,52,53,54,56,58,62,66,67,73,74,76,78,80,81,82,115,85,87,88,90,91,93,95,99,100,103,105,106,107,112,117,120,121,127,128,130,132,134,137,138,139,141,143,146,147,149
85:0,1,4,5,10,11,14,16,21,26,29,31,32,33,34,39,40,42,43,44,46,47,50,53,55,58,61,64,65,66,68,73,75,76,77,78,79,80,81,82,83,84,94,88,89,91,95,96,97,98,100,112,115,116,118,120,121,123,125,126,128,129,130,133,142,144,145
86:1,6,7,10,12,14,19,20,21,24,25,28,31,36,38,39,41,42,44,45,46,49,50,51,53,54,56,62,64,66,67,68,72,74,75,76,77,78,79,81,82,106,87,88,90,92,93,94,95,96,97,98,99,100,101,102,104,107,108,112,116,117,119,122,124,126,128,129,131,132,134,136,138,141,144,145,146,148
87:3,5,6,7,9,13,16,17,20,24,26,27,28,30,31,32,33,34,43,44,47,48,52,55,56,59,61,62,63,64,67,68,69,71,73,76,77,82,83,84,86,136,89,91,97,98,99,101,105,107,108,111,113,116,119,121,122,123,125,127,128,129,132,133,134,135,138,140,141,146,147,148,149
88:0,3,4,7,10,11,14,17,19,21,22,23,25,26,27,29,30,38,41,42,43,47,49,50,51,53,55,56,57,58,61,63,64,66,68,69,70,71,72,73,74,75,77,80,81,84,85,86,98,89,95,101,104,106,108,110,111,113,117,119,120,121,123,128,135,136,138,139,141,142,149
89:1,4,6,7,10,13,18,21,25,27,28,30,31,34,36,37,39,41,44,46,48,49,50,51,52,53,56,61,62,66,67,69,71,74,75,76,78,80,81,82,83,85,87,88,139,91,92,94,98,99,100,102,104,105,106,107,108,109,119,120,121,122,125,126,129,130,131,133,134,140,141,142,143,144,148,149
90:0,2,4,5,9,10,13,17,18,20,21,22,23,24,25,26,29,31,33,35,36,37,40,41,42,43,49,50,51,52,53,55,58,59,60,61,63,64,67,70,71,72,75,76,77,78,79,81,84,86,102,93,95,100,101,105,107,108,110,112,115,117,120,121,122,123,125,127,129,130,133,134,135,140,142,145,146,149
91:1,2,3,5,6,8,9,10,12,13,18,23,26,27,29,30,32,35,38,41,42,43,44,45,46,48,51,54,55,56,57,60,62,63,67,69,70,72,73,75,76,78,79,82,83,84,85,87,89,123,93,94,96,98,99,104,110,111,114,116,119,121,122,124,126,128,129,130,131,132,133,134,135,136,139,140,141,142,148
92:1,2,4,8,9,10,12,13,14,18,21,22,26,30,31,36,40,41,43,45,46,48,49,52,53,55,56,61,66,67,69,71,75,76,81,83,86,89,121,94,95,96,98,100,101,102,105,107,108,109,112,114,115,116,117,118,119,122,123,124,128,132,134,136,137,139,142,143,144,145,146,148
93:0,2,6,7,8,9,10,11,12,13,14,15,16,18,19,20,24,26,27,29,30,36,37,39,41,45,46,49,52,56,58,61,63,64,66,67,69,70,73,75,76,77,79,80,84,86,90,91,135,94,95,100,101,104,105,110,111,117,119,121,124,125,126,128,129,130,133,136,139,147,149
94:0,7,9,10,11,12,16,17,18,20,21,23,25,26,27,31,33,34,35,36,37,40,43,44,45,46,55,56,58,61,63,64,66,67,70,71,72,74,77,81,85,86,89,91,92,93,97,95,96,98,99,101,102,103,113,116,119,120,124,125,127,132,133,136,137,139,140,141,147,149
95:0,1,2,3,4,5,7,9,11,14,17,18,19,20,23,25,29,31,32,33,34,38,39,43,44,45,46,48,52,54,55,56,57,58,59,60,62,64,65,67,73,75,76,77,79,81,84,85,86,88,90,92,93,94,119,96,98,99,100,101,105,106,109,111,113,114,116,117,118,120,123,125,127,130,132,133,135,137,138,139,140,142,143,146,149
96:0,4,5,6,9,11,12,13,14,16,17,21,22,23,26,29,30,32,35,36,38,39,41,44,45,46,48,50,52,53,55,57,61,66,73,74,76,77,79,81,85,86,91,92,94,95,146,99,100,101,104,105,106,109,110,111,112,113,116,118,123,125,126,128,129,130,131,132,134,136,137,144,145
97:0,1,6,13,15,16,17,22,24,27,29,32,33,37,39,42,44,45,46,47,48,49,50,51,53,54,55,57,58,59,60,61,66,70,71,74,78,80,81,83,85,86,87,94,139,98,101,102,103,104,106,107,110,111,113,114,115,117,118,119,125,127,128,132,137,141,147
98:0,1,4,5,7,8,9,10,15,17,18,19,22,23,25,27,28,32,34,36,38,39,40,41,45,46,47,48,50,51,52,53,54,55,56,57,58,59,60,61,62,64,67,70,71,74,75,77,79,81,85,86,87,88,89,91,92,94,95,97,103,101,106,110,114,116,117,118,120,122,123,125,131,132,133,138,140,141,143,144,145,148
99:0,1,2,6,9,10,11,12,15,16,17,18,21,22,24,25,27,30,32,33,34,35,36,40,43,44,48,52,53,54,57,63,65,67,70,72,73,74,75,76,82,84,86,87,89,91,94,95,96,131,100,101,103,104,105,106,107,108,109,111,113,116,117,118,123,125,133,134,137,141,144,145,147,148
100:1,5,6,9,10,14,17,18,19,22,27,30,31,33,37,39,42,44,45,50,51,52,53,56,57,60,63,65,70,71,72,75,76,77,80,81,82,84,85,86,89,90,92,93,95,96,99,131,105,107,110,112,116,118,125,126,127,128,130,132,135,137,142,143,144,145,147,149
101:4,5,6,10,14,15,16,17,18,19,21,24,29,31,32,34,35,40,46,48,49,51,52,53,56,57,58,59,61,62,63,64,66,67,69,72,74,75,76,77,78,81,82,86,87,88,90,92,93,94,95,96,97,98,99,125,102,103,104,106,108,110,114,115,116,118,122,126,129,131,134,135,140,141,142,143,149
102:0,6,7,9,11,12,15,16,17,18,20,21,23,24,26,29,31,32,34,35,36,37,38,39,41,45,46,47,48,50,51,52,54,57,58,59,61,63,66,68,69,71,74,77,80,83,86,89,90,92,94,97,101,137,105,107,108,110,112,113,115,117,121,123,127,132,133,135,136,140,143,144,145,147
103:2,3,4,6,7,10,12,13,14,15,18,23,24,25,26,27,28,29,30,31,34,35,37,38,40,41,42,43,44,46,47,48,49,51,52,56,60,61,62,68,69,75,78,83,84,94,97,98,99,101,125,107,109,114,117,122,123,124,127,130,132,133,141,145,147,148
104:1,3,5,6,9,14,15,16,17,22,24,25,26,28,29,30,31,32,33,36,38,41,42,43,46,47,48,51,55,57,61,64,65,66,67,68,70,71,73,75,76,77,80,86,88,89,91,93,96,97,99,101,115,106,107,108,109,110,114,116,117,119,120,122,123,124,126,127,129,131,132,133,135,138,139,140,141,142,144,145,148
105:3,5,7,8,10,16,20,22,23,33,35,36,38,41,42,46,47,48,49,51,53,54,58,59,60,62,63,66,68,69,72,75,76,79,81,82,83,84,87,89,90,92,93,95,96,99,100,102,106,107,111,112,114,119,121,122,124,126,132,134,135,136,137,138,141,143,144,145,146,147,149
106:0,1,4,5,6,7,8,12,15,16,17,18,19,20,28,29,30,31,34,37,41,42,45,47,48,49,50,51,52,53,56,57,58,61,62,64,65,67,70,71,74,79,84,86,88,89,95,96,97,98,99,101,104,105,134,107,108,109,111,113,115,116,117,118,120,121,122,123,124,126,127,128,130,131,133,137,139,141,142,143,144,145,146,147,148
107:3,4,13,14,15,16,18,19,21,24,28,29,30,33,35,38,43,45,46,48,49,50,51,52,55,58,59,61,63,64,65,68,69,70,76,77,80,81,82,83,84,86,87,89,90,92,97,99,100,102,103,104,105,106,135,109,111,112,113,117,120,122,123,124,126,127,132,138,139,140,141,145,147
108:4,5,7,9,11,13,14,15,17,18,19,20,23,25,27,28,29,30,32,34,35,37,39,40,41,43,45,50,52,54,55,58,60,62,63,64,68,69,70,71,72,74,78,81,82,86,87,88,89,90,92,99,101,102,104,106,110,111,113,114,116,120,125,126,129,130,133,141,144,145,148,149
109:0,1,6,8,10,12,15,18,20,24,25,26,30,32,33,34,37,39,43,48,50,51,53,55,57,61,63,65,66,71,72,74,75,76,77,78,80,81,89,92,95,96,99,103,104,106,107,131,110,112,114,115,116,119,123,125,126,134,135,136,137,140,143,144,146
110:0,3,7,8,10,11,14,17,18,20,22,24,26,27,28,31,32,33,35,36,42,44,45,47,48,51,55,56,58,59,60,61,62,63,65,67,73,74,77,79,80,81,82,88,90,91,93,96,97,98,100,101,102,104,108,109,133,112,113,114,116,117,120,121,123,125,129,132,135,136,137,138,140,147
111:1,2,7,9,10,11,12,13,18,19,20,22,23,26,27,28,29,30,31,32,33,34,36,37,38,42,43,44,48,49,50,59,62,63,66,68,69,71,72,73,75,76,77,78,79,80,81,82,87,88,91,93,95,96,97,99,105,106,107,108,114,120,122,123,124,127,128,132,135,137,139,140,142,143,147,148
112:0,1,2,4,5,6,8,9,12,13,18,19,22,23,27,29,31,34,35,40,42,47,50,52,53,54,56,57,58,62,65,71,73,76,78,79,80,81,84,85,86,90,92,96,100,102,105,107,109,110,120,114,116,117,119,122,123,133,135,138,140,142,146,147,148
113:0,1,3,9,10,11,13,14,16,18,20,29,30,34,35,37,38,39,40,41,45,50,53,55,62,63,65,67,68,69,75,76,80,81,83,87,88,94,95,96,97,99,102,106,107,108,110,139,114,116,117,118,119,122,128,129,130,134,136,138,140,141,142,144,146,147
114:0,1,2,4,8,9,10,11,13,17,18,19,20,24,25,26,27,28,29,30,33,34,36,37,38,44,45,46,48,50,52,53,56,57,59,60,63,68,70,71,72,74,78,79,91,92,95,97,98,101,103,104,105,108,109,110,111,112,113,128,115,116,118,119,120,121,122,131,132,133,136,137,138,140,143,144,145,146,147,148
115:1,3,4,8,10,18,21,23,24,28,29,32,33,35,36,39,45,46,47,48,51,52,53,54,55,58,59,61,63,64,66,67,68,69,70,72,73,74,75,79,80,82,83,84,85,90,92,97,101,102,104,106,109,114,142,117,118,126,129,130,131,133,134,135,136,140,141,147,148
116:0,1,4,8,9,10,11,13,14,15,16,18,19,20,22,24,25,27,30,34,35,36,37,38,41,42,43,44,45,46,49,50,54,56,57,59,62,65,67,69,70,71,72,73,78,80,81,83,85,86,87,91,92,94,95,96,98,99,100,101,104,106,108,109,110,112,113,114,128,118,123,124,127,130,132,135,138,139,140,142,143,145,147,148
117:0,1,2,7,9,10,11,12,13,15,17,19,20,22,24,26,28,29,30,31,32,34,35,40,44,46,47,48,51,53,54,55,56,57,58,59,60,61,63,64,66,68,71,73,75,76,77,84,86,88,90,92,93,95,97,98,99,102,103,104,106,107,110,112,113,115,148,118,119,120,121,123,124,126,132,133,135,138,139
118:1,4,6,7,9,11,13,16,17,18,19,21,25,27,28,29,32,33,34,38,41,42,43,45,46,47,48,51,53,54,55,58,60,62,64,67,74,75,81,82,85,92,95,96,97,98,99,100,101,106,113,114,115,116,117,142,121,123,127,128,130,134,135,137,140,141,143,149
119:0,3,5,6,7,9,11,20,22,24,26,27,30,31,36,40,42,43,45,46,49,50,51,53,55,56,57,61,64,66,67,68,69,72,75,77,78,79,80,82,83,86,87,88,89,91,92,93,94,95,97,104,105,109,112,113,114,117,130,120,125,127,133,134,135,137,138,139,141,144,145,146,147
120:0,1,2,5,6,8,9,15,18,20,21,25,26,28,29,32,34,35,36,37,41,42,48,49,58,59,61,63,68,69,72,73,75,76,78,84,85,88,89,90,94,95,98,104,106,107,108,110,111,112,114,117,119,140,122,123,124,125,126,127,128,129,130,131,132,134,135,137,138,141,142,145,147,148,149
121:1,5,6,7,8,10,13,18,19,25,27,29,31,33,34,35,39,44,47,52,53,62,67,69,71,72,75,81,82,84,85,87,88,89,90,91,92,93,102,105,106,110,114,117,118,122,124,126,128,131,132,135,136,138,144
122:0,2,3,6,9,10,11,12,14,15,16,19,25,26,28,29,32,33,37,39,40,41,43,45,47,48,50,51,52,53,54,58,59,62,65,67,68,69,72,77,79,80,81,83,86,87,89,90,91,92,98,101,103,104,105,106,107,111,112,113,114,120,121,147,124,126,127,129,132,133,134,135,136,139,140,144,145,148
123:3,4,5,6,7,8,9,11,12,16,19,20,22,28,29,32,33,34,36,38,39,40,41,44,48,51,55,56,57,61,62,64,66,68,69,70,72,75,77,78,83,85,87,88,90,91,92,95,96,98,99,102,103,104,106,107,109,110,111,112,116,117,118,120,138,124,125,127,129,131,132,135,136,137,143,146,148,149
124:2,5,6,9,10,11,14,18,20,21,25,27,28,29,30,33,34,35,36,37,39,40,42,45,50,53,58,59,65,68,71,72,73,74,76,81,83,86,91,92,93,94,103,104,105,106,107,111,116,117,120,121,122,123,130,126,127,128,131,132,135,136,137,140,143,146,149
125:0,2,4,9,11,13,14,19,23,24,25,26,30,31,32,34,36,38,39,40,43,45,46,49,51,52,62,63,64,67,68,69,72,74,76,78,79,82,85,87,89,90,93,94,95,96,97,98,99,100,101,103,108,109,110,119,120,123,132,126,127,129,133,134,136,138,139,141,143,145
126:2,3,5,7,10,13,14,17,18,19,20,21,22,23,24,25,26,27,31,32,34,35,37,38,40,41,42,46,48,55,56,58,60,63,66,68,70,73,74,75,77,81,83,85,86,89,91,93,96,100,101,104,105,106,107,108,109,115,117,120,121,122,124,125,131,129,135,138,139,140,141,143,145
127:2,7,11,12,14,15,16,18,19,22,23,24,25,26,27,28,32,36,40,42,43,45,47,55,62,63,70,75,76,77,78,79,81,82,83,84,87,90,94,95,97,100,102,103,104,106,107,111,116,118,119,120,122,123,124,125,129,128,131,133,134,135,140,142,143,144,147
128:0,2,3,6,8,10,11,12,15,16,17,18,20,23,25,26,31,32,34,36,37,38,40,41,42,43,44,45,48,51,52,53,54,56,59,60,62,63,66,71,73,77,78,79,82,83,84,85,86,87,88,91,92,93,96,97,100,106,111,113,114,116,118,120,121,124,127,143,133,134,139,140,141,142,144,145
129:1,2,3,7,9,13,15,16,18,19,21,22,23,24,25,29,30,38,39,40,41,42,46,50,52,54,57,58,62,65,67,70,71,73,74,76,80,82,85,86,87,89,90,91,93,96,101,104,108,110,113,115,120,122,123,125,126,127,134,130,131,132,133,135,140,142,143,144,145,147,148,149
130:4,6,8,9,10,11,12,13,14,16,18,22,24,25,26,27,29,30,33,34,35,36,40,42,43,45,47,48,51,54,55,56,59,62,63,66,68,69,70,71,73,74,75,76,77,80,84,85,89,90,91,93,95,96,100,103,106,108,113,115,116,118,119,120,124,129,144,133,134,135,137,138,140,142,143,146,147,148
131:1,4,5,7,8,10,12,15,16,17,19,26,28,30,31,32,33,35,37,38,39,42,44,46,47,52,53,54,55,56,57,58,62,64,65,71,73,75,76,77,78,79,81,82,83,86,89,91,96,98,99,100,101,104,106,109,114,115,120,121,123,124,126,127,129,148,132,133,134,136,138,139,140,141,144,145,147
132:0,2,7,10,11,12,13,14,19,21,24,25,29,30,31,32,33,34,37,38,40,41,42,46,49,50,51,56,59,60,62,63,64,66,71,73,74,75,76,80,83,84,86,87,91,92,94,95,96,97,98,100,102,103,104,105,107,110,111,114,116,117,120,121,122,123,124,125,129,131,147,133,134,137,138,139,140,141,144,146
133:1,3,4,5,10,12,16,17,18,20,21,22,24,25,26,29,30,31,33,35,36,39,40,45,47,50,52,53,54,56,59,60,62,63,66,68,71,74,75,77,78,79,80,81,82,83,85,87,89,90,91,93,94,95,98,99,102,103,104,106,108,110,112,114,115,117,119,122,125,127,128,129,130,131,132,148,134,137,138,139,142,146,147
134:0,3,4,5,7,10,13,15,16,17,20,21,22,23,24,26,28,30,33,34,36,37,38,41,42,43,44,45,50,52,53,58,63,64,67,72,74,78,79,80,82,83,84,86,87,89,90,91,92,96,99,101,105,106,109,113,115,118,119,120,122,125,127,128,129,130,131,132,133,138,136,144,145,147,148
135:0,1,3,5,7,8,9,10,11,12,14,15,21,22,25,28,31,32,34,35,38,39,41,43,44,45,47,48,49,50,51,53,54,55,56,57,58,60,61,62,64,67,68,69,71,74,76,77,80,82,83,87,88,90,91,93,95,100,101,102,104,105,107,109,110,111,112,115,116,117,118,119,120,121,122,123,124,126,127,129,130,139,137,140,141,145
136:1,2,8,11,14,17,18,19,20,22,24,25,29,30,33,35,36,37,40,41,42,44,45,46,47,49,52,56,57,58,61,62,65,67,70,73,78,80,81,82,83,86,87,88,91,92,93,94,96,102,105,109,110,113,114,115,121,122,123,124,125,131,134,141,139,142,144
137:5,6,9,10,11,12,14,16,17,18,19,20,23,28,30,35,36,37,39,40,44,45,46,49,51,52,53,55,57,61,65,66,67,68,69,70,72,75,77,80,82,84,92,94,95,96,97,99,100,102,105,106,109,110,111,114,118,119,120,123,124,130,132,133,135,147,138,139,141,144,145,146,149
138:1,2,4,7,11,17,19,20,23,25,27,29,30,31,33,34,36,39,45,46,47,48,52,53,54,57,58,61,62,64,68,70,71,72,73,76,78,80,83,84,86,87,88,95,98,104,105,107,110,112,113,114,116,117,119,120,121,123,125,126,130,131,132,133,134,137,145,140,142,144,149
139:0,1,5,6,7,11,12,17,19,20,22,24,25,26,28,29,34,35,36,38,40,42,43,45,47,48,49,51,53,54,55,56,61,62,64,67,69,71,74,79,81,82,84,88,89,91,92,93,94,95,97,104,106,107,111,113,116,117,119,122,125,126,128,131,132,133,135,136,137,145,143,147,149
140:1,2,3,4,5,8,9,12,14,15,19,21,22,23,24,25,26,27,29,30,32,35,37,39,41,42,43,44,45,52,53,56,58,60,63,67,71,72,73,74,75,77,78,80,81,82,87,89,90,91,94,95,98,101,102,104,107,109,110,111,112,113,114,115,116,118,120,122,124,126,127,128,129,130,131,132,135,138,142,141,143,144,145,146,149
141:0,1,2,3,5,10,12,14,18,20,22,23,24,25,27,29,30,33,37,38,39,40,41,43,44,47,49,51,53,54,56,61,62,65,66,67,68,70,72,73,75,79,80,82,84,86,87,88,89,91,94,97,98,99,101,103,104,105,106,107,108,113,115,118,119,120,125,126,128,131,132,135,136,137,140,146,143,144,145,147,148,149
142:0,1,2,3,4,5,6,8,11,15,17,18,19,25,26,31,32,33,34,35,37,38,40,41,43,47,49,50,52,55,58,59,60,65,69,70,71,72,74,75,76,78,82,85,88,89,90,91,92,95,100,101,104,106,111,112,113,115,116,118,120,127,128,129,130,133,136,138,140,145,146
143:0,1,3,4,6,7,8,12,15,17,19,20,26,27,28,30,31,32,35,38,40,41,43,44,45,49,50,51,52,55,56,57,62,65,66,67,68,69,70,72,75,80,82,83,84,89,92,95,98,100,101,102,105,106,109,111,114,116,118,123,124,125,126,127,128,129,130,139,140,141,149,144,146,147,148
144:0,2,3,5,6,11,12,13,15,17,20,21,22,26,27,28,29,30,31,33,34,38,39,42,44,57,62,64,65,67,71,74,76,78,79,80,83,85,86,89,92,96,98,99,100,102,104,105,106,108,109,113,114,119,121,122,127,128,129,130,131,132,134,136,137,138,140,141,143,147,149
145:1,3,4,8,13,14,17,22,24,26,28,30,34,36,38,39,40,41,42,44,51,54,56,58,60,62,65,68,72,74,75,76,77,80,83,85,86,90,92,96,98,99,100,102,103,104,105,106,107,108,114,116,119,120,122,125,126,128,129,131,134,135,137,138,139,140,141,142,146,148
146:6,7,9,11,18,21,24,25,26,29,30,34,35,39,44,47,50,52,55,57,58,59,60,62,63,66,70,72,74,77,79,81,84,86,87,90,92,95,96,105,106,109,112,113,114,119,123,124,130,132,133,137,140,141,142,143,145,148,147
147:0,1,2,3,5,6,9,12,14,19,22,23,25,28,31,33,34,35,36,37,38,39,41,42,43,48,50,51,52,53,54,55,57,61,65,66,70,74,76,77,79,80,81,84,87,93,94,97,99,100,102,103,105,106,107,110,111,112,113,114,115,116,119,120,122,127,129,130,131,132,133,134,137,139,141,143,144,146,148,149
148:1,6,8,9,10,13,17,18,19,20,21,25,26,28,29,30,31,33,36,38,41,42,43,44,45,46,47,48,49,50,51,53,56,58,63,64,65,66,69,70,73,75,76,77,78,80,81,82,86,87,89,91,92,98,99,103,104,106,108,111,112,114,115,116,117,120,122,123,129,130,131,133,134,141,143,145,146,147,149
149:1,2,3,4,6,8,10,11,12,14,15,16,19,22,23,25,26,27,29,30,32,33,34,36,42,43,44,46,47,50,52,54,56,58,61,64,65,69,70,71,72,73,74,80,81,84,87,88,89,90,93,94,95,100,101,105,108,118,120,123,124,129,137,138,139,140,141,143,144,147,148
