0:164,7,13,36,37,47,53,54,97,106,115,138,144,153,160,217,226,244
1:30,32,183,208
2:180,54,84,99,143,164,168,187,194,217,229,238
3:81,7,13,44,49,77,119,142,181
4:136,26,27,49,53,54,60,75,76,92,99,108,123,130,145,159,162,215
5:109,33,39,40,55,60,67,107,124,146,171,180,213,236
6:55,32,41,42,48,110,116,226
7:0,3,239,28,46,63,89,100,102,113,118,121,131,149,161,182,197,241
8:226,65,90,169,186,206,219
9:86,35,116,163,164
10:89,22,54,99,112,143,155,162,198,203,227
11:120,56,102,157,201,202,213
12:49,38,43,44,64,111,114,140,144,227
13:0,3,140,53,70,119,135,152,177,245
14:114,63,65,67,103,111,131,203,206,231
15:111,32,39,51,73,108,132,178,224
16:153,47,63,96,131,164,174,195,231,242
17:160,58,83,84,85,89,109,120,148,169,241
18:150,27,51,74,114,191,202,203,207,219
19:31,56,60,76,85,90,92,142,186,234,239,241
20:139,51,97,118,129,144,185,216,225,249
21:226,46,52,89,96,137,187,208,222,228,232,245,249
22:10,248,30,44,50,54,70,75,78,133,152,154,164,169,179,193,208,214,249
23:208,31,55,112,174,176,188,200,214,239
24:84,26,49,64,82,146,151,158,195
25:52,65,67,77,80,140,206,223,236
26:4,24,184,159,205,218
27:4,18,77,78,91,97,160,170,171,184,199,247,248
28:7,161,89,165,196,227,229
29:227,39,58,61,65,117,193,229
30:1,22,100,31,38,45,73,79,138,162
31:19,23,30,38,37,67,85,92,123,126,169,175,186,208,227,239
32:1,6,15,108,33,69,126,133,135,160,221
33:5,32,168,37,59,67,181,229
34:53,63,86,91,99,101,105,119,159,173,179,192,193,200,212
35:9,129,49,60,75,84,106,108,156,157,164,176,216,218,244
36:0,120,59,70,72,81,107,155,156,223,229,232
37:0,31,33,151,65,130,166,226,234,245
38:12,30,31,62,82,92,96,202,222,244
39:5,15,29,170,60,71,77,115,124,128,137,156,171,182,235,238
40:5,157,64,67,68,69,72,99,112,145,155,186
41:6,220,73,90,95,105,146,158,188,195
42:6,67,129,136,158,166,230,244
43:12,94,44,64,84,140,177,183,230,238
44:3,12,22,43,104,51,77,97,115,139,158,222
45:30,115,51,67,118,125,153,159,202,206,228,231
46:7,21,177,59,82,136,143,206
47:0,16,241,100,118,133,164,176,197,210,218,231,235,238,240
48:6,82,67,124,145,171,202,219,235
49:3,4,12,24,35,154,109,160,213,219
50:22,60,61,113,134,141,155,174,199,212,232,247
51:15,18,20,44,45,117,137,145,177,183,200,214,237
52:21,25,73,88,93,95,113,116,119,130,152,200
53:0,4,13,34,121,54,83,98,105,160,206,210,217,220
54:0,2,4,10,22,53,246,58,91,103,127,134,149,155,182,216,247,248
55:5,6,23,155,58,73,79,130,201,209,212,237,239
56:11,19,206,68,89,99,155,158,163,198
57:245,69,130,145,171,175,187,188,208,215,234
58:17,29,54,55,155,71,72,77,91,94,101,105,123,129,148,156,166,176,183,196,198,217,233
59:33,36,46,87,70,76,96,108,112,119,155,167,198,224,226,227,241
60:4,5,19,35,39,50,130,65,82,90,105,120,141,171,202
61:29,50,69,62,66,70,89,91,94,122,154,163,199,226
62:38,61,200,100,136,154,195,198,221,230,235
63:7,14,16,34,87,70,170,176,179,215,230,232,234,243
64:12,24,40,43,122,95,115,145,155,158,176,209,211,227,236,238
65:8,14,25,29,37,60,155,68,73,75,100,105,130,145,176,186
66:61,184,74,90,136,163,195,209,216
67:5,14,25,31,33,40,42,45,48,180,140,155,184,191,209
68:40,56,65,247,101,104,144,146,150,155,177,183,202,219,237
69:32,40,57,61,82,72,74,75,83,89,96,129,207,238
70:13,22,36,59,61,63,224,71,73,79,96,124,191
71:39,58,70,129,89,99,112,119,125,196,197
72:36,40,58,69,110,123,125,180,182,198,207,215,226,246
73:15,30,41,52,55,65,70,200,113,118,121,127,173,247
74:18,66,69,246,145,164,214,234,248
75:4,22,35,65,69,218,124,142,195,197,205,209,221
76:4,19,59,100,77,136,189,190,213,221,232
77:3,25,27,39,44,58,76,96,82,91,92,123,128,139,142,162,180,183,221,228,232,235
78:22,27,135,82,94,131,144,159,211
79:30,55,70,121,105,132,143,147,169,205,206
80:25,176,115,124,125,165,181,183,211,240
81:3,36,115,93,100,114,203,207,210,216
82:24,38,46,48,60,69,77,78,155,86,88,110,138,168
83:17,53,69,129,86,111,189
84:2,17,24,35,43,123,108,113,142,158,168,179,205,222,230,247
85:17,19,31,129,122,131,163,176,194,199,206,234,246
86:9,34,82,83,94,116,120,186,194,195,209
87:59,63,174,131,135,191,202,213,223,242
88:52,82,136,91,112,149,152,180,199,222,248
89:7,10,17,21,28,56,61,69,71,197,93,144,156,160,175,180,200,239,241
90:8,19,41,60,66,146,138,192,228,232,246
91:27,34,54,58,61,77,88,98,106,112,176,187,211
92:4,19,31,38,77,160,129,148,200,204,206,228
93:52,81,89,116,119,141,149,165,175,178,184,189,213
94:43,58,61,78,86,210,147,171,176,178,214
95:41,52,64,226,107,121,122,123,130,138,139,156,170,176,190,202,216
96:16,21,38,59,69,70,77,184,104,106,140,157,175,201,241
97:0,20,27,44,101,147,207,233
98:53,91,126,145,147,161,178,204,235
99:2,4,10,34,40,56,71,212,112,113,118,140,147,148,154,180,182,237
100:7,30,47,62,65,76,81,161,108,164,184,206,207,230,246
101:34,58,68,97,162,111,128,134,155,178,203,223
102:7,11,166,113,136,163,203,232,234,239,242
103:14,54,214,126,137,142,149
104:44,68,96,193,113,121,148,173,175,181,182,200,222,249
105:34,41,53,58,60,65,79,181,108,115,144,173,224
106:0,35,91,96,207,120,133,145,182,219,232,245
107:5,36,95,138,129,131,161,228,244
108:4,15,32,35,59,84,100,105,112,109,136,151,161,168,223,224,234
109:5,17,49,108,206,114,142,216
110:6,72,82,209,118,123,184,185,198,204,214,229,236,243,248
111:12,14,15,83,101,193,210
112:10,23,40,59,71,88,91,99,108,142,144,164,178,243
113:7,50,52,73,84,99,102,104,125,145,174,192
114:12,14,18,81,109,213,123,185,187,208,228,242
115:0,39,44,45,64,80,81,105,242,134,181,190,211,236,238,243
116:6,9,52,86,93,240,126,153,167,210,227,248
117:29,51,156,165,168,183,206,227
118:7,20,45,47,73,99,110,127,119,126,145,154,167,190,205,211,216
119:3,13,34,52,59,71,93,118,143,159,182,205,208,217,241,246
120:11,17,36,60,86,106,235,168,175,196,200,210
121:7,53,73,79,95,104,167,142,143,177,186,246
122:61,64,85,95,203,150,152,189,193,209,238
123:4,31,58,72,77,84,95,110,114,165,124,139,159,176,177,201
124:5,39,48,70,75,80,123,204,138,143,165,216,235
125:45,71,72,80,113,154,142,153,178,181,187
126:31,32,98,103,116,118,166,160,193
127:54,73,118,222,132,185,205,241
128:39,77,101,244,138,154,170,171,173,210
129:20,35,42,58,69,71,83,85,92,107,191,162,182,201,207,216,230
130:4,37,52,55,57,60,65,95,218,188,206,223
131:7,14,16,78,85,87,107,183,184,194,203,239,243
132:15,79,127,245,137,142,147,202,213
133:22,32,47,106,184,145,165,181,187,246
134:50,54,101,115,210,135,229,232
135:13,32,78,87,134,220,144,152,174,229
136:4,42,46,62,66,76,88,102,108,139,140,155,157,181,199,205
137:21,39,51,103,132,194,175,181,196,204,247
138:0,30,82,90,95,107,124,128,150,170,205,231
139:20,44,77,95,123,136,246,165,171,214,225
140:12,13,25,43,67,96,99,136,142,161,166,203,242
141:50,60,93,154,144,148,163,173,188,219,230,247
142:3,19,75,77,84,103,109,112,121,125,132,140,147,173,196,198
143:2,10,46,79,119,121,124,200,169,176,201,203,214,244,246
144:0,12,20,68,78,89,105,112,135,141,156,155,199,207,211
145:4,40,48,51,57,64,65,74,98,106,113,118,133,187,175,197,216
146:5,24,41,68,90,246,152,189,199,203,206,209,220,233,236
147:79,94,97,98,99,132,142,218,164,181,192,246
148:17,58,92,99,104,141,156,158,168,178,181,199,225
149:7,54,88,93,103,246,151,166,194,236
150:18,68,122,138,179,157,214,215,226,239,246
151:24,37,108,149,229,164,211
152:13,22,52,88,122,135,146,183,177,224,248
153:0,16,45,116,125,175,165,201,229,241,243
154:22,49,61,62,99,118,125,128,141,200,160,192,226,237,249
155:10,36,40,50,54,55,56,58,59,64,65,67,68,82,101,136,144,237,184,212,239
156:35,36,39,58,89,95,117,144,148,168,160,171,177,179,184,201
157:11,35,40,96,136,150,224,167,168,172,223,234,242
158:24,41,42,44,56,64,84,148,165,172,179,204,206,218
159:4,26,34,45,78,119,123,222,212
160:0,17,27,32,49,53,89,92,126,154,156,174,190,200
161:7,28,98,100,107,108,140,221,188,190,198,208,233,238,247
162:4,10,30,77,101,129,183,178,203,223
163:9,56,61,66,85,102,141,234,184,212,218,230,245
164:0,2,9,16,22,35,47,74,100,112,147,151,212,209,225,230
165:28,80,93,117,123,124,133,139,153,158,166,204,206,212,221,236
166:37,42,58,102,126,140,149,165,206,167,189,204,220,228,234
167:59,116,118,121,157,166,208,187,191,213,236,246
168:2,33,82,84,108,117,120,148,156,157,192,202,213,219
169:8,17,22,31,79,143,215
170:27,39,63,95,128,138,238,183,194,200,223
171:5,27,39,48,57,60,94,128,139,156,195,183
172:157,158,181,193,202,236
173:34,73,104,105,128,141,142,220,194
174:16,23,50,87,113,135,160,204,205
175:31,57,89,93,96,104,120,137,145,153,246,176,180,197,198
176:23,35,47,58,63,64,65,80,85,91,94,95,123,143,175,206,192,194,213
177:13,43,46,51,68,121,123,152,156,181,226,248
178:15,93,94,98,101,112,125,148,162,248,186,198,204,205,216
179:22,34,63,84,150,156,158,241,212,223,243
180:2,5,67,72,77,88,89,99,175,240,217,220
181:3,33,80,104,105,115,125,133,136,137,147,148,172,177,200,191,199,205,236,239
182:7,39,54,72,99,104,106,119,129,246,210,221
183:1,43,51,58,68,77,80,117,131,152,162,170,171,220,196,228
184:26,27,66,67,93,96,100,110,131,133,155,156,163,210,199,239,246
185:20,110,114,127,227,190,205
186:8,19,31,40,65,86,121,178,223,202
187:2,21,57,91,114,125,133,145,167,209,239
188:23,41,57,130,141,161,244,203,208
189:76,83,93,122,146,166,200,202,218,227
190:76,95,115,118,160,161,185,200,194,233,247
191:18,67,70,87,129,167,181,206,192,213,222,229,247
192:34,90,113,147,154,168,176,191,206,204,243,246
193:22,29,34,104,111,122,126,172,226,238,241
194:2,85,86,131,137,149,170,173,176,190,220,195,211
195:16,24,41,62,66,75,86,171,194,223,233,243
196:28,58,71,120,137,142,183,220,218,224
197:7,47,71,75,89,145,175,238,228
198:10,56,58,59,62,72,110,142,161,175,178,234,238,248
199:27,50,61,85,88,136,144,146,148,181,184,249,201,237,248
200:23,34,51,52,62,73,89,92,104,120,143,154,160,170,181,189,190,230,205,209
201:11,55,96,123,129,143,153,156,199,244,248
202:11,18,38,45,48,60,68,87,95,132,168,172,186,189,208,241,244,246
203:10,14,18,81,101,102,122,131,140,143,146,162,188,209,210,222
204:92,98,110,124,137,158,165,166,174,178,192,244,211
205:26,75,79,84,118,119,127,136,138,174,178,181,185,200,237,212,214,231,234,244
206:8,14,25,45,46,53,56,79,85,92,100,109,117,130,146,158,165,166,176,191,192,215,248
207:18,69,72,81,97,100,106,129,144,237,248
208:1,21,22,23,31,57,114,119,161,167,188,202,234,221,222,237
209:55,64,66,67,75,86,110,122,146,164,187,200,203,243,216,242
210:47,53,81,94,111,116,120,128,134,182,184,203,246,214,243
211:64,78,80,91,115,118,144,151,194,204,216
212:34,50,55,99,155,159,163,164,165,179,205,245,216,225
213:5,11,49,76,87,93,114,132,167,168,176,191,248
214:22,23,51,74,94,103,110,139,143,150,205,210,233,221
215:4,57,63,72,150,169,206,225,224,227
216:20,35,54,66,81,95,109,118,124,129,145,178,209,211,212,243
217:0,2,53,58,119,180,221,222,233
218:26,35,47,75,130,147,158,163,189,196,248
219:8,18,48,49,68,106,141,168,222,230,231
220:41,53,135,146,166,173,180,183,194,196,236,228,235
221:32,62,75,76,77,161,165,182,208,214,217,245,241,244
222:21,38,44,84,88,104,127,159,191,203,208,217,219,248,224,249
223:25,36,87,101,108,130,157,162,170,179,186,195,248,246
224:15,59,70,105,108,152,157,196,215,222,248,230
225:20,139,148,164,212,215,231,242
226:0,6,8,21,37,59,61,72,95,150,154,177,193,245
227:10,12,28,29,31,59,64,116,117,185,189,215,234,238
228:21,45,77,90,92,107,114,166,183,197,220,230,229
229:2,28,29,33,36,110,134,135,151,153,191,228,248
230:42,43,62,63,84,100,129,141,163,164,200,219,224,228,239,248
231:14,16,45,47,138,205,219,225,237,247
232:21,36,50,63,76,77,90,102,106,134,244
233:58,97,146,161,190,195,214,217,249,234,244
234:19,37,57,63,74,85,102,108,157,163,166,198,205,208,227,233,248
235:39,47,48,62,77,98,120,124,220,236,245
236:5,25,64,110,115,146,149,165,167,172,181,220,235,241,237
237:51,55,68,99,154,155,199,205,207,208,231,236,249,240,243
238:2,39,43,47,64,69,115,122,161,170,193,197,198,227,239
239:7,19,23,31,55,89,102,131,150,155,181,184,187,230,238,241
240:47,80,116,180,237,244
241:7,17,19,47,59,89,96,119,127,153,179,193,202,221,236,239,248,243
242:16,87,102,114,115,140,157,209,225,247
243:63,110,112,115,131,153,179,192,195,209,210,216,237,241,249,248
244:0,35,38,42,107,128,143,188,201,202,204,205,221,232,233,240,245
245:13,21,37,57,106,132,163,212,221,226,235,244,246
246:54,72,74,85,90,100,119,121,133,139,143,146,147,149,150,167,175,182,184,192,202,210,223,245,247
247:27,50,54,68,73,84,137,141,161,190,191,231,242,246,249
248:22,27,54,74,88,110,116,152,177,178,198,199,201,206,207,213,218,222,223,224,229,230,234,241,243,249
249:20,21,22,104,154,199,222,233,237,243,247,248
