0:28,1,2,6,12,15,17,19,20,21,24,26,27,29,32,37,39,40,41,45,47,48,49,52,53,54,55,61,63,64,68,70,71,73,76,79,81,85,90,91,93,95,100,101,104,105,106,111,113,114,119
1:0,49,2,4,6,10,11,12,13,14,15,19,20,22,23,25,26,30,31,32,33,35,36,38,39,42,43,44,45,46,53,58,60,61,64,71,72,74,77,84,89,90,97,98,99,105,107,108,112,115
2:0,1,72,6,8,9,10,11,14,16,19,24,25,28,29,30,31,32,34,42,45,47,51,52,54,56,59,63,64,66,67,69,74,77,78,79,80,82,83,85,86,87,89,91,97,100,102,103,104,105,109,113,117,118,119
3:59,4,5,9,11,12,13,14,15,17,22,23,25,26,28,29,31,38,39,41,43,44,47,48,51,52,53,57,58,61,62,65,66,67,68,69,73,75,76,77,81,82,83,84,86,87,89,94,96,103,104,107,112,113,115,118,119
4:1,3,14,5,6,10,13,15,18,23,26,28,40,41,42,43,45,46,50,51,52,53,54,55,56,59,61,64,65,66,67,69,70,71,72,76,77,78,79,80,84,86,87,88,92,93,95,98,99,101,103,105,106,110,111,112,115,118,119
5:3,4,21,8,9,10,11,13,14,16,18,19,20,24,26,27,30,33,34,36,37,38,39,41,44,46,47,50,51,53,56,57,58,59,60,61,62,63,64,65,67,68,69,70,72,73,75,78,80,81,82,92,94,99,102,103,106,107,108,109,111,115,117
6:0,1,2,4,66,9,10,12,14,16,17,19,25,26,27,31,33,34,35,36,37,38,39,40,43,47,50,54,55,57,64,67,68,69,70,72,73,75,81,82,83,84,90,91,92,94,99,108,109,110,111,114,116,117,118
7:82,8,11,14,16,20,21,22,24,25,26,30,31,35,36,41,46,47,49,50,56,57,60,61,63,65,67,68,69,73,74,77,79,80,83,86,91,95,96,97,101,102,103,105,106,107,108,110,112,113,114,115,116,117,118
8:2,5,7,79,11,12,14,15,18,20,22,25,26,27,28,29,31,33,34,35,36,38,40,41,42,43,45,46,48,53,54,57,62,63,64,69,70,71,72,77,78,83,84,86,87,93,94,95,96,98,99,100,101,102,104,107,108,112,114,117
9:2,3,5,6,41,10,12,13,16,20,22,33,34,36,37,39,43,45,47,48,52,53,55,56,58,59,62,63,64,66,68,69,71,74,76,79,81,82,84,85,86,87,88,90,91,93,94,95,98,100,101,107,109,110,117,118,119
10:1,2,4,5,6,9,50,16,17,18,19,24,25,27,29,30,31,34,39,40,41,42,46,47,48,49,51,52,57,60,61,62,64,65,67,68,71,73,74,76,77,79,81,83,84,89,91,92,93,94,95,98,100,101,104,105,108,109,111,112,115,116,117
11:1,2,3,5,7,8,78,12,15,16,17,18,20,21,23,24,25,27,31,35,36,39,41,43,46,51,54,55,56,60,62,64,65,66,69,72,75,83,84,85,87,89,94,96,100,102,104,106,107,109,110,111,112,114,117
12:0,1,3,6,8,9,11,105,13,14,19,23,24,25,29,32,42,46,47,49,51,52,55,56,59,60,61,64,68,70,72,74,79,81,82,85,87,90,92,94,96,99,107,108,109,113,119
13:1,3,4,5,9,12,43,16,18,19,21,24,27,31,36,37,38,40,41,42,45,46,50,52,56,60,63,64,65,67,68,69,70,71,73,74,76,77,79,81,82,84,85,87,88,89,92,93,94,96,97,98,99,106,107,108,109,112,113,117,119
14:1,2,3,4,5,6,7,8,12,112,15,17,19,21,22,23,26,28,35,36,40,41,42,43,45,46,48,49,50,51,52,53,58,59,62,63,66,67,70,71,75,78,79,80,81,86,93,97,102,104,109,117,118,119
15:0,1,3,4,8,11,14,109,21,23,24,25,26,32,36,37,39,40,42,43,48,54,59,61,65,66,69,72,75,76,77,79,82,84,88,89,90,93,95,99,100,106,110,112
16:2,5,6,7,9,10,11,13,77,18,22,26,27,29,31,33,37,39,41,43,45,46,47,48,49,51,54,55,58,59,62,63,69,70,71,73,74,75,78,79,80,81,84,85,87,89,92,93,94,95,97,98,100,102,103,104,105,108,111,112,114,115,117,118
17:0,3,6,10,11,14,36,19,23,24,25,29,30,34,35,38,40,42,44,45,47,49,50,51,53,54,55,56,57,61,64,66,67,69,71,72,73,78,79,82,86,87,88,89,90,91,92,93,97,98,101,102,103,104,105,106,109,111,115,119
18:4,5,8,10,11,13,16,75,23,26,28,29,30,33,36,37,39,40,41,43,46,47,52,53,58,61,62,63,70,71,73,76,79,80,81,82,85,94,95,96,98,101,103,104,107,111,112,114,115,118
19:0,1,2,5,6,10,12,13,14,17,102,20,22,23,24,25,27,29,39,40,41,43,45,46,47,50,56,58,59,61,62,63,67,68,70,71,73,75,77,81,82,84,86,87,89,96,103,106,109,110,114,117
20:0,1,5,7,8,9,11,19,99,21,23,28,29,30,36,37,38,39,40,41,44,45,47,49,51,52,53,54,55,57,58,62,66,67,68,69,71,72,74,75,78,80,81,82,85,86,88,95,101,103,104,106,107,108,110,113,114,115,116
21:0,5,7,11,13,14,15,20,39,23,25,28,29,31,32,33,34,38,42,45,50,52,53,58,59,60,61,80,82,83,84,87,88,94,95,98,99,100,104,106,107,108,109,110,112,114,116,118,119
22:1,3,7,8,9,14,16,19,31,23,24,29,34,35,36,45,46,49,50,52,53,54,55,59,60,61,62,63,66,68,70,72,75,76,77,78,79,80,83,85,87,89,90,92,93,95,96,101,103,104,105,108,111,114,119
23:1,3,4,11,12,14,15,17,18,19,20,21,22,105,24,25,28,29,35,36,39,41,47,51,52,53,54,56,57,59,61,63,64,72,75,77,78,81,83,87,91,92,97,98,99,100,104,107,110,113,114,115,116
24:0,2,5,7,10,11,12,13,15,17,19,22,23,37,25,26,28,29,30,31,32,33,34,35,39,41,44,45,47,49,51,53,54,55,56,57,60,64,65,66,67,68,70,72,75,76,77,78,81,86,87,89,91,92,93,94,99,100,102,103,108,109,110,111,113,114,115,116,117,118
25:1,2,3,6,7,8,10,11,12,15,17,19,21,23,24,119,27,28,29,32,33,34,41,42,43,46,47,50,52,55,56,57,59,61,62,66,70,71,73,74,81,82,84,85,86,88,90,94,97,103,104,106,107,108,109,113,116
26:0,1,3,4,5,6,7,8,14,15,16,18,24,54,28,31,32,38,39,40,45,46,50,52,53,56,57,61,64,68,71,72,75,76,77,79,81,86,87,91,93,98,100,101,104,107,111,113,114,115,117,118,119
27:0,5,6,8,10,11,13,16,19,25,59,29,30,31,32,33,34,35,40,41,44,47,48,50,51,52,53,54,55,56,58,60,61,67,75,78,79,80,81,82,83,84,85,87,91,93,94,97,99,100,102,105,107,111,112,113,114,117,118,119
28:0,2,3,4,8,14,18,20,21,23,24,25,26,77,29,32,33,36,37,38,39,42,44,45,47,49,53,54,58,59,61,65,69,70,73,76,79,80,82,83,85,86,90,92,93,95,96,98,99,104,107,108,109,111,112,113,114
29:0,2,3,8,10,12,16,17,18,19,20,21,22,23,24,25,27,28,38,32,33,34,36,39,41,43,44,46,50,52,54,55,59,60,61,67,71,74,76,77,80,81,82,83,85,87,89,90,91,96,97,100,103,105,107,109,110,113,114,117,118,119
30:1,2,5,7,10,17,18,20,24,27,93,31,37,38,40,46,47,49,51,53,54,55,56,58,59,60,64,66,68,71,72,73,75,76,78,79,85,86,87,88,91,94,95,97,99,101,102,103,104,105,106,108,115,116,117,118,119
31:1,2,3,6,7,8,10,11,13,16,21,22,24,26,27,30,84,32,33,36,38,39,42,44,45,46,47,48,49,51,52,54,58,59,61,62,64,67,69,71,74,75,78,80,81,86,88,89,93,98,104,105,106,107,108,109,110,112,115,117,119
32:0,1,2,12,15,21,24,25,26,27,28,29,31,106,34,35,37,38,39,43,44,45,49,52,54,57,58,59,62,67,69,72,73,76,79,81,82,84,86,88,91,93,94,96,97,98,100,102,107,111,112,114,115,116,119
33:1,5,6,8,9,16,18,21,24,25,27,28,29,31,88,35,37,39,41,45,46,47,52,53,55,58,65,70,73,74,77,78,80,81,82,83,86,87,92,93,94,96,99,100,101,102,104,106,111,112,113,114,115,116,118
34:2,5,6,8,9,10,17,21,22,24,25,27,29,32,98,36,39,41,43,44,46,47,50,53,54,55,57,61,62,63,65,68,73,74,76,79,81,82,84,88,89,95,96,97,104,105,109,112,113,114,116,117,118
35:1,6,7,8,11,14,17,22,23,24,27,32,33,109,36,39,40,41,42,48,50,56,57,60,61,62,67,69,70,74,80,81,83,84,87,88,89,94,95,98,101,102,103,108,110,112
36:1,5,6,7,8,9,11,13,14,15,17,18,20,22,23,28,29,31,34,35,49,37,39,42,43,45,46,48,50,51,53,55,56,60,62,68,71,72,73,75,76,78,80,81,85,86,87,88,89,91,93,94,95,99,101,102,103,105,109,110,112,117,118
37:0,5,6,9,13,15,16,18,20,24,28,30,32,33,36,118,38,41,42,44,45,46,48,50,51,52,53,55,58,59,60,61,62,67,70,71,72,74,75,77,78,79,83,88,90,93,94,96,97,100,103,104,106,107,109,111,112,114,116,119
38:1,3,5,6,8,13,17,20,21,26,28,29,30,31,32,37,106,39,42,43,45,47,49,51,52,53,54,55,56,57,58,60,62,66,67,68,69,70,71,73,75,76,79,82,84,85,86,88,89,93,94,95,100,103,105,107,111,112,113,115,116
39:0,1,3,5,6,9,10,11,15,16,18,19,20,21,23,24,26,28,29,31,32,33,34,35,36,38,70,40,41,44,47,49,50,53,55,58,59,60,61,63,64,67,68,77,78,80,83,85,86,93,95,99,100,101,102,105,107,109,112,113,115,116,117,119
40:0,4,6,8,10,13,14,15,17,18,19,20,26,27,30,35,39,52,42,43,46,47,48,49,50,53,56,57,58,60,63,64,67,72,74,77,79,80,82,83,84,87,88,90,91,95,100,108,109,113,114,115,117,118
41:0,3,4,5,7,8,9,10,11,13,14,16,18,19,20,23,24,25,27,29,33,34,35,37,39,111,43,45,46,47,48,50,52,54,55,59,60,61,62,64,65,67,69,70,73,80,81,83,90,91,99,100,101,102,103,105,106,107,109,113,119
42:1,2,4,8,10,12,13,14,15,17,21,25,28,31,35,36,37,38,40,63,43,45,46,47,51,52,60,67,72,74,75,76,78,81,85,86,91,92,96,97,99,102,103,105,108,109,110,112,113,115,116,117
43:1,3,4,6,8,9,11,13,14,15,16,18,19,25,29,32,34,36,38,40,41,42,99,44,46,47,49,50,52,53,54,55,56,57,59,61,64,66,67,68,71,72,75,76,77,82,83,86,88,89,90,92,93,94,95,101,103,104,105,107,109,110,113,117,118
44:1,3,5,17,20,24,27,28,29,31,32,34,37,39,43,94,45,48,49,51,52,57,59,60,61,64,65,67,70,73,74,75,77,81,82,85,86,91,95,99,102,103,104,106,108,109,110,115,119
45:0,1,2,4,8,9,13,14,16,17,19,20,21,22,24,26,28,31,32,33,36,37,38,41,42,44,62,46,48,50,52,54,57,60,63,64,67,68,70,72,74,75,76,77,80,81,86,87,89,91,92,93,94,95,97,99,102,103,107,109,110,111,112,113,114,115,118,119
46:1,4,5,7,8,10,11,12,13,14,16,18,19,22,25,26,29,30,31,33,34,36,37,40,41,42,43,45,58,49,50,51,53,57,59,62,65,68,70,71,72,83,85,86,88,91,93,95,99,100,101,103,106,108,110,111,114,116
47:0,2,3,5,6,7,9,10,12,16,17,18,19,20,23,24,25,27,28,30,31,33,34,38,39,40,41,42,43,98,48,52,55,56,60,61,62,67,68,69,70,71,72,73,74,77,79,80,82,85,86,87,89,90,91,92,94,95,99,100,101,104,106,109,111,112,115,118,119
48:0,3,8,9,10,14,15,16,27,31,35,36,37,40,41,44,45,47,111,50,52,54,56,58,59,60,62,64,68,69,70,71,72,73,75,77,79,80,86,88,89,93,94,96,97,98,99,100,101,102,104,106,108,109,110,114,116,117,119
49:0,1,7,10,12,14,16,17,20,22,24,28,30,31,32,36,38,39,40,43,44,46,80,52,53,54,55,56,59,60,63,64,66,69,70,72,74,75,77,81,85,86,87,88,89,90,92,97,98,99,100,101,102,103,105,108,110,113,115,118
50:4,5,6,7,10,13,14,17,19,21,22,25,26,27,29,34,35,36,37,39,40,41,43,45,46,48,57,51,56,59,62,63,65,66,69,71,72,74,75,76,82,83,84,85,86,88,89,91,92,93,95,96,98,100,104,108,109,111,112,116,117
51:2,3,4,5,10,11,12,14,16,17,20,23,24,27,30,31,36,37,38,42,44,46,50,115,52,53,54,59,60,63,65,66,67,70,71,72,77,78,81,85,89,90,91,92,94,96,98,99,101,103,104,106,107,108,109,111,112,113,114,117
52:0,2,3,4,9,10,12,13,14,18,20,21,22,23,25,26,27,29,31,32,33,37,38,40,41,42,43,44,45,47,48,49,51,119,54,56,60,62,63,65,66,67,69,73,75,78,79,83,84,87,88,89,92,93,98,99,100,101,104,109,110,111,113,114,117
53:0,1,3,4,5,8,9,14,17,18,20,21,22,23,24,26,27,28,30,33,34,36,37,38,39,40,43,46,49,51,92,56,57,59,60,62,64,67,68,69,70,71,79,82,85,88,90,91,94,95,96,97,99,100,104,106,108,114,115,116,118,119
54:0,2,4,6,8,11,15,16,17,20,22,23,24,26,27,28,29,30,31,32,34,38,41,43,45,48,49,51,52,60,55,59,66,67,72,73,75,78,79,80,82,83,90,91,92,93,100,107,108,109,111,115,118,119
55:0,4,6,9,11,12,16,17,20,22,24,25,27,29,30,33,34,36,37,38,39,41,43,47,49,54,119,61,63,66,72,74,75,78,79,80,83,84,86,87,88,90,92,93,95,97,100,102,109,110,114,115,116,117
56:2,4,5,7,9,11,12,13,17,19,23,24,25,26,27,30,35,36,38,40,43,47,48,49,50,52,53,73,57,59,62,64,67,68,70,74,75,77,81,82,83,87,90,91,92,94,98,102,105,110,111,112,113,115,117,118,119
57:3,5,6,7,8,10,17,20,23,24,25,26,32,34,35,38,40,43,44,45,46,50,53,56,63,59,60,64,66,71,73,74,83,84,85,86,88,90,91,92,95,96,99,105,108,111,118
58:1,3,5,9,14,16,18,19,20,21,27,28,30,31,32,33,37,38,39,40,46,48,105,61,65,66,67,68,69,71,72,73,75,78,79,80,82,83,85,87,90,94,96,97,98,101,102,104,109,111,113,114,115,118
59:2,3,4,5,9,12,14,15,16,19,21,22,23,25,27,28,29,30,31,32,37,39,41,43,44,46,48,49,50,51,53,54,56,57,92,63,66,67,70,71,73,77,80,82,84,87,90,91,95,102,103,104,110,114,116
60:1,5,7,10,11,12,13,21,22,24,27,29,30,35,36,37,38,39,40,41,42,44,45,47,48,49,51,52,53,54,57,61,62,69,73,75,76,85,87,92,94,95,96,97,99,100,101,106,111,113,114,115,117,118
61:0,1,3,4,5,7,10,12,15,17,18,19,21,22,23,25,26,27,28,29,31,34,35,37,39,41,43,44,47,55,58,60,70,64,69,73,75,76,80,82,83,86,90,93,94,95,96,97,98,99,100,101,105,106,108,112,113,114,118,119
62:3,5,8,9,10,11,14,16,18,19,20,22,25,31,32,34,35,36,37,38,41,45,46,47,48,50,52,53,56,60,67,65,68,70,72,77,78,80,82,84,86,87,88,89,92,93,95,100,103,110,111,112,113,114
63:0,2,5,7,8,9,13,14,16,18,19,22,23,34,39,40,42,45,49,50,51,52,55,57,59,114,64,65,66,69,70,71,74,77,84,85,87,89,91,93,94,95,98,100,101,103,104,105,107,109,113,118
64:0,1,2,4,5,6,8,9,10,11,12,13,17,23,24,26,30,31,39,40,41,43,44,45,48,49,53,56,57,61,63,68,65,69,73,75,77,81,83,88,90,91,92,93,94,96,97,98,99,102,107,113,115
65:3,4,5,7,10,11,13,15,24,28,33,34,41,44,46,50,51,52,58,62,63,64,105,66,67,70,74,76,80,82,89,90,91,94,97,98,100,106,107,109,110,112,115,116,118,119
66:2,3,4,6,9,11,14,15,17,20,22,24,25,30,38,43,49,50,51,52,54,55,57,58,59,63,65,104,67,68,69,70,72,73,74,76,77,79,81,83,85,86,87,89,90,94,95,96,107,113,115,118
67:2,3,4,5,6,7,10,13,14,17,19,20,24,27,29,31,32,35,37,38,39,40,41,42,43,44,45,47,51,52,53,54,56,58,59,62,65,66,77,70,72,73,74,76,78,79,80,86,88,89,90,91,93,95,96,97,102,107,108,110,111,112,115,116,117
68:0,3,5,6,7,9,10,12,13,19,20,22,24,26,30,34,36,38,39,43,45,46,47,48,53,56,58,62,64,66,104,69,70,77,80,83,84,90,93,95,96,97,99,100,103,105,106,107,109,112,113,114,116
69:2,3,4,5,6,7,8,9,11,13,15,16,17,20,28,31,32,35,38,41,47,48,49,50,52,53,58,60,61,63,64,66,68,89,70,72,74,77,78,81,83,85,87,91,92,97,99,100,101,106,108,109,110,111,113,115,116,117
70:0,4,5,6,8,12,13,14,16,18,19,22,24,25,28,33,35,37,38,39,41,44,45,46,47,48,49,51,53,56,59,61,62,63,65,66,67,68,69,103,71,73,75,76,78,80,81,82,83,84,87,89,90,91,92,96,97,102,106,107,109,110,111,113,114,115,117,118,119
71:0,1,4,8,9,10,13,14,16,17,18,19,20,25,26,29,30,31,36,37,38,43,46,47,48,50,51,53,57,58,59,63,70,116,72,73,77,78,79,81,87,89,92,93,94,97,98,100,102,104,106,108,110,111,113,114,115,117
72:1,2,4,5,6,8,11,12,15,17,20,22,23,24,26,30,32,36,37,40,42,43,45,46,47,48,49,50,51,54,55,58,62,66,67,69,71,89,73,76,79,80,84,87,90,91,93,96,98,102,105,108,109,110,111,115,116,118,119
73:0,3,5,6,7,10,13,16,17,18,19,25,28,30,32,33,34,36,38,41,44,47,48,52,54,56,57,58,59,60,61,64,66,67,70,71,72,111,74,75,77,78,80,81,83,87,91,96,101,103,104,106,107,109,110,112,114,116
74:1,2,7,9,10,12,13,16,20,25,29,31,33,34,35,37,40,42,44,45,47,49,50,55,56,57,63,65,66,67,69,73,81,75,76,77,78,80,82,83,89,90,91,92,93,95,97,98,102,103,104,105,106,108,109,110,111,113,114,119
75:3,5,6,11,14,15,16,18,19,20,22,23,24,26,27,30,31,36,37,38,42,43,44,45,48,49,50,52,54,55,56,58,60,61,64,70,73,74,95,76,81,82,84,90,91,92,94,96,97,99,101,102,104,105,106,108,109,111,114,117
76:0,3,4,9,10,13,15,18,22,24,26,28,29,30,32,34,36,38,42,43,45,50,60,61,65,66,67,70,72,74,75,77,78,79,82,84,86,87,89,101,102,103,107,108,109,110,111,112,114,116,117
77:1,2,3,4,7,8,10,13,15,16,19,22,23,24,26,28,29,33,37,39,40,43,44,45,47,48,49,51,56,59,62,63,64,66,67,68,69,71,73,74,76,93,78,80,83,88,91,92,96,97,98,99,100,102,106,109,110,112,113,115,116,118
78:2,4,5,8,11,14,16,17,20,22,23,24,27,30,31,33,36,37,39,42,51,52,54,55,58,62,67,69,70,71,73,74,76,77,119,79,80,81,85,86,90,91,92,98,99,100,105,106,109,110,111,112,114,115,116,118
79:0,2,4,7,8,9,10,12,13,14,15,16,17,18,22,26,27,28,30,32,34,37,38,40,47,48,52,53,54,55,58,66,67,71,72,76,78,89,81,82,85,86,87,88,93,96,99,102,105,106,107,108,110,112,113,114,118
80:2,4,5,7,14,16,18,20,21,22,27,28,29,31,33,35,36,39,40,41,45,47,48,49,54,55,58,59,61,62,65,67,68,70,72,73,74,77,78,81,82,83,84,87,90,93,95,96,97,98,101,104,107,110,111,112,117,118,119
81:0,3,5,6,9,10,12,13,14,16,18,19,20,23,24,25,26,27,29,31,32,33,34,35,36,41,42,44,45,49,51,56,64,66,69,70,71,73,74,75,78,79,80,109,83,84,86,87,89,90,95,96,99,100,101,104,105,106,107,111,112,116
82:2,3,5,6,7,9,12,13,15,17,18,19,20,21,25,27,28,29,32,33,34,38,40,43,44,47,50,53,54,56,58,59,61,62,65,70,74,75,76,79,80,117,83,84,88,89,90,93,94,95,96,97,98,99,102,104,106,109,116,119
83:2,3,6,7,8,10,11,21,22,23,27,28,29,33,35,37,39,40,41,43,46,50,52,54,55,56,57,58,61,64,66,68,69,70,73,74,77,80,81,82,90,85,87,88,91,92,93,94,95,96,98,99,101,104,106,107,109,110,111,112,115,116,117
84:1,3,4,6,8,9,10,11,13,15,16,19,21,25,27,31,32,34,35,38,40,50,52,55,57,59,62,63,68,70,72,75,76,80,81,82,111,85,86,87,88,91,92,97,100,107,109,110,113,114,117
85:0,2,9,11,12,13,16,18,20,22,25,27,28,29,30,36,38,39,42,44,46,47,49,50,51,53,57,58,60,63,66,69,78,79,83,84,100,89,93,94,98,99,104,105,106,107,108,110,112,113,116,118
86:2,3,4,7,8,9,14,17,19,20,24,25,26,28,30,31,32,33,36,38,39,42,43,44,45,46,47,48,49,50,55,57,61,62,66,67,76,78,79,81,84,109,87,88,91,96,97,103,104,107,110,111,115
87:2,3,4,8,9,11,12,13,16,17,19,21,22,23,24,26,27,29,30,33,35,36,40,45,47,49,52,55,56,58,59,60,62,63,66,69,70,71,72,73,76,79,80,81,83,84,86,96,90,93,94,95,98,99,100,103,107,108,109,111,113,115,116
88:4,9,13,15,17,20,21,25,30,31,32,33,34,35,36,37,38,40,43,46,48,49,50,52,53,55,57,62,64,67,77,79,82,83,84,86,97,89,91,94,99,100,102,103,105,108,110,113,115,116
89:1,2,3,10,11,13,15,16,17,19,22,24,29,31,34,35,36,38,43,45,47,48,49,50,51,52,62,63,65,66,67,69,70,71,72,74,76,79,81,82,85,88,103,95,96,104,105,109,112,113,114,117,118,119
90:0,1,6,9,12,15,17,22,25,28,29,37,40,41,43,47,49,51,53,54,55,56,57,58,59,61,64,65,66,67,68,70,72,74,75,78,80,81,82,83,87,116,92,95,96,97,99,100,102,103,104,105,107,110,113,117,118,119
91:0,2,6,7,9,10,17,23,24,26,27,29,30,32,36,40,41,42,44,45,46,47,50,51,53,54,56,57,59,63,64,65,67,69,70,72,73,74,75,77,78,83,84,86,88,110,93,96,99,100,103,104,105,107,108,111,112,118
92:4,5,6,10,12,13,16,17,22,23,24,28,33,42,43,45,47,49,50,51,52,53,54,55,56,57,59,60,62,64,69,70,71,74,75,77,78,83,84,90,119,94,96,98,101,102,104,105,114,116,117,118
93:0,4,8,9,10,13,14,15,16,17,22,24,26,27,28,30,31,32,33,36,37,38,39,43,45,46,48,50,52,54,55,61,62,63,64,67,68,71,72,74,77,79,80,82,83,85,87,91,111,95,96,100,101,102,103,105,107,108,109,112,118,119
94:3,5,6,8,9,10,11,12,13,16,18,21,24,25,27,30,32,33,35,36,37,38,43,44,45,47,48,51,53,56,58,60,61,63,64,65,66,71,75,82,83,85,87,88,92,104,98,100,106,107,108,110,112,115,117,118
95:0,4,7,8,9,10,15,16,18,20,21,22,28,30,34,35,36,38,39,40,43,44,45,46,47,50,53,55,57,59,60,61,62,63,66,67,68,74,75,80,81,82,83,87,89,90,93,97,98,99,101,102,104,107,108,109,111,112,113,114,116,117,118
96:3,7,8,11,12,13,18,19,22,28,29,32,33,34,37,42,48,50,51,53,57,58,60,61,64,66,67,68,70,72,73,75,77,79,80,81,82,83,86,87,89,90,91,92,93,101,105,108,109,111,115,117,118
97:1,2,7,13,14,16,17,23,25,27,29,30,32,34,37,42,45,48,49,53,55,58,60,61,64,65,67,68,69,70,71,74,75,77,80,82,84,86,88,90,95,105,99,100,103,109,115,116,117,118,119
98:1,4,8,9,10,13,16,17,18,21,23,26,28,31,32,34,35,47,48,49,50,51,52,56,58,61,63,64,65,71,72,74,77,78,80,82,83,85,87,92,94,95,117,99,102,104,105,108,109,111,112,116
99:1,4,5,6,8,12,13,15,20,21,23,24,27,28,30,33,36,39,41,42,43,44,45,46,47,48,49,51,52,53,57,60,61,64,68,69,75,77,78,79,81,82,83,85,87,88,90,91,95,97,98,114,102,106,108,110,111,113,116
100:0,2,8,9,10,11,15,16,21,23,24,26,27,29,32,33,37,38,39,40,41,46,47,48,49,50,52,53,54,55,60,61,62,63,65,68,69,71,77,78,81,84,85,87,88,90,91,93,94,97,116,101,102,105,106,107,108,109,114
101:0,4,7,8,9,10,17,18,20,22,26,30,33,35,36,39,41,43,46,47,48,49,51,52,58,60,61,63,69,73,75,76,80,81,83,92,93,95,96,100,108,102,107,112,113,114,115,117
102:2,5,7,8,11,14,16,17,19,24,27,30,32,33,35,36,39,41,42,44,45,48,49,55,56,58,59,64,67,70,71,72,74,75,76,77,79,82,88,90,92,93,95,98,99,100,101,111,103,107,108,114,118,119
103:2,3,4,5,7,16,17,18,19,20,22,24,25,29,30,35,36,37,38,41,42,43,44,45,46,49,51,59,62,63,68,70,73,74,76,86,87,88,89,90,91,93,97,102,109,104,111,113,116
104:0,2,3,8,10,11,14,16,17,18,20,21,22,23,25,26,28,30,31,33,34,37,43,44,47,48,50,51,52,53,58,59,63,66,68,71,73,74,75,80,81,82,83,85,86,89,90,91,92,94,95,98,103,107,106,108,111,112,113,114,115,119
105:0,1,2,4,7,10,12,16,17,22,23,27,29,30,31,34,36,38,39,41,42,43,49,56,57,58,61,63,65,68,72,74,75,78,79,81,85,88,89,90,91,92,93,96,97,98,100,119,106,107,108,109,114,115,116,117,118
106:0,4,5,7,11,13,15,17,19,20,21,25,30,31,32,33,37,38,41,44,46,47,48,51,53,60,61,65,68,69,70,71,73,74,75,77,78,79,81,82,83,85,94,99,100,104,105,115,108,109,111,113,114,116,118,119
107:1,3,5,7,8,9,11,12,13,18,20,21,23,25,26,27,28,29,31,32,37,38,39,41,43,45,51,54,63,64,65,66,67,68,70,73,76,79,80,81,83,84,85,86,87,90,91,93,94,95,100,101,102,104,105,115,110,113,114,116,118
108:1,5,6,7,8,10,12,13,16,20,21,22,24,25,28,30,31,35,40,42,44,46,48,49,50,51,53,54,57,61,67,69,71,72,74,75,76,79,85,87,88,91,93,94,95,96,98,99,100,101,102,104,105,106,117,111,112,113,114,115,116,118,119
109:2,5,6,9,10,11,12,13,14,15,17,19,21,24,25,28,29,31,34,35,36,37,39,40,41,42,43,44,45,47,48,50,51,52,54,55,58,63,65,68,69,70,72,73,74,75,76,77,78,81,82,83,84,86,87,89,93,95,96,97,98,100,103,105,106,115,110,111,113,114,119
110:4,6,7,9,11,15,19,20,21,23,24,29,31,35,36,42,43,44,45,46,48,49,52,55,56,59,62,65,67,69,70,71,72,73,74,76,77,78,79,80,83,84,85,86,88,90,91,94,99,107,109,113,111,114,115,118,119
111:0,4,5,6,10,11,16,17,18,22,24,26,27,28,32,33,37,38,41,45,46,47,48,50,51,52,54,56,57,58,60,62,67,69,70,71,72,73,74,75,76,78,80,81,83,84,86,87,91,93,95,96,98,99,102,103,104,106,108,109,110,114,112,116,117,118
112:1,3,4,7,8,10,11,13,14,15,16,18,21,27,28,31,32,33,34,35,36,37,38,39,42,45,47,50,51,56,61,62,65,67,68,73,76,77,78,79,80,81,83,85,89,91,93,94,95,98,101,104,108,111,117,113,115
113:0,2,3,7,12,13,20,23,24,25,26,27,28,29,33,34,38,39,40,41,42,43,45,49,51,52,56,58,60,61,62,63,64,66,68,69,70,71,74,77,79,84,85,87,88,89,90,95,99,101,103,104,106,107,108,109,110,112,116,114,115,117
114:0,6,7,8,11,16,18,19,20,21,22,23,24,26,27,28,29,32,33,34,37,40,45,46,48,51,52,53,55,58,59,60,61,62,63,68,70,71,73,74,75,76,78,79,84,89,92,95,99,100,101,102,104,105,106,107,108,109,110,111,113,118,119
115:1,3,4,5,7,10,16,17,18,20,23,24,26,30,31,32,33,38,39,40,42,44,45,47,49,51,53,54,55,56,58,60,64,65,66,67,69,70,71,72,77,78,83,86,87,88,94,96,97,101,104,105,106,107,108,109,110,112,113,119,117,118
116:6,7,10,20,21,23,24,25,30,32,33,34,37,38,39,42,46,48,50,53,55,59,65,67,68,69,71,72,73,76,77,78,81,82,83,85,87,88,90,92,95,97,98,99,100,103,105,106,107,108,111,113,118,119
117:2,5,6,7,8,9,10,11,13,14,16,19,24,26,27,29,30,31,34,36,39,40,42,43,48,50,51,52,55,56,60,67,69,70,71,75,76,80,82,83,84,89,90,92,94,95,96,97,98,101,105,108,111,112,113,115,119,118
118:2,3,4,6,7,9,14,16,18,21,24,26,27,29,30,33,34,36,37,40,43,45,47,49,53,54,56,57,58,60,61,63,65,66,70,72,77,78,79,80,85,89,90,91,92,93,94,95,96,97,102,105,106,107,108,110,111,114,115,116,117,119
119:0,2,3,4,9,12,13,14,17,21,22,25,26,27,29,30,31,32,37,39,41,44,45,47,48,52,53,54,55,56,61,65,70,72,74,78,80,82,89,90,92,93,97,102,104,105,106,108,109,110,114,115,116,117,118
