0:206,46,50,59,64,71,81,109,130,142,190,240,277,279,280,286,317,377,388,439,451,456,462,466,471
1:265,11,12,15,26,89,102,121,168,176,243,251,256,308,337,345,354,408,456,464,477
2:106,12,25,50,56,62,84,98,124,128,138,146,153,159,204,208,225,227,249,267,291,296,317,324,326,328,377,404,414,420,431,437,453,463
3:367,65,66,75,114,135,162,164,165,219,249,255,275,290,297,303,321,323,355,365,366,370,382,392,394,399,404,412,417,426,437,464,468,473
4:433,17,37,52,69,91,101,109,134,145,182,185,189,196,205,208,213,225,233,239,267,276,294,303,317,327,328,336,359,363,386,408,418,459
5:93,15,17,39,58,70,76,78,110,173,198,227,230,260,275,277,278,304,310,333,334,350,354,358,361,391,412,414,420,430,456,462,466
6:336,13,16,36,47,55,57,67,87,113,149,155,161,169,177,190,207,216,220,224,229,270,272,277,286,291,307,316,317,327,337,342,364,365,370,378,441,476
7:457,17,34,63,64,78,97,117,140,162,170,189,225,250,295,299,303,348,357,362,368,438,446,460,477
8:461,24,58,81,104,116,207,229,246,255,271,294,353,382,414,418,439,444,450,452
9:198,59,117,124,153,160,173,217,221,244,253,274,288,295,300,304,312,339,355,363,381,405,410,411,427,431,451,453,473
10:41,17,19,38,47,54,88,109,119,149,158,162,185,196,202,220,246,271,307,376,399,413,423,436
11:1,59,14,27,53,58,86,94,101,109,118,137,139,140,145,146,147,155,160,173,179,209,214,216,250,253,269,283,287,299,316,322,337,350,384,440,441,444,451,456
12:1,2,89,16,47,56,66,74,109,115,128,171,181,184,187,207,225,229,235,238,252,264,292,306,315,321,323,331,345,359,371,376,408,414,428,432,438,472
13:6,318,18,42,44,68,79,91,128,149,161,167,170,171,186,206,213,230,264,310,338,374,380,383,394,417,419,424,435,449,479
14:11,297,18,44,74,76,98,115,133,134,147,166,169,182,196,202,207,212,213,223,224,237,252,306,337,338,345,378,382,396,409,422,455,460,462,465,467,471,473,479
15:1,5,207,36,39,50,55,59,77,91,104,119,175,190,202,205,233,237,254,279,289,353,354,374,392,402,404,411,427,453,458
16:6,12,345,22,59,65,73,103,107,114,121,149,183,206,208,217,240,249,296,299,304,316,321,354,358,375,380,395,400,413,416,424,432,439,442,451,460,462
17:4,5,7,10,377,23,61,65,96,113,130,131,138,141,154,178,209,230,249,288,305,330,358,381,418,436,453
18:13,14,278,34,47,55,86,93,116,118,123,136,149,173,183,251,262,266,271,272,280,283,301,312,354,359,367,377,381,388,419,422,474
19:10,113,28,43,45,56,57,70,80,92,97,116,136,142,164,180,215,216,233,256,263,303,307,320,342,351,365,376,382,385,388,422,430,447,453,468
20:68,59,89,90,149,176,184,187,218,233,238,254,262,267,309,311,317,330,344,379,401,416,439,450,453,456,466
21:23,28,46,47,66,74,96,105,106,109,140,147,152,155,167,173,184,196,201,210,221,225,231,232,238,268,305,310,312,313,338,364,377,400,446,472,478
22:16,88,29,55,68,73,74,79,83,102,116,128,131,141,143,153,167,182,183,195,197,203,207,223,224,256,265,267,273,279,321,329,337,343,351,386,414,417,420,422,430,435,460
23:17,21,134,25,28,35,58,61,70,75,166,205,218,224,229,241,253,254,262,291,315,330,363,364,373,382,437,457,477
24:8,144,44,55,56,95,124,137,149,160,162,171,173,187,198,211,226,231,264,265,276,283,295,317,330,340,357,394,395,403,413,419,437,447,449,474
25:2,23,377,30,31,52,85,93,95,99,102,106,121,124,132,169,206,215,236,245,256,265,298,304,308,338,345,368,435,445,450
26:1,431,33,35,45,53,57,61,65,75,76,78,79,94,103,109,115,143,146,152,154,168,178,179,190,209,302,311,319,328,333,369,411,450,458,459,479
27:11,89,34,39,44,67,71,85,121,140,159,160,164,199,200,215,276,279,284,288,296,309,328,336,350,351,367,383,387,389,397,401,406,443,448,463
28:19,21,23,405,40,41,58,61,73,75,117,123,152,162,169,190,191,202,205,231,273,284,295,379,425,439,445,475
29:22,379,72,132,142,153,190,204,240,262,266,271,278,284,301,310,317,323,328,364,390,392,423,430,435,442,456,471,477
30:25,476,32,43,59,61,68,132,218,219,230,242,245,257,271,289,290,300,317,325,326,344,345,372,407,425,427,436,455,464,467
31:25,69,40,49,56,59,81,146,212,252,273,274,280,283,294,302,310,328,337,345,351,356,361,366,386,399,416,421
32:30,382,42,63,84,97,102,112,131,140,161,166,207,208,248,261,275,283,303,308,317,334,357,358,364,399,410,455,461,463,468
33:26,352,38,62,77,87,90,105,112,121,144,150,170,184,199,244,258,321,336,339,342,371,382,388,392,394,396,399,408,413,416,420,424,429,439,445,446,455,479
34:7,18,27,199,47,66,83,107,121,128,147,166,194,195,214,215,216,235,236,237,242,246,260,286,308,310,312,358,395,399,421,423,424,425,435,445,453,454
35:23,26,362,47,160,165,169,177,181,187,191,196,200,209,242,258,290,305,306,307,308,320,330,332,336,360,372,390,399,400,413,427,431,456,457,459,469,470
36:6,15,471,55,62,70,78,85,103,110,112,147,154,160,186,199,211,212,229,234,246,265,273,314,334,350,361,369,371,372,392,396,409,421,449,476
37:4,401,57,89,95,114,116,144,146,151,175,188,233,243,266,284,291,294,295,332,341,356,371,376,431,439,453,457,474,475
38:10,33,193,43,47,62,93,111,113,125,126,129,152,196,204,207,217,224,232,237,252,265,297,301,306,308,315,329,335,384,390,394,403,415,444,445,449,453
39:5,15,27,109,55,57,75,83,87,100,110,122,134,157,180,192,211,214,237,243,246,256,264,305,321,323,327,385,386,392,412,413,420,439,454
40:28,31,466,62,64,77,92,96,101,111,112,148,153,183,203,229,254,259,264,274,277,283,299,307,322,324,398,406,407,411,429
41:10,28,161,42,59,91,105,114,119,136,155,160,173,184,193,203,220,222,232,254,268,287,292,301,326,342,344,349,373,375,382,402,439,443
42:13,32,41,135,61,63,66,70,88,114,126,131,139,154,187,226,269,306,363,364,371,375,395,405,421,428,430,436,444,460,464,465
43:19,30,38,100,49,81,84,87,118,133,135,141,145,180,188,194,196,214,223,234,265,277,331,368,391,393,398,403,423,429,435,455,462,476
44:13,14,24,27,358,52,55,64,89,90,135,137,139,152,165,173,183,186,189,210,227,238,249,253,272,276,281,298,304,317,322,331,347,359,360,377,393,425,430,434,440,465,470
45:19,26,236,49,54,57,64,68,100,116,120,137,157,162,167,200,208,210,220,246,247,250,259,269,272,275,286,313,322,333,384,398,424,445,455,463
46:0,21,299,63,80,91,118,146,149,154,204,214,222,224,227,231,237,243,253,270,272,274,290,303,305,331,357,361,373,390,398,462
47:6,10,12,18,21,34,35,38,278,65,77,120,128,171,213,224,256,281,303,309,317,318,324,326,329,344,383,426,436,447,455,475
48:110,76,77,122,164,168,177,187,194,196,223,235,247,291,295,337,360,371,413,417,435,436
49:31,43,45,59,81,87,89,100,120,122,125,134,145,158,175,187,200,205,224,230,237,248,250,265,282,289,301,307,325,353,361,367,368,421,436,451
50:0,2,15,324,103,113,115,118,120,136,148,172,174,178,205,206,232,234,240,258,259,278,287,293,319,335,338,353,354,355,362,392,416,417,421,424,432,433,448,455,473
51:153,55,61,82,94,97,108,199,219,251,253,268,278,281,282,285,286,290,295,303,306,314,325,330,351,358,380,412,415,425,431,442,457,468,477
52:4,25,44,111,63,89,93,94,104,119,129,150,156,161,163,218,222,229,241,266,299,313,317,335,352,357,367,370,384,391,395,401,412,430,444,453,454,473
53:11,26,455,55,60,66,70,78,79,91,100,104,109,119,147,152,154,179,180,228,272,297,301,311,317,319,325,329,346,373,404,417,438,440,442,453,456
54:10,45,168,59,67,72,75,108,123,130,164,169,176,191,192,197,204,222,227,253,293,299,301,380,381,404,430,436,470
55:6,15,18,22,24,36,39,44,51,53,308,60,70,81,91,102,114,115,122,127,130,138,144,156,173,187,199,225,237,244,257,264,281,289,291,327,332,359,369,374,384,390,395,406,410,411,414,433,445,465,467
56:2,12,19,24,31,360,62,69,79,111,112,134,147,153,154,161,171,175,187,218,220,222,227,228,236,243,272,287,295,356,401,411,417,428,471,474
57:6,19,26,37,39,45,293,74,82,92,93,115,127,232,266,270,273,289,292,298,309,315,320,323,324,335,362,376,379,388,412,429,451,477
58:5,8,11,23,28,389,75,93,94,104,110,112,132,160,194,196,209,221,235,236,240,269,270,284,296,311,317,320,337,348,354,375,401,410,413,421,429,468,477
59:0,9,11,15,16,20,30,31,41,49,54,272,79,97,122,137,168,185,191,228,233,235,263,268,282,298,308,351,359,399,418,427,430,433,446,460,473
60:53,55,332,68,83,84,91,100,103,122,127,149,188,212,220,222,258,276,297,318,326,348,370,384,393,396,413,423,451,464
61:17,23,26,28,30,42,51,363,78,90,101,120,166,226,228,232,266,270,307,312,327,362,381,405,412,416,423,427,436,478
62:2,33,36,38,40,56,266,76,92,93,102,105,110,118,153,157,161,164,194,204,219,222,234,258,259,274,293,312,328,333,343,344,365,372,385,401,402,477,479
63:7,32,42,46,52,208,71,72,104,108,125,126,140,204,272,323,346,363,395,404,406,419,424,427,433,469,475
64:0,7,40,44,45,216,67,75,89,94,128,149,174,184,193,219,226,231,238,254,276,278,314,322,333,364,382,390,394,395,403,431,441,443,459,466
65:3,16,17,26,47,127,73,77,79,80,84,88,90,96,101,108,147,168,176,189,211,220,227,229,230,233,243,255,261,274,277,285,286,308,348,354,378,412,433,439,442,445,446
66:3,12,21,34,42,53,380,73,84,86,89,92,132,134,144,175,182,198,199,223,224,291,297,316,335,353,358,359,363,367,377,413,435,438,443,451,452,456,466,471
67:6,27,54,64,365,70,76,77,132,150,185,190,191,200,204,206,208,216,259,260,279,282,289,292,351,374,386,473
68:13,20,22,30,45,60,228,83,86,104,107,111,114,126,144,186,189,195,207,208,232,248,252,266,281,299,302,304,322,330,351,360,379,432,437,466,470
69:4,31,56,350,89,96,122,127,128,129,136,163,177,180,192,220,242,247,258,263,317,325,330,340,348,361,362,376,383,387,398,454
70:5,19,23,36,42,53,55,67,476,79,103,105,110,155,166,172,174,249,252,258,269,274,311,315,325,329,401,418,420,426,448,461,463
71:0,27,63,271,79,95,104,115,126,132,163,168,173,174,178,195,307,321,323,339,362,373,379,397,400,416,423,452
72:29,54,63,296,91,127,129,134,135,142,152,153,176,186,204,207,209,212,243,247,250,253,255,261,268,286,292,293,301,304,312,314,323,324,345,363,371,400,419,443,447,449,460,466
73:16,22,28,65,66,95,134,157,161,163,196,205,211,224,248,277,294,357,376,383,398,422,434,459
74:12,14,21,22,57,320,75,99,106,107,123,153,166,179,181,207,216,224,245,248,251,261,291,292,294,307,308,330,414,442,454,472
75:3,23,26,28,39,54,58,64,74,378,77,83,90,92,98,103,119,160,187,206,231,234,268,270,309,310,318,323,347,355,363,368,386,398,426,427,472,473
76:5,14,26,48,62,67,147,82,100,105,112,128,148,153,158,178,189,208,220,247,261,264,291,321,342,344,346,351,357,359,373,377,410,440,441,442,450,467
77:15,33,40,47,48,65,67,75,369,92,94,103,113,158,166,186,187,191,203,207,218,230,233,234,248,249,252,259,272,293,305,315,334,383,388,395,397,409,432,437,446,454,460,465,473,475,477
78:5,7,26,36,53,61,230,99,103,106,109,123,124,139,149,159,214,217,222,225,239,241,267,320,345,360,372,382,386,391,396,400,418,432,471,477
79:13,22,26,53,56,59,65,70,71,398,110,115,139,162,166,187,188,189,211,213,215,229,232,234,250,254,258,261,264,267,342,356,375,380,382,391,399,433,436,442,471
80:19,46,65,132,90,91,99,115,131,134,148,149,176,205,209,222,225,254,275,282,284,306,322,366,379,382,400,417,432,433,465,469,474
81:0,8,31,43,49,55,243,83,94,133,141,154,159,225,227,253,267,269,281,283,311,314,334,344,356,361,364,367,378,390,437,440,447,457,461,470
82:51,57,76,143,98,146,163,168,172,194,198,250,251,253,260,265,274,283,292,309,328,350,365,369,370,391,427,438,447,465,466
83:22,34,39,60,68,75,81,322,94,98,99,115,125,143,168,169,178,202,203,211,260,269,284,301,308,326,352,360,368,370,393,404,407,410,439,442,443,444,460,461,466,470
84:2,32,43,60,65,66,156,85,93,112,119,120,135,177,196,218,229,239,252,255,283,291,300,310,321,324,335,357,358,370,412,413,420,449,462,466
85:25,27,36,84,175,107,110,113,114,123,127,137,152,155,194,232,233,255,257,271,283,286,324,340,344,351,355,384,401,414,423,429,434,467,471,477
86:11,18,66,68,115,93,95,97,127,128,152,181,190,195,220,240,254,290,291,295,313,327,352,368,382,390,391,394,405,427,447
87:6,33,39,43,49,443,95,105,180,261,270,289,295,320,329,330,342,367,368,374,419,451,461,463,475
88:10,22,42,65,425,106,115,181,199,211,225,228,231,277,284,285,286,293,295,308,340,343,344,366,413,424,440,445,454
89:1,12,20,27,37,44,49,52,64,66,69,209,92,110,116,117,140,195,202,216,227,252,253,268,271,275,283,285,286,289,292,315,317,319,324,337,339,347,365,374,376,386,391,401,419,439,455,470,477
90:20,33,44,61,65,75,80,126,97,102,106,122,125,147,158,183,197,206,228,315,334,341,355,373,400,422,425,453,458
91:4,13,15,41,46,53,55,60,72,80,471,128,150,155,166,197,214,220,221,222,227,235,241,280,302,303,325,326,327,363,368,369,395,396,420,426,457
92:19,40,57,62,66,75,77,89,458,98,104,112,116,181,229,269,271,285,305,345,347,349,359,383,386,413,414,415,445,447,456,479
93:5,18,25,38,52,57,58,62,84,86,231,111,119,124,145,147,152,202,206,209,210,212,229,241,250,255,267,271,312,317,319,330,341,351,372,381,411,424,427,436,464,469,473,476
94:11,26,51,52,58,64,77,81,83,261,117,125,130,131,136,182,185,192,206,212,301,305,325,330,334,356,357,366,374,389,415,440,441,463,465,475
95:24,25,37,71,73,86,87,393,107,112,114,131,144,164,165,169,174,177,187,206,211,222,233,257,258,280,310,321,325,331,337,369,408,423,433,457,462,470
96:17,21,40,65,69,201,122,124,153,170,173,274,275,278,295,308,332,339,340,341,348,355,368,376,402,413,421,433,438,455,468,472
97:7,19,32,51,59,86,90,368,118,123,155,170,177,183,222,247,259,280,302,310,319,350,365,380,388,404,405,419,439,446,457,468
98:2,14,75,82,83,92,113,107,123,141,155,210,229,239,268,302,318,319,326,339,346,360,366,399,413,428
99:25,74,78,80,83,435,117,131,145,158,161,182,212,213,218,233,240,261,278,279,281,311,343,346,357,362,370,371,374,393,394,407,420,444,456,469
100:39,43,45,49,53,60,76,224,144,162,202,208,212,222,239,244,261,284,285,325,344,367,403,404,448,454,470
101:4,11,40,61,65,459,124,130,133,140,147,174,209,237,249,263,272,286,303,307,341,346,348,360,362,371,405,407,413,432,456
102:1,22,25,32,55,62,90,310,127,135,164,166,172,176,226,259,300,305,346,379,384,396,398,420
103:16,26,36,50,60,70,75,77,78,361,104,125,129,131,143,144,150,155,159,167,169,174,187,201,221,227,247,273,296,328,340,346,348,354,355,358,368,382,389,397,401,402,404,407,422,456,465
104:8,15,52,53,58,63,68,71,92,103,324,106,129,163,171,180,202,234,245,281,287,288,290,292,296,301,304,320,374,380,388,395,418,428,473
105:21,33,41,62,70,76,87,278,122,131,141,172,179,198,209,210,215,216,223,225,245,254,264,279,284,337,346,364,399,408,424,443,454
106:2,21,25,74,78,88,90,104,455,108,123,168,223,224,244,259,268,281,282,289,300,304,316,324,331,372,378,389,392,400,448,456
107:16,34,68,74,85,95,98,292,108,122,124,131,143,156,160,196,221,236,242,247,278,305,329,399,402,415,419,428,435,443,474,476
108:51,54,63,65,106,107,298,125,159,173,197,198,209,210,216,230,233,239,265,269,270,302,313,335,339,340,356,359,363,367,371,372,373,380,396,397,403,431,470
109:0,4,10,11,12,21,26,39,53,78,112,131,148,154,185,188,189,196,226,243,246,275,305,322,323,330,347,348,356,373,399,416,420,431,458,474
110:5,36,39,48,58,62,70,79,85,89,276,113,137,153,188,203,213,251,299,357,358,364,374,386,387,389,391,406,422,424,429,446,450,451,462
111:38,40,52,56,68,93,356,135,144,153,162,166,183,188,213,256,265,275,278,281,295,332,341,371,449,471,475
112:32,33,36,40,56,58,76,84,92,95,109,271,118,158,159,194,200,229,263,283,318,321,326,330,333,338,339,341,382,401,404,431,460
113:6,17,19,38,50,77,85,98,110,220,120,142,170,174,189,199,212,218,238,247,263,266,268,269,291,305,333,335,337,361,375,387,401,409,428,469,471
114:3,16,37,41,42,55,68,85,95,149,128,133,139,147,164,168,180,182,184,191,228,232,272,282,299,308,323,361,380,388,393,403,406,432,433,453,469,470,471
115:12,14,26,50,55,57,71,79,80,83,86,88,243,127,138,173,176,238,279,289,310,328,338,345,357,364,388,400,405,406,416,418,436,450,471
116:8,18,19,22,37,45,89,92,350,127,143,149,158,163,176,188,195,197,201,212,223,229,231,234,238,254,256,276,313,315,320,323,366,373,376,381,395,397,401,403,436,445,470,472,478
117:7,9,28,89,94,99,216,120,128,163,181,189,203,228,238,239,247,250,261,268,290,297,347,390,391,392,396,423,428,434,449
118:11,18,43,46,50,62,97,112,165,123,158,172,202,208,209,215,233,242,300,321,328,333,356,371,402,419,422,442,445,449,452,457,461,471,477
119:10,15,41,52,53,75,84,93,399,123,148,156,159,205,217,249,256,272,279,291,301,328,330,342,362,375,378,394,400,414,435,436,445,463,469,472,474,478
120:45,47,49,50,61,84,113,117,235,154,162,175,182,190,198,240,250,258,273,281,294,300,306,325,327,335,339,346,385,392,394,395,397,409,414,432
121:1,16,25,27,33,34,204,124,137,169,193,233,247,283,286,292,293,308,314,337,359,379,382,391,412,422,446,466,473,475
122:39,48,49,55,59,60,69,90,96,105,107,470,135,146,160,172,185,189,192,206,246,251,266,293,304,326,359,406,408,435
123:18,28,54,74,78,85,97,98,106,118,119,156,137,139,141,146,150,151,154,159,163,198,206,207,211,220,233,242,243,251,260,289,294,298,305,312,336,339,341,388,406,409,415,423,430,442,463,465
124:2,9,24,25,78,93,96,101,107,121,434,134,143,169,174,177,186,198,199,226,235,237,242,266,283,306,312,321,326,342,343,366,371,390,397,407,459,464
125:38,49,63,83,90,94,103,108,317,130,139,144,149,177,183,184,190,214,243,261,277,312,313,314,324,339,361,407,415,441,463
126:38,42,63,68,71,90,318,132,155,167,169,179,192,208,217,232,283,284,288,289,320,325,326,350,352,356,381,394,397,415,417,429,447
127:55,57,60,65,69,72,85,86,102,115,116,459,138,202,208,216,223,263,283,293,304,321,324,356,362,370,390,406,417,420,443,452
128:2,12,13,22,34,47,64,69,76,86,91,114,117,267,138,185,204,224,226,237,246,247,268,282,286,291,295,299,300,308,344,350,351,356,369,374,376,411,412,418,429,442,448,451,465,472
129:38,52,69,72,103,104,298,169,174,180,258,260,269,323,328,344,349,350,395,422,425,439,443,468
130:0,17,54,55,94,101,125,134,136,163,167,179,185,186,205,247,249,258,280,312,323,341,349,353,467,473
131:17,22,32,42,80,94,95,99,103,105,107,109,315,141,146,153,182,239,254,314,324,336,368,382,449,454,468
132:25,29,30,58,66,67,71,80,126,204,149,158,160,172,187,188,190,215,225,230,249,282,292,349,353,364,392,409,414,426,465,477
133:14,43,81,101,114,314,140,190,197,240,245,253,312,315,317,324,334,343,366,392,394,421,452,477
134:4,14,23,39,49,56,66,72,73,80,124,130,408,143,144,175,178,184,195,226,246,258,261,280,297,300,302,322,333,348,368,399,419,424,434,470
135:3,42,43,44,72,84,102,111,122,286,143,172,190,236,255,259,260,262,269,273,299,306,315,322,330,352,359,364,365,372,380,393,400,420,450,460,471
136:18,19,41,50,69,94,130,313,150,162,199,218,227,229,233,246,248,250,257,258,263,269,270,314,323,338,358,382,407,438,445,451,455
137:11,24,44,45,59,85,110,121,123,389,150,155,158,159,163,164,167,175,198,220,232,236,242,286,304,325,327,330,336,337,346,368,385,395,418,441
138:2,17,55,115,127,128,386,140,162,172,195,222,233,237,255,257,259,266,287,295,298,313,316,334,336,346,357,359,383,392,466
139:11,42,44,78,79,114,123,125,166,186,203,209,212,221,233,276,278,285,290,302,303,314,324,336,392,414,434,444,457
140:7,11,21,27,32,63,89,101,133,138,187,151,166,172,219,249,250,251,262,279,288,303,350,352,353,371,383,389,390,404,430,442,445
141:17,22,43,81,98,105,123,131,462,167,171,203,228,239,244,248,250,254,263,274,293,342,360,362,389,396,428,429,431,452,456,467,475
142:0,19,29,72,113,297,143,147,170,176,186,217,231,237,238,257,276,291,299,304,307,319,337,346,361,364,370,400,432,450,475,477
143:22,26,82,83,103,107,116,124,134,135,142,150,151,158,168,185,207,208,228,245,288,294,337,339,340,353,366,378,380,388,390,391,396,397,404,412,469,478
144:24,33,37,55,66,68,95,100,103,111,125,134,278,147,150,163,167,178,191,219,221,223,234,248,274,275,276,313,317,324,333,342,346,379,382,386,414,423,429,437,460,466,473
145:4,11,43,49,93,99,435,158,180,182,185,191,219,226,233,245,252,255,270,285,292,297,314,327,334,395,411,413,427,440,455,464,474
146:2,11,26,31,37,46,82,122,123,131,301,150,169,171,185,187,194,222,241,244,250,261,275,288,299,309,328,357,374,407,413,452,454
147:11,14,21,34,36,53,56,65,76,90,93,101,114,142,144,268,150,197,220,233,241,262,263,265,289,311,319,330,331,332,333,345,371,389,413,444,445
148:40,50,76,80,109,119,314,189,193,197,215,220,223,229,242,268,290,311,321,329,377,403,405,413,425,428,449,464,472
149:6,10,13,16,18,20,24,46,60,64,78,80,114,116,125,132,350,157,198,217,231,253,267,283,284,299,304,305,318,334,342,347,364,391,396,413,443,461,462,466
150:33,52,67,91,103,123,136,137,143,144,146,147,377,161,184,199,211,219,243,304,314,328,333,336,346,372,395,400,401,410,423,440,450,462,467,468
151:37,123,140,143,405,184,220,233,284,293,299,310,341,348,353,369,370,391,400,409,434,456,464,473
152:21,26,28,38,44,53,72,85,86,93,434,158,177,179,203,215,220,224,243,254,275,278,289,301,313,327,361,375,379,405,414,439,475
153:2,9,22,29,40,51,56,62,72,74,76,96,110,111,131,436,156,159,164,169,181,206,222,230,274,280,344,356,382,411,414,418,430,450,451,453
154:17,26,36,42,46,53,56,81,109,120,123,242,169,172,173,184,229,241,247,257,260,305,311,312,316,342,392,396,446,450,452,453,461,469,471,474,476
155:6,11,21,41,70,85,91,97,98,103,126,137,361,166,174,192,216,230,251,257,268,300,306,312,335,338,351,356,381,382,400,405,416,419,430,431,456,470,474
156:52,55,84,107,119,123,153,358,168,174,224,265,269,271,274,279,301,317,322,332,337,338,351,359,364,371,373,382,383,385,406,422,423,438,446
157:39,45,62,73,149,352,162,170,175,182,197,204,205,211,218,223,226,228,229,230,236,246,261,277,285,296,308,309,314,344,345,353,365,380,418,423,476
158:10,49,76,77,90,99,112,116,118,132,137,143,145,152,329,160,164,206,207,238,248,250,263,281,282,290,296,299,302,305,311,312,320,324,366,373,388,395,402,457,464,475
159:2,27,78,81,103,108,112,119,123,137,153,176,172,180,187,221,232,241,243,245,262,272,289,291,331,352,353,358,411,419,426,445,467
160:9,11,24,27,35,36,41,58,75,107,122,132,158,336,165,179,216,255,259,275,287,288,295,303,365,392,393,398,407,451,468
161:6,13,32,41,52,56,62,73,99,150,359,166,173,204,205,209,210,219,223,255,286,295,299,305,314,320,333,342,351,362,384,385,389,404,412,428,446,451,470,478
162:3,7,10,24,28,45,79,100,111,120,136,138,157,348,184,197,202,207,215,226,267,268,269,287,295,300,303,306,308,331,335,340,366,389,426,436,454,468,473,477,478
163:52,69,71,73,82,104,116,117,123,130,137,144,441,179,182,184,227,232,250,260,284,286,291,300,302,306,316,319,334,361,387,390,407,409,412,417,450,472
164:3,19,27,48,54,62,95,102,114,137,153,158,440,171,185,249,253,259,295,319,347,374,402,410,416,421,469
165:3,35,44,95,118,160,352,178,206,216,223,233,249,252,301,304,316,327,341,344,366,392,400,426,436,471
166:14,23,32,34,61,70,74,77,79,91,102,111,139,140,155,161,351,177,206,229,235,237,256,261,262,276,281,296,307,330,364,369,386,392,405,427,429,430,432,440,463,479
167:13,21,22,45,103,126,130,137,141,144,269,176,182,198,201,225,251,252,258,276,297,312,331,352,391,408,431,451,476,479
168:1,26,48,54,59,65,71,82,83,106,114,143,156,181,172,182,185,196,198,203,206,221,234,249,253,273,274,297,313,360,370,374,380,393,426,427,430,440,453,459
169:6,14,25,28,35,54,83,95,103,121,124,126,129,146,153,154,208,189,205,239,269,297,311,314,317,325,331,338,341,359,367,391,407,410,434,445,453,460,463,470,475
170:7,13,33,96,97,113,142,157,220,182,190,198,216,229,251,276,288,333,334,348,352,370,371,388,442,443,447,462,464
171:12,13,24,47,56,104,141,146,164,475,182,186,196,230,244,254,291,302,328,335,346,394,411,424,440
172:50,70,82,102,105,118,122,132,135,138,140,154,159,168,268,177,192,193,208,216,220,238,239,247,249,254,262,263,309,317,363,394,414,421,454,464,473
173:5,9,11,18,21,24,41,44,55,71,96,108,115,154,161,294,181,190,228,230,268,277,281,315,353,354,365,369,370,371,383,413,417,437,449,450,453,467
174:50,64,70,71,95,101,103,113,124,129,155,156,301,175,184,212,215,240,255,269,285,305,306,329,345,348,375,380,389,419,426
175:15,37,49,56,66,85,120,134,137,157,174,310,188,209,224,235,245,250,262,265,269,280,316,320,324,336,340,346,347,357,382,402,410,414,436,454,473
176:1,20,54,65,72,80,102,115,116,142,159,167,184,185,188,199,203,223,228,229,238,255,262,267,282,302,323,324,337,361,362,399,406,412,428,429,456,461
177:6,35,48,69,84,95,97,124,125,152,166,172,345,181,191,199,209,223,249,252,263,274,278,318,327,337,346,371,444,457,473
178:17,26,50,71,76,83,134,144,165,196,246,260,268,287,304,353,359,392,404,412,415,432,446,450,455,461,463,468,472
179:11,26,53,74,105,126,130,152,160,163,279,209,237,278,296,303,309,311,314,324,328,331,337,370,394,425,479
180:19,39,43,53,69,87,104,114,129,145,159,308,190,213,226,245,255,261,270,299,303,338,345,364,390,441,444,449,456,458,467
181:12,35,74,86,88,92,117,153,168,173,177,424,194,203,233,238,239,247,253,277,280,294,308,331,347,357,358,366,395,411,417,447,456,462
182:4,14,22,66,94,99,114,120,131,145,157,163,167,168,170,171,344,221,245,258,276,293,296,301,320,333,351,428,454
183:16,18,22,40,44,90,97,111,125,193,185,195,208,222,223,234,249,257,261,298,306,317,318,333,343,352,361,362,376,378,398,425,438,451,458,469
184:12,20,21,33,41,64,114,125,134,150,151,154,162,163,174,176,191,188,196,207,210,233,254,258,272,288,304,321,327,348,354,360,364,383,401,403,416,422,424,446
185:4,10,59,67,94,109,122,128,130,143,145,146,164,168,176,183,200,189,204,232,233,234,235,252,264,274,301,317,336,347,351,360,365,381,391,399,413,420,430,441,457,460,464,467
186:13,36,44,68,72,77,124,130,139,142,171,416,188,199,219,224,249,259,281,284,324,350,363,412,429,432,439,444
187:12,20,24,35,42,48,49,55,56,75,77,79,95,103,132,140,146,159,244,192,195,210,218,219,225,230,248,252,254,259,306,334,337,338,339,367,373,377,392,441,457,465,467,470,472
188:37,43,60,79,109,110,111,116,132,175,176,184,186,209,203,234,236,242,263,277,284,306,325,342,347,349,356,385,396,424,428,441,458,459,471
189:4,7,44,65,68,76,79,109,113,117,122,148,169,185,219,190,198,203,212,223,257,259,273,284,292,305,326,330,344,352,362,368,373,377,378,421,428,432,445,455,463,464,466,469
190:0,6,15,26,28,29,67,86,120,125,132,133,135,170,173,180,189,470,195,200,232,253,287,294,307,316,322,326,335,348,356,383,386,427
191:28,35,54,59,67,77,114,144,145,177,184,380,207,229,246,254,258,259,284,331,353,358,383,397,409,415,431,440,475
192:39,54,69,94,122,126,155,172,187,440,214,217,222,224,231,245,256,345,351,371,404,437,449
193:38,41,64,121,148,172,183,382,198,204,255,260,270,276,299,307,310,332,334,343,350,355,358,368,422,431,463,473,476,477
194:34,43,48,58,62,82,85,112,146,181,470,228,233,274,287,296,302,317,386,402,407,414,431,437,453
195:22,34,68,71,86,89,116,134,138,183,187,190,377,248,253,280,295,297,304,311,325,330,344,363,368,380,400,419,423,439,440,444,456,477
196:4,10,14,21,35,38,43,48,58,73,84,107,109,168,171,178,184,430,211,212,222,233,254,274,280,301,312,313,336,339,341,346,391,404,410,415,416,429,431,456,466,471
197:22,54,90,91,108,116,133,147,148,157,162,286,201,211,214,220,227,228,263,274,294,343,363,368,394,401,422,426,440,452,465,475,478
198:5,9,24,66,82,105,108,120,123,124,137,149,167,168,170,189,193,448,259,281,293,310,319,333,336,343,355,359,363,392,413,432,449,452
199:27,33,34,36,51,55,66,88,113,124,136,150,176,177,186,224,242,290,309,312,316,320,324,368,377,381,385,389,414,420,427,450,452,462,466
200:27,35,45,49,67,112,185,190,233,227,229,240,247,265,270,278,301,307,324,327,370,375,376,380,387,395,409,455,462,464,479
201:21,96,103,116,167,197,445,211,219,248,249,278,300,310,390,405,420,429,455,463
202:10,14,15,28,83,89,93,100,104,118,127,162,350,220,225,236,271,296,299,365,381,453,458
203:22,40,41,77,83,110,117,139,141,152,168,176,181,188,189,475,204,220,243,244,252,256,272,281,299,332,346,386,400,406,411,416,422,430,432,445,478
204:2,29,38,46,54,62,63,67,72,121,128,132,157,161,185,193,203,295,221,245,269,271,275,289,290,299,305,338,351,354,357,374,390,404,411,417,430,447,461
205:4,15,23,28,49,50,73,80,119,130,157,161,169,381,225,270,282,307,313,324,328,355,356,372,393,396,431,433,436,443,462,469,472,477,479
206:0,13,16,25,50,67,75,90,93,94,95,122,123,153,158,165,166,168,394,213,255,279,281,307,309,356,371,383,437,468,473
207:6,8,12,14,15,22,32,38,68,72,74,77,123,143,158,162,184,191,233,210,220,266,269,270,278,279,282,303,340,348,357,372,376,389,402,409,416,420,424,453,476
208:2,4,16,32,45,63,67,68,76,100,118,126,127,143,169,172,183,246,213,217,226,227,233,242,268,289,300,304,326,357,374,389,390,431,440,442
209:11,17,26,35,58,72,80,89,93,101,105,108,118,139,161,175,177,179,188,255,221,227,282,285,300,312,317,320,327,330,335,346,368,387,435,443,452,462,464,468
210:21,44,45,93,98,105,108,161,184,187,207,285,238,261,267,296,299,331,349,359,371,374,375,390,402,424,429,431,436,438,441,445,469,471
211:24,36,39,65,73,79,83,88,95,123,150,157,196,197,201,414,229,238,250,252,265,270,334,339,359,372,398,401,416,442,444,464
212:14,31,36,60,72,93,94,99,100,113,116,139,174,189,196,377,216,235,246,258,261,279,301,329,356,368,397,405,424,445,454,462,471
213:4,13,14,47,79,99,110,111,180,206,208,354,221,225,226,257,274,279,282,284,286,296,304,306,319,329,341,362,365,383,394,400,401,414,415,417,418,434,437,469,470
214:11,34,39,43,46,78,91,125,192,197,417,216,233,250,270,290,295,316,318,321,333,346,368,373,376,414,434,454,475
215:19,25,27,34,79,105,118,132,148,152,162,174,246,219,223,232,235,241,270,309,336,339,364,365,391,406,451
216:6,11,19,34,64,67,74,89,105,108,117,127,155,160,165,170,172,212,214,280,218,226,229,267,276,286,296,298,308,312,314,322,384,386,393,401,442
217:9,16,38,78,119,126,142,149,192,208,324,250,272,273,292,308,318,329,330,346,352,358,368,394,404,417,419,438
218:20,23,30,52,56,77,84,99,113,136,157,187,216,342,223,245,253,273,288,296,317,359,380,440,455
219:3,30,51,62,64,140,144,145,150,161,186,187,189,201,215,424,243,247,249,250,251,253,257,262,268,270,299,307,314,345,359,382,392,403,409,416,425,428,443,451,455
220:6,10,41,45,56,60,65,69,76,86,91,113,123,137,147,148,151,152,170,172,197,202,203,207,444,221,234,235,260,265,276,297,319,366,370,381,397,402,429,438,440,446,451,463
221:9,21,58,91,103,107,139,144,159,168,182,204,209,213,220,318,227,253,262,277,335,337,352,378,394,395,429,430,431,451,469
222:41,46,52,54,56,60,62,78,80,91,95,97,100,138,146,153,183,192,196,238,228,229,287,298,299,309,335,352,367,370,393,396,406,456
223:14,22,43,48,66,105,106,116,127,144,148,157,161,165,176,177,183,189,215,218,384,253,260,281,293,300,312,315,342,351,366,383,389,397,434,451,457,471,478
224:6,14,22,23,38,46,47,49,66,73,74,100,106,128,152,156,175,186,192,199,468,229,243,244,252,265,276,280,291,315,319,324,374,377,392,461
225:2,4,7,12,21,55,78,80,81,88,105,132,167,187,202,205,213,230,231,239,243,255,258,284,291,319,334,338,348,358,379,410,418,421,423,430,432,479
226:24,42,61,64,102,109,124,128,134,145,157,162,180,208,213,216,302,256,280,290,297,303,351,403,430,431,442,469,471
227:2,5,44,46,54,56,65,81,89,91,103,136,163,197,200,208,209,221,288,242,246,255,281,312,331,334,346,353,383,391,404,429,432,442,459,465
228:53,56,59,61,68,88,90,114,117,141,143,157,173,176,194,197,222,473,236,252,256,270,282,299,307,323,334,347,349,356,389,417,432,435
229:6,8,12,23,36,40,52,65,79,84,92,93,98,112,116,136,148,154,157,166,170,176,191,200,211,216,222,224,313,250,267,271,277,280,290,302,317,336,348,351,376,398,403,409,440,463,464
230:5,13,17,30,49,65,77,78,108,132,153,155,157,171,173,187,225,233,265,293,295,306,325,339,352,367,388,463,467
231:21,24,28,46,64,75,88,93,116,142,149,192,225,365,256,260,274,302,378,393,398,401,409,416,452,466,467
232:21,38,41,50,57,61,68,79,85,114,126,137,159,163,185,190,215,357,240,263,272,281,301,345,348,366,367,372,386,389,395,398,409,410,421,448,462
233:4,15,19,20,37,59,65,77,85,95,99,108,118,121,123,136,138,139,145,147,151,165,181,184,185,194,196,200,207,208,214,230,365,234,248,249,266,271,357,368,380,390,391,418,432,440,443,449
234:36,43,50,62,75,77,79,104,116,144,168,183,185,188,220,233,449,243,250,265,268,270,345,354,358,380,393,397,411,425,467,469,472,473
235:12,34,48,58,59,91,120,124,166,175,185,212,215,220,474,243,250,270,283,285,297,322,335,344,347,353,371,381,423,424,456,463,470
236:25,34,45,56,58,107,135,137,157,188,202,228,267,255,287,301,323,334,350,357,367,389,408,415,417,432,453,475
237:14,15,34,38,39,46,49,55,101,124,128,138,142,166,179,426,258,271,289,310,319,320,324,326,367,368,374,434,437,452,459
238:12,20,21,44,64,113,115,116,117,142,158,172,176,181,210,211,222,250,254,277,278,284,287,307,308,320,322,326,328,353,361,473
239:4,78,84,98,100,108,117,131,141,169,172,181,225,475,259,264,283,286,297,364,417,421,436,438,441,443,444,452
240:0,16,29,50,58,86,99,120,133,174,200,232,463,243,250,257,287,317,324,330,349,407,415,416
241:23,52,78,91,93,146,147,154,159,215,258,252,262,267,269,271,274,302,311,322,326,328,340,345,376,399,402,423
242:30,34,35,69,107,118,123,124,137,148,154,188,199,208,227,448,250,290,315,322,330,331,354,365,375,386,409,413,414,423,426,433,462,474
243:1,37,39,46,56,65,72,81,109,115,123,125,150,152,159,203,219,224,225,234,235,240,400,245,257,298,312,354,380,388,390,416,418,430,476
244:9,33,55,100,106,141,146,171,187,203,224,373,247,262,281,328,335,351,417,424,425,466
245:25,30,74,104,105,133,143,145,159,175,180,182,192,204,218,243,300,264,266,307,314,317,455,463
246:8,10,34,36,39,45,109,122,128,134,136,157,178,191,208,212,215,227,366,286,305,329,369,377,388,390,432,435,461,471
247:45,48,69,72,76,97,103,107,113,117,121,128,130,154,172,181,200,219,244,334,254,257,292,301,304,357,382,391,398,400,417,418,447,456,475
248:32,49,68,73,74,77,136,141,144,158,187,195,201,233,373,271,280,281,282,287,290,344,360,376,377,396
249:2,3,16,17,44,70,77,101,119,130,132,140,164,165,168,172,177,183,186,201,219,233,478,254,258,274,281,302,375,396,422,431,432,451,472
250:7,11,45,49,72,79,82,93,117,120,136,140,141,146,158,163,175,211,214,217,219,229,234,235,238,240,242,444,270,278,287,297,428,445,468
251:1,18,51,74,82,110,122,123,140,155,167,170,219,436,270,272,275,300,307,350,373,413,425,430,466,474,478
252:12,14,31,38,68,70,77,84,89,145,165,167,177,185,187,203,211,224,228,241,441,253,268,293,333,338,340,343,369,377,389,394,444,449,475
253:9,11,23,44,46,51,54,72,81,82,89,133,149,164,168,181,190,195,218,219,221,223,252,258,284,290,296,320,325,326,329,359,362,375,377,392,394,404,423,426,439,475
254:15,20,23,40,41,64,79,80,86,105,116,131,141,152,171,172,184,187,191,196,238,247,249,302,369,377,387,409,425,439,441,468
255:3,8,65,72,84,85,93,135,138,145,160,161,174,176,180,193,206,209,225,227,236,337,272,288,303,307,348,350,386,470,477
256:1,19,22,25,39,47,111,116,119,166,192,203,226,228,231,475,258,274,277,312,389,409,410,415,424,435,446,450,470
257:30,55,85,95,136,138,142,154,155,183,189,213,219,240,243,247,276,277,284,292,316,320,347,351,356,424,447,474
258:33,35,50,60,62,69,70,79,95,120,129,130,134,136,167,182,184,191,212,225,237,241,249,253,256,320,264,274,280,294,306,311,321,328,362,402,403,476
259:40,45,50,62,67,77,97,102,106,135,138,160,164,186,187,189,191,198,239,338,292,294,367,373,407,419,468,471
260:5,34,67,82,83,123,129,135,154,163,178,193,220,223,231,459,286,300,348,379,380,394,395,420,430,472
261:32,65,72,74,76,79,87,94,99,100,117,125,134,146,157,166,180,183,210,212,385,280,290,293,295,319,322,327,334,367,372,398,403,446,449,462,472
262:18,20,23,29,135,140,147,159,166,172,175,176,219,221,241,244,277,286,303,307,314,350,353,368,389,417,422,432,466,473
263:19,59,69,101,112,113,127,136,141,147,158,172,177,188,197,232,295,286,291,293,294,304,309,351,353,362,364,367,368,407,420,440,447
264:12,13,24,39,40,55,76,79,105,185,239,245,258,356,269,272,322,325,329,336,344,367,388,392,414,421,438,446,465
265:1,22,24,25,36,38,43,49,82,108,111,147,156,175,200,211,220,224,230,234,311,267,279,287,293,309,310,321,326,331,336,355,358,396,403,426,437,439,466
266:18,29,37,52,57,61,62,68,113,122,124,138,207,233,245,289,271,275,316,328,336,347,352,364,366,373,409,432,436,447,453,478
267:2,4,20,22,78,79,81,93,128,149,162,176,210,216,229,236,241,265,408,268,298,311,315,324,330,332,359,404,420,422,447,458,476
268:21,41,51,59,72,75,89,98,106,113,117,128,147,148,155,162,172,173,178,208,219,234,252,267,460,274,279,303,310,312,366,373,444,458,477
269:11,42,45,58,70,81,83,92,108,113,129,135,136,156,162,167,169,174,175,204,207,241,264,423,283,304,316,366,373,402,405,407,430,451,471,479
270:6,46,57,58,61,75,87,108,136,145,180,193,200,205,207,211,214,215,219,228,234,235,250,251,391,312,316,366,378,386,404
271:8,10,18,29,30,71,85,89,92,93,112,156,202,204,229,233,237,241,248,266,451,279,284,285,290,323,331,332,352,356,366,376,392,395,396,431,468,477
272:6,18,44,45,46,53,56,59,63,77,101,114,119,159,184,203,217,232,251,255,264,408,277,287,290,296,318,323,324,344,345,351,353,357,385,393,450,467,474
273:22,28,31,36,57,103,120,135,168,189,217,218,332,300,305,370,393,408,413,422,429,454,456,457,466
274:9,31,40,46,62,65,70,82,96,141,144,153,156,168,177,185,194,196,197,213,231,241,249,256,258,268,462,292,307,310,315,380,385,387,392,415,422,424,434,451,477
275:3,5,32,45,80,89,96,109,111,144,146,152,160,204,251,266,288,278,286,323,325,329,342,364,371,398,403,408,411,427,430,431,435,439,444
276:4,24,27,44,60,64,110,116,139,142,144,166,167,170,182,193,216,220,224,257,318,339,351,402,405,425,428,453,472
277:0,5,6,40,43,65,73,88,125,157,173,181,188,221,229,238,256,257,262,272,340,282,283,286,299,316,318,348,392,393,400,402,412,414,416,423,429,434,452
278:5,18,29,47,50,51,64,96,99,105,107,111,139,144,152,177,179,200,201,207,238,250,275,300,290,309,328,335,344,349,353,359,371,379,403,424,431,432,477
279:0,15,22,27,67,99,105,115,119,140,156,179,206,207,212,213,265,268,271,367,301,347,355,359,361,379,385,411,412,417,434,467
280:0,18,31,91,95,97,130,134,153,175,181,195,196,216,224,226,229,248,258,261,473,282,283,291,304,315,317,322,324,408,420,426,443,457
281:44,47,51,55,68,81,99,104,106,111,120,158,166,173,186,198,203,206,223,227,232,244,248,249,364,284,289,297,305,314,341,355,357,404,406,432,434,448,449
282:49,51,59,67,80,106,114,128,132,158,176,205,207,209,213,228,248,277,280,359,287,336,351,370,376,380,381,384,431,443,446,460
283:11,18,24,31,32,40,81,82,84,85,89,112,121,124,126,127,149,235,239,269,277,280,472,290,296,297,325,329,350,374,382,386,396,459,475,477
284:27,28,29,37,58,80,83,88,100,105,126,149,151,163,186,188,189,191,213,225,238,253,257,271,281,296,291,299,302,315,318,334,338,342,350,360,361,362,374,385,394,406,408,463,478
285:51,65,88,89,92,100,139,145,157,174,209,210,235,271,407,289,302,319,321,322,368,388,409,451,452,479
286:0,6,34,45,51,65,72,85,88,89,101,121,128,135,137,161,163,197,213,216,239,246,260,262,263,275,277,457,370,398,399,411,420,431,432,473,477,479
287:11,41,50,56,104,138,160,162,178,190,194,222,236,238,240,248,250,265,272,282,418,293,298,314,317,319,328,357,358,383,413,425,430,444,447,449,452,470
288:9,17,27,104,126,140,143,146,160,170,184,218,227,255,275,457,297,319,321,338,349,389,391,401,436,440,445,450,452,475
289:15,30,49,55,57,67,87,89,106,115,123,126,147,152,159,204,208,237,266,281,285,358,301,302,319,322,327,332,355,372,404,417,427,444,479
290:3,30,35,46,51,86,104,117,139,148,158,199,204,214,226,229,242,248,253,261,271,272,278,283,467,309,334,335,350,364,384,414,461,463,470,474
291:2,6,23,37,48,55,66,74,76,84,86,113,119,128,142,159,163,171,224,225,263,280,284,435,295,309,327,340,374,384,404,419,432,438,445,462,466
292:12,41,57,67,72,74,82,89,104,107,121,132,145,189,217,247,257,259,274,360,313,356,366,368,369,432,437,445,449,457,475
293:50,54,57,62,72,77,88,121,122,127,141,151,182,198,223,230,252,261,263,265,287,360,318,350,356,393,402,412,427,430,431,449,461,464,467
294:4,8,31,37,73,74,120,123,143,173,181,190,197,258,259,263,300,299,308,325,351,398,431,433,468
295:7,9,24,28,37,48,51,56,86,87,88,96,111,128,138,160,161,162,164,195,204,214,230,261,263,291,428,302,306,313,324,360,367,368,399,406,431,435,448
296:2,16,27,58,72,103,104,157,158,166,179,182,194,202,210,213,216,218,253,272,283,284,388,335,347,355,361,384,397,401,421,428,464,475,479
297:3,14,38,53,60,66,117,134,142,145,167,168,169,195,220,226,235,239,250,281,283,288,402,303,320,332,342,359,361,384,387,425,429,432,451,457,475
298:25,44,57,59,108,123,129,138,183,216,222,243,267,287,459,305,308,313,327,331,355,358,359,360,363,368,373,374,385,395,399,400,425,426,427,448,472
299:7,11,16,40,46,52,54,68,110,114,128,135,142,146,149,151,158,161,180,193,202,203,204,210,219,222,228,277,284,294,462,313,346,358,359,383,401,430,451
300:9,30,84,102,106,118,120,128,134,155,162,163,201,208,209,223,245,251,260,273,278,294,389,306,331,343,348,355,394,403,404,424,455,463,465
301:18,29,38,41,49,53,54,72,83,94,104,119,146,152,156,165,174,182,185,196,200,212,232,236,247,279,289,370,324,330,349,353,383,384,420,435,447,461
302:26,31,68,91,97,98,108,134,139,158,163,171,176,194,226,229,231,241,249,254,284,285,289,295,304,361,367,383,420,423,441,447,465
303:3,4,7,19,32,46,47,51,91,101,139,140,160,162,179,180,207,226,255,262,268,297,392,313,320,353,361,380,404,427,431,432
304:5,9,16,25,44,68,72,104,106,122,127,137,142,149,150,165,178,184,195,208,213,247,263,269,280,302,319,311,314,336,350,355,376,402,444
305:17,21,35,39,46,77,92,94,102,107,109,113,123,149,154,158,161,174,189,204,246,273,281,298,435,322,325,352,357,359,377,383,387,403,419,429,459
306:12,14,35,38,42,51,80,120,124,135,155,162,163,174,183,187,188,213,230,258,295,300,378,312,329,367,372,386,388,391,395,406,418,434,450,462,468
307:6,10,19,35,40,49,61,71,74,101,142,166,190,193,200,205,206,219,228,238,245,251,255,262,274,465,328,349,359,376,393,409,418,420,446,457
308:1,25,32,34,35,38,55,59,65,74,83,88,96,114,121,128,157,162,180,181,216,217,238,294,298,345,322,324,327,328,348,366,376,406,426,449,465,466
309:20,27,47,57,75,82,146,157,172,179,199,206,215,222,263,265,278,290,291,479,317,318,332,366,383,390,399,403,414,419,442,463
310:5,13,21,29,31,34,75,84,95,97,102,115,151,175,193,198,201,237,265,268,274,455,311,321,336,363,370,372,391,415,425,433,435,436,473,476
311:20,26,53,58,70,81,99,147,148,154,158,169,179,195,241,258,265,267,304,310,370,364,374,394,396,403,422,447,450
312:9,18,21,34,61,62,72,93,123,124,125,130,133,154,155,158,167,196,199,209,216,223,227,243,256,268,270,306,433,336,351,383,412,468
313:21,45,52,86,108,116,125,136,138,144,152,168,196,205,229,292,295,298,299,303,473,322,323,342,385,398,431,464
314:36,51,64,72,81,121,125,131,133,136,139,145,148,150,157,161,169,179,216,219,245,262,281,287,304,408,318,393,396,398,400,405,459
315:12,23,38,57,70,77,89,90,116,131,133,135,173,223,224,242,267,274,280,284,326,316,324,329,348,349,353,364,371,379,426,435,439,459,461,466
316:6,11,16,66,106,138,154,163,165,175,190,199,214,257,266,269,270,277,315,453,317,397,410,433,446,451,461,471,475
317:0,2,4,6,20,24,29,30,32,44,47,52,53,58,69,89,93,125,133,144,156,169,172,183,185,194,209,218,229,240,245,280,287,309,316,425,322,327,351,359,367,373,380,385,392,432,439,457,459,460,472,479
318:13,47,60,75,98,112,126,149,177,183,214,217,221,272,276,277,284,293,309,314,422,338,355,371,397,403,459,465,468
319:26,50,53,89,93,97,98,142,147,163,164,198,213,220,224,225,237,261,285,287,288,289,304,459,322,334,335,340,341,347,379,389,404,413,421,424,433,455,457,458,463
320:19,35,57,58,74,78,87,104,116,126,158,161,175,182,199,209,237,238,253,257,258,297,303,431,337,347,370,386,394,405,437,440,449,452,459
321:3,12,16,22,33,39,71,76,84,95,112,118,124,127,148,184,214,258,265,285,288,310,383,323,342,366,403,405,412,434,474,475
322:11,40,44,45,64,68,80,83,109,134,135,156,190,216,235,238,241,242,261,264,280,285,289,305,308,313,317,319,385,326,361,370,373,376,389,411,417,429,434,437,468
323:3,12,29,39,57,63,71,72,75,109,114,116,129,130,136,176,228,236,271,272,275,313,321,332,330,339,344,381,410,427,458,463
324:2,40,47,50,57,72,84,85,89,104,106,125,127,131,133,139,144,158,175,176,179,186,199,200,205,217,224,237,240,267,272,280,295,301,308,315,402,328,329,343,392,396,401,411,418,420,421,431,437,439,440,449,452,457,479
325:30,49,51,53,69,70,91,94,95,100,120,126,137,169,188,195,230,253,264,275,283,294,305,470,330,364,372,425,426,452,454,457,476
326:2,30,41,47,60,83,91,98,112,122,124,126,189,190,208,237,238,241,253,265,315,322,333,327,341,344,354,355,363,374,394,408,415,416,418,441,445,471,478
327:4,6,39,55,61,86,91,120,137,145,152,165,177,184,200,209,261,289,291,298,308,317,326,449,331,407,416,430,442,444,446,447,460,471
328:2,4,26,27,29,31,62,82,103,115,118,119,129,146,150,171,179,205,238,241,244,258,266,278,287,307,308,324,455,330,331,332,340,351,387,390,397,410,424,443,450,453,470
329:22,38,47,53,70,87,107,148,158,174,212,213,217,246,253,264,275,283,306,315,324,423,336,343,361,378,380,400,407,408,421,428,433,437,446,451,462,465,473,479
330:17,20,23,24,35,51,68,69,74,87,93,94,109,112,119,135,137,147,166,189,195,209,217,240,242,267,301,323,325,328,413,341,354,360,361,376,415,416,432
331:12,43,44,46,95,106,147,159,162,167,169,179,181,191,210,227,242,265,271,298,300,327,328,436,338,341,357,387,400,405,427,442,465,474
332:35,37,55,60,96,111,147,156,193,203,267,271,273,289,297,309,323,328,367,334,340,354,356,359,370,378,387,405,413,428,429,433,434,442,462
333:5,26,45,62,64,112,113,118,134,144,147,150,161,170,182,183,198,214,252,326,347,358,371,423,445,470,476
334:5,32,36,77,81,90,94,133,138,145,149,163,170,187,193,211,225,227,228,236,247,261,284,290,319,332,415,372,387,391,398,427,445,448,467
335:38,50,52,57,66,84,108,113,120,155,162,171,190,209,221,222,235,244,278,290,296,319,408,342,363,364,368,377,379,383,385,425,428,446,453,457,461
336:4,6,27,33,35,123,131,137,138,139,150,160,175,185,196,198,215,229,264,265,266,282,304,310,312,329,468,339,419,420,470
337:1,6,11,14,22,31,48,58,89,95,105,113,121,137,142,143,156,176,177,179,187,221,255,320,385,344,349,353,360,400,415,431,455
338:13,14,21,25,50,112,115,136,155,156,169,180,187,204,225,252,259,284,288,318,331,417,353,354,364,379,397,436,446,447,475
339:9,33,71,89,96,98,108,112,120,123,125,143,187,196,211,215,230,276,323,336,404,364,371,380,388,408,428,451,473
340:24,69,85,88,96,103,108,143,162,175,207,241,252,277,291,319,328,332,433,347,352,369,373,380,390,405,426,429,430,432,435,447,466
341:37,90,93,96,101,111,112,123,130,151,165,169,196,213,281,319,326,330,331,419,355,380,390,398,408,423,459,472
342:6,19,33,41,76,79,87,119,124,141,144,149,154,161,188,218,223,275,284,297,313,321,335,393,346,375,382,390,402,406,423,424,427,472
343:22,62,88,99,124,133,183,193,197,198,252,300,324,329,405,364,382,386,400,439,446,477,478
344:20,30,41,47,62,76,81,85,88,100,128,129,153,157,165,182,189,195,235,248,264,272,278,323,326,337,361,362,377,381,399,422,428,442,448,453
345:1,12,14,16,25,30,31,72,78,92,115,147,157,174,177,180,192,219,232,234,241,272,308,349,362,380,382,383,401,420,424,435,440,446,453,475
346:53,63,76,98,99,101,102,103,105,120,137,138,142,144,150,171,175,177,196,203,209,214,217,227,299,342,349,347,375,396,410,411,421,424,428,448,449,450,452,463,468,477
347:44,75,89,92,109,117,149,164,175,181,185,188,228,235,257,266,279,296,319,320,333,340,346,352,362,379,389,394,405,410,429,444,450,466,479
348:7,58,60,65,69,96,101,103,109,134,151,162,170,174,184,190,207,225,229,232,255,260,277,300,308,315,479,354,360,410,418,427,471
349:41,92,129,130,132,188,210,228,240,278,288,301,307,315,337,345,346,422,350,366,377,381,400,411,416,475
350:5,11,27,36,69,82,97,116,126,128,129,140,149,186,193,202,236,251,255,262,283,284,290,293,304,349,396,358,361,369,382,385,409,417,443,445,465
351:19,22,27,31,51,59,67,68,76,85,93,128,155,156,161,166,182,185,192,204,223,226,229,244,257,263,272,276,282,294,312,317,328,442,364,371,377,420,434,435,444,449
352:33,52,83,86,126,135,140,157,159,165,167,170,183,189,217,221,222,230,266,271,305,340,347,396,360,375,376,426,446,455,463
353:8,15,49,50,66,130,132,140,143,151,157,159,173,178,191,227,235,238,262,263,272,278,301,303,315,337,338,438,386,396,414,420,434,463,477
354:1,5,15,16,18,50,58,65,103,173,184,204,213,234,242,243,326,330,332,338,348,437,367,371,401,425,426,429,432
355:3,9,50,75,85,90,96,103,193,198,205,265,279,281,289,296,298,300,304,318,326,341,372,356,379,381,398,415,439,443,454,457,464,478
356:31,37,56,79,81,94,108,109,111,118,126,127,128,153,155,188,190,205,206,212,228,257,264,271,292,293,332,355,477,391,404,405,408,448,467
357:7,24,32,46,52,73,76,84,94,99,110,115,138,146,175,181,204,207,208,232,233,236,247,272,281,287,305,331,380,368,372,376,392,395,415,440,453,461
358:5,16,17,32,34,44,51,66,84,103,110,136,156,159,181,191,193,217,225,234,265,287,289,298,299,333,350,396,385,403,451,454,461,464,474
359:4,12,18,44,55,59,66,76,92,108,121,122,135,138,156,161,169,178,198,210,211,218,219,253,267,278,279,282,297,298,299,305,307,317,332,472,361,401,411,423,437,439,445,453
360:35,44,48,56,68,78,83,98,101,141,168,184,185,248,284,292,293,295,298,330,337,348,352,429,370,374,382,393,412,432,436,457,461,463,470
361:5,31,36,46,49,69,81,103,113,114,125,142,152,155,163,176,183,238,279,284,296,297,302,303,322,329,330,344,350,359,469,432,447,462,466
362:7,35,50,57,61,69,71,99,101,119,127,141,161,176,183,189,213,253,258,263,284,344,345,347,454,367,378,388,392,393,400,445,455,476
363:4,9,23,42,61,63,66,72,75,91,108,172,186,195,197,198,298,310,326,335,376,374,387,394,397,400,414,415,438,446,447,470
364:6,21,23,29,32,42,64,81,105,110,115,132,135,142,149,156,166,180,184,215,239,263,266,275,281,290,311,315,325,335,338,339,343,351,446,373,379,381,395,397,412,414,418,431
365:3,6,19,62,67,82,89,97,135,157,160,173,185,202,213,215,231,233,242,403,384,408,413,438,444,472
366:3,31,80,88,94,98,116,124,133,143,158,162,165,181,220,223,232,246,266,268,269,270,271,292,308,309,321,349,431,402,410,440,441,456,476,478
367:3,18,27,49,52,66,81,87,100,108,169,187,222,230,232,236,237,259,261,263,264,279,295,302,306,317,332,354,362,369,402,431,436,442,452,456,473
368:7,25,43,49,75,83,86,87,91,96,97,103,131,134,137,189,193,195,197,199,209,212,214,217,233,237,262,263,285,292,295,298,335,357,478,400,402,428,451,466,471,472
369:26,36,55,77,82,91,95,128,151,166,173,246,252,254,292,340,350,367,471,380,391,400,406,409,419,430,432,435,437,443,463
370:3,6,52,60,82,83,84,99,127,142,151,168,170,173,179,200,220,222,273,282,286,301,310,311,320,322,332,360,445,421,422,431,442,450,451,464,473
371:12,33,36,37,42,48,72,99,101,108,111,118,124,140,147,156,170,173,177,192,206,210,235,275,278,315,318,333,339,351,354,456,403,405,419,420,437,438,441,464
372:30,35,36,62,78,93,106,108,135,150,205,207,211,232,261,289,306,310,325,334,355,357,455,377,390,415,422,444,470,479
373:23,41,46,53,71,76,90,108,109,116,156,158,187,189,214,244,248,251,259,266,268,269,298,317,322,340,364,374,387,404,417,442,450,462,473
374:13,15,55,67,87,89,94,99,104,110,128,146,164,168,204,208,210,224,237,283,284,291,298,311,326,360,363,373,441,456,479
375:16,41,42,58,79,113,119,152,174,200,210,242,249,253,342,346,352,469,378,382,390,395,398,406,414,426,440,449
376:10,12,19,37,57,69,73,89,96,116,128,183,200,207,214,229,241,248,271,282,304,307,308,322,330,352,357,363,409,383,384,397,403,436,447,454,458,460,474,477
377:0,2,17,18,21,25,44,66,76,148,150,187,189,195,199,212,224,246,248,252,253,254,305,335,344,349,351,372,443,397,431,432,440,452,466,476
378:6,14,65,75,81,106,119,143,183,189,221,231,270,306,329,332,362,375,388,381,387,442,464,470,471
379:20,28,29,57,68,71,80,102,121,144,152,225,260,278,279,315,319,335,338,347,355,364,418,396,404,411,412,428,441,456,461,478
380:13,16,51,54,66,79,97,104,108,114,135,143,157,168,174,191,195,200,218,233,234,243,260,274,282,303,317,329,339,340,341,345,357,369,386,381,442,445,465,470
381:9,17,18,54,61,93,116,126,155,185,199,202,205,220,235,282,323,344,349,355,364,378,380,407,383,391,393,400,416,419,433,448,463,470,479
382:3,8,14,19,23,32,33,41,64,78,79,80,86,103,112,121,131,136,144,153,155,156,175,193,219,247,283,342,343,345,350,360,375,475,384,385,389,396,397,420,428,457,463
383:13,27,47,69,73,77,92,138,140,156,173,184,190,191,206,213,223,227,287,299,301,302,305,309,312,321,335,345,376,381,447,392,394,403,412,437,438
384:11,38,45,52,55,60,85,102,161,216,223,282,290,291,296,297,301,365,376,382,451,435,443,466,474
385:19,39,62,120,137,156,161,188,199,261,272,274,279,284,298,313,317,322,335,337,350,358,382,473,417,423,433,444,455,461,475
386:4,22,31,39,67,75,78,89,92,110,138,144,166,190,194,203,216,232,242,255,270,283,306,320,343,353,380,453,387,400,447,450
387:27,69,110,113,163,200,209,254,274,297,305,328,331,332,334,363,373,378,386,407,397,402,414,449,456,461,479
388:0,18,19,33,57,77,97,104,114,115,123,143,158,170,230,243,246,264,285,296,306,339,362,378,451,389,402,409,436,438,454,467
389:27,58,94,103,106,110,137,140,141,147,161,162,174,199,207,208,223,228,232,236,252,256,262,288,300,319,322,347,382,388,473,392,413,431,449,454,467
390:29,35,38,46,55,64,81,86,117,124,127,140,143,163,180,201,204,208,210,233,243,246,309,328,340,341,342,372,375,436,408,410,412,421,443,455,459,472
391:5,43,52,78,79,82,86,89,110,117,121,143,149,151,167,169,185,196,215,227,233,247,270,288,306,310,334,356,369,381,477,396,398,463
392:3,15,29,33,36,39,50,106,117,120,132,133,138,139,154,160,165,166,178,187,198,219,224,253,264,271,274,277,303,317,324,357,362,383,389,411,405,425,426,439,447,461,467,473
393:43,44,60,83,95,99,114,135,160,168,205,216,222,231,234,272,273,277,293,307,314,342,360,362,381,402,426,435,436,472
394:3,13,24,33,38,64,86,99,119,120,126,133,171,172,179,197,206,213,217,221,252,253,260,284,300,311,320,326,347,363,383,438,408,441,465,471,473
395:16,24,34,42,52,55,63,64,77,91,104,116,120,129,137,145,150,158,181,200,221,232,260,271,298,306,357,364,375,424,418,421,433,466,477
396:14,33,36,60,78,91,102,108,117,141,143,149,154,188,205,222,248,249,265,271,283,311,314,324,346,350,352,353,358,379,382,391,402,399,419,421,431,462,469
397:27,71,77,103,108,116,120,124,126,143,191,212,220,223,234,296,316,318,328,338,363,364,376,377,382,387,407,405,406,422,424,434,471,474
398:40,43,45,46,69,73,75,79,102,160,183,211,229,231,232,247,261,275,286,294,313,314,334,341,355,375,391,453,444,446,462,469
399:3,10,31,32,33,34,35,59,79,98,105,107,109,119,134,176,185,241,286,295,298,309,344,396,429,437,467
400:16,21,35,71,72,78,80,90,106,115,119,135,142,150,151,155,165,195,203,213,243,247,277,298,314,329,331,337,343,349,362,363,368,369,381,386,475,405,408,432,473
401:20,27,37,52,56,58,62,70,85,89,103,112,113,116,150,184,197,211,213,216,231,288,296,299,324,345,354,359,431,423,432,439,446,464,476
402:15,41,62,96,103,107,118,158,164,175,194,207,210,220,241,258,269,276,277,293,297,304,324,342,366,367,368,387,388,393,396,411,409,414,415,441
403:24,38,43,64,100,108,114,116,148,184,219,226,229,258,261,265,275,278,300,305,309,311,318,321,358,365,371,376,383,453,431,450,458
404:2,3,15,53,54,63,83,97,100,103,112,140,143,161,178,192,196,204,217,227,253,267,270,281,289,291,300,303,319,339,356,373,379,473,436,451,456,467
405:9,28,42,61,86,97,101,115,148,151,152,155,166,201,212,269,276,314,320,321,331,332,340,343,347,356,371,392,397,400,413,427,439,468,474
406:27,40,55,63,110,114,115,122,123,127,156,176,203,215,222,281,284,295,306,308,342,369,375,397,444,408,423,436,450,456,463
407:30,40,83,99,101,103,124,125,136,146,160,163,169,194,240,259,263,269,285,327,329,381,387,397,440,427,431,459,471
408:1,4,12,33,95,105,122,134,167,236,267,272,273,275,280,284,314,326,329,335,339,341,356,365,390,394,400,406,476,437,438,439
409:14,36,77,113,120,123,132,151,163,191,200,207,219,229,231,232,242,254,256,266,285,307,350,369,376,388,402,413,419,420,423,440,452,456,478
410:9,32,55,58,76,83,150,164,169,175,196,225,232,256,316,323,328,346,347,348,366,390,417,413,440,445
411:9,15,26,40,55,56,93,128,145,153,159,171,181,203,204,234,275,279,286,322,324,346,349,359,379,392,402,458,432,447,465,470
412:3,5,39,51,52,57,61,65,84,121,128,143,161,163,176,178,186,277,279,293,312,321,360,364,379,383,390,436,441,444,445,447,454,458
413:10,16,24,33,35,39,48,58,60,66,84,88,92,96,98,101,145,146,147,148,149,173,185,198,242,251,273,287,319,330,332,365,389,405,409,410,459,436,438,441,447,473
414:2,5,8,12,22,55,74,85,92,119,120,132,139,144,152,153,172,175,194,199,211,213,214,242,264,277,290,309,353,363,364,375,387,402,446,417,422,428,439
415:38,51,92,94,107,123,125,126,178,191,196,213,236,240,256,274,310,326,330,334,337,355,357,363,372,402,457,423,429,439,446
416:16,20,31,33,50,61,71,109,115,155,164,184,186,196,203,207,211,219,231,240,243,277,326,327,330,349,381,453,433,443,447,449,457,458,479
417:3,13,22,48,50,53,56,80,126,127,163,173,181,204,213,214,217,228,236,239,244,247,262,279,289,322,338,350,373,385,410,414,438,418,435,444,447,451
418:4,8,17,59,70,78,104,115,128,137,153,157,213,225,233,243,247,287,306,307,324,326,348,364,379,395,417,440,429,434,443,471,479
419:13,18,24,63,72,87,89,97,107,118,134,155,159,174,195,217,259,291,305,309,336,341,369,371,381,396,409,477,426,435,469
420:2,5,22,33,39,70,84,91,99,102,109,127,135,185,199,201,207,260,263,267,280,286,301,302,307,324,336,345,351,353,371,382,409,470,421,426,430,440,450,451,453,472
421:31,34,36,42,49,50,58,96,133,164,172,189,225,232,239,264,296,319,324,329,346,370,390,395,396,420,472,425,432,470,477
422:14,18,19,22,73,90,103,110,118,121,129,156,184,193,197,203,249,262,267,273,274,311,318,344,349,370,372,397,414,450,426,427,436,440
423:10,29,34,43,60,61,71,85,95,117,123,144,150,156,157,195,225,235,241,242,253,269,277,302,329,333,341,342,359,385,401,406,409,415,440,464,472,475
424:13,16,33,34,45,50,63,88,93,105,110,134,171,181,184,188,207,210,212,219,235,244,256,257,274,278,300,319,328,342,345,346,395,397,479,425,450,475,476
425:28,30,34,44,51,88,90,129,148,179,183,219,234,244,251,254,276,287,297,298,310,317,325,335,354,392,421,424,454,441,464
426:3,47,70,75,91,132,159,162,165,168,174,197,237,242,253,265,280,298,308,315,325,340,352,354,375,392,393,419,420,422,461,436,440,475
427:9,15,30,35,59,61,63,75,82,86,93,145,166,168,190,199,275,289,293,298,303,323,331,334,342,348,405,407,422,433,431,451
428:12,42,56,98,104,107,113,117,141,148,161,176,182,188,189,219,250,276,295,296,329,332,335,339,344,346,368,379,382,414,479,465,467
429:33,40,43,57,58,85,110,126,128,141,144,166,176,186,196,201,210,220,221,227,273,277,297,305,322,332,340,347,354,360,399,415,418,465,447,448,449,464
430:5,19,22,29,42,44,52,54,59,123,140,153,155,166,168,185,196,203,204,221,225,226,243,251,260,269,275,287,293,299,327,340,369,420,442,437,439,466
431:2,9,26,35,37,51,64,108,109,112,141,155,167,191,193,194,196,205,208,210,221,226,249,271,275,278,282,286,293,294,295,303,313,320,324,337,364,366,367,370,377,389,396,401,403,407,427,447,454,456,460,471,476
432:12,16,50,68,77,78,80,101,114,120,142,166,178,186,189,198,203,225,227,228,233,236,246,249,262,266,278,281,286,291,292,297,303,317,330,340,354,360,361,369,377,400,401,411,421,477
433:4,50,55,59,63,65,79,80,95,96,114,205,242,294,310,312,316,319,329,332,340,381,385,395,416,427,459,435,437,450,461,466
434:44,73,85,117,124,134,139,151,152,169,213,214,223,237,274,277,279,281,306,321,322,332,351,353,397,418,442,444,460,473
435:13,22,25,29,34,43,48,66,99,107,119,122,145,209,228,246,256,275,291,295,301,305,310,315,340,345,351,369,384,393,417,419,433,449,457,460,465,476
436:10,17,30,42,47,48,49,54,61,79,93,115,116,119,153,162,165,175,205,210,239,251,266,288,310,331,338,360,367,376,388,390,393,404,406,412,413,422,426,447
437:2,3,23,24,68,77,81,144,173,192,194,206,213,237,265,292,320,322,324,329,354,359,369,371,383,399,408,430,433,444,448,465,466
438:7,12,53,66,82,96,136,156,183,210,217,220,239,264,291,353,363,365,371,383,388,394,408,413,417,449,444,458,462,468,470
439:0,8,16,20,28,33,37,39,41,65,83,89,97,129,152,186,195,253,254,265,275,315,317,324,343,355,359,392,401,405,408,414,415,430,455,454,459,475
440:11,44,53,76,81,88,94,145,150,164,166,168,171,191,192,195,197,208,218,220,229,233,263,288,320,324,345,357,366,375,377,407,409,410,418,420,422,423,426,465,460,479
441:6,11,64,76,94,125,137,163,180,185,187,188,210,239,252,254,302,326,366,371,374,379,394,402,412,413,425,449,458,467
442:16,29,51,53,65,74,76,79,83,118,123,128,140,170,208,211,216,226,227,309,327,331,332,344,351,367,370,373,378,380,430,434,479,449,460
443:27,41,64,66,72,83,87,105,107,127,129,149,170,205,209,219,233,239,280,282,328,350,355,369,377,384,390,416,418,462,446,452,469
444:8,11,38,42,52,83,99,139,147,177,180,186,195,211,220,239,250,252,268,275,287,289,304,327,347,351,365,372,385,398,406,412,417,434,437,438,454,445,452,468,477,479
445:25,28,33,34,38,45,55,65,88,92,116,118,119,136,140,147,159,169,189,201,203,210,212,250,288,291,292,326,333,334,350,359,362,370,380,410,412,444,457,459,466
446:7,21,33,59,65,77,97,110,121,154,156,161,178,184,220,256,261,264,282,307,316,327,329,335,338,343,345,352,363,364,398,401,414,415,443,453
447:19,24,47,72,81,82,86,92,126,170,181,204,247,257,263,266,267,287,301,302,311,327,338,340,361,363,376,383,386,392,411,412,413,416,417,429,431,436,453,470,475,477
448:27,50,70,100,106,128,198,232,242,281,295,298,334,344,346,356,381,429,437,467,452,478
449:13,24,36,38,72,84,111,117,118,131,148,173,180,192,198,233,234,252,261,281,287,292,293,308,320,324,327,346,351,375,387,389,416,429,435,438,441,442,476
450:8,20,25,26,76,110,115,135,142,150,153,154,163,173,178,199,256,272,288,306,311,328,346,347,370,373,386,403,406,420,422,424,433,457,451
451:0,9,11,16,49,57,60,66,87,110,128,136,153,160,161,167,183,215,219,220,221,223,249,269,271,274,285,297,299,316,329,339,358,368,370,384,388,404,417,420,427,450,471
452:8,66,71,118,127,133,141,146,154,197,198,199,209,231,237,239,277,285,287,288,320,324,325,346,367,377,409,443,444,448,461,454
453:2,9,15,17,19,20,34,37,38,52,53,90,114,153,154,168,169,173,194,202,207,236,266,276,316,328,335,344,345,357,359,386,398,403,416,420,446,447,470
454:34,39,52,69,74,77,88,100,105,131,146,162,172,175,182,212,214,273,325,355,358,362,376,388,389,412,425,431,439,444,452,456
455:14,30,32,33,43,45,47,50,53,89,96,106,136,145,178,189,200,201,218,219,245,300,310,319,328,337,352,362,372,385,390,439,477,466
456:0,1,5,11,20,29,35,53,66,92,99,101,103,106,141,151,155,176,180,181,195,196,222,235,247,273,366,367,371,374,379,387,404,406,409,431,454,479
457:7,23,35,37,51,81,91,95,97,118,139,158,177,185,187,223,273,280,286,288,292,297,307,317,319,324,325,335,355,360,382,415,416,435,445,450,462,470
458:15,26,90,92,109,180,183,188,202,267,268,319,323,376,403,411,412,416,438,441,460
459:4,26,35,64,73,101,124,127,168,188,227,237,260,283,298,305,314,315,317,318,319,320,341,390,407,413,433,439,445,476,460
460:7,14,16,22,42,59,72,77,83,112,135,144,169,185,268,282,317,327,376,431,434,435,440,442,458,459,465,462,471,475
461:8,32,70,81,83,87,118,149,154,176,178,204,224,246,290,293,301,315,316,335,357,358,360,379,385,387,392,426,433,452,477,473
462:0,5,14,16,43,46,84,95,110,141,149,150,170,181,199,200,205,209,212,232,242,261,274,291,299,306,329,332,361,373,396,398,438,443,457,460,465
463:2,27,32,45,70,87,94,119,123,125,166,169,178,189,193,201,220,229,230,235,240,245,284,290,300,309,319,323,346,352,353,360,369,381,382,391,406,466
464:1,3,30,42,60,93,124,145,148,151,158,170,172,185,189,200,209,211,229,293,296,313,355,358,370,371,378,401,423,425,429,475,477
465:14,42,44,55,77,80,82,94,103,123,128,132,187,197,227,264,300,302,307,308,318,329,331,350,380,394,411,428,429,435,437,440,460,462,466
466:0,5,20,40,64,66,68,72,82,83,84,121,138,144,149,189,196,199,231,244,251,262,265,273,291,308,315,340,347,361,368,377,384,395,430,433,437,445,455,463,465,474
467:14,30,55,76,85,130,141,150,159,173,180,185,187,230,231,234,272,279,290,293,334,356,388,389,392,399,404,428,441,448,476,469
468:3,19,32,51,58,96,97,129,131,150,160,162,178,206,209,224,250,254,259,271,294,306,312,318,322,336,346,405,438,444,469
469:35,63,80,93,99,113,114,119,143,154,164,183,189,205,210,213,221,226,234,361,375,396,398,419,443,467,468,476
470:35,44,54,68,81,83,89,95,100,108,114,116,122,134,155,161,169,187,190,194,213,235,255,256,287,290,325,328,333,336,360,363,372,378,380,381,411,420,421,438,447,453,457,478,471,472
471:0,14,29,36,56,66,78,79,85,91,111,113,114,115,118,135,154,165,188,196,210,212,223,226,246,259,269,316,326,327,348,368,369,378,394,397,407,418,431,451,460,470,473
472:12,21,74,75,96,116,119,128,148,163,178,187,205,234,249,260,261,276,283,298,317,341,342,359,365,368,390,393,420,421,423,470,476
473:3,9,14,50,52,59,67,75,77,93,104,121,130,144,151,162,172,175,177,193,206,228,234,238,262,280,286,310,313,329,339,367,370,373,385,389,392,394,400,404,413,434,461,471,475,474
474:18,24,37,56,80,107,109,119,145,154,155,235,242,251,257,272,290,321,331,358,376,384,397,405,466,473,476
475:28,37,47,63,77,87,94,111,121,141,142,152,158,169,171,191,197,203,214,236,239,247,252,253,256,283,288,292,296,297,316,321,338,345,349,382,385,400,423,424,426,439,447,460,464,473,477
476:6,30,36,43,70,93,107,154,157,167,193,207,243,258,267,310,325,333,362,366,377,401,408,424,431,435,449,459,467,469,472,474,477
477:1,7,23,29,51,57,58,62,77,78,85,89,118,132,133,142,162,193,195,205,255,268,271,274,278,283,286,343,346,353,356,376,391,395,419,421,432,444,447,455,461,464,475,476,479
478:21,61,116,119,143,161,162,197,203,223,249,251,266,284,326,343,355,366,368,379,409,448,470,479
479:13,14,26,33,62,92,166,167,179,200,205,225,269,285,286,289,296,309,317,324,329,347,348,372,374,381,387,416,418,424,428,440,442,444,456,477,478
