0:81,25,30,31,33,34,49,50,70,71,75,82,85,86,90,97,99,101,103,105,106,113,116,121,128,129,131,133,137,143,149,152,157,162,166,169,182,185,194
1:172,3,6,14,22,26,31,33,34,43,51,55,57,62,63,66,70,72,82,87,90,91,93,98,102,103,107,112,121,131,132,143,146,147,150,151,162,175,177,178,183,184,189,191,193,196
2:98,5,6,7,9,11,16,20,24,34,36,38,46,50,59,62,68,69,71,73,75,76,77,79,83,87,89,90,95,96,100,111,121,122,127,129,135,137,141,147,151,154,159,160,165,166,176,179,185,187,189,193
3:1,118,11,15,19,26,29,30,31,33,48,49,50,51,61,66,69,72,74,85,86,89,90,93,100,103,104,105,106,112,116,123,129,144,145,151,154,155,156,157,158,159,162,170,181,184,188,192,194,195,196
4:89,6,35,39,49,50,51,61,72,74,81,101,107,114,115,121,123,125,132,139,141,142,143,146,147,148,149,151,152,156,158,159,165,170,172,173,179,186,187,193,195
5:2,90,6,13,14,18,21,27,28,32,41,47,63,68,71,98,101,105,108,113,116,117,121,128,134,141,143,144,151,152,156,159,162,167,169,170,174,175,182,187,191,194,197
6:1,2,4,5,131,10,16,19,24,26,27,37,43,52,54,64,65,66,68,70,71,74,76,77,86,87,90,95,99,103,105,111,114,116,120,125,128,130,134,135,137,138,139,145,149,154,158,160,161,163,165,170,172,181,187,188,197,199
7:2,183,8,20,26,28,33,40,41,48,53,55,57,63,82,88,91,92,96,97,111,113,118,119,120,139,148,149,154,156,157,167,178,181,191
8:7,117,11,18,20,21,22,24,25,29,32,35,42,47,51,61,75,76,77,80,88,89,90,91,93,97,102,105,106,113,123,126,133,134,135,136,141,146,148,154,158,159,160,166,173,174,182,186,187,190,191,193
9:2,191,16,23,40,44,45,46,47,59,64,72,75,77,81,83,97,98,109,110,117,122,130,133,136,144,148,149,157,160,163,169,170,174,180,181,184,185,187,188,190,195,196,199
10:6,185,17,21,22,31,35,38,45,50,61,69,76,77,80,83,84,90,98,103,106,107,110,112,120,124,128,129,136,147,148,162,164,166,177,191,195,197,199
11:2,3,8,67,16,18,20,23,34,38,44,45,48,49,50,54,57,64,69,71,77,79,82,87,98,99,101,104,109,110,111,117,118,124,127,132,140,155,157,175,191,192,193,195,196,197,199
12:72,15,18,20,26,38,41,43,44,48,63,68,70,76,77,83,84,86,96,97,98,104,108,114,115,116,120,124,125,141,142,144,148,150,156,158,165,167,172,176,184,185,186,187,190,192,193,199
13:5,39,22,32,33,37,40,41,47,51,55,56,62,63,65,66,68,74,79,80,85,91,93,95,96,97,98,99,100,101,109,119,125,130,134,135,136,139,142,149,156,158,160,164,170,173,179,186,187,188,191,192
14:1,5,15,16,24,26,47,50,53,69,70,74,83,85,89,92,101,105,115,117,118,123,125,131,133,134,136,144,147,156,172,176,184,185,196,197,198
15:3,12,14,103,33,39,43,47,49,53,54,61,67,69,82,83,84,93,101,104,105,110,113,117,121,131,136,143,144,152,156,160,161,165,173,189,197
16:2,6,9,11,14,159,22,26,27,32,33,35,38,42,44,45,46,47,50,52,54,57,62,63,64,66,68,82,86,88,89,91,93,94,98,100,102,108,115,117,118,120,123,124,127,133,136,142,144,149,151,156,164,166,167,169,196,199
17:10,107,20,21,27,29,34,36,39,44,46,48,50,53,58,62,66,74,75,77,80,88,89,91,94,98,100,101,104,111,112,120,125,134,139,146,156,162,164,167,176,183,190,194,195,196,198
18:5,8,11,12,139,21,23,26,27,30,34,38,42,47,48,57,58,59,65,66,71,76,83,85,92,95,104,105,107,109,116,125,131,132,135,137,138,145,150,158,160,162,165,167,172,176,179,181,184
19:3,6,107,35,39,41,43,46,54,55,58,60,68,69,77,78,86,90,100,103,117,121,124,131,137,144,145,146,149,150,151,153,155,161,166,169,174,178,179,180,184,187,192,195,197
20:2,7,8,11,12,17,60,21,26,29,31,41,42,48,51,56,57,62,63,67,72,73,80,83,88,93,104,105,106,112,123,127,133,140,149,151,152,154,156,157,158,162,164,165,167,170,175,181,183,184,187,188,193,194,196,199
21:5,8,10,17,18,20,56,31,37,38,41,43,50,51,54,58,68,73,74,76,79,82,84,86,87,88,89,90,95,102,105,107,110,121,122,123,125,127,130,131,132,137,138,140,141,145,149,179,183,184,187,193,197,198
22:1,8,10,13,16,32,25,27,29,30,31,37,42,43,44,56,57,58,59,60,66,68,75,76,83,92,94,95,96,100,104,105,111,118,121,124,142,148,153,166,168,170,172,174,175,188,190,192,198
23:9,11,18,55,28,33,39,44,46,51,52,56,65,67,70,81,82,88,90,91,95,98,99,104,114,118,119,121,122,124,125,126,135,136,140,144,146,150,152,156,160,163,166,181,182,187,197
24:2,6,8,14,151,29,32,33,41,47,56,62,66,69,79,80,82,85,86,95,96,116,121,124,137,139,142,152,154,158,162,175,179,182,187,193,194,197,199
25:0,8,22,165,32,34,37,45,58,62,66,67,69,70,78,79,82,95,105,106,112,121,122,123,125,131,138,142,144,147,148,156,160,161,163,173,178,180,186,189,190,192,197
26:1,3,6,7,12,14,16,18,20,148,27,28,30,36,39,43,46,47,48,52,53,55,63,71,74,83,87,90,91,94,96,98,106,111,112,118,121,125,134,138,142,143,157,159,164,165,171,173,176,181,182,183,188,190,191,198
27:5,6,16,17,18,22,26,59,34,36,48,50,53,58,61,74,78,79,81,89,90,95,96,97,111,112,114,120,124,126,127,130,140,145,146,147,149,150,152,153,157,182,183,184,194,199
28:5,7,23,26,105,31,41,43,46,53,54,55,73,76,78,80,85,88,95,97,114,115,116,118,124,127,129,132,137,142,146,156,164,171,177,181,192,196
29:3,8,17,20,22,24,54,34,36,41,42,43,46,51,66,72,74,76,77,80,84,85,90,91,93,96,99,104,109,116,118,123,124,132,137,142,143,149,152,155,159,163,167,169,170,172,177,179,188,189,194,195,196,198
30:0,3,18,22,26,181,38,40,41,43,47,49,52,59,63,65,72,73,78,83,85,89,90,97,104,106,119,120,123,130,134,135,139,140,142,145,153,155,156,167,168,178,180,184,186,188,196,197,198
31:0,1,3,10,20,21,22,28,112,33,40,46,51,56,65,68,70,80,81,83,86,96,101,103,108,115,117,122,125,128,132,133,136,146,147,151,152,154,158,162,166,171,175,176,177,181,187,192,193,195,198
32:5,8,13,16,22,24,25,128,35,42,45,51,52,55,58,59,64,69,70,74,76,79,81,94,96,107,111,123,124,126,133,135,137,139,141,142,159,160,165,170,171,172,174,175,181,183,185,188,195,196,197
33:0,1,3,7,13,15,16,23,24,31,141,45,48,49,51,70,75,78,84,86,87,92,97,100,107,108,109,112,114,125,134,137,143,153,154,155,161,172,174,175,177,181,182,188,191,192,196,198
34:0,1,2,11,17,18,25,27,29,153,39,40,42,43,47,48,49,50,56,62,63,66,69,77,80,83,86,87,89,91,98,103,104,107,108,109,111,112,116,130,137,140,150,152,156,161,162,163,167,168,179,185,187,189,193,199
35:4,8,10,16,19,32,148,37,39,44,47,56,64,67,73,85,87,88,95,105,113,119,123,125,129,130,132,135,145,150,156,162,168,169,172,173,174,176,180,185,187,189,190
36:2,17,26,27,29,120,39,46,47,53,55,64,69,73,78,86,87,94,102,106,109,111,114,115,123,126,128,131,134,138,145,151,154,157,161,164,167,174,183,186,190,191,199
37:6,13,21,22,25,35,44,40,41,47,49,59,61,68,78,83,91,95,97,101,116,119,126,137,141,143,152,153,156,161,164,166,170,176,183,187,189,194,195
38:2,10,11,12,16,18,21,30,95,40,48,51,65,82,92,93,96,99,106,110,112,123,127,138,152,155,157,170,172,173,176,182,183,184,187,189,193,197
39:4,13,15,17,19,23,26,34,35,36,68,40,42,44,50,63,65,72,85,88,92,93,97,98,102,108,128,129,135,136,138,152,156,158,175,177,184,190
40:7,9,13,30,31,34,37,38,39,100,55,71,72,75,82,83,84,85,90,92,94,95,98,107,111,112,113,123,138,144,145,160,161,163,164,165,167,171,172,173,175,179,181,182,183,194
41:5,7,12,13,19,20,21,24,28,29,30,37,111,43,46,48,52,56,58,60,64,72,76,80,81,86,88,92,95,96,114,118,120,122,123,130,132,134,135,138,141,154,160,168,170,178,179,180,188,197,199
42:8,16,18,20,22,29,32,34,39,60,49,51,55,61,62,86,87,89,92,110,112,113,121,125,128,131,142,144,147,153,154,178,180,185,186,190,194,196
43:1,6,12,15,19,21,22,26,28,29,30,34,41,83,53,55,60,63,64,65,70,77,81,82,84,87,88,96,99,104,109,110,113,123,125,126,127,130,135,141,144,155,157,160,163,164,165,167,174,177,180,186,187,190,195
44:9,11,12,16,17,22,23,35,37,39,99,53,54,56,59,69,71,73,78,80,82,86,87,93,95,96,100,109,112,113,114,115,123,124,131,137,138,144,146,147,153,173,174,178,180,181,183,189,191,193,197,199
45:9,10,11,16,25,32,33,151,46,47,50,56,72,76,77,78,79,80,81,87,88,92,98,104,118,123,130,134,137,149,156,161,169,174,179,187,189,196
46:2,9,16,17,19,23,26,28,29,31,36,41,45,93,48,50,52,53,64,74,77,81,82,83,84,88,89,92,97,101,117,121,122,128,133,140,142,144,145,148,149,151,153,155,156,161,168,176,177,183,191,195
47:5,8,9,13,14,15,16,18,24,26,30,34,35,36,37,45,167,66,67,73,79,81,86,88,89,95,101,109,118,124,130,132,133,136,143,145,146,148,155,158,159,160,169,170,171,172,177,183,184,191,195
48:3,7,11,12,17,18,20,26,27,33,34,38,41,46,171,52,54,58,61,66,67,69,72,76,79,81,82,91,92,100,101,104,111,112,116,126,131,132,134,136,140,144,148,155,163,168,169,170,180,181,185,186,188,189,190,195,199
49:0,3,4,11,15,30,33,34,37,42,171,53,60,62,82,85,89,92,93,94,102,103,106,118,121,125,127,130,133,134,154,170,177,178,196,197
50:0,2,3,4,10,11,14,16,17,21,27,34,39,45,46,138,55,56,57,58,62,70,71,75,77,88,90,95,96,101,103,107,116,118,121,125,126,130,132,134,142,143,151,154,155,157,165,169,171,172,176,178,182,188,191,192,195,197,199
51:1,3,4,8,13,20,21,23,29,31,32,33,38,42,98,58,63,64,66,69,76,77,83,86,91,97,101,103,104,116,118,124,126,129,134,137,140,143,151,162,174,176,185,186,187,191,192,193,199
52:6,16,23,26,30,32,41,46,48,174,57,59,63,65,66,68,69,78,88,98,102,109,116,124,125,127,135,140,142,147,150,154,161,163,172,173,191,194,196,197,199
53:7,14,15,17,26,27,28,36,43,44,46,49,179,59,73,87,91,96,113,115,139,141,144,145,150,164,166,171,172,174,190,192,199
54:6,11,15,16,19,21,28,29,44,48,149,55,57,59,60,66,73,86,91,94,103,106,108,119,120,125,129,136,142,147,152,155,165,166,169,178,181,182,184,186,187,188,189,195,198
55:1,7,13,19,23,26,28,32,36,40,42,43,50,54,198,58,67,69,74,76,89,96,98,102,103,104,106,107,109,110,112,116,127,129,132,136,137,140,149,158,164,168,175,181,186,187,192
56:13,20,21,22,23,24,31,34,35,41,44,45,50,177,57,60,61,63,68,69,79,82,87,89,90,95,97,100,109,111,118,121,122,125,136,139,142,149,158,165,166,169,175,179,181,182,187,190,198
57:1,7,11,16,18,20,22,50,52,54,56,140,62,74,76,77,88,89,96,100,103,119,127,129,131,133,136,139,142,148,149,150,151,155,161,163,179,184,188,190,195,197
58:17,18,19,21,22,25,27,32,41,48,50,51,55,194,63,65,69,72,76,79,82,83,84,91,93,98,100,101,103,110,115,117,119,132,133,139,140,142,146,148,151,157,159,168,169,173,177,178,183,187,191
59:2,9,18,22,27,30,32,37,44,52,53,54,191,62,66,81,85,88,93,97,108,111,113,122,127,130,131,133,137,139,150,152,155,161,165,171,173,180,181,185,188,189,192,194
60:19,20,22,41,42,43,49,54,56,117,61,75,78,80,89,91,95,103,105,109,113,121,125,128,137,139,141,143,146,147,153,155,163,165,182,183,187,188,196,197
61:3,4,8,10,15,27,37,42,48,56,60,113,79,107,108,120,135,138,150,154,156,164,165,168,179,192,195,197,198
62:1,2,13,16,17,20,24,25,34,42,49,50,57,59,71,64,68,80,82,83,85,87,88,99,105,110,113,114,123,130,133,137,140,149,154,162,169,185,197
63:1,5,7,12,13,16,20,26,30,34,39,43,51,52,56,58,96,64,68,88,91,97,98,103,114,118,129,131,134,143,149,151,157,159,164,168,175,176,178,185,186,187,188,189
64:6,9,11,16,32,35,36,41,43,46,51,62,63,112,65,67,72,81,82,84,90,93,95,100,111,113,123,127,129,137,145,147,153,155,158,165,170,172,178,182,189,193,194,195,199
65:6,13,18,23,30,31,38,39,43,52,58,64,104,72,75,76,80,84,93,94,95,110,119,123,127,131,138,147,150,152,162,166,169,170,174,178,182,187,191
66:1,3,6,13,16,17,18,22,24,25,29,34,47,48,51,52,54,59,185,71,74,75,85,88,92,93,94,96,97,99,100,104,106,107,108,109,112,117,118,120,126,131,135,145,146,152,154,159,160,163,164,167,170,171,173,176,180,183,188,191,194,195,196,197
67:11,15,20,23,25,35,47,48,55,64,126,71,80,82,83,85,89,92,93,113,118,125,129,130,139,140,155,157,160,165,176,177,185,187,188,190,191,197
68:2,5,6,12,13,16,19,21,22,31,37,39,52,56,62,63,187,72,73,75,85,92,101,102,105,106,116,117,123,129,142,145,147,149,150,152,154,158,163,166,168,172,174,182,189,191
69:2,3,10,11,14,15,19,24,25,32,34,36,44,48,51,52,55,56,58,104,71,72,75,76,83,89,99,113,114,122,128,130,135,140,144,158,166,172,173,176,177,181,188,189,190,192,193,195,196,198
70:0,1,6,12,14,23,25,31,32,33,43,50,156,77,79,97,98,105,109,115,118,122,137,141,151,159,166,167,170,175,176,183,187,195,198
71:0,2,5,6,11,18,26,40,44,50,62,66,67,69,194,76,77,85,90,91,102,109,122,126,130,132,134,136,142,144,146,157,163,174,175,176,181,192,193
72:1,3,4,9,12,20,29,30,39,40,41,45,48,58,64,65,68,69,122,73,75,76,79,81,83,85,96,98,101,105,108,115,116,125,126,128,130,133,141,142,144,146,147,150,151,152,162,170,171,175,179,181,182,183,186,199
73:2,20,21,28,30,35,36,44,47,53,54,68,72,150,75,82,83,84,93,96,100,101,106,109,110,121,124,138,144,146,147,168,169,175,189,197,198,199
74:3,4,6,13,14,17,21,26,27,29,32,46,55,57,66,181,75,87,88,93,103,109,114,115,120,121,139,140,145,146,150,158,159,169,170,177,182,198
75:0,2,8,9,17,22,33,40,50,60,65,66,68,69,72,73,74,130,81,87,92,95,96,100,101,102,103,109,110,118,119,128,131,138,142,144,148,150,158,167,168,170,174,178,181,182,186,195,197
76:2,6,8,10,12,18,21,22,28,29,32,41,45,48,51,55,57,58,65,69,71,72,157,77,79,95,96,101,103,105,107,109,112,117,120,137,138,139,140,143,146,152,158,164,170,173,176,188,193,196,197
77:2,6,8,9,10,11,12,17,19,29,34,43,45,46,50,51,57,70,71,76,88,82,83,85,92,99,102,105,110,117,119,121,122,123,126,131,138,145,149,150,152,166,173,174,176,188
78:19,25,27,28,30,33,36,37,44,45,52,60,122,85,89,92,99,100,102,108,112,114,115,120,121,127,131,137,138,141,143,146,158,159,162,169,170,174,183,188,189,190,192,193,196
79:2,11,13,21,24,25,27,32,45,47,48,56,58,61,70,72,76,125,81,84,85,88,91,98,106,108,120,130,138,140,147,156,175,178,180,181,184,198,199
80:8,10,13,17,20,24,28,29,31,34,41,44,45,60,62,65,67,177,86,91,92,94,95,99,103,106,110,111,113,120,123,126,129,132,136,137,138,156,159,160,162,167,168,170,171,175,184,187,192,198,199
81:0,4,9,23,27,31,32,41,43,45,46,47,48,59,64,72,75,79,134,85,93,106,110,114,126,130,141,143,146,156,158,160,163,170,171,184,193,195,198
82:0,1,7,11,15,16,21,23,24,25,38,40,43,44,46,48,49,56,58,62,64,67,73,77,177,89,91,96,107,115,118,123,125,137,140,142,143,151,159,164,170,172,178,181,182,183,185,190,192,193
83:2,9,10,12,14,15,18,20,22,26,30,31,34,37,40,43,46,51,58,62,67,69,72,73,77,118,88,95,97,99,102,117,121,122,128,131,133,144,145,146,152,154,158,160,166,168,170,174,176,190,193,197,199
84:10,12,15,21,29,33,40,43,46,58,64,65,73,79,198,90,91,108,110,115,116,120,130,139,143,144,146,153,161,163,177,182,187,188,190,191,194,195,196
85:0,3,13,14,18,24,28,29,30,35,39,40,49,59,62,66,67,68,71,72,77,78,79,81,185,92,104,110,111,112,117,120,122,124,127,130,132,139,142,143,144,148,149,150,155,161,163,164,165,166,171,179,184,186,188,190,191,192,197,199
86:0,3,6,12,16,19,21,24,31,33,34,36,41,42,44,47,51,54,80,135,87,92,96,105,111,115,117,120,122,124,130,131,133,142,144,169,175,176,180,181,186,187,192
87:1,2,6,11,21,26,33,34,35,36,42,43,44,45,53,56,62,74,75,86,151,91,94,97,98,104,107,109,115,117,118,121,122,123,124,125,129,136,140,141,142,143,150,160,162,174,177,178,181,184,197
88:7,8,16,17,20,21,23,28,35,39,41,43,45,46,47,50,52,57,59,62,63,66,74,77,79,83,133,98,104,118,119,128,130,134,138,142,146,154,158,170,191,193
89:2,3,4,8,14,16,17,21,27,30,34,42,46,47,49,55,56,57,60,67,69,78,82,195,92,95,127,130,135,138,142,143,148,152,153,154,157,164,166,174,176,179,185,189,193,197
90:0,1,2,3,5,6,8,10,19,21,23,26,27,29,30,40,50,56,64,71,84,190,96,110,111,112,120,122,123,126,130,133,135,137,139,145,146,149,156,167,168,170,171,172,175,176,178,184,186,196,199
91:1,7,8,13,16,17,23,26,29,34,37,48,51,53,54,58,60,63,71,79,80,82,84,87,124,104,120,126,127,128,130,146,156,158,162,169,172,175,177,183,187,190
92:7,14,18,22,33,38,39,40,41,42,45,46,48,49,66,67,68,75,77,78,80,85,86,89,198,96,98,101,108,117,125,126,140,141,145,149,151,152,154,156,168,169,172,173,176,177,178,185,187
93:1,3,8,13,15,16,20,29,38,39,44,46,49,58,59,64,65,66,67,73,74,81,117,100,112,116,118,120,126,133,134,137,140,141,144,151,163,165,174,176,179,183,196,199
94:16,17,22,26,32,36,40,49,54,65,66,80,87,138,97,101,102,105,108,120,121,122,126,127,132,133,136,140,142,143,151,152,154,161,165,166,176,189,191
95:2,6,13,18,21,22,23,24,25,27,28,35,37,38,40,41,44,47,50,56,60,64,65,75,76,80,83,89,137,97,99,117,119,127,128,129,134,141,144,154,155,162,164,165,166,167,169,172,180,182,185,187,188,191,197
96:2,7,12,13,22,24,26,27,29,31,32,38,41,43,44,50,53,55,57,63,66,72,73,75,76,82,86,90,92,147,99,101,104,105,107,108,110,111,112,117,119,120,130,135,153,166,171,177,178,180,181,184,193,194,199
97:0,7,8,9,12,13,27,28,30,33,37,39,46,51,56,59,63,66,70,83,87,94,95,171,98,100,103,107,113,118,121,122,123,132,136,145,156,167,182,183,186,187,188,198
98:1,2,5,9,10,11,12,13,16,17,23,26,34,39,40,45,51,52,55,58,63,70,72,79,87,88,92,97,181,104,116,119,124,125,127,129,131,132,133,136,137,140,144,146,147,155,156,168,171,174,175,177,183,184,187,189,191,196
99:0,6,11,13,23,29,38,43,44,62,66,69,77,78,80,83,95,96,128,103,106,110,111,113,115,131,138,140,141,145,149,152,157,158,164,166,185,188,190,192
100:2,3,13,16,17,19,22,33,40,44,48,56,57,58,64,66,73,75,78,93,97,144,102,103,106,110,120,122,124,128,136,142,162,180,184,188,194,195,196,197
101:0,4,5,11,13,14,15,17,31,37,46,47,48,50,51,58,68,72,73,75,76,92,94,96,141,107,108,111,118,119,121,124,134,137,139,146,157,161,172,177,183,190,191,194
102:1,8,16,21,36,39,49,52,55,68,71,75,77,78,83,94,100,118,103,106,107,108,113,124,126,130,135,140,141,145,148,152,158,160,165,166,171,172,173,178,183,185,186,191,199
103:0,1,3,6,10,15,19,31,34,49,50,51,54,55,57,58,60,63,74,75,76,80,97,99,100,102,105,110,111,112,120,124,129,141,145,148,151,152,158,159,162,165,170,172,173,178,184,189,194,196,198
104:3,11,12,15,17,18,20,22,23,29,30,34,43,45,48,51,55,65,66,69,85,87,88,91,96,98,108,106,112,114,115,118,120,130,138,141,144,147,152,166,171,176,180,181,185,192,194,195,198,199
105:0,3,5,6,8,14,15,18,20,21,22,25,28,35,60,62,68,70,72,76,77,86,94,96,103,180,106,107,108,109,113,115,116,117,121,123,132,136,137,139,144,148,155,157,159,160,161,169,182,183,186,194,196,197,199
106:0,3,8,10,20,25,26,30,36,38,49,54,55,66,68,73,79,80,81,99,100,102,104,105,114,107,116,121,124,126,129,130,132,143,146,150,152,167,174,183,185,188,190,194
107:1,4,10,17,18,19,21,32,33,34,40,50,55,61,66,76,82,87,96,97,101,102,105,106,185,117,124,126,132,149,152,153,162,165,168,170,174,186,188,190,193,195,196,198
108:5,12,16,31,33,34,39,54,59,61,66,72,78,79,84,92,94,96,101,102,104,105,152,111,116,117,120,125,128,131,140,146,149,156,157,158,160,165,171,174,180,181,182,188,193,196,197
109:9,11,13,18,29,33,34,36,43,44,47,52,55,56,60,66,70,71,73,74,75,76,87,105,116,110,112,119,120,123,142,151,153,156,160,161,172,182,186,197
110:9,10,11,15,21,38,42,43,55,58,62,65,73,75,77,80,81,84,85,90,96,99,100,103,109,132,115,121,123,124,129,134,135,143,152,157,163,167,168,190,193,195,196,197
111:2,6,7,11,17,22,26,27,32,34,36,40,41,48,56,59,64,80,85,86,90,96,99,101,103,108,196,121,124,126,127,140,141,144,152,154,160,161,165,167,181,182,185,187,188,195,197
112:1,3,10,17,20,25,26,27,31,33,34,38,40,42,44,48,55,64,66,76,78,85,90,93,96,103,104,109,178,113,119,124,126,129,132,133,134,137,140,146,150,156,157,158,162,169,172,173,174,181,184,186,190,199
113:0,5,7,8,15,35,40,42,43,44,53,59,60,61,62,64,67,69,80,97,99,102,105,112,138,115,130,131,134,140,144,145,152,154,156,159,162,163,167,184,185,194,199
114:4,6,12,23,27,28,33,36,41,44,62,63,69,74,78,81,104,106,138,126,128,129,133,134,135,139,143,147,156,161,164,170,179,182,183
115:4,12,14,16,28,31,36,44,53,58,70,72,74,78,82,84,86,87,99,104,105,110,113,117,116,122,129,131,132,135,139,158,162,178,185,187,190,193,197
116:0,3,5,6,12,18,24,28,29,34,37,48,50,51,52,55,68,72,84,93,98,105,106,108,109,115,189,118,126,131,133,143,156,157,159,162,167,169,170,173,175,184,187,191,193
117:5,8,9,11,14,15,16,19,31,46,58,60,66,68,76,77,83,85,86,87,92,93,95,96,105,107,108,115,171,118,119,120,130,131,134,140,144,145,147,151,152,156,158,159,160,161,163,167,182,183,187,190,191,192
118:3,7,11,14,16,22,23,26,28,29,41,45,47,49,50,51,56,63,66,67,70,75,82,83,87,88,93,97,101,102,104,116,117,156,119,122,132,133,137,142,144,147,154,164,167,175,177,178,179,185,188,190,191,193,196,197
119:7,13,23,30,35,37,54,57,58,65,75,77,88,95,96,98,101,109,112,117,118,163,124,129,131,136,155,174,176,177,180,185,190,195,198,199
120:6,7,10,12,16,17,27,30,36,41,54,61,66,74,76,78,79,80,84,85,86,90,91,93,94,96,100,103,104,108,109,117,149,125,130,134,139,140,150,162,163,165,166,179,186,187,190,196,197
121:0,1,2,4,5,15,19,21,22,23,24,25,26,42,46,49,50,56,60,73,74,77,78,83,87,94,97,101,105,106,110,111,151,128,132,133,140,141,152,157,158,159,167,174,175,178,183,184,186,194,195
122:2,9,21,23,25,31,41,46,56,59,69,70,71,72,77,78,83,85,86,87,90,94,97,100,115,118,169,124,125,130,143,145,146,147,151,153,158,159,168,175,179,181,184,194,197
123:3,4,8,14,16,20,21,25,29,30,32,35,36,38,40,41,43,44,45,62,64,65,68,77,80,82,87,90,97,105,109,110,180,127,129,130,133,139,144,145,148,149,150,154,156,158,164,165,166,170,171,173,178,187,198
124:10,11,12,16,19,22,23,24,27,28,29,32,44,47,51,52,73,85,86,87,91,98,100,101,102,103,106,107,110,111,112,119,122,185,131,135,136,137,142,153,155,159,160,162,169,171,174,177,178,182,184,189,190,191
125:4,6,12,13,14,17,18,21,23,25,26,31,33,35,42,43,49,50,52,54,56,60,67,72,79,82,87,92,98,108,120,122,157,127,129,135,142,149,152,153,164,166,169,176,179,182,191,195,198
126:8,23,27,32,36,37,43,48,50,51,66,67,71,72,77,80,81,90,91,92,93,94,102,106,107,111,112,114,116,173,132,135,137,138,139,141,145,147,152,153,159,163,164,166,168,178,188,190,191,199
127:2,11,16,20,21,27,28,38,43,49,52,55,57,59,64,65,78,85,89,91,94,95,98,111,123,125,147,132,138,139,143,151,154,155,158,165,166,167,171,175,181,184,186,191,192,194,197
128:0,5,6,10,31,32,36,39,42,46,60,69,72,75,83,88,91,95,99,100,108,114,121,151,131,132,155,156,162,167,168,169,171,175,181,193,197,198
129:0,2,3,10,28,35,39,51,54,55,57,63,64,67,68,80,87,95,98,103,106,110,112,114,115,119,123,125,168,130,133,136,139,144,152,156,158,170,171,180,197,199
130:6,9,13,21,27,30,34,35,41,43,45,47,49,50,59,62,67,69,71,72,75,79,81,84,85,86,88,89,90,91,96,102,104,106,113,117,120,122,123,129,180,131,139,156,173,174,175,178,179,184,195
131:0,1,6,14,15,18,19,21,25,36,42,44,48,57,59,63,65,66,75,77,78,83,86,98,99,108,113,115,116,117,119,124,128,130,181,134,137,138,142,143,147,150,151,157,165,167,170,178,186,190,196
132:1,4,11,18,21,28,29,31,35,41,47,48,50,55,58,71,80,85,94,97,98,105,106,107,110,112,115,118,121,126,127,128,196,137,139,149,154,159,164,169,170,177,183,185,186,198
133:0,8,9,14,16,20,31,32,46,47,49,57,58,59,62,72,83,86,88,90,93,94,98,112,114,116,118,121,123,129,145,134,135,136,139,146,147,154,160,165,181,183,184,192,194,199
134:5,6,8,13,14,17,26,30,33,36,41,45,48,49,50,51,63,71,81,88,93,95,101,110,112,113,114,117,120,131,133,161,136,137,138,142,144,146,147,166,167,168,171,173,174,176,184,188,191,192,195
135:2,6,8,13,18,23,30,32,35,39,41,43,52,61,66,69,86,89,90,96,102,110,114,115,124,125,126,133,194,136,144,145,146,158,159,164,169,170,171,173,175,181,182,183,184,187,195,197
136:8,9,10,13,14,15,16,23,31,39,47,48,54,55,56,57,71,80,87,94,97,98,100,105,119,124,129,133,134,135,149,138,141,142,146,153,158,167,168,178,180,182,185,191,193,195
137:0,2,6,18,19,21,24,28,29,32,33,34,37,44,45,51,55,59,60,62,64,70,76,78,80,82,90,93,95,98,101,105,112,118,124,126,131,132,134,153,139,144,148,150,156,158,160,164,165,166,171,172,185,186,187,199
138:6,18,21,25,26,36,38,39,40,41,44,50,61,65,73,75,76,77,78,79,80,88,89,94,99,104,113,114,126,127,131,134,136,150,139,149,159,161,165,166,171,172,181,189,196
139:4,6,7,13,17,18,24,30,32,53,56,57,58,59,60,67,74,76,84,85,90,101,105,114,115,120,123,126,127,129,130,132,133,137,138,186,140,141,142,143,147,151,153,158,162,167,169,170,177,185,190,196
140:11,20,21,23,27,30,34,46,48,51,52,55,57,58,62,67,69,74,76,79,82,87,92,93,94,98,99,102,108,111,112,113,117,120,121,139,179,152,158,160,162,165,169,171,172,174,176,187,189,192,194
141:2,4,5,8,12,21,32,33,37,41,43,53,60,70,72,78,81,87,92,93,95,99,101,102,103,104,111,121,126,136,139,195,142,148,151,154,156,161,165,170,177,181,185,190
142:4,12,13,16,22,24,25,26,28,29,30,32,42,46,50,52,54,56,57,58,68,71,72,75,82,85,86,87,88,89,94,100,109,118,124,125,131,134,136,139,141,176,157,158,162,167,178,179,180,181,184,187,192,193,199
143:0,1,4,5,15,26,29,33,37,47,50,51,60,63,76,78,81,82,84,85,87,89,94,106,110,114,116,122,127,131,139,199,145,147,150,152,162,165,171,175,176,179,183,186,189,193
144:3,5,9,12,14,15,16,19,23,25,40,42,43,44,46,48,53,69,71,72,73,75,83,84,85,86,93,95,98,100,104,105,111,113,117,118,123,129,134,135,137,177,147,157,158,161,166,167,168,179,180,188,193
145:3,6,18,19,21,27,30,35,36,40,46,47,53,64,66,68,74,77,83,90,92,97,99,102,103,113,117,122,123,126,133,135,143,159,146,147,149,152,153,154,156,158,162,164,165,176,182,188,196,198
146:1,4,8,17,19,23,27,28,31,44,47,58,60,66,71,72,73,74,76,78,81,83,84,88,90,91,98,101,106,108,112,122,133,134,135,136,145,155,161,162,163,166,170,181,187,190
147:1,2,4,10,14,25,27,31,42,44,52,54,60,64,65,68,72,73,79,96,98,104,114,117,118,122,126,127,131,133,134,139,143,144,145,155,151,160,161,165,170,172,174,176,177,182,186,193,197
148:4,7,8,9,10,12,22,25,26,35,46,47,48,57,58,75,85,89,102,103,105,123,137,141,179,149,150,151,153,163,178,180,182,188,189,190,194
149:0,4,6,7,9,13,16,19,20,21,27,29,45,46,54,55,56,57,62,63,68,77,85,90,92,99,107,108,120,123,125,132,136,138,145,148,167,150,153,168,171,173,174,179,182,183,191,193,194
150:1,12,18,19,23,27,34,35,52,53,57,59,61,65,68,72,73,74,75,77,85,87,106,112,120,123,131,137,138,143,148,149,199,154,157,161,164,172,176,177,178,187,188,193
151:1,2,3,4,5,16,19,20,24,31,36,45,46,50,51,57,58,63,70,72,82,87,92,93,94,103,109,117,121,122,127,128,131,139,141,147,148,198,152,156,167,172,175,180,191,197
152:0,4,5,15,20,23,24,27,29,31,34,37,38,39,54,59,65,66,68,72,76,77,83,89,92,94,99,102,103,104,106,107,108,110,111,113,117,121,125,126,129,140,143,145,151,182,159,166,170,173,174,177,180,181,190,195,196
153:19,22,27,30,33,34,37,42,44,46,60,64,84,89,96,107,109,122,124,125,126,136,137,139,145,148,149,187,158,159,167,168,173,174,179,183,195
154:2,3,6,7,8,20,24,31,33,36,41,42,49,50,52,61,62,66,68,83,88,89,92,94,95,111,113,118,123,127,132,133,141,145,150,189,158,161,164,165,179,180,191,192,193
155:3,11,19,29,30,33,38,43,46,47,48,50,54,57,59,60,64,67,85,95,98,105,119,124,127,128,146,147,165,161,166,168,171,176,178,179,180,181,188
156:3,4,5,7,12,13,14,15,16,17,20,23,25,28,30,34,35,37,39,45,46,61,70,79,80,81,90,91,92,97,98,108,109,112,113,114,116,117,118,123,128,129,130,137,141,145,151,170,157,163,166,172,173,175,180,182,183,189,191,195,196
157:0,3,7,9,11,20,26,27,36,38,43,50,58,63,67,71,76,89,99,101,105,108,110,112,116,121,125,131,142,144,150,156,170,158,164,173,174,178,179,183,188,194,196
158:3,4,6,8,12,13,18,20,24,31,39,47,55,56,64,68,69,74,75,76,78,81,83,88,91,99,102,103,108,112,115,117,121,122,123,127,129,135,136,137,139,140,142,144,145,153,154,157,160,170,173,175,176,177,178,179,185,191,192
159:2,3,4,5,8,16,26,29,32,47,58,63,66,70,74,78,80,82,103,105,113,116,117,121,122,124,126,132,135,138,145,152,153,194,168,171,180,187
160:2,6,8,9,13,15,18,23,25,32,40,41,43,47,66,67,80,81,83,87,102,105,108,109,111,117,124,133,137,140,147,158,199,162,165,170,185,187,189,192,193,197
161:6,15,19,25,33,34,36,37,40,45,46,52,57,59,84,85,94,101,105,109,111,114,117,134,138,141,144,146,147,150,154,155,195,174,178
162:0,1,3,5,10,17,18,20,24,31,34,35,51,62,65,72,78,80,87,91,95,100,103,107,112,113,115,116,120,124,128,139,140,142,143,145,146,160,168,169,170,175,179,184,186,189,192,197,199
163:6,9,23,25,29,34,40,43,48,52,57,60,66,68,71,81,84,85,93,110,113,117,119,120,126,146,148,156,189,165,166,176,177,178,182,186,192,195,196,198
164:10,13,16,17,20,26,28,36,37,40,43,53,55,61,63,66,76,82,85,89,95,99,114,118,123,125,126,132,135,137,145,150,154,157,182,165,171,173,177,179,180,194,195,198
165:2,4,6,12,15,18,20,25,26,32,40,43,50,54,56,59,60,61,64,67,85,93,94,95,102,103,107,108,111,120,123,127,131,133,137,138,140,141,143,145,147,154,155,160,163,164,170,166,171,172,177,179,180,182,186,190,191,192,193,199
166:0,2,8,10,16,19,22,23,31,37,53,54,56,65,68,69,70,77,83,85,89,94,95,96,99,102,104,120,123,125,126,127,134,137,138,144,146,152,155,156,163,165,195,170,176,178,179,185,186,188,191,199
167:5,7,12,16,17,18,20,29,30,34,36,40,43,47,66,70,75,80,90,95,97,106,110,111,113,116,117,118,121,127,128,131,134,136,139,142,144,149,151,153,199,168,170,175,177,180,184,185,190,191,194
168:22,30,34,35,41,46,48,55,58,61,63,68,73,75,80,83,90,92,98,107,110,122,126,128,129,134,136,144,149,153,155,159,162,167,186,173,174,176,183,195
169:0,5,9,16,19,29,35,45,47,48,50,54,56,58,62,65,73,74,78,86,91,92,95,105,112,116,122,124,125,128,132,135,139,140,162,170,171,176,178,185,193
170:3,4,5,6,9,13,20,22,29,32,37,38,41,47,48,49,64,65,66,70,72,74,75,76,78,80,81,82,83,88,90,103,107,114,116,123,129,131,132,135,139,141,146,147,152,156,157,158,160,162,165,166,167,169,193,171,173,174,177,180,183,188,191,192,195,197,199
171:26,28,31,32,40,47,48,49,50,53,59,66,72,80,81,85,90,96,97,98,102,104,108,117,123,124,127,128,129,134,135,137,138,140,143,149,155,159,164,165,169,170,176,175,182,188,194,195
172:1,4,6,12,14,18,22,29,32,33,35,38,40,47,50,52,53,64,68,69,82,90,91,92,95,101,102,103,109,112,137,138,140,147,150,151,156,165,175,178,181,183,184,188,189,194,196,197
173:4,8,13,15,25,26,35,38,40,44,52,58,59,66,69,76,77,92,102,103,112,116,123,126,130,134,135,149,152,153,156,157,158,164,168,170,196,178,182,189,193,194,195,197,198,199
174:5,8,9,19,22,32,33,35,36,43,44,45,51,52,53,65,68,71,75,77,78,83,87,89,93,98,106,107,108,112,119,121,124,130,134,140,147,149,152,153,157,161,168,170,189,175,176,179,181,185,191,194,198
175:1,5,11,20,22,24,31,32,33,39,40,55,56,63,70,71,72,73,79,80,86,90,91,98,116,118,121,122,127,128,130,135,143,151,156,158,162,167,171,172,174,186,183
176:2,12,14,17,18,26,31,35,37,38,46,50,51,63,66,67,69,70,71,76,77,83,86,89,90,92,93,94,104,119,125,134,140,142,143,145,147,150,155,158,163,166,168,169,171,174,192,180,181,184,186,193,194
177:1,10,28,29,31,33,39,43,46,47,49,56,58,67,69,74,80,82,84,87,91,92,96,98,101,118,119,124,132,139,141,144,147,150,152,158,163,164,165,167,170,180,178,183,187,188,192,196
178:1,7,19,25,30,41,42,44,49,50,54,58,63,64,65,75,79,82,87,90,92,96,102,103,112,115,118,121,123,124,126,130,131,136,142,148,150,155,157,158,161,163,166,169,172,173,177,196
179:2,4,13,18,19,21,24,29,34,40,41,45,53,56,57,61,72,85,89,93,114,118,120,122,125,130,140,142,143,144,148,149,153,154,155,157,158,162,164,165,166,174,180,183,184,187,188,191,193,199
180:9,19,25,30,35,41,42,43,44,48,59,66,79,86,95,96,100,104,105,108,119,123,129,130,136,142,144,148,151,152,154,155,156,159,164,165,167,170,176,177,179,186,187,190,198
181:3,6,7,9,18,20,23,26,28,30,31,32,33,40,44,48,54,55,56,59,69,71,72,74,75,79,82,86,87,96,98,104,108,111,112,122,127,128,131,133,135,138,141,142,146,152,155,172,174,176,190,183,192,197
182:0,5,8,23,24,26,27,33,38,40,50,54,56,60,64,65,68,72,74,75,82,84,95,97,105,108,109,111,114,117,124,125,135,136,145,147,148,149,152,156,163,164,165,171,173,195,186,188,191,196,197
183:1,7,17,20,21,26,27,32,36,37,38,40,44,46,47,58,60,66,70,72,78,82,91,93,97,98,101,102,105,106,114,117,121,132,133,135,143,149,153,156,157,168,170,172,175,177,179,181,195,185,188,189,193,196
184:1,3,9,12,14,18,19,20,21,27,30,38,39,47,54,57,79,80,81,85,87,90,96,98,100,103,112,113,116,121,122,124,127,130,133,134,135,142,162,167,172,176,179,189,199
185:0,2,9,10,12,14,32,34,35,42,48,51,59,62,63,66,67,82,85,89,92,95,99,102,104,106,107,111,113,115,118,119,124,132,136,137,139,141,158,160,166,167,169,174,183,189,186,188
186:4,8,12,13,25,30,36,42,43,48,51,54,55,63,72,75,85,86,90,97,102,105,107,109,112,120,121,127,131,132,137,139,143,147,162,163,165,166,168,175,176,180,182,185,189,190,193
187:2,4,5,6,8,9,12,13,19,20,21,23,24,31,34,35,37,38,43,45,51,54,55,56,58,60,63,65,67,68,70,80,84,86,91,92,95,97,98,111,115,116,117,120,123,135,137,140,142,146,150,153,159,160,177,179,180,188,189,192,194
188:3,6,9,13,20,22,26,29,30,32,33,41,48,50,54,57,59,60,63,66,67,69,76,77,78,84,85,95,97,99,100,106,107,108,111,118,126,134,144,145,148,150,155,157,166,170,171,172,177,179,182,183,185,187,196,189,199
189:1,2,15,25,29,34,35,37,38,44,45,48,54,59,63,64,68,69,73,78,89,94,98,103,116,124,138,140,143,148,154,156,160,162,163,172,173,174,183,184,185,186,187,188,196,197,199
190:8,9,12,17,22,25,26,35,36,39,42,43,48,53,56,57,67,69,78,82,83,84,85,90,91,99,101,106,107,110,112,115,117,118,119,120,124,126,131,139,141,146,148,152,165,167,180,181,186,195,193,196,197
191:1,5,7,8,9,10,11,13,26,33,36,44,46,47,50,51,52,58,59,65,66,67,68,84,85,88,94,95,98,101,102,116,117,118,124,125,126,127,134,136,149,151,154,156,158,165,166,167,170,174,179,182,199,192,195
192:3,11,12,13,19,22,25,28,31,33,50,51,53,55,59,61,69,71,78,80,82,85,86,99,104,117,127,133,134,140,142,154,158,160,162,163,165,170,176,177,181,187,191,195,194
193:1,2,4,8,11,12,20,21,24,31,34,38,44,51,64,69,71,76,78,81,82,83,88,89,96,107,108,110,115,116,118,128,136,142,143,144,147,149,150,154,160,165,169,170,173,176,179,183,186,190,197
194:0,3,5,17,20,24,27,29,37,40,42,52,58,59,64,66,71,84,96,100,101,103,104,105,106,113,121,122,127,133,135,140,148,149,157,159,164,167,171,172,173,174,176,187,192,197,198
195:3,4,9,10,11,17,19,29,31,32,37,43,46,47,48,50,54,57,61,64,66,69,70,75,81,84,89,100,104,107,110,111,119,121,125,130,134,135,136,141,152,153,156,161,163,164,166,168,170,171,173,182,183,190,191,192,196,199
196:1,3,9,11,14,16,17,20,28,29,30,32,33,42,45,49,52,60,66,69,76,78,84,90,93,98,100,103,105,107,108,110,111,118,120,131,132,138,139,145,152,156,157,163,172,173,177,178,182,183,188,189,190,195,198
197:5,6,10,11,14,15,19,21,23,24,25,30,32,38,41,44,49,50,52,57,60,61,62,66,67,73,75,76,83,85,87,89,95,100,105,108,109,110,111,115,118,120,122,127,128,129,135,147,151,160,162,170,172,173,181,182,189,190,193,194,198
198:14,17,21,22,26,29,30,31,33,54,55,56,61,69,70,73,74,79,80,81,84,92,97,103,104,107,119,123,125,128,132,145,151,163,164,173,174,180,194,196,197,199
199:6,9,10,11,12,16,20,24,27,34,36,41,44,48,50,51,52,53,64,72,73,79,80,83,85,90,93,96,102,104,105,112,113,119,126,129,133,137,142,143,150,160,162,165,166,167,170,173,179,184,188,189,191,195,198
