0:15,1,3,6,7,9,16,17
1:0,13,3,5,7,14,15,17
2:10,3,8,11,12,14,17,19
3:0,1,2,19,4,5,6,7,8,9,11,12,15,18
4:3,19,7,8,10,11,12,13,16
5:1,3,18,7,9,12,14,15,16,19
6:0,3,19,7,10,11,14
7:0,1,3,4,5,6,18,8,9,15
8:2,3,4,7,18,9,11,14,15
9:0,3,5,7,8,13,12,14,15,19
10:2,4,6,19,11,12,14,17
11:2,3,4,6,8,10,18,13,15,16
12:2,3,4,5,9,10,17,13,16,19
13:1,4,9,11,12,16,14,15,17,18
14:1,2,5,6,8,9,10,13,17,15
15:0,1,3,5,7,8,9,11,13,14,19,17,18
16:0,4,5,11,12,13,17,18
17:0,1,2,10,12,13,14,15,16,19,18
18:3,5,7,8,11,13,15,16,17,19
19:2,3,4,5,6,9,10,12,15,17,18
