0:56,1,2,4,6,9,10,12,13,14,17,19,20,21,22,23,26,27,28,30,33,36,37,39,43,49,52,57,60,61,67,69,71,73,77,78,80,82,83,84,86,87,92,93,94,95,96
1:0,50,3,4,5,6,9,11,13,14,15,17,19,20,21,22,25,29,32,33,37,38,43,44,45,48,49,51,52,54,56,57,60,63,65,66,67,68,70,74,75,77,78,80,84,86,90,91,94,95,96,98
2:0,68,3,4,5,7,9,10,11,13,14,17,21,24,27,28,29,30,31,32,33,37,38,39,41,43,50,51,52,53,54,55,59,60,63,64,67,70,73,74,75,76,77,80,81,83,93,96,98
3:1,2,77,9,11,12,13,15,16,18,19,21,26,27,29,30,31,32,33,40,41,44,46,47,49,50,52,53,54,61,62,63,66,69,70,72,73,75,76,81,82,84,85,86,87,88,91,93,95,96,99
4:0,1,2,24,7,8,9,10,11,15,16,18,20,21,22,27,29,32,35,37,39,42,44,45,46,47,50,53,54,57,58,60,63,67,69,70,74,76,77,81,82,84,91,93,97,98,99
5:1,2,17,7,14,24,25,30,33,35,36,37,38,40,41,42,48,49,50,55,57,59,61,62,63,65,67,68,70,71,74,75,76,79,81,83,84,89,93,94
6:0,1,87,9,10,14,16,18,19,20,24,28,29,31,33,35,37,39,40,42,43,45,46,48,49,50,51,53,55,58,59,62,68,70,77,78,79,80,82,83,85,86,88,89,90,95,96,99
7:2,4,5,17,8,9,10,13,16,20,21,22,23,27,28,30,36,37,41,42,46,49,51,52,54,56,57,67,68,75,76,78,79,80,82,83,84,86,87,88,91,93,94,95,96,97,98
8:4,7,49,10,11,18,20,22,23,25,26,29,30,36,37,39,44,45,46,47,48,50,55,59,63,66,70,74,75,81,82,86,88,89,91,92,95,96,97,98,99
9:0,1,2,3,4,6,7,44,10,11,13,14,17,18,21,26,27,31,33,34,36,38,39,40,42,47,48,50,56,58,60,61,62,63,66,68,69,71,72,76,78,80,81,82,84,85,87,88,93,94,95,96
10:0,2,4,6,7,8,9,72,11,12,14,16,17,20,21,30,32,34,37,41,42,44,46,47,49,50,52,53,55,57,58,60,62,63,64,65,66,68,69,70,71,75,76,80,82,83,84,85,90,91,96,97,99
11:1,2,3,4,8,9,10,69,13,16,17,18,22,24,25,27,28,30,31,33,36,37,40,41,45,51,52,53,54,58,60,61,63,67,70,71,73,77,78,79,80,81,84,86,87,90,91,92,98
12:0,3,10,81,15,16,18,19,20,22,23,24,25,27,30,32,33,35,36,37,38,39,41,44,47,48,50,53,54,57,58,61,62,63,64,67,72,74,77,83,84,85,91,92,95,96,99
13:0,1,2,3,7,9,11,99,17,18,19,20,22,23,31,33,35,36,43,45,46,47,48,49,54,55,60,61,62,65,71,73,74,75,76,77,82,84,86,87,89,94,96,98
14:0,1,2,5,6,9,10,85,21,22,23,28,30,33,34,36,40,43,46,48,50,51,53,54,57,60,61,63,65,67,70,72,73,80,83,86,88,89,92,93,94,95,99
15:1,3,4,12,79,17,18,19,22,24,26,27,28,32,33,34,35,39,44,49,53,56,57,58,61,64,65,67,69,70,75,76,81,84,86,88,89,91,92,93,96,97,98
16:3,4,6,7,10,11,12,69,17,19,21,22,23,30,31,33,38,39,40,43,44,50,51,52,53,56,59,61,63,65,71,72,74,78,80,83,85,88,89,91,92,93,94,98
17:0,1,2,5,7,9,10,11,13,15,16,52,18,23,24,27,28,29,38,39,40,41,47,48,49,55,56,58,60,65,66,67,68,70,75,78,79,80,81,84,85,88,91,92,94,95,98,99
18:3,4,6,8,9,11,12,13,15,17,39,19,24,25,28,29,30,31,32,37,44,48,49,51,52,53,56,57,58,59,61,62,63,64,67,69,71,75,76,77,78,79,81,84,85,87,95,98
19:0,1,3,6,12,13,15,16,18,64,21,23,24,25,26,30,32,35,36,37,39,42,43,45,46,48,57,60,61,62,67,70,73,74,78,79,82,85,86,87,88,92,96,97
20:0,1,4,6,7,8,10,12,13,38,21,24,25,27,31,39,41,43,45,47,50,51,52,53,57,59,69,70,72,81,84,85,86,87,88,94,97,98,99
21:0,1,2,3,4,7,9,10,14,16,19,20,48,24,26,29,30,31,32,33,34,35,37,38,39,42,43,44,46,47,50,51,53,58,60,62,63,64,68,71,73,75,76,77,78,79,81,85,88,92,93,94,95,96,97
22:0,1,4,7,8,11,12,13,14,15,16,84,23,25,27,30,32,37,39,40,42,44,49,54,55,56,60,61,64,65,66,68,70,71,73,74,77,79,82,83,85,88,93,95,96,99
23:0,7,8,12,13,14,16,17,19,22,24,25,26,27,28,29,31,33,34,36,38,39,40,43,44,46,47,48,49,51,53,54,61,63,65,68,69,74,77,78,80,81,82,86,91,95,98,99
24:2,4,5,6,11,12,15,17,18,19,20,21,23,61,26,28,29,30,32,34,35,36,39,40,41,44,48,56,58,60,62,64,65,66,70,72,73,76,79,83,85,88,90
25:1,5,8,11,12,18,19,20,22,23,37,26,36,38,39,40,45,51,52,53,57,64,66,72,73,74,75,76,78,81,82,85,88,89,93,94,98
26:0,3,8,9,15,19,21,23,24,25,39,27,28,29,30,33,34,37,40,42,48,50,51,53,54,55,58,59,60,61,67,69,71,74,78,80,84,87,88,89,91,93,94,96
27:0,2,3,4,7,9,11,12,15,17,20,22,23,26,71,30,31,33,36,38,42,43,45,46,50,51,52,55,56,58,59,60,61,62,63,70,74,77,78,80,82,84,86,87,90,93,96,97,99
28:0,2,6,7,11,14,15,17,18,23,24,26,69,30,33,34,36,40,44,45,46,47,48,52,54,56,59,60,63,64,67,68,71,73,75,77,78,84,85,87,89,90,92,93,94,95,96
29:1,2,3,4,6,8,17,18,21,23,24,26,43,31,33,37,44,45,46,47,48,51,54,58,60,62,64,66,68,70,76,77,78,79,81,83,84,86,88,89,90,91,92,95,99
30:0,2,3,5,7,8,10,11,12,14,16,18,19,21,22,24,26,27,28,60,31,32,37,40,41,42,43,44,45,49,52,53,54,57,58,59,63,65,66,68,70,73,74,75,77,80,84,85,86,87,89,90,92,93,95,96,99
31:2,3,6,9,11,13,16,18,20,21,23,27,29,30,90,32,34,35,36,37,38,39,42,46,47,52,53,55,57,58,59,62,63,64,68,70,74,76,77,79,81,85,92,93,95,97,98,99
32:1,2,3,4,10,12,15,18,19,21,22,24,30,31,98,33,36,39,40,45,47,53,54,55,62,65,71,76,77,79,81,82,87,91,95,99
33:0,1,2,3,5,6,9,11,12,13,14,15,16,21,23,26,27,28,29,32,41,34,36,38,40,42,44,47,49,51,55,60,63,64,65,67,69,70,71,74,75,76,77,79,83,84,86,90,95,97,98
34:9,10,14,15,21,23,24,26,28,31,33,98,35,37,38,42,44,47,50,51,52,53,56,58,61,63,64,65,66,72,74,77,80,83,85,86,89,90,91,92,93,94,99
35:4,5,6,12,13,15,19,21,24,31,34,50,36,40,41,43,48,49,56,57,58,61,62,64,65,66,70,71,75,80,81,82,83,84,86,87,88,89,90,91,95,97,98,99
36:0,5,7,8,9,11,12,13,14,19,23,24,25,27,28,31,32,33,35,88,40,41,42,46,48,49,50,51,53,54,55,59,61,62,68,71,72,73,77,78,79,80,81,82,86,90,91,92,93,95,96,98
37:0,1,2,4,5,6,7,8,10,11,12,18,19,21,22,25,26,29,30,31,34,68,45,46,48,51,52,54,55,56,57,58,59,60,71,73,74,75,76,77,81,82,83,84,85,89,90,92,95,97,99
38:1,2,5,9,12,16,17,20,21,23,25,27,31,33,34,87,40,42,43,44,45,46,51,54,57,58,59,60,61,62,70,71,77,80,81,83,85,86,88,90,91,93,96,97,98
39:0,2,4,6,8,9,12,15,16,17,18,19,20,21,22,23,24,25,26,31,32,89,41,43,45,46,48,49,50,53,56,58,60,65,66,67,71,72,73,74,76,86,87,91,93,96,97,98
40:3,5,6,9,11,14,16,17,22,23,24,25,26,28,30,32,33,35,36,38,52,41,49,51,55,56,57,62,63,66,74,75,77,81,82,91,92,96,99
41:2,3,5,7,10,11,12,17,20,24,30,33,35,36,39,40,98,42,44,46,47,50,52,53,54,56,58,60,61,63,65,66,67,71,73,76,78,79,80,83,89,90,91,94,95,96,97,99
42:4,5,6,7,9,10,19,21,22,26,27,30,31,33,34,36,38,41,48,43,45,46,56,60,62,64,67,69,74,78,82,83,85,89,90
43:0,1,2,6,13,14,16,19,20,21,23,27,29,30,35,38,39,42,50,45,46,47,48,51,52,53,55,56,57,59,61,62,66,67,68,71,72,73,78,79,81,87,88,90,91,92,93,94,95,96,97
44:1,3,4,8,9,10,12,15,16,18,21,22,23,24,28,29,30,33,34,38,41,49,45,46,48,51,55,56,58,59,60,61,62,63,66,67,70,74,76,80,81,84,85,86,87,89,90,92,94,95
45:1,4,6,8,11,13,19,20,25,27,28,29,30,32,37,38,39,42,43,44,48,49,50,51,54,56,57,64,66,68,69,70,73,75,76,77,85,87,88,89,90,94,95,96,97,98
46:3,4,6,7,8,10,13,14,19,21,23,27,28,29,31,36,37,38,39,41,42,43,44,69,47,52,53,54,62,63,64,66,70,73,75,76,77,78,82,83,84,85,89,91,93,95,99
47:3,4,8,9,10,12,13,17,20,21,23,28,29,31,32,33,34,41,43,46,64,48,49,50,55,56,58,60,62,65,70,71,75,77,80,82,83,85,86,87,90,91,92,93,95,96,97,98,99
48:1,5,6,8,9,12,13,14,17,18,19,21,23,24,26,28,29,35,36,37,39,42,43,44,45,47,51,53,55,58,60,64,67,69,73,74,76,83,85,86,89,91,94,95,96,98,99
49:0,1,3,5,6,7,8,10,13,15,17,18,22,23,30,33,35,36,39,40,44,45,47,89,51,54,59,61,63,66,67,70,72,73,74,77,79,80,85,88,90,91,98
50:1,2,3,4,5,6,8,9,10,12,14,16,20,21,26,27,34,35,36,39,41,43,45,47,74,52,53,54,55,56,57,60,61,67,68,71,72,76,77,80,82,83,84,89,90,92,93,95,97
51:1,2,6,7,11,14,16,18,20,21,23,25,26,27,29,33,34,36,37,38,40,43,44,45,48,49,70,53,54,56,57,59,61,62,64,66,67,72,75,80,81,82,85,86,87,89,92,98,99
52:0,1,2,3,7,10,11,16,17,18,20,25,27,28,30,31,34,37,40,41,43,46,50,65,53,55,56,63,66,67,70,71,74,75,77,81,83,85,86,88,91,93,94,95,96,98
53:2,3,4,6,10,11,12,14,15,16,18,20,21,23,25,26,30,31,32,34,36,39,41,43,46,48,50,51,52,57,56,59,62,64,65,66,68,72,73,75,79,80,83,84,85,86,87,90,91,93,94,96
54:1,2,3,4,7,11,12,13,14,22,23,26,28,29,30,32,36,37,38,41,45,46,49,50,51,78,56,59,64,65,66,67,71,75,81,84,87,88,89,92,93,97
55:2,5,6,8,10,13,17,22,26,27,31,32,33,36,37,40,43,44,47,48,50,52,77,57,58,60,64,65,70,73,74,75,76,78,84,86,88,89,90,91,92,97,98
56:0,1,7,9,15,16,17,18,22,24,27,28,34,35,37,39,40,41,42,43,44,45,47,50,51,52,53,54,89,57,61,62,63,64,65,75,77,79,80,84,87,88,90,91,93,94,95,96,98
57:0,1,4,5,7,10,12,14,15,18,19,20,25,30,31,35,37,38,40,43,45,50,51,53,55,56,98,59,60,61,63,64,66,67,71,75,76,78,79,81,84,85,86,88,91,92,93,94,97
58:4,6,9,10,11,12,15,17,18,21,24,26,27,29,30,31,34,35,37,38,39,41,44,47,48,55,68,61,62,63,65,66,67,69,71,72,76,80,82,84,85,87,88,89,92,96,98
59:2,5,6,8,16,18,20,26,27,28,30,31,36,37,38,43,44,49,51,53,54,57,91,60,62,63,66,68,69,71,75,77,79,82,84,85,86,87,88,89,93,95,96,97
60:0,1,2,4,9,10,11,13,14,17,19,21,22,24,26,27,28,29,30,33,37,38,39,41,42,44,47,48,50,55,57,59,82,63,64,65,66,67,69,70,71,72,73,77,80,81,84,87,94
61:0,3,5,9,11,12,13,14,15,16,18,19,22,23,24,26,27,34,35,36,38,41,43,44,49,50,51,56,57,58,76,63,64,68,70,73,77,78,81,82,83,84,85,88,89,90,92,94,95,98,99
62:3,5,6,9,10,12,13,18,19,21,24,27,29,31,32,35,36,38,40,42,43,44,46,47,51,53,56,58,59,91,63,65,68,69,74,75,76,78,81,92,96,99
63:1,2,3,4,5,8,9,10,11,12,14,16,18,21,23,27,28,30,31,33,34,40,41,44,46,49,52,56,57,58,59,60,61,62,84,65,66,67,68,69,70,72,73,74,78,85,86,87,88,94,95,97,98
64:2,10,12,15,18,19,21,22,24,25,28,29,31,33,34,35,42,45,46,47,48,51,53,54,55,56,57,60,61,92,66,67,70,71,72,74,75,77,80,82,84,88,89,90,91,93,95,96,97,98,99
65:1,5,10,13,14,15,16,17,22,23,24,30,32,33,34,35,39,41,47,52,53,54,55,56,58,60,62,63,97,66,68,70,71,73,74,77,78,80,82,83,85,88,90,92,93,95,99
66:1,3,8,9,10,17,22,24,25,29,30,34,35,39,40,41,43,44,45,46,49,51,52,53,54,57,58,59,60,63,64,65,75,68,70,72,77,78,81,82,84,85,86,91,92,97,98,99
67:0,1,2,4,5,7,11,12,14,15,17,18,19,26,28,33,39,41,42,43,44,48,49,50,51,52,54,57,58,60,63,64,97,68,70,71,76,79,81,83,84,87,91,92,94,95,96,98,99
68:1,2,5,6,7,9,10,17,21,22,23,28,29,30,31,36,37,43,45,50,53,58,59,61,62,63,65,66,67,76,69,71,72,74,75,79,80,81,83,85,86,87,88,89,91,92,93,95,96,98
69:0,3,4,9,10,11,15,16,18,20,23,26,28,33,42,45,46,48,58,59,60,62,63,68,70,71,74,77,78,79,80,81,84,87,88,91,92,94
70:1,2,3,4,5,6,8,10,11,14,15,17,19,20,22,24,27,29,30,31,33,35,38,44,45,46,47,49,51,52,55,60,61,63,64,65,66,67,69,88,71,74,75,77,86,90,91,94,99
71:0,5,9,10,11,13,16,18,21,22,26,27,28,32,33,35,36,37,38,39,41,43,47,50,52,54,57,58,59,60,64,65,67,68,69,70,95,75,79,81,84,85,86,88,89,90,94,97,98,99
72:3,9,10,12,14,16,20,24,25,34,36,39,43,49,50,51,53,58,60,63,64,66,68,79,76,83,84,86,87,88,89,92,94,97,98
73:0,2,3,11,13,14,19,21,22,24,25,28,30,36,37,39,41,43,45,46,48,49,53,55,60,61,63,65,92,79,80,81,82,86,90,93,97,98
74:1,2,4,5,8,12,13,16,19,22,23,25,26,27,30,31,33,34,37,39,40,42,44,48,49,50,52,55,62,63,64,65,68,69,70,76,75,77,78,82,85,86,87,88,91,92,94,95,97
75:1,2,3,5,7,8,10,13,15,17,18,21,25,28,30,33,35,37,40,45,46,47,51,52,53,54,55,56,57,59,62,64,66,68,70,71,74,93,76,78,79,80,85,88,91,95,97,98
76:2,3,4,5,7,9,10,13,15,18,21,24,25,29,31,32,33,37,39,41,44,45,46,48,50,55,57,58,61,62,67,68,72,74,75,92,77,78,85,86,87,88,89,93,97
77:0,1,2,3,4,6,11,12,13,18,21,22,23,27,28,29,30,31,32,33,34,36,37,38,40,45,46,47,49,50,52,55,56,59,60,61,64,65,66,69,70,74,76,99,78,79,81,82,83,85,87,89,90,92,94,95
78:0,1,6,7,9,11,16,17,18,19,21,23,25,26,27,28,29,36,41,42,43,46,54,55,57,61,62,63,65,66,69,74,75,76,77,90,79,80,81,84,91,92,96,97,98
79:5,6,7,11,15,17,18,19,21,22,24,29,31,32,33,36,41,43,49,53,56,57,59,67,68,69,71,72,73,75,77,78,99,80,81,83,86,88,89,90,95,97
80:0,1,2,6,7,9,10,11,14,16,17,23,26,27,30,34,35,36,38,41,44,47,49,50,51,53,56,58,60,64,65,68,69,73,75,78,79,84,81,83,85,89,91,93,98
81:2,3,4,5,8,9,11,12,15,17,18,20,21,23,25,29,31,32,35,36,37,38,40,43,44,51,52,54,57,60,61,62,66,67,68,69,71,73,77,78,79,80,82,84,85,86,87,89,93,94,96,99
82:0,3,4,6,7,8,9,10,13,19,22,23,25,27,32,35,36,37,40,42,46,47,50,51,58,59,60,61,64,65,66,73,74,77,81,93,84,85,86,87,88,90,91,94,95,97,98,99
83:0,2,5,6,7,10,12,14,16,22,24,29,33,34,35,37,38,41,42,46,47,48,50,52,53,61,65,67,68,72,77,79,80,86,84,87,88,90,91,94,95,96,98,99
84:0,1,3,4,5,7,9,10,11,12,13,15,17,18,20,22,26,27,28,29,30,33,35,37,44,46,50,53,54,55,56,57,58,59,60,61,63,64,66,67,69,71,72,78,80,81,82,83,96,85,86,88,89,92,93,94,95,98
85:3,6,9,10,12,14,16,17,18,19,20,21,22,24,25,28,30,31,34,37,38,42,44,45,46,47,48,49,51,52,53,57,58,59,61,63,65,66,68,71,74,75,76,77,80,81,82,84,89,88,90,91,92,93,94,96,98,99
86:0,1,3,6,7,8,11,13,14,15,19,20,23,27,29,30,33,34,35,36,38,39,44,47,48,51,52,53,55,57,59,63,66,68,70,71,72,73,74,76,79,81,82,83,84,99,90,91,92,93,94,96
87:0,3,6,7,9,11,13,18,19,20,26,27,28,30,32,35,38,39,43,44,45,47,51,53,54,56,58,59,60,63,67,68,69,72,74,76,77,81,82,83,89,90,91,93,94,95,99
88:3,6,7,8,9,14,15,16,17,19,20,21,22,24,25,26,29,35,36,38,43,45,49,52,54,55,56,57,58,59,61,63,64,65,68,69,70,71,72,74,75,76,79,82,83,84,85,95,89,90,91,92,94,97,98
89:5,6,8,13,14,15,16,25,26,28,29,30,34,35,37,39,41,42,44,45,46,48,49,50,51,54,55,56,58,59,61,64,68,71,72,76,77,79,80,81,84,85,87,88,99,91,92,93,94,95,98
90:1,6,10,11,24,27,28,29,30,31,33,34,35,36,37,38,41,42,43,44,45,47,49,50,53,55,56,61,64,65,70,71,73,77,78,79,82,83,85,86,87,88,93,94,96
91:1,3,4,7,8,10,11,12,15,16,17,23,26,29,32,34,35,36,38,39,40,41,43,46,47,48,49,52,53,55,56,57,59,62,64,66,67,68,69,70,74,75,78,80,82,83,85,86,87,88,89,96,92,93,99
92:0,8,11,12,14,15,16,17,19,21,28,29,30,31,34,36,37,40,43,44,47,50,51,54,55,57,58,61,62,64,65,66,67,68,69,72,73,74,76,77,78,84,85,86,88,89,91,94,98,99
93:0,2,3,4,5,7,9,14,15,16,21,22,25,26,27,28,30,31,34,36,38,39,43,46,47,50,52,53,54,56,57,59,64,65,68,73,75,76,80,81,82,84,85,86,87,89,90,91,99,95,96,98
94:0,1,5,7,9,13,14,16,17,20,21,25,26,28,34,41,43,44,45,48,52,53,56,57,60,61,63,67,69,70,71,72,74,77,81,82,83,84,85,86,87,88,89,90,92,99,96,97
95:0,1,3,6,7,8,9,12,14,17,18,21,22,23,28,29,30,31,32,33,35,36,37,41,43,44,45,46,47,48,50,52,56,59,61,63,64,65,67,68,71,74,75,77,79,82,83,84,87,88,89,93,98,96,97
96:0,1,2,3,6,7,8,9,10,12,13,15,19,21,22,26,27,28,30,36,38,39,40,41,43,45,47,48,52,53,56,58,59,62,64,67,68,78,81,83,84,85,86,90,91,93,94,95,97,98
97:4,7,8,10,15,19,20,21,27,31,33,35,37,38,39,41,43,45,47,50,54,55,57,59,63,64,65,66,67,71,72,73,74,75,76,78,79,82,88,94,95,96,98
98:1,2,4,7,8,11,13,15,16,17,18,20,23,25,31,32,33,34,35,36,38,39,41,45,47,48,49,51,52,55,56,57,58,61,63,64,66,67,68,71,72,73,75,78,80,82,83,84,85,88,89,92,93,95,96,97,99
99:3,4,6,8,10,12,13,14,17,20,22,23,27,29,30,31,32,34,35,37,40,41,46,47,48,51,61,62,64,65,66,67,70,71,77,79,81,82,83,85,86,87,89,91,92,93,94,98
