0:10,1,2,8,9,15,17,18,21,22,24,25,27,29,30,33,34,38,41,49
1:0,30,2,8,9,10,11,15,17,19,27,29,34,36,39,40,43,44,45,46,49
2:0,1,22,3,5,7,16,18,20,21,34,35,37,40,41,45,46,48,49
3:2,49,4,5,7,9,11,13,17,19,21,24,25,27,29,31,35,37,40,47,48
4:3,13,6,9,11,18,21,23,29,31,35,36,38,39,40,41,42,46,49
5:2,3,6,8,10,11,12,13,18,21,22,24,33,39,40,44,48,49
6:4,5,23,8,11,12,17,18,19,27,31,39,41,42,43,49
7:2,3,34,10,13,17,18,19,23,25,27,28,31,32,41,45,46,48
8:0,1,5,6,42,14,16,17,20,25,28,37,38,44,45,47,49
9:0,1,3,4,36,14,15,16,18,22,25,26,29,32,34,37,39,40,41,49
10:0,1,5,7,45,12,13,15,17,18,19,20,21,24,25,26,32,34,35,37,38,40,48
11:1,3,4,5,6,34,12,19,33,35,37,39,47
12:5,6,10,11,27,15,16,19,22,31,33,35,37,39,40,43,45,46,48
13:3,4,5,7,10,42,20,25,26,28,37,39,40,43,44,45
14:8,9,36,18,24,26,31,32,33,34,37,38,39,41,43,45,49
15:0,1,9,10,12,17,18,20,21,27,29,34,43,44,45
16:2,8,9,12,34,21,22,23,25,32,39,41,42,43,44,47
17:0,1,3,6,7,8,10,15,32,20,21,22,24,25,27,28,30,33,38,39,43,44,47,49
18:0,2,4,5,6,7,9,10,14,15,19,20,21,22,24,29,31,32,33,34,37,45,49
19:1,3,6,7,10,11,12,18,26,21,23,25,31,32,34,36,41,42,43,44,46
20:2,8,10,13,15,17,18,40,21,23,25,29,34,35,38,41,42,43,47,48
21:0,2,3,4,5,10,15,16,17,18,19,20,39,23,26,31,35,38,44,45,47,49
22:0,2,5,9,12,16,17,18,35,24,26,28,30,32,36,38,39,40,45
23:4,6,7,16,19,20,21,24,25,34,38,41,44,47
24:0,3,5,10,14,17,18,22,23,33,25,26,29,30,36,41,44,45,46,48,49
25:0,3,7,8,9,10,13,16,17,19,20,23,24,49,27,28,37,38,39,43,45,47
26:9,10,13,14,19,21,22,24,49,28,31,33,35,36,39,43,46,48
27:0,1,3,6,7,12,15,17,25,47,30,31,33,34,36,37,39
28:7,8,13,17,22,25,26,44,30,32,35,39
29:0,1,3,4,9,15,18,20,24,40,31,38,42,44,45,48,49
30:0,1,17,22,24,27,28,33,31,32,34,37,38,41,42,43,46,47,48
31:3,4,6,7,12,14,18,19,21,26,27,29,30,46,33,37,38,39,40,42,45,48
32:7,9,10,14,16,17,18,19,22,28,30,37,36,38,39,40,49
33:0,5,11,12,14,17,18,24,26,27,30,31,44,34,35,36,37,39,42,45,49
34:0,1,2,7,9,10,11,14,15,16,18,19,20,23,27,30,33,45,37,41,48,49
35:2,3,4,10,11,12,20,21,22,26,28,33,48,42
36:1,4,9,14,19,22,24,26,27,32,33,48,37,40,44,47
37:2,3,8,9,10,11,12,13,14,18,25,27,30,31,32,33,34,36,40,45,47,48,49
38:0,4,8,10,14,17,20,21,22,23,25,29,30,31,32,42,44
39:1,4,5,6,9,11,12,13,14,16,17,21,22,25,26,27,28,31,32,33,43,45,46
40:1,2,3,4,5,9,10,12,13,20,22,29,31,32,36,37,48,44,46,49
41:0,2,4,6,7,9,14,16,19,20,23,24,30,34,48,42,43,47
42:4,6,8,13,16,19,20,29,30,31,33,35,38,41,46,43,45
43:1,6,12,13,14,15,16,17,19,20,25,26,30,39,41,42,44,48
44:1,5,8,13,15,16,17,19,21,23,24,28,29,33,36,38,40,43,46,45,47
45:1,2,7,8,10,12,13,14,15,18,21,22,24,25,29,31,33,34,37,39,42,44,49,46,48
46:1,2,4,7,12,19,24,26,30,31,39,40,42,44,45,48,47
47:3,8,11,16,17,20,21,23,25,27,30,36,37,41,44,46,49
48:2,3,5,7,10,12,20,24,26,29,30,31,34,35,36,37,40,41,43,45,46,49
49:0,1,2,3,4,5,6,8,9,14,17,18,21,24,25,26,29,32,33,34,37,40,45,47,48
