0:354,2,16,19,20,26,35,38,57,61,88,91,98,107,186,205,210,231,245,252,257,265,266,274,282,308,312,315,318,327,343,352,375,395,406
1:140,2,13,14,22,31,36,38,42,46,66,79,91,94,113,114,119,138,154,178,186,203,207,213,227,237,255,289,299,301,307,311,314,315,330,339,364,377,392,403
2:0,1,235,5,6,10,23,29,56,79,98,103,115,134,162,195,200,230,232,233,240,246,247,252,253,310,331,332,345,356,370
3:308,13,21,25,48,49,52,79,81,93,94,148,156,184,194,195,211,227,230,235,247,276,277,293,297,306,321,333,380,401
4:261,28,34,35,38,50,62,77,108,131,161,165,188,207,216,217,235,237,238,253,259,274,278,285,315,361,375
5:2,235,22,26,27,52,53,60,62,76,87,96,97,111,128,150,153,161,176,185,206,211,243,248,284,294,310,319,326,329,354,361,362,398
6:2,336,7,14,20,27,41,44,64,73,81,91,109,132,158,164,181,203,208,225,304,308,327,330,332,350,381,386,397,398,401
7:6,226,8,17,18,31,35,41,44,49,63,73,87,92,105,107,137,150,163,166,178,200,247,248,265,268,275,276,280,290,306,330,338,347,373,377,398,401,405
8:7,278,39,55,70,121,131,136,137,145,163,175,176,177,178,181,195,197,203,215,249,260,261,266,312,325,336,345,349,351,356,359,377,382
9:275,24,36,55,60,102,126,129,151,177,184,186,201,212,215,226,231,247,253,272,277,292,314,322,358,359,365,372,386,388,392,398
10:2,137,54,78,100,105,146,158,162,191,226,233,244,256,273,288,295,298,300,310,326,338,357,366,374,399
11:132,23,29,31,32,42,48,77,122,130,151,187,202,241,245,247,282,283,288,303,327,330,354,355,357,373,375,385,399
12:69,16,35,44,52,56,64,71,78,82,109,111,116,136,163,185,189,190,212,214,215,217,223,239,242,252,253,261,265,289,290,298,362,366,374,389,391
13:1,3,109,45,95,104,133,157,163,165,199,220,231,257,268,274,287,288,308,313,372,376,380,396,401,403
14:1,6,351,33,38,58,62,81,87,104,107,113,129,134,140,152,157,160,176,178,216,222,227,230,247,254,268,269,273,336,338,353,357,360,366,388
15:138,24,35,44,53,62,67,68,85,86,94,108,111,124,127,128,151,160,228,229,239,241,266,306,311,316,348,349,352,355,358,360,365,382
16:0,12,295,20,21,26,56,70,75,83,94,112,120,129,137,166,188,212,219,228,242,263,275,276,290,331,349,406
17:7,255,19,20,31,87,93,150,173,219,223,235,261,279,281,288,292,295,296,308,321,335,338,340,348,357,359,394
18:7,378,20,22,32,41,61,71,82,120,132,140,147,151,152,175,203,217,244,251,258,294,302,319,325,342,348,354,363
19:0,17,313,23,24,25,27,33,41,46,55,59,63,67,83,85,86,99,105,124,136,168,184,185,187,195,197,205,208,230,236,241,247,325,329,348,353,367,387,406
20:0,6,16,17,18,154,25,29,48,51,60,71,77,102,112,118,140,142,171,176,195,241,246,257,258,261,263,275,304,315,364,379,388,400
21:3,16,383,33,39,61,70,74,81,104,108,128,130,147,148,159,160,164,199,214,216,217,222,228,257,273,280,289,290,299,310,314,339,367,372,374,382,391,395,399,401
22:1,5,18,275,24,27,28,32,33,65,84,95,97,115,125,192,197,198,202,215,225,247,267,269,272,296,298,300,324,365,368
23:2,11,19,186,24,38,48,52,54,85,102,110,113,114,134,151,162,165,173,181,184,185,189,199,213,223,242,263,301,309,321,324,333,334,348,351,355,365,370,376
24:9,15,19,22,23,397,51,54,58,63,75,138,145,149,161,174,179,194,239,253,261,267,272,278,279,281,282,300,305,306,317,359,360,368,371,372,373,383,387,388,401,404
25:3,19,20,352,49,67,75,81,83,98,102,108,121,131,142,150,163,169,194,195,214,247,255,256,268,273,289,293,297,324,335,340,343,367,377,389,395,406
26:0,5,16,121,35,39,90,109,111,117,166,170,179,180,195,206,232,242,246,253,256,267,290,291,295,312,321,331,340,351,355,373,386,388,398,405
27:5,6,19,22,31,48,70,80,81,86,121,146,147,152,165,169,178,181,194,195,218,232,235,247,255,310,314,322,336,340,400,401
28:4,22,165,30,37,47,50,71,74,98,100,108,110,124,132,137,149,177,186,199,208,209,222,228,230,247,249,256,264,279,299,307,319,325,354,357,358,387,388,389,391,392,397,408
29:2,11,20,235,31,34,67,94,100,107,117,137,139,160,164,189,204,206,227,258,273,288,291,294,296,314,331,333,339,342,344,359,364,384,394
30:28,255,53,54,63,69,75,90,95,135,138,154,202,205,230,244,254,257,260,274,277,278,298,301,322,325,351,369,378,393
31:1,7,11,17,27,29,347,35,37,50,68,73,79,81,116,140,160,173,190,219,227,228,256,264,302,310,328,332,338,356,393,405
32:11,18,22,77,42,56,81,105,122,139,143,189,190,205,216,268,269,298,300,340,349,385,386,392,396,402,404
33:14,19,21,22,130,34,46,52,63,75,76,87,91,133,202,213,216,222,237,240,242,273,286,290,308,312,316,323,326,334,354,363,365,374,398
34:4,29,33,134,51,65,100,105,109,113,133,174,183,184,200,203,220,237,257,282,284,287,298,307,308,311,313,327,333,368,373
35:0,4,7,12,15,26,31,140,42,62,68,72,76,77,91,95,110,152,157,191,217,231,247,264,268,277,279,292,320,353,372,391,395,396
36:1,9,67,56,79,98,109,120,123,141,184,215,235,281,295,318,338,342,354,360,362,369
37:28,31,46,60,77,91,102,118,121,132,136,140,187,192,199,205,237,262,278,286,293,302,304,306,325,343,381,387,390,397,400
38:0,1,4,14,23,282,89,109,113,136,149,177,183,193,194,201,214,220,223,226,236,251,255,257,258,263,274,275,283,291,317,322,334,376,379,383,397
39:8,21,26,392,54,59,68,81,87,108,122,125,137,145,150,180,194,195,206,210,213,218,275,277,334,347,380,382,385,403
40:140,46,48,65,66,84,89,95,106,122,130,138,163,198,206,226,239,262,281,293,294,302,323,371,380,384,403
41:6,7,18,19,131,42,53,56,70,80,136,142,147,154,186,194,220,231,232,255,277,279,283,288,304,309,328,337,349,359,362,368,377,384,408
42:1,11,32,35,41,379,43,55,63,72,77,85,97,100,101,109,125,132,166,167,173,181,192,208,237,267,283,325,343,346,371,402
43:42,373,58,67,85,86,91,93,99,101,104,115,117,124,126,129,142,143,170,178,205,209,218,238,242,265,271,274,295,304,333,334,363,400,402
44:6,7,12,15,327,49,50,52,65,73,75,79,80,115,149,173,179,183,185,191,203,210,241,305,311,312,348,358,362,386,393,399,403
45:13,91,73,76,97,117,120,129,152,158,172,220,228,233,258,278,285,286,291,294,297,301,305,306,313,318,329,331,332,346,347,348,355,357,369,372,403
46:1,19,33,37,40,90,67,73,88,91,101,109,110,120,136,137,176,184,203,204,211,232,248,255,258,262,280,288,316,332,343,347,352,390,398,401
47:28,204,53,74,76,79,92,149,152,163,165,183,186,207,226,227,245,247,254,257,271,273,287,299,301,324,351,360,372,378,381,384,399
48:3,11,20,23,27,40,278,62,92,95,105,108,137,147,153,191,193,195,200,202,207,221,236,237,244,252,254,284,323,346,358,374,376,394
49:3,7,25,44,274,87,114,125,147,159,163,182,184,197,200,210,219,243,246,266,286,288,291,297,316,329,339,348,353,362,377,379
50:4,28,31,44,346,69,71,83,85,95,97,99,102,103,109,111,132,133,147,153,161,173,174,198,203,208,266,283,303,305,308,319,340,356,378,384,388
51:20,24,34,107,53,75,81,93,99,105,111,129,152,181,199,201,207,214,218,225,240,244,273,303,306,317,318,329,358,382
52:3,5,12,23,33,44,358,69,70,72,77,99,116,130,135,144,150,152,157,173,178,208,215,224,229,247,272,273,308,312,342,350,351,354,362,371
53:5,15,30,41,47,51,175,65,82,98,138,158,174,181,202,208,219,224,228,241,252,254,261,284,307,317,321,327,338,364,373,383,395
54:10,23,24,30,39,243,93,101,107,127,132,142,145,158,166,169,174,187,193,196,198,207,225,235,245,255,263,267,273,293,294,339,345
55:8,9,19,42,101,63,65,85,103,119,122,130,131,159,166,172,175,201,210,220,237,252,269,281,311,336,354,359,360,386,402
56:2,12,16,32,36,41,329,58,64,69,78,86,88,89,102,120,131,176,188,192,199,206,212,213,214,220,222,234,251,255,260,262,309,316,320,364,399,401
57:0,292,81,97,153,178,189,195,196,210,217,220,246,247,253,256,259,263,288,289,315,324,334,336,360,384,394,398
58:14,24,43,56,126,75,104,109,125,142,150,188,224,227,253,255,272,273,279,284,297,319,326,328,344,345,365,366,372,373,377,380,396,401
59:19,39,286,61,63,70,76,77,110,111,112,134,145,154,203,217,221,230,239,242,263,272,279,284,339,341,350,364,366,382,408
60:5,9,20,37,341,101,106,155,190,236,242,264,276,280,306,307,311,313,317,321,322,323,335,362,363,381,404
61:0,18,21,59,195,64,65,73,109,114,116,123,124,126,138,140,161,188,220,221,227,241,245,261,271,277,296,355,360,369,380,383,392,403
62:4,5,14,15,35,48,225,68,132,133,145,146,148,160,161,167,185,205,209,232,239,257,279,283,294,317,326,345,369,385,387
63:7,19,24,30,33,42,55,59,73,66,68,71,80,86,135,137,138,160,165,166,170,195,219,221,229,233,235,237,250,253,271,272,297,299,301,307,332,339,388
64:6,12,56,61,129,87,117,121,131,149,172,183,192,193,203,232,234,237,249,261,271,303,308,311,326,344,353,354,390,393
65:22,34,40,44,53,55,61,246,113,123,134,139,161,202,205,206,221,238,247,256,284,323,324,339,346,348,351,357,358,364,369,371,392,396,397,398
66:1,40,63,272,78,83,109,121,127,134,152,160,225,227,232,233,238,256,273,303,312,320,333,335,350,377
67:15,19,25,29,36,43,46,104,83,89,97,120,132,135,141,144,155,200,206,210,221,222,225,248,296,298,299,311,317,318,319,324,329,363,386
68:15,31,35,39,62,63,249,85,99,120,122,146,155,188,205,219,244,285,286,296,303,338,341,344,357,361,370,371,374,395,403
69:12,30,50,52,56,245,83,105,115,126,129,147,163,171,182,199,220,226,247,267,272,274,302,338,339,365,369,391,403,407
70:8,16,21,27,41,52,59,130,84,94,100,103,105,139,157,158,165,172,177,190,197,203,211,224,243,248,269,279,294,297,306,309,339,341,356,362,377,382,385,402
71:12,18,20,28,50,63,157,80,98,102,104,112,122,144,148,149,155,206,224,227,242,243,275,282,317,322,326,329,340,358,363,376,382,386,391
72:35,42,52,223,101,102,106,134,138,159,169,178,191,216,225,228,229,244,255,265,277,291,294,298,328,346,350,364,375,384,396
73:6,7,31,44,45,46,61,63,238,82,103,107,111,116,177,179,182,184,211,213,220,222,226,241,247,256,258,264,276,297,315,332,340,344,349,358,387,399,407
74:21,28,47,261,98,121,125,140,157,159,160,179,193,246,293,331,335,370,377,381
75:16,24,25,30,33,44,51,58,294,98,115,140,149,156,170,185,225,227,232,263,272,274,281,298,302,348,369,385,387,390,395,408,409
76:5,33,35,45,47,59,378,95,100,118,131,144,156,189,198,199,200,207,246,248,251,257,273,289,308,316,337,358,397,402,407
77:4,11,20,32,35,37,42,52,59,95,81,91,94,107,120,145,168,178,186,188,191,206,210,214,223,250,255,291,297,304,317,335,350,360,386,398
78:10,12,56,66,205,86,139,172,178,191,207,219,234,240,251,263,266,275,290,291,301,320,366,388,408
79:1,2,3,31,36,44,47,185,96,99,107,112,121,132,141,156,183,188,218,235,251,257,278,281,282,298,300,308,311,319,321,324,357,366,380,382,400,407,408
80:27,41,44,63,71,134,87,97,138,139,200,221,225,270,272,276,284,295,310,339,352,354,370,388
81:3,6,14,21,25,27,31,32,39,51,57,77,163,83,125,140,178,191,198,205,220,240,255,259,284,286,289,296,300,317,324,325,331,351,383,408
82:12,18,53,73,226,85,118,122,125,132,138,153,161,163,197,205,207,224,229,232,245,255,263,321,323,325,338,356,380,394,404,405
83:16,19,25,50,66,67,69,81,311,84,90,121,155,179,198,206,216,226,243,244,249,254,260,270,295,299,312,324,331,336,344,367,369,373,380,383,388,396,408,409
84:22,40,70,83,286,89,119,124,128,133,140,145,158,175,180,187,190,229,237,251,295,297,318,328,349,355,391,394,404
85:15,19,23,42,43,50,55,68,82,136,119,134,147,213,215,222,236,241,244,286,293,299,301,302,314,316,325,333,347,360,368,398
86:15,19,27,43,56,63,78,207,104,110,115,149,156,168,185,208,237,243,261,301,311,313,326,336,361,367,369,370,378,383,390,395,399,407
87:5,7,14,17,33,39,49,64,80,122,108,115,127,156,175,185,228,230,240,245,246,273,281,305,315,328,336,371,373,389,407
88:0,46,56,139,92,96,121,130,131,137,140,187,205,220,240,266,354,383,389,390,400,407
89:38,40,56,67,84,161,129,134,139,141,142,143,146,174,201,214,216,217,221,234,237,276,281,299,304,319,320,349,404
90:26,30,46,83,140,99,126,131,179,195,225,239,242,270,276,287,290,292,294,314,316,323,339,388,395,402,408
91:0,1,6,33,35,37,43,45,46,77,123,96,107,111,128,133,167,176,190,195,201,208,214,217,226,249,253,255,265,309,312,328,346,349,353,358
92:7,47,48,88,310,93,111,119,124,160,176,188,195,202,204,207,211,212,216,230,234,240,259,262,321,322,326,334,335,338,345,409
93:3,17,43,51,54,92,299,107,114,131,135,148,153,159,170,178,182,189,200,208,235,276,282,305,307,313,320,333,354,366,368,380,409
94:1,3,15,16,29,70,77,297,114,147,177,192,210,228,235,238,240,248,262,264,270,295,308,321,335,337,353,371,374,376,380,382,392,400
95:13,22,30,35,40,48,50,76,77,313,106,108,147,171,173,181,183,185,187,206,217,219,220,248,250,256,267,309,314,324,377,385,399
96:5,79,88,91,195,99,118,127,130,136,156,162,192,193,197,229,242,248,249,276,288,315,320,330,346,350,353,359,362,373,407,408
97:5,22,42,45,50,57,67,80,381,104,130,132,141,165,172,176,208,212,221,268,288,344,368,375
98:0,2,25,28,36,53,71,74,75,386,106,122,132,139,166,183,219,228,236,244,245,249,264,273,278,308,321,325,348,349,356,364,368,370,376,397,402
99:19,43,50,51,52,68,79,90,96,174,118,128,136,139,142,163,167,172,182,185,197,209,249,272,276,283,284,296,331,345,348,368,397,407,408
100:10,28,29,34,42,70,76,253,112,118,119,134,168,178,191,193,204,212,217,240,241,247,285,301,302,304,306,310,312,319,367,393,396,399
101:42,43,46,54,55,60,72,357,105,112,119,123,138,143,145,146,153,175,184,186,189,202,203,212,250,253,268,279,290,300,324,332,343,344,346,368,383,384,391,408,409
102:9,20,23,25,37,50,56,71,72,283,121,135,139,141,143,145,147,156,173,177,252,265,267,274,276,281,291,306,321,330,335,343,354,373,383,385,403,407
103:2,50,55,70,73,217,134,148,161,164,179,193,196,227,231,233,244,251,272,274,288,290,296,308,315,317,341,343,348,355,365,372,380,383
104:13,14,21,43,58,67,71,86,97,372,116,151,177,186,206,228,257,260,264,290,294,318,319,323,389,399
105:7,10,19,32,34,48,51,69,70,101,238,131,142,174,175,179,203,205,218,219,235,250,252,271,274,284,286,300,301,305,308,316,321,326,341,359,375
106:40,60,72,95,98,255,141,144,170,183,186,227,229,233,235,263,281,289,299,305,329,337,380,387,394,405
107:0,7,14,29,51,54,73,77,79,91,93,344,146,151,162,172,180,197,206,237,243,302,310,324,330,334,337,386,394,397,405
108:4,15,21,25,28,39,48,87,95,253,109,132,141,142,167,174,181,186,194,230,239,243,246,250,271,279,282,345,358,382,390,391
109:6,12,13,26,34,36,38,42,46,50,58,61,66,108,128,163,177,184,196,210,221,223,231,243,247,248,303,305,317,329,332,336,347,378,383,384,397,406
110:23,28,35,46,59,86,239,117,126,152,153,194,196,209,213,216,229,242,245,253,266,269,276,287,290,298,307,309,320,358,363,374,376,402,406,407
111:5,12,15,26,50,51,59,73,91,92,226,117,118,119,121,129,140,145,163,169,194,197,220,234,242,257,281,298,300,305,312,332,333,343,346,366,370,378,401,409
112:16,20,59,71,79,100,101,115,118,131,156,170,176,184,195,204,207,211,227,245,248,259,273,277,290,301,302,312,327,330,339,349,355,356,358,362,379,380,393,400
113:1,14,23,34,38,65,345,123,127,146,151,166,171,199,205,211,219,232,245,256,274,295,303,326,334,346,348,351,354,359,362,387
114:1,23,49,61,93,94,199,116,146,147,151,157,168,181,186,198,210,217,224,235,236,237,238,246,254,269,275,297,305,310,314,320,329,330,332,370,391
115:2,22,43,44,69,75,86,87,112,231,145,151,174,176,190,195,199,200,205,206,219,226,228,243,247,266,285,333,335,341,355,361,371,391
116:12,31,52,61,73,104,114,295,145,147,149,173,175,186,202,211,214,217,227,231,256,286,287,296,301,306,307,313,332,342,351,352,359,366,375,376,406,407
117:26,29,43,45,64,110,111,316,129,161,173,180,193,200,220,226,242,247,263,288,323,348,359,374,378,382,409
118:20,37,76,82,96,99,100,111,112,185,120,122,141,169,172,177,182,183,211,242,246,290,298,302,305,310,322,336,361,369,375,382,392,394
119:1,55,84,85,92,100,101,111,150,122,125,130,143,151,159,166,180,193,200,220,232,241,245,261,272,280,282,285,289,293,299,303,316,318,347,354,373,401,403,407,408
120:16,18,36,45,46,56,67,68,77,118,136,130,137,147,150,155,161,163,168,187,212,228,232,237,286,292,302,315,329,364,399,404,407
121:8,25,26,27,37,64,66,74,79,83,88,102,111,318,140,205,215,217,223,228,233,236,242,275,279,281,290,304,317,322,324,326,340,341,366,408
122:11,32,39,40,55,68,71,82,87,98,118,119,257,144,148,165,167,170,172,177,185,188,193,197,218,254,291,297,304,310,319,323,337,341,345,361,386,390,396,407,409
123:36,61,65,91,101,113,165,128,166,175,218,245,251,262,264,277,282,287,302,303,306,313,318,353,370,395,404
124:15,19,28,43,61,84,92,194,140,142,148,154,163,171,186,195,201,208,212,217,219,255,259,267,304,305,332,369,374,397,406
125:22,39,42,49,58,74,81,82,119,132,136,146,168,182,193,202,206,214,225,228,249,251,253,269,277,283,296,298,310,313,321,327,342,355,362,364,384,390,401,408
126:9,43,58,61,69,90,110,394,153,159,164,176,182,195,217,230,258,264,274,283,288,302,325,333,342,398,408
127:15,54,66,87,96,113,155,145,174,177,182,225,256,284,299,309,344,357,382
128:5,15,21,84,91,99,109,123,321,148,153,201,214,220,262,294,296,319,353,378,389,397,405
129:9,14,16,43,45,51,64,69,89,111,117,221,162,169,200,216,223,224,235,262,264,266,284,302,325,342,344,350,354,358,391,394,396
130:11,21,33,40,52,55,70,88,96,97,119,120,177,142,149,153,157,160,215,221,225,237,243,273,292,321,322,326,333,334,351,395,396,397,407
131:4,8,25,41,55,56,64,76,88,90,93,105,112,300,156,163,171,184,193,207,211,214,242,268,299,310,342,352,378,405,407
132:6,11,18,28,37,42,50,54,62,67,79,82,97,98,108,125,390,135,146,154,170,172,211,252,256,265,266,282,293,295,297,311,320,338,376,389,396,404,405
133:13,33,34,50,62,84,91,367,145,158,178,192,193,197,213,218,259,288,290,291,326,336,348,359,378,382,385,405
134:2,14,23,34,59,65,66,72,80,85,89,100,103,186,140,142,158,183,199,205,206,207,211,217,233,237,239,271,273,279,289,309,314,322,328,330,348,353,356,362,363,394,399,402
135:30,52,63,67,93,102,132,155,158,164,165,166,204,209,224,228,229,238,264,270,272,302,306,307,353,367,388,390,400
136:8,12,19,37,38,41,46,85,96,99,120,125,401,151,216,240,262,299,304,322,325,329,334,349,352,356,358,372,389,392,409
137:7,8,10,16,28,29,39,46,48,63,88,120,323,145,160,162,165,188,192,196,203,207,225,230,248,268,281,295,309,322,346,361,385,390
138:1,15,24,30,40,53,61,63,72,80,82,101,228,150,156,162,164,176,181,230,254,275,308,331,333,351,357,360,379,382,407
139:29,32,65,70,78,80,88,89,98,99,102,300,163,166,168,175,192,205,209,227,247,252,254,255,256,260,273,282,286,289,296,308,338,344,386,390,396,399,407
140:1,14,18,20,31,35,37,40,61,74,75,81,84,88,90,111,121,124,134,221,141,151,194,195,196,214,215,217,218,228,234,236,237,244,249,257,310,316,321,335,367,369,390
141:36,67,79,89,97,102,106,108,118,140,359,143,154,155,159,164,165,182,208,234,244,262,265,267,269,277,284,298,325,362,372,373,378,385,389,399,407
142:20,25,41,43,54,58,89,99,105,108,124,130,134,295,143,159,185,210,218,224,254,265,294,301,311,317,318,322,329,361,369,374,378,390,392
143:32,43,89,101,102,119,141,142,289,189,216,219,232,244,252,270,298,300,302,306,316,331,339,361,373,386,387,390,404
144:52,67,71,76,106,122,400,166,168,171,184,198,210,232,235,239,259,284,313,320,327,332,342,345,348
145:8,24,39,54,59,62,77,84,101,102,111,115,116,127,133,137,281,150,166,181,182,194,195,200,232,242,255,259,272,276,283,291,298,305,314,318,327,332,344,349,382,387,396
146:10,27,62,68,89,101,107,113,114,125,132,253,163,164,193,195,215,221,235,284,292,307,310,321,323,337,339,371,378,380,383,387,401,405
147:18,21,27,41,48,49,50,69,85,94,95,102,114,116,120,279,152,164,170,179,181,202,210,227,229,230,232,235,240,249,250,278,282,294,321,332,337,340,359,369,381,405
148:3,21,62,71,93,103,122,124,128,221,151,152,166,169,172,180,189,198,213,232,239,243,255,269,273,308,318,333,339,356,374,383,393,395
149:24,28,38,44,47,64,71,75,86,116,130,375,150,190,197,198,205,209,214,233,256,261,274,278,285,291,307,314,321,326,329,333,352,369,373,387,395
150:5,7,17,25,39,52,58,119,120,138,145,149,230,157,160,201,207,209,219,220,225,237,242,258,268,271,287,296,307,358,363,366,379,384,392,403
151:9,11,15,18,23,104,107,113,114,115,119,136,140,148,309,180,181,184,207,209,216,236,248,259,266,277,289,306,344,366,369,375,404
152:14,18,27,35,45,47,51,52,66,110,147,148,386,165,181,185,187,189,208,218,241,252,255,276,317,325,329,338,340,354,358,381,384,403,405
153:5,48,50,57,82,93,101,110,126,128,130,383,172,174,189,192,240,244,246,271,272,302,331,339,340,355,365,394,396,398,408
154:1,20,30,41,59,124,132,141,248,161,171,212,219,236,246,262,277,296,304,308,311,314,325,326,330,348,372,374,378,386,402
155:60,67,68,71,83,120,127,135,141,233,160,177,191,199,220,227,247,256,261,283,300,301,318,319,323,333,335,336,370,371,390,396,404
156:3,75,76,79,86,87,96,102,112,131,138,293,158,160,173,180,191,206,228,233,243,259,263,284,294,309,352,362,382,392,404
157:13,14,35,52,70,71,74,114,130,150,369,162,166,191,201,206,226,233,250,251,261,269,275,290,303,308,316,320,332,334,349,355,363,383,403
158:6,10,45,53,54,70,84,133,134,135,156,378,199,204,213,215,221,231,249,269,276,286,290,301,321,331,338,351,385,394,396,398,401,408,409
159:21,49,55,72,74,93,119,126,141,142,259,168,175,180,183,186,196,201,205,247,249,296,299,320,325,326,366,371,384
160:14,15,21,29,31,62,63,66,74,92,130,137,150,155,156,345,162,199,258,261,268,269,285,296,299,310,316,342,343,367,380,392,402
161:4,5,24,50,61,62,65,82,89,103,117,120,154,317,163,181,197,201,216,229,233,237,253,281,285,291,295,297,299,304,310,335,349,352,377,388
162:2,10,23,96,107,129,137,138,157,160,292,169,176,182,187,192,198,199,205,211,214,236,240,251,263,287,291,309,317,318,328,338,341,343,346,354,385,394
163:7,8,12,13,25,40,47,49,69,81,82,99,109,111,120,124,131,139,146,161,282,178,181,197,205,225,231,236,251,260,284,290,300,344,352,356,371,376,402,407
164:6,21,29,103,126,135,138,141,146,147,302,170,179,184,199,216,228,232,247,274,307,318,331,345,370,379,405
165:4,13,23,27,28,47,63,70,97,122,123,135,137,141,152,346,169,202,209,223,224,225,253,257,272,285,308,314,340,350,387,399,409
166:7,16,26,42,54,55,63,98,113,119,123,135,139,144,145,148,157,198,174,228,236,240,250,256,268,295,297,318,330,334,351,363,364,365,371,372,384,385,387,401,408
167:42,62,91,99,108,122,235,170,175,195,198,202,229,236,238,255,287,292,298,304,315,323,324,334,346,361,365,380,392,405,407,409
168:19,77,86,100,114,120,125,139,144,159,195,178,182,183,192,207,213,246,250,260,261,277,296,306,319,339,368,400
169:25,27,54,72,111,118,129,148,162,165,401,180,200,213,239,266,271,297,301,318,327,335,370,385,390
170:26,43,63,75,93,106,112,122,132,147,164,167,261,186,201,202,203,220,224,239,248,251,267,284,307,308,354,359,383,390
171:20,69,95,113,124,131,144,154,262,173,179,191,197,216,231,271,276,316,319,338,350,365,394,395,397,400
172:45,55,64,70,78,97,99,107,118,122,132,148,153,388,177,249,263,283,297,329,332,344,360,377,379,389
173:17,23,31,42,44,50,52,95,102,116,117,156,171,326,186,187,194,224,243,265,269,273,277,292,302,317,318,335,346,363,372,402
174:24,34,50,53,54,89,99,105,108,115,127,153,166,349,203,213,216,225,231,278,295,296,353,355,357,409
175:8,18,53,55,84,87,101,105,116,123,139,159,167,197,176,185,195,202,207,209,219,235,239,255,276,294,295,304,331,375,390
176:5,8,14,20,46,56,91,92,97,112,115,126,138,162,175,376,196,207,212,242,255,256,275,282,283,297,299,318,326,329,349,351,362,363,365,367,368,375,393
177:8,9,28,38,70,73,94,102,104,109,118,122,127,130,155,172,313,193,201,230,263,277,284,285,290,306,315,341,345,351,352,366,370,372,386,400
178:1,7,8,14,27,43,52,57,72,77,78,81,93,100,133,163,168,276,196,197,228,250,262,295,296,300,326,335,352,358,363,376,388,392,396,408
179:24,26,44,73,74,83,90,103,105,147,164,171,210,180,194,198,204,219,227,240,247,257,288,298,308,314,316,324,329,345,350,352,357,361,362,379,384,405
180:26,39,84,107,117,119,148,151,156,159,169,179,183,193,219,223,225,228,229,243,245,247,324,326,329,351,362
181:6,8,23,27,42,51,53,95,108,114,138,145,147,151,152,161,163,305,215,219,229,245,255,261,308,320,348,357,360,371,395,400
182:49,69,73,93,99,118,125,126,127,141,145,162,168,288,267,276,297,298,337,374,384,385,393
183:34,38,44,47,64,79,95,98,106,118,134,159,168,180,193,185,204,207,212,215,244,251,256,269,284,286,287,300,335,349,389,390,406
184:3,9,19,23,34,36,46,49,73,101,109,112,131,144,151,164,208,215,230,266,269,318,329,330,335,342,349,358,384,385,386,392,395,396,398,409
185:5,12,19,23,44,62,75,79,86,87,95,99,118,122,142,152,175,183,225,186,192,212,227,231,248,272,276,280,282,324,335,340,352,372,387,399
186:0,1,9,23,28,41,47,77,101,104,106,108,114,116,124,134,159,170,173,185,197,206,211,239,261,263,273,278,281,293,301,307,321,324,372,384,393,404
187:11,19,37,54,84,88,95,120,152,162,173,317,201,216,230,268,271,287,295,303,306,336,341,357,372,375,398
188:4,16,56,58,61,68,77,79,92,122,137,388,209,215,219,232,253,256,258,310,322,343,345,354,370,375,384,391,394
189:12,23,29,32,57,76,93,101,143,148,152,153,383,190,200,207,208,210,266,275,285,287,340,350,368,376,386
190:12,31,32,60,70,84,91,115,149,189,214,193,213,254,257,274,322,331,333,334,348,358,375,379,395
191:10,35,44,48,72,77,78,81,100,155,156,157,171,264,194,196,204,205,210,211,217,241,254,261,280,284,316,318,350,363,376,386,387,397,403,407,408
192:22,37,42,56,64,94,96,133,137,139,153,162,168,185,273,194,195,228,243,298,329,342,345,351,363,376,395,404
193:38,48,54,64,74,96,100,103,117,119,122,125,131,133,146,177,180,183,190,318,196,199,248,250,259,302,314,319,323,347
194:3,24,25,27,38,39,41,108,110,111,124,140,145,173,179,191,192,276,199,200,208,238,239,240,256,257,261,281,291,306,332,335,359,360,366,383
195:2,3,8,19,20,25,26,27,39,48,57,61,63,90,91,92,96,112,115,124,126,140,145,146,167,168,175,192,337,196,209,210,216,229,239,248,266,269,276,314,332,367,373,377,383
196:54,57,103,109,110,137,140,159,176,178,191,193,195,285,206,213,231,261,267,287,292,299,310,316
197:8,19,22,49,70,82,96,99,107,111,122,133,149,161,163,171,175,178,186,401,198,208,217,228,247,267,294,329,340,375,387,402
198:22,40,50,54,76,81,83,114,144,148,149,162,166,167,179,197,246,200,241,250,259,285,303,330,331,342,343,347,350,352,354,356,362,377,383,393,395,400,403
199:13,21,23,28,37,51,56,69,76,113,114,115,134,155,158,160,162,164,193,194,375,208,216,217,256,266,297,298,306,311,314,325,337,374,389,394
200:2,7,34,48,49,67,76,80,93,115,117,119,129,145,169,189,194,198,409,202,250,276,277,282,286,289,306,317,329,338,355,378,387
201:9,38,51,55,89,91,124,128,150,157,159,161,170,177,187,312,223,229,254,282,298,330,331,332,340,377,409
202:11,22,30,33,48,53,65,92,101,116,125,147,165,167,170,175,200,316,211,214,225,246,283,293,301,317,347,354,365,373,403
203:1,6,8,18,34,44,46,50,59,64,70,101,105,137,170,174,364,204,212,228,231,252,280,316,325,358,363,379,392,399,400
204:29,46,47,92,100,112,135,158,179,183,191,203,223,222,228,269,274,293,303,326,339,365,379,387
205:0,19,30,32,37,43,62,65,68,78,81,82,88,105,113,115,121,134,139,149,159,162,163,191,233,229,246,251,264,265,266,267,304,314,346,376,378,407
206:5,26,29,39,40,56,65,67,71,77,83,95,104,107,115,125,134,156,157,186,196,328,210,223,228,292,297,302,333,334,383,391,396,409
207:1,4,47,48,51,54,76,78,82,86,92,112,131,134,137,150,151,168,175,176,183,189,383,212,261,266,269,274,283,284,298,337,341,345,355,370,374,396
208:6,19,28,42,50,52,53,86,91,93,97,124,141,152,184,189,194,197,199,408,223,248,251,254,312,318,331,333,339,341,346
209:28,43,62,99,110,135,139,149,150,151,165,175,188,195,366,223,236,252,307,311,325,327,337,353,368,384,387,391
210:0,39,44,49,55,57,67,77,94,109,114,142,144,147,179,189,191,195,206,373,214,221,223,251,287,313,319,326,377,409
211:3,5,46,70,73,92,112,113,116,118,131,132,134,162,186,191,202,332,220,254,257,320,321,344,362,374,378,394
212:9,12,16,56,92,97,100,101,120,124,154,176,183,185,203,207,356,214,218,219,223,255,261,263,307,322,331,340,344,353,359,360,364,366,369,388,398
213:1,23,33,39,56,73,85,110,133,148,158,168,169,174,190,196,364,214,220,222,225,238,244,261,269,274,283,312,318,326,328,367,392,397,408
214:12,21,25,38,51,56,77,89,91,116,125,128,131,140,149,162,190,202,210,212,213,268,233,237,242,261,265,275,282,296,301,305,341,351,360,370,379,382,391,392,397
215:8,9,12,22,36,52,85,121,130,140,146,158,181,183,184,188,269,245,247,265,273,286,293,333,346,368,370,381,389,394,397
216:4,14,21,32,33,72,83,89,92,110,129,136,143,151,161,164,171,174,187,195,199,225,217,221,237,248,260,273,275,316,336,337,357,360,371,389
217:4,12,18,21,35,57,59,89,91,95,100,103,114,116,121,124,126,134,140,191,197,199,216,221,231,236,237,240,244,247,261,277,279,284,302,311,314,316,321,322,328,339,383,385,387,404,406
218:27,39,43,51,79,105,122,123,133,140,142,152,212,379,227,242,248,250,260,270,281,282,286,300,313,331,335,355,357,372,375,389,409
219:16,17,31,49,53,63,68,78,95,98,105,113,115,124,143,150,154,175,179,180,181,188,212,339,236,278,288,289,293,299,321,333,356
220:13,34,38,41,45,55,56,57,61,69,73,81,88,95,111,117,119,128,150,155,170,211,213,273,227,228,245,248,279,297,304,315,318,322,325,333,352,363,364,379,403
221:48,59,61,63,65,67,80,89,97,109,129,130,140,146,148,158,210,216,217,349,225,231,245,249,251,284,324,325,329,330,360,366,383,401
222:14,21,28,33,56,67,73,85,204,213,382,229,238,241,246,259,262,270,300,304,319,331,339,349,381
223:12,17,23,38,72,77,109,121,129,165,180,201,204,206,208,209,210,212,310,246,258,268,277,291,327,331,339,341,345,365,399,400,403,404
224:52,53,58,70,71,82,114,129,135,142,165,170,173,244,228,248,325,339,342,352,358,373,381,382,400,405
225:6,22,51,54,62,66,67,72,75,80,90,125,127,130,137,150,163,165,174,180,185,202,213,216,221,347,255,270,299,304,323,330,351,361,390
226:7,9,10,38,40,47,69,73,82,83,91,111,115,117,157,298,231,273,315,317,318,320,337,373,374,377
227:1,3,14,29,31,47,58,61,66,71,75,103,106,112,116,139,147,155,179,185,218,220,374,234,251,261,274,284,321,325,332,359,371,384,392
228:15,16,21,28,31,45,53,72,87,94,98,104,115,120,121,125,135,138,140,156,164,166,178,180,192,197,203,204,206,220,224,266,237,244,249,250,261,271,275,290,300,315,316,323,342,357,360,361,368,384,392,393,408
229:15,52,63,72,82,84,96,106,110,135,147,161,167,180,181,195,201,205,222,296,230,234,237,258,262,264,265,269,279,295,297,298,299,312,315,322,338,352,385
230:2,3,14,19,28,30,59,87,92,108,126,137,138,147,150,177,184,187,229,291,283,304,309,318,331,344,356,387,397,409
231:0,9,13,35,41,103,109,115,116,158,163,171,174,185,196,203,217,221,226,387,240,243,272,282,305,317,329,336,340,341,352,367,395
232:2,26,27,41,46,62,64,66,75,82,113,119,120,143,144,145,147,148,164,188,251,246,249,263,283,285,298,300,303,308,319,323,326,333,348,366,369,380,381,382,390,394,402
233:2,10,45,63,66,103,106,121,134,149,155,156,157,161,205,214,243,235,269,273,277,283,288,303,307,342,343,350,379,380,387,390,392
234:56,64,78,89,92,111,140,141,227,229,299,240,262,292,302,306,313,363,383,394,398
235:2,3,4,5,17,27,29,36,54,63,79,93,94,105,106,114,129,144,146,147,167,175,233,270,255,285,287,302,312,315,320,323,324,330,333,348,364,367,382,390,394
236:19,38,48,60,85,98,114,121,140,151,154,162,163,166,167,209,217,219,402,253,258,266,268,288,290,294,295,304,322,335,337,348,350,379,392,404
237:1,4,33,34,37,42,48,55,63,64,84,86,89,107,114,120,130,134,140,150,161,214,216,217,228,229,385,245,250,255,267,270,271,272,279,283,290,296,311,317,325,335,351,371,384,392,402
238:4,43,65,66,73,94,105,114,135,167,194,213,222,248,260,273,292,302,307,314,333,351,382,384,395,396,398,409
239:12,15,24,40,59,62,90,108,110,134,144,148,169,170,175,186,194,195,328,247,253,261,265,272,278,281,307,313,337,341,387,400,401
240:2,33,51,78,81,87,88,92,94,100,136,147,153,162,166,179,194,217,231,234,271,248,279,288,301,304,309,310,314,317,336,346,357,366,379,381
241:11,15,19,20,44,53,61,73,85,100,119,152,191,198,222,380,275,281,283,291,296,301,305,317,361,400
242:12,16,23,26,33,43,59,60,71,90,96,110,111,117,118,121,131,145,150,176,214,218,281,248,261,285,300,306,327,365,367,386,392,395
243:5,49,54,70,71,83,86,107,108,109,115,130,148,156,173,180,192,231,233,281,283,290,302,304,306,308,312,316,322,329,346,347,348
244:10,18,30,48,51,68,72,83,85,98,103,140,141,143,153,183,213,217,224,228,316,319,337,340,342,345,346,382,389,406,408
245:0,11,47,54,61,69,82,87,98,110,112,113,119,123,180,181,215,220,221,237,276,249,250,253,274,278,283,288,292,320,324,328,330,363,378,382,388,389,399,405
246:2,20,26,49,57,65,74,76,87,108,114,118,153,154,168,198,202,205,222,223,232,341,248,252,263,278,282,284,303,355,363
247:2,3,7,9,11,14,19,22,25,27,28,35,47,52,57,65,69,73,100,109,115,117,139,155,159,164,179,180,197,215,217,239,340,263,269,293,317,335,341,347,348,354,357,380,390,391,394,397,399,400,406,407
248:5,7,46,67,70,76,94,95,96,109,112,137,151,154,170,185,193,195,208,216,218,220,224,238,240,242,246,315,249,260,262,279,301,335,337,366,371,401,409
249:8,28,64,68,83,91,96,98,99,125,140,147,158,159,172,221,228,232,245,248,324,262,272,281,282,294,298,302,366,369,371
250:63,77,95,101,105,108,147,157,166,168,178,193,198,200,218,228,237,245,291,260,263,269,276,290,293,317,331,336,340,342,345,372,383,391,393
251:18,38,56,76,78,79,84,103,123,125,157,162,163,170,183,205,208,210,221,227,232,267,259,264,279,284,289,295,328,339,365,383
252:0,2,12,48,53,55,102,105,132,139,143,152,203,209,246,284,256,257,277,278,282,298,304,308,311,319,327,344,366,368,378,381,382,383,389,406
253:2,4,9,12,24,26,57,58,63,91,100,101,108,110,125,146,161,165,188,236,239,245,404,269,273,286,291,293,309,310,358,360,367,378,394,406
254:14,30,47,48,53,83,114,122,138,139,142,190,191,201,208,211,318,255,258,259,281,300,307,313,317,319,321,340,356,368,375,378,400,401,406
255:1,17,25,27,30,38,41,46,54,56,58,72,77,81,82,91,106,124,139,145,148,152,167,175,176,181,212,225,235,237,254,270,261,265,287,295,349,357,386,394,403
256:10,25,26,28,31,57,65,66,73,95,113,116,127,132,139,149,155,166,176,183,188,194,199,252,378,266,269,298,302,316,328,343,357,368,372,383,384,399,408
257:0,13,20,21,30,34,38,47,62,76,79,104,111,122,140,165,179,190,194,211,252,373,286,287,303,307,319,324,325,340,354,378,395
258:18,20,29,38,45,46,73,126,150,160,188,223,229,236,254,374,259,304,334,336,343,346,396,406,407
259:4,57,81,92,112,124,133,144,145,151,156,159,193,198,222,251,254,258,385,300,301,306,309,310,313,328,348,350,392,395
260:8,30,56,83,104,139,163,168,216,218,238,248,250,389,288,291,306,313,350,365,377,394,396,401
261:4,8,12,17,20,24,53,61,64,74,86,119,149,155,157,160,168,170,181,186,191,194,196,207,212,213,214,217,227,228,239,242,255,362,270,273,307,340,351,357,360,376,380,390
262:37,40,46,56,92,94,123,128,129,136,141,154,171,178,222,229,234,248,249,328,272,273,289,291,298,299,301,308,312,332,333,349,355,360,378,381,390,409
263:16,20,23,38,54,57,59,75,78,82,106,117,156,162,172,177,186,212,232,246,247,250,298,267,282,289,292,316,353,360,367,368,370,390,405,408
264:28,31,35,60,73,94,98,104,123,126,129,135,191,205,229,251,370,298,306,321,322,357,360,387
265:0,7,12,43,72,91,102,132,141,142,173,205,214,215,229,239,255,320,266,271,298,302,318,322,343,347,352,365,367,369,394
266:0,8,15,49,50,78,88,110,115,129,132,151,169,184,189,195,199,205,207,228,236,256,265,269,273,278,283,287,303,314,319,341,343,365,368,370,371,396
267:22,24,26,42,54,69,95,102,124,141,170,182,196,197,205,237,251,263,317,275,287,298,330,334,343,355,364,374,378,381,384,393,409
268:7,13,14,25,32,35,97,101,131,137,150,160,166,187,214,223,236,409,277,290,313,314,342,343,355,372,407
269:14,22,32,55,70,110,114,125,141,148,157,158,160,173,183,184,195,204,207,213,215,229,233,247,250,253,256,266,346,276,344,355,378,380,406,408
270:80,83,90,94,135,143,218,222,225,235,237,255,261,407,285,295,303,313,317,346,360,367,370,380,386
271:43,47,61,63,64,105,108,134,150,153,169,171,187,228,237,240,265,368,274,296,304,311,353,354,365,374,408
272:9,22,24,52,58,59,63,66,69,75,80,99,103,119,135,145,153,165,185,231,237,239,249,262,296,311,318,404
273:10,14,21,25,29,33,47,51,52,54,58,66,76,87,98,112,130,134,139,148,173,186,192,215,216,220,226,233,238,253,261,262,266,364,280,325,361,365,398,408,409
274:0,4,13,30,38,43,49,69,75,102,103,105,113,126,149,164,190,204,207,213,227,245,271,350,277,287,304,307,313,342,378,399
275:7,9,16,20,22,38,39,71,78,114,121,138,157,176,189,214,216,228,241,267,375,303,311,323,333,339,354,360,373,390,392
276:3,7,16,60,73,80,89,90,93,96,99,102,110,145,152,158,171,175,178,182,185,194,195,200,245,250,269,316,291,296,310,325,331,339,358,361,366,389,395,397
277:3,9,30,35,39,41,61,72,112,123,125,141,151,154,168,173,177,200,217,223,233,252,268,274,278,308,321,352,353,365,401,403
278:4,8,24,30,37,45,48,79,98,147,149,174,186,219,239,245,246,252,266,277,296,302,338,358,371,403,406
279:17,24,28,35,41,58,59,62,70,101,108,121,134,147,217,220,229,237,240,248,251,340,348,381,397
280:7,21,46,60,119,185,191,203,273,368,291,313,327,329,359,372,382
281:17,24,36,40,55,75,79,87,89,102,106,111,121,137,145,161,186,194,218,239,241,242,243,249,254,284,321,330,339,342,345,351,354,377,407
282:0,11,24,34,38,71,79,93,108,119,123,132,139,147,163,176,185,200,201,214,218,231,246,249,252,263,389,320,337,356,373,401,402,403
283:11,38,41,42,50,62,99,102,125,126,145,155,172,176,202,207,213,230,232,233,237,241,243,245,266,336,294,304,318,338,346,360,367,384,389,392,401,402
284:5,34,48,53,58,59,65,80,81,99,105,127,129,141,144,146,156,163,170,177,183,191,207,217,221,227,246,251,252,281,381,295,305,310,319,340,367,375,377
285:4,45,68,100,115,119,149,160,161,165,177,189,196,198,232,235,242,270,330,288,300,303,306,310,321,328,351,358,360
286:33,37,45,49,59,68,81,84,85,105,116,120,139,158,183,200,215,218,253,257,380,291,327,333,335,343,353,355,358,397,403,406
287:13,34,47,90,110,116,123,150,162,167,183,187,189,196,210,235,255,257,266,267,274,297,291,295,306,328,331,332,339,341,348,363,367,370,387,388,391
288:10,11,13,17,29,41,46,49,57,96,97,103,117,126,133,179,182,219,233,236,240,245,260,285,365,290,295,304,311,329,336,347,349,354,371
289:1,12,21,25,57,76,81,106,119,134,139,143,151,200,219,251,262,263,407,314,347,358,361,365,388,393,400,401,402,404
290:7,12,16,21,26,33,78,90,101,103,104,110,112,118,121,133,157,158,163,177,228,236,237,243,250,268,288,304,294,317,324,351,355,359,377,387,390,393,400,401,407
291:26,29,38,45,49,72,77,78,102,122,133,145,149,161,162,194,223,230,241,250,253,260,262,276,280,286,287,388,300,301,346,370,371,387
292:9,17,35,57,90,120,130,146,162,167,173,196,206,234,238,245,263,353,298,313,327,336,357,378,382,405
293:3,25,37,40,54,74,85,119,132,156,186,202,204,215,219,247,250,253,402,323,324,335,351,354,363,369,386,396
294:5,18,29,40,45,54,62,70,72,75,90,104,128,142,147,156,175,197,236,249,283,290,391,300,307,311,312,324,340,364,395,408
295:10,16,17,26,36,43,80,83,84,94,113,116,132,137,142,161,166,174,175,178,187,229,236,251,255,270,284,287,288,409,303,317,333,342,365,377
296:17,22,29,61,67,68,81,99,103,116,125,128,139,150,154,159,160,168,174,178,214,229,237,241,271,272,276,278,318,298,312,334,347,364,382,387,396,397,407
297:3,25,45,49,58,63,70,73,77,84,94,114,122,132,161,166,169,172,176,182,199,206,220,229,287,387,305,308,316,321,330,352,354,363,398,399,403
298:10,12,22,30,32,34,67,72,75,79,110,111,118,125,141,143,145,167,179,182,192,199,201,207,226,229,232,249,252,256,262,263,264,265,267,292,296,373,300,306,340,342,343,356,393,394,395
299:1,21,28,47,63,67,83,85,89,93,106,119,127,131,136,159,160,161,176,196,219,225,229,234,262,367,303,318,330,337,339,348,358,365,377,379,382,407
300:10,22,24,32,79,81,101,105,111,131,139,143,155,163,178,183,218,222,228,232,242,254,259,285,291,294,298,398,307,317,326,347,351,373,375,389
301:1,23,30,45,47,63,78,85,86,100,105,112,116,142,155,158,169,186,202,214,240,241,248,259,262,291,353,327,350,361,383,408
302:18,31,37,40,69,75,85,100,107,112,118,120,123,126,129,135,143,153,164,173,193,206,217,234,235,238,243,249,256,265,278,363,326,349,357,370,379,388,390,397,403,408
303:11,50,51,64,66,68,109,113,119,123,157,187,198,204,232,233,246,257,266,270,275,285,295,299,324,305,308,316,338,342,352,356,383,391
304:6,20,37,41,43,77,89,100,121,122,124,136,154,161,167,175,205,220,222,225,230,236,240,243,252,258,271,274,283,288,290,306,313,333,341,354,362,366,367,377,391,402
305:24,44,45,50,87,93,105,106,109,111,114,118,124,145,181,214,231,241,284,297,303,367,333,341,352,368,375,400,409
306:3,7,15,24,37,45,51,60,70,100,102,116,123,135,143,151,168,177,187,194,199,200,234,242,243,259,260,264,285,287,298,304,379,307,313,322,323,330,349,352,359,368,371,372,387,392
307:1,28,34,53,60,63,93,110,116,135,146,149,150,164,170,186,209,212,233,238,239,254,257,261,274,294,300,306,320,316,333,341,353,360,362,405,407,409
308:0,3,6,13,17,33,34,50,52,64,76,79,94,98,103,105,138,139,148,154,157,165,170,179,181,232,243,252,262,277,297,303,361,324,350,356,364,394,408
309:23,41,56,70,91,95,110,127,134,137,151,156,162,230,240,253,259,320,321,340,343,365,380,392
310:2,5,10,21,27,31,80,92,100,107,114,118,122,125,131,140,146,160,161,188,196,223,240,253,259,276,284,285,335,340,346,362,380,391,394
311:1,15,34,44,55,60,64,67,79,83,86,132,142,154,199,209,217,237,252,271,272,275,288,294,409,316,319,320,332,336
312:0,8,26,33,44,52,66,83,91,100,111,112,201,208,213,229,235,243,262,294,296,317,328,336,352,361,364,365,374,375,378,381,390
313:13,19,34,45,60,86,93,95,116,123,125,144,177,210,218,234,239,254,259,260,268,270,274,280,292,304,306,346,323,366,385,392,400
314:1,9,21,27,29,85,90,95,114,134,145,149,154,165,179,193,195,199,205,217,238,240,266,268,289,355,317,320,322,327,347,356,360,362,370,400
315:0,1,4,20,57,73,87,96,103,120,167,177,220,226,228,229,235,248,346,317,326,329,334,339,350,358,406
316:15,33,46,49,56,76,85,90,105,117,119,140,143,157,160,171,179,191,196,202,203,216,217,228,243,244,256,263,276,297,303,307,311,354,340,368,371,392,407
317:24,38,51,53,60,62,67,71,77,81,103,109,121,142,152,161,162,173,187,200,202,226,231,237,240,241,247,250,254,267,270,290,295,300,312,314,315,377,334,339,341,352,384,403
318:0,36,45,51,67,84,104,119,121,123,142,145,148,155,162,164,166,169,173,176,184,191,193,208,213,220,226,230,254,265,272,283,296,299,371,322,331,355,372,376,395
319:5,18,28,50,58,67,79,89,100,104,122,128,155,168,171,193,210,222,232,244,252,254,257,266,284,311,388,334,346,363,373,379,392,403,409
320:35,56,66,78,89,93,96,110,114,132,144,157,159,181,211,226,235,245,265,282,307,309,311,314,331,323,328,333,350,353,367,403
321:3,17,23,26,53,60,79,82,92,94,98,102,105,125,128,130,140,146,147,149,158,186,211,217,219,227,254,264,277,281,285,297,309,322,358,367,371,388,393,398,408
322:9,27,30,38,60,71,92,118,121,130,134,136,137,142,188,190,212,217,220,229,236,243,264,265,306,314,318,321,404,333,342,353,357,372,375,397,408
323:33,40,48,60,65,82,90,104,117,122,137,146,155,167,193,225,228,232,235,275,293,306,313,320,330,344,366,376,381,382,387,396,399
324:22,23,25,47,57,65,67,79,81,83,95,101,107,121,167,179,180,185,186,221,235,245,249,257,290,293,294,303,308,405,350,351,374,398
325:8,18,19,28,30,37,42,81,82,85,98,126,129,136,141,152,154,159,199,203,209,220,221,224,227,237,257,273,276,402,332,335,358,362,369,378,385
326:5,10,33,58,62,64,71,86,92,105,113,121,130,133,149,154,159,173,176,178,180,204,210,213,232,300,302,315,342,344,346,390,393
327:0,6,11,34,44,53,112,125,144,145,169,209,223,242,252,280,286,292,301,314,328,333,340,361,366,367,377,398,403,404,407
328:31,41,58,72,84,87,91,134,162,206,213,217,239,245,251,256,259,262,285,287,312,320,327,404,370,382,383,387,391,397,408
329:5,19,45,49,51,56,67,71,106,109,114,120,136,142,149,152,172,176,179,180,184,192,197,200,221,231,243,280,288,315,399,332,334,335,368,369,370,372,374,390,396,407,408
330:1,6,7,11,96,102,107,112,114,134,154,166,184,198,201,221,225,235,245,267,281,285,297,299,306,323,348,335,337,355,379,384,393,396,398,407
331:2,16,26,29,45,74,81,83,99,138,143,153,158,164,175,190,198,201,208,212,218,222,223,230,250,276,287,318,320,388,349,362,364,366,381,384,390,394,402
332:2,6,31,45,46,63,73,101,109,111,114,116,124,144,145,147,157,172,194,195,201,211,227,262,287,311,325,329,378,356,360,385,387,389,398,404
333:3,23,29,34,43,66,85,93,111,115,126,130,138,148,149,155,190,206,208,215,219,220,232,235,238,262,275,286,295,304,305,307,320,322,327,388,341,343,364,370,378,394
334:23,33,38,39,43,57,92,107,113,130,136,157,166,167,190,206,258,267,296,315,317,319,329,400,367,376,380,387,396,397,407
335:17,25,60,66,74,77,92,94,102,115,140,155,161,169,173,178,183,184,185,194,218,236,237,247,248,286,293,310,325,329,330,349,340,360,362,379,385,399
336:6,8,14,27,55,57,83,86,87,109,118,133,155,187,216,231,240,250,258,283,288,292,311,312,382,346,362,392,401,403,409
337:41,76,94,106,107,122,146,147,182,195,199,207,209,216,226,236,239,244,248,282,299,330,372,342,363,368,373,386
338:7,10,14,17,31,36,53,68,69,82,92,132,139,152,158,162,171,200,229,278,283,303,374,339,343,354,363,365,379
339:1,21,29,49,54,59,63,65,69,70,80,90,112,143,146,148,153,168,204,208,217,219,222,223,224,251,275,276,281,287,299,315,317,338,365,373,397,398
340:17,25,26,27,32,50,71,73,121,147,152,153,165,185,189,197,201,212,231,244,247,250,254,257,261,279,284,294,298,309,310,316,327,335,400,345,355,375,409
341:59,60,68,70,103,105,115,121,122,162,177,187,207,208,214,223,231,239,246,247,266,287,304,305,307,317,333,396,353,364,374,394,404
342:18,29,36,52,116,125,126,129,131,144,160,184,192,198,224,228,233,244,250,268,274,281,295,298,303,322,326,337,396,359,360,363,365,387,392,395
343:0,25,37,42,46,101,102,103,111,160,162,188,198,233,256,258,265,266,267,268,286,298,309,333,338,404,349,354,358,387,389,397,406
344:29,58,64,68,73,83,97,101,107,127,129,139,145,151,163,172,211,212,230,252,269,323,326,363,359,361,370,374,393,395,400,404
345:2,8,54,58,62,92,99,108,113,122,144,160,164,177,179,188,192,207,223,244,250,281,340,369,347,366,373,380,395
346:42,45,48,50,65,72,91,96,101,111,113,137,162,165,167,173,205,208,215,240,243,244,258,269,270,283,291,310,313,315,319,326,336,389,349,366,383,387,391,392
347:7,31,39,45,46,85,109,119,193,198,202,225,243,247,265,288,289,296,300,314,345,370,349,366,407
348:15,17,18,19,23,44,45,49,65,75,98,99,103,113,117,133,134,144,154,181,190,232,235,236,243,247,259,279,287,299,330,359,353,356,391,393,406
349:8,15,16,32,41,73,84,89,91,98,112,136,145,157,161,174,176,183,184,221,222,255,262,288,302,306,331,335,343,346,347,358,354,355,376,378,384,395
350:6,52,59,66,72,77,96,129,165,171,179,189,191,198,233,236,259,260,274,301,308,315,320,324,362,351,381
351:8,14,23,26,30,47,52,65,81,113,116,130,138,158,166,176,177,180,192,214,225,237,238,261,281,285,290,293,300,324,350,381,354,378,379,389
352:0,15,25,46,80,116,131,136,149,156,161,163,177,178,179,185,198,220,224,229,231,265,277,297,303,305,306,312,317,368,365,375,377,404,409
353:14,19,35,49,64,91,94,96,123,128,134,135,174,209,212,263,271,277,286,292,301,307,320,322,341,348,397
354:0,5,11,18,28,33,36,52,55,64,80,88,93,102,113,119,129,152,162,170,188,198,202,247,257,271,275,281,288,293,297,304,316,338,343,349,351,408,366,367,376
355:11,15,23,26,45,61,84,103,112,115,125,153,157,174,200,207,218,246,262,267,268,269,286,290,314,318,330,340,349,404,378,381,400,408
356:2,8,31,50,70,82,98,112,134,136,148,163,198,212,219,230,254,282,298,303,308,314,332,348,390,367,371,374,389,391
357:10,11,14,17,28,45,65,68,79,101,127,138,174,179,181,187,216,218,228,240,247,255,256,261,264,292,302,322,382,364,371,394,400
358:9,15,28,44,48,51,52,65,71,73,76,91,108,110,112,129,136,150,152,178,184,190,203,224,253,276,278,285,286,289,299,315,321,325,343,349,370,373,386
359:8,9,17,24,29,41,55,96,105,113,116,117,133,141,147,170,194,212,227,280,290,306,342,344,348,383,365,371,378,396,399,402
360:14,15,24,36,47,55,57,61,77,85,138,172,181,194,212,214,216,221,228,253,261,262,263,264,270,275,283,285,307,314,332,335,342,371,375
361:4,5,68,86,115,118,122,137,142,143,167,179,225,228,241,273,276,289,301,308,312,327,344,402,391,392,398
362:5,12,36,41,44,49,52,60,70,96,112,113,125,134,141,156,176,179,180,198,211,261,304,307,310,314,325,331,335,336,350,385,386,387,399,400,404,406
363:18,33,43,60,67,71,110,134,150,157,166,173,176,178,191,192,203,220,234,245,246,287,293,297,302,319,337,338,342,344,382,366,373,395,408
364:1,20,29,53,56,59,65,72,98,120,125,166,203,212,213,220,235,267,273,294,296,308,312,331,333,341,357,405,383,384
365:9,15,22,23,33,58,69,103,153,166,167,171,176,202,204,223,242,251,260,265,266,271,273,277,288,289,295,299,309,312,338,339,342,352,359,383,372,377,380,385,397,399
366:10,12,14,58,59,78,79,93,111,116,121,150,151,159,177,194,209,212,221,232,240,248,249,252,276,304,313,323,327,331,345,346,347,354,363,374,381
367:19,21,25,83,86,100,133,135,140,160,176,195,213,231,235,242,253,263,265,270,283,284,287,299,304,305,320,321,327,334,354,356,401,377,378,391
368:22,24,34,41,85,93,97,98,99,101,168,176,189,209,215,228,252,254,256,263,266,271,280,305,306,316,329,337,352,380,391,397
369:30,36,45,61,62,65,69,75,83,86,118,124,140,142,147,149,151,157,212,232,249,265,293,325,329,345,387,378,386,391,392
370:2,23,68,74,80,86,98,111,114,123,155,164,169,177,188,207,214,215,263,264,266,270,287,291,302,314,328,329,333,344,347,358,386,380
371:24,40,42,52,65,68,87,94,115,146,155,159,163,166,181,216,227,237,248,249,266,278,288,291,306,316,318,321,356,357,359,360,398,375,379,380
372:9,13,21,24,35,45,47,58,103,104,136,141,154,166,173,177,185,186,187,218,250,256,268,280,306,318,322,329,337,365,403,388
373:7,11,24,26,34,43,53,58,83,87,96,102,119,141,143,149,195,202,210,224,226,257,275,282,298,300,319,337,339,345,358,363,406,376,381,396,400,401,402,409
374:10,12,21,33,48,68,94,110,117,124,142,148,154,182,199,207,211,226,227,258,267,271,312,324,329,338,341,344,356,366,408,381,382,407
375:0,4,11,72,97,105,116,118,149,151,175,176,187,188,190,197,199,218,254,275,284,300,305,312,322,340,352,360,371,407,378
376:13,23,38,48,71,94,98,110,116,132,163,176,178,189,191,192,205,261,318,323,334,349,354,373,408,379,383,389,399,402,406
377:1,7,8,25,41,49,58,66,70,74,95,161,172,195,198,201,210,226,260,281,284,290,295,299,304,317,327,352,365,367,381,393,401,402,406
378:18,30,47,50,76,86,109,111,117,128,131,133,141,142,146,154,158,200,205,211,245,252,253,254,256,257,262,267,269,274,292,312,325,332,333,349,351,355,359,367,369,375,387,384,386,388
379:20,38,42,49,112,138,150,164,172,179,190,203,204,214,218,220,233,236,240,299,302,306,319,330,335,338,351,371,376,402,392,399,406,407
380:3,13,39,40,58,61,79,82,83,93,94,103,106,112,146,160,167,232,233,241,247,261,269,270,286,309,310,334,345,365,368,370,371,397,386,389,406
381:6,37,47,60,74,97,147,152,215,222,224,232,240,252,262,267,279,284,312,323,331,350,351,355,366,373,374,377,403,393,399,409
382:8,15,21,39,51,59,70,71,79,94,108,117,118,127,133,138,145,156,214,222,224,232,235,238,244,245,252,280,292,296,299,323,328,336,357,363,374,386,390
383:21,24,38,53,61,81,83,86,88,101,102,103,109,146,148,153,157,170,189,194,195,198,206,207,217,221,234,250,251,252,256,301,303,328,346,359,364,365,376,395,392,404
384:29,40,41,47,50,57,72,101,109,125,150,152,159,166,179,182,184,186,188,209,227,228,237,238,256,267,283,317,330,331,349,364,378,407,395
385:11,32,39,62,70,75,95,102,133,137,141,158,162,166,169,182,184,217,229,237,259,313,325,332,335,362,365,390
386:6,9,26,32,44,55,67,71,77,98,107,122,139,143,152,154,177,184,189,191,242,255,270,293,337,358,362,369,370,378,380,382,403,404,405,409
387:19,24,28,37,62,73,75,106,113,143,145,146,149,165,166,185,191,197,200,204,209,217,230,231,233,239,264,287,290,291,296,297,306,323,328,332,334,342,343,346,362,369,378,389
388:9,14,20,24,26,28,50,63,78,80,83,90,135,161,172,178,188,212,245,287,289,291,302,319,321,331,333,372,378,407,409
389:12,25,28,87,88,104,128,132,136,141,172,183,199,215,216,218,244,245,252,260,276,282,283,300,332,343,346,351,356,376,380,387,395,394
390:37,46,64,75,86,88,108,122,125,132,135,137,139,140,142,143,155,169,170,175,183,225,232,233,235,247,261,262,263,275,290,302,312,326,329,331,356,382,385,392,399
391:12,21,28,35,69,71,84,101,108,114,115,129,188,206,209,214,247,250,287,294,303,304,310,328,346,348,356,361,367,368,369,397
392:1,9,28,32,39,61,65,94,118,136,142,150,156,160,167,178,184,203,213,214,227,228,233,236,237,242,259,275,283,306,309,313,316,319,336,342,346,361,369,379,383,390,403,397,401,404,409
393:30,31,44,64,100,112,148,176,182,186,198,228,250,267,289,290,298,321,326,330,344,348,377,381,405,396,397
394:17,29,48,57,82,84,106,107,118,126,129,134,153,158,162,171,188,199,211,215,232,234,235,247,253,255,260,265,298,308,310,331,333,341,357,389,402,401,408
395:0,21,25,35,53,68,75,86,90,123,130,148,149,171,181,184,190,192,198,231,238,242,257,259,276,294,298,318,342,344,345,349,363,383,384,389,398,400
396:13,32,35,58,65,72,83,100,122,129,130,132,139,145,153,155,158,178,184,206,207,238,258,260,266,293,296,323,329,330,334,341,342,359,373,393,399,397
397:6,24,28,37,38,65,76,98,99,107,109,124,128,130,171,191,213,214,215,230,247,276,279,286,296,302,322,328,334,339,343,353,365,368,380,391,392,393,396,399,398,401
398:5,6,7,9,26,33,46,57,65,77,85,126,153,158,184,187,212,234,238,273,297,300,321,324,327,330,332,339,361,371,395,397,403
399:10,11,21,44,47,56,73,86,95,100,104,120,134,139,141,165,185,203,223,245,247,256,274,297,323,329,335,359,362,365,376,379,381,390,396,397,407
400:20,27,37,43,79,88,94,112,135,144,168,171,177,181,198,203,223,224,239,241,247,254,289,290,305,313,314,334,340,344,355,357,362,373,395,402
401:3,6,7,13,21,24,27,46,56,58,111,119,125,136,146,158,166,169,197,221,239,248,254,260,277,282,283,289,290,336,367,373,377,392,394,397,409
402:32,42,43,55,70,76,90,98,110,134,154,160,163,173,197,232,236,237,282,283,289,293,304,325,331,359,361,373,376,377,379,394,400,405,403,409
403:1,13,39,40,44,45,61,68,69,102,119,150,152,157,191,198,202,220,223,255,277,278,282,286,297,302,317,319,320,327,336,372,381,386,392,398,402,407
404:24,32,60,82,84,89,120,123,132,143,151,155,156,186,192,217,223,236,253,272,289,322,327,328,332,341,343,344,352,355,362,383,386,392,405
405:7,26,31,82,106,107,128,131,132,133,146,147,152,164,167,179,224,245,263,292,307,324,364,386,393,402,404,409
406:0,16,19,25,109,110,116,124,183,217,244,247,252,253,254,258,269,278,286,315,343,348,362,373,376,377,379,380,407
407:69,73,76,79,86,87,88,96,99,102,110,116,119,120,122,130,131,138,139,141,163,167,191,205,247,258,268,270,281,289,290,296,299,307,316,327,329,330,334,347,374,375,379,384,388,399,403,406,409
408:28,41,59,75,78,79,81,83,90,96,99,101,119,121,125,126,153,158,166,178,191,208,213,228,244,256,263,269,271,273,294,301,302,308,321,322,328,329,354,355,363,374,376,394,409
409:75,83,92,93,101,111,117,122,136,158,165,167,174,184,200,201,206,210,218,230,238,248,262,267,268,273,295,305,307,311,319,336,340,352,373,381,386,388,392,401,402,405,407,408
