0:7,9,19,20,25,50,57,66,85,89,103,121,124,129,133,142,150
1:66,4,16,18,22,40,46,52,71,76,78,82,96,98,106,135,137,139,145,149
2:78,3,15,55,58,64,84,89,92,103,112,114,116,117,131,143,144,153,157
3:2,94,7,10,19,33,40,51,60,66,67,69,73,89,90,109,125,133,141,143,153,154,155
4:1,112,11,40,43,56,70,84,91,97,100,103,108,139,141,151,152,156
5:83,12,22,23,25,35,47,63,75,85,105,114,131,147,148,149
6:154,10,12,16,22,24,52,68,77,80,81,82,97,100,115,121,123,124,128,134,144,146
7:0,3,81,11,18,21,24,25,44,49,54,58,64,70,78,83,92,101,107,110,118,122,125,126,131,133,148,152
8:67,9,14,21,34,36,47,55,74,93,96,97,100,106,109,119,122,134,136,138,141,142
9:0,8,125,22,23,37,43,44,76,83,84,99,102,110,114,116,123,133,139,154
10:3,6,89,29,36,56,61,69,73,76,82,124,131,140,143,147,149,153
11:4,7,142,17,18,43,57,61,81,97,106,116,129,144,148,149,150,151,155
12:5,6,126,14,17,33,45,48,54,56,70,72,83,88,103,106,108,129,130,143,156
13:156,17,39,41,44,48,58,59,67,76,95,99,107,110,120,141,142,143,149,157,158
14:8,12,112,16,29,31,33,34,44,54,62,67,75,91,92,98,107,115,123,124,126,128,129,136,141,152,158
15:2,49,30,33,41,45,47,67,73,79,89,93,96,100,111,123,131,132,154,155,158
16:1,6,14,146,33,35,36,37,61,68,80,87,95,111,118,119,136,142,148
17:11,12,13,141,31,41,45,50,52,60,65,68,78,86,98,112,128,158,159
18:1,7,11,110,19,50,66,96,125,136,146,159
19:0,3,18,66,22,30,40,77,100,103,157
20:0,129,25,26,28,33,50,58,94,104,106,109,116,117,152
21:7,8,142,26,37,40,52,79,91,105,106,113,122,141,147,152,153
22:1,5,6,9,19,52,41,42,46,51,56,60,65,79,90,95,112,114,155,157
23:5,9,98,24,32,50,51,52,59,68,85,90,93,97,104,106,123,132,134,147,149
24:6,7,23,159,35,49,60,83,84,87,93,100,119,122,130,141,157
25:0,5,7,20,82,29,36,40,46,48,49,68,73,74,77,100,105,112,118,139,141
26:20,21,96,28,33,46,47,57,67,68,71,72,75,80,81,101,104,114,118,125,128,148,153
27:112,33,38,39,42,51,54,57,59,61,66,68,76,82,86,127,138
28:20,26,143,40,42,43,50,56,65,68,75,83,94,112,117,123,131,140,149,151
29:10,14,25,51,52,56,73,91,113,117,120,134,136,143,144
30:15,19,103,38,40,41,57,59,61,62,91,97,106,115,125,138,148,151,153,158
31:14,17,109,32,34,39,43,53,54,56,60,64,75,85,87,88,105,114,122,124,135,137,140
32:23,31,127,34,44,55,56,60,73,78,90,103,109,110,120,136,143,151,155
33:3,12,14,15,16,20,26,27,37,35,48,54,63,66,78,93,94,96,102,109,132,134,136,148
34:8,14,31,32,121,39,57,61,100,109,123,134,141,142,149
35:5,16,24,33,57,42,47,51,56,68,71,74,76,85,93,99,106,124,137,142,152,159
36:8,10,16,25,48,38,41,42,54,66,77,83,102,124,138,144,148,158
37:9,16,21,33,43,61,65,66,68,70,74,75,76,79,82,83,86,107,109,123,148,149,150,153
38:27,30,36,64,40,41,72,73,96,99,101,113,120,126,128,134,149,150,156
39:13,27,31,34,116,47,50,57,60,61,63,80,82,88,112,130,134,135,139,145,158
40:1,3,4,19,21,25,28,30,38,113,55,68,71,72,86,98,101,102,122,127,132,137,143,153,159
41:13,15,17,22,30,36,38,120,59,61,67,69,71,80,86,89,90,109,125,137,138,157,158,159
42:22,27,28,35,36,61,45,46,52,55,64,69,92,98,112,114,117,141,145,151,152
43:4,9,11,28,31,37,79,48,54,60,91,92,93,96,98,103,108,122,136,139,141,151,157
44:7,9,13,14,32,94,54,56,67,70,73,77,84,92,95,98,122,140,146,150
45:12,15,17,42,107,58,87,98,104,106,110,111,134,146,148,150,155
46:1,22,25,26,42,100,57,74,79,86,92,101,108,114,141,158
47:5,8,15,26,35,39,136,57,83,89,91,95,104,114,120,122,127,128,132,139,155,158,159
48:12,13,25,33,36,43,118,49,52,61,63,65,70,73,80,91,104,108,120,150,154
49:7,15,24,25,48,83,51,63,81,86,89,97,107,116,125,151,155,157
50:0,17,18,20,23,28,39,138,70,79,97,102,105,111,130,139,141,152,159
51:3,22,23,27,29,35,49,66,70,85,90,105,112,115,117,121,124,127,132,133,136,146,153,156
52:1,6,17,21,22,23,29,42,48,115,54,57,61,70,77,81,83,118,120,129,132,133,135,142,150
53:31,108,59,64,69,70,71,82,84,95,98,103,119,123,124,132,133,158
54:7,12,14,27,31,33,36,43,44,52,77,59,63,66,95,130,147,152,153
55:2,8,32,40,42,56,72,75,79,82,92,99,108,138,142,148,149,154
56:4,10,12,22,28,29,31,32,35,44,55,156,62,65,66,70,80,87,97,114,139,142
57:0,11,26,27,30,34,35,39,46,47,52,64,61,67,73,74,75,82,91,114,115,120,122,128,144,145,150,151,157
58:2,7,13,20,45,124,60,61,63,69,75,77,108,110,112,120,121,122,123,133,149,150,157
59:13,23,27,30,41,53,54,152,62,84,85,93,99,106,120,127,130,134,137,144
60:3,17,22,24,31,32,39,43,58,99,76,82,88,89,91,92,96,101,109,131,138,144,146
61:10,11,16,27,30,34,37,39,41,42,48,52,57,58,88,66,69,70,97,107,108,114,120,121,125,129,137,141,149,157
62:14,30,56,59,107,74,75,83,86,87,88,99,101,116,133,138,139,151,155,157
63:5,33,39,48,49,54,58,104,72,84,101,108,110,112,117,138,142,146,152,153
64:2,7,31,38,42,53,57,118,76,80,83,93,103,115,116,133,143,157
65:17,22,28,37,48,56,151,67,76,90,95,115,143,145,152,156
66:0,1,3,18,19,27,33,36,37,51,54,56,61,82,98,102,109,119,120,132,145,152,155
67:3,8,13,14,15,26,41,44,57,65,121,80,83,101,127,128,142,153,158
68:6,16,17,23,25,26,27,28,35,37,40,115,82,95,96,100,109,117,132,141,147
69:3,10,41,42,53,58,61,156,81,90,93,105,108,116,129,140,142
70:4,7,12,37,44,48,50,51,52,53,56,61,81,78,103,107,125,134,139,144,149,152,153
71:1,26,35,40,41,53,143,74,76,87,104,106,116,121,123,125,132,138,139,140,148
72:12,26,38,40,55,63,100,88,91,98,99,103,108,114,130,132,134,135,138,157,159
73:3,10,15,25,29,32,38,44,48,57,114,90,93,95,97,105,107,116,121,123,131,133,138,149,151,153,155
74:8,25,35,37,46,57,62,71,135,87,88,89,92,94,106,107,108,111,112,124,130,132,139,143,145
75:5,14,26,28,31,37,55,57,58,62,98,92,94,96,107,110,112,113,121,132,135,136,150,158
76:1,9,10,13,27,35,37,60,64,65,71,136,77,84,87,89,107,122,135,145,147,150,157,159
77:6,19,25,36,44,52,54,58,76,87,78,86,92,106,110,125,137,142,147,153
78:1,2,7,17,32,33,70,77,90,79,87,108,113,116,132,134,136,141,146,155
79:15,21,22,37,43,46,50,55,78,122,91,104,111,128,131,135,137,148,156
80:6,16,26,39,41,48,56,64,67,121,82,85,87,94,96,97,109,114,135,159
81:6,7,11,26,49,52,69,70,149,100,104,108,116,121,125,136,153
82:1,6,10,25,27,37,39,53,55,57,60,66,68,80,139,93,105,109,114,116,129,132,136,145,148
83:5,7,9,12,24,28,36,37,47,49,52,62,64,67,117,91,92,94,108,118,126,129,140,153
84:2,4,9,24,44,53,59,63,76,87,92,98,100,112,115,116,125,132,139,152
85:0,5,23,31,35,51,59,80,91,89,95,98,100,102,120,129,131,140,144
86:17,27,37,40,41,46,49,62,77,90,93,99,102,111,114,123,127,139,140,141,144,152
87:16,24,31,45,56,62,71,74,76,77,78,80,84,125,93,100,140,147,152
88:12,31,39,60,61,62,72,74,108,91,122,124,138,148
89:0,2,3,10,15,41,47,49,60,74,76,85,106,93,94,95,99,104,107,109,110,113,121,129,138,140,149,150,157,159
90:3,22,23,32,41,51,65,69,73,78,86,141,94,101,122,137,148
91:4,14,21,29,30,43,47,48,57,60,72,79,83,85,88,98,95,104,115,129,134,148,158
92:2,7,14,42,43,44,46,55,60,74,75,77,83,84,133,104,106,124,132,137
93:8,15,23,24,33,35,43,59,64,69,73,82,86,87,89,97,95,104,108,133,138,158
94:3,20,28,33,44,74,75,80,83,89,90,141,95,101,102,114,126,135,142,147,148,149,154,158
95:13,16,22,44,47,53,54,65,68,73,85,89,91,93,94,130,106,119,129,131,135,140,153
96:1,8,15,18,26,33,38,43,60,68,75,80,110,107,109,117,145,153,159
97:4,6,8,11,23,30,49,50,56,61,73,80,93,140,120,142,153,157
98:1,14,17,23,40,42,43,44,45,53,66,72,75,84,85,91,149,125,130,131,139,143,150,151,158
99:9,13,35,38,55,59,60,62,72,86,89,100,106,107,117,119,146,147,152
100:4,6,8,15,19,24,25,34,46,68,72,81,84,85,87,99,124,103,112,113,142,153
101:7,26,38,40,46,60,62,63,67,90,94,128,103,104,112,123,125,129,131,140,156,159
102:9,33,36,40,50,66,85,86,94,155,109,111,120,133,142,151,156,158,159
103:0,2,4,12,19,30,32,43,53,64,70,72,100,101,146,113,114,122,137,144,145,158,159
104:20,23,26,45,47,48,63,71,79,81,89,91,92,93,101,153,123,124,127,133,139,140,143,144,145
105:5,21,25,31,50,51,69,73,82,150,111,138,143,144,146,156
106:1,8,11,12,20,21,23,30,35,45,59,71,74,77,89,92,95,99,156,107,116,129,138,149,158
107:7,13,14,37,45,49,61,62,70,73,74,75,76,89,96,99,106,138,124,136,139,152
108:4,12,43,46,48,53,55,58,61,63,69,72,74,78,81,83,88,93,130,116,122,125,127,131,152,153
109:3,8,20,31,32,33,34,37,41,60,66,68,80,82,89,96,102,144,118,125,139,156,159
110:7,9,13,18,32,45,58,63,75,77,89,96,121,113,114,124,135,138,144,157
111:15,16,45,50,74,79,86,102,105,126,121,124,134,144,145,148,150
112:2,4,14,17,22,25,27,28,39,42,51,58,63,74,75,84,100,101,150,115,127,146
113:21,29,38,40,75,78,89,100,103,110,145,114,116,118,119,139,140,144,153
114:2,5,9,22,26,31,42,46,47,56,57,61,72,73,80,82,86,94,103,110,113,134,147,149
115:6,14,30,51,52,57,64,65,68,84,91,112,141,130,145,146,149,153,155,159
116:2,9,11,20,39,49,62,64,69,71,73,78,81,82,84,106,108,113,135,117,127,147
117:2,20,28,29,42,51,63,68,83,96,99,116,144,120,126,130,132
118:7,16,25,26,48,52,64,83,109,113,120,122,129,145,158
119:8,16,24,53,66,95,99,113,129,128,133,143,159
120:13,29,32,38,41,47,48,52,57,58,59,61,66,85,97,102,117,118,139,123,142,146,151,153,155,157
121:0,6,34,51,58,61,67,71,73,75,80,81,89,110,111,131,130,143,151,158
122:7,8,21,24,31,40,43,44,47,57,58,76,79,88,90,103,108,118,125,130,132,133,136,142,147,154,157
123:6,9,14,15,23,28,34,37,53,58,71,73,86,101,104,120,147,126,133,138,141,150,156
124:0,6,10,14,31,35,36,51,53,58,74,88,92,100,104,107,110,111,153,136,148,150,151
125:3,7,9,18,26,30,41,49,61,70,71,77,81,84,87,98,101,108,109,122,157,141
126:7,12,14,38,83,94,111,117,123,141,153
127:27,32,40,47,51,59,67,86,104,108,112,116,138,133,137,141,157
128:6,14,17,26,38,47,57,67,79,101,119,143,130,134,136,138,151,159
129:0,11,12,14,20,52,61,69,82,83,85,89,91,95,101,106,118,119,153,132,149,150,157
130:12,24,39,50,54,59,72,74,95,98,108,115,117,121,122,128,146,147,151,159
131:2,5,7,10,15,28,60,73,79,85,95,98,101,108,121,143,149,152,155
132:15,23,33,40,47,51,52,53,66,68,71,72,74,75,78,82,84,92,117,122,129,142,138,152,153,155,157,159
133:0,3,7,9,51,52,53,58,62,64,73,92,93,102,104,119,122,123,127,154,135,141,142,146,149,152,155
134:6,8,23,29,33,34,38,39,45,59,70,72,78,91,111,114,128,137,154,155,159
135:1,31,39,52,72,74,75,76,79,80,94,95,110,116,133,140,145,146,152,155
136:8,14,16,18,29,32,33,43,47,51,75,76,78,81,82,107,122,124,128,141,146,147,153
137:1,31,35,40,41,59,61,77,79,90,92,103,127,134,144,141,145,146,149,155
138:8,27,30,36,41,50,55,60,62,63,71,72,73,88,89,93,105,106,107,110,123,127,128,132,140,142,156,158
139:1,4,9,25,39,43,47,50,56,62,70,71,74,82,84,86,98,104,107,109,113,120,149,152,153
140:10,28,31,44,69,71,83,85,86,87,89,95,97,101,104,113,135,138,153,156
141:3,4,8,13,14,17,21,24,25,34,42,43,46,50,61,68,78,86,90,94,115,123,125,126,127,133,136,137,150
142:0,8,11,13,16,21,34,35,52,55,56,63,67,69,77,94,97,100,102,120,122,132,133,138,144,148,157
143:2,3,10,12,13,28,29,32,40,64,65,71,74,98,104,105,119,121,128,131,146,145,151,159
144:2,6,11,29,36,57,59,60,70,85,86,103,104,105,109,110,111,113,117,137,142,150,149,155,156
145:1,39,42,57,65,66,74,76,82,96,103,104,111,113,115,118,135,137,143,152,149,151,156,159
146:6,16,18,44,45,51,60,63,78,99,103,105,112,115,120,130,133,135,136,137,143,159,158
147:5,10,21,23,54,68,76,77,87,94,99,114,116,122,123,130,136,158,152,153,159
148:5,7,11,16,26,30,33,36,37,45,55,71,79,82,88,90,91,94,111,124,142,154,149,151,152
149:1,5,10,11,13,23,28,34,37,38,55,58,61,70,73,81,89,94,98,106,114,115,129,131,133,137,139,144,145,148,152
150:0,11,37,38,44,45,48,52,57,58,75,76,89,98,105,111,112,123,124,129,141,144,156
151:4,11,28,30,32,42,43,49,57,62,65,73,98,102,120,121,124,128,130,143,145,148,156
152:4,7,14,20,21,35,42,50,54,59,63,65,66,70,84,86,87,99,107,108,131,132,133,135,139,145,147,148,149,154
153:2,3,10,21,26,30,37,40,51,54,63,67,70,73,77,81,83,95,96,97,100,104,108,113,115,120,124,126,129,132,136,139,140,147,159
154:3,6,9,15,48,55,94,122,133,134,148,152,155
155:3,11,15,22,32,45,47,49,62,66,73,78,102,115,120,131,132,133,134,135,137,144,154,158
156:4,12,13,38,51,56,65,69,79,101,102,105,106,109,123,138,140,144,145,150,151,159
157:2,13,19,22,24,41,43,49,57,58,61,62,64,72,76,89,97,110,120,122,125,127,129,132,142,158,159
158:13,14,15,17,30,36,39,41,46,47,53,67,75,91,93,94,98,102,103,106,118,121,138,146,147,155,157,159
159:17,18,24,35,40,41,47,50,72,76,80,89,96,101,102,103,109,115,119,128,130,132,134,143,145,146,147,153,156,157,158
