0:214,96,101
1:216,194
2:162,65,98,127,214
3:148,48,80
4:24,26,66,122
5:57,63,69
6:50,166
7:70,168,196
8:176,84,140
9:11,53,78,174
10:205,34
11:9,25,16,87,142,198,212
12:189,98,115,145
13:76,113,170
14:67,102,125
15:118,31,132
16:11,73,31
17:138,72,106,144,218
18:150,36,60,193
19:99,23,150,158,189
20:74,21,54
21:20,174,23,82,91,144,202
22:41,180,217
23:19,21,207,58,63,113,154,190,192
24:4,86,84,113,205
25:11,205,36,100,111,122,153
26:4,93,83,99,129,157
27:172,119,124,167
28:116,41,105,115
29:77,120,142,204,213,216
30:147,72,148,153
31:15,16,44,77,199
32:44,33,36,195
33:32,70,146,198
34:10,69,51,52,59,178,198
35:185,93,113,137,158
36:18,25,32,183,75
37:108,126,143,174,188
38:153,156,217
39:135,94
40:112,80,125
41:22,28,119,62,69,79
42:97,78,147
43:197,53,128,141,150,183,185,208
44:31,32,187
45:210,56,117,139,174,213
46:97,84,100,218
47:140,79
48:3,163
49:72,123,196
50:6,190,104,142,156,159,195
51:34,130,81,121,125,146,172
52:34,96
53:9,43,154,57,176
54:20,96
55:204,175,218
56:45,121,85,103,209
57:5,53,80,68,74,82,83,106
58:23,105,76,125
59:34,99,113,138,202
60:18,77,120
61:123,73,163,196
62:41,173,164
63:5,23,106,112,161,197,202
64:217,76
65:2,71
66:4,140,119,213
67:14,184,117
68:57,112
69:5,34,41,192,219
70:7,33,191,90,168
71:65,123,78,113,144,155
72:17,30,49,141,109,138,144
73:16,61,110,99,156
74:20,57,173,76,168,192
75:36,203,127,178
76:13,58,64,74,183,86,114,143
77:29,31,60,113,133,166,207
78:9,42,71,189,92,168,199
79:41,47,104
80:3,40,57,107,83,136,183
81:51,165,102,115,152,187
82:21,57,145
83:26,57,80,183
84:8,24,46,213,119
85:56,122,112,116,186
86:24,76,129,104
87:11,219,121,149
88:173,207
89:191,159
90:70,214
91:21,115,167,209
92:78,130,134,168,196,215
93:26,35,176,114,137,170
94:39,193,204
95:103,192
96:0,52,54,180,169,194
97:42,46,203,138,146,147,173
98:2,12,188,101,125,201
99:19,26,59,73,209
100:25,46,196,144,147,210
101:0,98,118,139
102:14,81,158,160,163,190
103:56,95,162,121,159,165
104:50,79,86,193
105:28,58,195,141,156,172
106:17,57,63,168,132,164,199,219
107:80,153,162,183,210
108:37,179,195,196
109:72,151,122,132
110:73,187,180
111:25,113
112:40,63,68,85,208
113:13,23,24,35,59,71,77,111,128
114:76,93,190,142
115:12,28,81,91,182,153,191,201,214
116:28,85,137,124
117:45,67,135,137,155
118:15,101,137,146
119:27,41,66,84,158,134,215
120:29,60,212,152
121:51,56,87,103,128,126,214
122:4,25,85,109,149,151,156
123:49,61,71,124,145,152
124:27,116,123,169,164
125:14,40,51,58,98,182
126:37,121,190,155,196,203
127:2,75,198,162
128:43,113,121,130
129:26,86,199,162
130:51,92,128,134,160,205
131:194,138
132:15,106,109,140,138
133:77,181,140
134:92,119,130,156,141,166
135:39,117,146,173
136:80,168,169
137:35,93,116,117,118,169,208
138:17,59,72,97,131,132,147,161
139:45,101,197,177
140:8,47,66,132,133,195,184
141:43,72,105,134,208
142:11,29,50,114,146,148,150,172,214
143:37,76,194,172,174,216
144:17,21,71,72,100,161
145:12,82,123,213,156,160,190
146:33,51,97,118,135,142,152,186
147:30,42,97,100,138,194
148:3,30,142,219,158
149:87,122,170
150:18,19,43,142,193,178
151:109,122,164
152:81,120,123,146,189
153:25,30,38,107,115,192,163
154:23,53,170,204
155:71,117,126,213,194
156:38,50,73,105,122,134,145,179
157:26,186,167
158:19,35,102,119,148,184
159:50,89,103,185,168
160:102,130,145,174,183,196
161:63,138,144,168
162:2,103,107,127,129,172
163:48,61,102,153,194
164:62,106,124,151,180,207
165:81,103,178
166:6,77,134,200
167:27,91,157,209
168:7,70,74,78,92,106,136,159,161,191
169:96,124,136,137,197
170:13,93,149,154,177
171:181,205
172:27,51,105,142,143,162,187,196
173:62,74,88,97,135,185
174:9,21,37,45,143,160,175,192,198
175:55,174,191,210
176:8,53,93,212
177:139,170,200
178:34,75,150,165,189,201,211
179:108,156,203
180:22,96,110,164,213,192
181:133,171,219,184
182:115,125,213,197
183:36,43,76,80,83,107,160,209
184:67,140,158,181,192
185:35,43,159,173,200,189
186:85,146,157,188
187:44,81,110,172,189
188:37,98,186,200
189:12,19,78,152,178,185,187,200
190:23,50,102,114,126,145,194
191:70,89,115,168,175,214
192:23,69,74,95,153,174,180,184,208
193:18,94,104,150,215
194:1,96,131,143,147,155,163,190,209,217
195:32,50,105,108,140,204
196:7,49,61,92,100,108,126,160,172,215
197:43,63,139,169,182,198
198:11,33,34,127,174,197,217,212
199:31,78,106,129,212
200:166,177,185,188,189,209
201:98,115,178,208
202:21,59,63,216
203:75,97,126,179,211
204:29,55,94,154,195,215
205:10,24,25,130,171,210,219
206:216,214
207:23,77,88,164,212
208:43,112,137,141,192,201,219
209:56,91,99,167,183,194,200,213
210:45,100,107,175,205,213
211:178,203,212
212:11,120,176,198,199,207,211,217
213:29,45,66,84,145,155,180,182,209,210,216
214:0,2,90,115,121,142,191,206,216
215:92,119,193,196,204,216
216:1,29,143,202,206,213,214,215,217
217:22,38,64,194,198,212,216,219
218:17,46,55,219
219:69,87,106,148,181,205,208,217,218
