0:157,50,51,59,131,180,185,210,212,215,219,299
1:157,39,80,96,122,171,184,243
2:183,15,97,114,189,223,304,306
3:129,47,53,117,142,233,263,292,295,303,305,315
4:223,8,66,78,79,90,98,101,205,251,284
5:290,24,44,50,59,83,140,159,218,231,249,254,261,274,288,307
6:48,9,32,60,66,72,80,115,166,207,214,243,260,261,269,314,315,319
7:150,8,47,63,93,114,190,222,269
8:4,7,255,18,35,106,189,211,234,244,248,273,303
9:6,45,93,109,117,142,233,251,257,269,282,290,297,300,309
10:183,26,33,35,41,54,73,120,189,203,211,213,268,317
11:241,19,30,54,57,83,166,256,291,298,318
12:234,25,53,58,104,118,175,177,190,192,194,209,211,226,240,260,301,315
13:147,42,51,72,92,234,235,248,259,305,309,310,319
14:66,46,57,94,98,107,162,163,185,188,194,195,225,227,246,262
15:2,317,34,89,124,125,140,176,195,205,206,260,283,299,302,316
16:37,43,54,99,155,157,173,192,202,226,263,300,301,315
17:281,48,83,97,104,126,130,199,227,244,300,308
18:8,100,52,53,162,167,193,219,240,272,292,311,317
19:11,253,27,86,104,123,147,217,218,229
20:313,61,98,117,121,152,154,160,293,311
21:142,51,61,89,91,118,129,226,242,268,279,287,315
22:121,67,72,119,168,191,199,223,225,234,244,280,284,289
23:188,64,72,139,170,189,218,255,287,292,298
24:5,191,25,48,52,63,69,127,178,242,276,292
25:12,24,290,75,83,91,115,128,130,173,190,259,275,305,310
26:10,80,28,67,106,139,158,167,170,180,197,240,259,276,283,291
27:19,169,76,85,94,123,147,166,201,292,311
28:26,54,46,80,111,117,173,177,178,180,217,225,280
29:182,57,74,86,89,96,118,151,180,232,250,254,260,310,312,317
30:11,222,51,105,118,145,164,197,202,215,221,230,292,305,310
31:126,86,97,98,132,135,141,146,204,254
32:6,272,84,126,171,198,214,236,265,286,317
33:10,70,65,79,93,99,103,134,135,140,172,174,192,194,196,199,204
34:15,59,47,57,72,97,116,222,238,267,286,293,302,319
35:8,10,283,50,66,70,132,133,173,194,217,249,277,289,304,306
36:159,73,75,87,109,150,254,295
37:16,286,38,46,80,89,98,229,240,247,312
38:37,317,98,107,122,192,246,268,276,293,302
39:1,200,53,94,106,166,207,214,218,256,270,279,289,299,306
40:79,221,238,246,267,270,296,312
41:10,288,83,143,180,266
42:13,49,44,60,68,94,110,155,163,181,182,218,301,306,315
43:16,174,124,149,192,199,214,249,271,307
44:5,42,266,110,133,137,138,183,255,304,312
45:9,212,110,113,225,234,268,314
46:14,28,37,211,57,68,124,136,147,157,163,168,178,210,216,225,229,230,238,269,272,308,315
47:3,7,34,311,52,62,122,182,204,206,209,297
48:6,17,24,204,50,56,58,63,128,129,136,155,244
49:42,128,105,137,187,197,222,226,235,242,261,272,314
50:0,5,35,48,56,82,135,157,163,166,210,214,223,247,259,265,266,301,314
51:0,13,21,30,262,52,57,70,78,91,125,128,131,183,214,220,228,240,305
52:18,24,47,51,261,104,106,144,185,232,234,254,305
53:3,12,18,39,309,61,62,63,87,122,133,277,284,315
54:10,11,16,28,268,65,129,131,220,239,242,257,296
55:121,134,145,198,208,209,210,217,254,279
56:48,50,210,61,74,87,143,166,174,192,200,243,275,305,317,318
57:11,14,29,34,46,51,205,87,92,93,106,127,168,180,286,312
58:12,48,235,79,90,132,162,177,186,195,227,230,297,298,305,313,315
59:0,5,34,314,61,106,109,119,127,128,150,155,160,188,201,244,319
60:6,42,83,134,148,160,164,189,201,232,288
61:20,21,53,56,59,68,78,96,129,131,172,191,213
62:47,53,80,73,81,82,231,234,298,300
63:7,24,48,53,298,71,121,130,146,153,157,173,220,312
64:23,142,68,113,120,161,181,277,280,309
65:33,54,255,87,99,104,114,116,127,147,158,174,195,206,223,239,243,273,290
66:4,6,14,35,145,231,236,281
67:22,26,277,96,99,117,230,239,244,269,284,295,297,298,308
68:42,46,61,64,127,85,123,151,162,163,239,252,273
69:24,149,97,109,128,230,270,274,298,301
70:33,35,51,87,98,105,138,148,152,205,236,249,278,309
71:63,120,85,106,145,146,167,169,176,196,218,231,289,300
72:6,13,22,23,34,276,87,89,100,110,112,172,206,217,236
73:10,36,62,199,178,259,280,293,303
74:29,56,152,104,149,170,225,239,249,309
75:25,36,123,91,92,202,219,254,255,262,285
76:27,137,85,95,97,139,168,181,208,217,246,261,267,281,292,300
77:314,130,147,163,164,175,228,233
78:4,51,61,270,154,284,291,307,319
79:4,33,40,58,193,109,120,129,131,151,158,198,236,242,259,278
80:1,6,26,28,37,62,209,83,84,98,102,119,120,132,236,241,306
81:62,197,93,94,134,151,192,213,227,285,286
82:50,62,274,87,138,141,185,188,210,297
83:5,11,17,25,41,60,80,94,115,116,137,151,153,213,227,244,284,304,318
84:32,80,129,85,121,146,175,189,208,221,280,291
85:27,68,71,76,84,304,90,92,167,201,289,297,306,310
86:19,29,31,104,88,91,105,123,146,166,167,293
87:36,53,56,57,65,70,72,82,214,106,117,164,169,183,199,245,268,284,300
88:86,221,92,116,191,192,208,228,278,283,302,312
89:15,21,29,37,72,129,91,92,123,179,180,220,222,240,295,312,313
90:4,58,85,235,117,120,127,176,185,196,199,201,226,243,273,275,276,283,284,291
91:21,25,51,75,86,89,202,110,140,151,209,224,232,249,255,256,274,276,303,315
92:13,57,75,85,88,89,204,105,107,122,155,164,190,231,262,284,289,290,303,304
93:7,9,33,57,81,161,101,107,110,116,144,155,189,213,269,277
94:14,27,39,42,81,83,282,95,159,251,263,300,304,309
95:76,94,183,129,158,162,184,187,218,242,244,276,282,318
96:1,29,61,67,227,109,114,128,213,239,274,275,276,291
97:2,17,31,34,69,76,153,102,104,143,185,243
98:4,14,20,31,37,38,70,80,229,101,109,125,145,170,186,190,191,213,226
99:16,33,65,67,243,113,155,163,187,209,229,240,255,293,313
100:18,72,266,106,132,141,162,181,208,212,220,238,255
101:4,93,98,308,102,127,166,174,185,189,215,246,291
102:80,97,101,238,152,220,222,259,313,317
103:33,262,108,110,126,152,187,234,237,248,267,293,312
104:12,17,19,52,65,74,86,97,270,131,145,152,182,241,247,279,316
105:30,49,70,86,92,151,122,127,135,215,233,266,274,296,303
106:8,26,39,52,57,59,71,87,100,230,125,156,161,169,192,211,269,279,295
107:14,38,92,93,263,136,138,154,177,180,182,205,214,270,276,288,299,303
108:103,304,177,226,253,300
109:9,36,59,69,79,96,98,188,115,120,125,129,138,199,200,261,294,303
110:42,44,45,72,91,93,103,318,120,175,262,273,285,288,302
111:28,215,134,156,157,167,182,243,262,280,281
112:72,134,156,182,208,233,272,291,306,308
113:45,64,99,158,122,145,176,256,267,286,309
114:2,7,65,96,261,132,157,164,205,215,248
115:6,25,83,109,143,119,122,141,150,173,216,240,242,285
116:34,65,83,88,93,270,148,167,236,255,289
117:3,9,20,28,67,87,90,293,135,167,212,234,251,259,306
118:12,21,29,30,312,120,144,244,253,279,306
119:22,59,80,115,297,134,146,180,185,187,197,231,293
120:10,64,71,79,80,90,109,110,118,163,156,212,220,237,247,252,259,279,289,305,315
121:20,22,55,63,84,245,136,163,178,181,206,215,223,252,261,281,283,289,290,297,310,313
122:1,38,47,53,92,105,113,115,262,193,228,238,266,279,280,305
123:19,27,68,75,86,89,205,143,148,163,164,184,276,277
124:15,43,46,295,146,245,292
125:15,51,98,106,109,281,149,171,185,192,199,225,251,258,270,302,315
126:17,31,32,103,206,147,161,165,166,167,174,201,203,238,277,304
127:24,57,59,65,68,90,101,105,290,151,156,159,250,258,262,267
128:25,48,49,51,59,69,96,313,170,216,225,232
129:3,21,48,54,61,79,84,89,95,109,218,147,158,159,168,178,181,220,250,256,264,269,274
130:17,25,63,77,198,144,148,160,193,229,251,253,256,275,287,290,317
131:0,51,54,61,79,104,156,139,148,194,236,255,269
132:31,35,58,80,100,114,201,158,191,278,279,287,291,294,318,319
133:35,44,53,212,144,223,236,241,251,282,289,309,315
134:33,55,60,81,111,112,119,294,212,241,264,312
135:31,33,50,105,117,143,160,194,239,250,265,296,318
136:46,48,107,121,217,211,215,223,231
137:44,49,76,83,147,199,211,213,214,225,229,242,245,252,268,303,312
138:44,70,82,107,109,143,189,239,259,295,305,319
139:23,26,76,131,305,148,182,185,232,239,242,247,264,269,315
140:5,15,33,91,182,152,159,161,162,232,235,291,307,309
141:31,82,100,115,231,159,166,171,214,219,245,258
142:3,9,21,64,218,152,174,195,233,235,260
143:41,56,97,115,123,135,138,189,171,176,183,201,227,236
144:52,93,118,130,133,156,152,159,166,178,209,234,276,290,294
145:30,55,66,71,98,104,113,299,201,205,215,276,292
146:31,63,71,84,86,119,124,236,154,198,201,218,250,261,300
147:13,19,27,46,65,77,126,129,137,223,164,181,208,212,234,237,249,260,284,306
148:60,70,116,123,130,131,139,223,157,197,271,288,314,316
149:43,69,74,125,212,171,197,201,207,224,234,243,249,250,286,311,313
150:7,36,59,115,310,172,191,266,271,277,279,293
151:29,68,79,81,83,91,105,127,293,152,176,186,202,244,266,272,274,284,294
152:20,70,74,102,103,104,140,142,144,151,264,201,209,215,299,305,306,308,314,319
153:63,83,97,156,155,165,185,260,281
154:20,78,107,146,277,157,162,164,199,209,221,299
155:16,42,48,59,92,93,99,153,282,218,267
156:106,111,112,120,127,131,144,153,247,193,216,250,254,292,305,317
157:0,1,16,46,50,63,111,114,148,154,253,184,187,188,193,244,249,256,270,281,286,299
158:26,65,79,95,113,129,132,310,216,234
159:5,36,94,127,129,140,141,144,194,261,266,293
160:20,59,60,130,135,196,179,199,202,218,221,223,253,317,318
161:64,93,106,126,140,227,169,205,233,270,302,311,314,315
162:14,18,58,68,95,100,140,154,186,208,234,251,303
163:14,42,46,50,68,77,99,120,121,123,234,175,202,208,244,266,297
164:30,60,77,87,92,114,123,147,154,292,166,192,197,222,237,239,251,279
165:126,153,304,215,247,250,307,318
166:6,11,27,39,50,56,86,101,126,141,144,164,173,170,185,188,191,220,248,304
167:18,26,71,85,86,111,116,117,126,176,196,210,217,220,235,242,245,266,295,299,300
168:22,46,57,76,129,277,209,215,218,252,257,294,310,319
169:27,71,87,106,161,196,197,201,208,273,275,304,310
170:23,26,74,98,128,166,196,182,233
171:1,32,125,141,143,149,215,183,196,214,232,293
172:33,61,72,150,240,186,202,212,224,242,294,297,303,310
173:16,25,28,35,63,115,166,295,183,208,306,311,312,318
174:33,43,56,65,101,126,142,234,190,199,239,242,268
175:12,77,84,110,163,317,178,215,276,293
176:15,71,90,113,143,151,167,268,238,276
177:12,28,58,107,108,212,185,189,221,228,248,271,280,317
178:24,28,46,73,121,129,144,175,229,237,256,257
179:89,160,194,211,223,256
180:0,26,28,29,41,57,89,107,119,189,204,216,249,255,269,272,273,305
181:42,64,76,100,121,129,147,184,231,235,275,282
182:29,42,47,104,107,111,112,139,140,170,253,243,259,262,271
183:2,10,44,51,87,95,143,171,173,283,202,221,230,235,274
184:1,95,123,157,181,201,279,280
185:0,14,52,82,90,97,101,119,125,139,153,166,177,254,211,231,256,269,280,282,316
186:58,98,151,162,172,219,187,204,236,278,298,317
187:49,95,99,103,119,157,186,249,211,252,264,277,317
188:14,23,59,82,109,157,166,227,238,304
189:2,8,10,23,60,84,93,101,138,143,177,180,204,215,224,233,249,260,314
190:7,12,25,92,98,174,226,203,258,274,292
191:22,24,61,88,98,132,150,166,268,195,211,213,276,278,292,312
192:12,16,33,38,43,56,81,88,106,125,164,210,219,222,251,255,283,284
193:18,79,122,130,156,157,262,210,224,303,311,315
194:12,14,33,35,131,135,159,179,212,220,231,251,259,310
195:14,15,58,65,142,191,304,210,265,286,299,301
196:33,71,90,160,167,169,170,171,294,216,253,267,289,306,309,313
197:26,30,49,81,119,148,149,164,169,302,234,254,278,288,292
198:32,55,79,130,146,222,203,232,267,270,315
199:17,22,33,43,73,87,90,109,125,137,154,160,174,215,208,234,274,279,300
200:39,56,109,306,206,231,232,233,243,246,267,297,301
201:27,59,60,85,90,126,132,143,145,146,149,152,169,184,268,221,226,229,269,281
202:16,30,75,91,151,160,163,172,183,253,211,238,288
203:10,126,190,198,254,214,240,256,283,294,309
204:31,33,47,48,92,180,186,189,317,214,252,288
205:4,15,57,70,107,114,123,145,161,257,207,215,216,221,233,238,246,265,288
206:15,47,65,72,121,126,200,278,220,233,237,254,260,267,307
207:6,39,149,205,298,211,218,242,244,306
208:55,76,84,88,100,112,147,162,163,169,173,199,314,266
209:12,47,55,80,91,99,144,152,154,168,269,213,230,255,276,280,297,307
210:0,46,50,55,56,82,167,192,193,195,244,245,260,278,280,295,312
211:8,10,12,46,106,136,137,179,185,187,191,202,207,261,212,233,267,294,298
212:0,45,100,117,120,133,134,147,149,172,177,194,211,257,226,233,260,263,298,309
213:10,61,81,83,93,96,98,137,191,209,266,233,238,249,260,264,308,309
214:6,32,39,43,50,51,87,107,137,141,171,203,204,301,215,218,219,271,292
215:0,30,101,105,111,114,121,136,145,152,165,168,171,175,189,199,205,214,247,235,269,313
216:46,115,128,156,158,180,196,205,296,242,262,279
217:19,28,35,55,72,76,136,167,306,226,241,280,283,291,303
218:5,19,23,39,42,71,95,129,142,146,155,160,168,207,214,233,270,276,304
219:0,18,75,141,186,192,214,276,247,259,261
220:51,54,63,89,100,102,120,129,166,167,194,206,263,225,269,290,296,314
221:30,40,84,88,154,160,177,183,201,205,276,222,223,226,237,275,280,290,314
222:7,30,34,49,89,102,164,192,198,221,255,254,268,297
223:2,4,22,50,65,121,133,136,147,148,160,179,221,224,242,265,274
224:91,149,172,189,193,223,318,264
225:14,22,28,45,46,74,125,128,137,220,262,261,269,304
226:12,16,21,49,90,98,108,190,201,212,217,221,260,262
227:14,17,58,81,83,96,143,161,188,230,244,250
228:51,77,88,122,177,258,289,295
229:19,37,46,98,99,130,137,178,201,267,256,310
230:30,46,58,67,69,106,183,209,227,310,269,298,308
231:5,62,66,71,92,119,136,141,181,185,194,200,275,311
232:29,52,60,91,128,139,140,171,198,200,290,242,246,284,301
233:3,9,77,105,112,142,161,170,189,200,205,206,211,212,213,218,264,238
234:8,12,13,22,45,52,62,103,117,144,147,149,158,162,163,174,197,199,292,315
235:13,49,58,90,140,142,167,181,183,215,291,252,279,311
236:32,66,70,72,79,80,116,131,133,143,146,186,304,287
237:103,120,147,164,178,206,221,252,241,244
238:34,40,46,100,102,122,126,176,188,202,205,213,233,310,261,318
239:54,65,67,68,74,96,135,138,139,164,174,288,247,249,262,316
240:12,18,26,37,51,89,99,115,172,203,251,252,257,287
241:11,80,104,133,134,217,237,293,249,288,292,295,313
242:21,24,49,54,79,95,115,137,139,167,172,174,207,216,223,232,282,246,253,259,267,278,302,315
243:1,6,56,65,90,97,99,111,149,182,200,301,275,296,309,316
244:8,17,22,48,59,67,83,95,118,151,157,163,207,210,227,237,305,272,276,295
245:87,121,124,137,141,167,210,254,284,289,290,293
246:14,38,40,76,101,200,205,232,242,301,294,317
247:37,50,104,120,139,156,165,215,219,239,283,285
248:8,13,103,114,166,177,258,261,274,275
249:5,35,43,70,74,91,147,149,157,180,187,189,213,239,241,312,255,269,315
250:29,127,129,135,146,149,156,165,227,297,260,271,282,296
251:4,9,94,117,125,130,133,162,164,192,194,240,263,275,278,295,306,314,316
252:68,120,121,137,168,187,204,235,237,240,257,269,283,284,296
253:19,108,118,130,157,160,182,196,202,242,275,283,302,305,308,318
254:5,29,31,36,52,55,75,156,185,197,203,206,222,245,315,263,283
255:8,23,44,65,75,91,99,100,116,131,180,192,209,222,249,310,261,279,293,306,312
256:11,39,91,113,129,130,157,178,179,185,203,229,318,262,284,300,302
257:9,54,168,178,205,212,240,252,316,276,303,311,319
258:125,127,141,190,228,248,316,287,289
259:13,25,26,50,73,79,102,117,120,138,182,194,219,242,302
260:6,12,15,29,142,147,153,189,206,210,212,213,226,250,275,298,307
261:5,6,49,52,76,109,114,121,146,159,211,219,225,238,248,255,268,283,294,304,313
262:14,51,75,92,103,110,111,122,127,182,193,216,225,226,239,256,266,264
263:3,16,94,107,212,220,251,254,278
264:129,134,139,152,187,213,224,233,262,310,269,301,303,314
265:32,50,135,195,205,223,313,297
266:41,44,50,100,105,122,150,151,159,163,167,208,213,262,310,285,298,300,318
267:34,40,76,103,113,127,155,196,198,200,206,211,229,242,272
268:10,21,38,45,54,87,137,174,176,191,201,222,261,297,271,285,317
269:6,7,9,46,67,93,106,129,131,139,180,185,201,209,215,220,225,230,249,252,264,286,306
270:39,40,69,78,104,107,116,125,157,161,198,218,281,294,300
271:43,148,150,177,182,214,250,268,280,279,295
272:18,32,46,49,112,151,180,244,267,285,298,303
273:8,65,68,90,110,169,180,294,281,303,305
274:5,69,82,91,96,105,129,151,183,190,199,223,248,285,300,318
275:25,56,90,96,130,169,181,221,231,243,248,251,253,260,301,281
276:24,26,38,72,90,91,95,96,107,123,144,145,175,176,191,209,218,219,221,244,257,311,287,294
277:35,53,64,67,93,123,126,150,154,168,187,279,287,295,312
278:70,79,88,132,186,191,197,206,210,242,251,263,317,286
279:21,39,55,104,106,118,120,122,132,150,164,184,199,216,235,255,271,277,281,297,299
280:22,28,64,73,84,111,122,177,184,185,209,210,217,221,271,284,286,311
281:17,66,76,111,121,125,153,157,201,270,273,275,279,316,283,285,287,293
282:9,94,95,133,155,181,185,242,250,302,288,290,316
283:15,26,35,88,90,121,183,192,203,217,247,252,253,254,261,281,308,295,311
284:4,22,53,67,78,83,87,90,92,147,151,192,232,245,252,256,280,302,297,309
285:75,81,110,115,247,266,268,272,274,281,294,297,309
286:32,34,37,57,81,113,149,157,195,269,278,280,311
287:21,23,130,132,236,240,258,276,277,281,308,290
288:5,41,60,107,110,148,197,202,204,205,239,241,282,291,316
289:22,35,39,71,85,92,116,120,121,133,196,228,245,258,297,295,304,317
290:5,9,25,65,92,121,127,130,144,220,221,232,245,282,287,299,313
291:11,26,78,84,90,96,101,112,132,140,217,235,288,303,314
292:3,18,23,24,27,30,76,124,145,156,164,190,191,197,214,234,241,317,308,312,318
293:20,34,38,73,86,99,103,117,119,150,151,159,171,175,241,245,255,281,317
294:109,132,134,144,151,168,172,196,203,211,246,261,270,273,276,285,314,316
295:3,36,67,89,106,124,138,167,173,210,228,241,244,251,271,277,283,289,316
296:40,54,105,135,216,220,243,250,252,312,297,311
297:9,47,58,67,82,85,119,121,163,172,200,209,222,250,265,268,279,284,285,289,296,315,299
298:11,23,58,62,63,67,69,186,207,211,212,230,260,266,272,311
299:0,15,39,107,145,152,154,157,167,195,279,290,297,304
300:9,16,17,62,71,76,87,94,108,146,167,199,256,266,270,274,307,308
301:12,16,42,50,69,195,200,214,232,243,246,264,275,311
302:15,34,38,88,110,125,161,197,242,253,256,259,282,284,312,305
303:3,8,73,91,92,105,107,109,137,162,172,193,217,257,264,272,273,291,308
304:2,35,44,83,85,92,94,108,126,165,166,169,188,195,218,225,236,261,289,299,316
305:3,13,25,30,51,52,56,58,120,122,138,139,152,156,180,244,253,273,302,319
306:2,35,39,42,80,85,112,117,118,147,152,173,196,200,207,217,251,255,269,310,312,313
307:5,43,78,140,165,206,209,260,300,319
308:17,46,67,101,112,152,213,230,253,283,287,292,300,303,309,312
309:9,13,53,64,70,74,94,113,133,140,196,203,212,213,243,284,285,308,316
310:13,25,29,30,85,121,150,158,168,169,172,194,229,230,238,255,264,266,306,312,316
311:18,20,27,47,149,161,173,193,231,235,257,276,280,283,286,296,298,301,319
312:29,37,40,44,57,63,88,89,103,118,134,137,173,191,210,249,255,277,292,296,302,306,308,310,316
313:20,58,89,99,102,121,128,149,196,215,241,261,265,290,306,319
314:6,45,49,50,59,77,148,152,161,189,208,220,221,251,264,291,294,317
315:3,6,12,16,21,42,46,53,58,91,120,125,133,139,161,193,198,234,242,249,254,297,319
316:15,104,148,185,239,243,251,257,258,281,282,288,294,295,304,309,310,312,319
317:10,15,18,29,32,38,56,102,130,156,160,175,177,186,187,204,246,268,278,289,292,293,314,318
318:11,56,83,95,110,132,135,160,165,173,224,238,253,256,266,274,292,317,319
319:6,13,34,59,78,132,138,152,168,257,305,307,311,313,315,316,318
