0:68,71,136,180,192,209,210,232,305,348,366
1:96,4,5,47,57,63,114,116,121,133,149,152,194,236,280,289,302,314,329,337,343,364,382
2:35,8,20,58,101,114,117,147,173,200,206,220,224,256,267,282,342,365,367
3:264,12,28,40,44,54,112,134,168,191,274,291,301,305,318,324,354,376,380
4:1,302,49,68,91,95,96,120,157,175,178,212,232,292,329,344,373,382
5:1,9,17,29,50,67,113,123,142,153,155,173,193,199,201,231,233,236,245,247,257,258,275,285,316,338,379,382
6:59,13,32,37,54,89,91,97,104,127,134,140,148,153,162,211,214,231,241,254,279,301,315,326,330,344,345,353,386
7:204,23,48,51,98,139,140,163,169,174,199,209,219,233,239,259,261,262,270,282,287,347,350,368
8:2,44,27,41,49,64,89,117,147,246,265,316,321,353,358,384
9:5,226,32,37,49,99,103,109,118,155,160,165,177,198,209,232,244,254,260,279,285,311,343,350,351,362,389
10:138,38,57,63,108,113,139,141,165,249,253,254,256,269,285,335,339,351,378,381
11:336,56,59,97,104,119,132,147,199,201,214,216,225,245,246,270,279,289,311,316,326,355,370
12:3,255,53,117,158,176,202,226,264,287,288,334,356
13:6,161,26,41,58,74,78,79,135,165,168,173,184,191,201,213,246,250,253,263,268,271,284,290,303,341,368,370,371
14:140,52,120,125,131,145,202,206,220,244,276,278,283,285,292,299,343,358,361,367
15:86,34,39,47,59,79,92,99,121,131,139,140,184,192,200,224,234,241,259,261,264,303,308,357,386
16:327,26,82,89,98,102,108,115,154,156,175,190,208,245,279,340,358,378,383,389
17:5,211,77,95,107,123,135,166,186,197,214,278,298,306,312,338,358,367,370
18:36,24,32,48,55,78,79,80,106,115,119,126,128,133,134,146,177,192,200,209,221,225,265,273,276,291,294,298,353,381,386
19:242,38,46,89,113,135,141,146,160,178,201,216,225,262,296,299,305,318,342,384
20:2,234,26,31,145,147,191,242,270,289,302,322,336,339,389
21:189,27,36,39,124,135,171,185,206,211,227,252,253,267,302,307,330,334,348,349,384
22:334,44,46,88,89,119,138,153,158,170,195,206,221,251,289,296,298,324,361,376,377
23:7,72,41,44,45,50,82,115,121,141,155,172,192,268,282,346,368
24:18,242,25,31,34,39,51,52,73,90,100,115,156,158,179,194,214,259,260,293,296,325,356,357,371,372,387
25:24,232,32,36,52,97,107,147,167,170,172,200,239,260,295,296,299,315,337,345,346
26:13,16,20,55,51,84,115,139,149,165,181,194,208,237,240,277,288,290,295,323,331,338,387
27:8,21,239,30,49,67,83,89,94,126,189,192,211,228,247,258,275,280,292,297,302,308,356,364
28:3,60,35,59,82,104,153,161,163,168,194,277,278,280,289,301,311,319,348,365,383
29:5,160,48,73,101,110,119,153,166,175,180,202,237,240,253,291,299,306,336,354
30:27,274,59,95,134,146,158,163,176,177,247,323,347,364
31:20,24,252,36,101,136,175,186,219,253,295,310,320,321,335,375,376,387
32:6,9,18,25,87,45,52,59,63,72,95,99,141,144,164,180,187,203,237,248,268,302,361
33:152,47,65,81,86,102,120,150,155,212,213,270,279,287,296,311,326,371,377,388
34:15,24,113,77,139,151,157,191,212,235,268,299,317,332,342,368,371,376,379
35:2,28,314,50,81,93,100,113,119,132,148,153,167,199,236,242,246,274,300,354
36:18,21,25,31,181,51,73,76,152,187,232,233,239,257,280,333,344,348,356,389
37:6,9,340,72,84,152,154,164,217,253,270,277,285,287,291,300,357,382,386
38:10,19,137,46,92,100,113,146,189,203,296,300,301,314,346,360
39:15,21,24,154,58,70,101,126,144,149,150,172,247,251,298,300,307,311,314,319,330,345,360,365,372,384,387
40:3,83,59,75,92,94,104,112,126,130,132,139,173,176,182,196,200,207,234,268,277,281,301,328,337,339,370
41:8,13,23,302,50,65,103,149,166,233,240,245,296,306,358,389
42:162,60,77,82,145,169,175,186,201,278,300,305,321,337,363,371,383
43:283,44,47,55,84,113,131,133,176,192,197,206,216,235,243,251,267,281,292,305,311,322
44:3,8,22,23,43,355,50,114,135,162,173,187,223,236,242,273,305,309,322,337,361,386
45:23,32,269,48,59,62,76,102,127,133,163,171,197,209,242,259,268,291,305,306,329,331,354,384
46:19,22,38,289,49,96,149,175,185,205,211,213,229,240,245,259,268,281,305,327,329,338,347,354,362,380
47:1,15,33,43,217,48,59,68,70,89,94,133,136,143,172,226,237,253,281,299,300,312,337,338,341,356,364
48:7,18,29,45,47,177,52,113,117,129,182,205,226,236,254,278,331,347,372
49:4,8,9,27,46,377,56,71,99,124,127,129,143,175,192,200,221,261,266,286,287,292,306,331,345,354,363
50:5,23,35,41,44,71,59,61,90,112,154,188,192,215,243,252,259,272,336,344
51:7,24,26,36,60,63,77,86,89,100,116,156,160,176,186,202,220,221,226,257,280,282,321,333,377,381
52:14,24,25,32,48,93,56,62,63,114,120,130,174,212,280,325,337,357,379,380,384
53:12,201,73,94,97,119,145,148,161,227,231,237,251,252,275,277,287,307,320,343,350,373
54:3,6,223,76,81,93,146,158,162,165,168,179,199,219,246,315,343,362,387
55:18,26,43,112,68,85,100,107,108,119,137,153,189,191,211,231,251,264,268,331,335,360,362,365
56:11,49,52,264,62,79,83,109,132,144,164,202,205,207,220,224,235,261,270,279,296,329,377
57:1,10,278,93,147,196,218,258,272,281,321,346,367,388
58:2,13,39,313,85,98,104,105,126,152,165,166,179,214,261,304,310,354,358
59:6,11,15,28,30,32,40,45,47,50,135,63,101,110,148,166,186,196,203,218,296,339,348,356,366,383
60:28,42,51,225,82,106,114,271,299,320,332,347,349,358
61:50,342,237,244,258,271,297,299,302,318,319,377,381
62:45,52,56,99,108,124,143,192,215,239,274,322,338,342,344,373
63:1,10,32,51,52,59,148,84,116,132,139,184,216,220,229,242,265,284,305,312,340,375,383,387
64:8,89,65,70,72,106,150,154,188,190,211,216,218,265,274,319,328,343,345,352,364,383
65:33,41,64,231,68,127,142,175,190,193,194,196,202,224,253,255,256,279,305,373,375,385
66:386,72,122,129,137,170,175,191,254,256,262,363,364,378
67:5,27,152,68,78,84,99,103,131,143,193,244,309,317,325,346,347
68:0,4,47,55,65,67,247,109,137,170,198,216,265,308,309
69:164,153,191,203,206,209,216,223,242,248,281,315,320,325,362,371,385
70:39,47,64,145,79,139,147,222,225,235,237,360,362,369,378,382
71:0,49,50,304,76,115,148,161,181,197,219,239,285,342,347,359,380
72:23,32,37,64,66,224,96,100,121,122,144,151,187,283,293,298,327,337,347,362,368,370,381,389
73:24,29,36,53,348,76,96,113,116,134,148,158,219,229,232,236,246,257,302,320,321,322,330,359
74:13,162,105,118,119,146,161,223,244,255,264,284,292,294,336,367,368,388
75:40,152,125,146,164,291,292,308,337,358,386,388
76:36,45,54,71,73,274,79,92,98,116,133,135,189,204,212,229,243,267,301,307,320,322
77:17,34,42,51,368,112,130,154,171,191,195,213,217,222,270,278,306,370,379,383,385
78:13,18,67,90,85,91,142,157,167,176,232,244,291,314,330,336,340,363,366,368
79:13,15,18,56,70,76,321,87,93,101,159,163,188,227,262,297,302,308,331,364,365
80:18,379,92,108,176,181,184,276,314,319,326,356,360
81:33,35,54,382,90,106,124,131,136,144,186,216,226,234,256,261,276,315,341,368,377,381,385,386
82:16,23,28,42,60,328,94,110,151,155,167,199,200,223,235,250,283,289,307,313,347,362,365,372,374
83:27,40,56,245,121,132,137,143,180,210,266,311,324,343,350,356,367
84:26,37,43,63,67,340,115,139,146,185,190,205,218,221,222,249,252,255,271,281,300,321,343,352,373
85:55,58,78,170,91,95,159,165,173,217,265,302,308,320,326,361,376
86:15,33,51,116,99,102,103,141,171,218,235,238,248,256,261,262,267,313,335,341,371
87:32,79,148,100,101,107,170,171,175,183,197,223,257,326,329,352,353,389
88:22,163,144,197,213,224,242,262,275,294,301,332,366,370,381,388
89:6,8,16,19,22,27,47,51,64,369,96,146,158,165,179,180,184,215,216,217,218,261,280,302,306,310,311,316,344,348,353,375
90:24,50,78,81,120,116,132,159,203,211,222,246,350,374,379,387
91:4,6,78,85,271,100,123,180,220,229,242,337,355,387
92:15,38,40,76,80,357,130,152,163,182,183,193,221,226,237,251,264,269,271,290,299,301,316,321,336,347,353
93:35,52,54,57,79,238,142,145,149,154,171,173,182,184,186,211,253,285,288,290,294,297,333,345,350,356,372
94:27,40,47,53,82,257,99,102,127,155,161,184,199,203,251,264,294,299,329,354,372,379
95:4,17,30,32,85,114,111,126,136,162,193,218,255,290,313,314,349,353,357
96:1,4,46,72,73,89,194,97,106,125,142,172,183,200,212,223,243,304,318,323,326,334,353,357,369,376
97:6,11,25,53,96,175,100,109,140,152,187,238,249,270,287,300,302,342,350,355,374
98:7,16,58,76,225,112,127,132,153,155,157,159,171,182,209,260,312,332,361,387
99:9,15,32,49,62,67,86,94,237,145,214,215,234,238,275,309,381
100:24,35,38,51,55,72,87,91,97,137,116,160,199,213,217,223,235,260,266,288,310,320,334,348,358,384
101:2,29,31,39,59,79,87,357,112,148,174,198,254,277,285,291,327,334,343,367
102:16,33,45,86,94,362,110,171,197,286,299,304,306,321,324,360
103:9,41,67,86,156,117,139,167,230,270,276,285,309,373
104:6,11,28,40,58,177,151,160,186,198,207,225,263,284,357
105:58,74,130,136,158,203,229,249,271,299,313,331,354,359
106:18,60,64,81,96,173,130,146,159,164,183,200,233,249,258,265,279,320,336,363,369,379,388
107:17,25,55,87,351,138,159,184,208,234,250,304,326,354,357,389
108:10,16,55,62,80,364,132,152,167,180,231,235,251,271,272,274,343,349
109:9,56,68,97,368,120,158,193,196,238,245,268,288,304,339,360,373
110:29,59,82,102,275,143,147,202,206,209,212,231,248,251,285,294,320,339,343,363,381,382
111:95,263,112,148,151,174,236,252,253,269,286,288,300,301,306,316,334,338,346,347,349,368,370,371,382
112:3,40,50,55,77,98,101,111,127,158,164,171,191,228,263,273,287,298,337
113:5,10,19,34,35,38,43,48,73,220,130,193,198,208,214,300,321,346,360,371,378,381
114:1,2,44,52,60,95,153,120,130,139,216,257,290,304,332,347,353,366
115:16,18,23,24,26,71,84,209,119,135,235,239,242,255,256,264,345,362,363
116:1,51,63,73,76,86,90,100,147,124,136,156,167,172,196,203,221,241,248,254,263,315,318,332,338,354
117:2,8,12,48,103,257,184,215,263,276,278,297,364,368
118:9,74,386,130,132,134,142,172,197,200,214,221,228,246,299,310,312,320,334,349,372
119:11,18,22,29,35,53,55,74,115,257,122,127,175,189,239,313,317,345,351
120:4,14,33,52,90,109,114,185,131,149,172,173,176,199,213,275,296,297,323,324,328,345,346
121:1,15,23,72,83,237,142,147,161,165,179,195,218,239,247,249,253,257,261,268,289,297,302,352,387
122:66,72,119,259,148,166,196,197,220,263,266,277,313,332,340,342,355,378
123:5,17,91,225,173,176,189,193,206,260,286,357,360,361,363,382
124:21,49,62,81,116,159,137,158,173,177,196,208,217,277,301,352,357
125:14,75,96,235,134,140,178,189,195,201,203,207,220,223,224,290,330,340,341,342,355,389
126:18,27,39,40,58,95,306,136,151,152,162,174,177,220,222,240,248,251,312,341,342,361
127:6,45,49,65,94,98,112,119,386,130,147,189,229,239,244,263,317,324,356,359,365
128:18,330,131,148,152,155,162,167,256,264,290,305,311,319,345,347,372
129:48,49,66,378,146,180,213,215,224,241,259,290,291,312,323,335,340,362,385
130:40,52,77,92,105,106,113,114,118,127,279,134,172,184,191,224,264,282,311,338,342,362,366
131:14,15,43,67,81,120,128,232,158,166,207,268,325,353,357,366,380
132:11,35,40,56,63,83,90,98,108,118,148,134,175,181,192,197,244,256,259,264,267,282,300,321,337,352,377,378
133:1,18,43,45,47,76,372,144,197,256,268,308,321,329,344,354,356,370,375,382
134:3,6,18,30,73,118,125,130,132,371,155,158,191,198,228,236,238,259,267,305,308,320,378
135:13,17,19,21,44,59,76,115,245,170,199,201,209,220,229,272,278,345,348,356,369,370
136:0,31,47,81,95,105,116,126,244,141,146,177,197,211,248,249,272,274,277,285,290,307,336,355,366,374,379
137:38,55,66,68,83,100,124,242,138,169,192,202,207,225,300,301,314,317,324,370,379
138:10,22,107,137,174,143,144,167,217,232,320,344,360
139:7,10,15,26,34,40,63,70,84,103,114,226,166,187,193,238,244,271,286,310,311,344,353,381,385
140:6,7,14,15,97,125,298,145,146,147,151,154,178,227,272,322,326,331,336,346,383
141:10,19,23,32,86,136,163,155,160,161,164,165,188,196,200,228,230,243,247,262,317,323
142:5,65,78,93,96,118,121,273,154,181,194,198,214,215,217,247,271,299,329,332,335,342,352
143:47,49,62,67,83,110,138,337,210,214,222,227,230,296,317,369
144:32,39,56,72,81,88,133,138,337,146,167,177,178,198,214,235,306,321,339,343
145:14,20,42,53,70,93,99,140,157,156,174,184,219,229,248,251,253,254,270,299,314,337,359,373
146:18,19,30,38,54,74,75,84,89,106,129,136,140,144,235,182,265,273,292,313,323,331
147:2,8,11,20,25,57,70,110,116,121,127,140,378,203,206,243,265,313,331,333,336,343,380
148:6,35,53,59,63,71,73,87,101,111,122,128,132,167,156,179,221,247,256,263,268,340
149:1,26,39,41,46,93,120,204,158,259,296,329,335,346,351,384,387
150:33,39,64,166,231,236,238,252,268,279,288,294,311,325,338,379
151:34,72,82,104,111,126,140,238,167,195,208,234,272,288,334,338,353
152:1,33,36,37,58,67,75,92,97,108,126,128,245,164,211,225,278,323,341,372,381
153:5,6,22,28,29,35,55,69,98,114,339,155,179,184,192,233,242,258,261,266,349,364
154:16,37,39,50,64,77,93,140,142,229,159,183,206,237,257,279,336
155:5,9,23,33,82,94,98,128,134,141,153,286,264,314,344,352,356,376
156:16,24,51,103,116,145,148,216,158,160,180,295,337,344,383,386
157:4,34,78,98,145,215,163,164,173,180,187,189,264,286,309,322,352,366,374
158:12,22,24,30,54,73,89,105,109,112,124,131,134,149,156,375,178,183,228,275,282,284,305,314,325,339,351,367
159:79,85,90,98,106,107,124,154,353,169,199,227,235,261,295,330,361,369,375,380
160:9,19,29,51,100,104,141,156,225,162,182,188,196,228,256,267,297,300,316,324,386,388
161:13,28,53,71,74,94,121,141,226,284,293,319,351,355,359,361
162:6,42,44,54,74,95,126,128,160,380,193,229,235,239,254,318,336,339,362
163:7,28,30,45,79,88,92,141,157,165,180,183,205,228,263,278,289,300,312,320,337,379
164:32,37,56,69,75,106,112,141,152,157,337,174,176,222,246,261,344,346,351,367,379
165:9,10,13,26,54,58,85,89,121,141,163,267,180,199,260,266,296,307
166:17,29,41,58,59,122,131,139,150,181,188,197,235,261,269,277,284,344,360,372,382
167:25,35,78,82,103,108,116,128,138,144,148,151,323,185,188,193,202,207,259,261,280,291,319,326,329,341,357
168:3,13,28,54,260,211,229,250,259,265,267,286,296,318,321,332,341,346,366,379
169:7,42,137,159,176,174,178,208,256,279,287,288,309,320,330,371
170:22,25,66,68,85,87,135,355,174,175,183,196,209,213,263,279,297,298,308,348,356,361,375,377
171:21,45,77,86,87,93,98,102,112,247,185,218,220,236,249,283,285,291,322,323,324,326,346,360,388,389
172:23,25,39,47,96,116,118,120,130,284,197,204,220,231,238,267,271,296,328,343,359
173:2,5,13,40,44,85,93,106,120,123,124,157,284,194,234,289,306,307,329,331
174:7,52,101,111,126,138,145,164,169,170,389,177,195,233,250,252,260,303,307,308,328,363,374
175:4,16,29,31,42,46,49,65,66,87,97,119,132,170,225,185,229,233,238,279,314,324,348,384
176:12,30,40,43,51,78,80,120,123,164,169,351,196,205,214,224,234,245,259,289,303,334,343,366,368
177:9,18,30,48,104,124,126,136,144,174,296,182,218,225,233,258,306,312,352,373,388
178:4,19,125,140,144,158,169,291,190,192,196,209,239,260,273,276,288,324,336
179:24,54,58,89,121,148,153,330,190,237,249,296,339,356
180:0,29,32,83,89,91,108,129,156,157,163,165,225,202,203,207,211,227,292,308,310,318,329,336,344,349,351,361
181:26,36,71,80,132,142,166,243,195,228,229,232,247,252,263,270,283,284,295,347,349,374,377
182:40,48,92,93,98,146,160,177,228,216,230,236,246,289,333,339,358,388
183:87,92,96,106,154,158,163,170,215,198,237,268,279,319
184:13,15,63,80,89,93,94,107,117,130,145,153,187,213,215,216,223,232,251,292,328,372,375,378,383
185:21,46,84,120,167,171,175,192,189,204,213,215,237,301,303,328,332,389
186:17,31,42,51,59,81,93,104,267,216,236,284,307,322,332,353,359,364
187:32,36,44,72,97,139,157,184,207,204,259,266,298,304,306,321,333,338,342,355,362
188:50,64,79,141,160,166,167,289,192,193,256,259,278,293,303,332
189:21,27,38,55,76,119,123,125,127,157,185,221,209,212,232,253,264,276,299,305,334,343,361,372
190:16,64,65,84,178,179,308,204,205,208,215,229,363
191:3,13,20,34,55,66,69,77,112,130,134,198,208,227,286,321,324,345,347,369
192:0,15,18,23,27,43,49,50,62,132,137,153,178,185,188,322,229,272,283,288,291,308,323,326
193:5,65,67,92,95,109,113,123,139,162,167,188,259,195,198,212,222,226,247,277,347,358,371,374,382
194:1,24,26,28,65,96,142,173,243,214,244,257,328,334,378
195:22,77,121,125,151,174,181,193,300,211,227,231,314,333,356,381
196:40,57,59,65,109,116,122,124,141,160,170,176,178,214,201,203,259,271,277,278,307,327,344,349,358,372
197:17,43,45,71,87,88,102,118,122,132,133,136,166,172,272,200,204,223,269,304,315
198:9,68,101,104,113,134,142,144,183,191,193,315,214,227,269,274,300,359,368
199:5,7,11,35,54,82,94,100,120,135,159,165,240,215,219,291,306,313,331,370
200:2,15,18,25,40,49,82,96,106,118,141,197,292,207,213,233,251,261,330,343,356,366
201:5,11,13,19,42,53,125,135,196,224,246,268,303,337,346,347,366,385
202:12,14,29,51,56,65,110,137,167,180,264,227,239,243,256,271,283,294,303,305,343,380
203:32,38,59,69,90,94,105,116,125,147,180,196,274,204,205,208,233,247,249,267,284,302,304,322,327,367
204:7,76,149,172,185,187,190,197,203,299,214,217,223,224,236,241,242,270,278,303,306,310,313,316,332,342,358,389
205:46,48,56,84,163,176,190,203,352,239,240,245,249,251,279,284,294,326,328,330,367
206:2,14,21,22,43,69,110,123,147,154,307,212,216,223,243,310,328,334,388
207:40,56,104,125,131,137,167,180,187,200,260,221,236,248,254,257,302,308,333,345
208:16,26,107,113,124,151,169,190,191,203,249,212,215,217,219,287,339,371,375,389
209:0,7,9,18,45,69,98,110,115,135,170,178,189,229,213,219,225,286,364,374
210:0,83,143,311,231,278,307,323,328,356,371
211:6,17,21,27,46,55,64,90,93,136,152,168,180,195,387,237,248,269,279,284,317,327,371
212:4,33,34,52,76,96,110,189,193,206,208,294,225,241,249,295,348,357,360
213:13,33,46,77,88,100,120,129,170,184,185,200,209,214,233,307,318,321,322,363,370
214:6,11,17,24,58,99,113,118,142,143,144,176,194,196,198,204,213,299,235,277,281,291,314,323,351
215:50,62,89,99,117,129,142,157,183,184,185,190,199,208,240,217,332,334,350,369,376,383
216:11,19,43,63,64,68,69,81,89,114,156,182,184,186,206,230,224,248,253,260,269,292,371,379,382
217:37,47,77,85,89,100,124,138,142,204,208,215,251,218,223,248,286,296,329,333,358,365,379,382
218:57,59,64,84,86,89,95,121,171,177,217,271,250,253,255,264,272,276,350,372,377,380,383
219:7,31,54,71,73,145,199,208,209,296,232,237,256,261,281,282,303,344,365,369,370,372,374
220:2,14,51,56,63,91,113,122,125,126,135,171,172,350,240,261,262,308,312,322,378
221:18,22,49,51,84,92,116,118,148,189,207,369,232,255,264,286,293,373,383
222:70,77,84,90,126,143,164,193,300,257,270,273,278,293,344
223:44,54,69,74,82,87,96,100,125,184,197,204,206,217,345,236,237,238,246,273,293,320,339,351,384,387
224:2,15,56,65,72,88,125,129,130,176,201,204,216,240,259,261,281,283,332,344,379
225:11,18,19,60,70,98,104,123,137,152,160,175,177,180,209,212,285,256,278,312,330,344
226:9,12,47,48,51,81,92,139,161,193,314,230,240,265,275,279,286,291,298,306,315,317,370
227:21,53,79,140,143,159,180,191,195,198,202,281,260,285,286,298,309,325,327,328,363,368
228:27,112,118,134,141,158,160,163,181,182,357,232,248,265,297,314,322,324,352,355
229:46,63,73,76,91,105,127,135,145,154,162,168,175,181,190,192,209,258,251,301,303,319,333,358
230:103,141,143,182,216,226,339,237,270,292,321,324,345,370,373,375
231:5,6,53,55,65,108,110,150,172,195,210,290,235,259,284,325,340,347
232:0,4,9,25,36,73,78,131,138,181,184,189,219,221,228,368,241,297,300,371
233:5,7,36,41,106,153,174,175,177,200,203,213,326,259,278,304,308,341,357
234:15,20,40,81,99,107,151,173,176,332,323,330,350,358,374
235:34,43,56,70,82,86,100,108,115,125,144,146,159,162,166,214,231,385,281,322,331,372,379,381
236:1,5,35,44,48,73,111,134,150,171,182,186,204,207,223,241,252,262,274,285
237:26,29,32,47,53,61,70,92,99,121,154,179,183,185,211,219,223,230,242,249,251,252,258,261,267,278,317,326,367,378
238:86,93,97,99,109,134,139,150,151,172,175,223,326,254,262,305,312,385
239:7,25,27,36,62,71,115,119,121,127,162,178,202,205,271,251,258,273,280,300,303,319,329,342
240:26,29,41,46,126,199,205,215,220,224,226,279,319,343,376,387
241:6,15,116,129,204,212,232,236,271,246,254,292,317,320,336,338,343,364
242:19,20,24,35,44,45,63,69,88,91,115,137,153,204,237,315,246,283,292,296,354,369,378,386
243:43,50,76,96,141,147,181,194,202,206,328,249,251,256,271,289,345,346,362,380,387
244:9,14,61,67,74,78,127,132,136,139,194,374,281,292,293,308,321,326,340,354,378,379,380
245:5,11,16,41,46,83,109,135,152,176,205,379,266,273,291,294,303,318,360,369,374
246:8,11,13,35,54,73,90,118,164,182,201,223,241,242,337,247,249,324,333
247:5,27,30,39,68,121,141,142,148,171,181,193,203,246,341,256,261,307,319,360,380
248:32,69,86,110,116,126,136,145,207,211,216,217,228,311,258,263,349,354
249:10,84,97,105,106,121,136,171,179,203,205,208,212,237,243,246,351,265,268,273,274,298,338,346,377,384
250:13,82,107,168,174,218,293,253,363,377
251:22,39,43,53,55,92,94,108,110,126,145,184,200,205,217,229,237,239,243,265,321,354,381
252:21,31,50,53,84,111,150,174,181,236,237,269,262,286,315,317,369,375,384,387,388,389
253:10,13,21,29,31,37,47,65,93,111,121,145,189,216,218,250,300,254,260,301,313,320,322,342,369
254:6,9,10,48,66,101,116,145,162,207,238,241,253,320,293,309,351,353,370
255:12,65,74,84,95,115,218,221,305,279,285,333,336,384
256:2,10,65,66,81,86,115,128,132,133,148,160,169,188,202,219,225,243,247,272,266,281,292,325,326,338,348,367
257:5,36,51,73,87,94,114,117,119,121,154,194,207,222,262,260,266,310,326,349,351,361,389
258:5,27,57,61,106,153,177,229,237,239,248,273,281,282,328,342,346,350,371,374,381,385
259:7,15,24,45,46,50,122,129,132,134,149,167,168,176,187,188,193,196,224,231,233,339,267,272,333,337,344,363,385
260:9,24,25,98,100,123,165,168,174,178,207,216,227,253,257,316,282,314,332,354,383
261:7,15,49,56,58,81,86,89,121,153,159,164,166,167,200,219,220,224,237,247,384,278,280,324,358,366,370,381
262:7,19,66,79,86,88,141,220,236,238,252,257,275,272,288,311,319,322,336,346,384
263:13,104,111,112,116,117,122,127,148,163,170,181,248,379,290,333,355,363,368,369
264:3,12,15,55,56,74,92,94,115,128,130,132,155,157,189,202,218,221,281,274,366,376
265:8,18,63,64,68,85,106,146,147,168,226,228,249,251,309,285,326,336,341,352,355,372,378
266:49,83,100,122,153,165,187,245,256,257,347,271,276,283,292,320,326,332,338,361
267:2,21,43,76,86,132,134,160,165,168,172,186,203,237,259,307,369,389
268:13,23,32,34,40,45,46,55,109,121,131,133,148,150,183,201,249,367,269,272,291,295,300,360,368,385
269:10,45,92,111,166,197,198,211,216,252,268,333,280,302,305,314,324,328,338,377,382,384
270:7,11,20,33,37,56,77,97,103,145,181,204,222,230,343,272,286,289,290,336,385,387
271:13,60,61,84,91,92,105,108,139,142,172,196,202,218,239,241,243,266,310,280,285,299,305,308,312,317,378
272:50,57,108,135,136,140,151,192,197,218,256,259,262,268,270,362,287,304,309,335
273:18,44,112,142,146,178,222,223,239,245,249,258,389,303,316,331
274:3,30,35,62,64,76,108,136,198,203,236,249,264,275,278,282,323,357,366,367
275:5,27,53,88,99,110,120,158,226,262,274,278,287,313,314,344
276:14,18,80,81,103,117,178,189,218,266,341,316,326,335,363,375,379
277:26,28,37,40,53,101,122,124,136,166,193,196,214,345,372
278:14,17,28,42,48,57,77,117,135,152,163,188,196,204,210,222,225,233,237,261,274,275,325,290,295,319,327,331,356,379,382
279:6,9,11,16,33,56,65,106,130,150,154,169,170,175,183,205,211,226,240,255,284,304,317,324,332,346,355
280:1,27,28,36,51,52,89,167,239,261,269,271,294,289,311,350,354,355,374
281:40,43,46,47,57,69,84,214,219,224,227,235,244,256,258,264,302,309,350,374,377
282:2,7,23,51,130,132,158,219,258,260,274,364,319,349,351,358,359,385
283:14,43,72,82,171,181,192,202,224,242,266,332,284,352,366,371,389
284:13,63,74,104,158,161,166,172,173,181,186,203,205,211,231,279,283,303,306,321,334,374
285:5,9,10,14,37,71,93,101,103,110,136,171,225,227,236,255,265,271,363,287,288,294,297,318,352,378
286:49,102,111,123,139,155,157,168,191,209,217,221,226,227,252,270,387,316,351,354,369,373,378
287:7,12,33,37,49,53,97,112,169,208,272,275,285,358,291,297,299,314,315,350
288:12,26,93,100,109,111,150,151,169,178,192,262,285,295,385
289:1,11,20,22,28,46,82,121,163,173,176,182,188,243,270,280,366,294,315,373
290:13,26,92,93,95,114,125,128,129,136,231,263,270,278,329,339,364,371
291:3,18,29,37,45,75,78,101,129,167,171,178,192,199,214,226,245,268,287,353,292,306,374
292:4,14,27,43,49,74,75,146,180,184,200,216,230,241,242,244,256,266,291,341,299,307,311,330
293:24,72,161,188,221,222,223,244,250,254,368,295,312,314,328,335,341,355,357
294:18,74,88,93,94,110,150,202,205,212,245,280,285,289,329,313,339,354,384
295:25,26,31,156,159,181,212,268,278,288,293,317,321,376,386
296:19,22,24,25,33,38,41,56,59,120,143,149,165,168,172,177,179,217,219,242,320,372,379
297:27,61,79,93,117,120,121,160,170,228,232,285,287,315,298,300,321,375,386
298:17,18,22,39,72,112,140,170,187,226,227,249,297,306,325,338,364
299:14,19,25,29,34,47,60,61,92,94,102,105,118,142,145,189,204,214,271,287,292,356,325,338,371
300:35,37,38,39,42,47,84,97,111,113,132,137,160,163,195,198,222,232,239,253,268,297,364,345,362,375,382,387
301:3,6,28,38,40,76,88,92,111,124,137,185,229,253,318,308,321,327,333,342,361,384
302:1,4,20,21,27,32,41,61,73,79,85,89,97,121,203,207,269,281,352,317,318,324,338,354,361,373,387
303:13,15,174,176,185,188,201,202,204,219,229,239,245,273,284,368,319,329,343,345,362,364
304:58,71,96,102,107,109,114,187,197,203,233,272,279,307,333,342,356
305:0,3,19,42,43,44,45,46,63,65,128,134,158,189,202,238,255,269,271,319
306:17,29,41,45,49,77,89,102,111,126,144,173,177,187,199,204,226,284,291,298,387,321,367,381
307:21,39,53,76,82,136,165,173,174,186,196,206,210,213,247,267,292,304,312,308,335,340,349,387
308:15,27,68,75,79,85,133,134,170,174,180,190,192,207,220,233,244,271,301,307,389,316,335,339,375
309:44,67,68,99,103,157,169,227,254,265,272,281,356,335,342,343,346,349,362
310:31,58,89,100,118,139,180,204,206,257,271,344,323,359
311:9,11,28,33,39,43,83,89,128,130,139,150,210,248,262,280,292,327,330,375,384,389
312:17,47,63,98,118,126,129,163,177,220,225,238,271,293,307,317,316,348,371,381,384,385
313:58,82,86,95,105,119,122,146,147,199,204,253,275,294,389,340,354,367,371,386,387
314:1,35,38,39,78,80,95,137,145,155,158,175,195,214,226,228,260,269,275,287,293,379,352,369
315:6,25,54,69,81,116,197,198,226,242,252,287,289,297,386,358,359,389
316:5,8,11,89,92,111,160,204,260,273,276,286,308,312,357,317,320,322,334,344,355,369,372
317:34,67,119,127,137,141,143,211,226,237,241,252,271,279,295,302,312,316,326,320,350,377,380
318:3,19,61,96,116,162,168,180,213,245,285,301,302,379,322,333,335,358,382
319:28,39,61,64,80,128,161,167,183,229,239,240,247,262,278,282,303,305,376,331,365,384
320:31,53,60,69,73,76,85,100,106,110,118,134,138,163,169,223,241,253,254,266,296,316,317,377,333,370,381,387
321:8,31,42,51,57,73,79,84,92,102,113,132,133,144,168,187,191,213,230,244,251,284,295,297,301,306,356,332,370
322:20,43,44,62,73,76,140,157,171,186,192,203,213,220,228,235,253,262,316,318,383,351
323:26,30,96,120,129,141,146,152,167,171,192,210,214,234,274,310,367,333,352,370,372
324:3,22,83,102,120,127,137,160,171,175,178,191,228,230,246,261,269,279,302,341,367,375,386
325:24,52,67,69,131,150,158,227,231,256,278,298,299,375,327,345,349,354,355,376
326:6,11,33,80,85,87,96,107,140,167,171,192,205,233,237,238,244,256,257,265,266,276,317,370,337,358
327:16,46,72,101,196,203,211,227,278,301,311,325,377,370,371,382
328:40,64,82,120,172,174,184,185,194,205,206,210,227,243,258,269,293,353,371,383
329:1,4,45,46,56,87,94,133,142,149,167,173,180,217,239,290,294,303,380,340,369
330:6,21,39,73,78,125,128,159,169,179,200,205,225,234,292,311,371,338,348,353,362,380,384,388
331:26,45,48,49,55,79,105,140,146,147,173,199,235,273,278,319,364,375,382,387
332:34,60,88,98,114,116,122,142,168,185,186,188,204,215,224,234,260,266,279,283,321,371,337,379
333:36,51,93,147,182,187,195,207,217,229,246,255,259,263,269,301,304,318,320,323,335,342,355,359,360,364,386,388
334:12,21,22,96,100,101,111,118,151,176,189,194,206,215,284,316,352,348,374
335:10,31,55,86,129,142,149,272,276,293,307,308,309,318,333,361,354,365,366
336:11,20,29,50,74,78,92,106,136,140,147,154,162,178,180,241,255,262,265,270,385,349,365,387
337:1,25,40,42,44,47,52,72,75,91,112,132,143,144,145,156,163,164,201,246,259,326,332,377,344,357
338:5,17,26,46,47,62,111,116,130,150,151,187,241,249,256,266,269,298,299,302,330,379,350
339:10,20,40,59,109,110,144,153,158,162,179,182,208,223,230,259,290,294,308,348,360,375
340:16,37,63,78,84,122,125,129,148,231,244,307,313,329,344,345
341:13,47,81,86,125,126,152,167,168,233,247,265,276,292,293,324,367,356
342:2,19,34,61,62,71,97,122,125,126,130,142,187,204,239,253,258,301,304,309,333,377,369
343:1,9,14,53,54,64,83,84,101,108,110,144,147,172,176,189,200,202,240,241,270,303,309,377,346,354,357,387
344:4,6,36,50,62,89,133,138,139,155,156,164,166,180,196,219,222,224,225,259,275,310,316,337,340,354,356,364
345:6,25,39,49,64,93,115,119,120,128,135,191,207,223,230,243,277,300,303,325,340,373,380,384
346:23,25,38,57,67,111,113,120,140,149,164,168,171,201,243,249,258,262,279,309,343,373,388
347:7,30,46,48,60,67,71,72,82,92,111,114,128,181,191,193,201,231,266,367,358
348:0,21,28,36,59,73,89,100,135,170,175,212,256,312,330,334,339,387,349,353,385
349:21,60,95,108,111,118,153,180,181,196,248,257,282,307,309,325,336,348,351,362
350:7,9,53,83,90,93,97,215,218,220,234,258,280,281,287,317,338,381,359,386
351:9,10,107,119,149,158,161,164,176,180,214,223,249,254,257,282,286,322,349,374
352:64,84,87,121,124,132,142,155,157,177,205,228,265,283,285,302,314,323,334,373,364
353:6,8,18,87,89,92,95,96,114,131,139,151,159,186,254,291,328,330,348,368,369,375,384
354:3,29,35,45,46,49,58,94,105,107,116,133,242,244,248,251,260,280,286,294,302,313,325,335,343,344,357,356,364,372,378
355:11,44,91,97,122,125,136,161,170,187,228,263,265,279,280,293,316,325,333,385,381
356:12,24,27,36,47,59,80,83,93,127,133,135,155,170,179,195,200,210,278,299,304,309,321,341,344,354,368,379,388
357:15,24,37,52,92,95,96,101,104,107,123,124,131,167,212,228,233,274,293,316,337,343,354,360
358:8,14,16,17,41,58,60,75,100,182,193,196,204,217,229,234,261,282,287,315,318,326,347,367,375,382
359:71,73,105,127,145,161,172,186,198,282,310,315,333,350,368,362,386
360:38,39,55,70,80,102,109,113,123,138,166,171,212,245,247,268,333,339,357,389,363
361:14,22,32,44,85,98,123,126,159,161,170,180,189,257,266,301,302,335,363
362:9,46,54,55,69,70,72,82,102,115,129,130,162,187,243,272,300,303,309,330,349,359,363,366,373,375,382
363:42,49,66,78,106,110,115,123,174,190,213,227,250,259,263,276,285,360,361,362,365,367,374,375,379
364:1,27,30,47,64,66,79,108,117,153,186,209,241,282,290,298,300,303,331,333,344,352,354,368,381
365:2,28,39,55,79,82,127,217,219,319,335,336,363,385,369,379,380,387,388
366:0,59,78,88,114,130,131,136,157,168,176,200,201,261,264,274,283,289,335,362,378,379
367:2,14,17,57,74,83,101,158,164,203,205,237,256,268,274,306,313,323,324,341,347,358,363,387,378,380
368:7,13,23,34,72,74,77,78,81,109,111,117,176,198,227,232,263,268,293,303,353,356,359,364,384,370,379
369:70,89,96,106,135,143,159,191,215,219,221,242,245,252,253,263,267,286,314,316,329,342,353,365,371
370:11,13,17,40,72,77,88,111,133,135,137,199,213,219,226,230,254,261,320,321,323,326,327,368,373,384
371:13,24,33,34,42,69,86,111,113,134,169,193,208,210,211,216,232,258,283,290,299,312,313,327,328,330,332,369,388,384
372:24,39,48,82,93,94,118,128,133,152,166,184,189,196,218,219,235,265,277,296,316,323,354,374
373:4,53,62,65,84,103,109,145,177,221,230,286,289,302,345,346,352,362,370,375
374:82,90,97,136,157,174,181,193,209,219,234,244,245,258,280,281,284,291,334,351,363,372,386
375:31,63,65,89,133,158,159,170,184,208,230,252,276,297,300,308,311,324,325,331,339,353,358,362,363,373,389
376:3,22,31,34,85,96,155,215,240,264,295,319,325,385
377:22,33,49,51,56,61,81,132,170,181,218,249,250,269,281,317,320,327,337,342,343,386,378
378:10,16,66,70,113,122,129,132,134,147,184,194,220,237,242,244,265,271,285,286,354,366,367,377,387,381,384
379:5,34,52,77,80,90,94,106,136,137,150,163,164,168,216,217,224,235,244,245,263,276,278,296,314,318,332,338,356,363,365,366,368,388
380:3,46,52,71,131,147,159,162,202,218,243,244,247,317,329,330,345,365,367,385
381:10,18,51,61,72,81,88,99,110,113,139,152,195,235,251,258,261,306,312,320,350,355,364,378,385,383
382:1,4,5,37,70,81,110,111,123,133,166,193,216,217,269,278,300,318,327,331,358,362,386,387
383:16,28,42,59,63,64,77,140,156,184,215,218,221,260,322,328,381,388
384:8,19,21,39,45,52,100,149,175,223,249,252,255,261,262,269,294,301,311,312,319,330,345,353,368,370,371,378,387
385:65,69,77,81,129,139,201,235,238,258,259,268,270,282,288,312,336,348,355,365,376,380,381,388
386:6,15,18,37,44,66,75,81,118,127,156,160,242,295,297,313,315,324,333,350,359,374,377,382,387
387:24,26,31,39,54,63,90,91,98,121,149,211,223,240,243,252,270,286,300,302,306,307,313,320,331,336,343,348,365,367,378,382,384,386,388
388:33,57,74,75,88,106,160,171,177,182,206,252,330,333,346,356,365,371,379,383,385,387,389
389:9,16,20,36,41,72,87,107,125,171,174,185,204,208,252,257,267,273,283,308,311,313,315,360,375,388
