0:157,13,26,58,97
1:49,94,152
2:134,30,98,116
3:31,148,259
4:25,62,146,160
5:68,53
6:123,49,177,203,211,255,256
7:123,60,102,118
8:120,143,219
9:98,96,103,154
10:79,46
11:191,57,152,227,269
12:213,33,103,195
13:0,38,93,120,204
14:136,53,89,269
15:122,95
16:239,57,101
17:37,75,103,199,200
18:243,33
19:269,56
20:165,191
21:203,56,139,176,232
22:127,153,222
23:233,100,178,246,269
24:205,59,136,183,186
25:4,157,178,239
26:0,178,104,123,240,241,245
27:187,30,67,203
28:212,81,163,248
29:49,73,174,207
30:2,27,91,45,71,80,163,198
31:3,100,98,257
32:154,48,119,134,177,214
33:12,18,184,98,238,268
34:150,62,104,251
35:115,58,217,221
36:129,56,82,199
37:17,99,144
38:13,126,102,169
39:98,101,123,252,256
40:176,59,74,91,158
41:85,104,105,226
42:202,248,268
43:170,143,179,187
44:129,50,68,208,212
45:30,252,262
46:10,214,209,256
47:176,115,162
48:32,63,82,90,123,259,267
49:1,6,29,170,134,183
50:44,199,92,111,156
51:54,151
52:85,103,197,229
53:5,14,120,269
54:51,110,67,128
55:167,93,98,198,201
56:19,21,36,77,104,121,138
57:11,16,113,88,253
58:0,35,234,93
59:24,40,136,98,119,123,126,149,178,180,200,225
60:7,138,65,135,176,200,236,262,265
61:228,103,115,213,252
62:4,34,150,110,217
63:48,206
64:189,79,163,236
65:60,131,211,216,223
66:118,70,225
67:27,54,265,84,221,242,252
68:5,44,86,194
69:128,163,187,241
70:66,95,109,137,251
71:30,217,76
72:224,82,92,226,245
73:29,162,126,184,220
74:40,80,180,195
75:17,245,83,124,133,191,194,225
76:71,205
77:56,144,237
78:125,110,159,213,235,251,252
79:10,64,111,187,222,264
80:30,74,247
81:28,203,160,165,196,244
82:36,48,72,175,184
83:75,266,197,260,269
84:67,208,92,124
85:41,52,172,132,198
86:68,205,196
87:184,179,210,264
88:57,253
89:14,191,150,205
90:48,102,100,213,259
91:30,40,195,167,185,231
92:50,72,84,231,182,264
93:13,55,58,109,130,141,186
94:1,182
95:15,70,140
96:9,183,104,208,210
97:0,114
98:2,9,31,33,39,55,59,219,135,200
99:37,200,194,236
100:23,31,90,226,111,195
101:16,39,149
102:7,38,90,156,113,175,183,212
103:9,12,17,52,61,154,160,175,223
104:26,34,41,56,96,224
105:41,197,110,195,201
106:231,161,173,177,212,233
107:261,158,184,264
108:216,214,227,257,264
109:70,93,127,152,169,191,250
110:54,62,78,105,138,120,205,246
111:50,79,100,235,129,159,197,261
112:221,125,141,183,190
113:57,102,161
114:97,126,159
115:35,47,61,248,136,188
116:2,258,263
117:235,118
118:7,66,117,148,134,187
119:32,59,146,139,244
120:8,13,53,110,187,231
121:56,148,204,259
122:15,163,202
123:6,7,26,39,48,59,221,174,177
124:75,84,131,247
125:78,112,248,156
126:38,59,73,114,249,130,223
127:22,109,151,257
128:54,69,259,153
129:36,44,111,156,230
130:93,126,143,192,240,245
131:65,124,244,143,152,200
132:85,173,231
133:75,224,176,198,258
134:2,32,49,118,258,139,235,251,264
135:60,98,177
136:14,24,59,115,192,163,260
137:70,241,147
138:56,60,110,210,143,212
139:21,119,134,238
140:95,266
141:93,112,229
142:245,175,213,252
143:8,43,130,131,138,179,206
144:37,77,180,222
145:185,206,209
146:4,119,160,213,249
147:137,188
148:3,118,121,220,171
149:59,101,168,156,233
150:34,62,89,228
151:51,127,186,221,251,254,266
152:1,11,109,131,252
153:22,128,173,175
154:9,32,103,238,164
155:218,263
156:50,102,125,129,149,170,195,229,259
157:0,25,213,177,228
158:40,107,220
159:78,111,114,247
160:4,81,103,146,252
161:106,113,260,201,223
162:47,73,256,178,236
163:28,30,64,69,122,136,254,205,262
164:154,189,184
165:20,81,171,206
166:216,250
167:55,91,215,213
168:149,260,188
169:38,109,200,176,250
170:43,49,156,188,260
171:148,165,211,217,230
172:85,178
173:106,132,153,201,224
174:29,123,258
175:82,102,103,142,153,196,181,189
176:21,40,47,60,133,169,185,262
177:6,32,106,123,135,157,250,251,259
178:23,25,26,59,162,172,232,183
179:43,87,143,260,203,237
180:59,74,144,235,236
181:175,203,266
182:92,94,186,188
183:24,49,96,102,112,178,243,209
184:33,73,82,87,107,164,212,268
185:91,145,176,255,187,246
186:24,93,151,182,205,206
187:27,43,69,79,118,120,185,189
188:115,147,168,170,182,234,255
189:64,164,175,187,193
190:112,236
191:11,20,75,89,109,202
192:130,136,206,237
193:189,231,208
194:68,75,99,219,204
195:12,74,91,100,105,156,261,269
196:81,86,175,208,260,267
197:52,83,105,111,248
198:30,55,85,133,212,250
199:17,36,50,208,262
200:17,59,60,98,99,131,169,242,201,268
201:55,105,161,173,200,202,248
202:42,122,191,201,239,221
203:6,21,27,81,179,181,237
204:13,121,194,256,210
205:24,76,86,89,110,163,186,241
206:63,143,145,165,186,192,236
207:29,235
208:44,84,96,193,196,199,263
209:46,145,183,233,247,258
210:87,96,138,204,266
211:6,65,171,251,227,242
212:28,44,102,106,138,184,198,243
213:12,61,78,90,142,146,157,167,239
214:32,46,108,259
215:167,236,221
216:65,108,166,256,223
217:35,62,71,171,245,258
218:155,265
219:8,98,194,250,253
220:73,148,158,260
221:35,67,112,123,151,202,215,263
222:22,79,144,234,226
223:65,103,126,161,216,259,245
224:72,104,133,173,259
225:59,66,75,234
226:41,72,100,222,252,268
227:11,108,211,233,229
228:61,150,157,251,257
229:52,141,156,227,251
230:129,171,245,239
231:91,92,106,120,132,193,265,232
232:21,178,231,264
233:23,106,149,209,227,242
234:58,188,222,225,240
235:78,111,117,134,180,207,260
236:60,64,99,162,180,190,206,215,237
237:77,179,192,203,236,267,264
238:33,139,154,239
239:16,25,202,213,230,238,243,268
240:26,130,234,255,247
241:26,69,137,205,248,247
242:67,200,211,233,253
243:18,183,212,239,261
244:81,119,131,268
245:26,72,75,130,142,217,223,230,260,269
246:23,110,185,268
247:80,124,159,209,240,241,261
248:28,42,115,125,197,201,241,268
249:126,146,257
250:109,166,169,177,198,219,264
251:34,70,78,134,151,177,211,228,229,253,264
252:39,45,61,67,78,142,152,160,226,260
253:57,88,219,242,251,267,255
254:151,163,268
255:6,185,188,240,253,264
256:6,39,46,162,204,216,261
257:31,108,127,228,249,268
258:116,133,134,174,209,217,268
259:3,48,90,121,128,156,177,214,223,224,267,265
260:83,136,161,168,170,179,196,220,235,245,252,263
261:107,111,195,243,247,256,269
262:45,60,163,176,199,264
263:116,155,208,221,260,267
264:79,87,92,107,108,134,232,237,250,251,255,262,267
265:60,67,218,231,259,267
266:83,140,151,181,210,268
267:48,196,237,253,259,263,264,265,268
268:33,42,184,200,226,239,244,246,248,254,257,258,266,267,269
269:11,14,19,23,53,83,195,245,261,268
