0:17,3,5,7,11,12,14,16,20,22,24,27,28,31,33,34,36,37,38,39,40,43,46,48,49,53,55,57,59,61,62,64,65,67,70,72,73,74,75,79,80,83,85,87,90,91,92,95,100,105,108,110,111,113,115,117
1:94,2,3,5,7,9,10,14,16,18,19,21,22,26,27,28,29,34,35,36,41,42,45,47,48,52,54,57,59,60,61,62,64,65,66,67,69,72,73,78,81,82,83,84,86,87,88,93,99,100,101,102,106,107,108,109,111,113,115,118
2:1,102,4,5,6,8,9,11,12,14,15,17,18,21,25,29,31,32,33,35,38,43,44,46,47,48,50,53,57,58,61,65,66,70,75,77,79,80,84,85,87,88,90,92,93,94,96,98,101,103,105,107,108,109,110,112,114,117,118
3:0,1,45,4,7,8,11,12,20,21,22,25,27,28,29,33,34,37,38,39,41,48,49,51,52,53,55,58,59,60,61,64,66,67,70,71,72,73,76,78,79,80,82,83,84,86,87,88,89,90,91,93,98,101,102,103,105,107,108,112,116
4:2,3,78,6,7,8,14,17,19,20,21,23,26,29,30,33,35,36,37,38,39,41,42,43,44,47,48,52,53,55,57,59,61,64,70,71,74,77,79,83,84,85,86,87,91,93,97,98,99,100,102,103,104,106,109,112,116,118,119
5:0,1,2,103,6,7,11,12,14,16,17,18,20,21,22,26,27,30,33,34,35,37,38,39,40,43,46,47,48,50,51,54,55,58,60,65,66,68,70,71,72,75,78,79,82,83,85,86,87,88,89,90,93,94,97,99,100,107,108,110,111,112
6:2,4,5,13,12,14,16,21,24,25,26,31,33,35,36,37,38,39,40,41,43,44,49,50,53,55,56,61,63,67,70,74,75,78,81,82,83,85,87,88,90,96,98,100,104,106,108,110,111,112
7:0,1,3,4,5,108,10,12,13,14,17,21,22,25,27,32,33,35,37,40,41,43,44,45,46,47,48,49,50,51,53,55,56,57,58,61,63,64,65,67,69,70,71,72,75,76,78,79,80,82,84,89,90,91,92,93,99,100,103,104,105,107,112,115,116,119
8:2,3,4,37,9,10,12,14,15,16,17,18,20,21,22,24,25,27,29,31,32,34,39,40,42,43,45,50,52,54,55,57,58,62,63,65,66,68,69,70,72,74,80,81,83,87,88,89,90,91,92,94,99,101,102,107,110,111,112,115
9:1,2,8,93,12,14,15,17,18,23,26,27,33,39,42,43,45,46,49,50,54,59,60,64,65,67,68,72,73,78,80,84,85,86,88,90,91,92,94,96,97,99,100,102,103,104,108,109,111,114,115,119
10:1,7,8,24,14,18,21,31,34,36,37,40,41,42,43,45,46,47,49,50,51,53,54,55,56,57,59,64,65,67,69,70,71,73,76,81,82,83,87,90,94,99,101,106,108,109,111,112,113,114,117,118
11:0,2,3,5,23,12,16,19,24,26,33,35,37,39,40,41,46,48,51,55,58,59,63,64,67,69,70,73,74,77,82,85,89,90,95,97,99,101,102,103,104,105,106,110,111,114,116,117,119
12:0,2,3,5,6,7,8,9,11,76,13,18,20,24,31,32,33,34,37,39,40,41,42,43,44,45,47,48,49,50,51,52,54,56,57,59,60,61,62,63,64,65,68,70,72,74,78,79,80,82,83,86,87,95,96,99,100,105,107,108,109,111,112,113,116
13:6,7,12,77,15,18,19,20,21,22,24,25,26,29,31,32,35,37,39,44,45,46,47,48,53,55,56,58,59,60,63,65,68,71,72,74,76,81,82,83,84,89,90,91,95,101,105,108,110,112,113,116,118
14:0,1,2,4,5,6,7,8,9,10,75,16,18,20,22,27,29,33,35,38,44,45,48,49,50,55,56,61,62,63,65,66,67,70,71,72,80,81,83,85,86,88,89,90,92,96,99,100,101,102,104,107,108,109,111,113,114,115,116,118,119
15:2,8,9,13,16,19,20,26,27,28,29,30,31,33,35,36,39,45,46,49,52,53,56,57,58,62,63,65,67,70,79,80,81,85,87,90,93,95,96,98,99,101,102,103,105,106,108,111,113,119
16:0,1,5,6,8,11,14,15,17,22,25,27,29,32,33,35,39,42,45,51,58,59,60,61,62,68,72,73,75,76,77,80,81,82,84,91,93,94,95,97,98,99,100,103,104,105,106,108,109,110,113,115,117
17:0,2,4,5,7,8,9,16,118,18,20,21,22,23,24,25,27,29,31,33,34,36,38,39,41,42,43,44,45,46,49,50,53,63,65,66,67,70,71,72,81,86,87,88,89,91,92,96,100,103,107,109,110,115,117
18:1,2,5,8,9,10,12,13,14,17,77,19,23,24,26,28,30,31,35,36,38,41,43,47,51,52,56,57,59,61,64,65,67,73,74,76,79,80,81,83,84,86,87,93,95,97,98,102,103,108,109,114,115,116,117
19:1,4,11,13,15,18,65,21,22,26,28,32,36,38,39,40,41,42,43,44,46,47,48,55,56,58,59,61,62,67,68,75,76,77,79,81,82,83,85,95,102,103,105,108,111,115,116,118,119
20:0,3,4,5,8,12,13,14,15,17,112,23,24,29,30,32,33,34,37,39,40,41,44,45,47,48,49,50,51,53,54,55,58,66,68,72,73,74,75,76,77,80,81,82,83,89,90,93,94,95,96,97,98,100,103,105,106,107,109,110,118
21:1,2,3,4,5,6,7,8,10,13,17,19,51,22,25,36,37,38,39,41,52,53,54,55,64,65,66,67,68,71,73,78,79,81,86,88,89,90,91,92,93,96,98,102,103,104,105,111,113,117,118
22:0,1,3,5,7,8,13,14,16,17,19,21,117,24,25,27,29,30,31,32,34,35,37,39,40,42,45,47,50,53,58,59,66,67,69,72,75,77,79,83,86,89,90,91,92,93,97,99,103,105,106,107,108,110,111,113,114,115,116,118,119
23:4,9,11,17,18,20,45,24,25,27,28,29,31,32,34,36,37,39,40,41,42,43,44,48,49,50,51,52,56,57,58,59,65,68,69,70,72,74,77,80,81,82,83,84,87,88,90,94,96,98,102,104,105,106,107,108,112,114,115,116,117,118,119
24:0,6,8,10,11,12,13,17,18,20,22,23,31,25,27,28,32,34,35,36,37,38,41,42,45,46,47,51,56,58,59,60,62,65,68,69,72,73,74,75,78,79,80,82,83,84,87,88,89,92,96,98,100,104,105,107,109,112,113,114,118,119
25:2,3,6,7,8,13,16,17,21,22,23,24,110,27,28,29,32,35,37,40,41,43,45,46,47,49,55,57,59,60,62,63,64,65,68,71,72,73,74,76,77,82,83,84,88,90,91,92,96,98,99,101,102,109,111,113,114,115,116,118
26:1,4,5,6,9,11,13,15,18,19,50,27,28,29,32,35,36,39,42,43,44,46,47,48,49,54,57,58,64,67,69,70,74,76,80,82,83,84,87,88,90,91,94,100,101,104,105,106,108,109,110,113,117
27:0,1,3,5,7,8,9,14,15,16,17,22,23,24,25,26,61,28,32,33,34,35,37,39,40,41,42,44,46,47,50,51,52,53,58,63,67,69,72,75,77,79,81,83,84,93,94,95,98,101,105,107,108,111,112,114,115,116
28:0,1,3,15,18,19,23,24,25,26,27,70,29,31,33,38,41,42,43,46,47,49,53,54,55,56,57,59,62,64,65,66,69,72,73,77,78,80,81,85,86,87,88,89,91,92,93,94,95,98,99,100,104,105,106,108,109,110,112,115,117,119
29:1,2,3,4,8,13,14,15,16,17,20,22,23,25,26,28,87,30,31,35,36,39,40,44,45,49,50,51,54,60,62,63,66,67,68,75,76,77,78,79,81,85,86,90,93,96,100,104,105,107,109,111,115,116,117
30:4,5,15,18,20,22,29,116,32,34,37,38,42,45,47,49,54,55,57,58,62,63,64,65,67,68,69,71,73,74,75,76,78,82,85,88,89,90,94,95,96,97,98,99,104,108,109,112,113,115,117
31:0,2,6,8,10,12,13,15,17,18,22,23,24,28,29,72,32,34,35,36,38,39,42,44,49,50,51,55,57,58,59,60,62,64,71,75,79,80,81,89,91,93,94,97,98,101,103,105,112,114,116,117,118
32:2,7,8,12,13,16,19,20,22,23,24,25,26,27,30,31,89,33,35,36,38,40,42,43,46,49,53,54,55,57,61,63,65,66,68,72,73,75,76,77,78,82,83,84,85,86,88,91,92,93,94,96,97,100,102,103,104,106,107,109,112,114,119
33:0,2,3,4,5,6,7,9,11,12,14,15,16,17,20,27,28,32,87,34,36,39,40,41,42,43,45,49,50,51,53,54,56,58,59,60,61,62,64,65,66,69,70,71,72,76,77,78,81,85,86,88,89,94,95,97,98,105,108,109,114,116,117
34:0,1,3,5,8,10,12,17,20,22,23,24,27,30,31,33,77,35,37,41,42,43,44,45,46,48,49,50,51,52,54,56,57,60,64,65,66,68,71,72,73,74,75,79,80,82,84,86,87,88,92,93,94,95,97,98,100,106,111,114,117,118
35:1,2,4,5,6,7,11,13,14,15,16,18,22,24,25,26,27,29,31,32,34,117,36,37,38,39,42,43,44,46,47,49,51,52,53,55,56,57,58,62,64,65,66,69,70,73,74,75,76,77,82,88,89,91,92,93,94,95,97,98,99,101,102,105,111,114,119
36:0,1,4,6,10,15,17,18,19,21,23,24,26,29,31,32,33,35,95,37,38,39,40,41,43,47,49,52,53,54,55,60,62,67,68,70,71,77,78,79,82,83,88,91,92,94,103,104,107,109,110,112,113,116,117,119
37:0,3,4,5,6,7,8,10,11,12,13,20,21,22,23,24,25,27,30,34,35,36,43,42,47,48,51,53,56,61,62,63,64,66,68,69,70,72,73,76,77,80,82,84,87,88,89,90,92,96,98,102,107,112,113,114,116,117,119
38:0,2,3,4,5,6,14,17,18,19,21,24,28,30,31,32,35,36,103,40,45,48,52,53,55,56,58,61,63,65,68,69,70,71,76,77,82,84,86,88,89,92,93,95,97,99,101,106,107,111,112,116,118
39:0,3,4,5,6,8,9,11,12,13,15,16,17,19,20,21,22,23,26,27,29,31,33,35,36,80,42,43,46,47,49,53,54,55,56,58,61,64,65,66,68,71,75,79,83,89,90,91,100,101,102,107,110,112,113,114,119
40:0,5,6,7,8,10,11,12,19,20,22,23,25,27,29,32,33,36,38,87,44,48,49,51,52,53,56,58,59,64,65,66,69,70,73,75,78,81,82,85,86,90,92,95,97,98,104,110,115,116,117,118
41:1,3,4,6,7,10,11,12,17,18,19,20,21,23,24,25,27,28,33,34,36,80,42,45,46,48,49,50,52,55,57,59,61,63,65,67,70,72,78,83,85,87,92,94,95,96,97,98,99,101,103,105,106,107,109,113,115,117
42:1,4,8,9,10,12,16,17,19,22,23,24,26,27,28,30,31,32,33,34,35,37,39,41,52,44,45,47,48,50,53,54,56,57,58,61,63,65,66,68,70,72,73,74,76,77,79,83,84,85,86,87,88,89,91,96,102,103,104,105,106,107,108,110,111,113,114,117,118
43:0,2,4,5,6,7,8,9,10,12,17,18,19,23,25,26,28,32,33,34,35,36,37,39,119,46,47,48,53,54,58,59,60,61,63,65,66,67,68,70,73,74,77,78,80,82,84,85,86,87,88,89,90,92,93,96,97,98,100,101,104,105,106,107,108,109,111,112,113,116
44:2,4,6,7,12,13,14,17,19,20,23,26,27,29,31,34,35,40,42,56,48,49,51,52,54,55,59,61,67,71,76,81,86,88,91,92,94,95,97,100,105,106,107,108,110,114,117,118
45:1,3,7,8,9,10,12,13,14,15,16,17,20,22,23,24,25,29,30,33,34,38,41,42,69,46,47,48,49,50,51,55,56,58,59,61,62,65,67,68,71,74,75,76,77,80,85,86,87,90,96,98,99,100,104,105,106,108,110,114,119
46:0,2,5,7,9,10,11,13,15,17,19,24,25,26,27,28,32,34,35,39,41,43,45,106,48,53,55,58,62,63,64,66,70,71,72,80,81,83,85,86,89,96,98,99,100,107,108,109,110,112,113,116,117,118,119
47:1,2,4,5,7,10,12,13,18,19,20,22,24,25,26,27,28,30,35,36,37,39,42,43,45,112,48,49,50,53,54,55,58,61,63,64,69,71,72,75,78,79,80,82,83,88,89,91,94,95,96,98,99,102,106,108,109,110,111,114,115,116,117,118,119
48:0,1,2,3,4,5,7,11,12,13,14,19,20,23,26,34,37,38,40,41,42,43,44,45,46,47,75,49,55,56,57,60,61,63,64,67,69,70,71,73,74,76,77,83,88,90,91,92,93,94,95,97,102,103,111,113,114,118,119
49:0,3,6,7,9,10,12,14,15,17,20,23,25,26,28,29,30,31,32,33,34,35,36,39,40,41,44,45,47,48,101,50,54,55,57,60,62,63,64,65,66,67,69,71,74,78,80,84,85,88,89,90,92,94,97,99,102,104,105,106,107,110,111,116,117
50:2,5,6,7,8,9,10,12,14,17,20,22,23,26,27,29,31,33,34,41,42,45,47,49,83,51,52,53,54,55,56,57,58,63,64,66,68,71,76,79,81,82,88,89,92,93,94,95,96,97,98,99,100,104,106,107,109,114,117,118
51:3,5,7,10,11,12,16,18,20,21,23,24,27,29,31,33,34,35,37,40,44,45,50,96,53,55,57,59,61,63,65,68,69,73,77,79,80,82,84,85,87,88,90,91,94,97,99,100,102,104,105,106,110,111,115,116,118
52:1,3,4,8,12,15,18,21,23,27,34,35,36,38,40,41,42,44,50,64,53,56,58,59,62,67,68,69,73,76,77,82,83,89,90,92,95,97,98,100,101,107,110,115,117,119
53:0,2,3,4,6,7,10,13,15,17,20,21,22,27,28,32,33,35,36,37,38,39,40,42,43,46,47,50,51,52,65,54,56,57,58,60,63,68,69,71,72,73,77,78,81,85,86,88,89,91,99,102,104,106,109,111,114,115,116,118
54:1,5,8,9,10,12,20,21,26,28,29,30,32,33,34,36,39,42,43,44,47,49,50,53,85,57,61,64,66,68,69,70,72,73,74,75,78,79,81,83,84,87,91,93,94,95,98,100,108,111,112,113,114,115,116,117,118
55:0,3,4,5,6,7,8,10,11,13,14,19,20,21,25,28,30,31,32,35,36,38,39,41,44,45,46,47,48,49,50,51,114,56,57,63,64,65,66,72,73,74,76,78,79,80,81,82,84,86,92,94,96,97,99,103,104,105,106,108,109,112,113,116
56:6,7,10,12,13,14,15,18,19,23,24,28,33,34,35,37,38,39,40,42,44,45,48,50,52,53,55,85,61,62,63,66,69,75,77,78,79,81,82,83,86,87,88,89,92,93,97,98,101,103,104,105,107,115,116,117
57:0,1,2,4,7,8,10,12,15,18,23,25,26,28,30,31,32,34,35,41,42,48,49,50,51,53,54,55,70,60,63,64,65,66,69,71,74,78,80,82,85,86,88,89,93,96,97,100,101,103,106,111,113,116,119
58:2,3,5,7,8,11,13,15,16,19,20,22,23,24,26,27,30,31,33,35,38,39,40,42,43,45,46,47,50,52,53,68,61,63,65,66,70,71,72,76,77,81,83,84,85,86,91,92,97,99,100,103,109,111,113,115,116,117,119
59:0,1,3,4,9,10,11,12,13,16,18,19,22,23,24,25,28,31,33,40,41,43,44,45,51,52,86,64,66,67,68,69,70,71,72,73,76,80,83,85,87,88,89,90,92,93,96,97,98,99,101,103,104,109,110,114,118
60:1,3,5,9,12,13,16,24,25,29,31,33,34,36,43,48,49,53,57,78,65,70,74,77,79,81,82,84,86,88,89,90,91,93,98,99,106,109,112,113,114,115,116,117,118,119
61:0,1,2,3,4,6,7,12,14,16,18,19,27,32,33,37,38,39,41,42,43,44,45,47,48,51,54,56,58,105,64,72,73,74,77,78,79,80,81,82,84,85,86,87,88,91,96,99,100,101,106,107,111,114,115,118,119
62:0,1,8,12,14,15,16,19,24,25,28,29,30,31,33,35,36,37,45,46,49,52,56,71,63,64,65,69,75,77,80,83,85,86,91,92,94,99,104,112,113,115
63:6,7,8,11,12,13,14,15,17,25,27,29,30,32,37,38,41,42,43,46,47,48,49,50,51,53,55,56,57,58,62,80,66,68,69,74,76,77,78,81,84,86,91,92,93,94,95,97,98,99,102,103,105,106,108,111,112,113,115,117
64:0,1,3,4,7,9,10,11,12,18,21,25,26,28,30,31,33,34,35,37,39,40,46,47,48,49,50,52,54,55,57,59,61,62,67,69,70,71,75,77,80,81,82,88,90,91,93,95,96,97,98,101,103,105,107,109,110,111,114,117
65:0,1,2,5,7,8,9,10,12,13,14,15,17,18,19,21,23,24,25,28,30,32,33,34,35,38,39,40,41,42,43,45,49,51,53,55,57,58,60,62,71,66,67,68,72,73,76,77,78,80,83,84,85,86,89,90,95,96,97,98,100,101,103,105,107,109,111,115,116,118
66:1,2,3,5,8,14,17,20,21,22,28,29,32,33,34,35,37,39,40,42,43,46,49,50,54,55,56,57,58,59,63,65,106,67,68,69,70,71,72,74,75,76,79,81,83,84,88,92,94,96,102,103,109,110,114,116,117,118
67:0,1,3,6,7,9,10,11,14,15,17,18,19,21,22,26,27,29,30,36,41,43,44,45,48,49,52,59,64,65,66,110,71,75,78,80,86,88,91,92,94,95,96,97,100,101,105,111,113,114,118
68:5,8,9,12,13,16,19,20,21,23,24,25,29,30,32,34,36,37,38,39,42,43,45,50,51,52,53,54,58,59,63,65,66,77,69,73,78,79,80,81,82,88,90,91,92,93,96,100,102,103,104,106,107,108,112,113,116,117,119
69:1,7,8,10,11,22,23,24,26,27,28,30,33,35,37,38,40,45,47,48,49,51,52,53,54,56,57,59,62,63,64,66,68,97,71,72,75,77,79,82,84,85,87,91,92,94,95,98,99,101,102,103,105,106,108,112,113,115
70:0,2,3,4,5,6,7,8,10,11,12,14,15,17,23,26,28,33,35,36,37,38,40,41,42,43,46,48,54,57,58,59,60,64,66,93,76,78,81,82,83,84,85,86,88,89,90,91,95,97,98,100,102,103,105,106,113,114,115,116
71:3,4,5,7,10,13,14,17,21,25,30,31,33,34,36,38,39,44,45,46,47,48,49,50,53,57,58,59,62,64,65,66,67,69,101,74,75,76,77,80,84,85,86,87,89,92,93,96,98,100,102,105,107,108,109,111,112,116,117
72:0,1,3,5,7,8,9,12,13,14,16,17,20,22,23,24,25,27,28,31,32,33,34,37,41,42,46,47,53,54,55,58,59,61,65,66,69,83,77,84,88,89,91,96,100,101,104,106,107,109,111,114,115,116
73:0,1,3,9,10,11,16,18,20,21,24,25,28,30,32,34,35,37,40,42,43,48,51,52,53,54,55,59,61,65,68,113,74,78,79,89,90,91,97,100,101,103,105,108,110,114,116
74:0,4,6,8,11,12,13,18,20,23,24,25,26,30,34,35,42,43,45,48,49,54,55,57,60,61,63,66,71,73,77,76,78,80,85,87,89,90,91,94,96,97,98,100,102,103,108,110
75:0,2,5,6,7,14,16,19,20,22,24,27,29,30,31,32,34,35,39,40,45,47,48,54,56,62,64,66,67,69,71,79,80,81,82,83,86,91,92,95,97,98,99,103,104,106,109,110,112,113,115,116,117
76:3,7,10,12,13,16,18,19,20,25,26,29,30,32,33,35,37,38,42,44,45,48,50,52,55,58,59,63,65,66,70,71,74,111,77,79,81,82,84,85,87,88,90,91,92,93,96,103,105,106,110,113,116,118,119
77:2,4,11,13,16,18,19,20,22,23,25,27,28,29,32,33,34,35,36,37,38,42,43,45,48,51,52,53,56,58,60,61,62,63,64,65,68,69,71,72,74,76,87,78,79,80,81,82,83,85,88,90,96,97,98,99,100,101,103,106,108,110,111,116,119
78:1,3,4,5,6,7,9,12,21,24,28,29,30,32,33,36,40,41,43,47,49,53,54,55,56,57,60,61,63,65,67,68,70,73,74,77,105,80,81,83,84,85,87,88,89,91,93,94,106,107,108,113,116,118,119
79:0,2,3,4,5,7,12,15,18,19,21,22,24,27,29,31,34,36,39,42,47,50,51,54,55,56,60,61,66,68,69,73,75,76,77,83,81,82,85,86,87,90,93,95,96,97,98,99,100,105,106,107,109,110,111,113,115,119
80:0,2,3,7,8,9,12,14,15,16,18,20,23,24,26,28,31,34,37,39,41,43,45,46,47,49,51,55,57,59,61,62,63,64,65,67,68,71,74,75,77,78,109,84,86,90,96,97,100,102,107,108,110,111,112,115,116,118
81:1,6,8,10,13,14,15,16,17,18,19,20,21,23,27,28,29,31,33,40,44,46,50,53,54,55,56,58,60,61,63,64,66,68,70,75,76,77,78,79,104,86,88,93,95,96,98,99,101,102,105,108,109,111,114,115,116,118,119
82:1,3,5,6,7,10,11,12,13,16,19,20,23,24,25,26,30,32,34,35,36,37,38,40,43,47,50,51,52,55,56,57,60,61,64,68,69,70,75,76,77,79,83,84,85,88,91,96,97,98,103,107,108,110,112,113,115,116,117,118
83:0,1,3,4,5,6,8,10,12,13,14,18,19,20,22,23,24,25,26,27,32,36,39,41,42,46,47,48,50,52,54,56,58,59,62,65,66,70,72,75,77,78,79,82,97,84,85,86,88,90,91,95,99,100,101,102,103,107,108,109,110,111,113,115,119
84:1,2,3,4,7,9,13,16,18,23,24,25,26,27,32,34,37,38,42,43,49,51,54,55,58,60,61,63,65,66,69,70,71,72,76,78,80,82,83,105,85,86,87,88,90,94,97,100,104,111,113,114,115
85:0,2,4,5,6,9,11,14,15,19,28,29,30,32,33,40,41,42,43,45,46,49,51,53,54,56,57,58,59,61,62,65,69,70,71,74,76,77,78,79,82,83,84,92,87,90,91,95,97,101,102,104,110,112,114,115,116,118,119
86:1,3,4,5,9,12,14,17,18,21,22,28,29,32,33,34,38,40,42,43,44,45,46,53,55,56,57,58,59,60,61,62,63,65,67,70,71,75,79,80,81,83,84,90,88,94,96,97,99,101,108,109,112,113,116
87:0,1,2,3,4,5,6,8,10,12,15,17,18,23,24,26,28,29,33,34,37,40,41,42,43,45,51,54,56,59,61,69,71,74,76,77,78,79,84,85,88,93,95,96,98,100,106,107,110,111,118,119
88:1,2,3,5,6,8,9,14,17,21,23,24,25,26,28,30,32,33,34,35,36,37,38,42,43,44,47,48,49,50,51,53,56,57,59,60,61,64,66,67,68,70,72,76,77,78,81,82,83,84,86,87,91,89,90,93,94,98,99,100,103,104,107,108,110,112,114,117,118,119
89:3,5,7,8,11,13,14,17,20,21,22,24,28,30,31,32,33,35,37,38,39,42,43,46,47,49,50,52,53,56,57,59,60,65,70,71,72,73,74,78,88,115,94,96,97,98,99,101,104,105,113,114,119
90:0,2,3,5,6,7,8,9,10,11,13,14,15,20,21,22,23,25,26,29,30,37,39,40,43,45,48,49,51,52,59,60,64,65,68,70,73,74,76,77,79,80,83,84,85,86,88,101,94,95,97,99,100,102,107,116,117,119
91:0,3,4,7,8,9,13,16,17,21,22,25,26,28,31,32,35,36,39,42,44,47,48,51,53,54,58,60,61,62,63,64,67,68,69,70,72,73,74,75,76,78,82,83,85,88,94,96,102,106,107,110,111,112,114,115,116,118
92:0,2,7,8,9,14,17,21,22,24,25,28,32,34,35,36,37,38,40,41,43,44,48,49,50,52,55,56,58,59,62,63,66,67,68,69,71,75,76,85,115,98,100,102,106,107,108,110,111,112,113
93:1,2,3,4,5,7,9,15,16,18,20,21,22,27,28,29,31,32,34,35,38,43,48,50,54,56,57,59,60,63,64,68,70,71,76,78,79,81,87,88,106,96,97,98,100,101,103,107,108,110,112,113,114,119
94:1,2,5,8,9,10,16,20,23,26,27,28,30,31,32,33,34,35,36,41,44,47,48,49,50,51,54,55,62,63,66,67,69,74,78,84,86,88,89,90,91,103,97,99,100,104,106,108,110,111,114,116
95:0,11,12,13,15,16,18,19,20,27,28,30,33,34,35,36,38,40,41,44,47,48,50,52,54,63,64,65,67,69,70,75,79,81,83,85,87,90,111,98,99,100,101,102,104,105,106,109,112,113,114,115,116,117,118,119
96:2,6,9,12,14,15,17,20,21,23,24,25,29,30,32,37,41,42,43,45,46,47,50,51,55,57,59,61,64,65,66,67,68,71,72,74,76,77,79,80,81,82,86,87,89,91,93,108,100,101,102,103,105,106,110,112,114,115,117,119
97:4,5,9,11,16,18,20,22,30,31,32,33,34,35,38,40,41,43,44,48,49,50,51,52,55,56,57,58,59,63,64,65,67,69,70,73,74,75,77,79,80,82,83,84,85,86,89,90,93,94,104,99,103,111,113,117
98:2,3,4,6,15,16,18,20,21,23,24,25,27,28,30,31,33,34,35,37,40,41,43,45,46,47,50,52,54,56,59,60,63,64,65,69,70,71,74,75,77,79,81,82,87,88,89,92,93,95,105,99,100,101,103,106,108,109,110,113,117,118,119
99:1,4,5,7,8,9,10,11,12,14,15,16,22,25,28,30,35,38,41,45,46,47,49,50,51,53,55,58,59,60,61,62,63,69,75,77,79,81,83,86,88,89,90,94,95,97,98,115,102,107,111,112,113,114,117,118
100:0,1,4,5,6,7,9,12,14,16,17,20,24,26,28,29,32,34,39,43,44,45,46,50,51,52,54,57,58,61,65,67,68,70,71,72,73,74,77,79,80,83,84,87,88,90,92,93,94,95,96,98,104,103,105,106,108,110,111,112,113,116,117,118
101:1,2,3,8,10,11,13,14,15,25,26,27,31,35,38,39,41,43,49,52,56,57,59,61,64,65,67,69,71,72,73,77,81,83,85,86,89,90,93,95,96,98,111,103,104,105,108,112,113,115,116,118
102:1,2,3,4,8,9,11,14,15,18,19,21,23,25,32,35,37,39,42,47,48,49,51,53,63,66,68,69,70,71,74,80,81,83,85,90,91,92,95,96,99,108,104,105,106,107,110,112,115,116,118
103:2,3,4,5,7,9,11,15,16,17,18,19,20,21,22,31,32,36,38,41,42,48,55,56,57,58,59,63,64,65,66,68,69,70,73,74,75,76,77,82,83,88,93,94,96,97,98,100,101,106,105,109,110,111,112,113,115,118
104:4,6,7,9,11,14,16,21,23,24,26,28,29,30,32,36,40,42,43,45,49,50,51,53,55,56,59,62,68,72,75,81,84,85,88,89,94,95,97,100,101,102,107,105,108,109,111,114,116,119
105:0,2,3,7,11,12,13,15,16,19,20,21,22,23,24,26,27,28,29,31,33,35,41,42,43,44,45,49,51,55,56,61,63,64,65,67,69,70,71,73,76,78,79,81,84,89,95,96,98,100,101,102,103,104,107,106,109,112,113,115,117
106:1,4,6,10,11,15,16,20,22,23,26,28,32,34,38,41,42,43,44,45,46,47,49,50,51,53,55,57,60,61,63,66,68,69,70,72,75,76,77,78,79,87,91,92,93,94,95,96,98,100,102,103,105,116,109,113,115,118,119
107:1,2,3,5,7,8,12,14,17,20,22,23,24,27,29,32,36,37,38,39,41,42,43,44,46,49,50,52,56,61,64,65,68,71,72,78,79,80,82,83,87,88,90,91,92,93,99,102,104,105,118,108,117
108:0,1,2,3,5,6,7,9,10,12,13,14,15,16,18,19,22,23,26,27,28,30,33,42,43,44,45,46,47,54,55,63,68,69,71,73,74,77,78,80,81,82,83,86,88,92,93,94,96,98,100,101,102,104,107,118,109,114,119
109:1,2,4,9,10,12,14,16,17,18,20,24,25,26,28,29,30,32,33,36,41,43,46,47,50,53,55,58,59,60,64,65,66,71,72,75,79,80,81,83,86,95,98,103,104,105,106,108,112,113,115,116,119
110:0,2,5,6,8,11,13,16,17,20,22,25,26,28,36,39,40,42,44,45,46,47,49,51,52,59,64,66,67,73,74,75,76,77,79,80,82,83,85,87,88,91,92,93,94,96,98,100,102,103,113,112,116,117,118
111:0,1,5,6,8,9,10,11,12,14,15,19,21,22,25,27,29,34,35,38,42,43,47,48,49,51,53,54,57,58,61,63,64,65,67,71,72,76,77,79,80,81,83,84,87,91,92,94,95,97,99,100,101,103,104,115,114
112:2,3,4,5,6,7,8,10,12,13,20,23,24,27,28,30,31,32,36,37,38,39,43,46,47,54,55,60,62,63,68,69,71,75,80,82,85,86,88,91,92,93,95,96,99,100,101,102,103,105,109,110,119,115,117,118
113:0,1,10,12,13,14,15,16,21,22,24,25,26,30,36,37,39,41,42,43,46,48,54,55,57,58,60,62,63,67,68,69,70,73,75,76,78,79,82,83,84,86,89,92,93,95,97,98,99,100,101,103,105,106,109,110,117,115,116
114:2,9,10,11,14,18,22,23,24,25,27,31,32,33,34,35,37,39,42,44,45,47,48,50,53,54,55,59,60,61,64,66,67,70,72,73,81,84,85,88,89,91,93,94,95,96,99,104,108,111,115,116
115:0,1,7,8,9,14,16,17,18,19,22,23,25,27,28,29,30,40,41,47,51,52,53,54,56,58,60,61,62,63,65,69,70,72,75,79,80,81,82,83,84,85,89,91,92,95,96,99,101,102,103,105,106,109,111,112,113,114,116,117,118
116:3,4,7,11,12,13,14,18,19,22,23,25,27,29,30,31,33,36,37,38,40,43,46,47,49,51,53,54,55,56,57,58,60,65,66,68,70,71,72,73,75,76,77,78,80,81,82,85,86,90,91,94,95,100,101,102,104,106,109,110,113,114,115,117,119
117:0,2,10,11,16,17,18,21,22,23,26,28,29,30,31,33,34,35,36,37,40,41,42,44,46,47,49,50,52,54,56,58,60,63,64,66,68,71,75,82,88,90,95,96,97,98,99,100,105,107,110,112,113,115,116,118,119
118:1,2,4,10,13,14,17,19,20,21,22,23,24,25,31,34,38,40,42,44,46,47,48,50,51,53,54,59,60,61,65,66,67,76,78,80,81,82,85,87,88,91,95,98,99,100,101,102,103,106,107,108,110,112,115,117,119
119:4,7,9,11,14,15,19,22,23,24,28,32,35,36,37,39,43,45,46,47,48,52,57,58,60,61,68,76,77,78,79,81,83,85,87,88,89,90,93,95,96,98,104,106,108,109,112,116,117,118
