0:111,13,20,21,25,29,43,45,49,63,71,81,86,100,116,120,128,129,139,140,159,165,184,223,232,238,240,253,257,258,270,290,307,315,350,351,352,381,382,393,394,396,397,417,418,419,427,430,446,457
1:147,17,21,25,38,42,77,93,97,101,120,125,133,135,137,160,188,205,221,222,225,237,252,258,261,281,304,313,314,316,318,319,320,322,324,327,334,346,358,373,375,382,386,394,399,415,425,430,444,451,460,462
2:312,15,16,29,44,52,55,63,69,80,85,86,105,113,116,118,121,138,143,145,177,178,191,201,215,253,257,278,282,301,367,371,383,387,394,426,431,440,448,455,457,460,461
3:229,21,37,45,55,78,80,84,91,98,103,119,134,136,139,145,166,168,173,179,183,186,203,211,214,220,245,247,248,255,269,281,286,288,308,309,320,322,339,370,377,378,395
4:189,7,25,28,44,73,77,108,153,154,164,225,255,262,263,287,289,292,294,295,296,297,302,321,333,351,356,374,377,380,407,409,415,424,438,439,441,457,461,465
5:71,6,9,21,37,42,50,57,60,88,93,110,151,160,161,162,168,180,186,187,194,195,211,249,271,287,291,309,312,313,317,321,323,334,341,356,359,379,380,381,405,406,422,423,425,427,435,455,463,467
6:5,267,11,27,29,44,47,55,58,60,78,89,116,124,130,133,152,175,176,185,189,207,235,269,286,312,315,339,344,358,359,387,391,393,411,419,431,436,445,451,454,458,463,464
7:4,10,8,28,43,49,50,70,91,100,127,145,150,154,206,210,213,229,240,248,253,259,264,266,279,302,306,317,319,350,359,375,381,388,400,407,421,429,436,455,456,465
8:7,275,12,15,37,51,80,100,101,119,130,144,165,179,184,194,195,196,206,209,228,231,255,258,290,296,323,334,374,378,389,402,408,413,421,425,428,447,452,456,459,462
9:5,85,20,38,39,48,51,53,56,78,79,101,107,116,118,120,126,136,140,151,177,194,195,202,236,248,252,256,263,270,279,280,300,307,322,325,333,334,338,357,371,394,410,423,425,454,461,468
10:7,105,13,16,39,77,82,88,89,97,115,120,121,124,131,145,146,164,178,185,188,231,255,257,270,275,293,296,307,311,318,331,352,362,368,395,414,423,434,441,451,457,468
11:6,286,33,38,42,46,62,65,83,91,100,112,130,133,135,160,190,223,241,255,262,277,278,288,290,300,317,329,351,353,361,370,384,385,412,414,419,443,451,459,460,468
12:8,164,21,28,46,47,57,65,75,76,92,112,124,139,163,182,192,193,199,200,211,213,215,220,228,231,242,259,260,262,270,302,312,320,325,326,327,335,370,391,393,399,400,427,428,433,440,451,462,464,465,469
13:0,10,155,18,19,22,27,28,32,39,62,72,73,90,100,107,111,116,133,135,143,151,167,170,175,177,196,204,226,243,269,274,286,297,303,304,336,340,348,355,364,387,403,415,431,436,458,464,468
14:182,48,65,66,70,110,117,119,133,142,154,155,173,206,211,226,228,252,254,259,276,298,313,338,346,354,363,368,409,425,443,445,447,456
15:2,8,84,21,26,31,34,53,59,75,83,107,109,115,117,122,123,125,127,134,140,165,167,169,179,181,192,205,216,219,224,250,261,275,297,327,348,354,359,363,371,374,375,376,381,386,399,415,430,439,449,464
16:2,10,275,20,46,53,57,58,68,79,85,93,107,138,150,236,244,247,250,272,281,294,295,363,403,412,433,436,467
17:1,411,64,66,68,98,107,111,113,114,116,121,123,126,152,158,161,165,196,201,222,236,253,258,262,272,285,299,323,327,331,339,341,352,363,366,378,384,395,398,401,424,426,435,441,444,456,464,465
18:13,332,19,24,31,50,54,58,61,81,84,93,95,109,135,144,147,166,179,209,222,223,255,269,283,311,312,314,317,318,344,359,373,374,378,414,442
19:13,18,200,20,41,46,51,55,65,69,70,78,79,81,89,96,101,146,147,151,191,198,203,215,254,259,260,298,315,344,353,359,362,363,378,392,405,413,427,435,456,468
20:0,9,16,19,60,35,44,58,64,72,77,79,92,106,128,134,142,184,196,217,218,221,231,246,248,258,259,261,264,265,270,282,283,300,303,306,311,322,326,345,351,358,359,362,365,366,379,383,388,425,428,434,442,454,466
21:0,1,3,5,12,15,285,23,27,46,52,53,58,65,68,70,75,86,93,105,112,114,115,123,134,139,144,156,158,209,212,220,227,240,243,246,260,267,273,281,286,301,316,319,350,352,367,370,405,406,408,411,417,420,421,445,467
22:13,446,25,31,32,36,37,48,63,72,79,81,110,121,129,137,148,151,156,160,161,169,173,177,181,183,200,205,223,224,226,232,238,244,265,267,268,275,282,306,324,327,366,373,376,393,398,431,459
23:21,159,25,39,40,41,46,54,63,66,76,84,105,127,164,168,170,173,181,205,207,213,217,220,230,231,250,262,275,281,282,292,316,325,353,354,370,376,405,415,417,425,456,459,465
24:18,346,25,28,29,30,45,47,60,63,68,71,80,85,88,89,93,95,100,117,119,121,124,125,129,141,143,147,155,161,163,166,179,185,192,202,207,213,217,220,227,254,255,258,263,292,298,315,316,345,361,382,397,398,406,413,429,435,463,465,466
25:0,1,4,22,23,24,188,29,33,41,59,70,78,79,82,110,124,131,144,147,157,158,169,174,191,199,208,218,243,259,262,263,275,277,281,288,311,318,321,330,336,338,358,375,380,382,409,425,431,439,455,457
26:15,238,40,49,50,56,64,77,83,86,87,110,116,120,123,125,143,150,162,168,169,184,189,193,216,226,231,236,242,250,255,269,278,294,297,299,303,324,325,326,331,343,356,357,375,385,407,429,430,452,454,458
27:6,13,21,132,45,56,62,65,68,71,77,78,91,93,109,110,134,152,167,182,188,192,199,206,208,230,233,235,240,251,254,263,266,289,313,322,329,347,354,367,377,383,388,392,399,406,418
28:4,7,12,13,24,131,29,55,57,58,60,72,88,92,97,117,127,137,161,171,206,207,221,241,242,266,269,271,282,287,292,306,307,311,330,336,372,376,417,425,428,432,435,466,469
29:0,2,6,24,25,28,264,32,38,41,45,50,62,83,99,125,130,135,146,191,203,208,214,225,236,240,245,257,270,279,282,288,291,296,308,319,326,327,345,347,354,361,362,390,395,398,399,401,402,421,427,428,433,441,443,444,459,464,467
30:24,465,66,81,97,102,129,141,149,157,202,203,214,221,227,233,251,261,265,266,295,296,308,329,331,345,348,350,356,359,361,365,370,378,383,401,428,430,441,446,451,458,459
31:15,18,22,65,48,49,50,57,77,79,80,89,104,111,119,127,141,179,185,190,192,210,214,220,227,238,243,247,251,255,256,280,292,298,304,309,315,324,330,334,341,344,349,351,355,363,375,379,380,386,395,399,402,408,411,414,415,429,456
32:13,22,29,366,58,72,102,105,112,132,138,156,167,172,174,185,194,206,210,220,229,233,236,237,243,244,264,305,310,332,333,339,347,357,358,376,377,380,389,395,399,405,413,417,434,438,459,466,469
33:11,25,255,38,55,71,77,83,95,99,101,108,110,122,129,141,142,161,165,168,189,193,196,205,225,231,234,235,239,269,290,298,307,316,319,320,324,327,339,353,359,388,400,402,410,433,438,441,444,447,453,466
34:15,234,46,59,69,76,98,105,116,123,124,142,159,177,183,193,202,210,214,217,221,240,261,266,296,298,306,325,357,360,362,386,395,407,412,431,435,447,458
35:20,229,37,38,51,59,62,64,67,68,102,105,122,158,164,189,210,217,232,279,295,311,322,327,334,341,345,349,359,363,385,399,403,405,414,425,442,446,459,469
36:22,367,39,53,64,68,76,94,106,133,141,150,152,158,164,182,190,200,212,219,223,228,230,245,258,264,266,288,291,297,319,327,335,346,347,349,351,368,378,407,411,417,421,422,430,464
37:3,5,8,22,35,59,69,76,84,88,97,122,125,134,142,151,156,172,183,205,206,240,245,256,265,288,318,328,352,357,361,384,391,410,440,442
38:1,9,11,29,33,35,395,41,42,44,67,69,88,92,96,97,101,102,140,142,144,172,175,183,195,216,239,250,282,299,303,306,333,377,380,386,388,404,414,441
39:9,10,13,23,36,392,45,52,63,90,92,113,117,125,150,157,162,167,177,202,204,223,233,248,256,267,268,275,278,280,287,309,310,327,332,339,347,355,363,382,389,400,403,412,440,454,458
40:23,26,155,55,76,87,94,110,121,131,138,163,181,184,208,217,228,236,251,271,284,288,290,294,301,309,312,329,335,340,353,372,380,381,388,407,415,453,457,465,467
41:19,23,25,29,38,293,45,52,68,84,88,94,107,110,127,140,150,179,181,182,191,196,208,226,238,240,245,253,257,258,267,272,289,295,310,325,331,335,337,344,348,351,358,366,373,377,385,408,416,423,458,466,469
42:1,5,11,38,393,45,62,64,77,86,93,99,102,109,117,132,140,141,153,185,197,198,199,201,204,205,215,225,239,271,275,278,296,300,305,310,333,335,336,349,357,362,370,378,395,396,399,411,413,433,434
43:0,7,95,44,48,50,63,73,92,103,119,126,133,153,157,160,168,186,189,192,202,219,238,262,272,310,325,329,331,335,350,356,368,382,388,400,401,417,433,453,456
44:2,4,6,20,38,43,115,52,54,57,63,69,85,93,111,120,129,132,136,165,181,183,192,193,194,208,211,215,231,242,262,279,280,297,322,342,355,369,379,382,391,395,400,402,414,423,428,442,448,455,457
45:0,3,24,27,29,39,41,42,325,57,61,64,73,77,84,86,87,90,101,108,116,124,128,135,138,155,157,171,181,184,190,194,197,203,242,246,253,269,280,294,295,296,309,312,323,341,342,347,351,358,361,383,384,394,400,404,414,428,433,443,445
46:11,12,16,19,21,23,34,376,54,62,64,70,76,89,94,97,114,121,127,141,146,147,169,170,175,200,216,239,256,257,262,271,276,306,307,308,311,312,344,385,405,406,419,421,450,456
47:6,12,24,149,48,49,52,61,67,75,82,89,122,130,133,143,146,151,155,166,178,187,201,217,230,233,237,245,255,258,261,267,275,284,297,299,323,327,336,345,347,354,366,405,437,444,447,469
48:9,14,22,31,43,47,71,55,70,95,115,123,126,132,178,184,190,198,201,208,209,212,232,238,242,249,250,268,270,346,347,351,354,362,413,419,444,451,457
49:0,7,26,31,47,201,53,68,87,100,130,145,162,169,173,184,185,214,217,226,233,246,253,257,284,290,295,326,357,367,378,379,386,396,413,421
50:5,7,18,26,29,31,43,366,54,69,74,78,101,104,113,123,134,144,154,158,162,176,209,230,265,277,300,301,316,322,327,334,350,352,356,370,380,416,426,433,438,439,444
51:8,9,19,35,294,80,93,116,137,140,177,185,193,194,196,202,209,215,218,227,245,252,262,263,280,283,290,300,303,304,309,318,327,335,339,343,345,371,394,408,409,432,457
52:2,21,39,41,44,47,200,54,55,67,81,91,100,105,118,122,127,130,144,153,155,176,188,203,205,214,222,228,234,235,247,264,276,279,291,295,302,307,317,319,335,352,360,365,384,385,401,407,416,428,429,433,445,449,453,457,461,468
53:9,15,16,21,36,49,390,63,69,74,108,115,123,149,151,164,173,174,177,192,197,200,229,232,260,286,292,321,323,331,346,350,367,369,387,408,424,440,458
54:18,23,44,46,50,52,385,57,59,67,70,97,103,125,144,168,178,191,210,220,242,243,244,253,261,278,290,300,317,327,329,341,351,366,371,374,376,390,401,405,415,417,419,433,455,456
55:2,3,6,19,28,33,40,48,52,282,59,62,76,105,117,147,148,153,158,184,186,189,215,223,227,249,262,267,287,291,294,321,338,344,346,376,378,380,383,388,398,402,403,417,424,427,449,454
56:9,26,27,255,63,71,78,79,102,104,118,119,121,131,134,143,146,153,155,166,173,184,224,236,239,241,243,244,250,254,261,268,271,279,282,302,342,362,407,410,413,422,424,428,439,450,453
57:5,12,16,28,31,44,45,54,238,59,62,65,117,124,125,128,130,153,166,176,215,222,228,259,268,272,282,304,330,360,370,374,388,402,409,419,422,447,460
58:6,16,18,20,21,28,32,304,71,74,82,99,105,112,121,137,139,140,150,156,190,194,206,211,214,244,283,297,308,311,328,330,331,334,339,340,345,354,360,376,382,405,413,420,427,448,460
59:15,25,34,35,37,54,55,57,198,77,80,82,84,89,124,143,163,180,182,184,189,211,213,218,219,220,221,242,247,271,279,284,314,315,338,348,350,354,366,371,373,379,385,386,388,404,407,419,423,424,441,443,456,457,461
60:5,6,20,24,28,390,72,102,106,113,118,170,174,176,193,204,219,225,227,241,252,254,256,268,270,274,292,299,328,329,330,367,372,379,381,387,397,399,401,414,427,432,448,466,467
61:18,45,47,144,99,103,104,121,148,150,156,169,189,199,208,226,230,243,263,282,288,289,293,305,313,316,320,329,350,355,376,378,386,393,408,424,432,442,466
62:11,13,27,29,35,42,46,55,57,124,67,72,94,106,109,110,112,128,140,161,169,170,173,178,187,245,251,264,283,284,293,302,311,348,356,364,371,386,390,391,392,393,394,414,420,424,433,452,457,461,465
63:0,2,22,23,24,39,43,44,53,56,447,72,91,94,122,134,152,176,179,191,193,216,225,229,241,247,250,251,267,280,294,296,300,310,320,322,323,329,332,348,360,369,378,381,389,390,399,425,433,438,443,455,469
64:17,20,26,35,36,42,45,46,371,67,77,96,119,127,146,149,157,158,159,164,174,184,193,208,217,222,236,239,240,248,255,261,269,276,286,287,289,297,304,309,318,322,341,344,354,368,375,377,392,400,401,411,432,439,444,446,448
65:11,12,14,19,21,27,31,57,302,75,102,137,138,144,145,149,151,158,165,170,171,176,180,202,208,214,217,223,240,243,245,248,263,267,270,285,286,310,312,314,316,319,333,343,376,382,384,388,397,424,439,447,454,460,467
66:14,17,23,30,176,68,73,162,180,187,188,208,221,227,233,247,250,253,258,261,263,265,275,277,303,314,321,328,329,361,364,376,382,386,429,434,460
67:35,38,47,52,54,62,64,435,76,89,91,93,98,100,106,113,160,163,168,187,196,217,218,220,234,236,255,256,295,319,324,337,338,363,367,375,392,418,437,445,447,453
68:16,17,21,24,27,35,36,41,49,66,151,92,111,126,129,135,147,158,182,195,198,206,231,237,248,249,258,264,268,270,272,279,313,317,328,342,362,369,390,415,442,448,457,461,467
69:2,19,34,37,38,44,50,53,83,78,81,95,97,111,115,126,132,156,165,192,200,204,219,243,251,258,303,306,338,350,377,386,397,408,412,420,428,432,467
70:7,14,19,21,25,46,48,54,187,73,76,104,120,134,155,156,160,177,190,196,201,236,248,253,258,269,274,275,277,316,318,328,336,340,341,348,371,375,383,390,403,405,435,440,453,455,456,465,469
71:0,5,24,27,33,48,56,58,121,99,106,107,119,120,164,168,169,173,175,178,184,185,186,198,201,213,220,252,280,302,317,346,352,358,361,366,371,374,385,389,390,395,397,413,420,445
72:13,20,22,28,32,60,62,63,140,79,89,103,107,118,122,124,126,151,159,163,178,182,183,198,211,219,239,246,267,268,271,281,287,289,293,304,346,388,392,411,440,441,464
73:4,13,43,45,66,70,194,78,80,81,145,150,165,182,184,191,203,211,215,230,237,245,252,253,256,260,262,290,310,318,321,336,351,359,378,386,387,412,413,414,438,441,447
74:50,53,58,454,85,91,95,118,123,149,153,172,174,185,187,191,198,203,217,225,229,231,237,238,240,242,243,247,248,257,269,277,280,288,294,309,331,358,377,402,425,426,440
75:12,15,21,47,65,197,79,97,104,114,140,166,188,191,198,203,212,214,223,228,232,240,242,255,282,284,326,333,354,358,359,363,374,379,383,415,423,439,443,447,468
76:12,23,34,36,37,40,46,55,67,70,202,80,84,89,98,106,132,135,163,171,222,230,234,240,253,264,267,273,276,290,293,296,305,309,314,328,348,359,372,378,379,383,392,402,405,436,438,440,441,451,468
77:1,4,10,20,26,27,31,33,42,45,59,64,449,95,100,105,140,159,176,181,193,194,198,217,221,233,254,256,278,283,318,339,346,368,369,373,377,424,433,446,460,466
78:3,6,9,19,25,27,50,56,69,73,132,86,116,117,145,149,150,155,156,205,237,251,253,258,260,276,282,286,293,301,319,321,324,327,341,357,379,393,414,423,429,433,437,438,448,458,463
79:9,16,19,20,22,25,31,56,72,75,220,81,82,129,130,139,143,161,174,175,179,183,186,194,207,208,210,216,224,277,281,282,287,301,324,333,335,344,351,362,365,394,423,436,453
80:2,3,8,24,31,51,59,73,76,442,82,86,87,89,96,100,101,145,155,166,184,190,194,197,198,212,222,223,230,244,250,253,257,261,267,280,325,337,350,362,387,429,431,452,453
81:0,18,19,22,30,52,69,73,79,257,97,102,105,116,127,133,139,148,149,154,164,191,204,206,209,221,227,228,235,261,288,311,313,318,319,325,326,330,336,337,343,347,363,385,387,401,419,447,452,462
82:10,25,47,58,59,79,80,154,91,102,109,165,174,182,218,223,242,247,259,261,268,282,289,291,294,304,305,311,351,366,378,379,402,411,423,426,445,456,467
83:11,15,26,29,33,69,289,100,105,116,130,134,135,158,200,201,236,257,262,263,286,319,320,340,347,348,370,372,378,384,392,401,409,415,422
84:3,15,18,23,37,41,45,59,76,388,90,123,130,135,145,147,163,177,241,250,261,278,308,345,357,368,389,400,424,448,466,467
85:2,9,16,24,44,74,344,93,101,103,107,111,117,118,151,157,169,187,199,223,241,266,271,273,297,316,333,360,371,397,413,421,429,431,450,451,455
86:0,2,21,26,42,45,78,80,239,89,109,127,130,138,154,171,178,179,200,207,210,215,227,241,244,245,262,272,310,328,342,345,347,350,360,362,366,383,388,413,426,461,469
87:26,40,45,49,80,298,108,111,116,131,132,135,145,150,158,172,193,203,210,214,215,216,230,231,240,242,243,250,260,266,275,278,288,292,297,303,310,316,324,329,336,348,354,355,369,386,391,396,426,458,461,464
88:5,10,24,28,37,38,41,140,103,106,116,128,130,133,146,147,152,157,163,173,176,186,189,201,204,215,218,225,229,247,250,258,266,272,273,284,286,308,327,362,372,389,395,422,425,427,429,431,463,467
89:6,10,19,24,31,46,47,59,67,72,76,80,86,95,114,119,130,180,191,198,206,214,224,228,237,239,255,269,270,297,327,340,349,354,373,374,382,392,396,397,412,416,418,421,429,439,445,446,450,461,464
90:13,39,45,84,132,97,134,159,160,190,195,201,202,205,226,240,242,255,270,271,285,287,310,311,314,319,321,336,341,365,367,392,394,396,411,413,417,420,422,432,466
91:3,7,11,27,52,63,67,74,82,400,95,96,101,117,127,134,137,175,184,185,189,192,209,213,216,232,236,239,248,250,251,268,270,295,315,316,321,324,342,346,351,359,368,370,378,388,396,401,402,419,428,437,440,441,443,445,449,451,454,457
92:12,20,28,38,39,43,68,155,95,120,122,147,160,162,175,179,182,188,215,217,220,223,238,242,248,277,306,320,329,339,340,341,345,352,376,382,385,395,396,424,426,441,442,455,458,462
93:1,5,16,18,21,24,27,42,44,51,67,85,249,103,106,131,144,162,171,185,206,217,220,244,253,268,271,279,297,313,325,328,341,345,366,368,392,400,406,426,428,429,441,456,469
94:36,40,41,46,62,63,133,115,125,141,142,147,150,153,154,162,176,192,195,201,214,219,223,227,233,235,244,253,255,257,263,274,299,302,312,320,327,331,333,339,340,357,379,383,391,396,404,405,406,420,436,441,459,466
95:18,24,33,43,48,69,74,77,89,91,92,104,97,109,112,118,135,157,162,173,179,200,205,226,232,236,240,252,263,289,290,312,315,319,321,344,377,381,384,396,402,404,414,416,423,431,432,435,440,463
96:19,38,64,80,91,180,107,132,145,154,162,177,186,188,195,205,216,222,234,237,240,250,294,306,307,312,329,342,343,349,372,375,430,431,437,441,446,453,463
97:1,10,28,30,37,38,46,54,69,75,81,90,95,426,111,128,129,133,137,187,190,192,200,213,247,276,277,282,283,286,297,298,317,318,333,341,350,358,380,402,417,439,443,447
98:3,17,34,67,76,195,104,107,116,122,128,133,147,154,162,164,183,192,215,237,283,285,290,291,292,293,302,306,329,342,349,363,377,380,382,383,398,399,410,415,434,449,463,467
99:29,33,42,58,61,71,367,100,119,122,131,134,152,177,206,222,243,257,302,321,331,355,383,386,398,401,416,419,459,469
100:0,7,8,11,13,24,49,52,67,77,80,83,99,330,101,120,125,126,136,145,155,164,172,182,202,213,224,231,238,251,263,270,289,291,293,299,308,320,329,335,349,356,375,382,391,407,425,443,449,461,466
101:1,8,9,19,33,38,45,50,80,85,91,100,329,110,111,118,123,125,134,136,138,152,157,158,160,170,196,206,209,219,241,275,285,326,350,354,373,376,387,415,421,422,438,442
102:30,32,35,38,42,56,60,65,81,82,173,114,128,146,149,167,175,202,208,211,249,251,257,259,276,279,306,311,339,342,351,363,388,391,410,426,430,439,447,452,460,464
103:3,43,54,61,72,85,88,93,249,113,120,134,141,194,213,233,254,259,273,286,310,313,333,337,368,369,373,392,399,404,422,431,438,464,465,466,468
104:31,50,56,61,70,75,95,98,456,105,106,107,115,117,135,139,163,171,189,196,205,213,219,224,226,233,234,237,239,254,292,293,295,310,324,325,348,349,363,372,383,398,425,427,448,466
105:2,10,21,23,32,34,35,52,55,58,77,81,83,104,201,109,115,145,154,165,173,177,195,214,223,245,258,281,283,295,299,304,316,317,327,330,335,338,351,374,376,383,427,455,458,462,464,468
106:20,36,60,62,67,71,76,88,93,104,230,116,117,126,127,137,174,176,178,186,188,219,224,238,240,244,255,257,261,264,268,289,306,316,318,319,325,341,345,346,368,369,376,378,382,391,394,399,402,413,415,421,436
107:9,13,15,16,17,41,71,72,85,96,98,104,152,118,127,129,140,145,151,166,170,171,172,193,194,196,204,207,231,232,236,237,238,245,252,266,293,302,307,323,330,345,358,362,373,380,381,386,390,419,445,451,452,455,461
108:4,33,45,53,87,339,109,125,133,159,166,175,179,208,222,223,232,239,251,253,265,279,284,287,306,321,325,334,337,341,346,357,371,376,380,390,420,426,431
109:15,18,27,42,62,82,86,95,105,108,297,111,112,118,121,131,139,142,157,159,191,196,206,208,210,216,227,249,315,319,327,328,336,359,363,365,366,371,381,389,396,430,432,437,455,457,459
110:5,14,22,25,26,27,33,40,41,62,101,448,120,122,129,146,158,163,185,207,210,220,223,249,260,265,272,288,290,296,297,305,307,320,321,334,349,354,360,368,409,411,417,438,440,454,455
111:0,13,17,31,44,68,69,85,87,97,101,109,207,117,142,145,158,166,168,170,172,175,178,189,199,210,213,226,249,271,279,297,305,306,314,340,345,358,373,382,392,395,399,404,405,413,441,459
112:11,12,21,32,58,62,95,109,130,118,119,125,131,148,164,170,175,176,180,207,234,240,244,248,275,276,289,291,300,307,314,316,319,323,329,339,351,382,401,410,412,428,432,442,443
113:2,17,39,50,60,67,103,229,148,151,160,165,176,181,194,199,202,215,216,224,228,230,247,264,275,287,294,305,331,333,338,342,360,365,366,367,369,371,378,379,381,383,388,391,402,406,411,413,419,429,434,439,456,457,459
114:17,21,46,75,89,102,217,135,150,152,160,188,210,228,242,252,257,301,309,316,329,337,338,342,352,369,379,382,386,421,425,449,466
115:10,15,21,44,48,53,69,94,104,105,126,142,143,168,176,183,184,187,197,199,207,217,221,229,236,255,279,307,315,328,329,340,341,347,354,357,358,366,372,374,375,390,396,407,416,426,434,447,449
116:0,2,6,9,13,17,26,34,45,51,78,81,83,87,88,98,106,297,123,125,130,149,151,152,174,184,194,238,249,257,264,265,280,301,308,314,324,325,326,332,360,362,379,388,406,423,429,437
117:14,15,24,28,39,42,55,57,78,85,91,104,106,111,427,148,153,178,183,200,211,243,244,251,255,256,281,289,296,306,314,330,345,347,351,359,363,376,378,379,384,401,402,443,458,468
118:2,9,52,56,60,72,74,85,95,101,107,109,112,292,138,139,152,156,157,161,177,205,208,216,217,229,237,247,252,261,263,269,270,273,286,295,299,300,321,322,323,324,329,331,339,341,354,359,365,369,378,381,383,394,398,414,422,427,437,448
119:3,8,14,24,31,43,56,64,71,89,99,112,374,124,126,158,159,165,184,189,191,199,200,208,211,214,244,247,258,283,311,325,331,333,340,341,342,346,360,361,365,376,388,398,406,426,464
120:0,1,9,10,26,44,70,71,92,100,103,110,157,121,131,156,158,180,188,214,230,246,256,276,280,287,295,298,300,316,319,322,325,343,355,356,405,425,429,446,463
121:2,10,17,22,24,40,46,56,58,61,71,109,120,421,127,133,135,137,153,180,184,187,192,206,208,209,217,232,261,263,281,283,284,287,297,310,335,343,346,364,366,371,386,394,403,407,408,419,443,461,464,468
122:15,33,35,37,47,52,63,72,92,98,99,110,146,125,150,156,165,195,197,214,220,232,252,275,323,329,335,341,344,349,354,357,369,386,388,405,409,410,424,441,444,447,464
123:15,17,21,26,34,48,50,53,74,84,101,116,274,125,148,151,154,156,162,170,182,187,205,234,252,254,257,261,265,299,303,315,323,335,336,339,347,348,358,374,376,383,399,407,449,459,461
124:6,10,12,24,25,34,45,57,59,62,72,119,240,140,149,166,180,209,226,228,236,239,251,252,294,300,314,315,320,323,325,344,350,355,370,372,375,387,403,417,427,429,433,435,448,468
125:1,15,24,26,29,37,39,54,57,94,100,101,108,112,116,122,123,142,145,169,172,182,184,219,221,261,265,272,279,293,299,304,309,313,317,335,343,357,358,374,379,380,393,398,401,426,427,431,456,460
126:9,17,43,48,68,69,72,100,106,115,119,411,136,137,148,153,160,161,168,171,181,218,221,238,249,250,255,258,278,281,293,298,310,311,321,326,364,366,375,377,378,401,412,417,434,442,448,455,461
127:7,15,23,28,31,41,46,52,64,81,86,91,106,107,121,255,129,142,144,153,192,199,212,229,238,253,257,294,315,320,322,328,352,367,380,402,413,416,422,429,432,448,455,460,466
128:0,20,45,57,62,88,97,98,102,347,142,172,176,180,192,202,207,216,221,228,253,262,273,274,287,302,303,313,327,328,344,345,349,364,387,389,399,424,434,449,468,469
129:0,22,24,30,33,44,68,79,97,107,110,127,292,134,135,145,155,165,170,173,184,195,214,243,252,257,266,288,310,312,314,325,342,357,358,363,395,410,412,416,423,431,432,441,443,444,453,457,467
130:6,8,11,29,47,49,52,57,79,83,84,86,88,89,112,116,173,135,168,182,199,201,212,240,253,262,263,269,272,279,298,299,311,319,325,329,348,359,364,367,382,386,395,403,423,426,445,467
131:10,25,28,40,56,87,93,99,109,112,120,272,140,165,176,183,187,189,196,221,226,247,249,259,261,263,276,287,294,308,309,315,316,318,322,329,340,356,363,375,382,399,400,403,410,413,415,428,465
132:27,32,42,44,48,69,76,78,87,90,96,315,135,146,181,187,195,205,206,214,226,237,239,244,252,253,254,258,268,270,274,288,290,292,298,316,320,329,352,354,365,379,382,390,393,401,404,408,413,419,425,428,469
133:1,6,11,13,14,36,43,47,81,88,94,97,98,108,121,340,139,140,144,146,159,183,215,221,226,231,235,243,254,262,268,281,300,309,315,317,328,332,351,356,362,374,383,392,399,410,420,430,448
134:3,15,20,21,27,37,50,56,63,70,83,90,91,99,101,103,129,422,142,158,160,167,173,174,181,182,184,192,200,216,217,229,243,260,276,282,283,289,303,308,315,319,330,339,342,358,374,375,379,380,381,385,403,410,413,416,425,437,441,444,454,467
135:1,11,13,18,29,45,68,76,83,84,87,95,104,114,121,129,130,132,270,145,148,159,162,176,184,195,206,221,222,241,246,248,250,272,278,286,306,316,320,321,348,361,374,381,384,397,447,450
136:3,9,44,100,101,126,187,138,157,168,206,208,224,226,239,240,245,255,290,294,333,361,368,380,384,390,394,402,419,427,430,438,454,461
137:1,22,28,51,58,65,91,97,106,121,126,307,140,150,152,153,173,181,182,192,206,224,228,243,246,264,268,275,296,298,304,316,320,348,357,358,396,417,455,456,462
138:2,16,32,40,45,65,86,101,118,136,341,144,154,157,164,184,188,209,212,215,226,232,248,249,253,254,255,258,261,267,272,321,323,327,374,388,394,422,430,431,432,433,434,452,458
139:0,3,12,21,58,79,81,104,109,118,133,456,178,196,200,201,203,205,211,214,226,242,252,254,256,272,284,285,301,308,309,320,328,341,343,351,352,353,355,361,365,370,389,391,392,398,410,414,421,459
140:0,9,15,38,41,42,51,58,62,72,75,77,88,107,124,131,133,137,272,145,174,213,222,230,249,288,296,310,325,327,337,373,382,393,402,404,432,441,467
141:24,30,31,33,36,42,46,94,103,373,144,151,155,159,171,182,191,252,257,263,265,267,270,289,304,309,311,318,327,353,377,378,380,383,388,417,438,449,454
142:14,20,33,34,37,38,94,109,111,115,125,127,128,134,355,182,183,224,225,233,238,247,252,255,278,284,296,304,315,328,342,347,350,351,361,377,394,395,413,415,421,434,437,445,452
143:2,13,24,26,47,56,59,79,115,412,157,158,169,175,188,194,202,203,207,211,235,238,241,249,251,256,271,273,315,324,325,355,359,367,369,374,388,393,403,405,408,434,451,463,465
144:8,18,21,25,38,50,52,54,61,65,93,127,133,138,141,255,150,156,159,163,170,199,201,216,230,259,275,279,300,311,314,337,358,368,371,377,392,396,407,436,461,463
145:2,3,7,10,49,65,73,78,80,84,87,96,100,105,107,111,125,129,135,140,372,148,153,160,177,190,224,245,260,268,279,287,288,294,301,307,335,360,361,362,368,370,375,384,415,426,428,429,436,441,447,449
146:10,19,29,46,47,56,64,88,102,110,122,132,133,168,149,160,183,189,193,204,210,225,227,228,233,236,246,257,258,273,295,326,339,354,367,380,383,388,395,409,416,418,422,428,432,445,446,447,464
147:1,18,19,24,25,46,55,68,84,88,92,94,98,255,148,152,162,163,170,174,180,190,220,224,234,242,259,280,293,295,324,343,347,364,370,389,406,412,415,435,439,458,461
148:22,55,61,81,112,113,117,123,126,135,145,147,406,162,189,193,205,219,222,225,230,261,266,267,269,282,299,345,352,369,374,381,388,394,405,463
149:30,47,53,64,65,74,78,81,102,116,124,146,349,162,181,199,236,242,254,260,263,283,330,341,344,367,370,384,394,395,403,423
150:7,16,26,36,39,41,58,61,73,78,87,94,114,122,137,144,161,158,163,170,174,176,190,195,203,209,251,280,289,290,295,302,334,337,341,350,357,358,420,422,443,452,456,464
151:5,9,13,19,22,37,47,53,65,68,72,85,107,113,116,123,141,171,156,169,173,181,202,209,212,218,221,261,271,279,283,320,322,326,329,340,342,349,358,381,392,399,414,420,424,429,432,433,434,444,458,466
152:6,17,27,36,63,88,99,101,107,114,116,118,137,147,161,172,175,186,189,190,192,203,209,220,223,256,271,273,278,283,289,318,319,322,340,382,385,394,403,420,430,435,437,444,455
153:4,42,43,52,55,56,57,74,94,117,121,126,127,137,145,385,165,166,169,174,180,182,184,187,189,215,241,252,259,276,286,291,305,314,323,350,353,355,363,365,384,395,408,435,455,461,463
154:4,7,14,50,81,82,86,94,96,98,105,123,138,331,163,167,171,176,191,194,195,198,205,212,221,237,251,254,267,268,270,275,295,310,339,375,393,422,441,443,449,450
155:13,14,24,40,45,47,52,56,70,78,80,92,100,129,141,439,159,165,171,175,179,211,232,241,251,256,280,293,307,315,327,333,335,341,344,353,362,364,374,385,389,427,444,448,451,455,459,466,468
156:21,22,32,37,58,61,69,70,78,118,120,122,123,144,151,439,168,187,217,219,233,240,267,274,276,279,325,334,365,369,372,393,401,402,409,423,425,431,435,446,462
157:25,30,39,43,45,64,85,88,95,101,109,118,120,136,138,143,314,184,196,198,210,214,219,274,281,318,328,333,347,350,367,384,386,399,401,402,416,422,427,443,451,459,465,469
158:17,21,25,35,36,50,55,64,65,68,83,87,101,110,111,119,120,134,143,150,297,159,164,167,182,184,189,218,220,233,236,242,257,260,267,268,280,284,292,294,296,303,305,315,328,329,347,365,373,378,390,393,399,429,443,445,446,450
159:0,23,34,64,72,77,90,108,109,119,133,135,141,144,155,158,237,161,162,170,172,181,194,196,198,212,236,242,269,278,282,284,288,291,296,298,300,319,320,321,326,399,400,401,409,411,419,421,432
160:1,5,11,22,43,67,70,90,92,101,113,114,126,134,145,146,446,170,174,203,211,214,216,224,250,257,271,272,274,281,283,289,299,312,316,319,328,340,342,348,350,354,374,421,423,428,436,438,444,463,464
161:5,17,22,24,28,33,62,79,118,126,150,152,159,230,176,180,210,211,223,224,237,239,240,242,245,260,266,268,286,292,302,304,318,325,326,327,331,343,351,356,365,369,370,382,397,424,460
162:5,26,39,49,50,66,92,93,94,95,96,98,123,135,147,148,149,159,407,163,168,175,186,189,211,218,221,234,243,246,260,262,268,278,280,288,292,301,302,307,310,312,315,317,336,346,368,371,379,387,391,397,411,415,416,427,444
163:12,24,40,59,67,72,76,84,88,104,110,144,147,150,154,162,236,172,178,200,222,224,237,241,254,308,325,331,344,360,371,373,374,389,396,398,409,415,417,418,430,436,451,453
164:4,10,12,23,35,36,53,64,71,81,98,100,112,138,158,385,172,179,183,189,196,222,223,229,230,237,239,240,244,252,254,262,271,282,294,299,313,314,322,354,361,393,415,431,439,445,449,456,457,459
165:0,8,15,17,33,44,65,69,73,82,105,113,119,122,129,131,153,155,231,167,169,181,196,199,210,219,242,243,249,267,288,291,297,330,365,375,382,409,413,436,449,467,468
166:3,18,24,47,56,57,75,80,107,108,111,124,153,285,168,177,179,181,215,222,229,236,240,247,249,261,265,271,289,302,333,336,339,370,377,379,399,417,421,431,442,443,462,467
167:13,15,27,32,39,102,134,154,158,165,365,171,189,203,211,215,226,231,238,240,242,252,271,274,296,302,312,313,316,318,319,332,339,356,357,396,403,411,416,418,419,442,443,444,446,448,453
168:3,5,23,26,33,43,54,67,71,111,115,126,130,136,146,156,162,166,331,173,178,193,199,213,234,239,249,264,267,276,295,301,306,318,322,334,341,344,352,353,369,382,411,421,427,436,440,458
169:15,22,25,26,46,49,61,62,71,85,125,143,151,153,165,174,171,172,173,178,179,185,188,194,199,202,207,209,220,225,227,237,252,255,257,259,261,265,270,284,298,305,306,307,316,320,328,335,339,343,349,355,375,395,396,403,404,410,419,452,456,466
170:13,23,46,60,62,65,101,107,111,112,123,129,144,147,150,159,160,205,171,191,197,201,202,208,218,222,236,251,266,268,271,287,292,299,314,321,335,336,337,348,358,362,381,394,399,403,406,415,433,438,439,441
171:28,45,65,76,86,93,104,107,126,141,151,154,155,167,169,170,193,180,216,247,249,266,282,286,287,291,302,320,326,327,333,350,356,357,363,371,394,403,422,427,429,454,458
172:32,37,38,74,87,100,107,111,125,128,152,159,163,164,169,365,177,190,219,221,222,239,255,258,273,289,298,315,330,347,362,373,376,387,404,407,408,428,434,441,450,459,461
173:3,14,22,23,49,53,56,62,71,88,95,102,105,129,130,134,137,151,168,169,217,183,188,210,215,224,225,232,234,241,244,253,256,273,290,295,300,306,307,310,311,313,319,322,325,340,342,350,369,391,405,416,451
174:25,32,53,60,64,74,79,82,106,116,134,140,147,150,153,160,169,327,180,224,233,255,256,276,278,291,304,310,332,342,353,389,417,419,426,431,444,459,462
175:6,13,38,46,71,79,91,92,102,108,111,112,143,152,155,162,196,184,187,194,195,197,205,215,219,227,248,250,258,277,286,298,300,308,319,336,346,354,366,372,375,386,389,391,392,400,404,422,430,441,452
176:6,50,52,57,60,63,65,66,77,88,94,106,112,113,115,128,131,135,150,154,161,188,179,194,196,197,209,223,224,233,236,261,272,273,284,287,310,325,327,335,343,348,349,360,380,393,405,409,412,418,429,441,450,460
177:2,9,13,22,34,39,51,53,70,84,96,99,105,118,145,166,172,429,179,180,181,203,240,253,283,285,288,301,310,330,350,351,359,377,381,386,391,397,399,407,413,415,427,440,447,448,450,468
178:2,10,47,48,54,62,71,72,86,106,111,117,139,163,168,169,201,184,191,197,204,206,210,213,216,222,223,230,234,240,242,247,263,267,280,283,286,336,349,350,368,382,387,389,402,419,429,433,462
179:3,8,15,18,24,31,41,63,79,86,92,95,108,155,164,166,169,176,177,190,182,188,194,198,200,209,218,238,247,259,264,268,270,277,279,283,296,310,314,325,339,344,351,358,360,369,384,400,411,419,444,458,463,467
180:5,59,65,66,89,96,112,120,121,124,128,147,153,161,171,174,177,308,185,186,198,205,210,213,215,216,219,228,230,240,251,259,272,283,297,299,303,331,343,346,351,364,380,383,392,397,399,410,412,416,426,438,442,443,460,463,467
181:15,22,23,40,41,44,45,77,113,126,132,134,137,149,151,159,165,166,177,441,199,200,208,211,238,241,247,248,260,268,308,317,324,340,344,358,359,365,372,377,383,396,421,440,451,459
182:12,14,27,36,41,59,68,72,73,82,92,100,123,125,130,134,137,141,142,153,158,179,265,195,210,243,246,249,254,268,271,284,293,301,330,332,347,353,357,362,365,369,380,385,393,411,449
183:3,22,34,37,38,44,72,79,98,115,117,131,133,142,146,164,173,421,189,199,224,246,263,281,287,289,313,326,334,337,345,354,364,368,372,373,379,380,390,398,406,419,443,449,451
184:0,8,20,26,40,45,48,49,55,56,59,64,71,73,80,91,115,116,119,121,125,129,134,135,138,153,157,158,175,178,212,196,201,203,204,205,225,234,243,286,295,300,306,355,367,380,396,407,413,420,424,439,442,445,451,467
185:6,10,24,31,32,42,49,51,71,74,91,93,110,169,180,316,198,202,234,244,251,265,269,271,283,295,304,314,324,349,351,352,370,378,381,384,389,393,402,428,444
186:3,5,43,55,71,79,88,96,106,152,162,180,378,192,200,208,209,212,243,255,257,259,271,288,290,297,300,335,340,341,390,411,417,423,432,433,441,452,454,459,463
187:5,47,62,66,67,70,74,85,97,115,121,123,131,132,136,153,156,175,372,190,194,202,205,214,296,299,310,336,350,354,356,363,379,389,400,401,403,404,407,411,424,426,431,448,452,456
188:1,10,25,27,52,66,75,92,96,106,114,120,138,143,169,173,176,179,453,193,197,215,219,237,245,255,258,260,264,276,336,340,341,352,354,357,358,378,385,386,388,403,404,407,409,410,411,414,418,444
189:4,6,26,33,35,43,55,59,61,88,91,104,111,119,131,146,148,152,153,158,162,164,167,183,354,209,218,226,227,228,232,241,275,278,284,295,300,306,321,336,341,346,364,382,384,385,388,391,394,403,406,408,411,417,421,450,465
190:11,31,36,45,48,58,70,80,90,97,145,147,150,152,172,179,187,350,193,194,208,225,228,250,262,295,297,298,307,308,320,357,365,376,383,385,397,410,439,440,461,462
191:2,19,25,29,41,54,63,73,74,75,81,89,109,119,141,154,170,178,336,220,230,244,258,260,268,269,274,278,290,294,297,322,325,327,331,362,371,375,376,378,379,381,383,392,395,400,405,427,437,440,454,468
192:12,15,24,27,31,43,44,53,69,91,94,97,98,121,127,128,134,137,152,186,375,209,221,275,280,292,293,303,308,342,359,365,368,402,417,421,425,443,450,452,461
193:12,26,33,34,44,51,60,63,64,77,87,107,146,148,168,171,188,190,260,205,208,218,231,232,234,253,262,268,276,278,294,295,301,302,304,312,337,342,362,371,374,378,392,396,397,399,410,429,430,434,441,463
194:5,8,9,32,44,45,51,58,73,77,79,80,103,107,113,116,143,154,159,169,175,176,179,187,190,428,201,202,205,207,208,222,230,238,253,264,272,279,284,287,313,316,317,332,340,351,354,359,365,371,373,384,388,391,407,418,423,429,430,438,447,456,468
195:5,8,9,38,68,90,94,96,98,105,122,129,132,135,150,154,175,182,464,200,213,218,223,268,299,305,332,334,336,344,345,346,353,359,366,371,372,386,438,447,450,451,463,468,469
196:8,13,17,20,33,41,51,67,70,101,104,107,109,131,139,157,159,164,165,175,176,184,352,199,207,209,216,217,268,283,299,319,321,325,331,335,347,386,400,404,439,452,461,464,465,467
197:42,45,53,75,80,115,122,170,175,176,178,188,408,203,227,245,252,261,268,269,305,308,314,319,320,330,337,339,346,350,353,356,358,361,389,396,412,424,426,451,461
198:19,42,48,59,68,71,72,74,75,77,80,89,154,157,159,179,180,185,289,200,232,234,240,273,280,288,292,307,326,327,339,363,394,395,397,421,452
199:12,25,27,42,61,85,111,113,115,119,127,130,144,149,165,168,169,181,183,196,291,206,216,224,233,235,239,249,252,295,296,299,307,318,326,341,356,358,381,393,417,429,432,446,449,453,462,463
200:12,19,22,36,46,52,53,69,83,86,95,97,117,119,134,139,163,179,181,186,195,198,237,206,209,221,225,227,235,317,334,335,341,347,363,384,385,395,397,413,422,441,443,448,452
201:2,17,42,47,48,49,70,71,83,88,90,94,105,130,139,144,170,178,184,194,276,207,224,229,231,237,266,267,297,300,307,319,329,353,383,393,399,400,432,447,449,452,456
202:9,24,30,34,39,43,51,65,76,90,100,102,113,128,143,151,169,170,185,187,194,314,213,222,231,250,272,280,281,293,295,302,304,306,327,330,333,346,363,370,385,387,402,407,426,427,429,437,461
203:3,19,29,30,45,52,73,74,75,87,139,143,150,152,160,167,177,184,197,282,204,205,213,227,228,233,238,243,246,255,259,264,265,280,308,310,332,351,352,353,358,361,364,378,379,385,394,418,420,421,422,425,432,436,439,444,456,459,461
204:13,39,42,60,69,81,88,107,146,178,184,203,300,206,217,220,226,232,236,240,241,252,261,275,283,289,297,298,299,315,323,333,355,357,378,381,385,389,391,414,423
205:1,15,22,23,33,37,42,52,78,90,95,96,104,118,123,132,139,148,154,170,175,180,184,187,193,194,203,461,217,226,227,248,254,271,273,278,279,295,311,326,333,338,345,346,352,353,358,365,374,378,407,408,418,421,434,443,464
206:7,8,14,27,28,32,37,58,68,81,89,93,99,101,109,121,132,135,136,137,178,199,200,204,208,220,245,246,259,261,262,276,281,300,303,313,330,354,356,369,372,387,416,418,452,455,457
207:6,23,24,28,79,86,107,110,111,112,115,128,143,169,194,196,201,379,214,216,217,227,232,258,279,299,301,307,312,325,366,378,389,395,422,437,438,439,442,444,449,464,465
208:25,27,29,40,41,44,48,61,64,65,66,79,102,108,109,118,119,121,136,170,181,186,190,193,194,206,352,212,242,243,248,251,252,266,306,310,323,326,332,339,340,342,368,377,385,401,404,421,431,455
209:8,18,21,48,50,51,81,91,101,121,124,138,150,151,152,169,176,179,186,189,192,196,200,301,241,255,258,277,299,303,316,343,396,400,409,411,415,428,449,460,469
210:7,31,32,34,35,54,79,86,87,109,110,111,114,146,157,161,165,173,178,180,182,211,213,215,220,230,242,244,247,251,257,269,270,272,290,291,306,311,320,347,360,363,375,378,381,417,422,443,457,458,463,464
211:3,5,12,14,44,58,59,72,73,102,117,119,139,143,155,160,161,162,167,181,210,342,219,226,228,237,250,267,269,289,296,298,302,305,316,328,329,334,338,340,367,368,385,394,397,399,405,406,418,420,438,465,467
212:21,36,48,75,80,127,130,138,151,154,159,184,186,208,287,216,234,239,245,257,259,279,295,300,301,302,303,306,313,314,323,328,334,335,340,348,365,370,384,405,424,432,442,448,457,462,469
213:7,12,23,24,59,71,91,97,100,103,104,111,140,168,178,180,195,202,203,210,328,217,232,236,238,241,246,250,256,259,263,281,297,303,308,326,327,336,338,353,374,395,402,404,418,436,441,442,456
214:3,29,30,31,34,49,52,58,65,75,87,89,94,105,119,120,122,129,132,139,157,160,187,207,396,226,252,255,295,301,302,315,342,347,354,371,372,377,385,388,407,416,420,426,439,447,467
215:2,12,19,42,44,51,55,57,73,86,87,88,92,98,113,133,138,153,166,167,173,175,180,188,210,371,236,240,245,249,255,258,272,276,284,297,327,359,378,381,382,384,390,409,412,419,430,433,458,460
216:15,26,38,46,63,79,87,91,96,109,113,118,128,134,144,160,171,178,180,196,199,207,212,453,222,223,228,233,238,243,250,253,282,287,303,307,313,349,364,377,414,448
217:20,23,24,34,35,40,47,49,64,65,67,74,77,92,93,114,115,118,121,134,156,173,196,204,205,207,213,377,231,240,252,259,262,266,277,294,305,318,333,342,344,348,349,363,366,380,383,385,393,394,414,420,429,456
218:20,25,51,59,67,82,88,126,151,158,162,170,179,189,193,195,259,245,258,268,279,282,286,292,298,301,338,341,349,359,366,377,379,380,382,391,394,398,428,441,464
219:15,36,43,59,60,69,72,94,101,104,106,125,148,156,157,165,172,175,180,188,211,267,231,235,240,247,265,288,289,292,301,318,323,327,337,342,346,354,359,371,373,391,402,420,426,428,439,442,444,445,447,452,453,462,465
220:3,12,21,23,24,31,32,54,59,67,71,79,92,93,110,122,147,152,158,169,191,204,206,210,456,227,252,256,258,262,267,275,276,284,285,287,296,298,309,313,317,322,339,369,371,387,392,396,406,407,408,416,423,451,461,464
221:1,20,28,30,34,59,66,77,81,115,125,126,128,131,133,135,151,154,162,172,192,200,294,230,233,236,241,275,287,292,306,344,346,356,358,363,374,383,389,395,418,427,433,434,435,441,444,449,458,467
222:1,17,18,52,57,64,76,80,96,99,108,135,140,148,163,164,166,170,172,178,194,202,216,446,236,248,271,286,289,292,294,300,303,323,327,334,351,372,378,441,462,464
223:0,11,18,22,36,39,55,65,75,80,82,85,92,94,105,108,110,152,161,164,176,178,195,216,433,240,247,269,277,278,288,306,307,313,325,345,353,357,358,359,379,387,391,396,398,421,434,464
224:15,22,56,79,89,100,104,106,113,136,137,142,145,147,160,161,163,173,174,176,183,199,201,435,248,251,260,263,270,303,309,312,326,333,361,385,388,404,420,424,430,449,451,457,466
225:1,4,29,33,42,60,63,74,88,142,146,148,169,173,184,190,200,416,252,270,273,275,278,304,305,319,334,337,362,369,372,387,398,417,421,424,425,430,441,449
226:13,14,22,26,41,49,61,90,95,104,111,124,131,132,133,136,138,139,167,189,204,205,211,214,290,233,250,251,254,326,334,342,349,354,367,377,406,417,462
227:21,24,30,31,51,55,60,66,81,86,94,109,146,169,175,189,197,200,203,205,207,220,450,238,241,247,250,251,255,263,274,277,285,287,290,297,304,320,322,323,348,388,413,414,416,418,430,432,447,448,458,465,466
228:8,12,14,36,40,52,57,75,81,89,113,114,124,128,137,146,180,189,190,203,211,216,318,291,292,310,314,320,323,328,335,357,358,361,363,365,368,388,391,393,394,416,421,426,433,440,446,452,465,468
229:3,7,32,35,53,63,74,88,113,115,118,127,134,164,166,201,433,237,241,264,275,278,295,305,308,331,354,379,390,417,419,428,431,440,452,458,459
230:23,27,36,47,50,61,73,76,80,87,106,113,120,140,144,148,161,164,178,180,191,194,210,221,246,236,243,264,269,279,285,286,295,303,320,325,329,337,352,354,361,367,371,376,390,400,404,408,420,424,436,439,442,449,454,460
231:8,10,12,20,23,26,33,44,68,74,87,100,107,133,165,167,193,201,202,217,219,263,239,244,252,256,272,302,335,337,340,341,347,353,359,365,390,404,408,411,417,423,425,427,432,454
232:0,22,35,48,53,75,91,95,107,108,121,122,138,155,173,189,193,198,204,207,213,323,247,257,272,277,283,298,317,322,354,358,369,394,404,436,441,450
233:27,30,32,39,47,49,66,77,94,103,104,142,146,156,158,174,176,199,203,216,221,226,318,249,253,265,266,268,269,271,287,289,294,315,316,335,349,386,392,394,421,423,430,433,452,456
234:33,34,52,67,76,96,104,112,123,147,162,168,173,178,184,185,193,198,212,416,235,238,242,245,264,272,275,277,287,296,297,300,315,323,339,344,354,358,362,371,372,381,383,389,390,396,398,442
235:6,27,33,52,81,94,133,143,199,200,219,234,450,240,248,258,259,267,307,316,338,348,353,377,387,401,404,406,417,423,429,441,453,463
236:9,16,17,26,29,32,40,56,64,67,70,83,91,95,107,115,124,146,149,158,159,163,166,170,176,204,213,215,221,222,230,352,248,254,258,260,275,278,310,312,338,349,378,395,407,430,448,459,460,463,467,469
237:1,32,47,68,73,74,78,89,96,98,104,107,118,132,154,159,161,163,164,169,188,200,201,211,229,423,238,242,259,267,268,274,289,292,298,322,340,342,358,384,388,400,439,444,447,448,453,469
238:0,22,26,31,41,43,48,57,74,92,100,106,107,116,126,127,142,143,167,179,181,194,203,213,216,227,234,237,262,244,252,253,270,278,286,354,376,380,386,392,413,431,433,441,443,466
239:33,38,42,46,56,64,72,86,89,91,104,108,124,132,136,161,164,168,172,199,212,231,257,254,258,267,287,303,304,331,333,339,352,364,369,372,392,396,409,416,435,449,456,468
240:0,7,21,27,29,34,37,41,64,65,74,75,76,87,90,95,96,106,112,124,130,136,156,161,164,166,167,177,178,180,198,204,215,217,219,223,235,432,241,244,245,249,252,255,268,272,279,283,312,314,327,342,356,362,369,373,378,383,445,449,451,454
241:11,28,56,60,63,84,85,86,101,135,143,153,155,163,173,181,189,204,209,213,221,227,229,240,253,249,256,273,277,295,321,324,326,333,338,350,359,368,372,381,396,402,407,427,435,444,445,450,454,463
242:12,26,28,44,45,48,54,59,74,75,82,87,90,92,114,139,147,149,158,159,161,165,167,178,208,210,234,237,287,254,255,289,292,304,316,353,369,381,385,387,401,414,422,438,453,456
243:13,21,25,31,32,54,56,61,65,69,74,87,99,117,129,133,134,137,162,165,182,184,186,203,208,216,230,428,275,279,305,313,318,331,358,360,361,398,406,411,412,414,423,429,442,445,456,459,465
244:16,22,32,54,56,58,80,86,93,94,106,112,117,119,132,164,173,185,191,210,231,238,240,267,255,286,297,341,344,350,351,354,363,371,377,397,411,414,428,445,448,451
245:3,29,36,37,41,47,51,62,65,73,86,105,107,136,145,161,188,197,206,212,215,218,234,240,468,265,269,278,281,284,292,308,318,356,365,375,387,391,393,401,402,418,420,422,424,427,434,439,460
246:20,21,45,49,72,120,135,137,146,162,182,183,203,206,213,230,308,249,276,281,287,317,319,330,333,352,394,396,398,405,409,416,426,435,455
247:3,16,31,52,59,63,66,74,82,88,97,113,118,119,131,142,166,171,178,179,181,210,219,223,227,232,336,253,272,273,282,286,292,294,295,307,317,334,338,343,356,358,386,422,432,451,460,469
248:3,7,9,20,39,64,65,68,70,74,91,92,112,135,138,175,181,205,208,222,224,235,236,333,279,280,308,316,336,343,351,364,365,368,370,412,416,418,432,440,445,448,464
249:5,48,55,68,93,102,103,109,110,111,116,126,131,138,140,143,165,166,168,171,182,199,215,233,240,241,246,354,260,267,284,287,289,312,345,365,376,384,390,391,393,396,401,442,447,454
250:15,16,23,26,38,48,56,63,66,80,84,87,88,91,96,126,135,160,175,190,202,211,213,216,226,227,428,254,256,258,267,285,305,308,338,345,352,360,366,374,393,397,407,434,435,445,456
251:27,30,31,40,62,63,69,78,91,100,102,108,117,124,143,150,154,155,170,180,185,208,210,224,226,227,391,254,255,285,290,305,319,342,360,370,374,375,383,385,396,399,415,445,457
252:1,9,14,51,60,71,73,95,107,114,118,122,123,124,129,132,139,141,142,153,164,167,169,197,199,204,208,214,217,220,225,231,238,240,313,257,258,273,277,278,295,302,307,311,326,339,341,350,356,367,384,400,403,438,441,468
253:0,2,7,17,41,45,49,54,66,70,73,76,78,80,93,94,108,127,128,130,132,138,173,177,193,194,216,233,238,241,247,299,261,262,264,271,276,286,293,302,305,318,320,330,332,351,354,357,359,387,414,447,448,456
254:14,19,24,27,56,60,77,103,104,123,132,133,138,139,149,154,163,164,182,205,226,236,239,242,250,251,339,292,302,311,338,343,349,355,358,364,366,396,402,407,409,420,421,428,432,440
255:3,4,8,10,11,18,24,26,31,33,47,56,64,67,75,89,90,94,106,115,117,126,127,136,138,142,144,147,169,172,174,186,188,203,209,214,215,227,240,242,244,251,463,256,266,282,285,308,317,327,343,344,353,354,359,386,389,392,396,431,456
256:9,31,37,39,46,60,67,73,77,117,120,139,143,152,155,173,174,213,220,231,241,250,255,259,268,279,293,311,332,336,338,345,354,358,371,374,392,397,398,407,409,410,418,434,438,443,449
257:0,2,10,29,41,46,49,74,80,81,83,94,99,102,106,114,116,123,127,129,141,146,158,160,169,186,210,212,232,239,252,309,277,283,320,339,359,371,382,398,399,405,417,431,450,451,467
258:0,1,8,17,20,24,36,41,47,66,68,69,70,78,88,105,119,126,132,138,146,172,175,188,191,207,209,215,218,220,235,236,239,250,252,455,264,268,304,310,330,349,366,377,384,391,396,401,406,437,444,452,454,456
259:7,12,14,19,20,25,57,82,102,103,131,144,147,153,169,179,180,186,203,206,212,213,217,218,235,237,256,382,260,267,275,293,309,318,346,350,358,359,363,370,391,393,399,403,408,437,449,454,467
260:12,19,21,53,73,78,87,110,134,145,149,158,161,162,181,188,191,193,224,236,249,259,415,263,264,269,287,303,314,317,327,330,333,341,353,359,365,387,388,395,428,451,453,467,469
261:1,15,20,30,34,47,54,56,64,66,80,81,82,84,106,118,121,123,125,131,138,148,151,166,169,176,197,204,206,253,432,267,281,294,302,304,308,320,330,334,348,353,355,357,368,383,398,407,410,425,431,457,458
262:4,11,12,17,23,25,43,44,46,51,55,73,83,86,128,130,133,162,164,190,193,206,217,220,238,253,366,265,268,271,289,291,300,315,316,324,326,336,343,346,352,353,358,371,380,387,397,399,403,411,426,431,454,466,467
263:4,9,24,25,27,51,61,65,66,83,94,95,100,118,121,130,131,141,149,178,183,213,224,227,231,260,340,267,269,289,291,299,307,329,350,358,371,382,387,420,424,427,436,444,447,448,464
264:7,20,29,32,36,52,62,68,76,106,113,116,137,168,179,188,194,203,229,230,234,253,258,260,405,265,273,279,290,293,315,331,377,386,395,403,426,435,444,455,462
265:20,22,30,37,50,66,108,110,116,123,125,141,166,169,182,185,203,219,233,245,262,264,355,269,272,298,307,313,317,320,339,343,349,352,364,372,382,406,407,412,422,423,432,436,442,462
266:7,27,28,30,34,36,85,87,88,107,129,148,161,170,171,201,208,217,233,255,286,268,284,296,297,301,306,319,325,337,342,388,390,395,396,403,419,428,439,442,450,452,455,457,460,468
267:6,21,22,39,41,47,55,63,65,72,76,80,138,141,148,154,156,158,165,168,178,201,211,219,220,235,237,239,244,249,250,259,261,263,310,268,269,290,297,306,313,325,343,354,356,363,376,384,398,406,452,453,466
268:22,39,48,56,57,60,68,72,82,91,93,106,132,133,137,145,154,158,161,162,170,179,181,182,191,193,195,196,197,218,233,237,240,256,258,262,266,267,341,280,283,294,298,306,313,325,338,365,370,379,384,385,409,436,445,459,460,462,464,469
269:3,6,13,18,26,28,33,45,64,70,74,89,118,130,148,159,185,191,197,210,211,223,230,233,245,260,263,265,267,438,284,291,303,307,310,311,312,318,327,331,342,344,351,371,375,382,385,391,393,408,417,423,425,433,443,456,457,467
270:0,9,10,12,20,29,48,60,65,68,89,90,91,100,118,132,135,141,154,169,179,210,224,225,238,284,282,299,307,309,327,349,351,395,403,408,431,447,452,456,462
271:5,28,40,42,46,56,59,72,85,90,93,111,143,151,152,160,164,166,167,170,182,185,186,205,222,233,253,262,313,273,299,303,310,317,319,332,347,394,397,420,428,444,448,457
272:16,17,41,43,57,68,86,88,110,125,130,131,135,138,139,140,160,176,180,194,202,210,215,231,232,234,240,247,265,431,280,284,288,291,312,323,328,343,349,359,385,396,418,423,424,448,449,451,461,465,469
273:21,76,85,88,103,118,128,143,146,152,172,173,176,198,205,225,241,247,252,264,271,433,300,314,328,338,342,344,345,348,371,384,387,390,394,408,412,417,423,427,455,458
274:13,60,70,94,123,128,132,156,157,160,167,191,227,237,349,278,284,289,295,307,315,317,318,321,339,351,369,385,394,409,415,426,455,463,466,469
275:8,10,15,16,22,23,25,39,42,47,66,70,87,101,112,113,122,137,144,154,189,192,204,220,221,225,229,234,236,243,259,360,276,281,292,294,296,302,307,320,326,334,362,400,420,427,448
276:14,46,52,64,76,78,97,102,112,120,131,134,153,156,168,174,188,193,201,206,215,220,246,253,275,376,287,292,303,324,331,355,362,375,377,378,402,408,411,418,421,426,444
277:11,25,50,66,70,74,79,92,97,175,179,209,217,223,227,232,234,241,252,257,347,308,309,315,319,326,329,335,338,350,352,373,381,382,394,402,407,427,435,443,447,450
278:2,11,26,39,42,54,77,84,87,126,135,142,152,159,162,174,189,191,193,205,223,225,229,236,238,245,252,274,468,291,321,331,332,336,339,342,370,375,377,388,389,417,424,426,437
279:7,9,29,35,44,52,56,59,68,93,102,108,111,115,125,130,144,145,151,156,179,194,205,207,212,218,230,240,243,248,256,264,358,281,319,336,346,351,356,363,367,368,369,376,379,404,461
280:9,31,39,44,45,51,63,71,74,80,116,120,147,150,155,158,162,178,192,198,202,203,248,268,272,375,304,318,322,333,337,355,357,362,377,392,394,408,409,423,431,432,444,452,455
281:1,3,16,21,23,25,72,79,105,117,121,126,133,157,160,183,202,206,213,245,246,261,275,279,371,290,303,312,327,379,398,410,412,423,438,440,449,461
282:2,20,22,23,28,29,38,55,56,57,61,75,78,79,82,97,134,148,159,164,171,203,216,218,247,255,270,395,285,291,292,301,323,355,367,368,373,375,385,391,402,423,427,438,454,458
283:18,20,51,58,62,77,97,98,105,119,121,134,149,151,152,160,177,178,179,180,185,196,204,232,240,257,268,347,300,332,341,344,351,356,385,396,405,425,426,441,448,464,465
284:40,47,49,59,62,75,88,108,121,139,142,158,159,169,176,182,189,194,215,220,245,249,266,269,270,272,274,308,296,298,305,309,312,319,322,353,367,369,385,397,406,426,437,445,463
285:17,21,65,90,98,101,139,166,177,220,227,230,250,251,255,282,333,305,311,323,324,326,349,350,362,369,397,418,440,450
286:3,6,11,13,21,53,64,65,78,83,88,97,103,118,135,153,161,171,175,178,184,218,222,230,238,244,247,253,266,302,297,306,314,339,346,351,359,364,373,385,388,390,394,399,405,414,425,433,439,461,465
287:4,5,28,39,55,64,72,79,90,108,113,120,121,128,131,145,170,171,176,183,194,212,216,220,221,227,233,234,239,242,246,249,260,276,322,299,302,318,337,348,366,383,387,398,413,418,422,440,443,450,451,463,469
288:3,11,25,29,36,37,40,61,74,81,87,110,129,132,140,145,159,162,165,177,186,198,219,223,272,317,292,297,316,331,339,342,376,390,396,397,409,417,444,447,457
289:4,27,41,61,64,72,82,83,95,100,106,112,117,134,141,150,152,160,166,172,183,198,204,211,219,222,233,237,242,249,262,263,274,331,294,298,306,327,335,348,353,385,395,400,409,442,454,457,459,460,462,463,468
290:0,8,11,33,40,49,51,54,73,76,95,98,110,132,136,150,173,186,191,210,226,227,251,264,267,281,393,311,312,317,318,321,324,354,357,360,379,394,402,407,422,432,441,448,463
291:5,29,36,52,55,82,98,100,112,153,159,165,171,174,199,210,228,262,263,269,272,278,282,418,293,317,321,328,329,347,360,369,381,410,429,431,437,441,444,451,458,463
292:4,23,24,28,31,53,60,87,98,104,118,129,132,158,161,162,170,192,198,218,219,221,222,228,237,242,245,247,254,275,276,282,288,342,296,301,302,304,307,316,320,328,330,335,353,355,362,376,390,394,404,415,417,436,439,461
293:10,41,61,62,72,76,78,98,100,104,107,125,126,147,155,182,192,202,253,256,259,264,291,386,304,326,329,369,390,401,447,449,455,456,458
294:4,16,26,40,45,51,55,63,74,82,96,113,124,127,131,136,145,158,164,191,193,217,221,222,233,247,261,268,275,289,306,299,303,312,319,328,330,344,345,360,392,406,409,415,423,426,442,446
295:4,16,30,35,41,45,49,52,67,91,104,105,118,120,146,147,150,154,168,173,184,185,189,190,193,199,202,205,212,214,229,230,241,247,252,274,398,296,310,330,334,345,356,383,387,393,403,413,426,438,462
296:4,8,10,29,30,34,42,45,63,76,110,117,137,140,142,158,159,167,179,187,199,211,220,234,266,275,284,292,295,339,313,328,341,344,345,350,361,372,373,377,388,395,407,411,418,422,425,455
297:4,13,15,26,36,44,47,58,64,85,87,89,93,97,109,110,111,116,121,158,165,180,186,190,191,201,204,213,215,227,234,244,266,267,286,288,373,323,325,357,358,360,372,399,406,418,422,424,451,453,463
298:14,19,24,31,33,34,87,97,120,126,130,132,137,159,169,172,175,190,204,211,218,220,232,237,265,268,284,289,460,304,307,316,339,340,347,348,358,365,384,392,402,427,431,438,454
299:17,26,38,47,60,94,100,105,118,123,125,130,148,160,164,170,180,187,195,196,199,204,207,209,253,263,270,271,287,294,344,300,338,339,340,357,362,396,402,431,444,464
300:9,11,20,42,50,51,54,63,112,118,120,124,133,144,159,173,175,184,186,189,201,204,206,212,222,234,262,273,283,299,376,319,323,327,332,335,350,354,356,366,388,392,415,416,426
301:2,21,40,50,78,79,114,116,139,145,162,168,177,182,193,207,209,212,214,218,219,266,282,292,377,312,315,318,324,339,350,360,362,369,374,378,379,380,395,397,416,426,440,445,459,460
302:4,7,12,52,56,62,65,71,94,98,99,107,128,150,161,162,166,167,171,193,202,211,212,214,231,252,253,254,261,275,286,287,292,391,305,313,316,328,346,381,387,393,394,395,404,412,417,420,428,441,443,446,449,450,460,467
303:13,20,26,38,51,66,69,87,123,128,134,158,180,192,206,209,212,213,216,222,224,230,239,260,269,271,276,281,294,383,314,320,337,341,360,377,419,421,424,427,448,456,469
304:1,13,31,51,57,58,64,72,82,105,125,137,141,142,161,174,185,193,202,225,227,239,242,258,261,280,292,293,298,317,307,309,314,319,324,340,346,399,415,443,445,454,468
305:32,42,61,76,82,110,111,113,153,158,169,195,197,211,217,225,229,243,250,251,253,284,285,302,378,334,346,352,365,366,368,383,403,408,421,429,443,444,446
306:7,20,22,28,34,38,46,69,92,96,98,102,106,108,111,117,135,168,169,173,184,189,202,208,210,212,221,223,266,267,268,286,289,294,369,307,311,324,336,340,342,351,352,360,365,373,384,409,412,429,445,449,457
307:0,9,10,28,33,46,52,96,107,110,112,115,137,145,155,162,169,173,190,198,199,201,207,216,223,235,247,252,263,265,269,270,274,275,292,298,304,306,391,313,315,318,329,347,350,370,371,381,393,394,399,402,410,416,421,426,437,458,468,469
308:3,29,30,46,58,84,88,100,116,131,134,139,163,175,180,181,190,192,197,203,213,229,245,246,248,250,255,261,277,284,387,312,313,326,331,344,350,358,368,372,380,384,402,409,419,422,424,439,452,453,459,465,469
309:3,5,31,39,40,45,51,64,74,76,114,125,131,133,139,141,220,224,257,259,270,277,284,304,430,320,321,326,347,353,354,357,361,387,391,412,420,428,437,448,460
310:32,39,41,42,43,63,65,73,86,87,90,103,104,121,126,129,140,154,162,173,174,176,177,179,187,203,208,228,236,258,267,269,271,295,390,328,332,339,343,347,348,372,380,389,401,430,440,444,458,465
311:10,18,20,25,28,35,46,58,62,81,82,90,102,119,126,130,141,144,173,205,210,252,254,256,269,285,290,306,386,317,326,339,365,391,393,396,411,414,450,455,457,458
312:2,5,6,12,18,40,45,46,65,94,95,96,129,160,162,167,193,207,224,236,240,249,269,272,281,284,290,294,301,308,462,314,327,338,345,346,347,352,371,375,382,389,399,409,414,435,441
313:1,5,14,27,61,68,81,93,103,125,128,164,167,173,183,194,206,212,216,220,223,243,252,265,267,268,271,296,302,307,308,409,332,358,361,376,391,395,405,440,442,444,446,452,457,468
314:1,18,59,65,66,76,90,111,112,116,117,124,129,144,153,157,164,170,179,185,197,202,212,228,240,260,273,286,303,304,312,342,316,325,330,331,339,348,385,404,410,413,419,420,447
315:0,6,19,24,31,59,91,95,109,115,123,124,127,131,132,133,134,142,143,155,158,162,172,204,214,233,234,262,264,274,277,301,307,356,316,321,330,343,345,382,384,387,393,409,421,429,431,444,446,465,468
316:1,21,23,24,33,50,61,65,70,85,87,91,105,106,112,114,120,131,132,135,137,160,167,169,185,194,209,211,233,235,242,248,262,288,292,298,302,314,315,371,323,333,356,365,388,396,412,413,420,421,438,446,448,451,455,468
317:5,7,11,18,52,54,68,71,97,105,125,133,162,181,194,200,220,232,246,247,255,260,265,271,274,288,290,291,304,311,385,330,347,361,386,390,395,409,416,420,426,431,435,442,444,453,455,460,461
318:1,10,18,25,37,51,64,70,73,77,81,97,106,131,141,152,157,161,167,168,199,217,219,228,233,243,245,253,259,269,274,280,287,290,301,307,404,321,329,333,342,377,380,391,397,406,408,411,416,422,427,428,435,461,469
319:1,7,21,29,33,36,52,65,67,78,81,83,90,95,106,109,112,120,130,134,152,159,160,167,173,175,196,197,201,225,246,251,266,271,277,279,284,294,300,304,466,321,324,326,328,338,341,347,349,353,373,382,389,402,403,404,409,410,420,430,447,454
320:1,3,12,33,61,63,83,92,94,100,110,124,127,132,135,137,139,151,159,169,171,190,197,210,227,228,230,253,257,261,265,275,292,303,309,335,321,324,325,346,359,360,371,388,392,397,401,410,418,447,450,455,461
321:4,5,25,53,55,66,73,78,90,91,95,99,108,110,118,126,135,138,159,170,189,196,241,274,278,290,291,309,315,318,319,320,322,333,345,363,373,379,384,404,417,418,434,440,441,451,453,455,456
322:1,3,9,20,27,35,44,50,63,64,118,120,127,131,151,152,164,168,173,191,220,227,232,237,280,284,287,321,421,325,341,364,366,367,371,378,385,388,399,400,402,418,431,433,444,467
323:5,8,17,45,47,53,63,107,112,118,122,123,124,138,153,204,208,212,219,222,227,228,232,234,272,282,285,297,300,316,467,324,374,376,386,387,438,452,462
324:1,22,26,31,33,67,78,79,87,91,104,116,118,143,147,181,185,241,262,276,285,290,301,304,306,319,320,323,418,329,336,343,350,357,360,373,394,407,413,416,417,436,453,457,463,466
325:9,12,23,26,34,41,43,45,80,81,93,104,106,108,116,119,120,124,129,130,140,143,156,161,163,173,176,179,191,196,207,223,230,266,267,268,297,314,320,322,358,335,345,350,365,370,371,373,385,401,411,412,443,449,450,456,457,466
326:12,20,26,29,49,75,81,101,116,126,146,151,159,161,171,183,198,199,205,208,213,224,226,241,252,262,275,277,285,293,308,309,311,319,448,390,391,414,421,427,428,433,436,437,440,442,456,460,462,463
327:1,12,15,17,22,29,33,35,36,39,47,50,51,54,78,88,89,94,105,109,128,138,140,141,155,161,171,174,176,191,198,202,213,215,219,222,240,255,260,269,270,281,289,300,312,455,339,378,387,395,401,402,406,430,462,464
328:37,58,60,66,68,70,76,86,93,109,115,127,128,133,139,142,157,158,160,169,211,212,213,228,272,273,291,292,294,296,302,310,319,346,341,353,356,362,367,384,393,398,404,407,444,469
329:11,27,30,40,43,54,60,61,63,66,87,92,96,98,100,101,112,114,115,118,122,130,131,132,151,158,201,211,230,263,277,291,293,307,318,324,443,338,343,355,365,378,382,401,402,408,411,413,450,461,468
330:25,28,31,57,58,60,81,100,105,107,117,134,149,165,172,177,182,197,202,206,246,253,258,260,261,292,294,295,314,315,317,419,337,355,365,369,374,375,416,417,425,432,433,437,442,448,463,466,469
331:10,17,26,30,41,43,53,58,74,94,99,113,118,119,154,161,163,168,180,191,196,229,239,243,264,269,276,278,288,289,308,314,429,358,361,370,390,418,430,439,445,448,452,453,455
332:18,32,39,63,116,133,167,174,182,194,195,203,208,253,256,271,278,283,300,310,313,429,341,347,351,359,364,396,413,418,422,432,438,440,446,458
333:4,9,32,38,42,65,75,79,85,94,97,103,113,119,136,155,157,166,171,202,204,205,217,224,239,241,246,248,260,280,285,316,318,321,382,344,349,358,368,383,390,429,431,433,444,459,460,462
334:1,5,8,9,31,35,50,58,108,110,150,156,168,183,195,200,211,212,222,225,226,247,261,275,295,305,459,338,359,382,384,385,413,433
335:12,36,40,41,42,43,51,52,79,100,105,121,122,123,125,145,155,169,170,176,186,196,200,212,228,231,233,277,289,292,300,320,325,346,357,396,406,411,415,424,429,436,461,464
336:13,25,28,42,47,70,73,81,87,90,109,123,162,166,170,175,178,187,188,189,191,195,213,247,248,256,262,278,279,306,324,356,346,362,365,374,385,388,397,424,431,439,441
337:41,67,80,81,103,108,114,140,144,150,170,183,193,197,219,225,230,231,266,280,287,303,330,445,343,346,375,384,396,413,416,428,433,437,446,448,460,469
338:9,14,25,55,59,67,69,105,113,114,205,211,213,218,235,236,241,247,250,254,256,268,273,277,299,312,319,329,334,405,357,365,366,380,383,400,402,409,410,414,441,442,445,464
339:3,6,17,32,33,39,51,58,77,92,94,102,108,112,118,123,134,146,154,166,167,169,179,197,198,208,220,234,239,252,254,257,265,274,278,286,288,296,298,299,301,310,311,314,327,361,342,354,355,357,370,376,381,382,383,384,386,397,398,407,411,413,421,428,429,440,459,466
340:13,40,58,70,83,89,92,94,111,115,119,131,133,151,152,160,173,181,186,188,194,208,211,212,231,237,263,298,299,304,306,385,345,351,367,398,422,428,429,432,448,449,457,463
341:5,17,31,35,45,54,64,70,78,90,92,93,97,106,108,115,118,119,122,138,139,149,150,155,168,186,188,189,199,200,218,231,244,252,260,268,283,296,303,319,322,328,332,379,362,371,374,375,376,398,404,415,441,459
342:44,45,56,68,86,91,96,98,102,113,114,119,129,134,142,151,160,173,174,192,193,208,211,214,217,219,226,237,240,251,266,269,273,278,288,292,306,314,318,339,455,345,350,355,362,383,385,390,398,407,412,425,438,444
343:26,51,65,81,96,120,121,125,139,147,161,169,176,180,209,247,248,254,255,262,265,267,272,310,315,324,329,337,380,365,372,381,403,408,412,461
344:6,18,19,31,41,46,55,64,79,85,95,122,124,128,149,155,163,168,179,181,195,217,221,234,244,255,269,273,283,294,296,299,308,333,385,355,359,376,379,394,415,423,431,442,450,459,461,464,468
345:20,24,29,30,35,47,51,58,84,86,92,93,106,107,111,117,128,148,183,195,205,223,249,250,256,273,294,295,296,312,315,321,325,340,342,457,346,356,363,382,404,410,421,425,435,439,452,459,465
346:1,14,24,36,48,53,55,71,72,77,91,106,108,119,121,162,175,180,189,195,197,202,205,219,221,259,262,279,286,302,304,305,312,320,328,335,336,337,345,406,353,358,381,390,395,411,423,442,446,464
347:27,29,32,36,39,45,47,48,81,83,86,115,117,123,128,142,147,157,158,172,182,196,200,210,214,231,271,277,283,291,298,307,309,310,312,317,319,332,433,357,369,390,391,392,394,403,437,439,445,450,462,464
348:13,15,30,41,59,62,63,70,76,83,87,104,123,130,135,137,160,170,176,212,217,227,235,261,273,287,289,298,310,314,395,362,364,378,384,388,398,407,415,435,436,447,469
349:31,35,36,42,89,96,98,100,104,110,122,128,149,151,169,176,178,185,216,217,218,226,233,236,254,258,265,270,272,274,285,319,333,396,350,381,393,399,405,433,437,449,457,458,461,468
350:0,7,21,30,43,50,53,59,61,69,80,86,97,101,124,142,150,153,157,160,171,173,177,178,187,190,197,241,244,252,259,263,277,285,296,300,301,307,308,324,325,342,349,420,368,387,393,395,402,411,418,437,442,449,454,461
351:0,4,11,20,31,36,41,45,48,54,73,79,82,91,102,105,112,117,133,139,142,161,177,179,180,185,194,203,222,244,248,253,269,270,274,279,283,286,306,332,340,431,363,369,370,376,396,397,399,406,411,423,427,437,453,463
352:0,10,17,21,37,50,52,71,92,114,127,132,139,148,168,185,188,196,203,205,208,230,236,239,246,250,262,265,277,305,306,312,356,381,399,406,443,445,458,460,465,466,467
353:11,19,23,33,40,139,141,153,155,168,174,182,195,197,201,203,205,213,223,231,235,242,255,260,261,262,284,289,292,309,319,328,346,389,362,394,407,410,423,425,463,468
354:14,15,23,27,29,47,48,58,59,64,75,87,89,101,110,115,118,122,132,146,160,164,175,183,187,188,189,194,206,214,219,226,229,230,232,234,238,244,249,253,255,256,267,290,300,309,339,464,366,374,379,381,386,387,388,418,421,442,469
355:13,31,39,44,61,87,99,120,124,139,142,143,153,169,184,204,254,261,265,276,280,282,292,329,330,339,342,344,419,373,375,384,385,416,423,425,429,443,448,462,465,468,469
356:4,5,26,30,43,50,62,100,120,131,133,161,167,171,187,197,199,206,221,240,245,247,252,267,279,283,295,300,315,316,328,336,345,352,437,358,387,397,408,415,416,421,422,423,424,444,446,447,464,466
357:9,26,32,34,37,42,49,78,84,94,108,115,122,125,129,137,150,167,171,182,188,190,204,223,228,253,261,280,290,297,299,309,324,335,338,339,347,403,360,365,382,385,400,408,409,467
358:1,6,20,25,32,41,45,71,74,75,97,107,111,115,123,125,129,134,137,144,150,151,170,179,181,188,197,199,203,205,221,223,228,232,234,237,243,247,254,256,259,262,263,279,297,298,308,313,325,331,333,346,356,394,364,387,438,443,456,460,465
359:5,6,7,15,18,19,20,30,33,35,73,75,76,91,109,117,118,130,143,177,181,192,194,195,215,218,219,223,231,241,253,255,257,259,260,272,286,320,332,334,344,417,379,389,392,430,433,453,457
360:34,52,57,58,63,85,86,110,113,116,119,145,163,176,179,210,243,250,251,275,290,291,294,297,301,303,306,320,324,357,468,363,403,404,410,419,424,431,455
361:11,24,29,30,37,45,66,71,119,135,136,139,142,145,164,197,203,224,228,230,243,296,309,313,317,331,339,373,379,393,398,428,433,447,461,466,467
362:10,19,20,29,34,42,48,56,68,79,80,86,88,107,116,133,145,155,170,172,182,191,193,225,234,240,275,276,280,285,292,299,301,328,336,341,342,348,353,390,369,377,393,399,418,424,429,453,459
363:14,15,16,17,19,31,35,39,67,75,81,98,102,104,109,117,129,131,153,171,187,198,200,202,210,217,221,228,244,259,267,279,321,345,351,360,367,368,369,395,407,417,451,453,460
364:13,62,66,121,126,128,130,147,155,180,183,189,203,216,239,248,254,265,286,322,332,348,358,401,385,392,400,403,410,429,467
365:20,30,52,79,90,109,113,118,119,132,139,153,156,158,161,165,167,172,181,182,190,192,194,205,212,228,231,245,248,249,260,268,298,305,306,311,316,325,329,330,336,338,343,357,394,367,372,376,377,393,434,441
366:17,20,22,32,41,47,50,54,59,71,82,86,93,109,113,115,121,126,175,195,207,217,218,250,254,258,262,287,300,305,322,338,354,446,368,378,398,419,423,459,462,465
367:2,21,27,36,49,53,60,67,90,99,113,127,130,143,146,149,157,184,211,226,230,252,279,282,284,322,328,340,363,365,444,372,380,382,392,393,412,424,425,443,449,459
368:10,14,36,43,64,77,84,91,93,103,106,110,136,144,145,162,178,183,192,208,211,228,241,248,261,279,282,305,308,333,350,363,366,389,370,371,374,383,386,390,394,400,413,419,420,426,451
369:44,53,63,68,77,87,103,106,113,114,118,122,143,148,156,161,168,173,179,182,206,220,225,232,239,240,242,274,279,284,285,291,293,301,306,330,347,351,362,363,462,380,383,390,401,419,425,431,451
370:3,11,12,21,23,30,42,50,57,83,91,124,139,145,147,149,161,166,185,202,212,248,251,259,268,278,307,325,331,339,351,368,425,374,387,392,394,409,410,423,426,429,432,448,464
371:2,9,15,51,54,59,62,64,70,71,85,108,109,113,121,144,162,163,171,191,193,194,195,214,215,219,220,230,234,244,256,257,262,263,269,273,281,307,312,316,320,322,325,341,368,373,381,387,390,393,394,412,419,425,455,459,465
372:28,40,60,76,83,88,96,104,115,124,145,156,175,181,183,187,195,206,214,222,225,234,239,241,265,296,297,308,310,343,365,367,388,382,419,437,444,452,458,465
373:1,18,22,41,59,77,89,101,103,107,111,140,141,158,163,172,183,194,219,240,277,282,286,296,297,306,319,321,324,325,355,361,371,379,380,386,400,401,407,413,443,456,459,464,466
374:4,8,15,18,54,57,71,75,89,105,115,119,123,125,133,134,135,138,143,148,155,160,163,193,205,213,221,250,251,256,301,323,330,336,341,354,368,370,391,400,414,424,430,443,444,452
375:1,7,15,25,26,31,64,67,70,96,100,115,124,126,131,134,145,154,165,169,175,191,192,210,245,251,269,276,278,280,282,312,330,337,341,355,433,383,394,400,426,427,439,441,446,452,461
376:15,22,23,28,32,46,54,55,58,61,65,66,92,101,105,106,108,117,119,123,172,190,191,230,238,249,267,276,279,288,292,300,313,323,339,341,344,351,365,407,392,398,403,405,413,434,444
377:3,4,27,32,38,41,64,69,74,77,95,98,126,141,142,144,166,177,181,208,214,216,217,218,226,235,244,258,264,276,278,280,296,301,303,318,362,365,384,378,380,385,387,392,401,419,431,437,440,443,445,461,463,465,468
378:3,8,17,18,19,30,36,42,49,55,61,63,73,76,82,83,91,106,113,117,118,126,141,158,185,186,188,191,193,203,204,205,207,210,215,222,236,240,276,301,305,322,327,329,348,366,377,421,379,381,383,388,434,439,456,468
379:5,20,31,44,49,59,60,75,76,78,82,94,113,114,116,117,125,132,134,162,166,183,187,191,203,207,218,223,229,268,279,281,290,301,321,341,344,354,359,361,373,378,447,389,390,420,429,442
380:4,5,25,31,32,38,40,50,55,97,98,107,108,125,127,134,136,141,146,176,180,182,183,184,217,218,238,262,301,308,310,318,338,343,367,369,373,377,418,382,394,397,436,451
381:0,5,7,15,40,60,63,95,107,109,113,118,134,135,148,151,170,177,185,191,199,204,210,215,234,241,242,277,291,302,307,339,343,346,349,352,354,371,378,407,397,414,415,423,432,443,451,462
382:0,1,24,25,39,43,44,58,65,66,89,92,98,100,106,111,112,114,130,131,132,140,152,161,165,168,178,189,215,218,257,259,263,265,269,277,312,315,319,329,333,334,339,345,357,367,372,380,418,384,394,423,426,428,434,436,437,441,451,464,468
383:2,20,27,30,45,55,70,75,76,86,94,98,99,104,105,113,118,123,133,141,146,180,181,190,191,201,217,221,234,240,251,261,287,295,303,305,333,338,339,342,368,369,375,378,448,395,404,433,438,441,449,451,467
384:11,17,37,45,52,65,83,95,117,135,136,145,149,153,157,179,185,189,194,200,212,215,237,249,252,258,267,268,273,298,306,308,315,321,328,334,337,339,348,355,377,382,464,386,391,405,422,440,444,448,451,462
385:11,26,35,41,46,52,54,59,71,81,92,134,152,153,155,164,182,188,189,190,200,202,203,204,208,211,214,217,224,242,251,268,269,272,274,282,283,284,286,289,314,317,322,325,334,336,340,342,344,355,357,364,377,413,403,411,429,430,431,446,454,455,463
386:1,15,31,34,38,49,59,61,62,66,69,73,87,99,107,114,121,122,130,157,175,177,188,195,196,233,238,247,255,264,293,311,317,323,339,354,368,373,384,403,387,388,389,398,400,402,410,441,451,455
387:2,6,13,53,60,73,80,81,101,124,128,162,172,178,202,206,220,223,225,235,242,245,253,260,262,263,273,287,295,302,308,309,315,323,327,350,354,356,358,370,371,377,386,444,395,401,403,418,449,450,453,462
388:7,20,27,33,38,40,43,55,57,59,65,72,84,86,91,102,113,116,119,122,138,141,143,146,148,188,189,194,214,224,227,228,237,260,266,278,286,296,300,316,320,322,336,348,354,372,378,386,434,408,413,416,421,424,428,432,447,457,464,465
389:8,32,39,63,71,84,88,109,128,139,147,155,163,174,175,178,185,187,197,204,207,221,234,255,278,310,312,319,353,359,368,379,386,455,443,445,451,468
390:29,53,54,60,62,63,68,70,71,107,108,115,132,136,158,183,186,215,229,230,231,234,249,266,273,286,288,292,293,310,317,326,331,333,342,346,347,362,368,369,371,379,468,392,393,394,396,417,420,422,426,434,454,456,469
391:6,12,37,44,62,87,94,100,102,106,113,139,162,173,175,177,189,194,204,218,219,223,228,245,249,251,258,259,269,282,302,307,309,311,313,318,326,347,374,384,464,406,414,425,426,427,441,445,453,454
392:19,27,39,62,64,67,72,76,83,89,90,93,103,111,133,139,144,151,175,180,191,193,220,233,238,239,255,256,280,294,298,300,320,347,359,364,367,370,376,377,390,428,410,423,444,447,454,463
393:0,6,12,22,42,61,62,78,125,132,140,143,154,156,158,164,176,182,185,199,201,217,228,245,249,250,259,269,290,295,302,307,311,315,328,349,350,361,362,365,367,371,390,419,394,417,422,428,437,447
394:0,1,2,9,45,51,62,79,90,106,118,121,136,138,142,148,149,152,170,171,189,198,203,211,217,218,228,232,233,246,271,273,274,277,280,286,290,292,302,307,324,344,347,353,358,365,368,370,371,375,380,382,390,393,418,396,408,411,420,422,428,455,458,464,465,468
395:3,10,17,29,31,32,34,38,42,44,71,88,92,111,129,130,142,146,149,153,169,191,198,200,207,213,221,236,260,264,266,270,282,289,296,301,302,313,317,327,346,348,350,363,383,387,398,404,429,444,458
396:0,42,49,87,89,90,91,92,94,95,109,115,137,144,163,167,169,181,184,193,197,209,214,220,223,234,239,241,246,249,251,254,255,258,266,272,283,288,299,311,316,332,335,337,349,351,390,394,440,397,401,461
397:0,24,60,65,69,71,85,89,135,161,162,177,180,190,193,198,200,211,244,250,256,262,271,284,285,288,301,318,320,336,339,351,356,380,381,396,403,405,410,434,441,447
398:17,22,24,29,55,98,99,104,118,119,125,139,163,183,218,223,225,234,243,246,256,257,261,267,281,287,295,328,339,340,341,342,348,361,366,376,386,395,403,428,429,439,466
399:1,12,15,27,29,31,32,35,42,60,63,98,103,106,111,123,128,131,133,151,157,158,159,166,170,177,180,193,201,211,251,257,259,262,286,297,304,307,312,322,349,351,352,362,400,401,405,414,420,426,427,432,435,467
400:7,12,33,39,43,44,45,64,84,91,93,131,159,175,179,187,191,196,201,209,230,237,252,275,289,322,338,357,364,368,373,374,375,386,399,460,411,416,430,435,464
401:17,29,30,43,52,54,60,64,81,83,91,99,112,117,125,126,132,156,157,159,187,208,235,242,245,249,258,293,310,320,325,327,329,364,369,373,377,387,396,399,438,402,403,407,408,413,422,424,430,449,452,462
402:8,29,31,33,44,55,57,74,76,82,91,95,97,106,113,117,127,136,140,156,157,178,185,192,202,213,219,241,245,254,276,277,282,290,298,299,307,308,319,322,327,329,338,350,386,401,443,404,414,420,429,430,447,454,458
403:13,16,35,39,55,70,121,124,130,131,134,143,149,152,167,169,170,171,187,188,189,252,259,262,264,266,270,295,305,319,343,347,357,360,364,376,385,386,387,397,398,401,469,449,467
404:38,45,59,94,95,103,111,132,140,169,172,175,187,188,196,208,213,224,230,231,232,235,279,292,302,314,318,319,321,328,341,345,360,383,395,402,467,406,422,430,431,438,458,460
405:5,19,21,23,32,35,46,47,54,58,70,76,94,111,120,122,143,148,173,176,191,211,212,246,257,264,283,286,313,338,349,376,384,397,399,453,410,418,421,463,466
406:5,21,24,27,46,93,94,113,116,119,147,148,170,183,189,211,220,226,235,243,258,265,267,284,294,297,318,327,335,346,351,352,391,404,433,410,411,420,422,454,463
407:4,7,26,34,36,40,52,56,59,100,115,121,123,144,162,172,177,184,187,188,194,202,205,214,220,236,241,250,254,256,261,265,277,290,296,324,328,339,342,348,353,363,373,376,381,401,446,412,426,453
408:8,21,31,41,51,53,61,69,121,132,143,153,172,189,197,205,220,230,231,259,269,270,273,276,280,305,318,329,343,356,357,388,394,401,444,425,426,432,435,436,438,443,454,455
409:4,14,25,51,57,83,110,122,146,156,159,163,165,176,188,209,215,239,246,254,256,268,274,280,288,289,294,306,308,312,313,315,317,319,338,357,370,454,437,445,452,459,462,463,467
410:9,33,37,56,98,102,112,122,129,131,133,134,139,169,180,188,190,193,256,261,281,291,307,314,319,320,338,345,353,360,364,370,386,392,397,405,406,459,425,436,445,460,464
411:6,17,21,31,36,42,64,72,82,90,110,113,126,159,162,167,168,179,182,186,187,188,189,209,231,243,244,262,276,296,311,318,325,329,335,339,346,350,351,385,394,400,406,412,415,432,443,448,462,467,469
412:11,16,34,39,69,73,89,112,126,129,143,147,176,180,197,215,243,248,265,273,281,302,306,309,316,325,342,343,367,371,407,411,457,427,437,438,440,450
413:8,19,24,32,42,48,49,56,58,71,73,85,86,90,106,111,113,127,131,132,134,142,165,177,184,200,227,238,287,295,314,316,324,329,332,334,337,339,368,373,376,385,388,401,450,461,463
414:10,11,18,31,35,38,44,45,60,62,73,78,95,118,139,151,188,204,216,217,227,242,243,244,253,286,311,312,326,338,374,381,391,399,402,427,417,446,448,455,457,463
415:1,4,13,15,23,31,40,54,68,75,83,98,101,106,131,142,145,147,162,163,164,170,177,209,251,260,274,292,294,300,304,335,341,344,348,356,381,411,421,430,436,437,446,450,455,462,467
416:41,50,52,89,95,99,115,127,129,134,146,157,162,167,173,180,206,214,220,225,227,228,234,239,246,248,300,301,307,317,318,324,330,337,355,356,388,400,452,420,423,433,445,457,459,467
417:0,21,23,28,32,36,43,54,55,90,97,110,124,126,137,141,163,166,174,186,189,192,199,210,225,226,229,231,235,257,269,273,278,288,292,302,321,324,330,359,363,390,393,414,429,422,446
418:0,27,67,89,146,163,167,176,188,194,203,205,206,211,213,221,227,245,248,256,272,276,285,287,291,296,297,320,321,322,324,331,332,350,354,362,380,382,387,394,405,437,425,428,455,456,469
419:0,6,11,46,48,54,57,59,81,91,99,107,113,121,132,136,159,167,169,174,178,179,183,215,229,266,303,308,314,330,355,360,366,368,369,371,372,377,393,459,435,441,447,450,461
420:21,58,62,69,71,90,94,108,133,150,151,152,184,203,211,214,217,219,224,230,245,254,263,271,275,302,309,314,316,317,319,350,368,379,390,394,399,402,406,416,444,428,438,446,465,468
421:7,8,21,29,36,46,49,85,89,101,106,114,121,139,142,159,160,166,168,181,183,189,192,198,203,205,208,223,225,228,233,254,276,303,305,307,315,316,322,326,339,345,354,356,378,388,405,415,440,437,458
422:5,36,56,57,83,88,90,101,103,118,127,134,138,146,150,154,157,171,175,200,203,207,210,242,245,247,265,287,290,296,297,308,318,332,340,356,384,390,393,394,401,404,406,417,432,424,441,451,456,465
423:5,9,10,41,44,59,75,78,79,82,95,116,129,130,149,156,160,186,194,204,220,231,233,235,237,243,265,269,272,273,280,281,282,294,344,346,351,353,355,356,366,370,381,382,392,416,457,425,451,453,466,469
424:4,17,53,55,56,59,61,62,65,77,84,92,122,128,151,161,184,187,197,212,224,225,230,245,263,272,278,297,303,308,335,336,356,360,362,367,374,388,401,422,440,469
425:1,5,8,9,14,20,23,25,28,35,63,74,88,100,104,114,120,132,134,156,192,203,225,231,261,269,283,286,296,330,342,345,353,355,367,369,370,371,391,408,410,418,423,441,429,434,450,456,458
426:2,17,50,74,82,86,87,92,93,97,102,108,115,119,125,130,145,174,180,187,197,202,214,219,228,246,262,264,274,276,278,283,284,294,295,300,301,307,317,368,370,375,382,390,391,399,407,408,448,431,437,440,442,446,457,464,467
427:0,5,12,19,29,55,58,60,88,104,105,117,118,124,125,136,155,157,162,168,171,177,191,202,221,231,241,245,263,273,275,277,282,298,303,318,326,351,375,391,399,412,414,461,429,438,439,467
428:8,12,20,28,29,30,44,45,52,56,69,91,93,112,131,132,145,146,160,172,185,194,209,218,219,229,243,244,250,254,260,266,271,302,309,318,326,337,339,340,361,382,388,392,393,394,398,418,420,432,430,433,441,442,454,463,464
429:7,24,26,31,52,66,78,80,85,88,89,93,113,116,120,124,127,145,151,158,171,176,177,178,193,194,199,202,217,235,243,291,305,306,315,331,332,333,335,339,340,355,362,364,370,379,385,395,398,402,417,425,427,447,433,445,454,462,469
430:0,1,15,26,30,36,96,102,109,133,136,138,152,163,175,193,194,215,224,225,227,233,236,309,310,319,327,331,359,374,385,400,401,402,404,415,428,431,439,444,464,466
431:2,6,13,22,25,34,80,85,88,95,96,103,108,125,129,138,156,164,166,174,187,208,229,238,255,257,261,262,270,272,280,291,298,299,315,317,322,333,336,344,351,360,369,377,385,404,426,430,451,466
432:28,51,60,61,64,69,90,95,109,112,127,129,138,140,146,151,159,186,199,201,203,212,227,231,240,247,248,254,261,265,280,290,330,332,340,370,381,388,399,408,411,422,428,448,456
433:12,16,29,33,42,43,45,50,52,54,62,63,77,78,124,138,151,170,178,186,215,221,223,228,229,233,238,269,273,286,322,326,330,333,334,337,347,349,359,361,375,383,406,416,428,429,443,436,447,450,464,465
434:10,20,32,42,66,98,113,115,126,128,138,142,143,151,172,193,205,221,223,245,250,256,321,365,376,378,382,388,390,397,425,468,440,447,450
435:5,17,19,24,28,34,67,70,95,124,147,152,153,156,221,224,239,241,246,250,264,277,312,317,318,345,348,399,400,408,419,461,440,445,469
436:6,7,13,16,76,79,94,106,144,145,160,163,165,168,203,213,230,232,263,265,268,292,324,326,335,348,380,382,408,410,415,433,456,439
437:47,67,78,91,96,109,116,118,134,142,152,191,202,207,258,259,278,284,291,307,309,326,330,337,347,349,350,351,356,372,377,382,393,409,412,415,418,421,426,449,450,463,466
438:4,32,33,50,63,73,76,78,101,103,110,136,141,160,170,180,194,195,207,211,242,252,256,269,281,282,295,298,316,323,332,342,358,383,401,404,408,412,420,427,441,448,454,457,466
439:4,15,25,50,56,64,65,75,89,97,102,113,147,155,156,164,170,184,190,196,203,207,214,219,230,237,245,266,286,292,308,331,336,345,347,375,378,398,427,430,436,450,442,444,456,458
440:2,12,37,39,53,70,72,74,76,91,95,110,168,177,181,190,191,228,229,248,254,281,285,287,301,310,313,321,326,332,339,377,384,396,412,421,424,426,434,435,443,468
441:4,10,17,29,30,33,38,59,72,73,76,91,92,93,94,96,111,122,129,134,140,145,154,170,172,175,176,181,186,193,200,213,218,221,222,225,232,235,238,252,283,290,291,302,312,321,336,338,341,365,375,382,383,386,391,397,419,422,425,428,438,446,447,451,464
442:18,20,35,37,44,61,68,80,92,101,112,126,166,167,180,184,207,212,213,219,230,234,243,249,265,266,289,294,313,317,326,330,338,344,346,350,354,379,426,428,439,465,452,458
443:11,14,29,45,59,63,75,91,97,100,112,117,121,129,150,154,157,158,166,167,180,183,192,200,205,210,238,256,269,277,287,302,304,305,325,329,352,355,358,367,373,374,377,381,389,402,408,411,433,440,450,463
444:1,17,29,33,47,48,50,64,122,129,134,151,152,155,160,162,167,174,179,185,188,203,207,219,221,237,241,258,263,264,271,276,280,288,291,299,305,310,313,315,317,322,328,333,342,356,367,372,374,376,384,387,392,395,408,420,430,439,453,451,459
445:6,14,21,45,52,67,71,82,89,91,107,130,142,146,158,164,184,219,240,241,243,244,248,250,251,268,284,301,304,306,331,337,338,347,352,377,389,391,409,410,416,429,435,449,446,451,456,458
446:0,22,30,35,64,77,89,96,120,146,156,158,160,167,199,222,228,294,302,305,313,315,316,332,337,346,356,366,375,385,407,414,415,417,420,426,441,445,454,450,455,466,469
447:8,14,33,34,47,57,63,65,67,73,75,81,97,102,115,122,135,145,146,177,194,195,201,214,219,227,237,249,253,263,270,277,288,293,314,319,320,348,356,361,379,388,392,393,397,402,419,429,433,434,441,463,461,466
448:2,44,58,60,64,68,78,84,104,110,118,124,126,127,133,155,167,177,187,200,212,216,227,236,237,244,248,253,263,271,272,275,283,290,303,309,316,326,330,331,337,340,355,370,383,384,411,414,426,432,438,469,451,456,457,460,462
449:15,52,55,77,91,98,100,114,115,123,128,141,145,154,164,165,182,183,199,201,207,209,221,224,225,230,239,240,256,259,272,281,293,302,306,325,340,349,350,367,383,387,401,403,437,445,462
450:46,56,85,89,135,154,158,172,176,177,189,192,195,227,232,235,241,257,266,277,285,287,302,311,320,325,329,344,347,387,412,413,415,419,425,433,434,437,439,443,446,465,457,462
451:1,6,10,11,12,30,48,76,85,91,107,143,155,157,163,173,181,183,184,195,197,220,224,240,244,247,257,260,272,287,291,297,316,321,363,368,369,380,381,382,383,384,386,389,422,423,431,441,444,445,448,464,454,459,469
452:8,26,62,80,81,102,107,138,142,150,169,175,186,187,192,196,198,200,201,206,219,228,229,233,258,266,267,270,280,308,313,323,331,345,372,374,375,401,409,416,442,463,458,460
453:33,40,43,52,56,67,70,79,80,96,129,163,167,188,199,216,219,235,237,242,260,267,297,308,317,321,324,331,351,359,362,363,387,391,405,407,423,444,467,456,458,462
454:6,9,20,26,39,55,65,74,91,110,134,136,141,171,186,191,230,231,240,241,249,258,259,262,282,289,298,304,319,350,385,390,391,392,402,406,408,409,428,429,438,446,451,460,455,456,459
455:2,5,7,25,44,54,63,70,85,92,105,107,109,110,126,127,137,152,153,155,206,208,246,258,264,266,273,274,280,293,296,311,316,317,320,321,327,331,342,360,371,385,386,389,394,408,414,415,418,446,454,456,461
456:7,8,14,17,19,23,31,43,46,54,59,70,82,93,104,113,125,137,139,150,164,169,187,194,201,203,213,217,220,233,239,242,243,250,253,255,258,269,270,293,303,321,325,326,358,373,378,390,418,422,425,432,436,439,445,448,453,454,455,461,460
457:0,2,4,10,25,40,44,48,51,52,59,62,68,91,109,113,129,164,206,210,212,224,251,261,266,269,271,288,289,306,311,313,324,325,340,345,349,359,388,412,414,416,423,426,438,448,450,465,458
458:6,13,26,30,34,39,41,53,78,87,92,105,117,138,147,151,168,171,179,210,215,221,227,229,261,273,282,291,293,307,310,311,332,349,352,372,394,395,402,404,421,425,439,442,445,452,453,457,468
459:8,11,22,23,29,30,32,35,94,99,109,111,113,123,139,155,157,164,172,174,181,186,203,229,236,243,268,289,301,308,333,334,339,341,344,345,362,366,367,371,373,409,410,416,419,444,451,454,464,463
460:1,2,11,57,58,65,66,77,102,125,127,161,176,180,209,215,230,236,245,247,266,268,289,298,301,302,309,317,326,333,337,352,358,363,400,404,410,448,452,454,456,468
461:2,4,9,52,59,62,68,86,87,89,100,107,121,123,126,136,144,147,153,172,190,192,196,197,202,203,205,220,272,279,281,286,292,317,318,320,329,335,343,344,349,350,361,375,377,396,413,419,427,435,447,455,456,466
462:1,8,12,81,92,105,137,156,166,174,178,190,199,212,219,222,226,264,265,268,270,289,295,312,323,326,327,333,347,355,366,369,381,384,387,401,409,411,415,429,448,449,450,453,464
463:5,6,24,78,88,95,96,98,120,143,144,148,153,160,179,180,186,193,195,199,210,235,236,241,255,274,284,287,289,290,291,297,324,326,330,340,351,353,377,385,392,405,406,409,413,414,428,437,443,447,452,459,466,465
464:6,12,13,15,17,29,36,72,87,89,102,103,105,119,121,122,146,150,160,195,196,205,207,210,218,220,222,223,248,263,268,283,299,327,335,338,344,346,347,354,356,370,373,382,384,388,391,394,400,410,426,428,430,433,441,451,459,462,466,469
465:4,7,12,17,23,24,30,40,62,70,103,131,143,157,189,196,207,211,219,227,228,243,272,283,286,308,310,315,345,352,355,358,366,371,372,377,388,394,420,422,433,442,450,457,463,469
466:20,24,28,32,33,41,60,61,77,84,90,94,100,103,104,114,127,151,155,169,224,227,238,262,267,274,319,324,325,330,339,352,356,361,373,398,405,423,430,431,437,438,446,447,461,463,464,469
467:5,16,21,29,40,60,65,68,69,82,84,88,98,129,130,134,140,165,166,179,180,184,196,211,214,221,236,257,259,260,262,269,302,322,323,352,357,361,364,383,399,403,404,409,411,415,416,426,427,453,469
468:9,10,11,13,19,52,75,76,103,105,117,121,124,128,155,165,177,191,194,195,228,239,245,252,266,278,289,304,307,313,315,316,329,344,349,353,355,360,377,378,382,389,390,394,420,434,440,458,460,469
469:12,28,32,35,41,47,63,70,86,93,99,128,132,157,195,209,212,236,237,247,260,268,272,274,287,303,307,308,318,328,330,337,348,354,355,390,403,411,418,423,424,429,435,446,448,451,464,465,466,467,468
