0:23,3,5,7,9
1:17,4,6,12,13,19,23
2:29,10,17,19,26
3:0,20,14,25
4:1,14,10,26
5:0,16,19,21,22,24,25,26,27
6:1,29,8,9,11,19,21,22,23,26,28
7:0,9,10,23
8:6,13,10,12,23,25
9:0,6,7,20,27,29
10:2,4,7,8,26,12,14,21,25
11:6,21,12,17,28,29
12:1,8,10,11,22,13,26,28
13:1,8,12,28
14:3,4,10,20,15,23
15:14,19,22,26
16:5,23,18,21,22
17:1,2,11,19,25,27
18:16,28,19,23,25
19:1,2,5,6,15,17,18,29,20,26
20:3,9,14,19,25
21:5,6,10,11,16,23,22,24,25
22:5,6,12,15,16,21,23,27,28,29
23:0,1,6,7,8,14,16,18,21,22,28,24,25
24:5,21,23,25,26,27,28
25:3,5,8,10,17,18,20,21,23,24,27
26:2,4,5,6,10,12,15,19,24,29
27:5,9,17,22,24,25,29
28:6,11,12,13,18,22,23,24,29
29:2,6,9,11,19,22,26,27,28
