0:54,3,5,7,8,9,11,13,21,22,24,25,26,31,32,33,40,43,45,46,48,49,51,57,58,61,64,65,69,72,73,74,76,77,78,79,80,87,88,90,92,96,97,101,103,104,105,106,107,108,110,111,116,118,119
1:55,2,4,6,9,10,13,17,18,19,21,24,30,32,33,34,37,38,40,43,46,47,49,56,60,61,62,64,65,66,68,69,74,76,78,79,80,83,85,87,88,89,92,93,94,96,97,98,102,103,105,106,107,108,111,113,116,117,119
2:1,90,3,5,6,7,8,9,11,12,17,18,20,21,25,27,29,30,31,37,39,40,41,44,45,46,48,52,54,55,56,57,65,67,68,70,71,72,74,76,77,78,82,85,86,88,91,92,101,102,103,104,105,106,109,111,112,114,116
3:0,2,42,4,6,9,11,16,18,19,22,24,25,27,28,30,34,36,38,39,49,50,51,52,54,58,59,61,65,67,69,70,73,77,78,80,83,87,88,90,92,94,95,96,97,101,102,103,105,106,107,110,111,112,114,116,117,118,119
4:1,3,112,5,6,8,9,10,11,12,14,24,26,30,32,34,35,36,38,43,44,45,46,48,49,54,55,58,60,62,63,66,67,68,69,70,74,77,78,80,81,83,84,85,87,91,92,93,95,100,102,105,106,107,110,111,113,114,116,117,118
5:0,2,4,63,6,7,9,10,13,14,20,22,23,24,25,26,29,31,35,36,39,40,41,43,44,45,47,48,50,51,52,56,57,59,60,61,65,66,67,70,72,73,75,76,78,82,84,85,86,87,88,89,91,94,95,99,100,103,104,108,110,113,118
6:1,2,3,4,5,111,7,10,11,12,16,18,20,25,27,29,30,31,32,34,38,40,42,43,46,47,48,50,51,53,54,55,58,59,61,62,64,68,69,70,72,73,76,78,79,80,83,84,85,87,89,93,94,95,96,99,104,106,108,114,115,117,118,119
7:0,2,5,6,74,8,9,10,11,13,14,15,18,21,22,24,25,26,28,29,31,32,33,36,39,41,48,49,50,52,55,56,58,61,62,64,65,71,72,73,77,79,81,84,85,89,90,91,92,94,97,100,101,105,108,112,118
8:0,2,4,7,38,9,11,12,14,15,18,23,27,28,31,32,33,35,39,40,41,43,44,47,49,50,51,52,53,54,56,57,58,59,60,64,65,69,76,78,81,82,85,88,90,91,92,93,94,96,98,99,100,101,102,103,105,107,110,111,113,114,115,119
9:0,1,2,3,4,5,7,8,91,11,17,18,19,20,21,22,23,24,25,26,27,28,33,38,39,40,44,46,47,50,51,55,57,58,60,61,62,63,64,65,66,67,68,73,74,78,79,81,82,86,88,89,93,95,98,100,104,107,109,110,112,113,115,118
10:1,4,5,6,7,23,15,16,18,19,20,21,24,25,27,28,32,34,36,37,38,39,40,42,44,47,49,51,52,55,56,61,63,66,67,68,69,72,73,79,81,82,84,86,93,95,96,99,103,104,106,107,110,111,115,116,117
11:0,2,3,4,6,7,8,9,82,15,16,17,18,26,28,31,32,33,35,40,41,45,47,48,49,50,52,53,54,56,57,65,66,68,70,72,73,74,76,84,89,90,92,94,96,97,98,99,101,104,110,112,114,115,116,117,118
12:2,4,6,8,109,13,14,18,23,27,28,29,30,31,33,36,37,38,41,42,46,48,49,52,57,58,60,61,63,67,68,71,72,73,74,76,80,81,85,86,87,92,93,94,97,99,103,105,106,107,114,115
13:0,1,5,7,12,94,17,18,19,22,23,25,26,27,28,29,31,33,35,36,37,40,41,42,43,46,47,48,52,54,57,59,65,68,69,70,73,75,78,80,81,84,92,96,97,100,102,103,106,108,109,111,114,115,118,119
14:4,5,7,8,12,54,15,19,23,24,31,32,33,34,37,38,40,42,45,48,49,50,51,52,55,56,57,59,60,61,62,63,64,65,67,68,69,75,76,78,79,80,82,85,86,88,92,93,94,98,100,103,117,119
15:7,8,10,11,14,45,16,17,18,20,22,23,24,25,26,28,29,30,31,34,36,37,38,39,40,41,44,47,51,59,63,64,66,67,69,75,77,79,81,82,83,84,85,86,87,88,92,93,94,95,96,97,100,101,103,105,108,113,114,115
16:3,6,10,11,15,81,17,25,26,27,29,30,31,34,35,36,37,39,42,43,45,46,47,50,51,53,54,56,59,60,63,64,65,67,69,72,75,76,78,79,80,82,84,85,86,88,89,90,93,94,95,96,97,100,101,103,104,107,108,111,112,113,115,118,119
17:1,2,9,11,13,15,16,98,18,19,20,23,24,27,29,30,34,37,40,44,47,49,53,54,56,60,63,65,66,67,68,69,70,71,74,87,91,92,94,96,97,100,101,103,105,106,107,109,113,114,115,116,117
18:1,2,3,6,7,8,9,10,11,12,13,15,17,93,20,22,25,27,28,29,32,39,40,46,47,48,50,53,54,61,72,73,77,80,81,82,84,88,95,96,97,98,99,105,107,108,109,110,111,112,113,114,116,118
19:1,3,9,10,13,14,17,72,20,21,23,24,25,27,29,30,34,35,36,37,38,39,42,43,44,45,49,52,59,60,61,62,67,70,71,73,74,77,81,85,86,88,89,91,93,94,95,96,97,103,106,107,108,109,110,112,113,114,115,116,118,119
20:2,5,6,9,10,15,17,18,19,99,21,25,27,28,31,32,35,36,37,38,39,40,41,46,49,50,55,56,57,61,63,64,66,73,75,76,80,82,83,84,88,94,95,98,100,102,104,106,108,109,110,111,115,117,119
21:0,1,2,7,9,10,19,20,95,22,27,30,31,33,35,45,47,49,54,56,57,58,59,61,63,66,69,71,73,74,78,80,82,83,84,86,87,89,91,92,93,96,100,101,102,103,104,105,106,109,110,111,112,113,114,115,117,119
22:0,3,5,7,9,13,15,18,21,83,23,25,28,31,33,34,37,41,42,43,44,47,49,51,55,56,60,61,63,66,67,68,70,71,73,75,82,86,87,89,94,95,98,100,101,105,106,109,110,113,114,117,118,119
23:5,8,9,10,12,13,14,15,17,19,22,100,26,35,37,39,40,43,44,45,46,48,51,53,56,60,63,65,66,67,71,72,73,74,76,77,85,86,89,92,94,95,96,97,98,101,106,107,109,112,113,117,118,119
24:0,1,3,4,5,7,9,10,14,15,17,19,113,27,29,32,33,34,35,36,37,39,40,43,44,45,51,52,55,56,59,61,62,63,66,69,70,72,73,74,75,76,77,78,79,81,82,83,84,87,88,91,92,93,100,105,106,110,111,112,119
25:0,2,3,5,6,7,9,10,13,15,16,18,19,20,22,32,26,33,36,40,42,46,48,51,54,55,56,58,59,60,65,69,70,73,76,77,80,81,82,83,85,88,91,92,94,99,101,103,104,105,106,107,109,110,111,113,114,117,118
26:0,4,5,7,9,11,13,15,16,23,25,52,27,31,32,33,34,37,38,39,40,44,47,48,49,51,57,58,60,63,68,71,72,73,76,80,84,87,89,90,91,93,95,97,98,100,104,106,108,109,112,116,119
27:2,3,6,8,9,10,12,13,16,17,18,19,20,21,24,26,49,28,37,39,40,41,42,44,46,47,50,51,53,57,58,59,64,66,67,69,70,71,72,73,74,75,78,79,82,83,84,89,91,93,97,100,103,105,109,112,115,116,117,118,119
28:3,7,8,9,10,11,12,13,15,18,20,22,27,56,32,33,39,40,41,45,46,49,52,53,55,57,58,59,62,66,67,70,72,73,74,75,76,78,79,80,81,83,84,86,88,90,93,97,98,100,103,105,106,110,111,114,116,117,118
29:2,5,6,7,12,13,15,16,17,18,19,24,35,32,34,41,44,45,48,56,58,62,63,64,66,69,71,73,75,76,80,82,83,84,88,94,95,98,100,102,105,109,111,113,115,116,117
30:1,2,3,4,6,12,15,16,17,19,21,115,31,32,33,35,41,42,43,47,51,53,54,55,56,60,63,64,65,66,68,69,70,71,73,74,76,79,80,81,85,87,89,91,92,93,95,97,98,101,103,105,106,107,113,118
31:0,2,5,6,7,8,11,12,13,14,15,16,20,21,22,26,30,34,36,37,39,41,43,45,48,49,50,52,53,56,60,61,62,63,64,65,67,69,71,72,75,76,77,78,79,81,82,84,85,86,88,90,93,97,100,102,107,110,111,112,113,116,117
32:0,1,4,6,7,8,10,11,14,18,20,24,25,26,28,29,30,100,33,34,36,37,38,42,48,55,56,62,64,65,66,68,69,70,71,72,73,76,77,78,79,82,84,85,87,88,89,90,92,93,94,95,96,97,98,99,102,104,105,106,112,113,116,118
33:0,1,7,8,9,11,12,13,14,21,22,24,25,26,28,30,32,50,36,39,40,42,44,51,53,54,56,57,58,59,62,63,64,66,67,68,73,75,81,82,84,85,86,87,88,89,90,96,97,98,99,101,103,104,106,109,114,115,117
34:1,3,4,6,10,14,15,16,17,19,22,24,26,29,31,32,89,36,39,41,42,43,44,45,47,48,51,53,54,56,59,60,61,62,63,64,66,67,72,74,75,76,77,79,82,84,85,86,87,90,91,93,94,95,97,103,104,108,113,114,116,118,119
35:4,5,8,11,13,16,19,20,21,23,24,29,30,52,37,38,39,41,45,47,48,49,51,58,60,64,68,69,72,75,78,79,80,86,90,91,94,95,96,98,99,102,103,106,107,108,112,114,116,117
36:3,4,5,7,10,12,13,15,16,19,20,24,25,31,32,33,34,102,39,41,43,47,49,53,55,56,57,59,61,71,73,75,80,83,90,91,93,94,95,96,97,99,101,103,104,106,107,108,114,116,117,118
37:1,2,10,12,13,14,15,16,17,19,20,22,23,24,26,27,31,32,35,78,39,41,42,43,45,49,50,51,56,57,58,59,60,61,63,64,65,66,68,69,70,72,74,77,79,80,82,84,85,87,88,89,90,92,94,96,97,101,102,104,113,114,115,119
38:1,3,4,6,8,9,10,12,14,15,19,20,26,32,35,42,48,49,51,52,54,56,60,61,64,65,66,68,69,71,75,77,82,83,84,87,88,91,93,95,96,98,99,101,107,109,111,112,113,114,115,117,119
39:2,3,5,7,8,9,10,15,16,18,19,20,23,24,26,27,28,31,33,34,35,36,37,113,40,41,42,45,47,49,50,51,52,55,60,64,65,67,68,69,75,76,77,81,82,86,87,88,90,93,94,95,97,98,99,101,102,103,105,107,109,111,116,117,119
40:0,1,2,5,6,8,9,10,11,13,14,15,17,18,20,23,24,25,26,27,28,33,39,91,45,47,49,50,51,54,56,57,58,60,62,63,64,69,70,75,76,77,81,84,85,88,89,93,96,99,104,108,110,111,112,116,117,119
41:2,5,7,8,11,12,13,15,20,22,27,28,29,30,31,34,35,36,37,39,81,42,43,44,45,46,48,50,51,52,55,56,58,59,64,65,71,72,73,74,77,78,79,82,83,84,85,86,87,88,90,91,92,96,98,99,105,106,107,109,111,114,117,119
42:3,6,10,12,13,14,16,19,22,25,27,30,32,33,34,37,38,39,41,96,44,49,50,51,52,56,58,59,61,63,65,68,70,73,75,77,80,82,83,87,89,91,92,93,94,95,97,98,102,103,107,109,110,111,113,114,116,118
43:0,1,4,5,6,8,13,16,19,22,23,24,30,31,34,36,37,41,58,44,47,49,51,54,60,61,69,70,71,72,73,74,75,77,80,83,84,87,88,92,93,99,106,109,111,114,116,117
44:2,4,5,8,9,10,15,17,19,22,23,24,26,27,29,33,34,41,42,43,52,51,56,57,59,60,62,65,66,69,71,74,78,79,82,83,85,87,88,90,92,94,95,97,98,100,104,108,109,110,111,112,114,115,117
45:0,2,4,5,11,14,15,16,19,21,23,24,28,29,31,34,35,37,39,40,41,106,51,52,54,57,58,61,63,65,66,70,73,75,77,80,81,82,84,90,91,92,97,98,99,101,103,104,105,109,111,112,116,118
46:0,1,2,4,6,9,12,13,16,18,20,23,25,27,28,41,117,47,50,51,54,57,58,59,61,67,70,71,73,76,78,79,83,85,86,90,93,97,102,104,107,108,109,110,113,115,118
47:1,5,6,8,9,10,11,13,15,16,17,18,21,22,26,27,30,34,35,36,39,40,43,46,90,50,51,53,55,60,61,62,63,66,68,69,70,74,78,79,81,82,86,87,88,89,92,93,101,105,106,107,109,110,111,112,114,115,116,119
48:0,2,4,5,6,7,11,12,13,14,18,23,25,26,29,31,32,34,35,38,41,69,55,56,60,62,63,64,67,71,72,74,77,84,86,88,89,90,92,96,98,99,100,101,105,109,111,112,113,115,117,118,119
49:0,1,3,4,7,8,10,11,12,14,17,19,20,21,22,26,27,28,31,35,36,37,38,39,40,42,43,115,52,54,55,57,58,60,66,69,70,71,72,73,75,76,79,80,82,83,84,86,87,89,91,93,95,96,100,103,104,105,107,109,110,111,113,116,118
50:3,5,6,7,8,9,11,14,16,18,20,27,31,33,37,39,40,41,42,46,47,100,53,55,57,59,60,61,63,64,65,66,67,68,69,70,72,73,74,75,76,81,83,84,85,91,92,94,96,98,101,102,105,108,109,110,111,116,117,118,119
51:0,3,5,6,8,9,10,14,15,16,22,23,24,25,26,27,30,33,34,35,37,38,39,40,41,42,43,44,45,46,47,111,54,58,61,65,68,69,74,76,77,78,80,82,84,87,90,91,95,96,101,106,108,109,110,112,114,116
52:2,3,5,7,8,10,11,12,13,14,19,24,26,28,31,35,38,39,41,42,44,45,49,100,53,55,56,60,62,63,64,65,66,67,69,72,77,79,82,86,89,92,93,94,101,103,104,107,108,110,111,118,119
53:6,8,11,16,17,18,23,27,28,30,31,33,34,36,47,50,52,67,54,57,61,62,63,69,71,72,73,74,76,77,78,79,80,81,82,83,86,87,88,91,92,95,98,101,104,108,109,115,118
54:0,2,3,4,6,8,11,13,14,16,17,18,21,25,30,33,34,38,40,43,45,46,49,51,53,72,55,60,61,67,70,74,75,77,79,81,83,84,88,89,91,93,94,95,96,102,103,104,106,107,108,109,110,115,117,118
55:1,2,4,6,7,9,10,14,20,22,24,25,28,30,32,36,39,41,47,48,49,50,52,54,90,57,58,60,61,63,64,65,68,73,74,76,77,79,80,82,83,85,86,87,91,92,93,95,96,98,99,101,107,109,110,115,118
56:1,2,5,7,8,10,11,14,16,17,20,21,22,23,24,25,28,29,30,31,32,33,34,36,37,38,40,41,42,44,48,52,71,57,58,60,61,62,63,64,70,72,74,75,78,80,82,86,88,89,90,93,98,99,101,102,103,104,105,107,108,111,118
57:0,2,5,8,9,11,12,13,14,20,21,26,27,28,33,36,37,40,44,45,46,49,50,53,55,56,61,58,59,60,63,64,65,68,69,70,76,80,86,89,94,95,100,104,105,108,109,110,111,114,115,117,118
58:0,3,4,6,7,8,9,12,21,25,26,27,28,29,33,35,37,40,41,42,43,45,46,49,51,55,56,57,100,60,65,66,67,71,72,73,81,84,88,90,96,97,99,101,103,105,109,111,112,114,115
59:3,5,6,8,13,14,15,16,19,21,24,25,27,28,33,34,36,37,41,42,44,46,50,57,98,61,62,66,68,70,73,74,75,76,78,79,81,82,84,85,88,89,90,94,95,96,102,105,108,114,115,117,118
60:1,4,5,8,9,12,14,16,17,19,22,23,25,26,30,31,34,35,37,38,39,40,43,44,47,48,49,50,52,54,55,56,57,58,118,61,62,63,64,65,67,68,71,72,74,75,76,77,79,80,83,84,85,86,89,90,92,95,99,101,103,104,106,111,114,119
61:0,1,3,5,6,7,9,10,12,14,18,19,20,21,22,24,31,34,36,37,38,42,43,45,46,47,50,51,53,54,55,56,57,59,60,117,66,67,68,73,74,75,76,78,82,86,88,89,90,91,92,98,99,103,108,110,111,116,118,119
62:1,4,6,7,9,14,19,24,28,29,31,32,33,34,40,44,47,48,52,53,56,59,60,77,63,64,67,68,69,71,74,80,83,85,86,88,92,93,95,96,98,101,103,105,107,112,113,114,117
63:4,5,9,10,12,14,15,16,17,20,21,22,23,24,26,29,30,31,33,34,37,40,42,45,47,48,50,52,53,55,56,57,60,62,80,64,67,68,75,78,79,81,82,85,86,87,89,91,92,93,95,96,97,98,99,102,111,115,116,119
64:0,1,6,7,8,9,14,15,16,20,27,29,30,31,32,33,34,35,37,38,39,40,41,48,50,52,55,56,57,60,62,63,114,68,70,74,84,85,87,89,92,95,96,97,98,99,101,102,104,106,107,108,110,115
65:0,1,2,3,5,7,8,9,11,13,14,16,17,23,25,30,31,32,37,38,39,41,42,44,45,50,51,52,55,57,58,60,92,69,71,81,82,84,85,88,89,93,95,98,101,103,106,110,111,112,113,114,116,117,119
66:1,4,5,9,10,11,15,17,20,21,22,23,24,27,28,29,30,32,33,34,37,38,44,45,47,49,50,52,58,59,61,72,67,68,69,73,76,77,78,79,81,82,85,86,87,88,89,93,96,97,99,102,103,104,105,110,112,113,116,117,118
67:2,3,4,5,9,10,12,14,15,16,17,19,22,23,27,28,31,33,34,39,46,48,50,52,53,54,58,60,61,62,63,66,83,68,69,70,73,74,75,82,84,85,86,89,92,95,99,103,105,107,108,111,114,116,117
68:1,2,4,6,9,10,11,12,13,14,17,22,26,30,32,33,35,37,38,39,42,47,50,51,55,57,59,60,61,62,63,64,66,67,115,69,72,73,74,75,76,78,81,85,86,88,89,90,92,97,100,106,109,111,117,119
69:0,1,3,4,6,8,10,13,14,15,16,17,21,24,25,27,29,30,31,32,35,37,38,39,40,43,44,47,48,49,50,51,52,53,57,62,65,66,67,68,109,70,71,72,75,80,83,87,89,94,97,100,101,103,106,107,108,110,112,115,116,119
70:2,3,4,5,6,11,13,17,19,22,24,25,27,28,30,32,37,40,42,43,45,46,47,49,50,54,56,57,59,64,67,69,72,77,78,80,83,85,88,89,94,96,97,98,106,108,111,112,119
71:2,7,12,17,19,21,22,23,26,27,29,30,31,32,36,38,41,43,44,46,48,49,53,56,58,60,62,65,69,79,75,77,80,82,85,87,88,89,93,97,98,99,101,102,103,104,105,107,109,110,111,112,113,115,117,118,119
72:0,2,5,6,7,10,11,12,16,18,19,23,24,26,27,28,31,32,34,35,37,41,43,48,49,50,52,53,54,56,58,60,66,68,69,70,93,76,78,79,83,84,87,88,90,91,92,94,95,97,99,102,105,106,109,112,114,119
73:0,3,5,6,7,9,10,11,12,13,18,19,20,21,22,23,24,25,26,27,28,29,30,32,33,36,41,42,43,45,46,49,50,53,55,58,59,61,66,67,68,116,75,76,79,80,83,87,89,92,93,94,95,100,101,102,103,105,106,109,113,114,115
74:0,1,2,4,7,9,11,12,17,19,21,23,24,27,28,30,34,37,41,43,44,47,48,50,51,53,54,55,56,59,60,61,62,64,67,68,88,75,76,77,78,79,80,82,83,84,87,89,90,92,93,95,98,99,102,104,105,106,107,108,109,112,113
75:5,13,14,15,16,20,22,24,27,28,29,31,33,34,35,36,38,39,40,42,43,45,49,50,54,56,59,60,61,63,67,68,69,71,73,74,95,77,83,85,86,89,91,100,101,102,103,104,106,109,111,112,113,114,115,117
76:0,1,2,5,6,8,11,12,14,16,20,23,24,25,26,28,29,30,31,32,34,39,40,46,49,50,51,53,55,57,59,60,61,66,68,72,73,74,112,77,82,83,84,86,87,89,91,93,94,95,97,98,101,102,103,104,107,108,114,115,116,117,119
77:0,2,3,4,7,15,18,19,23,24,25,31,32,34,37,38,39,40,41,42,43,45,48,51,52,53,54,55,60,62,66,70,71,74,75,76,118,78,81,82,84,85,87,88,90,94,95,108,111,112,113,114,116,117
78:0,1,2,3,4,5,6,8,9,13,14,16,21,24,27,28,31,32,35,37,41,44,46,47,51,53,56,59,61,63,66,68,70,72,74,77,81,79,80,85,87,88,89,91,92,96,97,98,100,102,103,104,105,106,109,112,113,115,116,118
79:0,1,6,7,9,10,14,15,16,24,27,28,30,31,32,34,35,37,41,44,46,47,49,52,53,54,55,59,60,63,66,71,72,73,74,78,94,80,81,82,83,84,85,86,88,89,90,91,92,95,96,97,99,100,101,102,107,108,110,111,116
80:0,1,3,4,6,12,13,14,16,18,20,21,25,26,28,29,30,35,36,37,42,43,45,49,51,53,55,56,57,60,62,63,69,70,71,73,74,78,79,101,81,83,84,87,88,89,90,91,93,97,100,102,107,108,110,112,114,115,118
81:4,7,8,9,10,12,13,15,16,18,19,24,25,28,30,31,33,39,40,41,45,47,50,53,54,58,59,63,65,66,68,77,78,79,80,115,82,83,84,85,87,89,90,91,92,95,96,98,101,102,104,106,107,109,110,111,112,114,116,118
82:2,5,8,9,10,11,14,15,16,18,20,21,22,24,25,27,29,31,32,33,34,37,38,39,41,42,44,45,47,49,51,52,53,55,56,59,61,63,65,66,67,71,74,76,77,79,81,83,84,86,87,92,94,95,98,99,102,104,106,107,108,111,112,114,115,118
83:1,3,4,6,15,20,21,22,24,25,27,28,29,36,38,41,42,43,44,46,49,50,53,54,55,60,62,67,69,70,72,73,74,75,76,79,80,81,82,84,85,88,90,92,93,94,95,96,97,98,100,101,102,111,112,114,118
84:4,5,6,7,10,11,13,15,16,18,20,21,24,26,27,28,29,31,32,33,34,37,38,40,41,43,45,48,49,50,51,54,58,59,60,64,65,67,72,74,76,77,79,80,81,82,83,110,85,86,88,89,91,95,97,98,101,102,103,105,106,108,112,113,114,116,117,118
85:1,2,4,5,6,7,8,12,14,15,16,19,23,25,30,31,32,33,34,37,40,41,44,46,50,55,59,60,62,63,64,65,66,67,68,70,71,75,77,78,79,81,83,84,89,88,90,91,93,95,97,99,100,102,103,106,107,110,112,115,116,119
86:2,5,9,10,12,14,15,16,19,21,22,23,28,31,33,34,35,39,41,46,47,48,49,52,53,55,56,57,60,61,62,63,66,67,68,75,76,79,82,84,114,87,90,91,93,96,97,98,101,102,104,105,106,109,111,112,113,115,117,119
87:0,1,3,4,5,6,12,15,17,21,22,24,26,30,32,33,34,37,38,39,41,42,43,44,47,49,51,53,55,63,64,66,69,71,72,73,74,76,77,78,80,81,82,86,92,89,95,98,102,105,106,107,109,117
88:0,1,2,3,5,8,9,14,15,16,18,19,20,24,25,28,29,31,32,33,37,38,39,40,41,43,44,47,48,53,54,56,58,59,61,62,65,66,68,70,71,72,74,77,78,79,80,83,84,85,92,89,90,93,95,97,98,101,102,103,104,105,108,110,112,113,115,116,117,118,119
89:1,5,6,7,9,11,16,19,21,22,23,26,27,30,32,33,34,37,40,42,47,48,49,52,54,56,57,59,60,61,63,64,65,66,67,68,69,70,71,73,74,75,76,78,79,80,81,84,85,87,88,95,91,96,97,98,99,102,103,106,107,109,110,111,113,114,115,116,118,119
90:0,2,3,7,8,11,16,26,28,31,32,33,34,35,36,37,39,41,44,45,46,47,48,51,55,56,58,59,60,61,68,72,74,77,79,80,81,83,85,86,88,108,93,95,96,97,100,101,106,109,110,113,118
91:2,4,5,7,8,9,17,19,21,24,25,26,27,30,34,35,36,38,40,41,42,45,49,50,51,53,54,55,61,63,72,75,76,78,79,80,81,84,85,86,89,94,96,97,98,101,102,106,110,111,115,118
92:0,1,2,3,4,7,8,11,12,13,14,15,17,21,23,24,25,30,32,37,41,42,43,44,45,47,48,50,52,53,55,60,61,62,63,64,65,67,68,72,73,74,78,79,81,82,83,87,88,118,93,94,97,100,101,103,107,109,110,111,113,116,119
93:1,4,6,8,9,10,12,14,15,16,18,19,21,24,26,27,28,30,31,32,34,36,38,39,40,42,43,46,47,49,52,54,55,56,62,63,65,66,71,72,73,74,76,80,83,85,86,88,90,92,110,99,100,103,107,115,119
94:1,3,5,6,7,8,11,12,13,14,15,16,17,19,20,22,23,25,29,32,34,35,36,37,39,42,44,50,52,54,57,59,69,70,72,73,76,77,79,82,83,91,92,97,95,99,101,103,104,107,109,111,113,115,118,119
95:3,4,5,6,9,10,15,16,18,19,20,21,22,23,26,29,30,32,34,35,36,38,39,42,44,49,51,53,54,55,57,59,60,62,63,64,65,67,72,73,74,75,76,77,79,81,82,83,84,85,87,88,89,90,94,116,97,101,102,103,104,106,107,108,111,112,115,118
96:0,1,3,6,8,10,11,13,15,16,17,18,19,21,23,32,33,35,36,37,38,40,41,42,48,49,50,51,54,55,58,59,62,63,64,66,70,78,79,81,83,86,89,90,91,98,99,103,106,109,110,113,118,119
97:0,1,3,7,11,12,13,15,16,17,18,19,23,26,27,28,30,31,32,33,34,36,37,39,42,44,45,46,58,63,64,66,68,69,70,71,72,76,78,79,80,83,84,85,86,88,89,90,91,92,94,95,104,99,100,101,102,103,105,107,108,116,117,118,119
98:1,8,9,11,14,17,18,20,22,23,26,28,29,30,32,33,35,38,39,41,42,44,45,48,50,53,55,56,59,61,62,63,64,65,70,71,74,76,78,81,82,83,84,86,87,88,89,91,96,117,100,103,106,111,112,113,115,116,118
99:5,6,8,10,11,12,18,20,25,32,33,35,36,38,39,40,41,43,45,48,55,56,58,60,61,63,64,66,67,71,72,74,79,82,85,89,93,94,96,97,108,102,105,106,112,115,116,117
100:4,5,7,8,9,13,14,15,16,17,20,21,22,23,24,26,27,28,29,31,32,44,48,49,50,52,57,58,68,69,73,75,78,79,80,83,85,90,92,93,97,98,119,101,102,105,107,108,117
101:0,2,3,7,8,11,15,16,17,21,22,23,25,30,33,36,37,38,39,45,47,48,50,51,52,53,55,56,58,60,62,64,65,69,71,73,75,76,79,80,81,83,84,86,88,90,91,92,94,95,97,100,117,102,104,106,108,110,111,112,115,116,118,119
102:1,2,3,4,8,13,20,21,29,31,32,35,36,37,39,42,46,50,54,56,59,63,64,66,71,72,73,74,75,76,78,79,80,81,82,83,84,85,86,87,88,89,91,95,97,99,100,101,105,103,104,106,109,111,112,116,117,119
103:0,1,2,3,5,8,10,12,13,14,15,16,17,19,21,25,27,28,30,33,34,35,36,39,42,45,49,52,54,56,58,60,61,62,65,66,67,69,71,73,75,76,78,84,85,88,89,92,93,94,95,96,97,98,102,119,104,105,107,108,109,111,115,116,118
104:0,2,5,6,9,10,11,16,20,21,25,26,32,33,34,36,37,40,44,45,46,49,52,53,54,56,57,60,64,66,71,74,75,76,78,81,82,86,88,94,95,97,101,102,103,107,105,108,109,112
105:0,1,2,3,4,7,8,12,15,17,18,21,22,24,25,27,28,29,30,32,39,41,45,47,48,49,50,56,57,58,59,62,66,67,71,72,73,74,78,84,86,87,88,97,99,100,102,103,104,108,107,110,113,116,117,119
106:0,1,2,3,4,6,10,12,13,17,19,20,21,22,23,24,25,26,28,30,32,33,35,36,41,43,45,47,51,54,60,64,65,68,69,70,72,73,74,75,78,81,82,84,85,86,87,89,90,91,95,96,98,99,101,102,117,107,109,110,112,115,119
107:0,1,3,4,8,9,10,12,16,17,18,19,23,25,30,31,35,36,38,39,41,42,46,47,49,52,54,55,56,62,64,67,69,71,74,76,79,80,81,82,85,87,89,92,93,94,95,97,100,103,104,105,106,116,114,117,119
108:0,1,5,6,7,13,15,16,18,19,20,26,34,35,36,40,44,46,50,51,52,53,54,56,57,59,61,64,67,69,70,74,76,77,79,80,82,84,88,90,95,97,99,100,101,103,104,105,116,109,110,113,114,118,119
109:2,9,12,13,17,18,19,20,21,22,23,25,26,27,29,33,38,39,41,42,43,44,45,46,47,48,49,50,51,53,54,55,57,58,68,69,71,72,73,74,75,78,81,86,87,89,90,92,94,96,102,103,104,106,108,114,110,112,113,115,116,117,118,119
110:0,3,4,5,8,9,10,11,18,19,20,21,22,24,25,28,31,40,42,44,46,47,49,50,51,52,54,55,57,61,64,65,66,69,71,79,80,81,84,85,88,89,90,91,92,93,96,101,105,106,108,109,111,112,113,114,115,116,117,119
111:0,1,2,3,4,6,8,10,13,16,18,20,21,24,25,28,29,31,38,39,40,41,42,43,44,45,47,48,49,50,51,52,56,57,58,60,61,63,65,67,68,70,71,75,77,79,81,82,83,86,89,91,92,94,95,98,101,102,103,110,115,112,114,118
112:2,3,4,7,9,11,16,18,19,21,23,24,26,27,31,32,35,38,40,44,45,47,48,51,58,62,65,66,69,70,71,72,74,75,76,77,78,80,81,82,83,84,85,86,88,95,98,99,101,102,104,106,109,110,111,115,114,116,117,119
113:1,4,5,8,9,15,16,17,18,19,21,22,23,24,25,29,30,31,32,34,37,38,39,42,46,48,49,62,65,66,71,73,74,75,77,78,84,86,88,89,90,92,94,96,98,105,108,109,110,115,117,118
114:2,3,4,6,8,11,12,13,15,17,18,19,21,22,25,28,33,34,35,36,37,38,41,42,43,44,47,51,57,58,59,60,62,64,65,67,72,73,75,76,77,80,81,82,83,84,86,89,107,108,109,110,111,112,117,115,119
115:6,8,9,10,11,12,13,15,16,17,19,20,21,27,29,30,33,37,38,44,46,47,48,49,53,54,55,57,58,59,63,64,68,69,71,73,75,76,78,80,81,82,85,86,88,89,91,93,94,95,98,99,101,103,106,109,110,111,112,113,114,119,118
116:0,1,2,3,4,10,11,17,18,19,26,27,28,29,31,32,34,35,36,39,40,42,43,45,47,49,50,51,61,63,65,66,67,69,73,76,77,78,79,81,84,85,88,89,92,95,97,98,99,101,102,103,105,107,108,109,110,112,119,117,118
117:1,3,4,6,10,11,14,17,20,21,22,23,25,27,28,29,31,33,35,36,38,39,40,41,43,44,46,48,50,54,57,59,61,62,65,66,67,68,71,75,76,77,84,86,87,88,97,98,99,100,101,102,105,106,107,109,110,112,113,114,116,118
118:0,3,4,5,6,7,9,11,13,16,18,19,22,23,25,27,28,30,32,34,36,42,45,46,48,49,50,52,53,54,55,56,57,59,60,61,66,71,77,78,80,81,82,83,84,88,89,90,91,92,94,95,96,97,98,101,103,108,109,111,113,115,116,117,119
119:0,1,3,6,8,13,14,16,19,20,21,22,23,24,26,27,34,37,38,39,40,41,47,48,50,52,60,61,63,65,68,69,70,71,72,76,85,86,88,89,92,93,94,96,97,100,101,102,103,105,106,107,108,109,110,112,114,115,116,118
