0:115,1,2,4,5,6,7,8,10,14,15,17,18,20,22,25,27,28,31,32,33,40,41,42,44,45,46,48,49,50,51,52,56,57,59,65,66,68,69,78,81,82,85,88,89,90,91,93,96,98,99,109,110,112,117,123,125,127,131,135,137,142,143,145,147,149
1:0,71,4,5,8,11,12,17,21,23,25,28,34,35,36,37,38,39,41,43,46,51,53,55,57,58,62,63,65,75,76,81,83,86,88,89,94,100,101,102,103,104,105,106,109,111,117,118,120,123,124,125,127,132,133,134,135,136,137,139,143,144,145,146,147
2:0,68,3,5,12,13,14,15,19,20,22,23,25,27,28,32,35,36,38,39,41,45,47,48,49,51,62,65,66,67,69,72,79,81,83,84,86,88,89,90,91,92,93,95,101,104,109,113,117,118,119,120,122,123,125,126,127,128,131,134,136,139,141,143,144,148,149
3:2,142,4,5,8,10,12,13,15,16,19,22,24,25,27,31,32,33,35,37,40,42,48,49,52,53,55,60,63,67,68,72,73,74,75,76,80,84,87,90,91,92,93,94,96,99,101,102,103,105,106,107,109,110,111,112,113,115,121,122,125,127,129,131,132,134,135,141,143,144,148
4:0,1,3,98,6,7,8,9,12,13,15,16,18,19,23,26,29,31,33,34,35,37,44,47,49,50,51,52,53,56,57,58,59,65,66,68,69,71,75,77,87,88,91,92,94,97,99,100,101,104,105,106,107,108,109,114,117,118,120,121,122,123,124,132,134,135,137,139,144,147,148
5:0,1,2,3,46,6,7,8,13,14,15,16,19,20,21,22,23,25,26,29,30,32,33,34,36,38,42,45,47,51,54,56,58,59,60,61,62,63,65,67,68,70,72,73,74,77,78,79,81,82,88,89,91,93,94,96,97,99,101,103,104,106,108,110,118,120,122,125,128,129,130,134,136,137,138,140,141,142,143,144,147,148
6:0,4,5,140,7,8,10,12,13,14,18,19,21,22,24,26,27,30,31,35,37,38,42,43,44,45,47,48,49,50,51,54,55,56,57,58,59,60,61,65,66,68,69,70,71,73,74,75,77,78,81,82,84,87,88,89,92,99,100,103,105,108,110,112,113,114,119,120,121,125,128,130,132,133,134,135,138,142,144,146,147,148,149
7:0,4,5,6,140,8,9,12,16,18,19,20,21,24,27,28,30,37,39,40,41,42,44,45,47,48,49,51,54,57,58,59,60,61,62,68,69,70,74,76,77,80,81,82,85,87,88,90,95,96,97,101,102,103,104,106,109,111,112,113,114,115,119,120,122,123,124,126,127,128,130,131,132,133,135,136,138,139,143,147,148
8:0,1,3,4,5,6,7,12,9,10,14,16,18,25,27,28,30,31,34,36,37,39,42,46,47,48,49,50,54,55,56,63,64,67,72,73,75,77,78,80,81,82,83,85,88,89,90,91,92,95,96,97,100,101,102,105,112,113,114,118,120,124,125,126,128,129,130,131,132,133,135,137,138,139,140,142,144,146,147
9:4,7,8,126,10,11,12,14,17,18,19,20,21,23,26,27,29,30,35,38,39,41,43,44,46,50,51,53,55,56,57,58,60,65,67,68,71,75,78,81,86,91,94,98,101,104,109,110,111,112,113,116,118,119,124,130,133,135,139,141,142,143,145,146,148
10:0,3,6,8,9,71,12,14,19,20,24,25,28,29,34,35,36,37,38,40,45,48,50,51,55,59,60,61,64,65,66,68,69,70,78,79,83,84,85,87,88,95,97,99,100,101,103,105,106,108,109,111,113,116,118,120,123,128,130,131,132,136,137,138,141,143,144,147,148
11:1,9,36,12,14,16,18,19,20,22,23,24,29,30,31,32,37,39,41,42,44,45,46,48,49,50,52,53,55,56,57,58,62,63,64,66,72,73,76,85,86,87,89,93,94,95,96,97,99,101,102,103,104,105,107,108,109,112,113,115,119,120,121,122,123,126,127,131,133,137,139,140,147,148
12:1,2,3,4,6,7,8,9,10,11,100,15,19,22,26,27,34,35,36,37,38,39,40,42,47,48,49,50,51,52,53,54,55,56,59,61,64,71,73,75,78,79,81,82,83,87,90,91,94,95,96,98,99,101,102,103,104,105,107,110,113,116,118,120,121,125,126,129,132,133,134,135,137,140,144,147,148,149
13:2,3,4,5,6,40,18,20,21,23,26,27,28,29,30,36,38,39,44,47,50,51,53,55,59,60,62,63,68,70,71,74,76,82,83,84,87,94,95,99,100,101,102,103,105,108,109,119,121,124,128,129,131,132,133,135,138,141,143,144,145,146,147,148
14:0,2,5,6,8,9,10,11,45,15,18,19,20,21,22,23,24,26,34,36,38,43,46,48,53,54,55,58,59,67,69,71,73,75,77,81,82,85,86,88,89,91,92,93,94,97,100,101,109,110,112,114,119,122,124,125,127,128,130,131,132,133,135,137,140,141,144,146,148
15:0,2,3,4,5,12,14,56,16,18,19,20,21,22,24,25,31,33,36,40,43,45,47,48,49,50,53,57,58,61,64,66,67,69,71,72,75,77,81,83,84,88,90,91,93,95,98,99,100,105,109,111,116,120,122,123,125,127,128,130,132,135,137,138,139,140,141,144,145,147,149
16:3,4,5,7,8,11,15,76,18,22,24,25,26,28,31,37,39,40,41,44,47,48,49,50,51,54,55,56,57,60,61,62,64,65,66,68,70,74,77,80,81,82,87,96,97,98,100,101,102,103,104,105,107,108,109,113,114,115,116,117,119,121,123,126,130,133,137,138,140,141,142,144,148
17:0,1,9,48,18,21,29,30,31,32,35,36,43,49,50,56,58,67,68,72,73,76,78,79,80,82,85,86,88,92,95,96,99,100,101,105,106,107,109,112,114,115,116,117,119,125,127,132,133,134,136,137,139,143,145,146
18:0,4,6,7,8,9,11,13,14,15,16,17,23,20,22,27,30,32,34,37,38,40,41,42,43,44,45,50,51,52,54,55,56,58,59,62,66,68,69,70,71,74,75,76,77,80,81,84,85,90,91,93,97,98,99,101,102,103,105,108,111,112,117,122,125,130,131,132,134,136,137,139,140,141,145,146,149
19:2,3,4,5,6,7,9,10,11,12,14,15,27,23,24,26,31,34,35,36,39,47,49,50,51,52,53,54,56,57,58,62,64,65,66,68,69,70,71,72,73,74,76,79,81,82,84,89,90,92,93,95,96,97,98,102,103,105,108,111,112,114,117,118,119,121,124,126,127,130,132,133,135,138,139,143,144,145,146,147,148
20:0,2,5,7,9,10,11,13,14,15,18,131,25,27,30,32,34,36,40,44,45,47,53,55,56,57,62,65,66,68,69,71,72,74,75,76,77,78,80,82,94,95,96,98,99,101,102,103,104,105,106,110,113,115,116,117,118,120,122,123,124,130,134,135,136,137,138,144,148,149
21:1,5,6,7,9,13,14,15,17,101,23,26,28,33,34,35,37,40,42,44,47,49,52,53,57,63,66,67,71,73,75,76,77,80,81,82,85,89,91,95,97,99,100,102,105,106,107,109,110,112,114,115,118,119,120,121,124,126,127,129,132,136,137,140,141,142,143,148
22:0,2,3,5,6,11,12,14,15,16,18,147,24,25,27,28,29,30,31,32,33,34,35,36,37,38,39,43,44,47,51,52,53,55,57,58,59,60,61,62,63,68,69,70,73,75,77,79,81,82,83,84,85,88,89,92,94,97,98,100,102,104,106,108,115,116,118,120,121,122,128,129,132,133,134,136,137,146,148
23:1,2,4,5,9,11,13,14,18,19,21,90,25,26,28,30,31,34,38,39,41,44,46,47,48,53,54,56,59,60,63,65,67,69,70,74,76,77,78,79,80,81,84,85,86,87,91,97,99,103,105,106,110,111,115,116,119,121,122,123,125,127,128,129,131,133,138,140,145,149
24:3,6,7,10,11,14,15,16,19,22,42,25,29,34,35,39,43,45,46,47,48,49,50,52,53,54,55,56,57,60,61,62,67,68,69,71,74,75,77,78,79,81,85,86,88,90,91,94,96,97,103,105,106,108,111,112,123,124,125,126,127,130,132,133,134,139,140,143,147
25:0,1,2,3,5,8,10,15,16,20,22,23,24,48,26,28,29,31,32,33,36,38,40,43,44,45,47,51,52,53,55,59,62,63,66,69,70,74,75,76,77,78,81,82,85,87,89,90,91,93,94,96,99,100,102,103,106,107,108,109,112,113,115,118,120,121,122,129,130,134,135,136,138,140,141,142,147,148,149
26:4,5,6,9,12,13,14,16,19,21,23,25,28,31,34,35,36,37,38,42,44,45,47,48,49,52,55,58,62,64,65,67,68,70,71,72,73,74,75,77,81,83,85,89,93,102,105,107,109,110,116,117,118,123,127,128,132,134,136,137,138,139,141,143,144,147,148,149
27:0,2,3,6,7,8,9,12,13,18,19,20,22,108,28,31,32,37,41,45,46,47,53,54,55,58,59,61,64,65,66,67,68,69,70,71,72,77,83,84,86,88,90,95,98,100,102,103,104,106,109,110,111,113,114,116,117,118,119,120,123,128,130,133,134,135,136,137,138,139,140,141,144,147
28:0,1,2,7,8,10,13,16,21,22,23,25,26,27,105,29,30,31,34,39,40,41,44,45,46,48,50,51,52,53,54,55,56,57,65,66,67,71,75,77,80,81,82,83,84,85,86,87,96,97,108,111,113,114,117,118,119,120,123,125,130,131,133,135,137,138,141,142,144,145,146,147,148,149
29:4,5,9,10,11,13,17,22,24,25,28,131,30,35,39,41,42,44,45,46,47,48,49,50,53,55,56,59,60,61,62,65,68,71,73,76,77,78,79,81,89,92,94,96,99,100,101,106,107,108,109,113,114,115,117,118,119,121,123,126,130,136,137,138,140,142,143,146,147,148
30:5,6,7,8,9,11,13,17,18,20,22,23,28,29,74,31,32,36,39,41,43,45,46,49,51,52,53,57,59,62,64,68,69,71,80,81,82,83,84,85,86,87,88,91,93,95,99,100,104,105,107,109,110,113,114,119,120,121,122,123,129,130,135,139,140,142,145,147,149
31:0,3,4,6,8,11,15,16,17,19,22,23,25,26,27,28,30,65,32,33,34,35,36,39,40,41,45,46,47,48,50,52,54,60,62,63,64,67,68,70,71,74,75,78,80,88,90,94,95,96,97,99,101,102,104,105,106,108,109,110,113,114,115,116,117,119,121,124,129,130,135,136,138,139,140,143,144,145,148
32:0,2,3,5,11,17,18,20,22,25,27,30,31,39,55,57,63,66,67,68,71,74,77,79,80,84,87,91,92,96,99,102,103,104,105,106,108,112,113,114,115,117,118,119,122,123,126,128,130,137,139,140,142,143,145,146,148,149
33:0,3,4,5,15,21,22,25,31,39,34,35,37,38,43,45,48,49,50,52,54,56,58,61,63,65,67,69,70,71,72,73,74,77,78,79,80,81,88,89,90,91,95,96,97,100,101,102,106,110,111,112,115,116,118,119,120,123,125,127,129,130,131,132,134,136,138,139,142,143,144,146,147
34:1,4,5,8,10,12,14,18,19,20,21,22,23,24,26,28,31,33,67,35,39,42,44,47,49,55,56,57,58,59,64,65,66,68,70,71,72,73,74,75,76,78,81,84,85,89,92,94,95,96,99,101,102,104,108,111,113,114,116,117,118,120,121,123,124,127,129,130,132,135,137,138,142,145,148
35:1,2,3,4,6,9,10,12,17,19,21,22,24,26,29,31,33,34,119,37,39,42,43,44,46,47,51,52,54,58,62,64,66,70,72,75,76,82,85,86,87,88,92,93,94,96,98,103,105,108,109,110,111,112,113,115,116,117,120,121,122,125,127,129,130,132,133,134,138,141,143,144,145,148
36:1,2,5,8,10,11,12,13,14,15,17,19,20,22,25,26,30,31,135,37,39,40,41,42,44,45,46,48,53,54,55,60,67,69,70,71,72,75,76,78,80,81,83,84,86,87,88,90,94,96,98,100,104,105,106,107,112,115,117,118,124,125,126,127,140,143,145,147,149
37:1,3,4,6,7,8,10,11,12,16,18,21,22,26,27,33,35,36,78,38,42,45,46,47,51,55,56,59,60,67,68,72,73,74,75,80,82,83,84,88,89,91,92,94,95,97,98,101,108,119,124,125,126,127,128,130,134,135,137,138,139,142,143,145,146,148
38:1,2,5,6,9,10,12,13,14,18,22,23,25,26,33,37,124,40,43,44,47,48,49,50,53,55,59,61,65,69,70,74,78,79,80,82,85,89,90,91,93,94,96,100,104,105,108,110,111,113,115,116,122,123,128,132,133,135,136,138,139,140,141,142,143,148
39:1,2,7,8,9,11,12,13,16,19,22,23,24,28,29,30,31,32,33,34,35,36,143,43,47,49,50,51,52,55,56,59,60,61,66,68,69,71,72,75,76,77,79,80,81,83,85,88,89,91,94,96,100,101,102,107,108,110,111,112,113,114,116,117,121,122,124,126,127,128,129,130,131,132,134,136,137,138,139,144,145,146,147
40:0,3,7,10,12,13,15,16,18,20,21,25,28,31,36,38,41,43,44,45,46,47,50,51,52,53,56,57,60,62,65,67,68,72,73,74,76,79,80,81,85,87,88,90,91,95,96,97,98,100,102,103,104,105,106,111,113,114,116,117,119,120,123,125,127,128,129,131,134,135,136,137,138,139,140,141,142,144,147,149
41:0,1,2,7,9,11,16,18,23,27,28,29,30,31,36,40,99,45,46,47,49,51,54,57,59,62,63,64,65,66,67,69,73,75,77,79,84,86,88,91,92,95,97,100,102,103,109,111,118,119,120,121,122,123,125,128,129,130,132,134,137,140,145,146,147,148
42:0,3,5,6,7,8,11,12,18,21,24,26,29,34,35,36,37,117,45,48,49,50,52,54,56,57,59,60,62,65,66,68,72,74,75,77,78,79,86,87,92,98,100,105,110,114,115,119,120,121,122,125,126,127,128,136,138,139,141,142,143,148
43:1,6,9,14,15,17,18,22,24,25,30,33,35,38,39,40,120,44,47,49,52,53,60,62,63,66,68,73,74,75,76,77,78,83,84,89,91,97,98,99,101,102,103,104,105,107,111,112,115,116,117,118,119,125,132,133,134,135,138,139,146,147,148,149
44:0,4,6,7,9,11,13,16,18,20,21,22,23,25,26,28,29,34,35,36,38,40,43,71,45,48,51,52,54,55,57,58,60,62,64,65,66,68,73,75,78,81,82,87,89,91,95,96,97,98,103,107,109,111,114,115,117,120,121,122,123,125,126,133,134,140,142,143,144,145,146,149
45:0,2,5,6,7,10,11,14,15,18,20,24,25,26,27,28,29,30,31,33,36,37,40,41,42,44,77,46,47,49,51,52,54,55,57,58,63,65,66,67,70,71,73,74,76,79,81,83,84,85,86,87,88,89,90,94,95,96,99,101,102,103,105,106,108,109,111,112,113,115,116,117,118,121,123,124,125,126,127,130,131,132,134,136,140,141,142,143,145,146,147,148
46:0,1,5,8,9,11,14,23,24,27,28,29,30,31,35,36,37,40,41,45,117,49,50,51,52,53,54,57,58,59,62,70,75,76,78,80,83,84,85,86,88,91,92,96,97,98,99,105,107,109,111,113,114,116,118,124,126,127,129,131,132,133,135,138,139,140,141,142,143,145,146,148
47:2,4,5,6,7,8,12,13,15,16,19,20,21,22,23,24,25,26,27,29,31,34,35,37,38,39,40,41,43,45,54,49,50,51,53,56,58,59,61,63,65,69,71,72,73,74,75,77,79,83,84,85,90,91,92,93,94,96,98,102,103,105,107,109,110,112,114,118,119,121,122,126,130,131,132,133,134,135,136,137,138,141,146,148
48:0,2,3,6,7,8,10,11,12,14,15,16,17,23,24,25,26,28,29,31,33,36,38,42,44,55,49,52,53,57,60,61,62,63,64,68,71,72,73,74,75,83,84,85,86,88,94,95,96,97,101,103,105,108,112,114,116,118,120,124,125,130,131,132,133,135,138,139,140,144,149
49:0,2,3,4,6,7,8,11,12,15,16,17,19,21,24,26,29,30,33,34,38,39,41,42,43,45,46,47,48,149,51,52,62,71,74,76,77,79,80,84,85,87,89,93,94,95,99,104,108,110,111,112,114,116,117,118,121,122,123,124,133,135,139,142,145,146,148
50:0,4,6,8,9,10,11,12,13,15,16,17,18,19,24,28,29,31,33,38,39,40,42,46,47,149,51,52,54,57,58,61,65,66,68,70,71,72,77,78,79,81,82,85,86,87,94,97,98,100,101,103,106,111,112,113,114,117,120,122,125,126,128,129,131,136,140,141,145
51:0,1,2,4,5,6,7,9,10,12,13,16,18,19,22,25,28,30,35,37,39,40,41,44,45,46,47,49,50,112,53,55,60,65,69,71,75,78,82,83,84,85,86,87,88,92,94,95,96,97,100,101,103,105,107,108,113,119,120,121,124,129,131,133,135,137,138,140,144,148
52:0,3,4,11,12,18,19,21,22,24,25,26,28,30,31,33,35,39,40,42,43,44,45,46,48,49,50,110,53,54,55,56,57,58,59,60,61,62,63,64,65,68,74,76,78,82,83,85,87,91,93,94,95,98,99,100,104,108,109,113,116,121,123,124,125,127,131,137,139,140,144,147
53:1,3,4,9,11,12,13,14,15,19,20,21,22,23,24,25,27,28,29,30,36,38,40,43,46,47,48,51,52,79,58,61,62,65,67,71,73,74,77,78,82,83,86,87,89,90,91,92,94,96,98,99,102,104,107,112,125,127,131,132,133,144,146,147,148
54:5,6,7,8,12,14,16,18,19,23,24,27,28,31,33,35,36,41,42,44,45,46,47,50,52,146,55,56,57,58,59,60,62,63,66,67,68,71,72,73,75,76,77,79,81,82,83,86,87,90,91,97,98,99,102,104,105,110,111,112,120,121,122,123,125,126,132,134,135,136,139,141,143,144,145,147
55:1,3,6,8,9,10,11,12,13,14,16,18,20,22,24,25,26,27,28,29,32,34,36,37,38,39,44,45,48,51,52,54,97,58,60,61,64,66,67,68,70,75,76,77,78,79,83,86,87,88,90,93,94,95,98,99,103,107,109,110,113,118,119,123,124,125,127,129,130,133,136,137,138,141,143,145,148
56:0,4,5,6,8,9,11,12,15,16,17,18,19,20,23,24,28,29,33,34,37,39,40,42,47,52,54,138,59,60,61,62,63,64,66,67,71,73,74,75,77,80,81,82,84,86,93,95,96,97,98,100,101,102,107,109,111,113,114,119,120,121,122,123,124,126,129,132,137,140,142,146,147,148,149
57:0,1,4,6,7,9,11,15,16,19,20,21,22,24,28,30,32,34,40,41,42,44,45,46,48,50,52,54,93,58,60,63,65,66,67,69,70,73,74,75,76,77,78,80,82,83,86,88,89,92,97,99,105,106,110,112,117,119,120,122,126,127,130,132,134,136,137,138,143,144,145,146,147,149
58:1,4,5,6,7,9,11,14,15,17,18,19,22,26,27,33,34,35,44,45,46,47,50,52,53,54,55,57,106,60,61,62,64,66,68,69,71,75,77,80,81,83,88,91,95,96,99,100,103,108,109,111,112,116,119,120,121,125,126,127,128,129,130,132,135,137,138,140,142,145,146,149
59:0,4,5,6,7,10,12,13,14,18,22,23,25,27,29,30,34,37,38,39,41,42,46,47,52,54,56,63,60,61,62,64,65,66,67,70,77,79,83,84,86,88,89,91,94,97,99,101,104,106,107,109,110,112,116,117,118,119,120,122,126,129,130,131,147,148
60:3,5,6,7,9,10,13,16,22,23,24,29,31,36,37,39,40,42,43,44,48,51,52,54,55,56,57,58,59,61,64,65,67,68,69,70,76,78,81,85,87,92,93,94,97,100,101,103,104,110,112,116,121,126,130,131,133,136,139,143,144,146,147,149
61:5,6,7,10,12,15,16,22,24,27,29,33,38,39,47,48,50,52,53,55,56,58,59,60,112,69,71,73,74,76,77,80,81,83,84,85,86,87,88,93,95,101,107,109,111,113,116,120,121,122,125,127,128,129,133,136,137,140,141,143,144,147,148
62:1,2,5,7,11,13,16,18,19,20,22,24,25,26,29,30,31,35,40,41,42,43,44,46,48,49,52,53,54,56,58,59,71,64,65,66,67,70,72,74,77,81,84,86,88,89,90,92,94,95,96,97,101,103,106,110,112,113,117,118,120,121,123,127,128,133,134,135,140,143,145,147,149
63:1,3,5,8,11,13,21,22,23,25,31,32,33,41,43,45,47,48,52,54,56,57,59,116,67,68,69,74,75,76,77,80,86,87,88,89,91,93,94,96,99,103,106,107,108,109,110,111,112,113,117,118,119,120,123,127,128,129,132,133,137,139,140,141,144,146,148
64:8,10,11,12,15,16,19,26,27,30,31,34,35,41,44,48,52,55,56,58,59,60,62,84,66,68,69,71,74,75,76,77,78,80,82,83,85,87,88,89,90,91,92,94,96,97,98,99,100,107,108,109,110,116,117,118,119,120,122,125,127,128,130,131,133,134,136,138,139,140,144,145,148
65:0,1,2,4,5,6,9,10,16,19,20,23,26,27,28,29,31,33,34,38,40,41,42,44,45,47,50,51,52,53,57,59,60,62,77,67,70,71,73,74,75,76,79,80,82,83,84,86,87,88,91,92,93,94,95,97,98,99,102,103,104,105,106,108,113,114,115,117,118,121,124,127,129,130,133,135,137,140,141,143,144,145,146,147
66:0,2,4,6,10,11,15,16,18,19,20,21,25,27,28,32,34,35,39,41,42,43,44,45,50,54,55,56,57,58,59,62,64,122,67,68,69,70,72,74,76,81,86,87,88,91,93,96,100,101,103,111,118,120,121,123,124,125,126,129,134,136,137,140,141,142,143,145,147,148
67:2,3,5,8,9,14,15,17,21,23,24,26,27,28,31,32,33,34,36,37,40,41,45,53,54,55,56,57,59,60,62,63,65,66,118,69,70,77,78,83,85,87,89,90,91,92,93,96,100,101,102,109,110,111,112,113,114,116,119,120,121,122,123,126,127,128,129,130,131,132,133,134,136,139,143,144,145
68:0,2,3,4,5,6,7,9,10,13,16,17,18,19,20,22,24,26,27,29,30,31,32,34,37,39,40,42,43,44,48,50,52,54,55,58,60,63,64,66,76,70,73,74,80,81,84,85,86,88,89,92,96,97,98,100,102,105,106,107,110,111,112,113,116,118,120,121,122,123,126,127,128,129,130,131,133,134,135,137,138,141,144,147,148
69:0,2,4,6,7,10,14,15,18,19,20,22,23,24,25,27,30,33,36,38,39,41,47,51,57,58,60,61,63,64,66,67,86,71,72,73,74,75,79,83,87,89,91,93,97,98,100,111,112,114,116,119,124,128,131,132,135,139,140,141,143,146,147,148
70:5,6,7,10,13,16,18,19,22,23,25,26,27,31,33,34,35,36,38,45,46,50,55,57,59,60,62,65,66,67,68,139,71,73,74,76,79,80,81,86,93,94,96,97,99,102,104,105,108,109,111,115,117,120,121,126,128,131,132,133,135,136,137,141,142,144,145,146,147,148
71:1,4,6,9,10,12,13,14,15,18,19,20,21,24,26,27,28,29,30,31,32,33,34,36,39,44,45,47,48,49,50,51,53,54,56,58,61,62,64,65,69,70,127,73,76,78,79,80,82,83,84,85,90,93,94,96,100,102,105,106,108,109,110,111,112,114,115,116,120,125,126,128,131,133,134,139,140,141,144,148
72:2,3,5,8,11,15,17,19,20,26,27,33,34,35,36,37,39,40,42,47,48,50,54,62,66,69,133,73,75,76,77,79,82,83,84,86,87,89,90,91,96,97,100,104,106,107,108,109,114,115,116,120,122,123,125,126,127,128,129,130,134,137,139,141,145,147,148,149
73:3,5,6,8,11,12,14,17,19,21,22,26,29,33,34,37,40,41,43,44,45,47,48,53,54,56,57,61,65,68,69,70,71,72,79,74,77,81,82,83,84,86,88,90,93,96,98,99,100,101,103,106,109,111,113,114,115,119,121,124,125,131,132,133,138,139,145,146,148
74:3,5,6,7,13,16,18,19,20,23,24,25,26,30,31,32,33,34,37,38,40,42,43,45,47,48,49,52,53,56,57,61,62,63,64,65,66,68,69,70,73,93,77,78,79,80,82,83,84,85,88,90,92,97,99,104,105,107,108,109,110,112,113,115,117,120,123,124,125,126,127,133,134,135,137,138,139,140,143,147,148,149
75:1,3,4,6,8,9,12,14,15,18,20,21,22,24,25,26,28,31,34,35,36,37,39,41,42,43,44,46,47,48,51,54,55,56,57,58,63,64,65,69,72,92,78,80,85,86,87,94,96,97,103,104,106,109,111,116,121,123,125,128,129,130,133,134,135,136,137,141,143,146,149
76:1,3,7,11,13,16,17,18,19,20,21,23,25,29,34,35,36,39,40,43,45,46,49,52,54,55,57,60,61,63,64,65,66,68,70,71,72,120,78,79,80,81,82,84,87,88,91,94,96,100,103,104,110,112,115,116,123,125,126,128,131,133,136,137,138,139,142,147,148,149
77:4,5,6,7,8,14,15,16,18,20,21,22,23,24,25,26,27,28,29,32,33,39,41,42,43,45,47,49,50,53,54,55,56,57,58,59,61,62,63,64,65,67,72,73,74,115,79,80,82,83,84,85,89,90,91,95,96,105,106,109,111,113,119,122,123,125,128,129,130,132,134,137,140,141,145,148,149
78:0,5,6,8,9,10,12,17,20,23,24,25,29,31,33,34,36,37,38,42,43,44,46,50,51,52,53,55,57,60,64,67,71,74,75,76,98,80,82,83,87,91,92,96,97,100,102,103,104,105,106,107,109,111,113,114,115,116,117,118,120,121,122,123,124,125,126,127,129,132,133,136,138,140,141,146,147,148,149
79:2,5,10,12,17,19,22,23,24,29,32,33,38,39,40,41,42,45,47,49,50,53,54,55,59,65,69,70,71,72,73,74,76,77,104,80,85,86,88,94,95,96,97,101,102,103,105,106,107,108,109,110,115,116,117,118,121,122,125,127,128,130,131,132,133,134,135,136,137,140,142,146
80:3,7,8,16,17,18,20,21,23,28,30,31,32,33,36,37,38,39,40,46,49,56,57,58,61,63,64,65,68,70,71,74,75,76,77,78,79,104,82,83,85,87,88,92,94,98,99,103,105,106,108,115,116,119,120,122,124,125,128,129,131,132,134,135,136,138,139,140,142,143
81:0,1,2,5,6,7,8,9,12,14,15,16,18,19,21,22,23,24,25,26,28,29,30,33,34,36,39,40,44,45,50,54,56,58,60,61,62,66,68,70,73,76,147,83,84,85,87,88,89,91,92,94,95,96,101,103,106,111,112,113,115,117,119,122,123,124,128,131,132,136,139,140,141,143,144,145,146,148
82:0,5,6,7,8,12,13,14,16,17,19,20,21,22,25,28,30,35,37,38,44,50,51,52,53,54,56,57,64,65,71,72,73,74,76,77,78,80,86,83,87,88,89,90,91,94,95,96,99,101,102,103,109,113,116,119,121,124,125,126,128,130,132,135,136,137,140,141,145
83:1,2,8,10,12,13,15,22,26,27,28,30,36,37,39,43,45,46,47,48,51,52,53,54,55,57,58,59,61,64,65,67,69,71,72,73,74,77,78,80,81,82,125,87,89,91,92,93,94,95,96,98,105,106,107,108,109,112,119,122,126,127,131,136,137,138,139,140,142,143,144,149
84:2,3,6,10,13,15,18,19,22,23,27,28,30,32,34,36,37,41,43,45,46,47,48,49,51,56,59,61,62,64,65,68,71,72,73,74,76,77,81,126,87,88,90,93,94,95,96,97,98,99,102,105,106,107,108,109,113,114,120,124,128,129,130,131,133,134,135,137,139,143,145
85:0,7,8,10,11,14,17,18,21,22,23,24,25,26,28,30,34,35,38,39,40,45,46,47,48,49,50,51,52,60,61,64,67,68,71,74,75,77,79,80,81,93,88,90,91,97,99,101,105,106,109,111,112,114,117,119,121,124,125,126,129,130,134,135,136,137,139,140,144,146,148
86:1,2,9,11,14,17,23,24,27,28,30,35,36,41,42,45,46,48,50,51,53,54,55,56,57,59,61,62,63,65,66,68,69,70,72,73,75,79,82,141,87,88,89,92,95,97,98,99,102,104,105,107,109,110,112,114,117,119,122,123,125,126,128,130,131,133,134,135,136,138,144,146
87:3,4,6,7,10,11,12,13,16,23,25,28,30,32,35,36,40,42,44,45,49,50,51,52,53,54,55,60,61,63,64,65,66,67,69,72,75,76,78,80,81,82,83,84,86,109,90,92,96,97,100,101,102,104,105,106,107,108,114,115,117,120,121,122,124,127,128,131,132,136,139,140,141,142,143
88:0,1,2,4,5,6,7,8,10,14,15,17,22,24,27,30,31,33,35,36,37,39,40,41,45,46,48,51,55,57,58,59,61,62,63,64,65,66,68,73,74,76,79,80,81,82,84,85,86,125,89,96,97,98,102,103,104,107,109,111,114,124,126,127,131,132,136,137,138,139,140,144
89:0,1,2,5,6,8,11,14,19,21,22,25,26,29,33,34,37,38,39,43,44,45,49,53,57,59,62,63,64,67,68,69,72,77,81,82,83,86,88,134,92,98,99,100,102,103,105,108,109,110,115,117,120,122,124,126,128,129,130,132,133,140,142,143,144,148
90:0,2,3,7,8,12,15,18,19,23,24,25,27,31,33,36,38,40,45,47,53,54,55,62,64,67,71,72,73,74,77,82,84,85,87,100,92,93,94,96,97,103,104,105,109,110,111,112,114,115,116,121,125,128,129,131,133,134,135,138,139,141,143,146,147,148
91:0,2,3,4,5,8,9,12,14,15,18,21,23,24,25,30,32,33,37,38,39,40,41,43,44,46,47,52,53,54,58,59,63,64,65,66,67,69,72,76,77,78,81,82,83,85,96,92,93,94,98,99,101,103,104,105,107,108,110,111,112,116,118,119,120,121,122,123,124,125,131,133,134,136,137,138,139,140,143,145,146
92:2,3,4,6,8,14,17,19,22,29,32,34,35,37,41,42,46,47,51,53,57,60,62,64,65,67,68,74,75,78,80,81,83,86,87,89,90,91,127,93,98,100,102,103,104,107,112,115,118,121,130,132,134,136,138,139,140,143,146,149
93:0,2,3,5,11,14,15,18,19,25,26,30,35,38,47,49,52,55,56,57,60,61,63,65,66,67,69,70,71,73,74,83,84,85,90,91,92,113,95,98,105,106,107,108,109,111,115,119,120,124,127,128,129,134,137,140,141,142,143,145,147,148,149
94:1,3,4,5,9,11,12,13,14,20,22,24,25,29,31,34,35,36,37,38,39,45,47,48,49,50,51,52,53,55,59,60,62,63,64,65,70,71,75,76,79,80,81,82,83,84,90,91,109,95,96,97,98,99,100,101,102,107,110,111,113,116,118,119,120,123,126,127,128,130,132,133,137,138,139,141,143,145,146,147,148,149
95:2,7,8,10,11,12,13,15,17,19,20,21,27,30,31,33,34,37,40,41,44,45,48,49,51,52,55,56,58,61,62,65,77,79,81,82,83,84,86,93,94,140,96,98,99,100,101,103,104,106,109,111,112,113,117,119,120,121,122,126,134,139,143,145,147,149
96:0,3,5,7,8,11,12,16,17,19,20,24,25,28,29,31,32,33,34,35,36,38,39,40,44,45,46,47,48,51,53,56,58,62,63,64,66,67,68,70,71,72,73,75,76,77,78,79,81,82,83,84,87,88,90,91,94,95,148,97,98,99,101,105,110,115,116,119,120,126,127,129,131,132,133,134,136,138,139,144,147,149
97:4,5,7,8,10,11,14,16,18,19,21,22,23,24,28,31,33,37,40,41,43,44,46,48,50,51,54,55,56,57,59,60,62,64,65,68,69,70,72,74,75,78,79,84,85,86,87,88,90,94,96,98,99,101,102,103,106,107,108,111,114,115,116,119,122,123,124,128,129,130,134,135,136,137,138,139,141,143,144,147
98:0,4,9,12,15,16,18,19,20,22,27,35,36,37,40,42,43,44,46,47,50,52,53,54,55,56,64,65,68,69,73,78,80,83,84,86,88,89,91,92,93,94,95,96,97,99,100,101,104,106,107,108,109,111,113,117,119,120,123,126,128,130,131,132,133,134,137,140,141,142,143,146,147,148,149
99:0,3,4,5,6,10,11,12,13,15,17,18,20,21,23,25,29,30,31,32,34,41,43,45,46,49,52,53,54,55,57,58,59,63,64,65,70,73,74,80,82,84,85,86,89,91,94,95,96,97,98,116,100,102,104,108,110,111,112,113,114,115,118,120,121,123,125,127,128,129,130,131,133,134,140,144,145,147
100:1,4,6,8,10,12,13,14,15,16,17,21,22,25,27,29,30,33,36,38,39,40,41,42,50,51,52,56,58,60,64,66,67,68,69,71,72,73,76,78,87,89,90,92,94,95,98,99,123,103,114,116,118,119,122,125,126,127,130,131,132,133,136,139,140,142,143,144,146
101:1,2,3,4,5,7,8,9,10,11,12,13,14,16,17,18,20,21,29,31,33,34,37,39,43,45,48,50,51,56,59,60,61,62,66,67,73,79,81,82,85,87,91,94,95,96,97,98,112,104,107,108,109,111,115,117,119,120,121,122,123,125,126,127,129,130,132,134,135,136,139,141,143,145,146,147,148,149
102:1,3,7,8,11,12,13,16,18,19,20,21,22,25,26,27,31,32,33,34,39,40,41,43,45,47,53,54,56,65,67,68,70,71,78,79,82,84,86,87,88,89,92,94,97,99,109,104,105,107,110,112,113,114,115,116,119,121,122,124,125,129,133,134,136,138,143,144,148,149
103:1,3,5,6,7,10,11,12,13,16,18,19,20,23,24,25,27,32,35,40,41,43,44,45,47,48,50,51,55,58,60,62,63,65,66,73,75,76,78,79,80,81,82,88,89,90,91,92,95,97,100,128,104,105,107,109,111,112,114,115,117,118,122,123,124,125,130,131,132,133,135,137,139,145,146,147,149
104:1,2,4,5,7,9,11,12,16,20,22,27,30,31,32,34,36,38,40,43,49,52,53,54,59,60,65,70,72,74,75,76,78,79,80,86,87,88,90,91,92,95,98,99,101,102,103,106,107,111,112,114,115,116,117,121,123,125,127,128,129,132,134,135,139,140,142,144,145,147,148,149
105:1,3,4,6,8,10,11,12,13,15,16,17,18,19,20,21,23,24,26,28,30,31,32,35,36,38,40,42,43,45,46,47,48,51,54,57,65,68,70,71,74,77,78,79,80,83,84,85,86,87,89,90,91,93,96,102,103,117,107,109,110,111,114,115,116,121,125,127,130,132,134,137,139,140,144,145,148
106:1,3,4,5,7,10,17,20,21,22,23,24,25,27,29,31,32,33,36,40,45,50,57,58,59,62,63,65,68,71,72,73,75,77,78,79,80,81,83,84,85,87,93,95,97,98,104,147,108,110,112,117,118,119,121,126,131,132,138,139,140,141,142,143,144,145,146
107:3,4,11,12,16,17,21,25,26,29,30,36,39,43,44,46,47,51,53,55,56,59,61,63,64,68,72,74,78,79,83,84,86,87,88,91,92,93,94,97,98,101,102,103,104,105,134,109,110,113,115,118,120,121,128,129,131,135,138,139,140,141,143,148,149
108:4,5,6,10,11,13,16,18,19,22,24,25,27,28,29,31,32,34,35,37,38,39,45,48,49,51,52,58,63,64,65,70,71,72,74,79,80,83,84,87,89,91,93,97,98,99,101,106,123,109,111,112,113,119,120,121,124,127,128,130,132,137,139,140,143,145,146,149
109:0,1,2,3,4,7,9,10,11,13,14,15,16,17,21,25,26,27,29,30,31,35,41,44,45,46,47,52,55,56,58,59,61,63,64,67,70,71,72,73,74,75,77,78,79,82,83,84,85,86,87,88,89,90,93,94,95,98,101,102,103,105,107,108,118,111,113,114,115,116,117,120,121,122,124,126,128,130,132,134,136,139,146,148,149
110:0,3,5,6,9,12,14,20,21,23,26,27,30,31,33,35,38,39,42,47,49,52,54,55,57,59,60,62,63,64,67,68,71,74,76,79,86,89,90,91,94,96,99,102,105,106,107,148,111,115,116,118,119,121,123,125,129,131,132,136,140,141,145,146
111:1,3,7,9,10,15,18,19,23,24,27,28,33,34,35,38,39,40,41,43,44,45,46,49,50,54,56,58,61,63,66,67,68,69,70,71,73,75,77,78,81,85,88,90,91,93,94,95,97,98,99,101,103,104,105,108,109,110,121,113,115,116,117,118,122,125,126,127,133,134,136,137,140,141,142,146,147,148,149
112:0,3,6,7,8,9,11,14,17,18,19,21,24,25,32,33,35,36,39,43,45,47,48,49,50,51,53,54,57,58,59,60,61,62,63,67,68,69,71,74,76,81,83,85,86,90,91,92,95,99,101,102,103,104,106,108,144,113,114,115,118,119,120,123,124,126,131,135,136,137,139,140,143,148,149
113:2,3,6,7,8,9,10,11,12,16,20,25,27,28,29,30,31,32,34,35,38,39,40,45,46,50,51,52,55,56,61,62,63,65,67,68,73,74,77,78,81,82,84,93,94,95,98,99,102,107,108,109,111,112,139,116,122,123,127,129,133,134,135,136,137,141,142,143,144,147,148,149
114:4,6,7,8,14,16,17,19,21,27,28,29,30,31,32,34,39,40,42,44,46,47,48,49,50,56,65,67,69,71,72,73,78,84,85,86,87,88,90,97,99,100,102,103,104,105,109,112,128,116,119,120,121,122,125,126,127,129,130,133,134,136,137,139,141,143,145,149
115:0,3,7,11,16,17,20,21,22,23,25,29,31,32,33,35,36,38,42,43,44,45,65,70,71,72,73,74,76,77,78,79,80,81,87,89,90,92,93,96,97,99,101,102,103,104,105,107,109,110,111,112,144,117,119,124,126,127,130,132,133,134,135,136,140,143,145,147,148
116:9,10,12,15,16,17,20,22,23,26,27,31,33,34,35,38,39,40,43,45,46,48,49,52,58,59,60,61,63,64,67,68,69,71,72,75,76,78,79,80,82,90,91,94,96,97,99,100,102,104,105,109,110,111,113,114,117,119,121,122,125,128,129,131,132,136,137,139,140,142,143
117:0,1,2,4,16,17,18,19,20,26,27,28,29,31,32,34,35,36,39,40,42,43,44,45,46,49,50,57,59,62,63,64,65,70,74,78,79,81,85,86,87,89,95,98,101,103,104,105,106,109,111,115,116,147,118,120,121,122,123,125,127,131,134,138,141,143,148,149
118:1,2,4,5,8,9,10,12,19,20,21,22,25,26,27,28,29,32,33,34,36,41,43,45,46,47,48,49,55,59,62,63,64,65,66,67,68,78,79,91,92,94,99,100,103,106,107,109,110,111,112,117,119,120,122,123,124,125,126,131,133,134,137,138,139,141,148
119:2,6,7,9,11,13,14,16,17,19,21,23,27,28,29,30,31,32,33,35,37,40,41,42,43,47,51,55,56,57,58,59,63,64,67,69,73,77,80,81,82,83,85,86,91,93,94,95,96,97,98,100,101,102,106,108,110,112,114,115,116,118,122,121,123,127,128,129,130,132,133,134,137,139,141,142,143,144,146,147,148,149
120:1,2,4,5,6,7,8,10,11,12,15,20,21,22,25,27,28,30,33,34,35,40,41,42,43,44,48,50,51,54,56,57,58,59,61,62,63,64,66,67,68,70,71,72,74,76,78,80,84,87,89,91,93,94,95,96,98,99,101,107,108,109,112,114,117,118,138,122,126,127,128,130,131,132,133,134,136,137,142,144,146,148
121:3,4,6,11,12,13,16,19,21,22,23,25,29,30,31,34,35,39,41,42,44,45,47,49,51,52,54,56,58,60,61,62,65,66,67,68,70,73,75,78,79,82,85,87,90,91,92,95,99,101,102,104,105,106,107,108,109,110,111,114,116,117,119,127,122,123,124,130,136,137,139,140,142,143,148,149
122:2,3,4,5,7,11,14,15,18,20,22,23,25,30,32,35,38,39,41,42,44,47,49,50,54,56,57,59,61,64,66,67,68,72,77,78,79,80,81,83,86,87,89,91,95,97,100,101,102,103,109,111,113,114,116,117,118,119,120,121,142,126,128,129,130,132,133,134,137,139,141,143,144,146,149
123:0,1,2,4,7,10,11,15,16,20,23,24,26,27,28,29,30,32,33,34,38,40,41,44,45,49,52,54,55,56,62,63,66,67,68,72,74,75,76,77,78,81,86,91,94,97,98,99,100,101,103,104,108,110,112,113,117,118,119,121,134,125,126,130,132,133,135,137,139,140,142,146,147,148
124:1,4,7,8,9,13,14,19,20,21,24,31,34,36,37,38,39,45,46,48,49,51,52,55,56,65,66,69,73,74,78,80,81,82,84,85,87,88,89,91,93,97,102,103,108,109,112,115,118,121,135,129,131,132,133,136,138,139,140,141,146,148
125:0,1,2,3,5,6,8,12,14,15,17,18,23,24,28,33,35,36,37,40,41,42,43,44,45,48,50,52,53,54,55,58,61,64,66,71,72,73,74,75,76,77,78,79,80,82,83,85,86,88,90,91,99,100,101,102,103,104,105,110,111,114,116,117,118,123,132,126,127,128,130,133,135,140,142,144,149
126:2,7,8,9,11,12,16,19,21,24,29,32,36,37,39,42,44,45,46,47,50,54,56,57,58,59,60,66,67,68,70,71,72,74,76,78,82,83,84,85,86,88,89,94,95,96,98,100,101,106,109,111,112,114,115,118,120,122,123,125,130,132,135,137,143,145,146,147,149
127:0,1,2,3,7,11,14,15,17,19,21,23,24,26,33,34,35,36,37,39,40,42,45,46,52,53,55,57,58,61,62,63,64,65,67,68,71,72,74,78,79,83,87,88,92,93,94,96,99,100,101,104,105,108,111,113,114,115,117,119,120,121,125,146,131,132,133,134,136,137,138,139,141,142,145,148
128:2,5,6,7,8,10,13,14,15,22,23,26,27,32,37,38,39,40,41,42,50,58,61,62,63,64,67,68,69,70,71,72,75,76,77,79,80,81,82,84,86,87,89,90,93,94,97,98,99,103,104,107,108,109,114,116,119,120,122,125,143,129,130,132,135,138,139,145,147
129:3,5,8,12,13,21,22,23,25,30,31,33,34,35,39,40,41,46,50,51,55,56,58,59,61,63,65,66,67,68,72,75,77,78,80,84,85,89,90,93,96,97,99,101,102,104,107,110,113,114,116,119,122,124,128,138,135,136,143,146,149
130:5,6,7,8,9,10,14,15,16,18,19,20,24,25,27,28,29,30,31,32,33,34,35,37,39,41,45,47,48,55,57,58,59,60,64,65,67,68,72,75,77,79,82,84,85,86,89,92,94,97,98,99,100,101,103,105,108,109,114,115,119,120,121,122,123,125,126,128,135,131,137,143,147,149
131:0,2,3,7,8,10,11,13,14,18,20,23,28,29,33,39,40,45,46,47,48,50,51,52,53,59,60,64,67,68,69,70,71,73,76,79,80,81,83,84,86,87,88,90,91,96,98,99,100,103,106,107,110,112,116,117,118,120,124,127,130,146,132,133,134,136,138,139,145,147,148
132:1,3,4,6,7,8,10,12,13,14,15,17,18,19,21,22,24,26,33,34,35,38,39,41,43,45,46,47,48,53,54,56,57,58,63,67,69,70,73,77,78,79,80,81,82,87,88,89,92,94,96,98,100,101,103,104,105,106,108,109,110,115,116,119,120,122,123,124,125,126,127,128,131,136,133,134,140,141,142,143,146,147
133:1,6,7,8,9,11,12,13,14,16,17,19,22,23,24,27,28,35,38,43,44,46,47,48,49,51,53,55,60,61,62,63,64,65,67,68,70,71,72,73,74,75,76,78,79,84,86,89,90,91,94,96,98,99,100,102,103,111,113,114,115,118,119,120,122,123,124,125,127,131,132,135,134,136,137,140,142,144,145,146,147,148
134:1,2,3,4,5,6,12,17,18,20,22,24,25,26,27,33,35,37,39,40,41,43,44,45,47,54,57,62,64,66,67,68,71,72,74,75,77,79,80,84,85,86,89,90,91,92,93,95,96,97,98,99,101,102,104,105,107,109,111,113,114,115,117,118,119,120,122,123,127,131,132,133,140,139,143,144,146,147,148,149
135:0,1,3,4,6,7,8,9,12,13,14,15,19,20,25,27,28,30,31,34,36,37,38,40,43,46,47,48,49,51,54,58,62,65,68,69,70,74,75,79,80,82,84,85,86,90,97,101,103,104,107,112,113,115,123,124,125,126,128,129,130,133,142,136,139,140,141,145
136:1,2,5,7,10,17,18,20,21,22,25,26,27,29,31,33,38,39,40,42,45,47,50,54,55,57,60,61,64,66,67,70,75,76,78,79,80,81,82,83,85,86,87,88,91,92,96,97,100,101,102,109,110,111,112,113,114,115,116,120,121,124,127,129,131,132,133,135,142,139,141,144,147,148
137:0,1,4,5,8,10,11,12,14,15,16,17,18,20,21,22,26,27,28,29,32,34,37,39,40,41,47,51,52,55,56,57,58,61,63,65,66,68,70,72,74,75,76,77,79,82,83,84,85,88,91,93,94,97,98,103,105,108,111,112,113,114,116,118,119,120,121,122,123,126,127,130,133,142,138,139,140,141,149
138:5,6,7,8,10,13,15,16,19,20,23,25,26,27,28,29,31,33,34,35,37,38,39,40,42,43,46,47,48,51,55,56,57,58,64,68,73,74,76,78,80,83,86,88,90,91,92,94,96,97,102,106,107,117,118,120,124,127,128,129,131,137,147,139,146
139:1,2,4,7,8,9,11,15,17,18,19,24,26,27,30,31,32,33,37,38,39,40,42,43,46,48,49,52,54,60,63,64,67,69,70,71,72,73,74,76,80,81,83,84,85,87,88,90,91,92,94,95,96,97,100,101,103,104,105,106,107,108,109,112,113,114,116,118,119,121,122,123,124,127,128,131,134,135,136,137,138,147,140,141,143,148,149
140:5,6,7,8,11,12,14,15,16,18,21,23,24,25,27,29,30,31,32,36,38,40,41,44,45,46,48,50,51,52,56,58,61,62,63,64,65,66,69,71,74,77,78,79,80,81,82,83,85,87,88,89,91,92,93,95,98,99,100,104,105,106,107,108,110,111,112,115,116,121,123,124,125,132,133,134,135,137,139,146,141,144,145
141:2,3,5,9,10,13,14,15,16,18,21,25,26,27,28,35,38,40,42,45,46,47,50,54,55,61,63,65,66,68,69,70,71,72,75,77,78,81,82,86,87,90,93,94,97,98,101,106,107,110,111,113,114,117,118,119,122,124,127,132,135,136,137,139,140,147,145,149
142:0,3,5,6,8,9,16,21,25,28,29,30,32,33,34,37,38,40,42,44,45,46,49,56,58,66,70,76,79,80,83,87,89,93,98,100,104,106,111,113,116,119,120,121,122,123,125,127,132,133,135,136,137,145,143,146,149
143:0,1,2,3,5,7,9,10,13,17,19,21,24,26,29,31,32,33,35,36,37,38,39,42,44,45,46,54,55,57,60,61,62,65,66,67,69,74,75,80,81,83,84,87,89,90,91,92,93,94,95,97,98,100,101,102,106,107,108,112,113,114,115,116,117,119,121,122,126,128,129,130,132,134,139,142,147,144,146,148,149
144:1,2,3,4,5,6,8,10,12,13,14,15,16,19,20,26,27,28,31,33,35,39,40,44,48,51,52,53,54,57,60,61,63,64,65,67,68,70,71,81,83,85,86,88,89,96,97,99,100,102,104,105,106,112,113,115,119,120,122,125,133,134,136,140,143,148,145,146,149
145:0,1,9,13,15,17,18,19,23,28,30,31,32,34,35,36,37,39,41,44,45,46,49,50,54,55,57,58,62,64,65,66,67,70,72,73,77,81,82,84,91,93,94,95,99,101,103,104,105,106,108,110,114,115,126,127,128,131,133,135,140,141,142,144,146,148
146:1,6,8,9,13,14,17,18,19,22,28,29,32,33,37,39,41,43,44,45,46,47,49,53,54,56,57,58,60,63,65,69,70,73,75,78,79,81,85,86,90,91,92,94,98,100,101,103,106,108,109,110,111,119,120,122,123,124,126,127,129,131,132,133,134,138,140,142,143,144,145,149,147,148
147:0,1,4,5,6,7,8,10,11,12,13,15,19,22,24,25,26,27,28,29,30,33,36,39,40,41,43,45,52,53,54,56,57,59,60,61,62,65,66,68,69,70,72,74,76,78,81,90,93,94,95,96,97,98,99,101,103,104,106,111,113,115,117,119,123,126,128,130,131,132,133,134,136,138,139,141,143,146,148,149
148:2,3,4,5,6,7,9,10,11,12,13,14,16,19,20,21,22,25,26,28,29,31,32,34,35,37,38,41,42,43,45,46,47,49,51,53,55,56,59,61,63,64,66,68,69,70,71,72,73,74,76,77,78,81,85,89,90,93,94,96,98,101,102,104,105,107,109,110,111,112,113,115,117,118,119,120,121,123,124,127,131,133,134,136,139,143,144,145,146,147,149
149:0,2,6,12,15,18,20,23,25,26,28,30,32,36,40,43,44,48,49,50,56,57,58,60,62,72,74,75,76,77,78,83,92,93,94,95,96,98,101,102,103,104,107,108,109,111,112,113,114,117,119,121,122,125,126,129,130,134,137,139,141,142,143,144,146,147,148
