0:227,51,57,90,115,135,146,148,160,193,206,268,294,298,318
1:244,2,6,80,103,135,197,222
2:1,17,24,27,37,48,60,94,100,137,202,245,261,288,302,304
3:177,24,25,42,47,102,123,128,153,163,171,185,198,208,218,235,244,250,288,294,319
4:13,38,74,96,141,183,189,190,199,218,222,236,265,278,283,312,315
5:285,14,52,56,63,69,147,164,174,274,286,300,310
6:1,185,57,101,132,145,175,192,229,270,282,310
7:93,51,54,58,83,110,115,126,172,186,188,190,214,221,230,258,260,265,293,304,318
8:225,11,47,50,54,55,102,198,247,251,261,279,280,305
9:273,74,116,119,122,135,140,151,190,193,240,275,276,297
10:30,94,100,153,184,242,255,277,279,297,314
11:8,246,12,33,34,53,84,138,139,181,191,224,287
12:11,41,74,94,137,164,188,215,221,233,272,281
13:4,245,48,56,57,70,99,153,187,224,231,271,292
14:5,234,23,83,97,104,151,200,208,228,258
15:199,26,56,68,115,135,193,230,237,274,292,315
16:94,40,58,89,90,102,120,123,151,154,169,179,180,201,216,232,243,249,267,280,310
17:2,240,182,271,311,317
18:24,109,124,128,192,196,227,231,233,251,307,313
19:28,38,54,97,154,166,199,207,238,280
20:132,42,66,110,125,147,205,225,302
21:150,23,30,53,81,92,129,157,223,266,294,297
22:236,23,27,35,70,80,102,176,219,235,262,278,279,290,310,314
23:14,21,22,36,26,53,117,134,158,216,290,301
24:2,3,18,196,39,85,156,173,204,224,229,259,271,300,315,318
25:3,236,60,85,90,101,107,116,140,150,190,226,266,277,286,312
26:15,23,207,27,33,65,92,122,128,157,179,181,226,289
27:2,22,26,158,67,77,87,182,186,190,199,203,237,244,276,295,302,318
28:19,178,93,97,104,140,172,196,286,310
29:170,37,51,67,133,165,200,201,205,214,218,291
30:10,21,291,49,83,94,100,104,133,157,193,208,258,270,294
31:43,80,100,118,122,161,185,211,280
32:297,48,68,84,92,215,274,299,303,318
33:11,26,36,40,85,109,129,136,157,246,256,267,299
34:11,261,92,102,103,107,120,159,188,203,223,253,260,289,295
35:22,179,49,155,166,188,210,238,248,257,275,294
36:23,33,177,90,102,135,165,176,190,207,238,254,266,316
37:2,29,122,55,84,85,96,116,179,207,226,266,271,276,277,289,314
38:4,19,281,46,50,87,101,123,125,137,163,197,232,237,239,289,303
39:24,90,92,99,116,136,139,163,164,204,205,207,217,221,228,232,311
40:16,33,93,65,77,150,152,213,274,279,287,290,312,319
41:12,110,42,51,84,104,106,123,128,149,151,166,174,202,256,263,269
42:3,20,41,139,65,99,112,121,130,134,163,165,180,206,220,259,265,280
43:31,76,56,58,61,83,99,108,171,195,247,257,306
44:111,75,147,190,212,226,236,272,303,316
45:311,55,62,121,158,242,249,278
46:38,50,57,61,81,86,87,122,164,186,208,268,269,278,285,312
47:3,8,64,95,106,115,134,156,157,173,245,254,268,272,289,306
48:2,13,32,165,57,81,96,127,133,179,199,229,248,249,262,265,296,298
49:30,35,239,54,57,85,118,131,136,146,161,193,260,315
50:8,38,46,217,59,88,103,127,223,241,246,308
51:0,7,29,41,266,137,147,161,176,186,238,295,301,317
52:5,180,114,146,174,178,219,233,263,266,317
53:11,21,23,318,58,68,95,107,131,140,144,146,147,214,228,304,309
54:7,8,19,49,108,100,129,140,154,158,189,256,304,319
55:8,37,45,101,131,134,143,149,187,205,219,224,236,253,269,278,305
56:5,13,15,43,161,60,90,102,110,115,136,175,196,198,214,236,253,266,272,289
57:0,6,13,46,48,49,131,71,72,89,90,119,195,199,200,205,263,269,296
58:7,16,43,53,143,61,65,78,113,134,168,216,228,232,235,292,311
59:50,283,72,85,134,148,181,182,189,213,230,267
60:2,25,56,102,96,98,147,170,252
61:43,46,58,63,97,99,112,143,149,161,171,198,225,251,267,270,301
62:45,306,65,87,162,178,205,206,233,289
63:5,61,317,80,89,164,167,176,190,252,262
64:47,108,99,176,218,232,235,287,292,300,309
65:26,40,42,58,62,212,84,112,117,135,185,196,203,242,251,288,302
66:20,104,70,156,165,181,182,183,190,290,315
67:27,29,243,96,112,177,190,213,215,288,294,306,313
68:15,32,53,256,85,105,184,197,223,264,276,293,304
69:5,126,102,115,192,237,246,256,294,315
70:13,22,66,170,74,118,159,169,214,219,226,247,307
71:57,80,97,126,132,148,213,214,223,225,247,250,265
72:57,59,142,109,122,147,181,208,234,256,277,292
73:124,130,145,172,184,188,190,194,202,236,242,292,293,299
74:4,9,12,70,176,75,115,152,156,228,235,237
75:44,74,171,104,110,119,130,139,141,142,175,179,186,195,210,226,244,274,285,297,308,319
76:43,300,136,183,210,212,213,241,252,257,261,266,288
77:27,40,143,83,92,108,116,141,146,165,168,175,177,228,230,232,246,304
78:58,296,105,134,160,167,233,243,271,285,297,304
79:134,112,131,136,139,229,243,268
80:1,22,31,63,71,246,97,103,169,223,261,284,304
81:21,46,48,264,143,167,184,219,259,280,304
82:132,100,189,201,210,212,224,231,247,255,258,287,302,307
83:7,14,30,43,77,119,110,250,264,290,318
84:11,32,37,41,65,86,99,100,126,149,159,174,179,197,241,245,264,305
85:24,25,33,37,49,59,68,97,95,96,113,191,207,250,270,295
86:46,84,267,119,148,185,215,250,253,270,276,308,310
87:27,38,46,62,255,88,89,104,139,153,160,190,246,254,257,263,273,278,293
88:50,87,184,100,103,122,129,241,245,249,289,292
89:16,57,63,87,131,98,128,139,175,197,206,212,234,247,250,261,274,281,316
90:0,16,25,36,39,56,57,176,132,153,155,168,210,255,257,260,267,283,297
91:318,93,95,122,124,190,267,269,284
92:21,26,32,34,39,77,117,120,124,133,224,230,231,233,285,304,308
93:7,28,40,91,115,95,106,112,147,169,218,285,297
94:2,10,12,16,30,310,98,104,137,148,167,188,226,240,242,263,270,273,307,311,317
95:47,53,85,91,93,207,176,220,224,246
96:4,37,48,60,67,85,181,143,158,170,198,227
97:14,19,28,61,71,80,85,158,103,127,137,148,177,198,205,246,286,301,310,316
98:60,89,94,217,131,199,234,273,300,311,319
99:13,39,42,43,61,64,84,125,135,185,190,195,213,274,276,295,302,307
100:2,10,30,31,54,82,84,88,152,167,170,195,231,241,242,253,275,282,287,318
101:6,25,38,55,271,112,152,167,225,240,291,294
102:3,8,16,22,34,36,56,60,69,310,119,145,156,195,231,238,247,276
103:1,34,50,80,88,97,214,118,140,157,167,202,209,217,238,239,302,304,314
104:14,28,30,41,66,75,87,94,300,120,137,147,191,195,206,233,261,298,310,316
105:68,78,294,124,147,153,206,235,285,302,308
106:41,47,93,125,147,168,193,194,232,240,318
107:25,34,53,249,115,130,152,211,217,236,237,263,293,307,317
108:43,54,64,77,311,131,135,146,186,224,248,256,266,285,288,292
109:18,33,72,198,151,209,219,221,264,268,286,291,319
110:7,20,41,56,75,83,173,125,158,180,203,240,250,271,301,318
111:44,215,207,254,276,317
112:42,61,65,67,79,93,101,269,137,156,183,272,275,287
113:58,85,124,132,194,197,206,215,216,229,238,255
114:52,311,157,166,167,188,200,233,264,319
115:0,7,15,47,56,69,74,93,107,299,126,129,153,216,228,251,275,298,314
116:9,25,37,39,77,279,139,144,166,195,206,241,277
117:23,65,92,142,217,262,265,301,316,319
118:31,49,70,103,154,124,126,224,255,275,287
119:9,57,75,83,86,102,316,124,130,151,156,235,244,271,274,280,285,289,294,297,311
120:16,34,92,104,241,184,190,201,239,248,279,287
121:42,45,207,144,147,160,171,181,219,223,244
122:9,26,31,37,46,72,88,91,304,128,130,210,228
123:3,16,38,41,194,124,128,152,165,262,315
124:18,73,91,92,105,113,118,119,123,166,132,171,186,203,208,258,268,311
125:20,38,99,106,110,229,172,178,196,202,210,214,231,247,306
126:7,69,71,84,115,118,210,154,180,186,239,245,267,280,286,292
127:48,50,97,224,189,204,240,261,270,286,295
128:3,18,26,41,89,122,123,145,139,160,219,243,247,252,258,276,287,288,292
129:21,33,54,88,115,311,165,189,253,262
130:42,73,75,107,119,122,300,138,142,151,175,194,202,235,254,281,291
131:49,53,55,57,79,89,98,108,232,147,189,190,225,233,260,263,268,269,301
132:6,20,71,82,90,113,124,189,147,152,216,218,302
133:29,30,48,92,201,140,142,155,179,204,226,280,300,312
134:23,42,47,55,58,59,78,79,204,162,180,238,242,250,269,293,313,318
135:0,1,9,15,36,65,99,108,151,156,176,198,221,229,245,252,258,284,313,318
136:33,39,49,56,76,79,227,158,190,197,223,244,267,278
137:2,12,38,51,94,97,104,112,293,162,167,169,181,208,210,225,234
138:11,130,235,146,153,180,196,199,201,207,241,266
139:11,39,42,75,79,87,89,116,128,145,141,162,164,170,185,258,259,289,293
140:9,25,28,53,54,103,133,195,151,153,164,205,225,240,245,276,278,296,312
141:4,75,77,139,205,151,192,197,220,241,249,266,270
142:72,75,117,130,133,238,172,176,292,314
143:55,58,61,77,81,96,247,168,197,263
144:53,116,121,197,177,184,189,231,270,285,286,310
145:6,73,102,128,139,280,146,165,184,213,238,281,305,306
146:0,49,52,53,77,108,138,145,297,157,191,233,262,287,310
147:5,20,44,51,53,60,72,93,104,105,106,121,131,132,298,182,198,201,228,256,277,281,296,319
148:0,59,71,86,94,97,308,228,249,257,298,304
149:41,55,61,84,294,154,177,222,225,254,262,279,289,313,315
150:21,25,40,268,173,209,218,222,241,277,278,296
151:9,14,16,41,109,119,130,135,140,141,278,206,222,239,311,312
152:40,74,100,101,107,123,132,189,210,282,312
153:3,10,13,87,90,105,115,138,140,199,165,183,193,222,259,261,312
154:16,19,54,118,126,149,190,178,188,212,246,286,291
155:35,90,133,311,157,242,245,284,300
156:24,47,66,74,102,112,119,135,313,215,218,247,257
157:21,26,30,33,47,103,114,146,155,234,160,221,231,263,316
158:23,27,45,54,96,97,110,136,289,245,246,269,292,300,319
159:34,70,84,180,202,203,239,260,305
160:0,78,87,121,128,157,181,167,223,224,228,237,239,242,249,250,260,282,287,293,317
161:31,49,51,56,61,181,169,202,246,258,286,291
162:62,134,137,139,215,175,187,197,238,241,314,316
163:3,38,39,42,242,176,249,251,253,298,314
164:5,12,39,46,63,139,140,292,173,199,202,223,245,256,315
165:29,36,42,48,66,77,123,129,145,153,243,178,208,210,270,279,280,302,308
166:19,35,41,114,116,124,250,172,209,213,238,262,308
167:63,78,81,94,100,101,103,114,137,160,179,176,180,195,198,232,250,261,296,313
168:58,77,90,106,143,236,191,218,219,232,239,251,252,293,299,310
169:16,70,80,93,137,161,295,170,178,207,226,239,280,289
170:29,60,70,96,100,139,169,251,213,244,259,286,304
171:3,43,61,75,121,124,258,176,186,199,307
172:7,28,73,125,142,166,229,234,269,285,296
173:24,47,110,150,164,205,210,265,275,297
174:5,41,52,84,270,232,237,260,308
175:6,56,75,77,89,130,162,287,192,200,211,214,293,310
176:22,36,51,63,64,74,90,95,135,142,163,167,171,221,190,199,225,227,296
177:3,36,67,77,97,144,149,190,179,185,220,230,274,276,285,292,305
178:28,52,62,125,154,165,169,241,180,200,209,224,244,271,288,300,302,308,309
179:16,26,35,37,48,75,84,133,167,177,195,185,245,248,284,291,296
180:16,42,52,110,126,134,138,159,167,178,211,195,198,208,213,282
181:11,26,59,66,72,96,121,137,160,161,315,198,224,226,231,260,292
182:17,27,59,66,147,305,250,275,288
183:4,66,76,112,153,210,203,205,273,313
184:10,68,73,81,88,120,144,145,200,238,304,311,312,317
185:3,6,31,65,86,99,139,177,179,277,211,230,274,296
186:7,27,46,51,75,108,124,126,171,276,189,217,247
187:13,55,162,264,188,210,216,245,295,296,312
188:7,12,34,35,73,94,114,154,187,251,193,205,212,242,246,250,252,259,284,291,309
189:4,54,59,82,127,129,131,132,144,152,186,295,194,198,199,267,269,277,278
190:4,7,9,25,27,36,44,63,66,67,73,87,91,99,120,131,136,154,176,177,260,210,224,273,306,307
191:11,85,104,146,168,255,201,241,273,289,305,314
192:6,18,69,141,175,287,212,283,306,313
193:0,9,15,30,49,106,153,188,228,217,231,237,247,257,265,269,297,307,314
194:73,106,113,123,130,189,236,200,204,205,228,232
195:43,57,75,99,100,102,104,116,140,167,179,180,260,197,203,224,270,274
196:18,24,28,56,65,125,138,238,215,218,242,266,268,295
197:1,38,68,84,89,113,136,141,143,144,162,195,209,202,220,232,253,261,265,267,271
198:3,8,56,61,96,97,109,135,147,167,180,181,189,265,199,242,258,261,266
199:4,15,19,27,48,57,98,138,153,164,171,176,189,198,246,228,237,296
200:14,29,57,114,175,178,184,194,229,211,215,248
201:16,29,82,120,133,138,147,191,222,206,287,288
202:2,41,73,103,125,130,159,161,164,197,313,229,232,269
203:27,34,65,110,124,159,183,195,209,227,230,311
204:24,39,127,133,134,194,207,217,286
205:20,29,39,55,57,62,97,140,141,173,183,188,194,218,215,224,241,278,286,297,314
206:0,42,62,89,104,105,113,116,151,201,271,224,229,249,261,289,297,305
207:19,26,36,37,39,85,95,111,121,138,169,204,303,231,235,261,275,283
208:3,14,30,46,72,124,137,165,180,213,246,248,274,293,310
209:103,109,150,166,178,197,203,319,214,249,301
210:35,75,76,82,90,122,125,126,137,152,165,173,183,187,190,250,214,277,281,306
211:31,107,175,180,185,200,311,225,243,272,284,314
212:44,65,76,82,89,154,188,192,220,240,244,271,272,309
213:40,59,67,71,76,99,145,166,170,180,208,318,225,236,281,286,289,307
214:7,29,53,56,70,71,103,125,175,209,210,299,267,307,314,319
215:12,32,67,86,111,113,156,162,196,200,205,233,247,256
216:16,23,58,113,115,132,187,221,254,274,288,290
217:39,50,98,103,107,117,186,193,204,284,227,318
218:3,4,29,64,93,132,150,156,168,196,205,304
219:22,52,55,70,81,109,121,128,168,241,225,273,307
220:42,95,141,177,197,212,267,284
221:7,12,39,109,135,157,176,216,273,228,274,280,296,313
222:1,4,149,150,151,153,201,273,238,282
223:21,34,50,68,71,80,121,136,160,164,231,252,262,291,317
224:11,13,24,55,82,92,95,108,118,127,160,178,181,190,195,205,206,264,226,249,252,277,304
225:8,20,61,71,101,131,137,140,149,176,211,213,219,276,250,253,302
226:25,26,37,44,70,75,94,133,169,181,224,307,234,266,296
227:0,18,96,136,176,203,217,259,236,272,307,312
228:14,39,53,58,74,77,115,122,147,148,160,193,194,199,221,240,257,267,288,289,295,308
229:6,24,48,79,113,125,135,172,200,202,206,233,246,258,273,277,278,293,301,304
230:7,15,59,77,92,177,185,203,301,232,248,260,264
231:13,18,82,92,100,102,125,144,157,181,193,207,223,266,264,291,306
232:16,38,39,58,64,77,106,131,167,168,174,194,197,202,230,310,235,251,254,293
233:12,18,52,62,78,92,104,114,131,146,215,229,252,273,293,299
234:14,72,89,98,137,157,172,226,308,236,240,270,292
235:3,22,58,64,74,105,119,130,138,207,232,293,241,277,311,312,314
236:4,22,25,44,55,56,73,107,168,194,213,227,234,263,286,298
237:15,27,38,69,74,107,160,174,193,199,309,261,294
238:19,35,36,51,102,103,113,134,142,145,162,166,184,196,222,273,293,295,301
239:38,49,103,120,126,151,159,160,168,169,273,306,316
240:9,17,94,101,106,110,127,140,212,228,234,300
241:50,76,84,88,100,116,120,138,141,150,162,178,191,205,219,235,292,251,263,300
242:10,45,65,73,94,100,134,155,160,163,188,196,198,248,246,262,275,290,311,317
243:16,67,78,79,128,165,211,256,263,286,293,302,305,309
244:1,3,27,75,119,121,136,170,178,212,307,270,289,296,309
245:2,13,47,84,88,126,135,140,155,158,164,179,187,254,285
246:11,33,50,69,77,80,87,95,97,154,158,161,188,199,208,229,242,299,261,291
247:8,43,70,71,82,89,102,125,128,143,156,186,193,215,287
248:35,48,108,120,179,200,208,230,242,310,260
249:16,45,48,88,107,141,148,160,163,206,209,224,313,264,284,286
250:3,71,83,85,86,89,110,134,160,166,167,182,188,210,225,307,281,305
251:8,18,61,65,115,163,168,170,188,232,241,282,285
252:60,63,76,128,135,168,188,223,224,233,260,276,284,313
253:34,55,56,86,100,129,163,197,225,300,267,302,319
254:36,47,87,111,130,149,216,232,245,317,259
255:10,82,87,90,113,118,191,301,271
256:33,41,54,68,69,72,108,147,164,215,243,302,266
257:35,43,76,87,90,148,156,193,228,318,284,315
258:7,14,30,82,124,128,135,139,161,171,198,229,289,259,277,296,297
259:24,42,81,139,153,170,188,227,254,258,292,264,311
260:7,34,49,90,131,159,160,174,181,190,195,230,248,252,302,274,278,293
261:2,8,34,76,80,89,104,127,153,167,197,198,206,207,237,246,302,276,283,286,295,308
262:22,48,63,117,123,129,146,149,166,223,242,282,268,285,297,307,318
263:41,52,57,87,94,107,131,143,157,236,241,243,307
264:68,81,83,84,109,114,187,224,230,231,249,259,266,267,270,292
265:4,7,42,48,71,117,173,193,197,198,291,307,312,313
266:21,25,36,37,51,52,56,76,108,138,141,196,198,226,231,256,264,273,284,302,312
267:16,33,59,61,86,90,91,126,136,189,197,214,220,228,253,264,284,293,302,307
268:0,46,47,79,109,124,131,150,196,262,316,301,307,311,318
269:41,46,55,57,91,112,131,134,158,172,189,193,202,270,284
270:6,30,61,85,86,94,127,141,144,165,174,195,234,244,264,269,283,272,298,300,304,305
271:13,17,24,37,78,101,110,119,178,197,206,212,255,282,295,310,314
272:12,44,47,56,112,211,212,227,270,318
273:9,87,94,98,183,190,191,219,221,222,229,233,238,239,266,281,277,305,310,318
274:5,15,32,40,75,89,99,119,177,185,195,208,216,221,260,286,307,314
275:9,35,100,112,115,118,173,182,207,242,293,278,288
276:9,27,37,68,86,99,102,111,128,140,177,186,225,252,261,314,300,308
277:10,25,37,72,116,147,150,185,189,210,224,229,235,258,273,280,283
278:4,22,45,46,55,87,136,140,150,151,189,205,229,260,275,299,282,295,309,316
279:8,10,22,40,116,120,149,165,308,318,319
280:8,16,19,31,42,81,119,126,133,145,165,169,221,277,298
281:12,38,89,130,145,147,210,213,250,273,318,308,311,314
282:6,100,152,160,180,222,251,262,271,278,285,293
283:4,59,90,192,207,261,270,277,296,293
284:80,91,135,155,179,188,211,217,220,249,252,257,266,267,269,286,312
285:5,46,75,78,92,93,105,108,119,144,172,177,245,251,262,282,293,299,308
286:5,25,28,97,109,126,127,144,154,161,170,204,205,213,236,243,249,261,274,284,309,315
287:11,40,64,82,100,112,118,120,128,146,160,175,192,201,247,318,300,303
288:2,3,65,67,76,108,128,178,182,201,216,228,275,306,289,293
289:26,34,37,38,47,56,62,88,119,139,149,158,169,191,206,213,228,244,258,288,319,300
290:22,23,40,66,83,216,242,305
291:29,30,101,109,130,154,161,179,188,223,231,246,265,302
292:13,15,58,64,72,73,88,108,126,128,142,158,164,177,181,234,241,259,264,313,294
293:7,68,73,87,107,134,137,139,160,168,175,208,229,232,233,235,238,243,260,267,275,282,283,285,288,315,313
294:0,3,21,30,35,67,69,101,105,119,149,237,292,305,300,307,311,318
295:27,34,51,85,99,127,169,187,189,196,228,238,261,271,278,317,299,300
296:48,57,78,140,147,150,167,172,176,179,185,187,199,221,226,244,258,283,310
297:9,10,21,32,75,78,90,93,119,146,173,193,205,206,258,262,300
298:0,48,104,115,147,148,163,236,270,280,308,310
299:32,33,73,115,168,214,233,246,278,285,295,315,307,311
300:5,24,64,76,98,104,130,133,155,158,178,240,241,253,270,276,287,289,294,295,297,304,303,312
301:23,51,61,97,110,117,131,209,229,230,238,255,268,308
302:2,20,27,65,82,99,103,105,132,165,178,225,243,253,256,260,261,266,267,291,319
303:32,38,44,207,287,300,317
304:2,7,53,54,68,77,78,80,81,92,103,122,148,170,184,218,224,229,270,300,316
305:8,55,84,145,159,177,182,191,206,243,250,270,273,290,294,310
306:43,47,62,67,125,145,190,192,210,231,239,288,316,309,310
307:18,70,82,94,99,107,171,190,193,213,214,219,226,227,244,250,262,263,265,267,268,274,294,299,316
308:50,75,86,92,105,148,165,166,174,178,228,234,261,276,279,281,285,298,301,318
309:53,64,178,188,212,237,243,244,278,286,306,313,310
310:5,6,16,22,28,86,94,97,102,104,144,146,168,175,208,232,248,271,273,296,298,305,306,309,311,317
311:17,39,45,58,94,98,108,114,119,124,129,151,155,184,203,211,235,242,259,268,281,294,299,310,313,314
312:4,25,40,46,133,140,151,152,153,184,187,227,235,265,266,284,300,317
313:18,67,134,135,149,156,167,183,192,202,221,249,252,265,292,293,309,311,319
314:10,22,37,103,115,142,162,163,191,193,205,211,214,235,271,274,276,281,311,319
315:4,15,24,49,66,69,123,149,164,181,257,286,293,299,318
316:36,44,89,97,104,117,119,157,162,239,268,278,304,306,307,317
317:17,51,52,63,94,107,111,160,184,223,242,254,295,303,310,312,316,319
318:0,7,24,27,32,53,83,91,100,106,110,134,135,213,217,257,262,268,272,273,279,281,287,294,308,315,319
319:3,40,54,75,98,109,114,117,147,158,209,214,253,279,289,302,313,314,317,318
