0:1,36,43,44,60,76,96,108
1:0,42,3,7,8,32,49,54,72,98,109,119,126,127
2:34,26,35,45,47,77,93,116,119,122
3:1,125,26,34,41,42,48,52,62,65,69,79,87,91,100,113,128
4:88,29,45,57,59,62,73,78,94,100,101
5:44,7,23,29,32,37,48,52,57,60,96,99,101,107,118,125
6:92,36,68,81,101,111,123
7:1,5,126,11,12,16,53,60,64,87,95,107
8:1,9,23,29,64,67,68,82,83,88,104,129
9:8,31,11,24,69,73,74,97
10:82,24,37,47,50,58,60,66,71,73,80,92,96,109,113,115
11:7,9,53,31,42,68,72,91,100,108
12:7,64,20,21,30,36,67
13:40,23,25,32,36,49,58,81,87,116,126
14:86,20,25,47,50,64,96,109,129
15:39,38,68,90,93,99,117
16:7,99,28,32,37,62,69,82,86,100,127
17:128,32,60,79,109,117,119,127
18:90,53,57,75,94,104
19:77,30,79,85,97,103,106,127
20:12,14,27,57,80,86,89,114
21:12,109,30,59,65,86,93
22:108,26,40,42,47,102,127
23:5,8,13,46,31,35,52,61,62,71,77,95,109
24:9,10,68,42,51,53,66,67,81,102,103,112,123,127,129
25:13,14,55,70,97,117
26:2,3,22,96,61,67,70,120
27:20,103,31,36,53,59,60,93
28:16,66,34,54,63,70,74,85
29:4,5,8,90,51,58,78,95
30:12,19,21,100,49,60,62,79,103,118,122,123
31:9,11,23,27,46,65,66,74,92,129
32:1,5,13,16,17,115,48,49,58,80,81,87,101,104,105,124,125,129
33:49,36,39,44,71,92,129
34:2,3,28,104,41,51,62,66,128
35:2,23,126,39,46,51,55,66,72,102,109,129
36:0,6,12,13,27,33,38,53,54,108,112,121,126
37:5,10,16,58,47,52,67,78,127
38:15,36,51,47,56,83,86,114,118
39:15,33,35,77,51,81,91,93,94,106,117
40:13,22,92,41,53,64,65,105,125
41:3,34,40,65,93
42:1,3,11,22,24,124,80
43:0,73,79,81,84,126
44:0,5,33,61,67,73,109
45:2,4,103,46,59,67,121,122
46:23,31,35,45,119,129
47:2,10,14,22,37,38,90,72
48:3,5,32,112,63,84,108
49:1,13,30,32,33,73,56,59,63,77,83,99,103,114,122
50:10,14,125,59,92,98,100,105,112,115
51:24,29,34,35,38,39,90,81,89,108,123,126
52:3,5,23,37,125,53,55,57,82,84,93,96,98,112,124
53:7,11,18,24,27,36,40,52,120,63,69,112,115
54:1,28,36,85,59,116,123
55:25,35,52,126,73,84,90
56:38,49,95,59,60,93,129
57:4,5,18,20,52,75,68,70,77,103,127
58:10,13,29,32,37,90,100
59:4,21,27,45,49,50,54,56,115,77,90,121
60:0,5,7,10,17,27,30,56,91,70,72,76,81,89,103,120,125
61:23,26,44,65,72,85,101,103
62:3,4,16,23,30,34,124,77,107
63:28,48,49,53,113,66,124,126,127
64:7,8,12,14,40,114,77,117,122
65:3,21,31,40,41,61,125,82,88,92,113,116
66:10,24,28,31,34,35,63,94,96,100,102,108
67:8,12,24,26,37,44,45,92,81,90,97,105
68:6,8,11,15,24,57,111,84,106,123
69:3,9,16,53,126,71,83,97,98
70:25,26,28,57,60,108,83,90
71:10,23,33,69,86,72,75,111,122,124
72:1,11,35,47,60,61,71,77,73,94,99
73:4,9,10,43,44,49,55,72,106,101,121
74:9,28,31,109,98,103,123,129
75:18,57,71,77,78,105,119
76:0,60,80,90,98,101
77:2,19,23,39,49,57,59,62,64,72,75,92,80,93,96
78:4,29,37,75,123,85,88,89,125
79:3,17,19,30,43,89,86,87,105,128
80:10,20,32,42,76,77,105,84,86,88,90,107,118
81:6,13,24,32,39,43,51,60,67,125,119
82:8,10,16,52,65,91,83,92,94,125
83:8,38,49,69,70,82,114,86,94,107,112,126,129
84:43,48,52,55,68,80,129,93,108,125
85:19,28,54,61,78,108
86:14,16,20,21,38,71,79,80,83,128,110,121
87:3,7,13,32,79,95,105,125
88:4,8,65,78,80,95,98,102,122
89:20,51,60,78,79,124,95,126
90:15,18,29,47,51,55,58,59,67,70,76,80,107,98
91:3,11,39,60,82,111,102
92:6,10,31,33,40,50,65,67,77,82,122,113,128
93:2,15,21,27,39,41,52,56,77,84,104,109,114,123
94:4,18,39,66,72,82,83,119,114
95:7,23,29,56,87,88,89,125,110,111,112,126
96:0,5,10,14,26,52,66,77,109,98,114,116
97:9,19,25,67,69,118
98:1,50,52,69,74,76,88,90,96,106,100,118
99:5,15,16,49,72,115,110,114
100:3,4,11,16,30,50,58,66,98,105,109,119,124
101:4,5,6,32,61,73,76,109,102,125
102:22,24,35,66,88,91,101,108,106,115
103:19,24,27,30,45,49,57,60,61,74,111,124,126
104:8,18,32,34,93,113,105
105:32,40,50,67,75,79,80,87,100,104,124,114
106:19,39,68,73,98,102,114
107:5,7,62,80,83,90,110,109
108:0,11,22,36,48,51,66,70,84,85,102,127,112,113
109:1,10,14,17,21,23,35,44,74,93,96,100,101,107,125,110,121,122
110:86,95,99,107,109,116
111:6,68,71,91,95,103,112,117
112:24,36,48,50,52,53,83,95,108,111,126,117
113:3,10,63,65,92,104,108,121,124
114:20,38,49,64,83,93,94,96,99,105,106,123,121
115:10,32,50,53,59,99,102,119,123,128
116:2,13,54,65,96,110,122
117:15,17,25,39,64,111,112,122,125
118:5,30,38,80,97,98,127,124,126
119:1,2,17,46,75,81,94,100,115,128
120:26,53,60,121
121:36,45,59,73,86,109,113,114,120,123
122:2,30,45,49,64,71,88,92,109,116,117,125
123:6,24,30,51,54,68,74,78,93,114,115,121,127,126
124:32,42,52,62,63,71,89,100,103,105,113,118,127,128
125:3,5,32,40,50,52,60,65,78,81,82,84,87,95,101,109,117,122,129
126:1,7,13,35,36,43,51,55,63,69,83,89,95,103,112,118,123,127
127:1,16,17,19,22,24,37,57,63,108,118,123,124,126,129
128:3,17,34,79,86,92,115,119,124,129
129:8,14,24,31,32,33,35,46,56,74,83,84,125,127,128
