0:254,3,9,18,44,68,102,104,148,152,161,217,220,230,235,250,272,332,355
1:84,14,30,49,50,75,83,90,136,142,145,162,174,189,192,208,218,265,295,301,307,330,335,344
2:173,29,50,71,91,93,97,99,100,104,128,132,157,170,182,183,199,201,209,218,222,223,228,240,253,272,304,306,307,323,352,354
3:0,56,36,41,59,71,72,75,91,116,132,134,204,209,211,217,247,268,334,335,347,350,354,357
4:41,13,14,25,39,48,69,126,169,181,186,191,198,231,240,245,250,274,275,285,324,339
5:220,18,34,59,64,67,68,74,99,101,103,116,171,173,201,236,263,291,344,354
6:219,10,27,51,52,66,67,102,104,121,122,132,134,139,161,189,202,223,242,246,258,261,269,272,298,344
7:67,33,60,72,90,93,105,149,163,212,228,243,246,248,273,278,303,351
8:139,18,28,46,66,69,80,81,108,115,121,129,141,142,149,172,173,174,211,246,248,296,298,302,306,326,340,352,358
9:0,135,18,21,57,80,95,100,133,134,151,165,198,204,235,250,256,287,291
10:6,254,34,39,63,64,98,113,121,137,143,165,179,182,198,199,247,253,261,287,297,301,306,323,330,348,354,357
11:235,16,21,42,57,64,66,83,155,159,184,186,245,256,274,275,276,288,304,322,327,328,359
12:18,27,34,40,47,67,82,93,138,155,165,224,237,239,242,278,281,291,333,355,359
13:4,345,17,19,20,31,34,63,90,91,100,119,121,135,144,158,199,211,219,250,255,261,279,304,306,309,312,331,333,354
14:1,4,78,19,28,75,84,91,118,125,128,142,151,159,170,189,210,213,228,231,232,315,331,336,345,349
15:81,27,63,99,104,106,111,139,150,164,177,196,205,219,230,241,245,265,267,269,272,284,311,328
16:11,356,20,29,33,61,76,79,106,145,156,180,183,195,207,251,313,318,327,331,342,347
17:13,67,24,33,42,51,62,85,116,138,164,184,210,215,224,225,255,258,286,303,306,313,342
18:0,5,8,9,12,40,35,50,52,57,65,97,100,106,110,111,113,125,143,149,162,163,178,188,195,211,221,227,252,272,287,310,323,330
19:13,14,36,32,42,50,61,86,96,122,147,149,172,178,202,212,240,253,266,271,285,296,310,329,345,355,359
20:13,16,216,37,47,50,62,105,146,157,160,182,194,336
21:9,11,333,32,33,66,72,86,109,140,184,219,225,238,255,283,304,308,315,316,354
22:44,41,49,51,68,75,111,122,136,137,165,201,211,214,224,235,236,249,281,303,323,336,339,343,346
23:64,39,43,76,88,121,125,130,134,146,192,201,218,244,253,255,267,280,289,339,347,356,357
24:17,152,38,58,85,122,188,194,240,251,341,355
25:4,346,43,85,94,98,106,116,124,125,129,162,195,212,221,224,228,288,304,338,354
26:300,42,43,53,64,83,88,115,118,139,146,158,159,163,180,197,225,255,272,282,286,343,356
27:6,12,15,344,35,71,77,80,93,122,129,148,160,176,178,188,193,212,222,224,259,281,286,287,304,307,348
28:8,14,179,34,38,48,68,79,107,136,144,148,152,155,174,181,183,185,201,205,234,241,247,263,265,271,287,299
29:2,16,236,52,90,109,129,132,137,142,185,188,204,206,221,225,228,230,238,257,262,268,273,278,282,284,325,334,335,340,358
30:1,75,31,55,65,69,95,119,122,125,128,150,189,203,205,215,222,234,248,273,298,313,328,337,348
31:13,30,117,53,55,83,103,124,137,171,189,194,200,216,233,255,294,301,330,341,356
32:19,21,235,63,75,76,108,164,172,174,179,181,189,201,218,234,239,257,265,275,279,288,309,356
33:7,16,17,21,286,76,80,87,94,99,104,124,135,136,137,140,147,153,200,205,219,227,257,263,288,294,296,339
34:5,10,12,13,28,277,44,62,71,76,82,91,129,152,153,166,175,263,278,291,312,316,349,353
35:18,27,244,54,80,81,90,94,96,110,149,151,152,153,156,158,159,166,180,182,190,196,233,252,277,278,294,303,311,316,326,331,332,353
36:3,19,246,68,103,107,119,121,136,154,177,191,235,239,288,306,320,324,334
37:20,110,38,44,108,118,140,153,158,167,168,241,245,275,295,297,313,344,350
38:24,28,37,227,80,83,90,118,121,155,163,192,196,197,198,202,237,270,274,305,314,324,336
39:4,10,23,246,55,74,82,102,114,118,133,140,163,187,189,206,215,235,240,247,281,289,290,292,322,341
40:12,18,206,80,93,100,106,118,135,147,150,159,192,199,201,215,239,245,299,311,321,342,356
41:3,4,22,200,50,56,70,132,140,155,167,168,189,191,211,216,288,308,315,328,343,353
42:11,17,19,26,323,68,100,114,124,147,173,184,185,193,210,214,244,296,309,318,324,334,352
43:23,25,26,239,60,76,78,101,102,145,182,194,199,226,234,260,271,275,293,295,313,320,324,334,341
44:0,22,34,37,326,48,52,59,79,94,96,108,127,183,187,189,206,208,209,246,248,300,352,353
45:161,48,50,61,87,151,164,191,200,207,223,231,247,259,275,328
46:8,339,56,74,113,131,140,144,179,180,225,238,241,242,248,249,310,314,328
47:12,20,137,58,74,121,178,179,190,210,253,306,315,316,318,320,332,344
48:4,28,44,45,281,49,106,134,147,154,165,184,229,234,299,313,317,324,340,345
49:1,22,48,330,79,97,99,102,103,121,134,137,153,159,186,198,205,233,255,261,283,292,309,319,321,338,353,355
50:1,2,18,19,20,41,45,271,51,115,135,136,142,148,152,154,165,173,176,187,198,241,254,297,332,343
51:6,17,22,50,223,56,85,92,94,120,122,132,140,194,196,210,222,224,230,246,253,296,298,305,311,316,323,350
52:6,18,29,44,115,75,80,81,84,134,138,146,149,153,160,167,173,177,180,183,193,202,203,214,223,224,251,280,303
53:26,31,115,83,85,89,94,96,97,123,164,187,211,234,239,245,252,254,262,265,274,281,318,325
54:35,101,66,86,87,91,92,93,99,106,111,118,139,143,147,172,174,182,183,188,214,235,243,262,267,284,290,300,326
55:30,31,39,129,65,66,82,92,101,146,151,170,206,209,239,258,260,293,357
56:3,41,46,51,151,58,67,77,88,98,101,105,116,118,135,140,161,171,187,189,218,219,244,245,253,258,271,274,296,319,351,357
57:9,11,18,118,67,83,108,126,128,148,184,190,211,217,236,280,302,311,316,317,319,341,352,359
58:24,47,56,294,65,85,124,139,145,180,193,233,246,250,256,307,310,312,315,331,335,343
59:3,5,44,252,69,82,116,138,152,172,182,201,223,236,247,267,289,300,308,309,345
60:7,43,331,81,106,122,139,145,159,190,199,200,235,248,254,255,293,307,310,313,327,339
61:16,19,45,83,71,76,84,95,117,126,129,131,135,164,170,180,215,216,244,247,277,300,312,313,351
62:17,20,34,120,65,106,107,136,140,142,153,169,173,180,193,211,222,247,253,276,279,283,301,317,318,321,340,344,349,355
63:10,13,15,32,131,71,87,102,105,109,124,127,128,140,160,179,189,208,226,258,288,300,310,317,325,332,333,347
64:5,10,11,23,26,178,72,78,89,98,106,123,151,155,163,167,213,217,220,243,245,278,306,312,317,355,359
65:18,30,55,58,62,138,88,105,107,128,130,151,171,174,188,238,252,278,285,302,313,323,338
66:6,8,11,21,54,55,206,75,84,97,108,115,128,139,149,155,174,177,202,208,229,230,260,281,291,296,297,299
67:5,6,7,12,17,56,57,152,68,79,97,105,108,161,182,253,263,270,271,283,286,301,307
68:0,5,22,28,36,42,67,249,73,91,93,97,118,139,184,239,253,258,264,294,337,338,349,353
69:4,8,30,59,80,75,109,158,162,164,170,179,189,205,212,215,251,306,314,341
70:41,86,96,97,98,128,132,152,170,247,257,282,283,287,321,337,342,354,358
71:2,3,27,34,61,63,319,75,142,145,168,171,194,196,242,261,306,316,321,357
72:3,7,21,64,195,83,98,114,150,152,169,181,201,210,290,299,312,319,337,352,354
73:68,164,76,139,166,193,217,223,260,262,267,273,284,286,313,319,351,358
74:5,39,46,47,151,79,80,82,178,205,214,232,241,245,263,270,271,272,335,351,354
75:1,3,14,22,30,32,52,66,69,71,94,91,108,180,182,195,208,211,212,223,245,253,263,269,292,302,350,357
76:16,23,32,33,34,43,61,73,141,124,149,152,166,184,185,234,236,237,247,252,266,269,292,294,328,345,352,359
77:27,56,178,138,140,162,163,214,225,234,242,244,246,259,260,307,322,350,358
78:14,43,64,309,88,90,100,101,125,138,141,152,164,167,183,194,204,247,248,254,269,281,291,314,319,351
79:16,28,44,49,67,74,250,94,101,102,106,157,177,181,200,224,228,248,262,298,303,318,323,324,337,339
80:8,9,27,33,35,38,40,52,69,74,91,90,96,119,134,171,184,195,204,207,220,237,275,301,305,313,323,333,336,346
81:8,15,35,52,60,241,100,127,128,130,158,183,184,186,221,254,265,274,276,278,292,311
82:12,34,39,55,59,74,285,106,120,137,154,167,179,192,203,229,239,251,252,270,281,282,323,348,358
83:1,11,26,31,38,53,57,61,72,94,84,174,230,245,257,272,282,292,318,335,345,357
84:1,14,52,61,66,83,152,91,92,98,120,124,131,211,214,223,269,280,309,345,347
85:17,24,25,51,53,58,340,93,101,112,128,149,166,186,227,230,242,259,269,277,293,349,350,351,357
86:19,21,54,70,354,87,106,120,122,125,141,148,171,174,198,240,246,247,263,280,308,348
87:33,45,54,63,86,182,135,206,218,244,253,257,259,266,306,324,328,335,339,357
88:23,26,56,65,78,200,93,100,106,122,124,135,143,154,168,175,194,235,251,267,268,279,294,318,349
89:53,64,224,90,135,151,163,168,180,186,187,223,234,238,244,246,253,274,280,286,289,297,353,358
90:1,7,13,29,35,38,78,80,89,359,132,141,142,169,183,202,215,245,247,248,250,255,276,293,307,325,342
91:2,3,13,14,34,54,68,75,80,84,301,94,97,110,117,130,155,160,171,189,202,203,227,229,242,255,264,266,272,278,296,315,328,345,350,353
92:51,54,55,84,108,110,111,117,122,132,137,143,177,182,207,212,213,214,223,226,239,271,272,299,303,328,349
93:2,7,12,27,40,54,68,85,88,297,99,124,153,165,181,208,212,219,241,346
94:25,33,35,44,51,53,75,79,83,91,278,97,120,142,149,157,180,188,190,211,226,245,250,266,290,291,294,336,347
95:9,30,61,231,103,115,122,125,175,198,211,216,232,236,256,280,282,305,322,344
96:19,35,44,53,70,80,298,127,207,218,246,248,265,288,310,338
97:2,18,49,53,66,67,68,70,91,94,340,104,128,138,174,188,196,235,256,257,268,327,329,359
98:10,25,56,64,70,72,84,172,159,204,210,241,243,244,250,273,320,335
99:2,5,15,33,49,54,93,133,110,121,185,196,224,232,250,262,283,292,343,346
100:2,9,13,18,40,42,78,81,88,227,115,125,131,142,168,170,197,212,229,230,240,267,291,303,304,311,341
101:5,43,54,55,56,78,79,85,225,117,137,141,150,151,166,171,175,189,195,222,251,295,316,321,336,345,352,356
102:0,6,39,43,49,63,79,234,109,123,130,155,181,197,209,223,227,251,263,273,279,285,288,306,326
103:5,31,36,49,95,111,105,108,135,136,147,171,183,194,250,260,263,281,315,325,345
104:0,2,6,15,33,97,318,148,159,171,177,191,216,220,232,265,294,307,309,312,323,332,338
105:7,20,56,63,65,67,103,147,133,136,179,202,216,226,230,231,249,254,288,290,291,293,315,329,340
106:15,16,18,25,40,48,54,60,62,64,79,82,86,88,256,116,130,133,148,158,162,174,177,196,207,218,227,284,295,300
107:28,36,62,65,197,122,132,154,160,165,176,191,219,260,279,316,343,348
108:8,32,37,44,57,66,67,75,92,103,202,118,179,188,191,229,234,246,255,276,277,294,302,321
109:21,29,63,69,102,218,128,131,139,165,208,211,214,225,252,301,356
110:18,35,37,91,92,99,217,173,184,215,244,254,258,283,298,316,335,337,356
111:15,18,22,54,92,103,317,118,125,138,144,147,166,172,175,181,182,195,210,218,225,248,253,280,306,311,319,324,340
112:85,193,119,131,137,146,151,165,167,171,172,173,182,189,201,203,255,308
113:10,18,46,302,119,125,127,142,167,178,185,195,210,221,237,261,282,319,340,352
114:39,42,72,204,147,163,169,174,190,210,213,247,251,262,280,306,309,330,338,340
115:8,26,50,52,53,66,95,100,325,133,143,151,239,251,273,295,316
116:3,5,17,25,56,59,106,141,131,221,226,234,236,241,254,263,264,267,274,305,317,321,346,349
117:31,61,91,92,101,211,135,144,145,147,152,157,166,179,186,191,204,219,220,230,232,267,288,293,303,307,336,353
118:14,26,37,38,39,40,54,56,57,68,108,111,268,131,136,148,156,162,171,190,210,262,265,292,293,297,304,352,354
119:13,30,36,80,112,113,198,121,123,128,149,162,202,212,245,257,271,313,317,329
120:51,62,82,84,86,94,192,234,245,257,258,293,294,353,354
121:6,8,10,13,23,36,38,47,49,99,119,319,124,129,147,156,215,242,245,249,259,269,272,302,310,322,323,341,349
122:6,19,22,24,27,30,51,60,86,88,92,95,107,201,143,148,155,158,171,178,179,192,222,247,261,268,273,289,301,352
123:53,64,102,119,264,154,164,167,169,170,173,186,190,202,240,263,273,284,339,340
124:25,31,33,42,58,63,76,84,88,93,121,177,136,161,165,169,174,175,180,222,232,236,252,268,320,342
125:14,18,23,25,30,78,86,95,100,111,113,266,143,152,174,189,238,242,254,277,339,342,344,357
126:4,57,61,258,141,185,199,237,285,289,326,347,355
127:44,63,81,96,113,289,131,133,225,237,238,241,258,311,326,327,328,329,339,348,354
128:2,14,30,57,63,65,66,70,81,85,97,109,119,180,134,148,162,174,176,210,232,235,292,325,329,333,344,357
129:8,25,27,29,34,55,61,121,187,144,166,197,211,219,231,244,252,284,297,299,305,329,330,337
130:23,65,81,91,102,106,141,205,234,243,266,292,308,315,316,317,318,349
131:46,61,63,84,100,109,112,116,118,127,174,134,149,160,162,166,172,177,188,195,196,197,237,243,303,314,331,333,356,357
132:2,3,6,29,41,51,70,90,92,107,347,135,136,142,152,172,176,179,190,264,287,312,339
133:9,39,99,105,106,115,127,206,152,167,175,179,190,208,228,247,251,254,261,271,288,301,326,346,349
134:3,6,9,23,48,49,52,80,128,131,271,157,160,161,179,197,204,207,222,231,261,315,317,318,349
135:9,13,33,40,50,56,61,87,88,89,103,117,132,259,153,169,189,196,214,225,230,235,241,250,258,270,290,323,334
136:1,22,28,33,36,50,62,103,105,118,124,132,345,143,154,188,190,202,238,259,267,282,289,302,304,312,323,351
137:10,22,29,31,33,47,49,82,92,101,112,314,165,176,182,197,198,206,239,251,254,301,340,343,358,359
138:12,17,52,59,65,77,78,97,111,320,183,190,197,200,212,228,283,288,339
139:6,8,15,26,54,58,60,66,68,73,109,281,159,181,212,264,268,302,325,327,332,353
140:21,33,37,39,41,46,51,56,62,63,77,343,141,142,145,151,154,155,169,243,254,256,260,283,311,332,356
141:8,76,78,86,90,101,116,126,130,140,254,154,156,166,171,180,182,194,204,215,221,229,239,291,295,302,334
142:1,8,14,29,50,62,71,90,94,100,113,132,140,158,161,162,168,201,210,226,231,236,244,266,307,327,330,335,343,344,349,352
143:10,18,54,88,92,115,122,125,136,340,149,202,213,220,255,275,277,286,292,293,295,296,304,347,352
144:13,28,46,111,117,129,310,183,196,215,223,225,247,255,275,292,295,308,319,320,347,351
145:1,16,43,58,60,71,117,140,354,183,190,194,195,218,272,283,286,288,290,311,317,326,331
146:20,23,26,52,55,112,262,171,217,234,260,278,314,329,332
147:19,33,40,42,48,54,103,105,111,114,117,121,216,179,183,199,215,221,240,244,250,254,264,306,343,352,356
148:0,27,28,50,57,86,104,106,118,122,128,259,165,221,236,243,257,273,275,309,358
149:7,8,18,19,35,52,66,76,85,94,119,131,143,304,168,170,189,195,223,247,261,267,299,300,353
150:15,30,40,72,101,156,159,165,169,182,188,201,218,226,229,245,261,262,275,292,309,313
151:9,14,35,45,55,56,64,65,74,89,101,112,115,140,317,154,169,173,174,175,202,225,244,248,260,269,273,284,332
152:0,24,28,34,35,50,59,67,70,72,76,78,84,117,125,132,133,185,159,162,163,172,182,186,197,208,216,232,246,251,269,356
153:33,34,35,37,49,52,62,93,135,331,197,204,217,227,231,235,252,265,282,288,294,295,302,326,336,349,358
154:36,48,50,82,88,107,123,136,140,141,151,211,169,177,183,202,208,256,277,291,312,317,330,356
155:11,12,28,38,41,64,66,91,102,122,140,294,160,169,181,224,228,249,282,288,347
156:16,35,118,121,141,150,162,166,178,194,218,221,232,236,254,259,277,286,289,291,296,310,324,329
157:2,20,79,94,117,134,240,165,187,188,210,211,222,229,274,280,284,307,311,313
158:13,26,35,37,69,81,106,122,142,329,172,177,190,247,275,303,311,312,338,339
159:11,14,26,35,40,49,60,98,104,139,150,152,263,172,174,180,183,211,238,255,269,309,326
160:20,27,52,63,91,107,131,134,155,195,161,181,187,191,203,204,214,236,254,267,268,273,274,283,287,292,315,321,338,344
161:0,6,45,56,67,124,134,142,160,242,168,171,178,180,186,190,200,204,223,254,275,287,292,293,294,304,319,320,323
162:1,18,25,69,77,106,118,119,128,131,142,152,156,246,173,194,238,247,255,304,310,315,350
163:7,18,26,38,39,64,77,89,114,152,352,179,187,192,203,235,241,247,258,260,275,290,293,302,314,335,354
164:15,17,32,45,53,61,69,73,78,123,325,203,213,216,217,221,257,260,263,284,306,311,322,337
165:9,10,12,22,48,50,93,107,109,112,124,137,148,150,157,206,166,178,190,196,217,222,236,240,245,268,293,299,356
166:34,35,73,76,85,101,111,117,129,131,141,156,165,314,173,193,222,227,250,253,262,263,274,283,289,317,320,351
167:37,41,52,64,78,82,112,113,123,133,190,178,193,208,210,224,227,251,252,271,273,313,317,332,347,348,355
168:37,41,71,88,89,100,142,149,161,217,170,173,176,219,231,245,267,274,279,282,286,307,315,329,335,353,359
169:4,62,72,90,114,123,124,135,140,150,151,154,155,174,186,187,191,193,223,320,323,325,357
170:2,14,55,61,69,70,100,123,149,168,285,175,193,218,227,255,286,305,315
171:5,31,56,65,71,80,86,91,101,103,104,112,118,122,141,146,161,339,184,191,192,208,222,256,263,292,337,344,346
172:8,19,32,54,59,98,111,112,131,132,152,158,159,283,199,208,217,230,234,251,259,288,291,293,309,311,315
173:2,5,8,42,50,52,62,110,112,123,151,162,166,168,268,186,198,229,233,251,263,277,283,285,346
174:1,8,28,32,54,65,66,83,86,97,106,114,124,125,128,131,151,159,169,231,187,236,239,263,292,297,305,326,340,356
175:34,88,95,101,111,124,133,151,170,264,176,177,184,201,204,206,214,227,229,237,238,287,307,314,328,335
176:27,50,107,128,132,137,168,175,199,191,213,225,241,258,270,313,335,344
177:15,36,52,66,79,92,104,106,124,131,154,158,175,280,194,195,196,199,200,203,216,223,229,230,238,263,272,281,298,318,321,330,341
178:18,19,27,47,64,74,77,113,122,156,161,165,167,220,199,201,230,296,311,337,338
179:10,28,32,46,47,63,69,82,105,108,117,122,132,133,134,147,163,202,189,190,197,207,228,248,249,253,263,264,286,331,340,341,355
180:16,26,35,46,52,58,61,62,75,89,94,124,128,141,159,161,226,198,233,239,242,263,273,332,340,342,346,348,352
181:4,28,32,72,79,93,102,111,139,155,160,246,195,207,254,261,266,280,324,333,341,345
182:2,10,20,35,43,54,59,67,75,87,92,111,112,137,141,150,152,272,187,190,208,223,233,261,264,268,269,283,285,308,313,336
183:2,16,28,44,52,54,78,81,90,103,138,144,145,147,154,159,206,194,219,227,238,253,275,303,305,349,355,356
184:11,17,21,42,48,57,68,76,80,81,110,171,175,212,185,226,230,268,271,290,301,304,314,320,327
185:28,29,42,76,99,113,126,152,184,244,208,242,262,304,321,330,335,339,353
186:4,11,49,81,85,89,117,123,152,161,169,173,297,187,190,201,216,218,224,230,243,272,276,296,315,320,334,335,345,359
187:39,44,50,53,56,89,129,157,160,163,169,174,182,186,256,212,217,252,275,291,307,317,321,333
188:18,24,27,29,54,65,94,97,108,131,136,150,157,345,195,201,205,209,233,235,240,242,269,281,295,296,298,305,323,324,330,335
189:1,6,14,30,31,32,39,41,44,56,63,69,91,101,112,125,135,149,179,310,204,216,217,223,249,254,269,272,284,308,338,354
190:35,47,57,60,94,114,118,123,132,133,136,138,145,158,161,165,167,179,182,186,224,222,228,241,244,265,269,290,301,302,308,311,315,353,357
191:4,36,41,45,104,107,108,117,160,169,171,176,339,202,206,213,230,243,244,248,260,282,289,306,330
192:1,23,38,40,82,120,122,163,171,302,200,217,229,235,244,246,262,271,275,286,288,309,329,330,349
193:27,42,52,58,62,73,112,166,167,169,170,309,195,215,221,226,232,238,240,259,268,282,347,359
194:20,24,31,43,51,71,78,88,103,141,145,156,162,177,183,284,238,239,275,297,299,324,335,344,350
195:16,18,25,72,75,80,101,111,113,131,145,149,160,177,181,188,193,202,201,220,240,250,256,264,271,276,301,314,335,345
196:15,35,38,51,71,97,99,106,131,135,144,165,177,313,234,256,268,272,279,280,281,326,333,353,359
197:26,38,100,102,107,129,131,134,137,138,152,153,179,305,224,226,246,252,265,277,283,297,333,345,355
198:4,9,10,38,49,50,86,95,119,137,173,180,212,221,234,244,257,275,287,317,323,328,340
199:2,10,13,40,43,60,126,147,172,176,177,178,242,229,233,248,257,321,322
200:31,33,41,45,60,79,88,138,161,177,192,262,207,251,253,281,297,314,329,341,351
201:2,5,22,23,28,32,40,59,72,112,122,142,150,175,178,186,188,195,280,203,209,250,256,257,305,307,327,344,346
202:6,19,38,52,66,90,91,105,108,119,123,136,143,151,154,179,191,195,341,225,232,243,245,250,258,274,327,330,345
203:30,52,82,91,112,160,163,164,177,201,329,208,245,280,311,322,330,338,355
204:3,9,29,78,80,98,114,117,134,141,153,160,161,175,189,291,207,287,309,324,338
205:15,28,30,33,49,69,74,130,188,279,238,256,273,285,317,318,332,343,358
206:29,39,40,44,55,66,87,133,137,165,175,183,191,294,210,222,282,305,308,331,335,336,339,344,353,355
207:16,45,80,92,96,106,134,179,181,200,204,246,227,245,270,271,282,285,302,327,344,357
208:1,44,63,66,75,93,109,133,152,154,167,171,172,182,185,203,267,224,269,290,315,319,334,339,340
209:2,3,44,55,102,188,201,272,222,236,248,256,302,325,335,349,357
210:14,17,42,47,51,72,98,111,113,114,118,128,142,157,167,206,249,212,216,222,223,231,250,256,285,299,303,305,332,333,336,337,344
211:3,8,13,18,22,41,53,57,62,75,84,94,95,109,117,129,154,157,159,336,298,308,311,339
212:7,19,25,27,69,75,92,93,100,119,138,139,184,187,198,210,273,216,235,245,247,252,270,303,334,337,338
213:14,64,92,114,143,164,176,191,218,215,217,229,244,270,321,340
214:22,42,52,54,74,77,84,92,109,135,160,175,294,271,302,306,333,335,336
215:17,30,39,40,61,69,90,110,121,141,144,147,193,213,335,240,243,247,254,255,289,311,315,318,328,340
216:20,31,41,61,95,104,105,147,152,164,177,186,189,210,212,230,266,269,288,291,307
217:0,3,57,64,73,110,146,153,164,165,168,172,187,189,192,213,278,236,242,254,289,293,301,317,337
218:1,2,23,32,56,87,96,106,109,111,145,150,156,170,186,213,359,257,258,259,274,278,314,332,339,355
219:6,13,15,21,33,56,93,107,117,129,168,183,296,221,230,294,312,313,322,340,359
220:0,5,64,80,104,117,143,178,195,317,221,257,258,259,282,314,326
221:18,25,29,81,113,116,141,147,148,156,164,193,198,219,220,302,252,267,275,291,293,296,320,330
222:2,27,30,51,62,101,122,124,134,157,165,166,171,190,206,209,210,354,231,271,273,324,333,341,343,355
223:2,6,45,51,52,59,73,75,84,89,92,102,144,149,161,169,177,182,189,210,266,261,269,288
224:12,17,22,25,27,51,52,79,89,99,155,167,186,190,197,208,321,239,245,249,279,297,300,318,328,343,359
225:17,21,26,29,46,77,101,109,111,127,135,144,151,176,202,328,234,248,265,319,350
226:43,63,92,94,105,116,142,150,180,184,193,197,280,278,284,318,326,328,329,340
227:18,33,38,85,91,100,102,106,153,166,167,170,175,183,207,300,237,240,252,298,302,307,309,331,345,356
228:2,7,14,25,29,79,133,138,155,179,190,335,253,302,307,320,333,340,342,345
229:48,66,82,91,100,108,141,150,157,173,175,177,192,199,213,349,230,265,269,270,272,278,285,288,301,302,318,333,335,340
230:0,15,29,51,66,83,85,100,105,117,135,172,177,178,184,186,191,216,219,229,238,233,243,244,254,269,280,286,309,334,341,342,356
231:4,14,45,95,105,129,134,142,153,168,174,210,222,315,234,273,282,313
232:14,74,95,99,104,117,124,128,152,156,193,202,296,237,242,248,274,287,298,313,315,316,333,343
233:31,35,49,58,173,180,182,188,199,230,265,238,242,303,311,318,321,329,339,344,353
234:28,30,32,43,48,53,76,77,89,102,108,116,120,130,146,172,196,198,225,231,259,256,292
235:0,9,11,22,32,36,39,54,60,88,97,128,135,153,163,188,192,212,267,244,249,252,254,277,284,287,297,314,326,338,352,357,358
236:5,22,29,57,59,76,95,116,124,142,148,156,160,165,174,209,217,325,244,260,269,286,307,337,342,348,354
237:12,38,76,80,113,126,127,131,175,227,232,269,270,283,285
238:21,29,46,65,89,125,127,136,159,162,175,177,183,193,194,205,230,233,276,281,303,316,318,346,353
239:12,32,36,40,43,53,55,68,82,92,115,137,141,174,180,194,224,242,248,293,300,308,324
240:2,4,19,24,39,86,100,123,147,157,165,188,193,195,215,227,241,243,312,343,355
241:15,28,37,46,50,74,81,93,98,116,127,135,163,176,190,240,353,249,257,265,312,326,338
242:6,12,46,71,77,85,91,121,125,161,180,185,188,199,217,232,233,239,299,245,246,273,275,276,293,352
243:7,54,64,98,130,131,140,148,186,191,202,215,230,240,297,247,255,266,283,314,321,335,341,352,357
244:23,35,42,56,61,77,87,89,98,110,129,142,147,151,185,190,191,192,198,213,230,235,236,333,246,251,252,256,281,285,295,310,326,330,331
245:4,11,15,37,40,53,56,64,74,75,83,90,94,119,120,121,150,165,168,202,203,207,212,224,242,332,250,270,299,323,326,327,340,357,359
246:6,7,8,36,39,44,51,58,77,86,89,96,108,152,162,181,192,197,207,242,244,348,263,267,294,301,319,344,352
247:3,10,28,39,45,59,61,62,70,76,78,86,90,114,122,133,144,149,158,162,163,212,215,243,287,263,268,273,276,283,306,333,334,353,355
248:7,8,30,44,46,60,78,79,90,96,111,151,179,191,199,209,225,232,239,284,260,262,286,335,351
249:22,46,68,105,121,155,179,189,210,224,235,241,341,273,282,291,329,352
250:0,4,9,13,58,79,90,94,98,99,103,135,147,166,195,201,202,210,245,315,256,295,299,343,349
251:16,24,52,69,82,88,101,102,114,115,133,137,152,167,172,173,200,244,329,255,290,325,328,331,336
252:18,35,53,59,65,76,82,109,124,129,153,167,187,197,212,221,227,235,244,292,269,270,277,284,291,294,322,324
253:2,10,19,23,47,51,56,62,67,68,75,87,89,111,166,179,183,200,228,318,284,286,342,352
254:0,10,50,53,60,78,81,105,110,116,125,133,137,140,141,147,156,160,161,181,189,215,217,230,235,325,288,291,294,358
255:13,17,21,23,26,31,49,60,90,91,108,112,143,144,159,162,170,215,243,251,358,273,326,349,352
256:9,11,58,95,97,106,140,154,171,187,195,196,201,205,209,210,234,244,250,330,286,300,306,309,318,319,326,353
257:29,32,33,70,83,87,97,119,120,148,164,198,199,201,218,220,241,325,261,288
258:6,17,55,56,63,68,110,120,126,127,135,163,176,202,218,220,320,262,305,317,326,327
259:27,45,77,85,87,121,135,136,148,156,172,193,218,220,234,263,278,287,291,293,299,306,308,318,325,334,350,355
260:43,55,66,73,77,103,107,140,146,151,163,164,191,236,248,333,285,294,322,352
261:6,10,13,49,71,113,122,133,134,149,150,181,182,223,257,322,281,286,320,352
262:29,53,54,73,79,99,114,118,146,150,166,185,192,200,248,258,346,268,274,282,293,309,319
263:5,28,33,34,67,74,75,86,102,103,116,123,159,164,166,171,173,174,177,179,180,246,247,259,301,266,274,279,307,330,337,351
264:68,91,116,123,132,139,147,175,179,182,195,268,265,291,313,314,324,331,357,359
265:1,15,28,32,53,81,96,104,118,153,190,197,225,229,233,241,264,299,295,301,306,317,339,346,348,359
266:19,76,87,91,94,125,130,142,181,216,223,243,263,273,288,291,292,295,315,338,343,353
267:15,23,54,59,73,88,100,116,117,136,149,160,168,208,221,235,246,334,276,281,293,297,312,324,332,349
268:3,29,88,97,118,122,124,139,160,165,173,182,184,193,196,247,262,264,355,269,276,294,351
269:6,15,75,76,78,84,85,121,151,152,159,182,188,189,190,208,216,223,229,230,236,237,252,268,329,289,303,308,332,336,340,351
270:38,67,74,82,135,176,207,212,213,229,237,245,252,290,289,326,334,350
271:19,28,43,50,56,67,74,92,119,133,134,167,184,192,195,207,214,222,358,281
272:0,2,6,15,18,26,74,83,91,92,121,145,177,182,186,189,196,209,229,313,273,282,310,329,330,352
273:7,29,30,73,98,102,115,122,123,148,151,160,167,180,205,212,222,231,242,247,249,255,266,272,357,280,330,343,356
274:4,11,38,53,56,81,89,116,157,160,166,168,202,218,232,262,263,334,284,286,338,341,352
275:4,11,32,37,43,45,80,143,144,148,150,158,161,163,183,187,192,194,198,221,242,326,282,284,285,325,327,336,341,354
276:11,62,81,90,108,186,195,238,242,247,267,268,324,281,317,330
277:34,35,61,85,108,125,143,154,156,173,197,235,252,286,284,322,340
278:7,12,29,34,35,64,65,81,91,94,146,217,218,226,229,259,357,348,349
279:13,32,62,88,102,107,168,196,205,224,263,337
280:23,52,57,84,86,89,95,111,114,157,177,181,196,201,203,226,230,273,340,298,300,304,328,353,354
281:12,22,27,39,48,53,66,78,82,103,139,177,188,196,200,238,244,261,267,271,276,331,308,336,341,343,350,359
282:26,29,70,82,83,95,113,136,153,155,168,191,193,206,207,220,231,249,262,272,275,304,310,343,353
283:21,49,62,67,70,99,110,138,140,145,160,166,172,173,182,197,237,243,247,319,312,325,345
284:15,29,54,73,106,123,129,151,157,164,189,194,226,235,248,252,253,274,275,277,309,286,326,332,339,346,349,355,357
285:4,19,65,82,102,126,170,173,182,205,207,210,229,237,244,260,275,339,286,293,294,307,327,350
286:17,26,27,33,67,73,89,143,145,156,168,170,179,192,230,236,248,253,256,261,274,277,284,285,320,296,306,345,353
287:9,10,18,27,28,70,132,160,161,175,198,204,232,235,247,259,340,300,302,307,318,321
288:11,25,32,33,36,41,63,96,102,105,117,133,138,145,153,155,172,192,216,223,229,254,257,266,310,289,325,329,358
289:23,39,59,89,122,126,127,136,156,166,191,215,217,269,270,288,323,291,337,341,351
290:39,54,72,94,105,135,145,163,184,190,208,251,270,333,292,294,313,335
291:5,9,12,34,66,78,94,100,105,141,154,156,172,187,204,216,221,249,252,254,259,264,266,289,311,292,319
292:39,49,75,76,81,83,99,118,128,130,143,144,150,160,161,171,174,234,252,266,290,291,309,308,316
293:43,55,60,85,90,105,117,118,120,143,161,163,165,172,217,221,239,242,259,262,267,285,322
294:31,33,35,58,68,76,88,94,104,108,120,153,155,161,206,214,219,246,252,254,260,268,285,290,348,302
295:1,37,43,101,106,115,141,143,144,153,188,244,250,265,266,309,298,299,319
296:8,19,33,42,51,56,66,91,143,156,178,186,188,219,221,232,286,332,297,327,350
297:10,37,50,66,89,93,118,129,174,186,194,197,200,224,235,243,267,296,335,301,302,304,333,342
298:6,8,30,51,79,96,110,177,188,211,227,232,280,295,325,324,347
299:28,40,48,66,72,92,129,149,165,194,210,242,245,250,259,265,295,340,327,331,341
300:26,44,54,59,61,63,106,149,224,227,239,256,280,287,311,306,318,321,327,342,356
301:1,10,31,62,67,80,91,109,122,133,137,184,190,195,217,229,246,263,265,297,318,311,317,335
302:8,57,65,75,108,113,121,136,139,141,153,163,190,192,207,209,214,221,227,228,229,287,294,297,344,358
303:7,17,22,35,52,79,92,100,117,131,158,183,210,212,233,238,269,346,317,337
304:2,11,13,21,25,27,100,118,136,143,149,161,162,184,185,280,282,297,322,306,338,350
305:38,51,80,95,116,129,170,174,183,188,197,201,206,210,258,323,306,307,332,356
306:2,8,10,13,17,36,47,64,69,71,87,102,111,114,147,164,191,214,247,256,259,265,286,300,304,305,328,326,327,356
307:1,2,27,58,60,67,77,90,104,117,142,157,168,175,187,201,216,227,228,236,263,285,287,305,331,335
308:21,41,59,86,112,130,144,182,189,190,206,211,239,259,269,281,292,325,311,312,341
309:13,32,42,49,59,78,84,104,114,148,150,159,172,192,193,204,227,230,256,262,284,292,295,357,312,322,325,331,336
310:18,19,46,58,60,63,96,121,144,156,162,189,244,272,282,288,358,339
311:15,35,40,51,57,81,100,111,127,140,145,157,158,164,172,178,190,203,211,215,233,291,300,301,308,313,329,344,348
312:13,34,58,61,64,72,104,132,136,154,158,219,240,241,267,283,308,309,329,313,320,337
313:16,17,30,37,43,48,60,61,65,73,80,119,150,157,167,176,182,196,219,231,232,264,272,290,311,312,351,320,330
314:38,46,69,78,131,137,146,163,166,175,184,195,200,218,220,235,243,264,321,346,348
315:14,21,41,47,58,91,103,105,130,134,160,162,168,170,172,186,190,208,215,231,232,250,266,323,317,346
316:21,34,35,47,51,57,71,101,107,110,115,130,232,238,292,356,322,357
317:48,57,62,63,64,111,116,119,130,134,145,151,154,166,167,187,198,205,217,220,258,265,276,301,303,315,341,338,351
318:16,42,47,53,62,79,83,88,104,130,134,177,205,215,224,226,229,233,238,253,256,259,287,300,301,326,357
319:49,56,57,71,72,73,78,111,113,121,144,161,208,225,246,256,262,283,291,295,346,331,341,344,359
320:36,43,47,98,124,138,144,161,166,169,184,186,221,228,258,261,286,312,313,335,353
321:40,49,62,70,71,101,108,116,160,177,185,187,199,213,224,233,243,287,300,314,323,325
322:11,39,77,95,121,164,199,203,219,252,260,261,277,293,304,309,316,347,323,348,358
323:2,10,18,22,42,51,65,79,80,82,104,121,135,136,161,169,188,198,245,289,305,315,321,322,352
324:4,36,38,42,43,48,79,87,111,156,181,188,194,204,222,239,252,264,267,276,298,333,325,338,346,358
325:29,53,63,90,103,115,128,139,164,169,209,236,251,254,257,259,275,283,288,298,308,309,321,324,327
326:8,35,44,54,102,126,127,133,145,153,159,174,196,220,226,235,241,244,245,255,256,258,270,275,284,306,318,358,327,331,341,347
327:11,16,60,97,127,139,142,184,201,202,207,245,258,275,285,296,299,300,306,325,326,332,331,338,340,343,356
328:11,15,30,41,45,46,76,87,91,92,127,175,198,215,224,225,226,251,280,306,345,339,340,342
329:19,97,105,119,127,128,129,146,156,158,168,192,200,203,226,233,249,251,269,272,288,311,312,344,330,355
330:1,10,18,31,49,114,129,142,154,177,185,188,191,192,202,203,221,244,256,263,272,273,276,313,329,336
331:13,14,16,35,58,60,131,145,153,179,206,227,244,251,264,281,299,307,309,319,326,327,339,335,347
332:0,35,47,50,63,104,139,140,146,151,167,180,205,210,218,245,267,269,284,296,305,327,355
333:12,13,21,63,80,128,131,181,187,196,197,210,214,222,228,229,232,244,247,260,290,297,324,351
334:3,29,36,42,43,135,141,186,208,212,230,247,259,267,270,274,355,338,341,343
335:1,3,29,58,74,83,87,98,110,142,163,168,175,176,185,186,188,194,195,206,209,214,215,228,229,243,248,290,297,301,307,320,331,348
336:14,20,22,38,80,94,101,117,153,182,206,210,211,214,251,269,275,281,309,330,354,348
337:30,68,70,72,79,110,129,164,171,178,210,212,217,236,263,279,289,303,312,354,358,359
338:25,49,65,68,96,104,114,158,160,178,189,203,204,212,235,241,266,274,304,317,324,327,334,349,342,347
339:4,22,23,33,46,60,79,87,123,125,127,132,138,158,171,185,191,206,208,211,218,233,265,284,285,310,328,331,352,358
340:8,29,48,62,85,97,105,111,113,114,123,137,143,174,179,180,198,208,213,215,219,226,228,229,245,269,277,280,287,299,327,328,358,343,345
341:24,31,39,43,57,69,100,121,177,179,181,200,202,222,230,243,249,274,275,281,289,299,308,317,319,326,334,356
342:16,17,40,70,90,124,125,180,228,230,236,253,297,300,328,338,357,358
343:22,26,41,50,58,99,107,137,140,142,147,205,222,224,232,240,250,266,273,281,282,327,334,340,357
344:1,5,6,27,37,47,62,95,125,128,142,160,171,176,194,201,206,207,210,233,246,302,311,319,329,349
345:13,14,19,48,59,76,83,84,91,101,103,136,181,186,188,195,197,202,227,228,283,286,328,340,357
346:22,25,80,93,99,116,133,171,173,180,201,238,262,265,284,303,314,315,319,324,350
347:3,16,23,63,84,94,126,132,143,144,155,167,193,298,322,326,331,338,358
348:10,27,30,82,86,107,127,167,180,236,246,265,278,294,311,314,322,335,336,355,349
349:14,34,62,68,85,88,92,116,121,130,133,134,142,153,183,192,209,229,250,255,267,278,284,338,344,348,357
350:3,37,51,75,77,85,91,162,194,225,259,270,281,285,296,304,346,352,359
351:7,56,61,73,74,78,85,136,144,166,200,248,263,268,269,289,313,317,333,359
352:2,8,42,44,57,72,76,101,113,118,122,142,143,147,163,180,235,242,243,246,249,253,255,260,261,272,274,323,339,350,356,354
353:34,35,41,44,49,68,89,91,117,120,139,149,168,185,190,196,206,233,238,241,247,256,266,280,282,286,320,357
354:2,3,5,10,13,21,25,70,72,74,86,118,120,127,145,163,189,222,236,275,280,336,337,352,357,358
355:0,12,19,24,49,62,64,126,167,179,183,197,203,206,218,222,240,247,259,268,284,329,332,334,348,356,357,359
356:16,23,26,31,32,40,101,109,110,131,140,147,152,154,165,174,183,227,230,273,300,305,306,316,327,341,352,355,359
357:3,10,23,55,56,71,75,83,85,87,125,128,131,169,190,207,209,235,243,245,264,273,278,284,309,316,318,342,343,345,349,353,354,355,358
358:8,29,70,73,77,82,89,137,148,153,205,235,254,255,271,288,302,310,322,324,326,337,339,340,342,347,354,357,359
359:11,12,19,57,64,76,90,97,137,168,186,193,196,218,219,224,245,264,265,281,319,337,350,351,355,356,358
