0:373,1,13,39,50,60,68,82,85,122,143,162,214,225,226,238,279,300,347,360,379,387
1:0,8,4,10,25,99,130,148,162,163,179,229,240,257,266,275,308,317,342
2:113,9,19,40,78,187,208,332,372
3:112,49,70,76,82,92,94,153,158,180,205,232,259,267,298,318,336,355,389
4:1,174,6,26,32,43,44,54,68,123,182,201,202,203,265,313,330,333,337,372,377
5:343,7,65,69,96,125,132,145,183,188,199,230,268,274,297,303,324,330,335,342,354,369
6:4,198,10,19,140,141,149,158,173,180,211,213,241,254,275,293,314,383,385
7:5,121,8,16,27,67,80,112,116,142,170,177,186,201,213,238,247,260,268,274,280,290,317,335,341,361,367
8:1,7,342,18,74,84,150,171,189,276,320,335,340,377,380
9:2,96,19,105,111,119,184,186,190,198,225,227,244,246,257,260,273,284,322,358
10:1,6,133,44,66,73,74,77,84,107,165,174,178,186,205,208,215,236,240,281,303,315,346,366,368
11:135,44,55,91,129,145,163,171,184,191,207,234,247,251,265,280,284,291,333,349,364,389
12:235,123,139,173,210,229,230,231,257,273,297,301,309,330,362,370,383,386,388
13:0,247,44,45,50,58,62,71,81,97,161,171,228,238,256,266,269,294,305,324,336,348
14:271,36,53,61,80,96,105,122,133,180,188,204,224,266,267,268,303,316,344,356,359,362
15:351,35,73,99,100,116,129,133,149,151,165,182,183,212,229,230,232,302,306,317,347,352,365
16:7,297,34,51,55,72,98,101,113,115,127,128,157,172,176,184,224,241,243,250,251,293,319,330,335,338,362,385
17:188,59,67,78,112,144,153,156,163,175,204,218,242,257,265,267,270,281,320,323,328,357
18:8,154,23,55,72,87,96,167,211,214,241,252,278,296,298,306,315,325,337
19:2,6,9,276,75,77,109,112,116,120,128,129,157,200,214,254,279,283,287,330,331,353,362,368,374,385
20:192,27,29,32,50,61,69,105,146,150,154,166,181,214,226,259,264,274,297,317,321,348,356
21:133,32,41,56,87,97,129,184,195,232,278,388
22:280,36,42,47,60,107,137,205,227,240,285,288,293,318,321,331,364,378,383
23:18,290,39,68,79,96,141,148,160,187,198,231,252,275,281,296,306,330,337,352,355,369
24:238,115,147,170,192,198,207,229,249,252,256,270,274,280,295,355,373
25:1,116,53,81,87,107,129,130,201,202,213,215,256,372
26:4,127,72,95,102,109,111,126,140,143,152,176,208,214,228,264,272,281,343,350,382,386
27:7,20,280,28,30,39,91,110,123,153,156,158,164,234,237,247,252,260,262,263,264,272,276,290,338,365
28:27,233,47,57,67,74,77,93,99,106,113,128,155,167,185,190,194,196,202,224,248,292,305,332,355
29:20,108,47,75,137,143,145,168,171,175,189,215,236,264,293,330,347,375
30:27,132,43,93,103,108,111,148,161,180,181,182,217,232,238,264,267,280,288,299,322,328,335,360,362,371
31:79,40,42,56,63,69,72,81,105,114,115,127,204,218,222,229,244,246,260,290,309,314,345,372
32:4,20,21,141,71,122,124,169,196,216,220,224,259,278,279,281,296
33:337,44,58,66,97,100,117,119,155,203,224,266,292,311,319,325,376
34:16,319,52,70,75,123,147,154,194,225,252,314,345,384
35:15,233,105,115,123,133,138,215,223,234,239,257,292,312,360,364,370,376,384
36:14,22,149,58,75,81,134,142,144,151,167,190,200,203,228,278,291,383
37:228,80,134,157,175,177,181,227,247,248,263,296,344,369
38:264,82,118,119,133,137,187,190,215,220,246,248,255,293,360,365
39:0,23,27,223,58,63,104,115,133,136,171,176,181,183,239,243,269,293,358,383
40:2,31,218,42,71,135,149,150,174,179,236,250,272,292,299,305,317,319,361,381,386
41:21,65,51,146,151,158,163,168,169,186,190,199,207,212,242,243,280,303,326,346
42:22,31,40,324,61,69,117,126,140,144,171,267,286,289,305
43:4,30,278,60,109,161,176,220,250,257,265,269,273,297,360
44:4,10,11,13,33,207,67,90,104,133,151,169,196,305,316,361,370
45:13,147,72,86,97,124,149,229,233,253,268,282,307,328,338,352,355
46:167,50,60,65,67,93,95,122,129,142,182,232,268,304,323,325,337,347,367,370,382
47:22,28,29,192,51,90,142,164,187,230,239,311,325,330,334,368,373
48:355,58,72,75,99,101,141,148,158,197,200,204,214,233,235,264,276,290,292,303,309,344,347
49:3,324,52,54,103,124,126,208,284,296,331,354,380
50:0,13,20,46,143,57,64,96,137,166,183,197,207,209,241,244,245,252,254,258,260,270,300,317,323,332,342,356,359,370,385,389
51:16,41,47,314,69,102,108,132,156,214,216,249,281,289,338,358,362,379,387
52:34,49,307,56,60,99,132,232,233,300,327,385
53:14,25,93,71,131,137,139,142,147,218,278,281,297,299,316,322,364,389
54:4,49,320,58,68,110,130,134,171,191,220,282,303,318,327,336,351,352
55:11,16,18,249,77,84,110,121,141,158,162,201,231,238,251,266,313,350,352,376
56:21,31,52,301,60,94,99,117,134,160,212,243,254,266,268,269,302,328,334,343,356,361
57:28,50,198,76,135,148,156,165,181,189,204,235,266,293,297,298,304,309,346,350,387
58:13,33,36,39,48,54,370,68,104,112,143,154,166,202,221,239,241,244,251,328,338,364,373
59:17,209,71,124,156,162,173,182,201,205,208,221,232,251,259,271,279,282,283,287,313,336,362,368,374
60:0,22,43,46,52,56,86,102,120,153,161,173,179,181,185,237,260,271,274,285,313,317,321,336,339,355,367,377
61:14,20,42,258,71,97,100,124,224,226,231,240,248,265,293,299,301,318,349,374,382,383,384
62:13,326,81,86,109,126,223,234,250,251,325,335,362,367
63:31,39,116,98,111,147,148,187,202,205,212,234,248,256,260,277,294,306,384,389
64:50,76,106,164,165,197,199,225,236,238,242,243,257,260,270,289,309,310,313,330,334,358,359
65:5,41,46,213,106,111,118,180,190,197,198,201,254,296,371,389
66:10,33,157,70,110,115,138,141,194,226,240,241,243,244,266,270,289,319,336,345,389
67:7,17,28,44,46,148,109,143,172,195,223,227,236,251,254,256,306,322,335,342,350,356,388
68:0,4,23,54,58,85,86,105,122,135,146,160,167,169,177,193,211,239,253,292,299,308,335,365,368,369
69:5,20,31,42,51,80,107,108,129,140,153,203,217,222,230,263,315,331,343
70:3,34,66,162,82,83,96,108,115,145,167,171,179,213,214,215,222,238,263,275,328,347,352
71:13,32,40,53,59,61,125,75,101,135,161,198,238,248,252,322,326,328,333,350,386
72:16,18,26,31,45,48,230,113,139,157,164,187,219,237,270,272,277,299,310,314,340,341,346,370,371,376
73:10,15,189,80,105,124,136,169,170,209,214,229,288,289,320,330,369,371,372
74:8,10,28,265,106,157,168,227,278,282,290,312,320,331,337,372,389
75:19,29,34,36,48,71,254,95,122,143,212,252,263,269,270,280,314,318,326,331,352
76:3,57,64,329,174,190,224,255,307,313,317,325
77:10,19,28,55,174,88,125,160,190,213,225,233,235,266,275,278,311,316,339,344
78:2,17,336,92,97,106,115,130,154,167,179,184,192,204,208,220,230,251,260,270,302,313,319,353
79:23,31,158,83,85,97,173,183,192,194,210,221,264,279,329,331,334,346,351,361,377,389
80:7,14,37,69,73,355,91,106,133,137,187,191,192,227,228,258,273,356,375
81:13,25,31,36,62,353,84,94,105,107,108,115,174,186,198,241,255,274,301,323,324,325,373,374,383,387
82:0,3,38,70,235,110,121,144,161,175,244,267,301,360,373
83:70,79,293,112,113,117,146,183,197,217,249,261,262,278,279,352,360,363,368,371,372,387,388
84:8,10,55,81,310,101,116,127,146,164,172,200,217,231,308,314,326,331,377,378
85:0,68,79,373,86,189,242,250,258,300,310,335,338,366,371
86:45,60,62,68,85,300,131,145,183,197,207,218,221,236,238,274,283,296,331,359,380
87:18,21,25,325,108,118,126,152,206,300,310,317,333,361
88:77,338,109,126,134,167,214,282,289,332,377
89:144,102,104,128,155,174,183,202,226,234,235,255,274,287,293,296,309,322,358,361,366
90:44,47,190,92,95,118,123,129,141,165,198,203,293,297,336,345,376,377,380,385
91:11,27,80,145,125,136,161,226,230,318,336,346,368
92:3,78,90,201,97,119,155,168,184,234,240,260,263,289,302,311,335,355,367
93:28,30,46,53,174,137,211,227,270,284,287,307,314,339,344
94:3,56,81,240,100,107,180,185,186,205,218,251,278,296,327,330,381
95:26,46,75,90,136,121,127,143,211,218,263,298,343,355,359,372,374,382,385
96:5,9,14,18,23,50,70,97,98,133,144,145,157,225,227,239,242,283,284,293,322,333,347,359,375,376,379
97:13,21,33,45,61,78,79,92,96,211,99,131,144,157,160,191,194,229,236,288,298,331,342,377,386
98:16,63,96,166,108,126,172,216,258,294,306,346,365,370
99:1,15,28,48,52,56,97,240,132,148,167,172,183,184,202,227,260,265,296,305,315,334,341
100:15,33,61,94,117,111,131,143,144,146,153,162,170,180,185,213,225,231,236,271,277,280,295,301,353
101:16,48,71,84,180,145,152,175,176,184,219,288,302,307,314,333,375,384
102:26,51,60,89,115,116,121,127,132,155,159,183,201,222,234,273,280,297,304,319,339,362
103:30,49,128,129,152,170,176,182,196,263,326,367,373,384
104:39,44,58,89,224,110,121,132,145,161,163,181,183,187,212,231,293,322
105:9,14,20,31,35,68,73,81,280,154,170,203,211,219,241,306,315,320,327,333,352
106:28,64,65,74,78,80,332,112,122,123,128,139,205,247,287,289,308,388
107:10,22,25,69,81,94,212,112,118,130,147,163,167,190,218,243,250,268,295,318,330,389
108:29,30,51,69,70,81,87,98,356,126,180,218,225,278,338,351,353,364,379,384
109:19,26,43,62,67,88,227,123,149,175,183,276,281,336,365
110:27,54,55,66,82,104,222,111,173,176,180,195,219,221,250,295,299,325,360
111:9,26,30,63,65,100,110,381,146,166,179,183,204,215,217,219,244,249,257,315,345,360,376,383
112:3,7,17,19,58,83,106,107,298,120,143,181,199,247,265,270,271,274,299,316,320,354
113:2,16,28,72,83,131,123,147,149,163,164,173,237,243,244,307,341,356,365,376
114:31,142,118,132,138,144,161,206,224,231,234,237,258,273,277,279,337,341
115:16,24,31,35,39,66,70,78,81,102,317,188,195,200,206,247,286,295,347,368
116:7,15,19,25,63,84,102,310,144,164,173,183,186,217,235,241,267,284,286,295,309,314,330,338,361,367
117:33,42,56,83,100,242,136,148,157,160,170,209,254,276,290,305,307,320,325,341,360,382
118:38,65,87,90,107,114,318,206,215,272,309,334,366
119:9,33,38,92,195,142,148,250,255,257,281,285,299,317,318,377
120:19,60,112,355,131,163,181,187,195,210,251,275,313,337,354,360,365,378,380
121:7,55,82,95,102,104,224,134,158,179,199,251,259,274,300,346,355,365,376
122:0,14,32,46,68,75,106,331,141,149,160,172,211,214,217,234,240,298,353,357,363,378
123:4,12,27,34,35,90,106,109,113,264,228,232,236,238,249,274,275,303,327,333,356,373,380
124:32,45,49,59,61,73,377,163,171,174,183,189,216,247,249,283,297,307,308,347,352,382
125:5,71,77,91,365,126,160,161,178,218,251,307,326,356,358
126:26,42,49,62,87,88,98,108,125,341,132,142,156,170,180,186,206,238,249,250,277,281,310,348,349,361,368,385
127:16,26,31,84,95,102,231,128,157,160,176,228,265,266,282,283,301,333,339,369,376,382
128:16,19,28,89,103,106,127,281,138,146,147,174,175,206,215,228,237,258,278,292,293,351,365,370,379
129:11,15,19,21,25,46,69,90,103,175,136,152,162,205,233,240,298,316,321,345,349,361,386
130:1,25,54,78,107,198,209,212,224,252,259,268,303,329,332,337,341
131:53,86,97,100,113,120,287,141,182,189,212,230,273,318,330,345,348,354,366,374
132:5,30,51,52,99,102,104,114,126,364,159,162,178,188,202,218,261,275,278,299,351,355,369,381,386
133:10,14,15,21,35,38,39,44,80,96,311,165,172,194,197,201,211,227,228,259,289,299,300,302,382
134:36,37,54,56,88,121,215,155,188,189,195,197,204,218,236,241,261,276,334,336,345,358,363,369
135:11,40,57,68,71,311,138,142,143,156,162,168,180,185,205,240,246,249,255,264,319,347,349,350,363
136:39,73,91,95,117,129,374,161,208,259,272,295,327,340,363,376,381,387
137:22,29,38,50,53,80,93,142,171,222,235,239,304,381
138:35,66,114,128,135,306,155,159,227,240,275,294,323,370,377,382
139:12,53,72,106,170,159,169,172,184,211,237,241,288,290,363,369,376
140:6,26,42,69,283,183,237,238,271,274,333
141:6,23,32,48,55,66,90,122,131,250,182,187,208,216,261,265,272,284,292,297,310,319,328,345
142:7,36,46,47,53,114,119,126,135,137,209,162,176,207,218,243,262,279,286,326,328,359,362,364,382
143:0,26,29,50,58,67,75,95,100,112,135,204,149,151,199,208,257,276,290,325,332,340,351,354,367,382
144:17,36,42,82,89,96,97,100,114,116,216,160,185,188,197,230,280,283,292,355,374
145:5,11,29,70,86,91,96,101,104,212,146,171,236,241,254,288,306,339,356
146:20,41,68,83,84,100,111,128,145,323,173,205,231,245,260,268,282,298,307,328,332,333,355,377
147:24,34,45,53,63,107,113,128,157,174,181,189,253,267,284,300,301,380,381
148:1,23,30,48,57,63,67,99,117,119,187,163,171,204,207,217,226,233,241,320,350,359,370,374,388
149:6,15,36,40,45,109,113,122,143,229,181,188,196,201,242,251,272,286,302,340
150:8,20,40,167,174,176,186,219,246,309,312,337,343,373,382,384
151:15,36,41,44,143,278,152,188,222,227,232,233,256,258,300,321,331,353,372
152:26,87,101,103,129,151,191,164,247,269,289,308,312,315,331,375,382
153:3,17,27,60,69,100,256,197,206,220,221,233,241,261
154:18,20,34,58,78,105,282,157,172,220,221,259,297,320,321,330,346,362,365,384
155:28,33,89,92,102,134,138,375,157,185,194,195,197,242,251,314,341,347
156:17,27,51,57,59,126,135,176,164,207,248,288,290,310,318,324,349,360,369
157:16,19,37,66,72,74,96,97,117,127,147,154,155,197,203,213,233,245,292,315,363
158:3,6,27,41,48,55,79,121,256,177,226,239,240,276,287,293,307,345,363,366,382
159:102,132,138,139,267,178,186,204,263,272,300,319,332,354,356,368,387
160:23,56,68,77,97,117,122,125,127,144,307,166,183,186,203,211,213,238,241,264,267,300,317,328,351,382,389
161:13,30,43,60,71,82,91,104,114,125,136,251,198,202,211,228,263,271,284,287,349,352
162:0,1,55,59,70,100,129,132,135,142,235,167,168,191,201,219,248,249,256,264,272,290,332,345,349,352
163:1,11,17,41,104,107,113,120,124,148,370,176,189,199,200,221,230,238,245,295,321,334,364,389
164:27,47,64,72,84,113,116,152,156,376,173,207,248,255,269,288,358,368
165:10,15,57,64,90,133,316,216,231,259,270,293,372
166:20,50,58,98,111,160,232,176,200,204,206,214,243,261,263,281,367,376
167:18,28,36,46,68,70,78,88,99,107,150,162,282,171,173,178,245,280,309,315,331,343,346,357,360,364
168:29,41,74,92,135,162,191,176,201,222,243,274,292,306,328,341,348,377
169:32,41,44,68,73,139,317,170,189,197,286,333,350,378,387
170:7,24,73,100,103,105,117,126,139,169,382,183,193,204,208,211,221,234,256,268,317,341,348,350,366,379
171:8,11,13,29,39,42,54,70,124,137,145,148,167,325,180,196,201,234,246,258,275,277,304,323,335,349
172:16,67,84,98,99,122,133,139,154,332,182,189,224,230,243,264,274,282,291,304,305,326,343,379
173:6,12,59,60,79,110,113,116,146,164,167,332,183,187,195,219,233,243,262,264,294,298,302,308,335,336,350,366,385,386
174:4,10,40,76,77,81,89,93,124,128,147,150,308,186,194,244,246,257,266,267,274,287,311,366,373
175:17,29,37,82,101,109,128,129,195,179,193,197,211,213,255,267,280,306,313,319,341,366,389
176:16,26,39,43,101,103,110,127,142,150,156,163,166,168,341,199,232,258,292,315,361
177:7,37,68,158,266,224,229,260,271,303,305,338,377
178:10,125,132,159,167,378,190,209,215,244,245,304,367,374
179:1,40,60,70,78,111,121,175,188,221,227,233,252,261,286,320,326,337,374
180:3,6,14,30,65,94,100,101,108,110,126,135,171,208,198,216,232,236,297,311,344,361,380
181:20,30,37,39,57,60,104,112,120,147,149,366,185,192,206,216,235,296,322,327,338,343,345,349,350,362,367,379
182:4,15,30,46,59,103,131,141,172,326,210,225,239,243,252,272,273,274,300,344
183:5,15,39,50,79,83,86,89,99,102,104,109,111,116,124,140,160,170,173,369,216,219,223,258,286,295,316,331,339,359,370,375,376,382
184:9,11,16,21,78,92,99,101,139,258,193,205,222,286,290,309,315,365,369,386
185:28,60,94,100,135,144,155,181,267,198,217,265,274,311,336,349,360
186:7,9,10,41,81,94,116,126,150,159,160,174,265,187,228,232,245,259,317,328,338,380
187:2,23,38,47,63,72,80,104,120,141,148,173,186,359,210,216,226,232,241,305,349
188:5,14,17,115,132,134,144,149,151,179,369,196,197,203,220,241,253,274,309,323,348,353,366
189:8,29,57,73,85,124,131,134,147,163,169,172,305,192,199,206,227,264,288,298
190:9,28,36,38,41,65,76,77,90,107,178,310,215,233,311,323,329,332
191:11,54,80,97,152,162,168,369,199,263,278,283,301,382
192:20,24,47,78,79,80,181,189,244,212,238,280,282,321,353,359,365,383
193:68,170,175,184,302,200,206,212,222,278,309,317,329,334,356,358
194:28,34,66,79,97,133,155,174,369,252,270,279,336,360,387
195:21,67,110,115,119,120,134,155,173,175,223,214,264,265,272,324,351,356
196:28,32,44,103,149,171,188,248,243,245,252,271,290,344,347,380
197:48,50,64,65,83,86,133,134,144,153,155,157,169,175,188,273,232,246,267,276,309,335,370
198:6,9,23,24,57,65,71,81,90,130,161,180,185,209,237,238,245,255,258,295,322,327,350,361,379,380
199:5,41,64,112,121,143,163,176,189,191,346,218,246,247,261,314,328,342,345,360,367
200:19,36,48,84,115,163,166,193,277,204,278,290,295,343,346,356
201:4,7,25,55,59,65,92,102,133,149,162,168,171,292,206,214,260,261,267,288,296,306,307,317,322,341,351,366
202:4,25,28,58,63,89,99,132,161,318,204,225,246,247,252,265,280,304,319,358,372,382
203:4,33,36,69,90,105,157,160,188,301,254,264,286,315,324,342,362,364,382
204:14,17,31,48,57,78,111,134,143,148,159,166,170,200,202,351,214,239,249,259,266,317,318,348
205:3,10,22,59,63,94,106,129,135,146,184,230,233,234,252,279,299,309,316,317,325
206:87,114,115,118,126,128,153,166,181,189,193,201,287,210,236,251,270,370
207:11,24,41,44,50,86,142,148,156,164,328,248,269,302,323,340,349,352,356,386
208:2,10,26,49,59,78,136,141,143,170,180,389,211,217,223,291,292,308,318,321,352,354,367,372,374
209:50,59,73,117,130,142,178,198,351,212,218,246,320,327,352,373
210:12,79,120,182,187,206,361,212,214,229,251,272,360,375,380,383
211:6,18,68,93,95,97,105,122,133,139,160,161,170,175,208,223,263,292,299,307,320,371,379,381,382
212:15,41,56,63,75,104,107,130,131,145,192,193,209,210,248,249,263,265,268,278,286,303,327,329,331,333,348,370,371
213:6,7,25,65,70,77,100,157,160,175,318,231,243,261,288,315,337,340,386,389
214:0,18,19,20,26,48,51,70,73,88,122,166,195,201,204,210,265,252,272,282,294,296,311,312,366,368
215:10,25,29,35,38,70,111,118,128,134,178,190,238,228,250,270,271,317,320,373,386
216:32,51,98,124,141,144,165,180,181,183,187,358,220,228,244,262,269,273,279,281,285,295
217:30,69,83,84,111,116,122,148,185,208,342,224,244,252,255,260,271,281,298,323,348,355,372
218:17,31,40,53,86,94,95,107,108,125,132,134,142,199,209,233,237,244,264,291,304,313,360,362
219:72,101,105,110,111,150,162,173,183,381,229,231,243,254,261,262,274,301,305,314,336,357
220:32,38,43,54,78,153,154,188,216,316,291,315,351,373,389
221:58,59,79,86,110,153,154,163,170,179,301,239,255,263,274,321,359,360,380,381
222:31,69,70,102,110,137,151,168,184,193,358,243,250,270,286,318,345
223:35,39,62,67,183,195,208,211,267,260,270,293,329,337,346
224:14,16,28,32,33,61,76,104,114,121,130,172,177,217,389,291,339,355,382
225:0,9,34,64,77,96,100,108,182,202,286,247,249,328,332,340
226:0,20,61,66,89,91,148,158,187,334,263,277,282,376
227:9,22,37,67,74,80,93,96,99,109,133,138,151,179,189,287,291,297,301,319,346,362,365
228:13,26,36,37,80,123,127,128,133,161,186,215,216,249,248,273,319,324,348,356
229:1,12,15,24,31,45,73,97,149,177,210,219,346,275,281,286,299,331,354,356
230:5,12,15,47,69,72,78,91,131,144,163,172,205,381,241,283,284,315,332,343,345,354,358,370,371,380
231:12,23,55,61,84,100,104,114,127,146,165,213,219,324,249,258,274,275,279,316,335
232:3,15,21,30,46,52,59,123,151,166,176,180,186,187,197,258,235,238,243,290,303,355,369,374,379
233:28,35,45,48,52,77,129,148,151,153,157,173,179,190,205,218,359,246,264,289,313,357,368
234:11,27,35,62,63,89,92,102,114,122,170,171,205,250,248,278,309,325
235:12,48,57,77,82,89,116,137,162,181,232,252,267,291,305,332,340,350
236:10,29,40,64,67,86,97,100,123,134,145,180,206,296,250,280,281,327,331,350,351
237:27,60,72,113,114,128,139,140,198,218,368,258,298,353
238:0,7,13,24,30,55,64,70,71,86,123,126,140,160,163,192,198,215,232,333,249,301,314,328,330,335,343
239:35,39,47,58,68,96,137,158,182,204,221,317,246,275,341,346
240:1,10,22,61,66,92,94,99,122,129,135,138,158,353,258,264,267,293,332
241:6,16,18,50,58,66,81,105,116,134,139,145,148,153,160,187,188,230,272,270,305,343,347,354,357,358,385
242:17,41,64,85,96,117,149,155,350,248,253,279,294,319,335,354
243:16,39,41,56,64,66,107,113,142,166,168,172,173,182,196,213,219,222,232,314,315,358,369,370,375
244:9,31,50,58,66,82,111,113,174,178,192,216,217,218,260,253,259,267,277,299,338,347
245:50,146,157,163,167,178,186,196,198,383,279,288,315
246:9,31,38,135,150,171,174,197,199,202,209,233,239,307,284,291,303,319,324,336,337,338
247:7,11,13,27,37,106,112,115,124,152,199,202,225,306,285,326,339,366
248:28,37,38,61,63,71,156,162,164,196,207,212,228,234,242,368,274,323,328,338,343,359,360,363,380
249:24,51,55,83,111,123,124,126,135,162,204,212,225,228,231,238,328,267,272,277,292,372
250:16,40,43,62,85,107,110,119,126,141,215,222,234,236,363,252,257,293,348
251:11,16,55,58,59,62,67,78,94,120,121,125,149,155,161,206,210,384,257,295,296,369
252:18,23,24,27,34,50,71,75,130,179,182,194,196,202,205,214,217,235,250,324,278,295
253:45,68,147,188,242,244,384,269,281,288,301,331,362,366,380
254:6,19,50,56,65,67,75,117,145,203,219,348,259,270,282,292,337,342,372,376
255:38,76,81,89,119,135,164,175,198,217,221,354,256,261,270,289,358,363,364
256:13,24,25,63,67,151,153,158,162,170,255,264,263,267,282,289,299,337,385
257:1,9,12,17,35,43,64,111,119,143,174,250,251,301,269,272,295,318,372,376,378
258:50,61,80,85,98,114,128,151,171,176,183,184,198,231,232,237,240,337,302,339
259:3,20,32,59,121,130,133,136,154,165,186,204,244,254,337,314,341,349
260:7,9,27,31,50,60,63,64,78,92,99,146,177,201,217,223,244,334,276,339,344,354,368,369
261:83,132,134,141,153,166,179,199,201,213,219,255,292,280,290,294,315,322,342
262:27,83,142,173,216,219,383,270,274,277,282,292,378
263:27,37,69,70,75,92,95,103,159,161,166,191,211,212,221,226,256,354,268,273,304,310,313,314,340,369,373
264:20,26,27,29,30,38,48,79,123,135,160,162,172,173,189,195,203,218,233,240,256,317,267,334,355,367,378
265:4,11,17,43,61,74,99,112,127,141,185,186,195,202,212,214,316,280,293,301,329,349,380
266:1,13,14,33,55,56,57,66,77,127,174,177,204,296,342,352,363
267:3,14,17,30,42,82,116,147,159,160,174,175,185,197,201,223,235,240,244,249,256,264,348,269,283,284,289,314,343,356
268:5,7,14,45,46,56,107,130,146,170,212,263,381,273,300,303,347,365,388
269:13,39,43,56,75,152,164,207,216,253,257,267,361,305,320,345,353,363,369,371
270:17,24,50,64,66,72,75,78,93,112,165,194,206,215,222,223,241,254,255,262,294,307,327,354
271:14,59,60,100,112,140,161,177,196,215,217,287,281,324,346,363,383
272:26,27,40,72,118,136,141,149,159,162,182,195,210,214,241,249,257,278,296,303,308,323,327,380,381
273:9,12,43,80,102,114,131,182,197,216,228,263,268,361,300,324,326
274:5,7,20,24,60,81,86,89,112,121,123,140,168,172,174,182,185,188,219,221,231,248,262,333,275,304,314,327,332,353,380
275:1,6,23,70,77,120,123,132,138,171,229,231,239,274,345,277,280,312,318,323,326
276:8,19,27,48,109,117,134,143,158,197,260,369,297,302,326,351
277:63,72,100,114,126,171,200,226,244,249,262,275,354,324,351,357,375,386
278:18,21,32,36,43,53,74,77,83,94,108,128,132,151,191,193,200,212,234,252,272,304,291,292,323,365,370,371
279:0,19,32,59,79,83,114,142,194,205,216,231,242,245,316,281,284,322,349,373,383
280:7,11,22,24,27,30,41,75,100,102,105,144,167,175,192,202,236,261,265,275,302,303,310,315,349
281:10,17,23,26,32,51,53,109,119,126,128,166,216,217,229,236,253,271,279,313,318
282:45,54,59,74,88,127,146,154,167,172,192,214,226,254,256,262,301,325,366
283:19,59,86,96,124,127,140,144,191,230,267,374,294,298,300,342,375
284:9,11,49,93,96,116,141,147,161,230,246,267,279,378,300,309,327,372,384,389
285:22,60,119,216,247,369,323,335,353,383,389
286:42,115,116,142,149,169,179,183,184,203,212,222,225,229,348,301,310,331,379,381,387
287:19,59,89,93,106,131,158,161,174,206,227,271,292,296,323
288:22,30,73,97,101,139,145,156,164,189,201,213,245,253,378,334,349,354,360,366,382
289:42,51,64,66,73,88,92,106,133,152,233,255,256,267,388,349,372,377,384
290:7,23,27,31,48,74,117,139,143,156,162,184,196,200,232,261,306,314,343,354
291:11,36,172,208,218,220,224,227,235,246,278,324,299,310,319,325,328,337,348
292:28,33,35,40,48,68,128,141,144,157,168,176,201,208,211,249,254,261,262,278,287,297,379,386
293:6,16,22,29,38,39,57,61,83,89,90,96,104,128,158,165,223,240,250,265,372,296,298,308,343
294:13,63,98,138,173,214,242,261,270,283,303,321,322
295:24,100,107,110,115,116,136,163,183,198,200,216,251,252,257,364,356,361,389
296:18,23,32,37,49,65,86,89,94,99,181,201,214,236,251,266,272,287,293,306,308,318
297:5,12,16,20,43,53,57,90,102,124,141,154,180,227,276,292,347,307,339,359,371,379,387
298:3,18,57,95,97,112,122,129,146,173,189,217,237,283,293,323,301,336,362,368
299:30,40,53,61,68,72,110,112,119,132,133,205,211,229,244,256,291,389,333,337
300:0,50,52,85,86,87,121,133,147,151,159,160,182,268,273,283,284,326,310,328,377,381
301:12,56,61,81,82,100,127,147,191,203,219,221,227,238,253,257,265,282,286,298,369,307,334,373
302:15,56,78,92,101,133,149,173,193,207,258,276,280,388,313,329,339,344,356,377
303:5,10,14,41,48,54,123,130,177,212,232,246,268,272,280,294,380,361,376,379
304:46,57,102,137,171,172,178,202,218,263,274,278,317,326,349,361
305:13,28,40,42,44,99,117,172,177,187,189,219,235,241,269,360,348,373
306:15,18,23,63,67,98,105,138,145,168,175,201,247,290,296,318,347,387
307:45,52,76,93,101,113,117,124,125,146,158,160,201,211,246,270,297,301,372,343,344,365,366
308:1,68,84,106,124,152,173,174,208,272,293,296,377,309,336
309:12,31,48,57,64,89,116,118,150,167,184,188,193,197,205,234,284,308,375,337,374,377
310:64,72,84,85,87,116,126,141,156,190,263,280,286,291,300,342,358
311:33,47,77,92,133,135,174,180,185,190,214,367,318,324,386
312:35,74,150,152,214,275,369,320,328,355,365,381
313:4,55,59,60,64,76,78,120,175,218,233,263,281,302,359,349,384
314:6,31,34,51,72,75,84,93,101,116,155,199,219,238,243,259,263,267,274,290,352,322,331,332,338,366,386
315:10,18,69,99,105,111,152,157,167,176,184,203,213,220,230,243,245,261,280,319
316:14,44,53,77,112,129,165,183,205,220,231,265,279,353,350,356,365,366
317:1,7,15,20,40,50,60,76,87,115,119,160,169,170,186,193,201,204,205,215,239,264,304,322,331,336,372
318:3,22,54,61,75,91,107,118,119,131,156,202,204,208,213,222,257,275,281,296,306,311,375,323,339,342,346,350,362
319:16,33,34,40,66,78,102,135,141,159,175,202,227,228,242,246,291,315,386,323,330,335,349,364
320:8,17,54,73,74,105,112,117,148,154,179,209,211,215,269,312,372,339,356,376
321:20,22,60,129,151,154,163,192,208,221,294,379,332,348
322:9,30,53,67,71,89,96,104,181,198,201,261,279,294,314,317,347,323,336,342,365
323:17,46,50,81,138,146,171,188,190,207,217,248,272,275,278,285,287,298,318,319,322,366,339,341,381
324:5,13,42,49,81,156,195,203,228,231,246,252,271,273,277,291,311,365
325:18,33,46,47,62,76,81,87,110,117,143,171,205,234,282,291,337,366
326:41,62,71,75,84,103,125,142,172,179,182,247,273,275,276,300,304,371,363,372
327:52,54,94,105,123,136,181,198,209,212,236,270,272,274,284,386,330,334,341,366,376
328:17,30,45,56,58,70,71,141,142,146,160,168,186,199,207,225,238,248,249,291,300,312,369,333,344,377,382,388
329:76,79,130,190,193,212,223,265,302,368,362,389
330:4,5,12,16,19,23,29,47,64,73,94,107,116,131,154,238,319,327,349,331,343,372,385
331:19,22,49,69,74,75,79,84,86,97,122,151,152,167,183,212,229,236,253,286,314,317,330,338,343,344
332:2,28,50,88,106,130,143,146,159,162,172,173,190,225,230,235,240,274,314,321,340,361,375,384,387
333:4,11,71,87,96,101,105,123,127,140,146,169,212,238,274,299,328,368,375
334:47,56,64,79,99,118,134,163,193,226,260,264,288,301,327,375,346,389
335:5,7,8,16,30,62,67,68,85,92,171,173,197,231,238,242,285,319,377,338
336:3,13,54,59,60,66,78,90,91,109,134,173,185,194,219,246,298,308,317,322,369,349,352,357
337:4,18,23,33,46,74,114,120,130,150,179,213,223,246,254,256,258,259,291,299,309,325,340,370,372,380
338:16,27,45,51,58,85,88,108,116,177,181,186,244,246,248,314,331,335,365,370,373
339:60,77,93,102,127,145,183,224,247,258,260,297,302,318,320,323,343,345,357,359,362,380,388
340:8,72,136,143,149,207,213,225,235,263,332,337,351,371
341:7,72,99,113,114,117,126,130,155,168,170,175,176,201,239,259,323,327,366,374
342:1,5,8,50,67,97,199,203,217,254,261,266,283,310,318,322,388,358
343:5,26,56,69,95,150,167,172,181,200,230,238,241,248,267,290,293,307,330,331,339,368,354,387
344:14,37,48,77,93,180,182,196,260,302,307,328,331,386,375
345:31,34,66,90,111,129,131,134,141,158,162,181,199,222,230,269,275,339,371,367,387
346:10,41,57,72,79,91,98,121,154,167,199,200,223,227,229,239,271,318,334,386,375,387
347:0,15,29,46,48,70,96,115,124,135,155,196,241,244,268,297,306,322,371,349,360,383,385,388
348:13,20,126,131,168,170,188,204,212,217,228,250,254,267,286,291,305,321,360,377,378,387
349:11,61,126,129,135,156,161,162,171,181,185,187,207,259,265,279,280,288,289,304,313,319,330,336,347,358,364
350:26,55,57,67,71,135,148,169,170,173,181,198,235,236,242,316,318,351,356
351:15,54,79,108,128,132,143,160,195,201,204,209,220,236,276,277,340,350,381,355,363,373
352:15,23,45,54,55,70,75,83,105,124,161,162,207,208,209,266,314,336,359,353,367,381
353:19,78,81,100,108,122,151,188,192,237,240,269,274,285,316,352,357,371,381,385
354:5,49,112,120,131,143,159,208,229,230,241,242,255,260,263,270,277,288,290,343,355,388
355:3,23,24,28,45,48,60,80,92,95,120,121,132,144,146,217,224,232,264,312,351,354,380,364,375,381
356:14,20,50,56,67,80,108,113,123,125,145,159,193,195,200,207,228,229,267,295,302,316,320,350,376,364
357:17,122,167,219,233,241,277,336,339,353,387,364
358:9,39,51,64,89,125,134,164,193,202,216,222,230,241,243,255,310,342,349,364,389
359:14,50,64,86,95,96,142,148,183,187,192,221,233,248,297,313,339,352,368,385
360:0,30,35,38,43,82,83,110,111,117,120,156,167,185,194,199,210,218,221,248,288,305,347,348,377,372,380,381
361:7,40,44,56,79,87,89,116,126,129,176,180,198,210,269,273,295,303,304,332,374,378
362:12,14,16,19,30,51,59,62,102,142,154,181,203,218,227,253,298,318,329,339,365
363:83,122,134,135,136,139,157,158,248,250,255,266,269,271,326,351,377,367,371,375,378
364:11,22,35,53,58,108,132,142,163,167,203,255,295,319,349,355,356,357,358,375,366,382
365:15,27,38,68,98,109,113,120,121,125,128,154,184,192,227,268,278,307,312,316,322,324,338,362,369
366:10,85,89,118,131,158,170,173,174,175,181,188,201,214,247,253,282,288,307,314,316,323,325,327,341,364,367
367:7,46,60,62,92,103,116,143,166,178,181,199,208,264,311,345,352,363,366,370
368:10,19,47,59,68,83,91,115,126,159,164,214,233,237,248,260,298,329,333,343,359,379
369:5,23,37,68,73,127,132,134,139,156,183,184,188,191,194,232,243,251,260,263,269,276,285,301,312,328,336,365,383,374
370:12,35,44,46,50,58,72,98,128,138,148,163,183,197,206,212,230,243,278,337,338,367,388,371
371:30,65,72,73,83,85,211,212,230,269,278,297,326,340,345,347,353,363,370,372,373
372:2,4,25,31,73,74,83,95,151,165,202,208,217,249,254,257,284,289,293,307,317,320,326,330,337,360,371,380,379
373:0,24,47,58,81,82,85,103,123,150,174,209,215,220,263,279,301,305,338,351,371,378,375,381,384
374:19,59,61,81,95,131,136,144,148,178,179,208,232,283,309,341,361,369,386,375
375:29,80,96,101,152,155,183,210,243,277,283,309,318,332,333,334,344,346,355,363,364,373,374,389,380
376:33,35,55,72,90,96,111,113,121,127,136,139,164,166,183,226,254,257,303,320,327,356,377
377:4,8,60,79,84,88,90,97,119,124,138,146,168,177,289,300,302,308,309,328,335,348,360,363,376,378,387
378:22,84,120,122,169,178,257,262,264,284,288,348,361,363,373,377,379,387
379:0,51,96,108,128,170,172,181,198,211,232,286,292,297,303,321,368,372,378,384,389
380:8,49,86,90,120,123,147,180,186,196,198,210,221,230,248,253,265,272,274,303,337,339,355,360,372,375,383
381:40,94,111,132,136,137,147,211,219,221,230,268,272,286,300,312,323,351,352,353,355,360,373,385
382:26,46,61,95,117,124,127,133,138,142,143,150,152,158,160,170,183,191,202,203,211,224,288,328,364,385,384
383:6,12,22,36,39,61,81,111,192,210,245,262,271,279,285,347,369,380,387,385
384:34,35,61,63,101,103,108,150,154,251,253,284,289,313,332,373,379,382,387
385:6,16,19,50,52,90,95,126,173,241,256,330,347,353,359,381,382,383,387
386:12,26,40,71,97,129,132,173,184,207,213,215,277,292,311,314,319,327,344,346,374,388
387:0,51,57,81,83,136,159,169,194,286,297,306,332,343,345,346,348,357,377,378,383,384,385,388
388:12,21,67,83,106,148,268,289,302,328,339,342,347,354,370,386,387,389
389:3,11,50,53,63,65,66,74,79,107,160,163,175,208,213,220,224,284,285,295,299,329,334,358,375,379,388
