0:12,11,13,14,16,18,24,26
1:27,3,8,10,12,19,20,21
2:9,6,12
3:1,10,4,20,23,24
4:3,5,6,10,15,16,21
5:4,23,22,24,25
6:2,4,18,16,19,21,24,25,26,28,29
7:15,10,19
8:1,25,9,12,16,17,27
9:2,8,25,13,18,19,21
10:1,3,4,7,25,14,17,20,29
11:0,20,16,24,25
12:0,1,2,8,24,14,15,17,20
13:0,9,27,15,18,19
14:0,10,12,27,18,24
15:4,7,12,13,23,17,24,25,26
16:0,4,6,8,11,19,20,25
17:8,10,12,15,29,18,28
18:0,6,9,13,14,17,19,23
19:1,6,7,9,13,16,18,27,21
20:1,3,10,11,12,16,26,22
21:1,4,6,9,19,29
22:5,20,25,24,29
23:3,5,15,18,29
24:0,3,5,6,11,12,14,15,22,28,25
25:5,6,8,9,10,11,15,16,22,24,28
26:0,6,15,20,27
27:1,8,13,14,19,26,29
28:6,17,24,25,29
29:6,10,17,21,22,23,27,28
