0:60,384,420,484
1:350,147,149,175,222,265
2:211,117,271,318,369,402,405,406,437,458,478,483
3:349,22,65,132,183,187,217,271,275,386,396
4:109,31,120,145,191,232,273,310,316,342,344,350,409,424
5:368,63,71,75,105,141,196,206,235,244,253,262,410,470,477,497
6:424,184,264,271,410,438,454,476,496
7:60,23,59,160,176,201,248,268,301
8:260,20,24,94,102,108,132,136,198,447,456
9:63,38,201,206,217,267,430,462,487
10:107,14,21,251,285,379
11:138,56,66,72,73,98,249,316,326,390,413
12:257,166,178,188,198,413
13:455,41,269,317,366,390,446,479
14:10,313,54,88,99,138,332,398,449
15:147,71,89,165,194,267,293,350,360,424,441,470,477
16:340,174,256,278,326,350,412,428
17:280,78,155,159,194,197,228,259,282,338,396,475,477
18:484,38,51,86,170,220,397,419
19:232,29,64,155,221,271,319,325,385,387,464
20:8,406,47,77,130,142,149,274,348,441,499
21:10,93,42,84,212,228,278,309,338,372,395,396,398,487
22:3,340,29,80,93,242,261,326,332,396,440
23:7,75,82,114,166,235,262,329
24:8,313,34,48,51,85,140,182,210,452,471
25:73,123,182,211,234,270,421,481
26:86,209,215,251,320,397,436,444,451,486,495
27:71,108,135,164,190,222,239,248,266,318,402,403,485
28:35,110,149,194,257
29:19,22,351,60,114,235,237,339,375,395
30:169,49,55,56,66,72,75,95,127,130,195,244,255,256,264,305,371,387,449,451
31:4,152,120,128,195,199,210,466,478,482
32:102,40,173,196,228,235,257,274,295,311,347,396,401,444,473,486,487
33:260,170,178,184,223,465,473
34:24,221,213,230,234,318,324,347,427,460,466
35:28,166,54,78,97,104,110,159,189,271,300,381
36:159,70,74,87,194,217,220,302,438,496
37:252,71,136,158,195,261,339,409
38:9,18,137,41,72,232,281,330,396
39:248,50,51,95,132,208,229,234,298,323,344,401,421
40:32,422,99,152,173,197,308,359,369,493
41:13,38,101,142,195,258,288
42:21,62,70,137,173,296,311,325,357,435
43:270,59,66,67,406
44:367,205,211,308,343,369,477
45:367,102,142,154,184,302,350,400,421
46:441,55,108,135,177,367,373,405,418
47:20,349,48,112,223,418,431,482
48:24,47,376,53,174,277,285,348
49:30,308,61,155,284,333,348,372
50:39,283,70,74,404,421,424,491,497
51:18,24,39,149,111,114,140,176,286,442
52:474,62,104,121,158,180,224,417,465,481
53:48,280,193,199,349,392,402,422,499
54:14,35,372,87,88,146,181,234,394,410,442,444,451,453,454,460
55:30,46,422,87,118,157,211,349,496
56:11,30,352,65,120,238,240,275,298,451,496
57:381,83,149,208,323,374,457
58:487,69,110,310,376,394,405,471
59:7,43,417,79,146,158,193,196,222,254,281,323,389,391,411,424,472,474
60:0,7,29,167,121,130,141,190,204,262,292,293,385,420,448
61:49,168,62,129,182,190,211,469
62:42,52,61,446,133,172,227,245,262,302,363,450,485
63:5,9,457,74,145,226,304,325,379,396,485
64:19,185,412,490
65:3,56,430,180,187,328,355,393
66:11,30,43,482,69,90,111,127,152,251,309,350,376,391
67:43,402,104,202,223,238
68:378,95,151,222,254,307,341,387,405,416,459,487
69:58,66,111,110,129,219,261,352,363,392,460,469
70:36,42,50,343,83,134,167,172,254,298,333
71:5,15,27,37,432,213,259,453,459
72:11,30,38,73,83,271,288,292,293,305,327,371,469,473
73:11,25,72,324,102,125,127,155,172,360,390,453,469
74:36,50,63,379,135,210,213,320,347
75:5,23,30,257,86,182,192
76:221,158,186,262,321,340,355,404,442,465
77:20,465,94,241,244,300,306,319,436
78:17,35,218,155,186,225,357,412,462,470,479
79:59,349,188,365
80:22,369,85,132,148,154,302,464
81:266,101,118,131,180,223,238,258,325,359,424,472
82:23,189,90,93,108,114,170,286,313,332,482
83:57,70,72,191,103,124,127,143,180,478,484
84:21,428,156,173,367,427,454,457,494
85:24,80,322,109,116,128,144,165,193,194,262,415,448,474
86:18,26,75,315,221,233,255,421
87:36,54,55,249,185,251,294,301,360,377,403,410
88:14,54,156,90,121,137,227,307,326,385,421,437,449
89:15,461,93,149,156,185,205,324,390,444
90:66,82,88,387,134,214,291,305,347,428
91:291,248,256,299,381,484
92:269,118,119,185,196,219,229,333,385,420
93:21,22,82,89,294,196,320,384,465
94:8,77,101,130,164,427,428,487
95:30,39,68,464,275,399,458
96:198,142,192,204,334,368,379,397,432,449,479
97:35,193,165,185,219,226,274,350,356,475,484
98:11,414,183,200,207,261,384,408
99:14,40,142,127,234,296,310,321
100:174,220,234,349,357,425,454,491
101:41,81,94,228,103,207,349,398,482,494
102:8,32,45,73,460,144,209,248,305,314,397
103:83,101,185,330,400,435,443,476,499
104:35,52,67,259,109,245,250,277,279,308,314,323,359,383,395,449,489
105:5,362,218,327,355,385,439,461
106:478,120,173,174,177,336,414,432,455
107:10,395,138,212,267,339
108:8,27,46,82,291,162,204,244,314,410,438,475,483,496
109:4,85,104,164,137,219,306,334,383,394,429
110:28,35,58,69,171,112,135,136,246,247,307,364,368,376,459,477,481
111:51,66,69,289,194,287,325,345,446
112:47,110,118,152,169,170,191,350,420
113:130,400,446,454
114:23,29,51,82,331,203,238,357,358,443,453,468
115:387,194,201,231,249,273,288,323,395,406,422
116:85,291,190,244,258,269,300,338,363
117:2,363,192,228,309,371,381,467
118:55,81,92,112,131,202,218,232,236,381,394,446,479,494
119:92,184,126,164,204,205,290,356,485
120:4,31,56,106,323,133,165,196,322,373,484,486
121:52,60,88,318,189,190,244,263,292,302,412,422
122:168,147,187,293,472,486
123:25,315,225,230,236,372,397,418,442
124:83,397,172,268,342,368,399,462,495
125:73,157,129,135,198,206,235,313,359,361,396,404,491
126:119,187,146,264,292,299,326,336,464
127:30,66,73,83,99,192,160,168,270,329,353,431,434,459,463,469
128:31,85,282,130,134,220,230,259
129:61,69,125,281,304,327,343,494
130:20,30,60,94,113,128,365,151,171,249,252,308,334,349,357,378,380
131:81,118,231,232,437
132:3,8,39,80,333,165,217,249,284,342,347,359,413
133:62,120,393,151,282,338,388,444
134:70,90,128,229,299,364,432
135:27,46,74,110,125,376,138,209,285,440
136:8,37,110,451,333,440,441
137:38,42,88,109,358,273,477,491
138:11,14,107,135,331,389
139:479,164,247,296,301,344,376,452,486
140:24,51,495,149,201,210,287,293,431
141:5,60,150,144,146,182,239,255,379,389,398,411,462
142:20,41,45,96,99,187,184,270,391
143:83,232,227,235,297,320,361
144:85,102,141,297,480
145:4,63,382,192,261,268,337,411,499
146:54,59,126,141,335,151,243,246,259,396,417,435,447,473
147:1,15,122,381,179,236,273,274,414,429
148:80,288,400,441,449
149:1,20,28,51,57,89,140,211,156,181,331,422
150:141,394,152,191,292,310,329,353,392
151:68,130,133,146,457,186,254,291,464
152:31,40,66,112,150,480,155,168,296,427,469,476
153:158,188,208,248,288,336,373,442,462
154:45,80,426,204,350,483
155:17,19,49,73,78,152,313,157,287,290,327,361
156:84,88,89,149,388,222,233,256,347,384
157:55,125,155,434,209,265,347,373,380,394,397,471
158:37,52,59,76,153,420,162,169,206,219,265,309,353,359,388,450
159:17,35,36,415,171,246,335,343,380,389,409
160:7,127,197,176,214,275,290,349,425,457,481,487
161:180,182,215,260,355,373
162:108,158,307,208,249,253,404,428,448,468
163:328,255,277,454,474
164:27,94,109,119,139,257,188,241,310,429
165:15,85,97,120,132,249,187,299,345,399,426
166:12,23,35,457,176,202,304,354,364
167:60,70,240,255,296,391,399,432
168:61,122,127,152,426,212,239,264,286,315,381,424,467
169:30,112,158,292,174,194,222
170:18,33,82,112,360,412
171:110,130,159,328,190,284,293,493
172:62,70,73,124,275,245,384
173:32,40,42,84,106,232,201,247,264,288,424,449
174:16,48,100,106,169,328,221,235,292,320,329,343,426,436,499
175:1,384,236,271,279,403,435,437,497
176:7,51,160,166,442,221,242,262,361,362,477
177:46,106,187,193,219,254,375,406,470
178:12,33,360,225,279,357,450,451,465
179:147,382,181,222,278,338,378,409,472,479,481,497
180:52,65,81,83,161,201,199,228,248,307,327,391,403,447,464
181:54,149,179,346,200,352,387,408,413,486,490
182:24,25,61,75,141,161,343,346,417,449,490
183:3,98,205,229,288,298,347,373,471
184:6,33,45,119,142,345,191,195,219,326,419,474
185:64,87,89,92,97,103,256,264,292,299,379
186:76,78,151,217,377
187:3,65,122,126,142,165,177,313,190,217,244,276,372
188:12,79,153,164,452,224,276,283,335,389,409
189:35,82,121,260,291,301,405
190:27,60,61,116,121,171,187,373,309,331,335,356,372,379,384,392,426,486
191:4,83,112,150,184,375,232,262,269,395
192:75,96,117,127,145,302,205,294,326,342,486
193:53,59,85,97,177,247,196,225,232,265,271,272,398,481
194:15,17,28,36,85,111,115,169,365,200,205,235,257,269,314,396,495,497
195:30,31,37,41,184,297,199,328,427
196:5,32,59,92,93,120,193,470,207,283,311,352,472
197:17,40,160,411,213,228,314,332,379,382,443
198:8,12,96,125,489,264,299,333,414
199:31,53,180,195,440,275,295,316,486,497
200:98,181,194,459,204,213,263,268,314,343,348,435,456,471
201:7,9,115,140,173,180,207,310,319,329,409,414,429,442,463,467,469
202:67,118,166,291,221,256,322,333,477,495
203:114,365,362,413,420,431,439
204:60,96,108,119,154,200,389,228,255,283,322,430,460
205:44,89,119,183,192,194,419,272,277,329,331,369,389,423
206:5,9,125,158,393,221,249,305,324,360,415,485
207:98,101,196,201,425,297,353,357,457
208:39,57,153,162,466,303,317,416,464
209:26,102,135,157,490,234,313,322,371
210:24,31,74,140,366,228,308,322,380,440
211:2,25,44,55,61,149,359,318,407
212:21,107,168,333,245,378,431,436,487,494
213:34,71,74,197,200,262,255,320,366,433
214:90,160,496,355,388
215:26,161,259,239,242,244,271,318,326,338,362,434,449,450,488
216:297,247,368,406
217:3,9,36,132,186,187,226,259,372,446,466
218:78,105,118,407,263,324,345,364,439
219:69,92,97,109,158,177,184,427,264,406,430,436,452
220:18,36,100,128,451,265,302,344,401,429,470,471
221:19,34,76,86,174,176,202,206,242,262,287,394,404,431,447
222:1,27,59,68,156,169,179,337,224,260
223:33,47,67,81,318,253,377,495
224:52,188,222,320,293,447,490
225:78,123,178,193,462,253,257,261,406,412,440,458,493
226:63,97,217,473,291,310,348
227:62,88,143,327,234,280,340,345,424
228:17,21,32,101,117,180,197,204,210,279,271,323,358,450
229:39,92,134,183,283,356,358,370,467,497
230:34,123,128,457,343,397
231:115,131,484,238,270,274,283,393
232:4,19,38,118,131,143,173,191,193,458,263,282,361,424,449
233:86,156,498,399,415
234:25,34,39,54,99,100,209,227,497,257,268,422,423,428,477
235:5,23,29,32,125,143,174,194,494,287,291,292,385,423,444
236:118,123,147,175,306,365,412,426,430
237:29,474,490,492
238:56,67,81,114,231,398,270,274,350,423,450,452
239:27,141,168,215,493,277,449
240:56,167,450,249,252,276,290,366,428
241:77,164,416,248,462
242:22,176,215,221,326,314,338,358
243:146,254,265,276,308,318,441
244:5,30,77,108,116,121,187,215,384,400,429,444,448,473,481,485
245:62,104,172,212,492,302,303,321,391,463,477
246:110,146,159,338,256,339,381
247:110,139,173,193,216,284,253,276,308,479
248:7,27,39,91,102,153,180,241,287,249,306,353,360,432
249:11,87,115,130,132,162,165,206,240,248,469,370,376,436
250:104,352,303,312,486
251:10,26,66,87,296,302,318,381,385
252:37,130,240,382,297,380,384
253:5,162,223,225,247,462,335,345,477
254:59,68,70,151,177,243,364,268,349,378,447
255:30,86,141,163,167,204,213,466,262,301,368
256:16,30,91,156,185,202,246,336,272,274,445,456
257:12,28,32,75,164,194,225,234,338,262,329,350,428,439
258:41,81,116,298,337,342,344,395
259:17,71,104,128,146,215,217,406,262,419,435,495
260:8,33,161,189,222,370,394,460
261:22,37,69,98,145,225,272,267,280,329,420,431,459,494
262:5,23,60,62,76,85,176,191,213,221,255,257,259,487,325,474
263:121,200,218,232,333,273,399,447,478
264:6,30,126,168,173,185,198,219,356,342,347,367,431
265:1,157,158,193,220,243,491,266,267,271,390,433,470
266:27,81,265,298,309,475,477,495
267:9,15,107,261,265,488,316,317,419,425,497
268:7,124,145,200,234,254,290,300,305,324,459,495
269:13,92,116,191,194,355,285,296,316,435
270:25,43,127,142,231,238,464,319,329,360,423,480
271:2,3,6,19,35,72,175,193,215,228,265,319,354,415,482,499
272:193,205,256,261,352,294,303,318,349,489
273:4,115,137,147,263,312,311,359,411
274:20,32,97,147,231,238,256,343,296,300,385,422
275:3,56,95,160,172,199,299,304,305,360,362,420,440,485,492
276:187,188,240,243,247,469,291,346
277:48,104,163,205,239,299,320,321,355,356,389,390,409,461
278:16,21,179,483,447,450,478
279:104,175,178,228,408,286,303,399,417
280:17,53,227,261,332,314,335,417,465
281:38,59,129,409,373,464,484
282:17,128,133,232,311,338,358,390,464
283:50,188,196,204,229,231,342,294,296,330,451,465
284:49,132,171,247,430,372,380,381,422
285:10,48,135,269,464,372,410,433,462
286:51,82,168,279,453,387,427,439,451
287:111,140,155,221,235,248,446,322,372,402,448,470
288:41,72,115,148,153,173,183,312,493
289:111,369,482
290:119,155,160,240,268,387,330,481,492
291:90,91,108,116,151,189,202,226,235,276,493,373,378,426
292:60,72,121,126,150,169,174,185,235,470,442,476
293:15,60,72,122,140,171,224,423,381,391,407,477
294:87,93,192,272,283,339,400,404,412
295:32,199,488,363,412,447,486
296:42,99,139,152,167,251,269,274,283,488,397,411,413,433,453
297:143,144,195,207,216,252,479,302,355,358,373,406,467,483
298:39,56,70,183,258,266,492,331,371,422,438
299:91,126,134,165,185,198,275,277,357,318,420,457
300:35,77,116,268,274,495,305,338,391,424
301:7,87,139,189,255,420,454,494
302:36,45,62,80,121,192,220,245,251,297,477,324,339,409
303:208,245,250,272,279,377,319,338,343,372,489
304:63,129,166,275,375,342,403,448,459,475
305:30,72,90,102,206,268,275,300,385,435,455
306:77,109,236,248,360,461,489
307:68,88,110,162,180,450,385,387,401,424,452
308:40,44,49,104,130,210,243,247,400,313,356,374,376,377,398,428,467,485
309:21,66,117,158,190,266,406,449
310:4,58,99,150,164,201,226,419,388,412,487,490
311:32,42,196,273,282,396,338,464,483,495
312:250,273,288,344,389,415,486
313:14,24,82,125,155,187,209,308,359,345,353,378,425,431,464,478,491
314:102,104,108,194,197,200,242,280,409,324,390,436
315:86,123,168,337,396,436,486
316:4,11,199,267,269,354,325,357,361,363,385,390
317:13,208,267,366,361,371,443,456
318:2,27,34,121,211,215,223,243,251,272,299,443,353,451,480,486
319:19,77,201,270,271,303,492,322,324,394,483
320:26,74,93,143,174,213,224,277,362,337,464
321:76,99,245,277,329,323,435,456
322:85,120,202,204,209,210,287,319,330,332,347,397,400,402,451,467,495
323:39,57,59,104,115,120,228,321,368,369,400,432,450,478
324:34,73,89,206,218,268,302,314,319,392,326,387,400,496
325:19,42,63,81,111,262,316,416,360,453
326:11,16,22,88,126,184,192,215,242,324,345,390,391,479
327:72,105,129,155,180,227,341,497
328:65,163,171,174,195,433,364,401,462
329:23,127,150,174,201,205,257,261,270,321,400,357,418,436,478,492
330:38,103,283,290,322,431,335,414
331:114,138,149,190,205,298,407,341,348,459,486
332:14,22,82,197,280,322,464,348,446,478
333:49,70,92,132,136,198,202,212,263,498,361,371,392,408,410,418,486
334:96,109,130,357,386,425,484
335:146,159,188,190,253,280,330,498,383,423,431
336:106,126,153,256,403,362,462
337:145,222,258,315,320,435,349,474
338:17,21,116,133,179,215,242,246,257,282,300,303,311,480,382,428
339:29,37,107,246,294,302,406,367,377,465
340:16,22,76,227,386,400,424,434
341:68,327,331,405,377
342:4,124,132,192,258,264,283,304,403,354,446
343:44,70,129,159,174,182,200,230,274,303,486,348,446
344:4,39,139,220,258,312,394,428,435,479
345:111,165,184,218,227,253,313,326,497,354
346:181,182,276,450
347:32,34,74,90,132,156,157,183,264,322,368,428,489
348:20,48,49,200,226,331,332,343,394,376,378,429,450,498
349:3,47,53,55,79,100,101,130,160,254,272,337,399,356,413
350:1,4,15,16,45,66,97,112,154,238,257,442,375,479
351:29,452,424,464
352:56,69,181,196,250,272,423,419
353:127,150,158,207,248,313,318,496,389,483
354:166,271,316,342,345,393,362
355:65,76,105,161,214,269,277,297,391,367,380,494
356:97,119,190,229,264,277,308,349,466,403
357:42,78,100,114,130,178,207,299,316,329,334,440,385,419,441
358:114,137,228,229,242,282,297,485,437,458,488,495
359:40,81,104,125,132,158,211,273,313,461,363,375,395,420,428,493
360:15,73,87,170,178,206,248,270,275,306,325,436,405
361:125,143,155,176,232,316,317,333,493,363,368,385
362:105,176,203,215,275,320,336,354,420,397,400,469
363:62,69,116,117,295,316,359,361,410,470
364:110,134,166,218,254,328,441,406,449
365:79,130,194,203,236,434,465,472
366:13,210,213,240,317,385,445,483
367:44,45,46,84,264,339,355,387,426,433,456,474
368:5,96,110,124,216,255,323,347,361,478,384,386,392,412
369:2,40,44,80,205,289,323,379
370:229,249,260,432,459,474
371:30,72,117,209,298,317,333,372,482
372:21,49,54,123,187,190,217,284,285,287,303,371,488,441
373:46,120,153,157,161,183,190,281,291,297,408,381
374:57,308,409,444,486
375:29,177,191,304,350,359,437,391,403,425
376:48,58,66,110,135,139,249,308,348,443,390,441
377:87,186,223,303,308,339,341,392,386,424,426,467,486
378:68,130,179,212,254,291,313,348,437,425,436,468
379:10,63,74,96,141,185,190,197,369,389,400,459,462
380:130,157,159,210,252,284,355,399
381:35,57,91,117,118,147,168,246,251,284,293,373,439
382:145,179,197,252,338,450,483,486
383:104,109,335,425,499
384:0,93,98,156,172,175,190,244,252,368,469,436
385:19,60,88,92,105,235,251,274,305,307,316,357,361,366,397
386:3,334,340,368,377,452,442
387:19,30,68,90,115,181,286,290,307,324,367,395,393,425,490,496
388:133,156,158,214,310,477,390,422,458,468
389:59,138,141,159,188,204,205,277,312,353,379,481,417
390:11,13,73,89,265,277,282,314,316,326,376,388,392,475
391:59,66,142,167,180,245,293,300,326,355,375,405,451,472
392:53,69,150,190,324,333,368,377,390,400,454
393:65,133,206,231,354,387,468,403,449,482,497
394:54,58,109,118,150,157,221,260,319,344,348,475
395:21,29,104,107,115,191,258,359,387,465,425,467
396:3,17,21,22,32,38,63,125,146,194,311,315,447,398,428,452,492
397:18,26,96,102,123,124,157,230,296,322,362,385,462,420,457,477,482
398:14,21,101,141,193,238,308,396,402,479,493
399:95,124,165,167,233,263,279,349,380,448,467
400:45,103,113,148,244,294,308,322,323,324,329,340,362,379,392,490,493
401:32,39,220,307,328,493,409,494
402:2,27,53,67,287,322,398,446,412
403:27,87,175,180,304,336,342,356,375,393,470,444
404:50,76,125,162,221,294,407
405:2,46,58,68,189,341,360,391,446,427,437,445,471
406:2,20,43,115,177,216,219,225,259,297,309,339,364,466,471,483
407:211,218,293,331,404,425,449,482
408:98,181,279,333,373,474,489
409:4,37,159,179,188,201,277,281,302,314,374,401,461,495
410:5,6,54,87,108,285,333,363,479,444,445,469,475
411:59,141,145,197,273,296,430,465
412:16,64,78,121,170,225,236,294,295,310,368,402,468,424,471,490
413:11,12,132,181,203,296,349,448,475
414:98,106,147,198,201,330,437,444,461
415:85,159,206,233,271,312,485
416:68,208,241,325,423
417:52,59,146,182,279,280,389,478
418:46,47,123,329,333,446
419:18,184,205,259,267,310,352,357,434
420:0,60,92,112,158,203,261,275,299,301,359,362,397,452,463
421:25,39,45,50,86,88,435
422:40,53,55,115,121,149,234,274,284,298,388,485,459,475,480
423:205,234,235,238,270,293,335,352,416,464
424:4,6,15,50,59,81,168,173,227,232,300,307,340,351,377,412,464
425:100,160,207,267,313,334,375,378,383,387,395,407,480
426:154,165,168,174,190,236,291,367,377,442,431,443,471
427:34,84,94,152,195,219,286,405,439,480,490
428:16,84,90,94,162,234,240,257,308,338,344,347,359,396,437,468
429:109,147,164,201,220,244,348,437,476,482
430:9,65,204,219,236,284,411,460,465,486
431:47,127,140,203,212,221,261,264,313,330,335,426,497
432:71,96,106,134,167,248,323,370,437
433:213,265,285,296,328,367,451
434:127,157,215,340,365,419,453
435:42,103,146,175,200,259,269,305,321,337,344,421,457
436:26,77,174,212,219,249,314,315,329,360,378,384,456,440
437:2,88,131,175,358,375,378,405,414,428,429,432,471,483,485
438:6,36,108,298,439,444
439:105,203,218,257,286,381,427,438,482,447,462,464,490
440:22,135,136,199,210,225,275,357,436,475,461,493
441:15,20,46,136,148,243,357,364,372,376,482
442:51,54,76,123,153,176,201,292,350,386,426,490,470
443:103,114,197,317,318,376,426,491,477,498
444:26,32,54,89,133,235,244,374,403,410,414,438,487,478
445:256,366,405,410,459,462,498
446:13,62,111,113,118,217,287,332,342,343,402,405,418,496
447:8,146,180,221,224,254,263,278,295,396,439,489
448:60,85,162,244,287,304,399,413,474
449:14,30,88,96,104,148,173,182,215,232,239,309,364,393,407,485
450:62,158,178,215,228,238,240,278,307,323,346,348,382,485
451:26,30,54,56,136,178,220,283,286,318,322,391,433,467,469,477,494
452:24,139,188,219,238,307,351,386,396,420,496
453:54,71,73,114,286,296,325,434,486,489
454:6,54,84,100,113,163,301,392,456
455:13,106,305,478
456:8,200,256,317,321,367,436,454,480
457:57,63,84,151,160,166,207,230,299,397,435,465,458
458:2,95,225,232,358,388,457,484
459:68,71,110,127,200,261,268,304,331,370,379,422,445,461
460:34,54,69,102,204,260,430,497
461:89,105,277,306,359,409,414,440,459,463,497
462:9,78,124,141,153,225,241,253,285,328,336,379,397,439,445,488,487
463:127,201,245,420,461,496
464:19,80,95,126,151,180,208,270,281,282,285,311,313,320,332,351,423,424,439,499,495
465:33,52,76,77,93,178,280,283,339,365,395,411,430,457,468
466:31,34,208,217,255,356,406,488
467:117,168,201,229,297,308,322,377,395,399,451,498
468:114,162,378,388,393,412,428,465,484,473,475
469:61,69,72,73,127,152,201,249,276,362,384,410,451,484
470:5,15,78,177,196,220,265,287,292,363,403,442,477
471:24,58,157,183,200,220,405,406,412,426,437,495,487
472:59,81,122,179,196,365,391,486
473:32,33,72,146,226,244,468,475
474:52,59,85,163,184,237,262,337,367,370,408,448,480,490,498
475:17,97,108,266,304,390,394,410,413,422,440,468,473,495,476
476:6,103,152,292,429,475,477,480
477:5,15,17,44,110,137,176,202,234,245,253,266,293,302,388,397,443,451,470,476,478,484
478:2,31,83,106,263,278,313,323,329,332,368,417,444,455,477,493,486
479:13,78,96,118,139,179,247,297,326,344,350,398,410,499
480:144,152,270,318,338,422,425,427,456,474,476,491
481:25,52,110,160,179,193,244,290,389,483
482:31,47,66,82,101,271,289,371,393,397,407,429,439,441,485,483
483:2,108,154,278,297,311,319,353,366,382,406,437,481,482,486
484:0,18,83,91,97,120,231,281,334,458,468,469,477,498
485:27,62,63,119,206,244,275,308,358,415,422,437,449,450,482,496
486:26,32,120,122,139,181,190,192,199,250,295,312,315,318,331,333,343,374,377,382,430,453,472,478,483,491,488,495
487:9,21,32,58,68,94,160,212,262,310,444,462,471,488
488:215,267,295,296,358,372,462,466,486,487,494,493
489:104,198,272,303,306,347,408,447,453,499
490:64,181,182,209,224,237,310,387,400,412,427,439,442,474,498,494
491:50,100,125,137,265,313,443,480,486,495
492:237,245,275,290,298,319,329,396,496
493:40,171,225,239,288,291,359,361,398,400,401,440,478,488,498
494:84,101,118,129,212,235,261,301,355,401,451,488,490,496
495:26,124,140,194,202,223,259,266,268,300,311,322,358,409,464,471,475,486,491,497
496:6,36,55,56,108,214,324,353,387,446,452,463,485,492,494,497
497:5,50,175,179,194,199,229,234,267,327,345,393,431,460,461,495,496,498
498:233,333,335,348,443,445,467,474,484,490,493,497,499
499:20,53,103,145,174,271,383,464,479,489,498
