0:137,86,94,130,151,173
1:101,9,100,188,202
2:25,5,101,108,205
3:70,54,99,111,117,155,180,193,205
4:104,109,115,127,132,189
5:2,48,81,113,125,155
6:61,51,80,129,130
7:208,23,56,144,166
8:131,45,69,142,180,193
9:1,136,55,73,111,140,146,186,203
10:189,25,30,41,76,93,111,112,208
11:125,28,40,102,144
12:50,172,186
13:74,39,59,76,192
14:190,35,61,133,154,175
15:187,52,74,128,172,188
16:193,163,165
17:107,22,141,197
18:99,114,118,138,150,158,196,198
19:199,118,123,165,202
20:186,23,46,47,66,72,99,137,153
21:173,23,25,164,206
22:17,131,78,83,122,169
23:7,20,21,60,50,148,153
24:107,33,39,68,81,177
25:2,10,21,65,49,96,132,183,184,185,187
26:93,66,145
27:39,43,86,148,192
28:11,78,57,77,156
29:84,104,123,133
30:10,171,52,70,182,209
31:122,37,95,106,208
32:106,36,77,128,179,199
33:24,175,205
34:170,117,157,206
35:14,55,118,120
36:32,166,38,116
37:31,106,151
38:36,105,47,115,191,209
39:13,24,27,58,40,57,80,84,153,175
40:11,39,144,185,187
41:10,42,55,79
42:41,194,83,107,139,206
43:27,94,70,121,126,142,161,193
44:50,46,56,98,125,130,140,184,188
45:8,93,167,187,191
46:20,44,91,87,99,187
47:20,38,179,65,77,125,149
48:5,98,86
49:25,206,97,151,191,208
50:12,23,44,130,74,118,132,148,153,164,179
51:6,124,61,63,84,98,112,144
52:15,30,92,53,118,132,168
53:52,124,65,88,161,162,183
54:3,112,67,127,185
55:9,35,41,131,81,112,160
56:7,44,130,89,123,147,181,204
57:28,39,208,58,77,107
58:39,57,72,71,130
59:13,107,80,115,117,160,191
60:23,66,97,188
61:6,14,51,169,124,163,164
62:150,87
63:51,169
64:154,98,117,159,172
65:25,47,53,88,81,148,207
66:20,26,60,77,92,117,155,201
67:54,129,90,114,185
68:24,202,73,75,115,178,192,204
69:8,197,99,147
70:3,30,43,207,82,103,132
71:58,84,143,156,178,189
72:20,58,186,82,108,160,184
73:9,68,205,181,183
74:13,15,50,175,138,166
75:68,194,108,146,192,195
76:10,13,144,134,148,162,178
77:28,32,47,57,66,140,141,156
78:22,28,89,86
79:41,165,80,146,152,182
80:6,39,59,79,117,94,126,129,153
81:5,24,55,65,201,82,118,119,142,177,191
82:70,72,81,193,137,209
83:22,42,202,204
84:29,39,51,71,143,121,125,146,167,178,197
85:93,148,191
86:0,27,48,78,178,125,138,153,154,163
87:46,62,192,122,128,141,162,209
88:53,65,99,163,198
89:56,78,194,93,124,169,187,207
90:67,110,156
91:46,128,119,124,125,148,165,168,185,198
92:52,66,206,94,111,139,145,193
93:10,26,45,85,89,112,115,165
94:0,43,80,92,118
95:31,132,99,111,172,194
96:25,147,132,146,181
97:49,60,166,159,209
98:44,48,51,64,186,107,149,181,203
99:3,18,20,46,69,88,95,183,101,141,143
100:1,203,101,126,160
101:1,2,99,100,118,104
102:11,162,145,168
103:70,142,138,149,161
104:4,29,101,197,114,170,187,198
105:38,182,121,184
106:31,32,37,147,173
107:17,24,42,57,59,98,189,143,185
108:2,72,75,137,156
109:4,155,207
110:90,208,123,135
111:3,9,10,92,95,134,146,150,176,200
112:10,51,54,55,93,209,172
113:5,157,181,208
114:18,67,104,124,129,175
115:4,38,59,68,93,159,120,137
116:36,151
117:3,34,59,64,66,80,121,171,182
118:18,19,35,50,52,81,94,101,180,126,145
119:81,91,165,138
120:35,115,173,122,133,136,143
121:43,84,105,117,138,128,155
122:22,31,87,120,129
123:19,29,56,110,164,151,205
124:51,53,61,89,91,114,203,205
125:5,11,44,47,84,86,91,156,129,154
126:43,80,100,118,167,160,161,163,165,174
127:4,54,172,137,171,202
128:15,32,87,91,121,163,138,152,158,174
129:6,67,80,114,122,125,199,202
130:0,6,44,50,56,58,191,137,181,208
131:8,22,55,205,155,176
132:4,25,50,52,70,95,96,135,182,191,200
133:14,29,120,183,163,168
134:76,111,188,135,146
135:110,132,134,155,138,162,184
136:9,120,171,166,174
137:0,20,82,108,115,127,130,174,149
138:18,74,86,103,119,121,128,135,166
139:42,92,160
140:9,44,77,193,143,149,152,154,188,196
141:17,77,87,99,165,150,183,205
142:8,43,81,103,193,153
143:71,84,99,107,120,140,178
144:7,11,40,51,76,159,157
145:26,92,102,118,146,171,186
146:9,75,79,84,96,111,134,145,182,165,196
147:56,69,96,106,207,187,188
148:23,27,50,65,76,85,91,192
149:47,98,103,137,140,204,196,198
150:18,62,111,141,188,181,183
151:0,37,49,116,123,204,176
152:79,128,140,185
153:20,23,39,50,80,86,142,206
154:14,64,86,125,140,184,187,200
155:3,5,66,109,121,131,135,191,180,188,198
156:28,71,77,90,108,125,172,189
157:34,113,144,187
158:18,128,184,161,169
159:64,97,115,144,188,202,208
160:55,59,72,100,126,139,170,189
161:43,53,103,126,158,162
162:53,76,87,102,135,161,166,176,193
163:16,61,86,88,126,128,133,206,183,207
164:21,50,61,123,167
165:16,19,79,91,93,119,126,141,146,193
166:7,36,74,97,136,138,162,194
167:45,84,126,164,192,176,207
168:52,91,102,133,180,209
169:22,61,63,89,158,200,196
170:34,104,160,190
171:30,117,127,136,145,192,180
172:12,15,64,95,112,127,156,193,176,181
173:0,21,106,120,201,203
174:126,128,136,137,205
175:14,33,39,74,114,176,185,208
176:111,131,151,162,167,172,175,186,197
177:24,81,197
178:68,71,76,84,86,143,182,191
179:32,47,50,187
180:3,8,118,155,168,171,191
181:56,73,96,98,113,130,150,172,197
182:30,79,105,117,132,146,178,187
183:25,53,73,99,133,141,150,163,187
184:25,44,72,105,135,154,158,185
185:25,40,54,67,91,107,152,175,184,192
186:9,12,20,72,98,145,176,199
187:15,25,40,45,46,89,104,147,154,157,179,182,183,200
188:1,15,44,60,134,140,147,150,155,159,198,191
189:4,10,71,107,156,160,194
190:14,170,203
191:38,45,49,59,81,85,130,132,155,178,180,188,205
192:13,27,68,75,87,148,167,171,185,193
193:3,8,16,43,82,92,140,142,162,165,172,192,197,207
194:42,75,89,95,166,189,205,198
195:75,198
196:18,140,146,149,169,208
197:17,69,84,104,176,177,181,193,208
198:18,88,91,104,149,155,188,194,195,203
199:19,32,129,186,204,202
200:111,132,154,169,187,201
201:66,81,173,200,209
202:1,19,68,83,127,129,159,199,204
203:9,98,100,124,173,190,198,206
204:56,68,83,149,151,199,202,206,209
205:2,3,33,73,123,124,131,141,174,191,194,208
206:21,34,42,49,92,153,163,203,204,207
207:65,70,89,109,147,163,167,193,206,209
208:7,10,31,49,57,110,113,130,159,175,196,197,205,209
209:30,38,82,87,97,112,168,201,204,207,208
