0:31,3,5,21,25,33,42,50,55,101,107,121,141,151,164,178,181,227
1:89,5,15,19,21,23,51,56,66,71,94,102,116,162,179,189,193,201,208,222
2:126,9,90,97,137,152,154,156,163,166,175,176,178,181,193,196,219,225
3:0,40,26,44,63,66,70,82,94,97,100,104,121,122,127,173,231
4:154,17,30,37,59,63,99,106,107,118,155,158,174,176,180,190,207,213
5:0,1,158,7,26,40,44,45,52,86,105,112,115,123,165,167,175,179,208,216,238
6:194,26,29,35,46,52,57,92,109,111,155,183,191,198,206,215,218,227
7:5,181,12,21,22,83,91,96,119,122,132,157,193,197,205,207,225,230
8:60,9,18,40,66,73,76,77,83,95,99,112,119,142,150,167,169,174,178,182,184,186,194,200,202,210,211,218,220,227,232
9:2,8,220,13,18,28,53,55,57,79,81,87,104,109,131,142,157,158,162,163,168,173,176,180,192,195,199,203,206
10:93,11,31,37,39,40,50,59,76,89,104,111,114,136,238
11:10,122,15,30,43,57,59,62,97,101,125,131,132,133,173,185,189,208,212,218
12:7,102,21,73,109,138,155,222
13:9,161,18,33,36,50,51,59,69,71,73,75,91,98,103,107,109,111,160,222,226,232
14:118,45,47,77,108,117,136,148,149,160,184,197,205,224,225,234
15:1,11,180,18,21,23,24,40,45,68,136,142,166,183,184,190,193,196,206
16:222,32,38,40,42,43,55,63,66,88,93,99,101,146,147,159,163,187,191,238,239
17:4,180,51,63,76,92,99,101,117,125,127,129,153,190,198,231
18:8,9,13,15,67,21,33,44,78,93,107,126,129,138,139,151,154,162,179,184,218,234
19:1,69,23,24,33,43,48,55,86,103,109,152,170,173,185,199,212,218
20:167,32,53,55,61,65,71,79,81,104,113,116,123,144,148,150,162,181,184,185,190,200,218,230,239
21:0,1,7,12,15,18,39,22,35,50,76,79,80,83,99,112,120,126,141,154,157,169,170,214,217,220,221,226
22:7,21,217,25,81,102,109,114,118,136,137,139,143,153,156,162,169,181,183,205,206,210,236
23:1,15,19,108,28,39,55,59,86,88,101,129,130,161,167,173,203,236
24:15,19,231,26,58,63,65,73,119,135,150,165,197,199,201,204,218
25:0,22,93,49,55,57,59,66,96,124,156,165,168,169,186,188,193,199,223,229,230
26:3,5,6,24,148,31,47,50,120,132,137,162,181,187,194,203,223,226
27:185,37,39,40,43,45,75,83,91,124,186,197,223,235,236,239
28:9,23,34,31,41,53,71,88,89,95,103,104,134,168,171,182,233
29:6,48,45,70,75,87,116,125,132,136,137,165,166,173,190,218,222,231,236
30:4,11,222,38,62,65,93,96,99,106,117,119,161,165,173,175,194,196,198,230
31:0,10,26,28,40,43,79,103,129,130,133,156,161,173,186,190,213,218,226
32:16,20,107,65,77,96,98,137,145,153,156,158,204,209,217,223
33:0,13,18,19,135,42,56,59,70,95,96,120,141,154,176,185,213,224
34:28,188,36,44,45,50,52,62,111,131,139,144,172,184,196,197,201,214,227
35:6,21,214,63,97,98,103,107,124,126,152,183,186,195,204,206,209,226,227
36:13,34,46,40,53,74,99,108,131,140,142,151,165,170,189,232
37:4,10,27,168,52,54,102,106,110,116,120,161,172,190,223,230,233,234
38:16,30,104,41,51,59,95,103,118,120,132,138,154,163,184,200,221,222
39:10,21,23,27,151,51,69,85,102,117,132,136,145,148,156,189,200,210
40:3,5,8,10,15,16,27,31,36,133,78,79,82,85,115,144,157,169,187,229,232,239
41:28,38,60,63,81,105,108,113,116,123,124,140,141,145,170,175,190,200,203,239
42:0,16,33,138,85,87,108,125,159,162,163,175,201,216,230
43:11,16,19,27,31,144,54,62,139,141,157,158,167,182,187,198,221,226
44:3,5,18,34,45,48,50,101,104,105,107,110,116,123,133,157,179,180,196,219,223,236,237
45:5,14,15,27,29,34,44,153,54,68,72,75,80,82,107,108,109,111,114,117,122,138,191,210,214
46:6,36,152,53,62,65,93,96,122,130,144,167,176,188,189,204,215,216,225,234
47:14,26,48,72,76,80,100,102,104,117,144,161,169,192,208,235,236
48:19,29,44,47,180,101,143,150,181,187,190,194,195,218,237
49:25,116,51,55,58,65,76,79,83,90,96,105,108,109,120,128,134,148,156,176,179,190,199,206,220,229
50:0,10,13,21,26,34,44,53,73,75,78,82,99,105,133,156,157,186,208,224,230
51:1,13,17,38,39,49,201,72,76,78,82,113,116,119,139,159,171,180,182,186,191,192,196,197,211,223,235,238
52:5,6,34,37,192,80,114,145,151,190,191,202,206,220,231
53:9,20,28,36,46,50,183,66,92,109,112,134,143,155,206,208,220,222,234,239
54:37,43,45,98,55,72,108,123,133,134,153,165,181,183,185,188,197,203,216,230
55:0,9,16,19,20,23,25,49,54,85,63,71,81,87,121,150,151,168,169,173,184,195,231
56:1,33,156,57,93,96,116,137,186,232,233,238
57:6,9,11,25,56,62,65,67,97,132,138,140,142,151,158,210,221,226,234
58:24,49,115,108,112,120,125,128,134,141,162,168,189
59:4,10,11,13,23,25,33,38,142,67,89,97,103,106,113,126,128,144,151,158,168,176,188,193,201,206,218,219,220,221,237,239
60:8,41,187,63,85,113,120,122,131,150,154,162,171,176,184,193
61:20,143,69,81,92,126,131,133,137,152,182,185,192,221
62:11,30,34,43,46,57,120,70,73,104,107,124,138,175,179,184,190,194,201,227
63:3,4,16,17,24,35,41,55,60,110,71,79,113,122,130,138,162,169,181,191,234,239
64:93,68,84,95,104,129,137,139,163,171,181,183,193,196,201,235
65:20,24,30,32,46,49,57,126,66,101,113,119,136,151,161,169,180,199,206,233
66:1,3,8,16,25,53,65,121,110,120,122,164,168,171,187,189,196,222
67:18,57,59,140,83,87,90,119,123,129,135,155,159,188,206,237
68:15,45,64,102,77,96,105,112,119,124,149,184,223,233,234
69:13,19,39,61,139,77,85,89,97,98,126,127,134,168,173,191,195,238
70:3,29,33,62,188,78,114,123,129,136,148,186,195,196,197,234
71:1,13,20,28,55,63,229,72,74,89,95,101,111,129,132,142,161,167,169,178,207,212
72:45,47,51,54,71,172,98,99,118,135,136,146,157,168,169,181,194,223
73:8,12,13,24,50,62,184,160,207,211,230,232,235
74:36,71,92,81,90,105,119,120,121,125,126,128,141,144,156,200,207,227,235,238
75:13,27,29,45,50,77,95,109,113,120,121,123,169,187,191,207,210,213
76:8,10,17,21,47,49,51,157,83,96,110,124,134,135,167,172,178,194,202,206,220,223
77:8,14,32,68,69,75,151,85,96,97,109,118,125,182,184,211,214,217
78:18,40,50,51,70,182,89,104,109,124,140,170,171,177,181,207,225
79:9,20,21,31,40,49,63,179,103,114,129,139,169,192,205,211,224,232
80:21,45,47,52,231,107,113,122,123,126,157,177,181,189,221
81:9,20,22,41,55,61,74,116,88,98,107,120,124,139,146,181,215
82:3,40,45,50,51,123,91,92,98,100,107,117,120,130,161,167,173,184,196,211,217
83:7,8,21,27,49,67,76,198,100,132,133,143,165,172,182,197,210,216,225,226,227,238
84:64,98,111,117,118,123,129,146,183,218
85:39,40,42,55,60,69,77,89,134,137,142,154,155,175,209,218,220,232
86:5,19,23,197,112,134,142,143,149,167,175,193,204
87:9,29,42,55,67,102,99,111,116,150,193,203,204,216,228
88:16,23,28,81,139,111,115,127,129,133,144,163,178,179,199,215,233,235
89:1,10,28,59,69,71,78,85,179,150,164,198,204,205,229
90:2,49,67,74,154,115,133,134,144,157,168,179,197,221,227
91:7,13,27,82,96,103,108,110,150,151,176,187,196,226,228,230,236
92:6,17,53,61,74,82,217,102,109,122,128,136,140,159,188,195,228,239
93:10,16,18,25,30,46,56,64,150,99,121,145,149,192,237
94:1,3,213,96,118,163,171,190,199,200,216,220
95:8,28,33,38,64,71,75,144,102,116,129,137,141,159,162,167,191,201,238
96:7,25,30,32,33,46,49,56,68,76,77,91,94,154,100,117,131,143,157,174,175,188,194,204,217,220,229,239
97:2,3,11,35,57,59,69,77,107,116,135,138,145,164,190,193,195,216,219,221,222
98:13,32,35,54,69,72,81,82,84,218,99,101,159,161,213
99:4,8,16,17,21,30,36,50,72,87,93,98,204,122,125,131,145,187,189,196,220,227
100:3,47,82,83,96,219,112,114,129,171,194,214
101:0,11,16,17,23,44,48,65,71,98,171,113,116,126,129,130,167,175,177,180,181,185,196,197,203,204,207,212,214,218,227
102:1,12,22,37,39,47,68,87,92,95,161,104,134,146,154,164,165,178,206,209,231,237,239
103:13,19,28,31,35,38,59,79,91,133,120,129,139,142,152,190,195,212,216,229,237
104:3,9,10,20,28,38,44,47,62,64,78,102,156,107,109,137,172,197,201
105:5,41,44,49,50,68,74,218,113,114,138,157,171,173,174,191,192,197,205,225,231,235,237,238
106:4,30,37,59,180,163,179,191,209,210,211,218
107:0,4,13,18,32,35,44,45,62,80,81,82,97,104,218,114,124,125,133,143,149,154,188,189,207,211,234
108:14,23,36,41,42,45,49,54,58,91,176,118,137,157,160,164,175,216,221,230,233,238
109:6,9,12,13,19,22,45,49,53,75,77,78,92,104,140,114,121,164,202,220,222,227,230,234
110:37,44,63,66,76,91,127,117,135,146,182,183,193,203,204,211
111:6,10,13,34,45,71,84,87,88,178,133,155,175,189,198,215,221,223,238
112:5,8,21,53,58,68,86,100,200,118,125,129,132,134,144,146,163,174,191,205,219,222,226,231,232,236
113:20,41,51,59,60,63,65,75,80,101,105,232,117,119,147,158,163,236,239
114:10,22,45,52,70,79,100,105,107,109,157,122,147,150,152,161,162,163,167,177,189,205
115:5,40,58,88,90,155,136,140,144,153,159,161,181,190,193,204,212,232
116:1,20,29,37,41,44,49,51,56,81,87,95,97,101,167,118,127,151,173,188,210
117:14,17,30,39,45,47,82,84,96,110,113,237,119,150,153,154,158,161,163,190,192,198
118:4,14,22,38,72,77,84,94,108,112,116,122,131,136,145,158,193,204,213,234,239
119:7,8,24,30,51,65,67,68,74,113,117,190,130,135,136,142,145,154,161,169,170,205,219,228
120:21,26,33,37,38,49,58,60,62,66,74,75,81,82,103,167,128,150,176,181,187,193,203,204,225
121:0,3,55,66,74,75,93,109,154,129,133,153,156,157,166,168,176,177,196,198,203,218,233,234,235
122:3,7,11,45,46,60,63,66,80,92,99,114,118,152,133,142,147,151,174,180,182,195,197,208,210,214,223,235
123:5,20,41,44,54,67,70,75,80,82,84,222,150,163,191,197,206,211,214,215
124:25,27,35,41,62,68,76,78,81,107,139,132,141,171,186,200,212,216,231,232
125:11,17,29,42,58,74,77,99,107,112,211,134,148,150,178,210,215,222,229
126:2,18,21,35,59,61,65,69,74,80,101,139,135,144,184,191,194,214,229,230
127:3,17,69,88,110,116,209,132,138,151,152,154,182,197
128:49,58,59,74,92,120,149,130,159,163,174,182,191,203,221,229,239
129:17,18,23,31,64,67,70,71,79,84,88,95,100,101,103,112,121,185,131,135,142,182,193,205,209,223,228
130:23,31,46,63,82,101,119,128,177,138,167,173,181,191,226
131:9,11,34,36,60,61,96,99,118,129,236,135,140,154,160,162,163,166,178,179,201,220,239
132:7,11,26,29,38,39,57,71,83,112,124,127,209,137,146,147,161,172,179,183,199,226
133:11,31,40,44,50,54,61,83,88,90,103,107,111,121,122,212,143,147,152,158,159,169,229
134:28,49,53,54,58,69,76,85,86,90,102,112,125,185,138,164,167
135:24,33,67,72,76,97,110,119,126,129,131,222,148,149,152,154,187,197,209,216
136:10,14,15,22,29,39,65,70,72,92,115,118,119,202,145,149,164,171,175,178,180,198,205,207,208
137:2,22,26,29,32,56,61,64,85,95,104,108,132,177,152,166,199,211,220,223,231
138:12,18,38,42,45,57,62,63,97,105,127,130,134,178,139,154,157,161,165,170,176,179,183,208,235
139:18,22,34,43,51,64,69,79,81,88,103,124,126,138,233,174,186,190,199,200,213,222,234,235
140:36,41,57,67,78,92,109,115,131,216,143,181,196,204,206,210,230,232,238
141:0,21,33,41,43,58,74,95,124,212,151,153,158,172,210,224,228,236
142:8,9,15,36,57,59,71,85,86,103,119,122,129,158,164,171,187,190,192,204,228,229
143:22,48,53,61,83,86,96,107,133,140,149,165,213,216,221,233
144:20,34,40,43,46,47,59,74,88,90,95,112,115,126,206,156,161,197,199,200,214,218,221,224,233,239
145:32,39,41,52,93,97,99,118,119,136,157,146,147,160,191,211,214
146:16,72,81,84,102,110,112,132,145,207,185,187,193,224,232,233
147:16,113,114,122,132,133,145,231,173,186
148:14,20,26,39,49,70,125,135,212,155,156,163,170,182,193,195,197,205,217,224
149:14,68,86,93,107,128,135,136,143,226,150,152,178,187
150:8,20,24,48,55,60,87,89,91,93,114,117,120,123,125,149,205,161,232
151:0,18,36,39,52,55,57,59,65,77,91,116,122,127,141,200,159,179,187,190,214,223
152:2,19,35,46,61,103,114,122,127,133,135,137,149,219,172,178,210,214,216,235,239
153:17,22,32,45,54,115,117,121,141,209,157,161,162,179,181,222,228
154:2,4,18,21,33,38,60,85,90,96,102,107,117,119,121,127,131,135,138,180,168,169,174,227
155:4,6,12,53,67,85,111,115,148,168,156,164,173,174,182,189,199,200,211
156:2,22,25,31,32,39,49,50,56,74,104,121,144,148,155,210,161,166,184,190,211,215,232
157:7,9,21,40,43,44,50,72,76,80,90,96,105,108,114,121,138,145,153,205,158,167,168,174,177,208,227,233
158:4,5,9,32,43,57,59,113,117,118,133,141,142,157,206,169,175,185,188,198,200,203,205,210,220,232,236
159:16,42,51,67,92,95,98,115,128,133,151,225,174,198,200,203,218,221,228,231
160:13,14,73,108,131,145,186,166,174,195,217,238
161:13,23,30,31,37,47,65,71,82,98,102,114,115,117,119,132,138,144,150,153,156,166,163,192,224,226
162:1,9,18,20,22,26,42,58,60,63,95,114,131,153,235,202,204,214,222,232
163:2,9,16,38,42,64,88,94,106,112,113,114,117,123,128,131,148,161,224,170,180,184,214,231
164:0,66,89,97,102,108,109,134,136,142,155,235,170,172,173,187,189,191,197,207,208
165:5,24,25,29,30,36,54,83,102,138,143,188,172,180,196
166:2,15,29,121,131,137,156,160,161,217,174,194,204,220,227,233
167:5,8,20,23,43,46,71,76,82,86,95,101,114,116,120,130,134,157,178,173,179,183,192,205,214,218,221,225,238
168:9,25,28,37,55,58,59,66,69,72,90,121,154,155,157,173,176,188,192,193,207,213,232
169:8,21,22,25,40,47,55,63,65,71,72,75,79,119,133,154,158,184,171,193,194,201,202,214,220,238
170:19,21,36,41,78,119,138,148,163,164,178,181,192,200,209,216,231,232
171:28,51,60,64,66,78,94,100,101,105,124,136,142,169,231,184,187,209
172:34,37,72,76,83,104,132,141,152,164,165,179,183,184,203,209,212,217,219,236
173:3,9,11,19,23,29,30,31,55,69,82,105,116,130,147,155,164,167,168,187,196,206,218,237
174:4,8,96,105,112,122,128,139,154,155,157,159,160,166,227,176,191,209,223
175:2,5,30,41,42,62,85,86,96,101,108,111,136,158,223,198,219,237
176:2,4,9,33,46,49,59,60,91,108,120,121,138,168,174,212,179,190,194,203,216,223,224,232
177:78,80,101,114,121,130,137,157,229,184,217,219,234
178:0,2,8,71,76,88,102,111,125,131,136,138,149,152,167,170,220,182,229
179:1,5,18,44,49,62,79,88,89,90,106,131,132,138,151,153,167,172,176,236,187,202,209
180:4,9,15,17,44,48,51,65,101,106,122,136,154,163,165,204,192,196,215,222,231,232
181:0,2,7,20,22,26,48,54,63,64,72,78,80,81,101,115,120,130,140,153,170,232,189,231
182:8,28,43,51,61,77,78,83,110,122,127,128,129,148,155,178,198,204,206
183:6,15,22,35,53,54,64,84,110,132,138,167,172,207,214,223
184:8,14,15,18,20,34,38,55,60,62,68,73,77,82,126,156,163,169,171,172,177,229,207,208,213,233
185:11,19,20,27,33,54,61,101,129,134,146,158,221,237
186:8,25,27,31,35,50,51,56,70,124,139,147,160,212,219
187:16,26,40,43,48,60,66,75,91,99,120,135,142,146,149,151,164,171,173,179,190,198,207,209,223,224
188:25,34,46,54,59,67,70,92,96,107,116,158,165,168,226,190,213,224,239
189:1,11,36,39,46,58,66,80,99,107,111,114,155,164,181,230,197,221,228
190:4,15,17,20,29,31,37,41,48,49,52,62,94,97,103,115,117,119,139,142,151,156,176,187,188,231
191:6,16,45,51,52,63,69,75,95,105,106,112,123,126,128,130,145,164,174,221,200,208,233
192:9,47,51,52,61,79,93,105,117,142,161,167,168,170,180,239,195,199,206,223,232
193:1,2,7,15,25,59,60,64,86,87,97,110,115,118,120,129,146,148,168,169,216,200,225,239
194:6,8,26,30,48,62,72,76,96,100,126,166,169,176,220,196,198,211,226
195:9,35,48,55,69,70,92,97,103,122,148,160,192,216,198,208,212,229,236
196:2,15,30,34,44,51,64,66,70,82,91,99,101,121,140,165,173,180,194,212,197,216,238
197:7,14,24,27,34,51,54,70,83,86,90,101,104,105,122,123,127,135,144,148,164,189,196,227,200,223,225,226,238
198:6,17,30,43,83,89,111,117,121,136,158,159,175,182,187,194,195,221,220,228,237
199:9,19,24,25,49,65,88,94,132,137,139,144,155,192,206,212
200:8,20,38,39,41,74,94,112,124,139,144,151,155,158,159,170,191,193,197,236,214,218,225,231,233
201:1,24,34,42,51,59,62,64,95,104,131,169,232,224,235
202:8,52,76,109,136,162,169,179,228,207
203:9,23,26,41,54,87,101,110,120,121,128,158,159,172,176,239
204:24,32,35,46,86,87,89,96,99,101,110,115,118,120,140,142,162,166,180,182,227,224
205:7,14,22,79,89,105,112,114,119,129,136,148,150,157,158,167,216,221
206:6,9,15,22,35,49,52,53,59,65,67,76,102,123,140,144,158,173,182,192,199,211,236
207:4,7,71,73,74,75,78,101,107,136,146,164,168,183,184,187,202,235,208,222,225,229
208:1,5,11,47,50,53,122,136,138,157,164,184,191,195,207,234,228
209:32,35,85,102,106,127,129,132,135,153,170,171,172,174,179,187,229,232,233
210:8,22,39,45,57,75,83,106,116,122,125,140,141,152,156,158,211,232
211:8,51,73,77,79,82,106,107,110,123,125,137,145,155,156,194,206,210,228,233,235
212:11,19,71,101,103,115,124,133,141,148,172,176,186,195,196,199,232,223,228
213:4,31,33,75,94,98,118,139,143,168,184,188,227,220,228,239
214:21,34,35,45,77,100,101,122,123,126,144,145,151,152,162,163,167,169,183,200,232,215,217,239
215:6,46,81,88,111,123,125,156,180,214,236,216,220,230
216:5,42,46,54,83,87,94,97,103,108,124,135,140,143,152,170,176,193,195,196,205,215,236,237,238
217:21,22,32,77,82,92,96,148,160,166,172,177,214,230,227,239
218:6,8,11,18,19,20,24,29,31,48,59,84,85,98,101,105,106,107,121,144,159,167,173,200,228,224,237
219:2,44,59,97,100,112,119,152,172,175,177,186,238,227
220:8,9,21,49,52,53,59,76,85,94,96,99,109,131,137,158,166,169,178,194,198,213,215,234,222
221:21,38,43,57,59,61,80,90,97,108,111,128,143,144,159,167,185,189,191,198,205,235
222:1,12,13,16,29,30,38,53,66,97,109,112,123,125,135,139,153,162,180,207,220,235
223:25,26,27,32,37,44,51,68,72,76,111,122,129,137,151,174,175,176,183,187,192,197,212,236,227,233
224:14,33,50,79,141,144,146,148,161,163,176,187,188,201,204,218,231,236,237
225:2,7,14,46,78,83,105,120,159,167,193,197,200,207,233
226:13,21,26,31,35,43,57,83,91,112,130,132,149,161,188,194,197,239
227:0,6,8,34,35,62,74,83,90,99,101,109,154,157,166,174,197,204,213,217,219,223,228
228:87,91,92,119,129,141,142,153,159,189,198,202,208,211,212,213,218,227,233
229:25,40,49,71,89,96,103,125,126,128,133,142,177,178,184,195,207,209,237,236,238
230:7,20,25,30,37,42,50,54,73,91,108,109,126,140,189,215,217,239
231:3,17,24,29,52,55,80,102,105,112,124,137,147,159,163,170,171,180,181,190,200,224,232
232:8,13,36,40,56,73,79,85,112,113,115,124,140,146,150,156,158,162,168,170,176,180,181,192,201,209,210,212,214,231,236,233
233:28,37,56,65,68,88,108,121,139,143,144,146,157,166,184,191,200,209,211,223,225,228,232,237
234:14,18,37,46,53,57,63,68,70,107,109,118,121,139,177,208,220,239
235:27,47,51,64,73,74,88,105,121,122,138,139,152,162,164,201,207,211,221,222,239
236:22,23,27,29,44,47,91,112,113,131,141,158,172,179,195,200,206,215,216,223,224,229,232,238
237:44,48,59,67,93,102,103,105,117,173,175,185,198,216,218,224,229,233,239
238:5,10,16,51,56,69,74,83,95,105,108,111,140,160,167,169,196,197,216,219,229,236,239
239:16,20,27,40,41,53,59,63,92,96,102,113,118,128,131,144,152,188,192,193,203,213,214,217,226,230,234,235,237,238
