0:64,1,13,14,16,18,19,22,23,27,30,32,33,48,49,57,59,68,72,74,77,81,83,86,87
1:0,64,3,6,13,15,21,22,25,26,37,42,46,47,51,53,55,57,60,66,70,72,76,77,79,80,82,86,88,89
2:66,6,7,8,12,14,15,20,26,29,34,40,41,45,46,50,54,58,67,69,71,74,76,77,84,85,87
3:1,79,8,12,14,16,17,21,27,30,34,37,39,40,41,43,51,52,58,61,63,64,66,71,75,76,80,81,83,85
4:69,5,12,14,15,16,20,21,22,24,28,30,31,34,35,36,39,44,47,53,54,55,59,62,66,68,73,76,77,80,85,89
5:4,18,8,16,19,20,22,24,27,29,30,32,33,34,36,37,39,40,49,51,55,58,60,68,81,83,84,86,88
6:1,2,38,7,8,9,14,16,17,18,20,25,29,34,37,40,44,52,57,58,67,73,78,79,80,82,89
7:2,6,16,12,14,18,20,26,27,36,46,50,51,52,58,62,65,66,68,73,76,79,81,82,89
8:2,3,5,6,16,9,10,15,18,19,22,26,27,31,35,39,40,47,51,52,55,64,65,71,76,81,82,88
9:6,8,71,13,15,17,19,20,26,29,31,38,39,40,41,46,52,56,57,58,59,62,63,66,68,69,74,81,87
10:8,78,12,17,20,23,25,27,31,34,36,42,43,48,63,64,66,71,73,77,81,83
11:82,13,14,16,26,27,35,38,39,40,47,52,55,63,69,72,73,76,80,81,83,87,88
12:2,3,4,7,10,49,16,27,28,31,35,38,39,42,45,46,47,51,52,66,69,72,82,85,87
13:0,1,9,11,78,14,17,20,28,32,42,45,47,49,54,58,59,61,62,63,65,66,67,70,77,84,89
14:0,2,3,4,6,7,11,13,48,18,19,30,37,39,42,47,50,54,55,56,57,59,76,80,81,84,87
15:1,2,4,8,9,87,16,17,19,31,38,42,54,55,59,60,63,66,67,71,73,75,77,80,83,85,86,88
16:0,3,4,5,6,7,8,11,12,15,52,17,21,22,27,28,30,34,35,36,55,57,58,67,69,78,79,82,83,86,88,89
17:3,6,9,10,13,15,16,51,18,19,22,26,29,31,32,36,41,42,44,45,57,61,63,64,65,69,76,80,87,89
18:0,5,6,7,8,14,17,79,23,30,38,39,42,43,49,54,58,68,76,77,84
19:0,5,8,9,14,15,17,57,22,27,33,39,42,59,61,63,65,66,68,81,83,85,88
20:2,4,5,6,7,9,10,13,64,27,38,39,41,44,48,51,52,60,65,69,82,87
21:1,3,4,16,85,24,27,28,29,36,41,42,48,51,61,63,66,68,72,73,74,75,78,79,81
22:0,1,4,5,8,16,17,19,62,23,24,28,30,31,32,37,38,40,42,44,46,47,48,49,55,58,64,65,70,74,76,84
23:0,10,18,22,47,25,27,32,35,38,41,42,43,44,46,48,49,50,51,52,53,54,57,63,64,67,68,70,76,81
24:4,5,21,22,42,27,29,31,32,35,39,43,47,48,49,50,57,58,59,63,64,68,77,78,80,84,87
25:1,6,10,23,60,29,37,38,45,48,51,55,62,67,68,70,71,75,78,83,84,87,88
26:1,2,7,8,9,11,17,37,27,31,34,35,38,40,49,50,51,58,66,73,78,81,82,84,89
27:0,3,5,7,8,10,11,12,16,19,20,21,23,24,26,43,28,29,32,38,40,44,52,53,58,64,65,68,74,81,82,85,86,87,89
28:4,12,13,16,21,22,27,86,31,32,34,35,40,41,42,44,46,54,61,64,65,68,76,80,84,85
29:2,5,6,9,17,21,24,25,27,57,32,35,40,44,45,47,48,51,56,63,64,66,78,81,83,85
30:0,3,4,5,14,16,18,22,59,33,34,35,43,47,49,50,51,56,58,63,64,65,82,83
31:4,8,9,10,12,15,17,22,24,26,28,40,32,37,38,42,49,55,58,61,62,69,72,87,89
32:0,5,13,17,22,23,24,27,28,29,31,55,33,34,36,37,41,42,56,59,60,75,77,84,87,89
33:0,5,19,30,32,71,34,38,41,43,49,51,52,60,61,62,69,70,73,74,76,81,85,87,88,89
34:2,3,4,5,6,10,16,26,28,30,32,33,56,45,46,47,48,51,53,55,59,64,71,75,77,84,86
35:4,8,11,12,16,23,24,26,28,29,30,53,36,37,39,45,50,56,58,60,71,75,77,80,81,83,84,85,89
36:4,5,7,10,16,17,21,32,35,79,39,40,42,44,46,49,56,66,73,76,77,78,89
37:1,3,5,6,14,22,25,26,31,32,35,71,38,39,42,49,51,53,55,56,73,75,76,77,81,83,85
38:6,9,11,12,15,18,20,22,23,25,26,27,31,33,37,70,40,48,49,53,54,61,62,65,69,71,75,79,80,81,84,85,88
39:3,4,5,8,9,11,12,14,18,19,20,24,35,36,37,61,43,54,55,56,62,68,77,86,87
40:2,3,5,6,8,9,11,22,26,27,28,29,31,36,38,44,41,48,51,54,60,62,68,78,82,88,89
41:2,3,9,17,20,21,23,28,32,33,40,52,42,43,48,51,55,59,63,66,67,68,72,76,79,80,85,86,87
42:1,10,12,13,14,15,17,18,19,21,22,23,24,28,31,32,36,37,41,68,52,61,67,71,74,86,88,89
43:3,10,18,23,24,27,30,33,39,41,88,50,52,54,63,66,68,69,71,72,82,83,86
44:4,6,17,20,22,23,27,28,29,36,40,59,46,50,55,62,63,67,68,75,77,78,81,83,88
45:2,12,13,17,25,29,34,35,46,51,52,64,75,82,88
46:1,2,7,9,12,22,23,28,34,36,44,45,49,53,54,71,76,86,87,88
47:1,4,8,11,12,13,14,22,23,24,29,30,34,64,65,72,75,77,81,83
48:0,10,14,20,21,22,23,24,25,29,34,38,40,41,62,64,65,68,70,72,78,80,81,82,85
49:0,5,12,13,18,22,23,24,26,30,31,33,36,37,38,46,70,57,58,62,69,76,77,84
50:2,7,14,23,24,26,30,35,43,44,80,53,56,63,66,73,77,79,81,83,88,89
51:1,3,5,7,8,12,17,20,21,23,25,26,29,30,33,34,37,40,41,45,73,54,58,60,61,63,68,72,75,78,84,87,89
52:3,6,7,8,9,11,12,16,20,23,27,33,41,42,43,45,55,58,61,66,67,70,75,78,89
53:1,4,23,27,34,35,37,38,46,50,72,56,61,62,63,69,71,75,77,79,87,89
54:2,4,13,14,15,18,23,28,38,39,40,43,46,51,84,57,62,63,64,66,67,78,79,81,83
55:1,4,5,8,11,14,15,16,22,25,31,32,34,37,39,41,44,52,83,58,69,75,76,77,78,81,85,87,88
56:9,14,29,30,32,34,35,36,37,39,50,53,82,60,62,70,72,73,77,78,85,86,87
57:0,1,6,9,14,16,17,19,23,24,29,49,54,75,59,60,62,65,68,70,71,72,74,82,83,85
58:2,3,5,6,7,9,13,16,18,22,24,26,27,30,31,35,49,51,52,55,67,63,64,68,69,72,76,81,86,88
59:0,4,9,13,14,15,19,24,30,32,34,41,44,57,60,61,65,66,67,68,70,71,78,79,80,84,85,86,89
60:1,5,15,20,25,32,33,35,40,51,56,57,59,63,62,64,66,67,68,69,72,73,74,75,85
61:3,13,17,19,21,28,31,33,38,39,42,51,52,53,59,73,62,63,64,79,81,83,86,87,89
62:4,7,9,13,22,25,31,33,38,39,40,44,48,49,53,54,56,57,60,61,65,63,64,67,69,72,73,75,79,80,81,87,88,89
63:3,9,10,11,13,15,17,19,21,23,24,29,30,41,43,44,50,51,53,54,58,60,61,62,79,64,65,67,68,72,75,77,80,82,84,88
64:0,1,3,8,10,17,20,22,23,24,27,28,29,30,34,45,47,48,54,58,60,61,62,63,66,67,69,77,78,81,85
65:7,8,13,17,19,20,22,27,28,30,38,47,48,57,59,62,63,76,70,72,73,74,82,85,89
66:1,2,3,4,7,9,10,12,13,15,19,21,26,29,36,41,43,50,52,54,59,60,64,81,70,74,75,80,85,87,88
67:2,6,13,15,16,23,25,41,42,44,52,54,58,59,60,62,63,64,73,68,69,71,72,78,84
68:0,4,5,7,9,18,19,21,23,24,25,27,28,39,40,41,42,43,44,48,51,57,58,59,60,63,67,88,69,71,74,75,76,84,87
69:2,4,9,11,12,16,17,20,31,33,38,43,49,53,55,58,60,62,64,67,68,76,72,79,84,89
70:1,13,22,23,25,33,38,48,49,52,56,57,59,65,66,81,73,75,85,89
71:2,3,8,9,10,15,25,33,34,35,37,38,42,43,46,53,57,59,67,68,86,74,80,89
72:0,1,11,12,21,31,41,43,47,48,51,53,56,57,58,60,62,63,65,67,69,77,76,85,87
73:4,6,7,10,11,15,21,26,33,36,37,50,51,56,60,61,62,65,67,70,76,79,81,82,83,84,85
74:0,2,9,21,22,27,33,42,57,60,65,66,68,71,78,76,85
75:3,15,21,25,32,34,35,37,38,44,45,47,51,52,53,55,57,60,62,63,66,68,70,89,76
76:1,2,3,4,7,8,11,14,17,18,22,23,28,33,36,37,41,46,49,55,58,65,68,69,72,73,74,75,83,80,81,82
77:0,1,2,4,10,13,15,18,24,32,34,35,36,37,39,44,47,49,50,53,55,56,63,64,72,89,83
78:6,10,13,16,21,24,25,26,29,36,40,44,48,51,52,54,55,56,59,64,67,74,84,80,81,87,88
79:1,3,6,7,16,18,21,36,38,41,50,53,54,59,61,62,63,69,73,84,81
80:1,3,4,6,11,14,15,17,24,28,35,38,41,48,50,59,62,63,66,71,76,78,84,81,87
81:0,3,5,7,8,9,10,11,14,19,21,23,26,27,29,33,35,37,38,44,47,48,50,54,55,58,61,62,64,66,70,73,76,78,79,80,83,86,89
82:1,6,7,8,11,12,16,20,26,27,30,40,43,45,48,56,57,63,65,73,76,85,89
83:0,3,5,10,11,15,16,19,25,29,30,35,37,43,44,47,50,54,55,57,61,73,76,77,81,86
84:2,5,13,14,18,22,24,25,26,28,32,34,35,38,49,51,54,59,63,67,68,69,73,78,79,80,85,86,87,89
85:2,3,4,12,15,19,21,27,28,29,33,35,37,38,41,48,55,56,57,59,60,64,65,66,70,72,73,74,82,84,87
86:0,1,5,15,16,27,28,34,39,41,42,43,46,56,58,59,61,71,81,83,84,89
87:0,2,9,11,12,14,15,17,20,24,25,27,31,32,33,39,41,46,51,53,55,56,61,62,66,68,72,78,80,84,85,89,88
88:1,5,8,11,15,16,19,25,33,38,40,42,43,44,45,46,50,55,58,62,63,66,68,78,87,89
89:1,4,6,7,13,16,17,26,27,31,32,33,35,36,40,42,50,51,52,53,59,61,62,65,69,70,71,75,77,81,82,84,86,87,88
