0:90,2,8,10,12,13,14,19,24,30,34,43,47,54,60,66,67,69,74,80,84,86,88,91,92,102,109,112,117,119,120,129,130,131,138
1:85,3,14,20,22,25,34,37,40,44,49,52,53,55,62,65,70,72,86,105,110,115,117,119,120,122,133,134,135,137
2:0,31,5,12,16,21,24,35,36,39,42,52,55,57,58,60,64,72,81,91,103,105,112,114,115,130,139
3:1,89,8,11,14,26,29,43,49,50,54,57,59,77,82,91,93,99,100,101,106,111,121,124,127,129,131
4:124,12,13,14,16,19,26,27,29,43,45,49,54,57,58,62,63,71,74,77,78,89,91,98,99,105,106,108,109,110,111,113,117,121,122,126,130,133
5:2,102,7,14,17,25,30,36,53,55,58,68,70,74,75,78,92,95,101,108,110,111,115,117,123,125,126,138
6:134,12,14,15,20,23,24,30,31,32,37,51,55,60,69,78,93,96,99,107,109,115,116,119,122,135,138,139
7:5,61,11,18,25,36,38,44,46,47,50,51,56,59,72,88,91,92,93,95,96,102,103,111,112,113,114,117,120,129,131,133,135,137
8:0,3,36,10,11,16,23,24,30,32,49,61,71,82,89,97,101,102,106,110,113,114,115,120,130,139
9:131,17,18,22,24,32,38,41,43,47,49,55,64,68,70,81,87,92,100,102,105,123,125,135,137
10:0,8,134,17,20,33,36,43,45,50,55,56,57,61,63,65,69,71,73,75,81,91,95,98,100,101,119,122,133,137,139
11:3,7,8,121,12,17,20,22,37,41,50,56,66,68,70,75,81,84,85,87,90,101,117,127,130,134
12:0,2,4,6,11,139,18,24,30,33,37,45,50,60,62,69,76,78,82,93,96,105,112,128,133,135,136
13:0,4,38,15,16,20,26,29,44,49,50,51,59,63,65,66,69,70,78,87,88,98,99,104,121,122,123,125,131,139
14:0,1,3,4,5,6,115,19,30,31,50,52,55,56,70,71,75,76,78,87,91,92,94,102,103,108,111,121,123,124,127,130,132
15:6,13,51,35,49,78,85,97,98,103,106,107,109,114,115,118,128,130,135
16:2,4,8,13,17,35,43,44,45,47,50,59,74,76,81,95,99,103,105,107,108,110,112,113,117,121,122,123,136
17:5,9,10,11,16,31,18,30,34,35,41,44,49,56,60,62,66,67,71,75,86,93,94,96,100,104,117,122,125,126,128,129,134
18:7,9,12,17,20,24,27,38,42,43,68,72,74,79,80,82,86,91,92,93,98,99,100,101,102,103,112,114,121,125,137
19:0,4,14,139,23,25,26,38,39,52,53,57,58,59,60,67,76,77,84,89,108,110,111,112,117,126,134
20:1,6,10,11,13,18,27,22,25,42,43,46,48,61,62,63,64,66,67,70,71,80,84,87,116,122,129,134
21:2,47,22,33,38,46,51,53,62,69,70,73,74,77,84,85,89,90,92,98,108,110,114,120,121,125,126,133
22:1,9,11,20,21,86,23,24,30,34,41,45,52,53,59,60,64,67,70,71,83,84,91,97,99,109,119,121,129,138
23:6,8,19,22,37,25,36,42,43,45,49,51,57,58,59,60,64,68,80,81,83,88,89,94,96,98,100,106,114,128,130,132
24:0,2,6,8,9,12,18,22,131,33,34,35,41,44,46,52,64,71,85,88,90,93,94,99,103,106,108,117,122,125,136
25:1,5,7,19,20,23,52,29,32,44,55,65,73,76,77,79,81,85,89,92,95,96,98,101,108,118,121,134
26:3,4,13,19,130,49,66,68,81,82,90,91,112,116,119,122,124,127,131,132,133
27:4,18,20,57,31,34,38,42,43,51,65,68,72,81,87,93,98,114,119,123,124,125,127,128,129,132,137,138
28:126,29,52,57,59,74,75,78,79,80,84,88,93,95,96,102,106,113,115,122,128
29:3,4,13,25,28,38,31,34,41,53,55,58,62,64,70,76,94,98,100,101,104,107,109,110,113,120,125,129,135,136,138
30:0,5,6,8,12,14,17,22,108,33,34,42,45,48,55,65,70,72,76,87,88,91,111,112,115,117,121,126,128,133,136,138,139
31:2,6,14,17,27,29,101,36,49,57,59,64,72,73,76,77,82,83,91,92,103,104,107,108,114,115,121,123,125,131
32:6,8,9,25,75,34,36,39,41,43,47,58,61,66,68,74,77,79,82,93,96,99,105,115,119,120,124,125,128,129,137,139
33:10,12,21,24,30,37,36,51,53,73,75,86,87,103,110,128,134
34:0,1,17,22,24,27,29,30,32,85,44,45,47,51,80,84,87,92,117,122,123,133
35:2,15,16,17,24,89,37,39,41,45,48,50,51,53,55,64,67,69,70,81,83,100,107,109,114,118,120,131,132,133,137
36:2,5,7,8,10,23,31,32,33,116,38,44,66,69,78,109,112,114,119,129,131,133,136
37:1,6,11,12,23,33,35,54,49,53,55,61,62,67,77,78,80,82,92,93,94,102,106,109,115,116,126,138,139
38:7,9,13,18,19,21,27,29,36,39,41,47,48,54,56,65,66,67,74,77,82,85,86,90,92,93,94,111,113,116,122,136,137
39:2,19,32,35,38,112,42,43,47,59,61,63,72,73,74,77,83,86,90,101,103,104,109,113,114,118,122,123,133
40:1,137,47,48,49,50,63,75,84,90,103,109,113,120,123,124,125,127,128,133
41:9,11,17,22,24,29,32,35,38,116,43,79,83,88,92,101,108,112,119,123,127
42:2,18,20,23,27,30,39,92,44,50,74,78,80,83,84,86,93,97,101,113,114,116,119,124,130,131,138
43:0,3,4,9,10,16,18,20,23,27,32,39,41,98,50,60,66,68,72,82,90,96,97,99,102,103,104,105,108,116,121,122,127,135,139
44:1,7,13,16,17,24,25,34,36,42,132,45,48,49,52,64,66,68,77,80,81,90,91,94,98,101,105,109,120,124,127,133,136
45:4,10,12,16,22,23,30,34,35,44,89,48,49,59,63,68,69,70,73,76,77,78,92,94,95,96,97,98,112,116,117,118,122,130,137,138
46:7,20,21,24,91,57,63,74,82,84,88,89,100,105,106,111,117,118,122,126,136
47:0,7,9,16,21,32,34,38,39,40,94,52,54,55,64,68,71,75,78,81,87,90,96,97,98,101,102,108,114,116,124,125,128,130,135
48:20,30,35,38,40,44,45,94,59,65,72,74,79,84,87,100,104,111,116,122,127,129,131,135,136,137
49:1,3,4,8,9,13,15,17,23,26,31,37,40,44,45,104,52,59,61,62,64,67,70,71,77,79,88,90,91,98,103,111,112,118,128,129,132,134,137,139
50:3,7,10,11,12,13,14,16,35,40,42,43,129,52,57,65,66,73,79,80,84,95,101,104,105,113,126,132,138
51:6,7,13,15,21,23,27,33,34,35,114,53,54,56,61,66,67,78,79,91,101,110,113,116,121,126,131,135
52:1,2,14,19,22,24,25,28,44,47,49,50,130,58,59,68,69,74,75,77,79,83,86,98,99,109,113,124,126,127,132
53:1,5,19,21,22,29,33,35,37,51,134,54,55,57,72,73,84,93,100,117,126,127,128,129
54:0,3,4,37,38,47,51,53,113,58,59,62,69,91,92,93,94,95,102,107,111,116,126,128,130,133
55:1,2,5,6,9,10,14,25,29,30,35,37,47,53,72,57,62,83,88,90,94,105,107,109,110,114,126,134,137
56:7,10,11,14,17,38,51,136,67,68,70,78,91,92,104,107,114,119,120,124,126,129,130,133,134,137
57:2,3,4,10,19,23,27,28,31,46,50,53,55,75,58,62,65,67,68,71,89,96,104,107,111,117,120,122,129,130,132
58:2,4,5,19,23,29,32,52,54,57,121,60,61,65,68,73,83,91,92,96,97,103,108,114,120,125,127,131,136
59:3,7,13,16,19,22,23,28,31,39,45,48,49,52,54,135,69,73,75,82,94,95,98,107,111,112,115,116,118,121,131,133,139
60:0,2,6,12,17,19,22,23,43,58,82,65,76,92,97,106,120,125,128,131
61:7,8,10,20,32,37,39,49,51,58,78,65,72,95,107,111,126,127,129,132
62:1,4,12,17,20,21,29,37,49,54,55,57,95,63,66,70,78,89,105,109,110,113,115,117,118,119,132,133
63:4,10,13,20,39,40,45,46,62,136,65,67,68,71,73,80,88,99,103,108,123,126,130
64:2,9,20,22,23,24,29,31,35,44,47,49,66,67,69,85,88,98,101,104,109,114,128,133
65:1,10,13,25,27,30,38,48,50,57,58,60,61,63,67,75,79,85,86,90,91,95,96,105,109,110,111,112,124,127,128,130,139
66:0,11,13,17,20,26,32,36,38,43,44,50,51,62,64,132,67,80,86,108,126,128,129
67:0,17,19,20,22,35,37,38,49,51,56,57,63,64,65,66,129,71,76,80,82,87,94,96,103,104,106,107,111,113,116,133,139
68:5,9,11,18,23,26,27,32,43,44,45,47,52,56,57,58,63,98,72,74,88,90,97,101,102,115,121,127,129,132,134,136
69:0,6,10,12,13,21,35,36,45,52,54,59,64,88,74,92,93,97,101,106,110,113,115,126,131,134,136,138
70:1,5,9,11,13,14,20,21,22,29,30,35,45,49,56,62,82,71,74,75,78,81,85,87,90,101,106,107,115,117,119,128,135
71:4,8,10,14,17,20,22,24,47,49,57,63,67,70,74,78,83,86,87,99,102,111,115,116,117,121,122,124,127,128,131
72:1,2,7,18,27,30,31,39,43,48,53,55,61,68,107,73,76,99,100,114,115,119,120,126,128,132,137,138
73:10,21,25,31,33,39,45,50,53,58,59,63,72,120,76,81,82,83,86,93,113,115,121,123,125,129,130,132,136,137,138
74:0,4,5,16,18,21,28,32,38,39,42,46,48,52,68,69,70,71,137,76,87,91,93,98,106,107,108,109,122,128,132,134,135,136
75:5,10,11,14,17,28,32,33,40,47,52,57,59,65,70,103,80,87,100,109,117,120,123
76:12,14,16,19,25,29,30,31,45,60,67,72,73,74,127,80,90,91,97,98,103,109,112,115,119,133
77:3,4,19,21,25,31,32,37,38,39,44,45,49,52,121,79,82,84,99,104,110,112,125,129,131,133,136,137
78:4,5,6,12,13,14,15,28,36,37,42,45,47,51,56,61,62,70,71,115,84,93,94,101,102,104,106,108,110,117,126,131,135
79:18,25,28,32,41,48,49,50,51,52,65,77,102,84,85,97,108,118,123,129,132,136
80:0,18,20,23,28,34,37,42,44,50,63,66,67,75,76,87,84,85,86,88,91,94,100,107,110,112,113,115,117,118,124,127,128,131
81:2,9,10,11,16,23,25,26,27,35,44,47,70,73,128,98,100,101,102,106,107,134,137,139
82:3,8,12,18,26,31,32,37,38,43,46,59,60,67,70,73,77,117,92,101,102,104,112,122,127,130,132,135,136,137
83:22,23,31,35,39,41,42,52,55,58,71,73,105,86,87,101,106,107,117,118,125,128,129,135,137
84:0,11,19,20,21,22,28,34,40,42,46,48,50,53,77,78,79,80,94,90,91,101,103,105,108,109,113,114,120,125,131,132,134,139
85:1,11,15,21,24,25,34,38,64,65,70,79,80,122,88,102,106,108,114,117,125,130,132,133
86:0,1,17,18,22,33,38,39,42,52,65,66,71,73,80,83,129,89,90,92,107,111,116,122,125,127,128,132,136,137
87:9,11,13,14,20,27,30,33,34,47,48,67,70,71,74,75,80,83,117,92,97,101,106,107,112,122,129,131,132,134,137,138
88:0,7,13,23,24,28,30,41,46,49,55,63,64,68,69,80,85,97,91,101,106,116,119,127,131
89:3,4,8,19,21,23,25,35,45,46,57,62,86,122,91,93,108,109,110,118,129,131,134
90:0,11,21,24,26,38,39,40,43,44,47,49,55,65,68,70,76,84,86,97,91,92,93,95,101,123,125,132,135,137,139
91:0,2,3,4,7,10,14,18,22,26,30,31,44,46,49,51,54,56,58,65,74,76,80,84,88,89,90,107,98,101,102,116,120,122,132,135,136
92:0,5,7,9,14,18,21,25,31,34,37,38,41,42,45,54,56,58,60,69,82,86,87,90,97,94,95,109,120,126,134
93:3,6,7,12,17,18,24,27,28,32,37,38,42,53,54,69,73,74,78,89,90,98,103,114,127,138
94:14,17,23,24,29,37,38,44,45,47,48,54,55,59,67,78,80,84,92,112,95,99,101,110,113,125,127,130,133,136,138
95:5,7,10,16,25,28,45,50,54,59,61,62,65,90,92,94,107,102,105,115,124,130,132,133,134,135
96:6,7,12,17,23,25,28,32,43,45,47,57,58,65,67,108,98,112,119,122,125,133
97:8,15,22,42,43,45,47,58,60,68,69,76,79,87,88,90,92,130,99,105,106,111,115,128
98:4,10,13,15,18,21,23,25,27,29,43,44,45,47,49,52,59,64,68,74,76,81,91,93,96,106,100,110,112,114,124,135,136
99:3,4,6,13,16,18,22,24,32,43,52,63,71,72,77,94,97,102,101,105,110,111,113,114,115,130,132,135,137,138,139
100:3,9,10,17,18,23,29,35,46,48,53,72,75,80,81,98,131,104,109,111,112,113,120,122,124,125,132
101:3,5,8,10,11,18,25,29,31,39,41,42,44,47,50,51,64,68,69,70,78,81,82,83,84,87,88,90,91,94,99,118,103,113,121,122,123,124,134,139
102:0,5,7,8,9,14,18,28,37,43,47,54,68,71,78,79,81,82,85,91,95,99,105,115,120,121,135,136
103:2,7,14,15,16,18,24,31,33,39,40,43,49,58,63,67,75,76,84,93,101,120,106,107,109,118,119,128,129,135,139
104:13,17,29,31,39,43,48,49,50,56,57,64,67,77,78,82,100,122,108,110,127,136
105:1,2,4,9,12,16,32,43,44,46,50,55,62,65,83,84,95,97,99,102,138,106,111,116,118,120,127,128,129,134,139
106:3,4,8,15,23,24,28,37,46,60,67,69,70,74,78,81,83,85,87,88,97,98,103,105,134,110,115,116,121,126,127
107:6,15,16,29,31,35,54,55,56,57,59,61,67,70,72,74,80,81,83,86,87,91,95,103,136,111,120,122,124,133,139
108:4,5,14,16,19,21,24,25,30,31,41,43,47,58,63,66,74,78,79,84,85,89,96,104,129,116,119,123,126,127,136
109:0,4,6,15,22,29,35,36,37,39,40,44,52,55,62,64,65,74,75,76,84,89,92,100,103,136,111,115,129,132,135
110:1,4,5,8,16,19,21,29,33,51,55,62,65,69,77,78,80,89,94,98,99,104,106,118,116,119,120,122,126,128,133,134,137
111:3,4,5,7,14,19,30,38,46,48,49,54,57,59,61,65,67,71,86,97,99,100,105,107,109,136,118,128,129,130,131,138,139
112:0,2,7,12,16,18,19,26,30,36,39,41,45,49,59,65,76,77,80,82,87,94,96,98,100,116,120,127,130,133
113:4,7,8,16,28,29,38,39,40,42,50,51,52,54,62,67,69,73,80,84,94,99,100,101,138,122
114:2,7,8,15,18,21,23,27,31,35,36,39,42,47,51,55,56,58,64,72,84,85,93,98,99,133,115,118,120,122,124,129,130,137
115:1,2,5,6,8,14,15,28,30,31,32,37,59,62,68,69,70,71,72,73,76,78,80,95,97,99,102,106,109,114,130,117,122,125,132,136
116:6,20,26,36,37,38,41,42,43,45,47,48,51,54,59,67,71,86,88,91,105,106,108,110,112,133,119,123,129,131,132
117:0,1,4,5,7,11,16,17,19,24,30,34,45,46,53,57,62,70,71,75,78,80,82,83,85,87,115,121,129,133,138,139
118:15,25,35,39,45,46,49,59,62,79,80,83,89,101,103,105,110,111,114,134,126,132,135
119:0,1,6,10,22,26,27,32,36,41,42,56,62,70,72,76,88,96,103,108,110,116,134,133
120:0,1,7,8,21,29,32,35,40,44,56,57,58,60,72,73,75,84,91,92,100,102,103,105,107,110,112,114,138,124,128,134
121:3,4,11,13,14,16,18,21,22,25,30,31,43,51,58,59,68,71,73,77,101,102,106,117,129,127,131,132,133,134
122:1,4,6,10,13,16,17,20,24,26,28,34,38,39,43,45,46,48,57,71,74,82,85,86,87,89,91,96,100,101,104,107,110,113,114,115,133,125,132,137
123:5,9,13,14,16,27,31,34,39,40,41,63,73,75,79,90,101,108,116,133,131,136
124:3,4,14,26,27,32,40,42,44,47,52,56,65,71,80,95,98,100,101,107,114,120,132,133,135,137
125:5,9,13,17,18,21,24,27,29,31,32,40,47,58,60,73,77,83,84,85,86,90,94,96,100,115,122,130,128,139
126:4,5,17,19,21,28,30,37,46,50,51,52,53,54,55,56,61,63,66,69,72,78,92,106,108,110,118,135,127
127:3,11,14,26,27,40,41,43,44,48,52,53,58,61,65,68,71,76,80,82,86,88,93,94,104,105,106,108,112,121,126,130,129,138
128:12,15,17,23,27,28,30,32,33,40,47,49,53,54,60,64,65,66,70,71,72,74,80,81,83,86,97,103,105,110,111,120,125,137,132,134,139
129:0,3,7,17,20,22,27,29,32,36,48,49,50,53,56,57,61,66,67,68,73,77,79,83,86,87,89,103,105,108,109,111,114,116,117,121,127,130,131,136,138
130:0,2,4,8,11,14,15,23,26,42,45,47,52,54,56,57,63,65,73,82,85,94,95,97,99,111,112,114,115,125,127,129,139,133,138
131:0,3,7,9,13,24,26,31,35,36,42,48,51,58,59,60,69,71,77,78,80,84,87,88,89,100,111,116,121,123,129,136,133,138
132:14,23,26,27,35,44,49,50,52,57,61,62,66,68,72,73,74,79,82,84,85,86,87,90,91,95,99,100,109,115,116,118,121,122,124,128,134
133:1,4,7,10,12,21,26,30,34,35,36,39,40,44,54,56,59,62,64,67,76,77,85,94,95,96,107,110,112,114,116,117,119,121,122,123,124,130,131,138,134
134:1,6,10,11,17,19,20,25,33,49,53,55,56,68,69,74,81,84,87,89,92,95,101,105,106,110,118,119,120,121,128,132,133,139
135:1,6,7,9,12,15,29,43,47,48,51,59,70,74,78,82,83,90,91,95,98,99,102,103,109,118,124,126,138
136:12,16,24,29,30,36,38,44,46,48,56,58,63,68,69,73,74,77,79,82,86,91,94,98,102,104,107,108,109,111,115,123,129,131,137,138
137:1,7,9,10,18,27,32,35,38,40,45,48,49,55,56,72,73,74,77,81,82,83,86,87,90,99,110,114,122,124,128,136,139
138:0,5,6,22,27,29,30,37,42,45,50,69,72,73,87,93,94,99,105,111,113,117,120,127,129,130,131,133,135,136,139
139:2,6,8,10,12,13,19,30,32,37,43,49,59,65,67,81,84,90,99,101,103,105,107,111,117,125,128,130,134,137,138
