0:148,4,15,38,39,56,61,84,86,88,100,158,164,166,186,189,198,203,205,212,226,243,245,250,266,267,286,287,306,358,384,398,414,415,445
1:319,13,27,28,32,38,39,43,52,61,66,79,92,111,114,117,118,119,126,138,147,149,153,160,176,180,187,191,200,203,230,236,252,253,255,271,275,278,282,290,297,299,304,305,350,367,379,393,400,405,414,419,427,429,436,449
2:227,26,34,35,50,54,62,64,81,97,103,108,114,119,125,126,133,142,149,165,181,190,194,198,208,222,225,265,278,282,295,296,321,347,353,360,371,401,405,410,415,419,429,432,435,441,449
3:297,20,21,28,32,48,66,72,78,100,107,109,118,140,144,164,175,178,190,213,217,227,281,294,305,310,313,323,326,329,330,342,367,376,392,410,419,427,430,448
4:0,228,7,35,36,69,86,88,92,93,109,116,117,125,132,136,140,141,147,159,160,164,190,204,212,220,240,256,304,314,320,322,329,345,347,361,381,383,387,393,397,398,409,421
5:77,13,17,24,36,63,84,95,101,105,114,125,133,140,146,151,173,192,219,226,256,258,267,277,288,305,312,317,324,337,340,342,347,374,384,399,401,405,416,421,433,444
6:203,16,21,25,46,47,78,100,110,123,126,147,152,165,174,192,196,211,215,224,227,234,247,251,261,274,275,285,286,301,303,323,339,345,352,353,370,386,388,394,400,401,424,433,437
7:4,69,23,29,35,37,55,77,93,128,131,145,155,175,182,183,205,208,214,225,232,245,268,280,281,293,297,301,304,335,336,352,379,383,399,402,407
8:288,21,26,36,48,96,97,107,164,166,174,181,185,186,193,194,234,254,256,274,280,293,297,301,308,313,323,334,342,343,347,360,368,372,382,400,404,448
9:48,52,119,125,130,159,172,180,192,193,195,201,206,213,217,218,224,226,227,239,243,265,286,308,320,321,330,342,349,357,360,378,391,397,406,416,426,441,443
10:67,18,26,53,61,63,74,97,100,110,129,135,147,152,156,172,193,203,208,233,242,243,250,258,266,274,287,291,299,315,322,330,345,352,359,366,378,413,416,449
11:359,12,16,22,75,84,85,102,136,161,167,173,187,193,204,217,227,231,233,247,254,261,270,277,283,285,290,291,297,299,310,357,371,372,399,413,415,418,419,432,437,440,448
12:11,141,16,19,51,60,81,91,93,109,117,122,130,132,147,154,180,182,187,188,197,209,210,219,223,248,264,267,278,285,317,335,336,348,358,367,383,390,409,410,426,427,438,443
13:1,5,167,16,20,33,35,66,70,83,94,98,116,128,134,141,150,168,172,188,191,195,201,213,215,222,226,238,242,262,274,278,305,312,331,332,353,360,394,400,402,403,409,410,427,429,431
14:236,20,33,53,54,55,71,76,78,82,87,91,94,98,117,139,155,166,209,230,239,273,275,278,280,282,289,300,333,343,352,353,355,394,414,419,438,443,444,447
15:0,396,21,35,38,39,44,51,53,54,65,77,82,87,91,104,111,113,117,123,135,140,152,164,171,181,182,212,239,248,263,273,293,346,350,352,359,377,416,418,425,426,438,439
16:6,11,12,13,90,40,53,62,73,74,75,85,88,95,109,114,121,141,142,143,156,159,172,182,187,195,217,218,227,229,235,243,267,269,270,272,281,288,302,312,313,317,320,330,333,342,349,367,377,383,384,388,410,416,427,431
17:5,18,26,32,51,56,72,97,119,120,129,145,163,168,186,188,198,207,210,218,219,225,227,233,235,239,242,247,273,278,279,309,320,330,359,369,374,379,392,416
18:10,17,80,25,29,33,51,61,71,75,81,98,100,107,125,149,176,186,190,216,245,267,269,309,310,334,338,341,359,362,371,381,392,401,407,410,424,434,436,446,449
19:12,82,31,80,108,113,122,142,161,165,166,169,174,180,186,193,194,195,204,206,211,213,225,231,244,246,263,269,284,286,304,324,329,371,387,390,394,408,428,434
20:3,13,14,96,26,37,58,72,77,84,91,93,94,110,112,117,177,194,197,198,201,204,205,209,216,231,235,241,277,293,300,326,345,350,356,364,365,367,388,391,405,413,427
21:3,6,8,15,389,33,35,38,39,44,46,51,63,70,77,88,89,92,99,106,116,123,129,138,141,158,161,186,191,214,217,244,257,270,272,278,282,286,303,306,333,344,347,360,362,374,380,396,397,412,431
22:11,195,23,25,27,80,88,99,102,104,121,130,134,153,158,173,174,175,179,189,194,198,202,206,211,215,225,242,250,255,258,260,289,293,301,303,305,324,341,353,414,415,417,425,432,433,434,445
23:7,22,289,33,37,100,106,117,131,136,139,140,148,156,181,186,188,203,206,211,229,237,245,249,251,259,263,265,270,273,316,322,323,327,336,365,378,383,384,397,399,400,403,417
24:5,409,38,54,74,79,82,87,94,101,103,114,124,134,145,153,163,166,176,212,242,244,247,260,269,307,323,330,344,370,384,391,421,428,431,432,437,439
25:6,18,22,61,28,37,54,69,74,80,93,97,103,104,106,113,114,121,133,134,140,146,156,160,165,168,177,200,206,222,248,259,268,295,305,312,317,331,348,356,401,409,433,443,447
26:2,8,10,17,20,336,29,31,33,36,39,42,58,82,91,98,106,113,118,122,134,135,141,150,152,163,166,173,178,188,196,219,233,238,244,267,272,278,291,313,332,348,355,380,381,395,409,411,414,426,429,436,441,443
27:1,22,299,33,37,55,59,63,66,70,74,92,109,114,124,132,141,145,150,154,189,203,209,215,231,238,240,245,247,260,280,292,303,320,327,354,362,374,382,408,411,434
28:1,3,25,408,29,30,37,43,52,62,79,95,111,124,134,138,144,150,184,190,192,193,202,211,213,219,221,222,227,228,230,254,265,268,280,297,299,300,301,303,323,331,332,340,341,342,344,350,364,366,374,388,389,391,406,425,431,432
29:7,18,26,28,145,36,42,43,52,56,58,60,66,74,79,116,139,153,159,164,182,219,221,224,232,243,246,283,287,295,315,320,328,330,337,342,349,366,378,382,384,394,401,412,433,435,444,445
30:28,425,36,38,40,52,56,57,59,70,117,137,151,157,168,176,195,200,202,203,210,222,230,235,245,250,278,284,289,306,308,318,363,370,391,396,400
31:19,26,380,61,68,74,86,115,124,126,155,160,210,233,245,252,259,268,273,278,280,325,340,341,342,358,385,389,396,397,401,402,419,430,437
32:1,3,17,233,35,40,43,89,94,104,114,116,117,122,123,131,144,161,168,170,199,235,236,237,244,268,272,285,287,291,292,293,310,323,328,337,338,342,349,363,370,371,379,380,404,408,412,432,439
33:13,14,18,21,23,26,27,254,35,59,113,117,122,137,158,172,186,203,230,238,263,269,271,297,305,308,309,329,339,341,380,406,407,408,422,424,442
34:2,43,37,39,55,99,101,128,133,144,152,156,165,174,205,222,225,230,241,246,259,266,290,304,324,339,340,342,369,386,389,394,397,409,416,418,419,429,446
35:2,4,7,13,15,21,32,33,177,37,44,49,54,77,80,90,94,96,115,126,129,131,139,154,162,198,201,205,211,236,253,262,268,289,301,304,314,356,373,381,402,406,414,422,425,426,430,437,439,443
36:4,5,8,26,29,30,263,44,54,58,63,64,75,107,110,134,136,138,172,173,177,181,224,227,234,242,245,246,247,249,255,259,262,267,270,271,275,279,280,285,291,292,294,296,304,311,334,338,346,358,366,373,374,388,426,445
37:7,20,23,25,27,28,34,35,236,43,47,49,69,76,83,102,106,117,118,151,152,154,159,166,176,199,203,215,241,250,284,296,301,305,310,343,349,354,367,379,394,397,404,415,416,428,438
38:0,1,15,21,24,30,225,56,62,69,86,111,113,122,124,133,158,178,180,183,200,209,223,226,229,239,242,250,254,264,265,275,279,294,303,322,331,351,357,358,372,384,406,414,431,446,447
39:0,1,15,21,26,34,237,41,42,53,57,69,71,83,90,100,105,107,116,142,143,148,150,159,167,173,174,188,200,211,216,223,229,244,248,266,272,278,280,301,307,344,350,390,392,404,406,411,412,417,420,430,432
40:16,30,32,310,43,58,62,65,70,77,81,87,102,107,115,131,145,151,152,154,175,179,208,212,217,226,233,241,248,253,255,258,291,387,422,430,431,435,439
41:39,159,48,60,62,70,80,108,131,137,184,192,195,207,208,217,218,221,228,264,285,293,298,304,312,317,343,347,352,362,366,377,385,388,405,411,420,434,443,445,447
42:26,29,39,235,71,72,78,91,100,122,143,146,155,171,172,194,212,213,226,236,237,263,272,281,288,289,308,309,312,317,371,377,385,392,402,404,407,420,431,438
43:1,28,29,32,34,37,40,339,46,65,101,116,122,134,157,173,175,187,215,225,259,272,273,291,293,306,326,340,354,386,391,393,394,398,410,423,432,435
44:15,21,35,36,55,59,70,78,87,113,125,130,133,149,150,169,184,188,217,228,236,246,259,280,283,315,316,348,355,356,360,361,373,396,410,413,418,420,441
45:185,50,57,60,64,90,93,101,112,121,124,127,134,146,148,152,158,171,183,184,190,198,243,247,264,290,291,299,319,322,323,333,334,337,349,370,407,413,416,430,435,437,444
46:6,21,43,282,60,73,74,90,95,98,110,114,138,154,162,168,171,213,216,227,236,279,286,288,295,302,310,313,316,327,333,343,350,355,356,358,364,365,373,377,387,393,400,419,431
47:6,37,402,80,119,141,143,151,158,161,162,165,181,184,200,204,207,214,228,230,242,251,276,311,312,313,318,331,345,348,349,351,352,392,394,403,411,428,429,440,441
48:3,8,9,41,107,95,99,104,108,112,113,116,125,165,174,182,184,202,207,208,211,228,236,254,268,287,291,298,300,307,312,316,317,318,330,334,336,338,352,357,400,420,431,432,437,441,448
49:35,37,267,61,112,149,156,178,197,204,221,225,230,287,291,304,306,313,320,363,367,405,406,408,413,421,431,446
50:2,45,325,51,61,80,85,114,121,124,134,145,146,148,155,160,161,186,199,222,224,230,235,237,248,250,257,309,324,353,355,386,397,401,413,420
51:12,15,17,18,21,50,92,83,88,90,100,132,148,164,165,176,183,195,213,216,227,229,232,238,242,254,255,287,292,293,303,307,320,329,333,340,345,372,374,393,394,400,420,425,426,432
52:1,9,28,29,30,219,55,59,65,91,98,132,133,144,146,150,179,184,185,190,204,208,209,223,246,250,282,285,291,299,323,325,333,353,355,405,407,408,419,433
53:10,14,15,16,39,427,61,63,84,94,95,98,114,127,152,154,159,170,173,189,190,192,207,208,235,247,252,253,256,261,270,273,274,290,300,302,318,319,342,343,348,367,376,378,382,393,405,418,428,434,435,441
54:2,14,15,24,25,35,36,274,59,60,74,80,105,116,123,128,133,161,182,187,200,209,227,238,241,248,289,301,335,341,344,360,390,402,404,406,409,414,426,435,436,441,444
55:7,14,27,34,44,52,223,62,64,65,69,112,116,117,121,169,175,184,191,197,198,204,221,231,247,248,254,257,262,264,271,293,295,296,304,316,317,345,348,359,364,374,392,395,400,403,410,422,424,426,434
56:0,17,29,30,38,137,57,64,66,68,83,84,86,95,105,125,132,133,145,146,147,161,166,168,169,177,180,190,219,228,235,238,246,257,258,261,287,296,297,299,300,315,324,336,341,348,361,371,373,385,393,396,411,424,431,435,437
57:30,39,45,56,127,70,79,83,90,111,117,119,132,134,135,169,193,229,234,236,253,254,256,269,272,292,308,312,327,331,333,334,340,343,344,350,360,364,384,387,411,421,436,440,441
58:20,26,29,36,40,136,62,63,76,80,83,84,90,110,126,147,153,159,164,166,169,203,208,209,213,232,236,237,238,243,252,253,265,270,274,287,304,306,308,310,316,320,328,361,364,366,367,373,374,378,392,410,411,449
59:27,30,33,44,52,54,226,67,83,92,102,105,109,122,127,140,150,155,158,178,182,184,191,202,204,205,210,211,214,235,243,245,259,301,302,310,314,321,337,340,342,357,361,373,387,391,403,405,413,422,423,433,434
60:12,29,41,45,46,54,227,73,75,86,92,93,97,137,140,166,167,168,173,203,204,207,216,217,230,239,240,248,262,269,272,281,283,306,321,341,348,351,366,389,405,415,424,435
61:0,1,10,18,25,31,49,50,53,254,64,68,76,77,79,82,118,134,139,145,166,168,176,193,200,205,207,211,213,218,233,239,244,251,265,270,277,280,284,297,300,319,335,386,396,400,403,404,409,425,433,434,442,444
62:2,16,28,38,40,41,55,58,309,72,75,81,85,92,96,107,110,113,116,118,133,136,152,162,171,173,203,207,250,259,277,297,300,301,316,366,373,378,380,388,399,418,431,432,437,441
63:5,10,21,27,36,53,58,356,76,86,89,104,112,125,133,136,142,144,146,161,184,188,200,206,210,214,228,250,255,257,273,284,289,298,325,351,368,381,393,402,405,429,434,435,448
64:2,36,45,55,56,61,215,67,69,86,91,101,115,117,141,154,158,167,173,184,186,187,188,196,197,199,202,204,209,213,228,243,256,265,277,292,298,301,304,305,346,353,390,399,408,409,412,423,428,432,434
65:15,40,43,52,55,411,70,78,80,85,93,94,95,103,108,116,121,129,130,140,145,152,157,171,182,191,196,205,228,234,242,246,263,264,271,275,278,281,285,295,300,314,349,359,368,392,394,400,418,422,424,430,432,433,439
66:1,3,13,27,29,56,280,86,90,94,116,128,134,136,145,150,154,166,170,178,186,194,203,215,230,268,282,284,287,300,327,341,349,358,372,375,380,381,420
67:10,59,64,442,71,77,85,99,104,137,138,152,230,233,235,236,237,251,268,277,287,291,325,332,336,348,349,350,358,363,378,382,383,400,421
68:31,56,61,255,88,93,94,98,110,118,121,124,127,135,147,188,193,236,240,244,252,260,268,282,302,305,321,332,337,348,350,351,375,399,402,418,432,443,448
69:4,7,25,37,38,39,55,64,104,71,74,79,83,98,99,103,106,114,120,133,150,152,200,210,211,213,237,242,262,263,272,283,288,300,319,334,367,371,384,397,418,422,423,445,448
70:13,21,27,30,40,41,44,57,65,284,76,79,131,135,144,149,156,174,176,181,182,189,192,194,197,211,216,230,239,243,250,274,280,288,317,318,334,362,370,400,434,441
71:14,18,39,42,67,69,193,74,85,95,105,110,113,115,126,129,135,142,155,156,161,173,186,188,200,230,234,240,255,270,275,288,293,307,308,309,325,353,381,417,420,424,446
72:3,17,20,42,62,428,83,98,101,104,105,139,143,150,157,186,188,199,205,232,235,251,256,268,288,297,304,316,329,362,372,379,387,398,402,420,421,438
73:16,46,60,328,79,85,87,94,101,106,109,117,124,125,130,151,159,161,169,188,213,214,217,224,226,235,236,237,259,263,278,295,301,317,335,346,396,400,409,412,413,418,444
74:10,16,24,25,27,29,31,46,54,69,71,424,83,87,100,109,116,136,153,162,196,204,209,215,218,225,233,252,256,263,264,274,277,282,290,323,328,329,334,357,366,369,374,377,385,402,415,421,427,429,438
75:11,16,18,36,60,62,101,94,108,109,129,141,142,148,151,161,163,172,174,176,191,202,226,236,263,275,279,285,289,296,297,299,300,344,349,353,363,365,371,373,389,395,400,414,418,420,424,432,442
76:14,37,58,61,63,70,330,126,129,155,177,184,201,220,226,234,238,269,282,283,293,302,328,353,369,380,395,401,410,414,430
77:5,7,15,20,21,35,40,61,67,229,78,94,95,142,150,162,175,177,211,220,221,240,249,251,257,265,272,278,279,291,305,316,343,348,361,367,369,390,396,411,414,419,420
78:3,6,14,42,44,65,77,196,79,81,82,90,110,117,127,141,149,153,162,178,184,188,200,208,214,218,219,233,239,242,257,277,289,295,319,362,364,386,403,427,429,433,445
79:1,24,28,29,57,61,69,70,73,78,94,93,128,158,166,174,175,185,200,208,248,256,259,272,275,296,301,305,323,332,339,346,356,357,364,378,379,380,382,392,416,419,424,425,428
80:18,19,22,25,35,41,47,50,54,58,65,112,87,108,118,120,151,162,167,177,183,190,214,234,243,266,269,270,272,288,305,308,317,335,351,353,361,373,374,382,387,397,398,407,411
81:2,12,18,40,62,78,222,105,117,129,137,150,162,165,178,192,199,205,218,224,232,241,259,280,287,291,321,361,362,375,383,405,417,418,430,431,441
82:14,15,19,24,26,61,78,301,91,115,121,130,135,143,144,168,174,182,184,191,197,198,206,211,213,224,237,249,262,275,279,285,307,325,328,336,345,359,391,396,408,427,431,438,441,443
83:13,37,39,51,56,57,58,59,69,72,74,140,91,101,107,113,117,121,122,131,132,146,158,163,164,165,175,177,187,188,208,209,211,218,224,225,242,252,291,292,293,294,303,305,316,343,356,364,370,400,407,408,412,414,429
84:0,5,11,20,53,56,58,319,91,102,108,112,119,120,143,149,150,158,179,191,193,207,212,214,217,224,237,238,251,257,270,276,295,309,360,381,418,419,428,430,431,434,444
85:11,16,50,62,65,67,71,73,241,87,94,95,120,121,127,133,152,157,168,219,220,227,239,245,250,268,272,285,301,302,363,391,394,408,429,430,432,437,442,444,445
86:0,4,31,38,56,60,63,64,66,289,90,122,124,137,143,151,154,159,175,181,205,208,209,238,244,259,272,290,311,318,343,380,392,399,407,410,421,423,424,431,434,438
87:14,15,24,40,44,73,74,80,85,279,104,118,122,125,144,149,157,164,191,226,253,261,297,307,310,311,319,330,332,338,348,352,353,354,355,359,376,379,390,409,413,415,421,425,430,431,438,441
88:0,4,16,21,22,51,68,398,102,125,127,129,156,173,192,198,205,214,219,254,268,269,271,280,284,287,304,305,307,316,319,338,357,358,370,387,406,408,410,414,419,430,435,439
89:21,32,63,258,92,93,147,186,192,195,197,225,238,261,302,320,351,357,366,371,394,411,433,434,442
90:16,35,39,45,46,51,57,58,66,78,86,299,101,150,167,182,187,188,190,191,198,199,262,274,292,303,317,325,330,334,351,373,387,397,399,414,416
91:12,14,15,20,26,42,52,64,82,83,84,104,100,116,131,141,154,157,194,226,230,234,240,282,289,302,312,318,325,331,355,367,383,420,435,444
92:1,4,21,27,51,59,60,62,89,425,114,119,121,169,173,185,204,207,208,251,253,255,265,283,290,296,298,306,326,335,390,399,404,407,410,419,432,438
93:4,7,12,20,25,45,60,65,68,79,89,251,100,130,132,154,159,163,164,186,211,212,215,216,227,237,244,248,256,276,289,291,297,304,305,313,327,334,338,346,358,374,378,389,400,401,409,423,430,444
94:13,14,20,24,32,35,53,65,66,68,73,75,77,79,85,339,101,118,144,178,189,192,194,204,226,234,261,263,264,276,277,278,279,282,292,302,325,335,349,350,358,359,367,378,383,385,387,393,396,404,406,445
95:5,16,28,46,48,53,56,65,71,77,85,212,96,98,118,141,144,149,151,163,169,183,205,233,243,247,249,258,272,286,288,303,304,315,330,341,355,395,405,447
96:8,20,35,62,95,158,98,100,103,106,108,118,126,129,140,193,198,210,211,223,224,264,286,294,295,307,324,348,355,379,410,415,416,421,447
97:2,8,10,17,25,60,286,110,121,127,132,134,138,139,140,142,188,197,211,227,228,269,274,277,280,281,296,316,327,340,362,367,381,382,384,392,401,413,417,418,423,449
98:13,14,18,26,46,52,53,68,69,72,95,96,329,113,115,120,126,136,152,162,177,189,205,209,212,213,249,252,259,261,266,279,285,286,290,296,309,311,351,355,366,376,388,402,420,424,441
99:21,22,34,48,67,69,282,100,116,127,136,163,169,174,184,187,189,203,217,219,235,237,246,257,262,268,301,317,322,345,380,382,389,409,413,420,423,437,446,447
100:0,3,6,10,18,23,39,42,51,74,91,93,96,99,147,108,112,115,141,144,149,155,179,188,233,274,287,289,294,324,351,357,362,379,395,402
101:5,24,34,43,45,64,72,73,75,83,90,94,359,102,112,117,143,156,158,172,181,182,185,194,205,212,216,227,236,242,243,252,276,288,293,313,316,319,321,326,334,337,380,405
102:11,22,37,40,59,84,88,101,441,128,129,147,153,176,181,183,188,202,217,218,223,246,256,284,295,316,320,322,329,348,353,373,378,381,384,391,407,432,434,448,449
103:2,24,25,65,69,96,313,118,119,130,150,151,152,175,176,194,196,197,204,216,224,239,247,249,276,281,304,315,316,325,332,333,353,364,373,385,401,410,412,420,443
104:15,22,25,32,48,63,67,69,72,87,91,283,131,149,150,151,154,175,176,179,180,194,211,214,216,224,225,228,238,247,260,277,295,323,332,337,349,362,366,383,403,415,416,425,426,427,435,442
105:5,39,54,56,59,71,72,81,197,142,145,146,200,208,213,221,226,228,247,258,279,287,334,344,359,362,389,406,416,419,420,425,442
106:21,23,25,26,37,69,73,96,398,109,113,126,127,145,147,164,197,200,216,225,231,242,249,251,269,271,273,305,312,349,350,351,363,372,387,408,430,431,433,439,441
107:3,8,18,36,39,40,48,62,83,267,119,123,124,144,148,155,156,165,172,178,188,190,208,212,218,224,226,227,228,235,270,298,299,301,324,340,375,389,398,414,418,436,437,448
108:2,19,41,48,65,75,80,84,96,100,312,118,131,146,151,181,189,202,211,212,214,215,230,241,262,306,310,331,337,341,342,367,372,399,415,418,423,434,449
109:3,4,12,16,27,59,73,74,75,106,345,113,118,131,143,164,166,171,173,175,179,186,196,197,201,203,213,223,235,246,248,283,293,307,332,340,356,359,361,366,368,383,403,405,434
110:6,10,20,36,46,58,62,68,71,78,97,266,111,112,123,126,150,151,153,155,156,177,193,200,201,213,224,232,239,241,243,247,253,257,291,304,305,313,338,341,360
111:1,15,28,38,57,110,124,117,118,164,170,175,190,195,201,203,204,211,231,233,234,279,287,301,310,313,315,319,320,321,334,354,361,367,374,375,376,379,384,393,419,447
112:20,45,48,49,55,63,80,84,100,101,110,167,114,123,131,140,141,142,159,162,178,194,195,214,222,227,229,250,261,278,280,297,345,349,350,379,392,404,406,407,417,438
113:15,19,25,26,33,38,44,48,62,71,83,98,106,109,200,140,141,161,165,205,207,210,217,223,225,229,234,239,242,248,253,254,266,273,300,305,325,328,330,333,345,353,356,357,360,378,380,395,406,414,415,444,449
114:1,2,5,16,24,25,27,32,46,50,53,69,92,112,282,122,123,129,137,146,153,156,157,159,172,188,190,196,220,230,239,258,259,272,275,319,321,326,332,377,405,413,415,416,425,435,437
115:31,35,40,64,71,82,98,100,136,135,165,172,193,213,221,234,245,274,290,302,332,343,344,375,380,394,395,403,414,434,437,441,442
116:4,13,21,29,32,39,43,48,54,55,62,65,66,74,91,99,162,127,129,135,142,143,147,149,157,163,165,167,173,178,179,192,205,206,215,224,236,258,260,271,295,299,308,318,332,349,352,353,377,380,385,412,419,420,424,432,438,440,449
117:1,4,12,14,15,20,23,30,32,33,37,55,57,64,73,78,81,83,101,111,151,130,131,133,155,179,204,216,223,234,249,251,254,259,265,272,310,311,315,322,327,328,329,331,344,345,404,436,439
118:1,3,26,37,61,62,68,80,87,94,95,96,103,108,109,111,434,127,128,138,169,182,210,213,221,240,243,244,276,303,315,317,328,340,348,350,374,378,387,393,406,423
119:1,2,9,17,47,57,84,92,103,107,131,120,121,142,143,179,182,190,204,206,223,238,241,248,252,266,281,297,299,309,319,338,342,361,363,369,385,387,401,408,417,442
120:17,69,80,84,85,98,119,303,130,138,146,162,170,180,184,188,203,207,216,230,241,244,248,278,285,314,319,327,336,338,343,349,362,383,384,388,401,406,411,425,428,441
121:16,22,25,45,50,55,65,68,82,83,85,92,97,119,225,131,143,151,162,176,183,184,208,210,232,275,280,288,291,294,308,318,336,340,352,357,386,400,404,428,435,443,446,447
122:12,19,26,32,33,38,42,43,59,83,86,87,114,333,123,139,163,176,180,190,194,211,217,222,225,226,238,241,249,252,270,273,287,316,318,329,361,382,387,397,402,404,410,415,429,440,442,446
123:6,15,21,32,54,107,110,112,114,122,231,124,129,135,136,169,175,185,199,204,209,212,220,224,246,259,277,296,297,318,327,328,335,337,339,344,348,349,352,360,379,388,402,417,426,429,438
124:24,27,28,31,38,45,50,68,73,86,107,111,123,161,125,149,152,158,162,166,173,183,215,242,247,266,273,288,298,334,362,376,409,416,439,446
125:2,4,5,9,18,44,48,56,63,73,87,88,124,422,135,147,157,162,185,189,218,225,263,268,273,278,279,289,291,306,308,318,335,347,349,353,359,366,367,382,389,390,409,410,423,444
126:1,2,6,31,35,58,71,76,96,98,106,110,344,127,132,134,160,168,175,181,189,190,194,204,269,286,290,293,302,306,333,336,337,366,383,389,395,408,436,437,439
127:45,53,57,59,68,78,85,88,97,99,106,116,118,126,284,139,163,167,189,211,243,249,252,277,278,289,296,297,312,324,325,330,338,341,349,356,359,369,370,426,431
128:7,13,34,54,66,79,102,118,136,137,154,192,194,195,201,202,219,225,229,231,234,245,271,278,288,326,332,342,359,363,367,375,382,413,420,427,431,445
129:10,17,21,35,65,71,75,76,81,88,96,102,114,116,123,426,141,143,147,168,176,179,185,201,202,214,221,222,238,256,280,282,285,287,299,306,307,308,309,320,328,333,338,355,359,360,370,375,387,399,400,401,403,413,415,425,427,428,437
130:9,12,22,44,65,73,82,93,103,117,120,417,134,145,149,170,174,198,212,235,236,244,257,258,269,275,276,278,324,331,389,398,403,404,407,416,423,431,438,441,442,448
131:7,23,32,35,40,41,70,83,91,104,108,109,112,117,119,121,365,135,142,176,220,227,229,252,255,262,270,273,274,279,282,311,345,347,357,375,388,397,401,412,418,443,446,447
132:4,12,27,51,52,56,57,83,93,97,126,259,154,167,169,180,203,205,206,207,219,227,251,256,283,289,293,295,296,301,314,325,327,342,347,355,356,367,375,379,381,382,385,399,402,403,440
133:2,5,25,34,38,44,52,54,56,62,63,69,85,117,323,141,166,192,229,233,251,276,281,285,288,289,296,314,318,322,327,335,336,338,374,382,388,399,400,404,414,420
134:13,22,24,25,26,28,36,43,45,50,57,61,66,97,126,130,318,139,144,155,180,210,219,235,244,252,261,296,305,316,329,350,355,365,366,380,396,402,404,413,420,427,435,441,442
135:10,15,26,57,68,70,71,82,115,116,123,125,131,251,154,184,189,194,208,229,230,239,243,247,256,291,307,308,354,359,360,377,384,409,413,432,443,447
136:4,11,23,36,58,62,63,66,74,98,99,115,123,128,180,139,146,160,162,183,184,192,225,248,249,264,279,280,288,298,299,301,319,320,346,371,395,407,409,441
137:30,33,41,56,60,67,81,86,114,128,202,157,179,180,185,198,199,238,255,257,271,283,299,306,310,313,321,325,357,359,370,383,384,412,430,432,437,440
138:1,21,28,36,46,67,97,118,120,183,141,145,161,163,185,188,204,205,215,218,235,249,303,304,312,313,325,337,340,352,359,371,384,392,394,442,446
139:14,23,29,35,61,72,97,122,127,134,136,186,146,150,152,160,167,209,212,257,275,283,292,318,319,327,329,355,361,373,406,434,435
140:3,4,5,15,23,25,59,60,65,83,96,97,112,113,411,147,159,161,172,173,183,201,214,217,233,246,252,253,259,262,263,306,343,346,354,370,381,389,420,445,449
141:4,12,13,16,21,26,27,47,64,75,78,91,95,100,112,113,129,133,138,345,151,155,168,187,190,201,219,221,228,245,262,265,281,286,294,298,306,325,341,351,354,368,371,375,412,434,436,442
142:2,16,19,39,63,71,75,77,97,105,112,116,119,131,370,156,162,168,180,206,219,226,234,249,264,265,289,308,318,321,325,330,337,343,349,353,368,373,387,390,391,403,413
143:16,39,42,47,72,82,84,86,101,109,116,119,121,129,344,150,152,173,195,234,242,243,248,249,257,262,286,313,325,328,330,346,405,408,411,429,438
144:3,28,32,34,52,63,70,82,87,94,95,100,107,134,220,159,175,187,199,207,213,237,272,277,282,293,294,299,311,328,339,342,345,375,398,403,404,411,434,447
145:7,17,24,27,29,40,50,56,61,65,66,105,106,130,138,281,154,156,180,181,186,217,229,239,248,253,289,292,313,316,317,321,337,346,387,398,404,423,428,432,438
146:5,25,42,45,50,52,56,63,83,105,108,114,120,136,139,357,166,190,196,205,210,217,219,220,242,251,252,264,267,271,275,293,298,307,321,328,329,337,349,353,361,364,376,381,383,428,432,439,440,447
147:1,4,6,10,12,56,58,68,89,100,102,106,116,125,129,140,348,151,152,154,159,163,181,183,199,200,211,215,218,230,235,244,246,257,269,277,285,301,323,328,331,350,356,362,399
148:0,23,39,45,50,51,75,107,348,159,212,224,242,250,253,264,286,291,295,320,342,376,393,410,418,419
149:1,2,18,44,49,70,78,84,87,95,100,104,116,124,130,309,155,168,173,174,180,182,185,211,219,222,233,235,245,248,295,313,340,354,387,411,413,445
150:13,26,27,28,39,44,52,59,66,69,72,77,81,84,90,103,104,110,139,143,299,162,164,169,173,175,183,184,198,203,205,209,213,239,256,261,281,293,300,304,311,316,327,350,358,359,364,369,370,371,375,387,394,403,416,432
151:5,30,37,40,47,73,75,80,86,95,103,104,108,110,117,121,141,147,324,152,172,175,178,181,190,193,197,201,205,208,219,223,237,238,252,256,260,263,284,288,313,321,327,335,336,388,400,437,442
152:6,10,15,26,34,37,40,45,53,62,65,67,69,85,98,103,124,139,143,147,151,275,213,217,232,242,249,250,259,286,297,304,307,312,336,348,365,371,384,385,406,412,414,424,428,438
153:1,22,24,29,58,74,78,102,110,114,245,163,189,194,200,207,219,248,266,273,274,279,288,290,297,298,308,310,315,325,344,348,352,377,379,401,417,421
154:12,27,35,37,40,46,53,64,66,86,91,93,104,128,132,135,145,147,270,155,163,167,187,188,191,192,193,226,234,259,265,276,292,303,310,327,330,341,365,379,381,386,392,397,404,423,430,436,437,447
155:7,14,31,42,50,59,71,76,100,107,110,117,134,141,149,154,232,159,169,172,196,197,215,224,229,230,237,259,282,293,298,320,321,345,351,359,374,407,408,412,413,416,421,426,435
156:10,16,23,25,34,49,70,71,88,101,107,110,114,142,145,337,167,168,174,177,178,214,228,239,244,246,248,250,269,274,276,278,283,287,299,309,310,313,326,330,336,338,346,360,368,377,387,416,419,430,432,433,443,449
157:30,43,65,72,85,87,91,114,116,125,137,375,163,171,187,190,206,210,215,221,225,281,282,292,302,307,335,368,374,393,394,397,399,401,446
158:0,21,22,33,38,45,47,59,64,79,83,84,96,101,124,159,175,181,193,225,235,254,272,278,291,304,326,327,329,336,342,344,353,364,378,384,389,396,407,409,417,419
159:4,9,16,29,37,39,41,53,58,73,86,93,112,114,140,144,147,148,155,158,169,160,170,174,194,202,223,245,247,255,258,262,265,272,276,282,300,312,317,322,340,350,355,376,378,379,394,395,402,405,414,437,441,447
160:1,4,25,31,50,126,136,139,159,248,190,192,195,209,230,241,258,262,264,265,269,275,310,312,327,349,356,406,419
161:11,19,21,32,47,50,54,56,63,71,73,75,113,124,138,140,179,173,176,187,197,213,219,250,251,253,265,275,280,282,298,302,303,306,308,335,359,362,367,370,385,386,398,404,419,424,426,435,438,449
162:35,46,47,62,74,77,78,80,81,98,112,116,120,121,124,125,136,142,150,177,163,164,165,167,181,193,195,220,224,230,242,245,249,263,268,293,299,302,315,361,373,380,409,417,420,421,443,447,448
163:17,24,26,75,83,93,95,99,116,122,127,138,147,153,154,157,162,292,176,183,217,220,254,270,271,279,296,297,299,317,318,326,330,334,341,350,352,369,379,412,423,424,436,437,443,447
164:0,3,4,8,15,29,51,58,83,87,93,106,109,111,150,162,447,172,221,228,231,237,251,262,275,278,284,307,308,316,324,333,343,353,356,357,362,367,383,398,415,418,436,440,441,444
165:2,6,19,25,34,47,48,51,81,83,107,113,115,116,162,167,171,198,199,205,210,221,225,243,248,250,256,259,265,268,271,288,294,297,320,351,353,360,361,362,364,370,371,384,385,386,395,397,401,403,406,418,419,427,435,444
166:0,8,14,19,24,26,37,56,58,60,61,66,79,109,124,133,146,217,167,170,178,199,219,237,244,276,299,300,303,318,325,343,380,385,389,395,397,415,425,442
167:11,13,39,60,64,80,90,112,116,127,132,139,154,156,162,165,166,182,177,180,201,202,209,212,216,217,218,222,262,270,272,282,284,285,303,317,320,322,359,373,374,388,431,440
168:13,17,25,30,32,46,56,60,61,82,85,126,129,141,142,149,156,339,177,189,224,225,230,264,279,296,308,327,331,349,353,376,388,399,400,405,409,415,441,447,448
169:19,44,55,56,57,58,73,92,95,99,118,123,132,150,155,159,286,173,176,186,190,201,217,226,231,251,252,254,259,275,294,304,306,327,328,331,332,337,340,341,343,354,357,397,400,409,422,426,431
170:32,53,66,111,120,130,159,166,218,179,180,181,197,204,205,250,253,257,258,266,268,272,290,291,312,317,329,353,356,368,375,380,384,391,392,422
171:15,42,45,46,62,65,109,157,165,359,182,214,233,256,280,282,285,305,327,331,347,351,366,371,383,399,400,409,441,445
172:9,10,13,16,33,36,42,75,101,107,114,115,140,151,155,164,255,184,197,198,201,218,231,245,265,267,276,278,302,327,331,333,343,344,369,386,393,398,400,414,423,428,435
173:5,11,22,26,36,39,43,53,60,62,64,71,88,92,109,116,124,140,143,149,150,161,169,302,175,191,215,218,222,268,275,280,338,347,364,378,389,401,439,446
174:6,8,19,22,34,39,48,70,75,79,82,99,130,149,156,159,368,189,195,203,208,213,222,232,264,310,316,320,323,324,326,328,330,339,342,351,362,381,390,405,408,411,418,427,435,442
175:3,7,22,40,43,55,77,79,83,86,103,104,109,111,123,126,144,150,151,158,173,424,183,186,221,232,234,235,248,257,276,277,293,296,299,315,323,337,345,348,350,377,401,411,430,433,441,449
176:1,18,24,30,37,51,61,70,75,102,103,104,121,122,129,131,161,163,169,256,178,194,208,215,235,236,242,253,261,288,324,325,331,341,351,363,378,384,386,393,408,419,423,424,425,429,433,445,446
177:20,25,35,36,56,76,77,80,83,98,110,156,162,167,168,425,203,205,210,230,242,266,270,280,289,292,301,335,338,347,377,390,393,404,407,420,421,422,423,424,429
178:3,26,38,49,59,66,78,81,94,107,112,116,151,156,166,176,317,184,207,219,236,240,249,256,258,269,277,284,286,288,295,304,306,316,318,327,352,354,357,363,411,418,431,436,437,444,445
179:22,40,52,84,100,104,109,116,117,119,129,137,161,170,318,180,193,256,262,267,273,281,297,326,329,344,348,351,363,380,392,400,405,408,409,421,424,434,435,444,445
180:1,9,12,19,38,56,104,120,122,132,134,136,137,142,145,149,167,170,179,318,184,217,219,260,267,271,279,288,299,302,307,310,334,356,374,381,392,397,409,414,418,429,438
181:2,8,15,23,36,47,70,86,101,102,108,126,145,147,151,158,162,170,377,182,207,210,211,212,235,239,261,263,271,280,295,316,332,372,374,384,390,393,406,417,421,444
182:7,12,15,16,29,48,54,59,65,70,82,90,101,118,119,149,167,171,181,252,183,185,186,201,204,205,209,213,225,226,231,232,237,266,291,304,334,338,340,341,350,353,364,368,397,400,401,402,408,410,413,432,433,444
183:7,38,45,51,80,95,102,121,124,136,138,140,147,150,163,175,182,308,184,214,217,239,244,264,283,323,327,332,339,342,346,353,359,360,366,369,377,378,392,400,432,433,439
184:28,41,44,45,47,48,52,55,59,63,64,76,78,82,99,120,121,135,136,150,172,178,180,183,274,194,195,198,199,201,211,231,246,265,282,292,307,320,323,324,331,339,359,361,364,366,381,394,396,408,423,437,448
185:8,45,52,79,92,101,123,125,129,137,138,149,182,433,189,193,195,197,203,207,210,212,218,224,237,242,260,261,279,284,288,316,321,324,325,326,334,370,389,401,406,431,437
186:0,8,17,18,19,21,23,33,50,64,66,71,72,89,93,109,139,145,169,175,182,273,187,202,208,209,210,213,232,234,247,257,269,272,278,310,329,344,348,361,368,377,400,404,406,436,437
187:1,11,12,16,43,54,64,83,90,99,141,144,154,157,161,186,252,194,196,205,214,216,222,227,237,240,257,258,267,294,296,301,305,317,321,336,346,350,355,371,388,389,401,414,421,434,435
188:12,13,17,23,26,39,44,63,64,68,71,72,73,78,83,90,97,100,102,107,114,120,138,154,423,199,208,215,220,226,236,243,274,288,289,299,328,331,344,348,359,367,383,392,395,400,432,437,443,444
189:0,22,27,53,70,94,98,99,108,125,126,127,135,153,168,174,185,285,240,249,273,286,294,297,304,305,314,348,349,385,387,398,412,429,430
190:2,3,4,18,28,45,52,53,56,80,90,107,111,114,119,122,126,141,146,151,157,160,169,243,205,211,215,224,242,248,262,274,280,281,295,322,327,360,370,388,411,416,425,428
191:1,13,21,55,59,65,75,82,84,87,90,154,173,445,197,224,227,234,237,253,255,265,276,278,279,291,318,333,339,340,351,360,364,379,387,389,418,422,432,447
192:5,6,9,28,41,53,70,81,88,89,94,116,128,133,136,154,160,295,204,205,206,220,233,250,262,296,301,303,312,326,337,341,348,355,360,364,371,386,390,404,426
193:8,9,10,11,19,28,57,61,68,71,84,96,110,115,151,154,158,162,179,185,374,194,195,209,237,238,239,242,246,255,256,259,263,280,285,292,293,323,344,346,351,360,369,385,391,417,431
194:2,8,19,20,22,42,66,70,91,94,101,103,104,112,122,126,128,135,153,159,176,184,187,193,405,196,214,226,231,232,248,273,286,289,293,296,297,298,301,329,332,338,344,397,400,409,411,417
195:9,13,16,19,22,30,41,51,89,111,112,128,143,160,162,174,184,185,193,197,206,237,257,274,286,289,299,302,310,320,321,343,344,375,381,385,388,389,411,423,428,448
196:6,26,64,65,74,78,103,109,114,146,155,187,194,438,203,205,217,233,244,259,268,273,288,311,313,317,328,354,358,372,382,394,398,410,441,443,449
197:12,20,49,55,64,70,82,89,97,103,105,106,109,151,155,161,170,172,185,191,195,367,216,221,236,249,255,267,272,276,282,284,301,302,312,315,319,323,325,326,327,339,356,360,377,387,398,401,412,446,447,449
198:0,2,17,20,22,35,45,55,82,88,90,96,130,137,150,165,172,184,324,201,208,213,219,222,240,241,245,251,262,264,268,273,301,311,318,327,333,353,366,374,377,393,402,414
199:32,37,50,64,72,81,90,123,137,144,147,165,166,184,188,352,201,205,208,211,219,220,241,268,272,283,287,289,295,305,320,321,329,334,337,358,368,369,385,403,406,424,436,442
200:1,25,30,38,39,47,54,61,63,69,71,78,79,105,106,110,113,147,153,277,218,219,222,224,248,251,252,265,276,279,291,299,314,348,393,397,413,414,422,435,442
201:9,13,20,35,76,109,110,111,128,129,140,141,151,167,169,172,182,184,198,199,410,202,223,227,230,281,284,288,293,302,312,316,319,330,346,350,363,371,385,387,419,422,438,442,445,446
202:22,28,30,48,59,64,75,102,108,128,129,137,159,167,186,201,275,221,232,262,264,265,268,286,287,290,291,296,313,329,337,341,355,357,360,381,401,402,418,419,427,431
203:0,1,6,10,23,27,30,33,37,58,60,62,66,99,109,111,120,132,150,174,177,185,196,325,211,223,224,228,231,240,291,296,301,314,318,347,361,379,392,408,432,435,440,447
204:4,11,19,20,47,49,52,55,59,60,64,74,92,94,103,111,117,119,123,126,138,170,182,192,394,207,233,236,243,260,274,281,284,301,306,310,338,374,377,381,400,402,410,417,420,427,435,436,440,448
205:0,7,20,34,35,59,61,65,72,81,86,88,95,98,101,113,116,132,138,146,150,151,165,170,177,182,187,190,192,196,199,313,208,209,221,239,242,251,267,273,282,291,303,306,311,323,339,344,346,347,371,372,373,374,376,408,414,416,418,434,436
206:9,19,22,23,25,63,82,116,119,132,142,157,192,195,393,207,224,233,241,271,273,275,278,288,292,297,307,313,318,326,335,350,357,375,380,423,427,442
207:17,41,47,48,53,60,61,62,84,92,113,120,132,144,153,178,181,185,204,206,241,211,231,238,252,253,264,278,282,295,324,343,359,371,377,382,384,403,415,421,430
208:2,7,10,40,41,48,52,53,58,78,79,83,86,92,105,107,121,135,151,174,176,186,188,198,199,205,421,230,248,256,257,277,284,316,323,332,336,357,362,364,369,371,400,437
209:12,14,20,27,38,52,54,58,64,74,83,86,98,123,139,150,160,167,182,186,193,205,313,216,219,220,233,245,250,257,259,263,266,275,281,293,299,334,354,372,377,412,413,439,441,447
210:12,17,30,31,59,63,69,96,113,118,121,134,146,157,165,177,181,185,186,257,214,233,238,250,254,256,262,283,295,303,317,330,351,385,386,389,404,406,413,415
211:6,19,22,23,28,35,39,48,59,61,69,70,77,82,83,93,96,97,104,108,111,122,127,147,149,181,184,190,199,203,207,235,217,224,228,232,252,259,275,279,280,318,321,322,340,355,369,374,384,391,403,405,408,415,417,419,421,444
212:0,4,15,24,40,42,84,93,95,98,101,107,108,123,130,139,148,167,181,185,402,213,235,246,311,323,331,351,376,396,403,410,420,424,431,448
213:3,9,13,19,28,42,46,51,58,61,64,69,73,82,98,105,109,110,115,118,144,150,152,161,174,182,186,198,212,276,217,221,223,230,233,248,252,263,288,289,305,312,314,348,376,401,406,409,418,420,444,449
214:7,21,47,59,63,73,78,80,84,88,104,108,112,129,140,156,171,183,187,194,210,330,215,228,230,240,244,255,269,275,278,281,304,315,316,319,331,350,351,356,362,368,377,379,384,418,436,445
215:6,13,22,27,37,43,64,66,74,93,108,116,124,138,147,155,157,173,176,188,190,214,234,217,239,247,252,292,305,326,332,354,358,360,368,377,389,399,416,424
216:18,20,39,46,51,60,70,93,101,103,104,106,117,120,167,187,197,209,304,242,249,257,264,282,287,309,321,330,334,340,342,362,380,383,388,389,390,391,403,433,438,446
217:3,9,11,16,21,40,41,44,60,73,84,99,102,113,122,140,145,146,152,163,166,167,169,180,183,196,211,213,215,377,220,231,239,256,261,268,271,274,276,278,298,339,349,351,388,412,424
218:9,16,17,41,61,74,78,81,83,102,107,125,138,147,167,170,172,173,185,200,406,221,226,250,270,275,281,283,284,289,290,292,309,320,335,336,340,345,351,358,377,380,387,390,394,398,410,429,430,438,440,442
219:5,12,17,26,28,29,52,56,78,85,88,99,128,132,134,141,142,146,149,151,153,161,166,178,180,198,199,200,209,389,242,243,246,248,263,307,320,351,362,365,369,371,373,376,377,378,380,386,395,405,407
220:4,76,77,85,114,123,131,144,146,162,163,188,192,199,209,217,276,235,263,265,268,279,280,281,313,315,324,325,336,340,344,353,377,380,387,388,390,413,422,440
221:28,29,41,49,55,77,105,115,118,129,141,157,164,165,175,197,202,205,213,218,392,229,232,238,246,250,258,275,276,288,309,311,312,316,330,338,340,348,350,363,366,368,379,389,417,432
222:2,13,25,28,30,34,50,81,112,122,129,149,167,173,174,187,198,200,433,230,238,240,262,270,279,283,305,308,312,325,331,333,346,359,365,371,379,393,405,412,415,423
223:12,38,39,52,55,96,102,109,113,117,119,151,159,201,203,213,432,247,258,259,261,269,287,290,293,304,310,334,343,346,355,357,359,383,398,401,425,426,444
224:6,9,29,36,50,73,81,82,83,84,96,103,104,107,110,116,123,148,155,162,168,185,190,191,200,203,206,211,435,225,237,268,270,273,276,282,288,298,303,313,343,345,388,390,422,424,428,439
225:2,7,17,19,22,34,38,43,49,74,83,89,104,106,113,121,122,125,128,136,157,158,165,168,182,224,361,258,260,275,279,282,292,294,305,309,345,353,355,369,382,384,388,397,428,432,448
226:0,5,9,13,38,40,42,59,73,75,76,87,91,94,105,107,122,142,154,169,182,188,194,218,416,243,245,246,271,273,286,302,313,360,363,364,375,388,408,430,432,440,443,446
227:2,3,6,9,11,16,17,28,36,46,51,54,60,85,93,97,101,107,112,131,132,187,191,201,409,229,240,253,258,262,266,293,305,310,346,347,364,370,399,400,411,429,441
228:4,28,41,44,47,48,56,63,64,65,97,104,105,107,141,156,164,203,211,214,445,247,250,273,277,279,286,290,292,317,325,337,356,379,385,387,391,426
229:16,23,38,39,51,57,77,112,113,128,131,133,135,145,155,221,227,431,276,279,283,284,300,304,306,327,332,340,355,363,375,378,389,394,405,407,408,412
230:1,14,28,30,33,34,47,49,50,60,66,67,70,71,91,108,114,120,135,147,155,160,162,168,177,201,208,213,214,222,367,235,236,244,265,277,279,308,310,316,331,337,338,339,362,363,374,377,384,393,396,431,445
231:11,19,20,27,55,106,111,123,128,164,169,172,182,184,194,203,207,217,256,239,245,254,266,283,304,324,327,338,340,348,350,364,366,371,376,389,405,437,444
232:7,29,51,58,72,81,110,121,152,155,174,175,182,186,194,202,211,221,273,254,259,269,285,286,310,314,324,328,329,338,353,360,366,385,398,411,417,418,421,422,426,441
233:10,11,17,26,31,32,40,61,67,74,78,95,100,111,133,140,149,171,192,196,204,206,209,210,213,359,241,257,258,266,270,322,335,339,341,347,366,371,380,388,391,404,428,438,439,444,447
234:6,8,36,57,65,71,76,80,91,94,111,113,115,117,128,142,143,154,175,186,191,215,425,244,265,266,291,292,307,309,318,332,336,339,351,362,369,377,394,399,421,423,432,445
235:16,17,20,30,32,42,50,53,56,59,67,72,73,99,107,109,130,134,138,147,149,158,175,176,181,211,212,220,230,312,280,283,288,300,322,334,340,370,373,392,419,435,439
236:1,14,32,35,37,42,44,46,48,57,58,67,68,73,75,101,116,130,176,178,188,197,204,230,330,237,239,241,244,251,253,264,265,287,288,291,299,305,308,371,379,382,410,431
237:23,32,39,42,50,58,67,69,73,82,84,93,99,144,151,155,164,166,182,185,187,191,193,195,224,236,401,241,259,260,261,273,296,301,311,322,323,324,326,328,331,338,343,344,358,365,405,422,424,432,435,441,444,449
238:13,26,27,33,51,54,56,58,76,84,86,89,104,119,122,129,137,151,193,207,210,221,222,362,243,250,251,253,295,308,327,332,340,355,371,384,386,393,400,404,425,435,441,442
239:9,14,15,17,38,60,61,70,78,85,103,110,113,114,135,145,150,156,181,183,193,205,215,217,231,236,404,261,269,276,279,292,298,314,317,331,344,355,363,369,377,386,394,401,408,422,430,433,447
240:4,27,60,68,71,77,91,118,178,187,189,198,203,214,222,227,245,241,242,250,267,270,272,297,304,313,325,330,336,340,343,351,352,369,374,383,415,431,433,441
241:20,34,37,40,54,81,85,108,110,119,120,122,160,198,199,206,207,233,236,237,240,359,248,254,258,286,293,309,310,328,350,353,356,388,390,391,393,406,423,424,445
242:10,13,17,22,24,36,38,47,51,65,69,78,83,101,106,113,124,143,146,148,152,162,176,177,185,190,193,205,216,219,240,396,247,259,264,281,290,291,296,303,315,319,327,343,356,367,376,380,404,406,410,416,432,439,445
243:0,9,10,16,29,45,58,59,64,70,80,95,101,110,118,127,135,143,165,188,190,204,219,226,238,413,258,264,266,271,276,278,291,308,325,326,334,339,350,352,360,374,378,380,387,388,402,429
244:19,21,24,26,32,39,61,68,86,93,118,120,130,134,147,156,166,183,196,214,230,234,236,274,251,259,286,289,303,305,312,321,322,348,353,381,382,416,444,448
245:0,7,18,23,27,30,31,36,59,85,115,128,141,149,153,159,162,172,198,209,226,231,240,420,251,253,265,275,285,310,316,330,339,343,353,377,380,381,400,406,414,423,433,446,448,449
246:19,29,34,36,44,52,56,65,99,102,109,123,140,147,156,184,193,212,219,221,226,261,260,266,270,287,302,309,354,356,358,360,365,375,376,377,381,388,395,398,429
247:6,11,17,24,27,36,45,53,55,95,103,104,105,110,124,135,159,186,215,223,228,242,419,268,272,289,291,300,305,306,313,320,321,340,363,367,388,396,422,446
248:12,15,25,39,40,50,54,55,60,79,93,109,113,119,120,136,143,145,149,153,156,160,165,175,190,194,200,208,213,219,241,406,249,255,258,282,324,325,331,340,358,362,367,371,384,386,413,414,429,430,433,438
249:23,36,77,82,95,98,103,106,117,122,127,136,138,142,143,152,162,178,189,197,216,248,280,252,257,278,281,348,352,365,372,401,403,410,415,424,446,447
250:0,10,22,30,37,38,50,52,62,63,70,85,112,148,152,156,161,165,170,192,209,210,218,221,228,238,240,314,254,260,281,293,326,332,342,343,359,360,365,401,422,435
251:6,23,47,61,67,72,77,84,92,93,106,117,132,133,135,146,161,164,169,198,200,205,236,238,244,245,435,253,254,264,266,280,298,308,313,317,339,345,347,385,387,409,420,436,442,449
252:1,31,53,58,68,74,83,98,101,119,122,127,131,134,140,146,151,169,182,187,200,207,211,213,215,249,402,253,255,275,278,286,291,293,296,301,318,328,332,363,370,418,428,429,430,439,447
253:1,35,40,53,57,58,87,92,110,113,140,145,148,161,170,176,191,207,227,236,238,245,251,252,387,266,271,277,287,288,319,321,365,368,373,377,408,415,420,438,441,442,447
254:8,11,28,33,38,48,51,55,57,61,88,113,117,158,163,169,210,231,232,241,250,251,433,258,279,281,282,293,303,339,340,344,355,374,389,409,411,428,431,438
255:1,22,36,40,51,63,68,71,92,131,137,159,172,191,193,197,214,248,252,413,258,262,263,277,291,295,297,301,304,314,315,340,347,353,375,386,405,414,417,424,432,434
256:4,5,8,53,57,64,72,74,79,93,102,129,132,135,150,151,165,171,176,178,179,193,208,210,217,231,373,264,276,308,315,318,337,338,344,345,349,355,359,369,388,398,405,412,438,440,441
257:21,50,55,56,63,77,78,84,99,110,130,137,139,143,147,170,175,186,187,195,208,209,210,216,233,249,308,258,271,283,287,294,301,302,306,326,337,348,360,364,367,380,386,402,415,416,433
258:5,10,22,40,56,89,95,105,114,116,130,159,160,170,178,187,221,223,225,227,233,241,243,248,254,255,257,283,259,302,306,308,321,327,336,341,382,386,395,399,401,403,411,416,434,446
259:23,25,31,34,36,43,44,59,62,73,79,81,86,98,114,117,123,132,140,152,154,155,165,169,193,196,209,211,223,232,237,242,244,258,413,291,293,301,317,318,351,368,408,411,439
260:22,24,27,68,104,116,151,180,185,204,225,237,246,250,412,266,277,281,303,304,311,327,340,361,417,421,446,449
261:6,11,53,56,87,89,94,98,112,134,150,176,181,185,217,223,237,239,246,341,262,266,279,287,298,300,301,302,304,307,316,327,339,374,377,378,384,409,420,432,439,444
262:13,35,36,55,60,69,82,90,99,108,131,140,141,143,159,160,164,167,179,190,192,198,202,210,222,227,255,261,310,282,285,288,297,305,309,325,328,334,339,360,364,366,368,372,381,386,387,389,403,405,419
263:15,19,23,33,36,42,65,69,73,74,75,94,125,140,151,162,181,193,209,213,219,220,255,427,266,267,277,278,293,314,318,346,347,348,353,362,384,393,423,426,444
264:12,38,41,45,55,65,74,94,96,136,142,146,148,160,168,174,183,198,202,207,216,236,242,243,251,256,383,291,297,304,309,328,342,344,348,372,389,404,411,416,418,424
265:2,9,23,28,38,58,61,64,77,92,117,141,142,154,159,160,161,165,172,184,191,200,202,220,230,234,236,245,277,275,305,373,394,395,403,404,415,421,423,430,435,437,445
266:0,10,34,39,80,98,110,113,119,124,153,170,177,182,209,227,231,233,234,243,246,251,253,260,261,263,438,271,288,296,298,304,306,309,330,336,368,395,401,406,420
267:0,5,12,16,18,26,36,49,107,146,172,179,180,187,197,205,240,263,378,278,282,287,296,303,308,309,311,318,328,354,360,362,368,376,377,389,391,430,442,445,446
268:7,25,28,31,32,35,48,66,67,68,72,85,88,99,125,162,165,170,173,196,198,199,202,217,220,224,247,386,284,294,298,307,319,327,340,345,352,368,379,426,439
269:16,18,19,24,33,57,60,76,80,88,97,106,126,130,147,156,160,178,186,214,223,232,239,427,270,285,300,309,312,337,339,343,345,352,354,360,365,371,386,391,394,396,407
270:11,16,21,23,36,53,58,61,71,80,84,107,122,131,154,163,167,177,218,222,224,233,240,246,269,421,278,282,301,310,311,336,346,351,354,356,361,380,385,399,406,413,415,433
271:1,33,36,55,65,88,106,116,128,137,146,163,165,180,181,206,217,226,243,253,257,266,282,280,300,301,311,346,348,368,372,394,397,401,421,425,426,429,432,435,437
272:16,21,26,32,39,42,43,57,60,69,77,79,80,85,86,95,114,117,144,158,159,167,170,186,197,199,240,247,447,285,287,317,318,327,334,347,351,353,359,360,365,376,385,386,399,411,428,434,437,440,446
273:14,15,17,23,31,43,53,63,106,113,122,124,125,131,153,179,186,189,194,196,198,205,206,224,226,228,232,237,446,278,280,301,317,337,340,346,352,359,367,370,376,385,401,402,429,432,434,444
274:6,8,10,13,53,54,58,70,74,90,97,100,115,131,153,156,184,188,190,195,204,217,244,340,278,285,323,332,341,362,368,370,379,380,386,387,395,406,418,420,447
275:1,6,14,36,38,65,71,75,79,82,114,121,130,139,146,152,160,161,164,169,173,202,206,209,211,214,218,221,225,245,252,265,351,293,301,310,317,321,338,354,402,415,423,441
276:47,84,93,94,101,103,118,130,133,154,156,159,166,172,175,191,197,200,213,217,220,221,224,229,239,243,256,296,287,291,307,312,316,318,324,351,360,363,379,388,394,397,401,412,414,418,420,428,429,438,442
277:5,11,20,61,62,64,67,74,78,94,97,104,123,127,144,147,175,178,200,208,228,230,253,255,260,263,265,344,291,314,318,341,359,361,370,373,374,401,402,412,432,437,441,445
278:1,2,12,13,14,17,21,26,30,31,39,65,73,77,94,112,120,125,127,128,130,156,158,164,172,186,191,206,207,214,217,243,249,252,263,267,270,273,274,353,282,323,327,337,338,361,366,377,383,389,397,415,420,423,430
279:17,36,38,46,75,77,82,87,94,98,105,111,125,131,136,153,163,168,180,185,191,200,211,220,222,225,228,229,230,239,254,261,402,286,287,328,331,333,360,389,398,399,415,429,430,449
280:7,8,14,27,28,31,36,39,44,61,66,70,81,88,97,112,121,129,136,161,171,173,177,181,190,193,211,220,235,249,251,271,273,310,282,284,292,295,301,302,309,323,353,381,384,387,406,408,422,431
281:3,7,16,42,60,65,97,103,119,133,141,145,150,157,179,190,201,204,209,214,218,220,242,249,250,254,260,368,284,305,306,308,315,316,319,320,327,329,332,351,355,359,361,363,382,415,432,434
282:1,2,14,21,46,52,66,68,74,76,91,94,99,114,129,131,144,155,157,159,161,167,171,184,197,205,207,216,224,225,248,254,262,267,270,271,278,280,323,287,295,309,328,332,376,383,388,389,394,396,397,401,413,418,419
283:11,29,44,60,69,76,92,104,109,132,137,139,156,183,199,210,218,222,229,231,235,257,258,412,328,330,339,348,357,358,364,372,376,393,413,426
284:19,30,37,61,63,66,70,88,102,127,151,164,167,178,185,197,201,204,208,218,229,268,280,281,366,308,309,316,327,337,346,362,365,368,373,380,383,386,414,443,448
285:6,11,12,32,36,41,52,65,75,82,85,98,120,129,133,147,167,171,189,193,232,245,262,269,272,274,438,299,310,317,331,335,346,364,366,373,402,406,410,415,417,447
286:0,6,9,19,21,46,95,96,97,98,126,141,143,148,152,169,178,189,194,195,202,226,228,232,241,244,252,279,430,299,300,303,342,349,376,395,396,397,399,410,417,425,432,443
287:0,10,29,32,48,49,51,56,58,66,67,81,88,100,105,111,122,129,156,199,202,216,223,236,246,253,257,261,267,272,276,279,282,294,291,305,317,326,327,328,336,338,339,347,352,356,359,379,394,397,401,402,408,449
288:5,8,16,42,46,69,70,71,72,80,95,101,121,124,128,133,136,151,153,165,176,178,180,185,188,196,201,206,213,221,224,235,236,253,262,266,331,289,299,307,312,341,366,368,431,439,446
289:14,22,23,30,35,42,54,63,75,78,86,91,93,100,125,127,132,133,142,145,177,188,194,195,199,213,218,244,247,288,449,309,316,320,322,323,324,326,336,340,342,347,364,369,380,381,387,391,394,400,404,405
290:1,11,34,45,53,74,86,92,98,115,126,153,170,202,218,223,228,242,438,303,312,314,321,329,347,355,356,364,375,377,381,391,394,399,418,422,426
291:10,11,26,32,36,40,43,45,48,49,52,67,77,81,83,93,110,121,125,135,148,158,170,182,191,200,202,203,205,234,236,242,243,247,252,255,259,264,276,277,287,348,313,314,317,329,335,376,398,406,421,423,433
292:27,32,36,51,57,64,83,90,94,139,145,154,157,163,177,184,193,206,215,218,225,228,234,239,280,438,306,315,320,322,345,354,358,361,387,399,407
293:7,8,15,20,22,32,41,43,51,55,71,76,83,101,109,126,132,144,146,150,155,162,175,193,194,201,209,223,227,241,250,252,254,259,263,275,334,324,331,343,344,345,350,363,376,395,397,401,410,415,432
294:3,36,38,83,96,100,121,141,144,165,169,187,189,225,257,268,287,335,324,328,333,336,353,361,366,377,401,407,418,447
295:2,25,29,46,55,65,73,78,84,96,102,104,116,132,148,149,178,181,190,192,199,207,210,238,255,280,282,449,299,314,320,325,334,352,362,386,411,418,438,441,442
296:2,36,37,55,56,75,79,92,97,98,123,127,132,133,134,163,168,175,187,192,194,202,203,237,242,252,266,267,276,362,305,312,316,327,364,375,404,405,409,414,421,433,439,441
297:1,3,7,8,11,28,33,56,61,62,72,75,87,93,112,119,123,127,152,153,163,165,179,189,194,206,240,255,262,264,444,305,311,315,346,366,387,432,440,446
298:41,48,63,64,92,107,124,136,141,146,153,155,161,194,217,224,239,251,261,266,268,392,321,323,337,354,360,370,386,419,431
299:1,10,11,27,28,45,52,56,75,90,107,116,119,129,136,137,144,150,156,162,163,166,175,180,188,195,200,209,236,285,286,288,295,365,311,324,331,339,356,360,361,395,404,405,415,438,442,449
300:14,20,28,48,53,56,61,62,65,66,69,75,113,150,159,166,229,235,247,261,269,271,286,391,313,321,324,336,337,342,353,361,363,371,382,388,393,403,417,426,432,436,437
301:6,7,8,22,28,35,37,39,54,59,62,64,73,79,82,85,99,107,111,132,136,147,177,187,192,194,197,198,203,204,237,252,255,257,259,261,270,271,273,275,280,371,330,332,339,377,382,391,396,417,424,427
302:16,46,53,59,68,76,85,89,91,94,115,126,157,161,162,172,173,180,195,197,201,226,246,257,258,261,280,305,304,311,331,346,365,404,408,419,423,445
303:6,21,22,27,28,38,51,83,90,95,118,120,138,154,161,166,167,192,205,210,224,242,244,254,260,267,286,290,424,319,336,345,348,355,362,382,392,397,439,442
304:1,4,7,19,34,35,36,41,49,55,58,64,72,88,93,95,103,110,138,150,152,158,169,178,182,189,214,216,223,229,231,240,255,260,261,264,266,302,333,313,315,316,318,340,348,356,372,382,417,420,436,442
305:1,3,5,13,22,25,33,37,64,68,77,79,80,83,88,93,106,110,113,134,171,187,189,199,213,215,222,225,227,236,244,247,262,265,281,287,296,297,302,345,342,346,387,392,419,425
306:0,21,30,43,49,58,60,92,108,125,126,129,137,140,141,161,169,178,204,205,229,247,257,258,266,281,292,345,326,336,341,355,366,389,400,401,403,414,416,436,446,447
307:24,39,48,51,71,82,87,88,96,109,129,135,146,152,157,164,180,184,206,219,234,261,268,276,288,440,317,326,365,380,383,391,394,399
308:8,9,30,33,42,57,58,71,80,116,121,125,129,135,142,153,161,164,168,183,222,230,236,238,243,251,256,257,258,267,281,284,333,318,327,330,344,354,382,388,397,408,429
309:17,18,33,42,50,62,71,84,98,119,129,149,156,216,218,221,225,234,241,246,262,264,266,267,269,280,282,284,289,325,321,334,336,338,369,387,401,407,413,419
310:3,11,18,32,37,40,46,58,59,87,108,111,117,137,153,154,156,160,174,180,186,195,204,223,227,230,232,241,245,262,270,275,280,285,325,318,319,336,346,385,391,412,424
311:36,47,86,87,98,117,131,144,150,196,198,205,212,221,237,260,267,270,271,297,299,302,329,335,338,343,345,355,372,377,380,382,384,393,399,418,419,437
312:5,13,16,25,41,42,47,48,57,91,106,108,127,138,152,159,160,170,192,197,201,213,221,222,235,244,269,276,288,290,296,354,329,350,360,365,367,368,370,373,389,398,403,421,439,440
313:3,8,16,26,46,47,49,93,101,103,110,111,137,138,143,145,149,151,156,196,202,205,206,209,220,224,226,240,247,251,291,300,304,360,314,333,356,363,370,376,381,392,395,402,408,417,421,429
314:4,35,59,65,120,132,133,189,200,203,213,232,239,250,255,263,277,290,291,295,313,426,343,345,366,372,373,400,411
315:10,29,44,56,95,103,111,117,118,153,162,175,197,214,220,242,255,256,281,292,297,304,317,323,332,343,358,378,385,393,396,412,413,420,422
316:23,44,46,48,55,58,62,72,77,83,88,97,101,102,103,122,134,145,150,164,174,178,181,185,201,208,214,221,230,245,261,276,281,284,289,296,304,447,333,351,354,380,420,421,434
317:5,12,16,25,41,42,48,55,70,73,80,90,99,118,145,159,163,167,170,178,187,196,210,228,239,251,259,272,273,275,285,287,291,307,315,352,321,330,345,358,376,414,421,442,449
318:30,47,48,53,70,86,91,116,121,122,123,125,133,134,139,142,163,166,178,179,180,191,198,203,206,211,234,252,256,259,263,267,272,276,277,304,308,310,434,320,330,334,346,351,363,378,384,385,391,397,401,402,407,412,426,428,445
319:1,45,53,61,69,78,84,87,88,101,111,114,119,120,136,139,197,201,214,242,253,268,281,303,310,398,337,350,354,360,368,370,371,378,381,396,404,423,426,431,435,443,446
320:4,9,16,17,27,29,49,51,58,89,102,111,129,136,148,155,165,167,174,184,195,199,218,219,247,281,289,292,295,318,347,327,353,374,380,381,383,386,387,391,393,408,441,446
321:2,9,59,60,68,81,101,111,114,137,142,145,146,151,155,185,187,195,199,211,216,244,247,253,258,275,290,298,300,309,317,448,329,364,369,374,375,393,396,412,414,416,421,428
322:4,10,23,38,45,99,102,117,133,159,167,190,211,233,235,237,244,289,292,361,327,337,345,346,348,350,359,383,393,397,407,409,424,436
323:3,6,8,23,24,28,32,45,52,74,79,104,133,147,174,175,183,184,193,197,205,208,212,237,274,278,280,282,289,298,315,420,335,341,365,375,389,406,414,430,436,442
324:5,19,22,34,50,56,96,100,107,127,130,151,164,174,176,184,185,198,207,220,231,232,237,248,276,289,293,294,299,300,415,357,369,373,387,389,424,426,430,434
325:31,50,52,63,67,71,82,90,91,94,103,113,127,132,137,138,141,142,143,153,166,176,185,197,203,220,222,228,240,243,248,262,295,309,310,390,329,369,376,379,393,432,439,444,446
326:3,20,43,92,101,114,128,156,158,163,174,179,185,192,197,206,215,237,243,250,257,287,289,306,307,422,332,338,341,356,377,383,386,390,407,414,426
327:23,27,46,57,66,93,97,117,120,123,132,133,139,150,151,154,158,160,168,169,171,172,178,183,190,197,198,229,231,238,242,258,260,261,268,272,278,281,284,287,296,308,320,322,391,334,341,344,353,355,359,371,381,385,390,392,394,413,416,424
328:29,32,58,73,74,76,82,113,117,118,123,129,143,144,146,147,169,174,188,196,232,237,241,252,262,264,267,279,282,283,287,294,337,336,358,362,368,389,414,437,449
329:3,4,19,33,51,72,74,98,102,117,122,134,139,146,158,170,179,186,194,199,202,232,281,290,291,311,312,321,325,363,335,340,356,362,380,381,434
330:3,9,10,16,17,24,29,48,76,87,90,95,113,127,142,143,154,156,163,174,201,210,214,216,221,236,240,245,266,283,301,308,317,318,405,341,354,355,372,376,395,399,409,413,424,429,430
331:13,25,28,38,47,57,91,108,117,130,147,168,169,171,172,176,184,188,212,214,222,230,237,239,248,279,285,288,293,299,302,369,345,359,360,373,399,425
332:13,26,28,67,68,79,87,103,104,109,114,115,116,128,169,181,183,194,208,215,229,234,238,250,252,274,281,282,301,315,326,410,333,340,350,358,373,375,385,392,403,409,414,424,437
333:14,16,21,45,46,51,52,57,103,113,122,126,129,164,172,191,198,222,279,294,304,308,313,316,332,400,340,349,360,378,380,392,395,398,413,417,428
334:8,18,36,45,48,57,69,70,74,90,93,101,105,111,124,163,180,182,185,199,209,216,223,235,243,262,272,293,295,309,318,327,441,344,356,368,374,378,386,405,416
335:7,12,54,61,73,80,92,94,123,125,133,151,157,161,177,206,218,233,285,291,294,311,323,329,382,336,341,343,360,364,367,385,390,408,441,443,449
336:7,12,23,26,48,56,67,82,120,121,126,133,151,152,156,158,187,208,218,220,234,240,258,266,270,287,289,294,300,303,306,309,310,328,335,396,354,360,402,413,415,430,436
337:5,29,32,45,59,68,101,104,108,123,126,138,142,145,146,156,169,175,192,199,202,228,230,256,257,269,273,278,284,298,300,319,322,328,362,341,349,352,364,374,380,393,394,397,419,422,424,444
338:18,32,36,48,87,88,93,110,119,120,127,129,133,156,173,177,182,194,204,221,230,231,232,237,256,275,278,287,309,311,326,400,340,341,365,374,380,384,404,433,437,448
339:6,33,34,43,79,94,123,144,168,174,183,184,191,197,205,217,230,233,234,243,245,251,254,261,262,269,283,287,299,301,340,342,345,351,354,361,362,369,387,410,432,439,441
340:5,28,31,34,43,51,57,59,97,107,109,118,121,138,149,159,169,182,191,211,216,218,220,221,229,231,235,238,240,247,248,254,255,260,268,273,274,289,304,329,332,333,338,339,421,342,364,368,374,386,403,418,443
341:18,22,28,31,33,54,56,60,66,95,108,110,127,141,154,163,169,176,182,192,202,233,258,261,274,277,288,306,323,326,327,330,335,337,338,352,342,362,369,373,389,402,420,433,441
342:3,5,8,9,16,28,29,31,32,34,53,59,108,119,128,132,144,148,158,174,183,216,250,264,286,289,300,305,339,340,341,363,348,354,365,379,383,385,388,390,392,396,397,401,406,435,436,448
343:8,14,37,41,46,53,57,77,83,86,115,120,140,142,164,166,169,172,195,207,223,224,237,240,242,245,250,269,293,311,314,315,335,387,351,355,367,397,407,416,422,425
344:21,24,28,39,54,57,75,105,115,117,123,126,143,153,158,172,179,186,188,193,194,195,205,220,237,239,254,256,264,277,293,308,327,334,433,351,391,397,409,412,421,425,438
345:4,6,10,20,47,51,55,82,99,109,112,113,117,131,141,144,155,175,218,224,225,251,256,268,269,292,293,303,305,306,311,314,317,322,331,339,349,357,358,361,370,382,395,402,423
346:15,36,64,73,79,93,136,140,143,145,156,183,187,193,201,205,222,223,227,263,270,271,273,284,285,297,302,305,310,318,322,398,371,376,379,381,382,404,418
347:2,4,5,8,21,41,125,131,132,171,173,177,203,205,227,233,251,255,263,272,287,289,290,320,354,348,376,387,403,438
348:12,25,26,44,47,53,55,56,60,67,68,77,87,96,102,118,123,147,148,152,153,175,179,186,188,189,192,200,213,221,231,244,249,257,263,264,271,283,291,303,304,322,342,347,441,354,356,369,371,373,374,383,388,399,415,417,422,430,431,438
349:9,16,29,32,37,45,47,65,66,67,75,94,104,106,112,116,120,123,125,127,142,146,160,168,189,217,256,286,333,337,345,399,352,358,372,379,433,445
350:1,15,20,28,39,46,57,67,68,94,106,112,118,134,147,150,159,163,175,182,187,201,206,214,221,231,241,243,293,312,319,322,332,382,359,370,376,390,402,407,421,427,440
351:38,47,60,63,68,80,89,90,98,100,106,141,155,165,171,174,176,179,191,193,210,212,214,217,218,219,234,240,259,270,272,275,276,281,316,318,339,343,344,396,359,377,378,427,439,443,449
352:6,7,10,14,15,41,47,48,87,116,121,123,138,153,163,178,199,240,243,249,268,269,273,287,295,317,337,341,349,371,365,369,389,399,404,406,417,425,427,437,445,446
353:2,6,13,14,22,50,52,64,71,75,76,80,87,102,103,113,116,125,142,146,158,164,165,168,170,182,183,198,220,225,232,241,244,245,255,263,272,278,280,294,300,320,327,422,357,359,363,377,381,386,389,402,436
354:27,37,43,87,111,135,140,141,149,169,178,196,209,215,246,267,269,270,275,292,298,308,312,316,319,330,336,339,342,347,348,446,377,378,383,387,396,399,426,427,437,440,442
355:14,26,44,46,50,52,87,91,95,96,98,129,132,134,139,159,187,192,202,211,223,225,229,238,239,254,256,281,290,303,306,311,327,330,343,427,370,372,399,400,407,409,423,424,428,430,433,438,439,440,442,445
356:20,25,35,44,46,63,79,83,109,113,127,132,147,160,164,170,180,197,214,228,241,242,246,270,287,290,299,304,313,326,329,334,348,368,371,374,375,378,386,388,404,417,432,445,447
357:9,11,38,48,59,74,79,88,89,100,113,121,131,137,146,164,169,178,202,206,208,223,283,324,345,353,449,360,374,396,398,400,406,420,426,428,430,446
358:0,12,31,36,38,46,66,67,88,93,94,150,196,199,215,218,237,246,248,283,292,315,317,328,332,345,349,433,368,371,379,400,416,434,439
359:10,11,15,17,18,55,65,82,87,94,101,105,109,125,127,128,129,135,137,138,150,155,161,167,171,183,184,188,207,222,223,233,241,250,256,272,273,277,281,287,322,327,331,350,351,353,372,368,369,377,378,390,398,401,408,421
360:2,8,9,13,21,44,54,57,84,110,113,123,129,135,156,165,183,190,191,192,193,197,202,215,226,232,243,246,250,257,262,267,269,272,276,279,298,299,312,313,319,331,333,335,336,357,390,371,388,407,410,415
361:4,44,56,58,59,77,80,81,109,111,119,122,139,146,162,165,184,186,203,225,260,270,277,278,281,292,294,299,300,322,339,345,380,368,384,397,400,403,404,405,413,414,420,437
362:18,21,27,41,70,72,78,81,97,100,104,105,120,124,147,161,164,165,174,208,214,216,219,230,234,238,248,263,267,274,284,295,296,303,328,329,337,339,341,435,368,379,395,398,400,401,412,415,438,449
363:30,32,49,67,75,85,106,119,128,176,178,179,201,221,226,229,230,239,247,252,276,281,293,300,313,318,329,342,353,441,376,377,383,385,396,401,406,409,417,429
364:20,28,46,55,57,58,78,79,83,103,146,150,158,165,173,182,184,191,192,208,226,227,231,257,262,283,285,289,290,296,321,335,337,340,435,366,371,379,385,391,423,425,437,441
365:20,23,46,75,131,134,152,154,219,222,237,246,249,250,253,269,272,284,299,302,307,312,323,338,342,352,421,367,368,369,374,375,378,392,404,410,412,422,423,428,430,433,440
366:10,28,29,36,41,58,60,62,74,89,98,104,109,125,126,134,171,183,184,198,221,231,232,233,262,278,284,285,288,294,297,306,314,364,434,389,393,398,403,404,411,421,422,435
367:1,3,12,16,20,37,49,53,58,69,77,91,94,97,108,111,125,128,132,161,164,188,197,230,242,247,248,257,273,312,335,343,365,396,387,408,414,416,437,445
368:8,63,65,109,141,142,156,157,170,174,182,186,199,214,215,221,253,259,262,266,267,268,271,274,281,284,288,312,319,328,334,340,356,358,359,361,362,365,402,420,427,436,447
369:17,34,74,76,77,119,127,150,163,172,183,193,199,208,211,219,225,234,239,240,256,289,309,321,324,325,331,339,341,348,352,359,365,381,371,388,396,418,423,431,433,447
370:6,24,30,32,45,70,83,88,127,129,137,140,142,150,161,165,185,190,227,235,252,273,274,277,298,312,313,319,345,350,355,438,372,383,393,396,401,411,439,442
371:2,11,18,19,32,42,56,69,75,89,136,138,141,150,152,165,171,187,192,201,205,207,208,219,222,231,233,236,238,248,269,300,301,319,327,346,348,352,356,358,360,364,369,409,373,375,391,399,435,442
372:8,11,38,51,66,72,106,108,181,196,205,209,249,262,264,271,283,304,311,314,330,349,355,359,370,394,386,388,397,426,428,444,448
373:35,36,44,46,56,58,59,62,75,80,90,102,103,139,142,162,167,205,219,235,253,256,265,277,284,285,312,314,324,331,332,341,348,371,392,388,421,448
374:5,17,21,27,28,36,51,55,58,74,80,93,111,118,133,155,157,167,180,181,193,198,204,205,211,230,240,243,254,261,277,320,321,334,337,338,340,348,356,357,365,419,393,397,400,411,412,418,420,421,429,430,437
375:66,68,81,107,111,115,128,129,131,132,141,144,150,157,170,195,206,226,229,246,255,290,296,321,323,332,356,365,371,443,376,379,383,386,399,420,427,433,435,440
376:3,53,87,98,111,124,146,148,159,168,205,212,213,219,231,242,246,267,272,273,282,283,286,291,293,313,317,325,330,346,347,350,363,375,425,408,411,421,429,432,433,438
377:15,16,41,42,46,74,114,116,135,153,156,175,177,181,183,186,197,198,204,207,209,214,215,217,218,219,220,230,234,239,245,246,253,261,267,278,290,294,301,311,326,351,353,354,359,363,422,435,440,446
378:9,10,23,29,53,58,62,67,79,93,94,102,113,118,158,159,173,176,183,219,229,243,261,267,315,318,319,333,334,351,354,356,359,365,448,392,399,409,414,419
379:1,7,17,32,37,72,79,87,96,100,111,112,123,132,153,154,159,163,191,203,214,221,222,228,236,268,274,276,287,325,342,346,349,358,362,364,375,391,383,384,389,390,393,402,411,422,437,443,444,446
380:21,26,31,32,33,62,66,76,79,86,99,101,113,115,116,134,162,166,170,179,206,216,218,219,220,233,242,243,245,257,270,274,284,289,307,311,316,320,329,333,337,338,361,426,382,392,395,398,404,407,412,423,427,435
381:4,18,26,35,63,66,71,84,97,102,132,140,146,154,174,180,184,195,202,204,244,245,246,262,280,289,290,313,319,320,327,329,346,353,369,417,384,385,386,407,410,432
382:8,27,29,53,67,79,80,97,99,122,125,128,132,133,196,207,225,236,244,258,281,300,301,303,304,308,311,335,345,346,350,380,389,384,397,421,422,429,434,436,441
383:4,7,12,16,23,67,81,91,94,104,109,120,126,137,146,164,171,188,216,223,240,264,278,282,284,307,320,322,326,342,348,354,363,370,375,379,412,385,399,406,416,419,422,431,435
384:0,5,16,23,24,29,38,57,69,97,102,111,120,135,137,138,152,158,165,170,176,181,207,211,214,225,230,238,248,261,263,280,311,318,338,361,379,381,382,406,387,388,393,410,418,445
385:31,41,42,56,74,94,103,116,119,132,152,161,165,166,189,193,195,199,201,210,228,232,251,270,272,273,310,315,318,327,332,335,342,363,364,381,383,398,388,399,406,421,424,427,436,437,438,444
386:6,34,43,50,61,78,121,154,161,165,172,176,192,210,219,238,239,248,255,257,258,262,268,269,272,274,284,295,298,320,326,334,340,353,356,372,375,381,434,397,400,448
387:4,19,40,46,57,59,72,80,88,90,94,106,118,119,122,129,142,145,149,150,156,189,191,197,201,218,220,228,243,251,253,262,274,280,289,292,297,305,309,320,324,339,343,347,354,367,384,423,409
388:6,16,20,28,36,41,62,98,120,123,131,133,151,167,168,187,190,195,216,217,220,224,225,226,233,241,243,246,247,256,276,282,300,308,342,348,356,360,369,372,373,384,385,407,396,399,418,425,433,448
389:21,28,31,34,60,75,93,99,105,107,125,126,130,140,158,166,173,185,187,191,195,210,215,216,219,221,229,231,254,262,264,267,278,279,282,306,312,323,324,328,341,352,353,366,379,382,441,409,410,416,421,437
390:12,19,39,54,64,77,87,92,125,142,174,177,181,192,216,218,220,224,241,325,326,327,335,342,350,359,360,379,423,419,420,446,449
391:9,20,24,28,30,43,59,82,85,102,142,170,193,211,216,228,233,241,267,269,289,290,300,301,307,310,318,320,327,344,364,371,379,393,395,396,400,416,422,437,449
392:3,17,18,39,42,47,55,58,65,79,86,97,112,138,154,170,179,180,183,188,203,221,235,298,303,305,313,327,332,333,342,365,373,378,380,398,393,406,407,415,428
393:1,4,43,46,51,53,56,63,94,111,118,148,157,172,176,177,181,198,200,206,222,230,238,241,263,283,300,311,315,320,321,322,325,337,366,370,374,379,384,391,392,398,396,412,428,435
394:6,13,14,19,29,34,37,43,47,51,65,85,89,115,138,150,157,159,184,196,204,218,229,234,239,265,269,271,276,282,287,289,290,307,327,337,372,438,407,425,442,446,448
395:26,55,75,76,95,100,113,115,126,136,159,165,166,188,219,246,258,265,266,274,286,293,299,313,330,333,345,362,380,391,446,399,401,407,412,418,427,429
396:15,21,30,31,44,56,61,73,77,82,94,134,158,184,212,230,242,247,269,282,286,301,315,319,321,336,342,351,354,357,363,367,369,370,388,391,393,403,404,411,412,432
397:4,9,21,23,31,34,37,50,69,80,90,122,131,154,157,165,166,169,180,182,194,200,225,271,276,278,282,286,287,293,303,308,318,322,337,342,343,344,361,372,374,382,386,449,402,410,417,422,436
398:0,4,43,72,80,88,106,107,130,144,145,161,164,172,189,196,197,218,223,232,246,256,279,291,312,319,333,346,357,359,362,366,380,385,392,393,401,418,423,447,448
399:5,7,11,23,62,64,68,86,90,92,108,129,132,133,147,157,168,171,215,227,234,258,270,272,279,286,290,292,307,311,330,331,348,349,352,354,355,371,375,378,383,385,388,395,400,416,421,446
400:1,6,8,13,23,30,46,48,51,55,61,65,67,70,73,75,83,93,121,129,133,151,168,169,171,172,179,182,183,186,188,194,204,208,227,238,245,289,306,314,333,338,355,357,358,361,362,374,386,391,399,409,404,423,425,447
401:2,5,6,18,25,29,31,50,76,93,97,103,119,120,129,131,153,157,165,173,175,182,185,187,197,202,213,223,237,239,249,250,258,266,271,273,276,277,282,287,293,294,306,309,318,342,359,362,363,370,395,398,427,405,414,422,438,439,441
402:7,13,31,35,42,47,54,63,68,72,74,98,100,122,123,132,134,159,182,198,202,204,212,243,252,257,273,275,277,279,285,287,313,318,336,341,345,350,353,368,379,397,435,418
403:13,23,47,55,59,61,78,104,109,115,129,130,132,142,144,150,165,199,207,211,212,216,249,258,262,265,300,306,312,332,340,347,361,366,396,432,412,420,439
404:8,32,37,39,42,54,61,92,94,112,117,121,122,130,133,134,144,145,154,161,177,186,192,210,233,238,239,242,264,265,289,296,299,302,319,338,346,352,356,361,365,366,380,396,400,440,405,425,429,432,436,443
405:1,2,5,20,41,49,52,53,59,60,63,81,95,101,109,114,143,159,168,174,179,194,211,219,222,229,231,237,255,256,262,289,296,299,330,334,361,401,404,411,413,418,445,449
406:9,28,33,35,38,39,49,54,88,94,105,112,113,118,120,139,152,160,165,181,185,186,199,210,213,218,241,242,245,248,266,270,274,280,285,291,323,342,352,357,363,383,384,385,392,414,408,442,447
407:7,18,33,42,45,52,80,83,86,92,102,112,130,136,155,158,177,219,229,269,292,294,309,318,322,326,343,350,355,360,380,381,388,392,394,395,417,410,421,429,434,438,440,441
408:19,27,28,32,33,49,52,64,82,83,85,88,106,119,126,143,155,174,176,179,182,184,203,205,211,226,229,239,253,259,280,287,302,308,313,320,335,359,367,376,406,412,426,430,431,435,442,444
409:4,12,13,24,25,26,34,54,61,64,73,87,93,99,124,125,135,136,158,162,168,169,171,179,180,194,213,227,251,254,261,296,322,330,332,344,355,363,371,378,387,389,400,415,418,430,444
410:2,3,12,13,16,18,43,44,55,58,76,86,88,92,96,103,122,125,148,182,196,201,204,212,218,236,242,249,285,286,293,332,339,360,365,381,384,389,397,407,436,420,431,435,437,439,449
411:26,27,39,41,47,56,57,58,65,77,80,89,120,140,143,144,149,174,175,178,190,194,195,227,232,254,258,259,264,272,295,314,366,370,374,376,379,396,405,447,416,417,424,431,438
412:21,29,32,39,64,73,83,103,116,131,137,141,152,155,163,189,197,209,217,222,229,256,260,276,277,283,310,315,318,321,344,362,365,374,380,383,393,395,396,403,408,441,414,438
413:10,11,20,44,45,49,50,59,73,87,97,99,114,128,129,134,135,142,149,155,182,200,209,210,220,243,248,255,259,270,282,283,309,315,327,330,333,336,361,405,431,415,421,423,425,440,444
414:0,1,14,22,26,35,38,54,75,76,77,83,88,90,107,113,115,133,152,159,172,180,187,198,200,205,245,248,255,276,284,296,306,317,321,323,326,328,332,361,367,378,401,406,412,430,433,437
415:0,2,11,22,37,60,74,87,96,104,108,113,114,122,129,164,166,168,207,210,211,222,240,249,253,257,265,270,275,278,279,281,285,293,299,324,336,348,360,362,392,409,413,449
416:5,9,10,15,16,17,34,37,45,79,90,96,104,105,114,124,130,150,155,156,190,205,215,226,242,244,257,258,264,306,321,327,334,343,358,367,383,389,391,399,411,420,418,438,441,447
417:22,23,39,71,81,97,112,119,123,130,153,158,162,181,193,194,204,211,221,232,255,260,285,286,300,301,304,313,333,348,352,356,363,381,397,407,411,446,424,427,439,445,447
418:11,15,34,44,53,62,65,68,69,73,75,81,84,97,107,108,131,148,164,165,174,178,180,191,202,205,213,214,232,252,264,274,276,282,290,294,295,311,340,346,369,374,384,388,395,398,402,405,409,416,435,439
419:1,2,3,11,14,31,34,46,52,77,79,84,88,92,105,111,116,148,156,158,160,161,165,176,201,202,211,235,247,262,282,298,302,305,309,311,337,374,378,383,390,436,424,430,439,443,449
420:39,41,42,44,48,50,51,66,71,72,75,77,91,98,99,103,105,116,128,133,134,140,162,177,204,212,213,245,251,253,261,266,274,276,278,304,315,316,323,341,357,361,368,374,375,390,403,410,416,425,422,433
421:4,5,24,49,57,67,72,74,86,87,96,153,155,162,177,179,181,187,207,208,211,232,234,260,265,270,271,291,296,312,313,316,317,321,340,344,350,359,365,366,373,374,376,382,385,389,399,407,413,434,440
422:33,35,40,55,59,65,69,125,169,170,177,191,200,201,220,224,232,237,239,247,250,280,290,315,326,337,343,348,353,365,366,377,379,382,383,391,397,401,420,438,430,431,443,448
423:43,59,64,69,86,93,97,99,108,118,125,130,145,154,163,172,176,177,184,188,195,206,222,234,241,245,263,265,275,278,291,302,319,345,355,364,365,369,380,387,390,398,400,413,442,424,425,432,435,446,447
424:6,18,33,55,56,60,65,71,74,75,79,86,98,116,152,161,163,175,176,177,179,199,212,215,217,224,237,241,249,255,264,301,303,310,322,324,327,330,332,337,355,385,411,417,419,423,429,442,446
425:15,22,28,30,35,51,61,79,87,92,104,105,114,120,129,166,176,177,190,223,234,238,271,286,305,331,343,344,352,364,376,388,394,400,404,413,420,423,444,442
426:9,12,15,26,35,36,51,54,55,104,123,127,129,155,161,169,192,223,228,232,263,268,271,283,290,300,314,318,319,324,326,354,357,372,380,408,435,434
427:1,3,12,13,16,20,53,74,78,82,104,128,129,134,165,174,202,204,206,263,269,301,350,351,352,354,355,368,375,380,385,395,401,417,441,436
428:19,24,37,47,53,64,72,79,84,120,121,129,145,146,152,172,190,195,224,225,233,252,254,272,276,318,321,333,355,357,365,372,392,393,433,441,449
429:1,2,13,26,34,47,63,74,78,83,85,122,123,143,176,177,180,189,218,227,243,246,248,252,271,273,276,279,308,313,330,363,374,376,382,395,404,407,424,449
430:3,31,35,39,40,45,65,76,81,84,85,87,88,93,106,137,154,156,175,189,207,218,226,239,248,252,265,267,278,279,286,323,324,330,336,348,355,357,365,374,408,409,414,419,422,441,432,434,446,447
431:13,16,21,24,28,38,40,42,46,48,49,56,62,81,82,84,86,87,106,127,128,130,167,169,178,185,193,202,212,229,230,236,240,254,280,288,298,319,348,369,383,408,410,411,413,422,445
432:2,11,22,24,28,32,39,43,48,51,62,64,65,68,75,85,92,102,116,135,137,145,146,150,156,182,183,188,191,203,221,223,225,226,234,237,242,255,261,271,273,277,281,286,293,297,300,325,339,356,376,381,396,403,404,423,430,445
433:5,6,22,25,29,52,59,61,65,78,89,106,156,175,176,182,183,185,216,222,239,240,245,248,254,257,270,291,296,338,341,344,349,355,358,365,369,375,376,388,414,420,428,438,435,436
434:18,19,22,27,41,53,55,59,61,63,64,70,84,86,89,102,108,109,115,118,139,141,144,179,187,205,255,258,272,273,281,316,318,324,329,358,366,382,386,407,421,426,430,439,442,449
435:2,29,40,43,45,53,54,56,60,63,88,91,104,114,121,134,139,155,161,165,172,174,179,187,200,203,204,224,235,237,238,250,251,265,271,319,342,362,364,366,371,375,377,380,383,393,402,408,410,418,423,426,433,445,439,441,448
436:1,18,26,54,57,107,117,126,141,154,163,164,178,186,199,204,205,214,251,300,304,306,322,323,336,342,353,368,382,385,397,404,410,419,427,433,437,446
437:6,11,24,31,35,45,48,56,62,85,99,107,114,115,126,129,137,151,154,159,163,178,184,185,186,188,208,231,265,271,272,277,300,311,328,332,338,352,354,361,364,367,374,379,385,389,391,410,414,436,446
438:12,14,15,37,42,72,74,82,86,87,92,112,116,123,130,143,145,152,161,180,196,201,216,218,233,248,253,254,256,266,276,285,290,292,295,299,344,347,348,355,362,370,376,385,394,401,407,411,412,416,422,433,442,444
439:15,24,32,35,40,65,88,106,117,124,126,146,173,183,209,224,233,235,242,252,259,261,268,288,296,303,312,325,339,351,355,358,370,401,403,410,417,418,419,434,435,442,440,449
440:11,47,57,116,122,132,137,146,164,167,203,204,218,220,226,256,272,297,307,312,350,354,355,365,375,377,404,407,413,421,439,444,449
441:2,9,26,44,47,48,53,54,57,62,70,81,82,87,98,102,106,115,120,130,134,136,159,164,168,171,175,196,209,227,232,237,238,240,253,256,275,277,295,296,320,334,335,339,341,348,363,364,382,389,401,407,412,416,427,428,430,435,444
442:33,61,67,75,85,89,104,105,115,119,122,130,134,138,141,151,166,174,199,200,201,206,218,238,251,253,267,276,295,299,303,304,317,323,354,355,370,371,394,406,408,423,424,425,434,438,439,446
443:9,12,14,25,26,35,41,68,82,103,121,131,135,156,162,163,188,196,226,284,286,319,335,340,351,375,379,404,419,422,446,445
444:5,14,29,45,54,61,73,84,85,91,93,113,125,164,165,178,179,181,182,188,211,213,223,231,233,237,244,261,263,273,297,325,337,372,379,385,408,409,413,425,438,440,441,445,449
445:0,22,29,36,41,69,78,85,94,128,140,149,171,176,178,179,191,201,214,228,230,234,241,242,265,267,277,302,318,349,352,355,356,367,384,405,417,431,432,435,443,444,448,447
446:18,34,38,49,71,99,121,122,124,131,138,157,173,176,197,201,216,226,245,247,249,258,260,267,272,273,288,297,306,319,320,325,352,354,357,377,379,390,394,395,399,417,423,424,430,436,437,442,443,448,447
447:14,25,38,41,95,96,99,111,121,131,135,144,146,154,159,162,163,164,168,191,197,203,209,233,239,249,252,253,272,274,285,294,306,316,356,368,369,398,400,406,411,416,417,423,430,445,446,448
448:3,8,11,48,63,68,69,102,107,130,162,168,184,195,204,212,225,244,245,284,321,338,342,372,373,378,386,388,394,398,422,435,445,446,447,449
449:1,2,10,18,58,97,102,108,113,116,140,156,161,175,196,197,213,237,245,251,260,279,287,289,295,299,317,328,335,351,357,362,390,391,397,405,410,415,419,428,429,434,439,440,444,448
