0:226,17,79,89,96,110,117,123,201,268,277,287,298
1:52,29,54,55,58,107,118,128,136,152,170,171,187,206,220,223,243,244,270,284,303,310
2:173,15,30,40,47,48,76,139,172,210,217,297,307
3:169,15,39,48,59,62,66,99,106,118,122,126,127,128,159,163,167,222,302
4:148,32,176,187,192,219,225,234,298,305,307,317
5:175,27,46,91,94,97,131,173,181,195,210,233,248,299,309
6:139,85,102,154,155,291,303,304
7:37,27,60,80,117,120,163,180,237,244,249,273,297
8:57,18,28,40,43,89,91,97,164,168,172,266,285,288,313,315
9:67,17,87,150,161,190,195,235,259,316,319
10:114,80,113,127,139,149,155,174,185,199,200,289
11:90,29,49,73,77,98,136,152,180,186,187,232,239,253,261
12:51,29,37,45,52,56,61,72,81,83,120,133,139,154,175,216,219,236
13:26,44,82,89,105,154,191,202,211,235,239,243,274,275,279,305
14:239,25,44,47,54,105,135,137,178,262,313
15:2,3,212,18,34,41,105,139,143,155,169,170,177,188,217,236,277,291
16:152,50,162,274,290
17:0,9,197,27,29,65,144,149,167,170,173,238,247,255,260
18:8,15,117,23,61,68,78,90,96,131,135,163,167,172,182,196,234,244,253,254,300,304
19:216,43,65,71,73,182,233,286,288,296,304,308
20:238,40,55,58,64,85,100,103,153,180,258,261,265,269
21:63,29,86,114,140,162,177,200,223,239,242,287,300,316,319
22:262,29,80,106,120,184,201,210,225,226,230,244,265,310
23:18,314,84,96,106,120,193,208,231,247,278,303
24:52,36,85,161,171,207,267,276,278
25:14,104,79,100,113,140,165,209,219,243,310,316,319
26:13,288,69,77,81,103,118,121,131,191,192,260,262,295
27:5,7,17,311,44,48,110,130,180,187,197,202,205,212,223,236,254,274,292,314
28:8,245,40,43,63,81,106,118,169,191,240,254,272,289,317
29:1,11,12,17,21,22,128,41,47,63,71,77,96,124,146,148,171,190,194,198,225,297,318,319
30:2,136,38,57,58,73,84,112,163,174,181,198,217,234,270,299,312,317
31:272,53,72,196,293,311
32:4,295,33,43,84,109,116,143,149,158,164,167,220,227,257,306,312,318
33:32,108,50,88,138,139,170,201,240,266
34:15,290,60,80,99,107,114,121,142,149,208,209,210,213,223,248,291
35:242,38,47,66,72,77,117,141,144,168,179,188,214,264,266,280,286,300
36:24,254,94,196,205,249,271,276
37:7,12,127,64,79,94,167,172,179,201,257
38:30,35,135,63,65,74,86,197,220,275,276,280,303
39:3,64,44,59,69,80,96,193,223,257,287,290
40:2,8,20,28,243,53,75,79,90,136,164,197,245,311
41:15,29,74,50,84,95,102,125,139,199,223,310
42:112,91,92,133,143,184,202,240,257,283,306,314,317
43:8,19,28,32,211,55,69,125,132,133,154,157,170,174,177,199,241,275,277,281,313
44:13,14,27,39,252,86,92,140,141,195,203,208,222,235,266,270,284,286,313
45:12,220,70,84,114,131,156,178,194,230,266,305
46:5,106,61,62,73,75,92,115,136,167,216,239,303
47:2,14,29,35,171,75,125,135,219,239,240,260
48:2,3,27,63,118,147,149,164,270,275,315
49:11,269,62,90,133,249,302
50:16,33,41,210,66,93,113,118,184,238,249,267,272,298
51:12,117,53,68,82,99,109,126,142,145,151,199,209,229,252,270,317
52:1,12,24,260,73,82,87,90,134,147,159,176,200,217,263,291,292
53:31,40,51,73,56,70,84,116,166,179,209,270
54:1,14,89,121,161,165,179,207,283,305,316
55:1,20,43,262,75,84,101,125,202,228,241,245,249,265,268,286,301,305
56:12,53,171,77,95,120,191,194,198,201,288
57:8,30,227,58,66,68,74,81,145,186,237,248,250,265,275,286,295,298
58:1,20,30,57,310,64,97,99,100,138,175,182,189,223,239,245,278,286,303
59:3,39,169,66,107,108,113,121,150,156,160
60:7,34,208,94,122,125,135,142,154,155,173,178,211,245,260
61:12,18,46,152,76,81,84,138,153,168,185,192,200,218,221,275,282,319
62:3,46,49,297,64,94,153,155,160,173,201,211,237,257,292
63:21,28,29,38,48,309,96,142,169,200,218,229,283
64:20,37,39,58,62,157,78,112,125,127,208,226,252,263,292,297,303
65:17,19,38,96,105,118,130,137,153,155,168,214,244,267,287,296,301,309,314
66:3,35,50,57,59,267,177,227,240,273,282,298,303,317,318
67:9,214,76,89,157,210,251,282
68:18,51,57,122,91,95,100,115,151,155,193,221,225,232,244,246,299,314
69:26,39,43,85,93,107,153,182,186,228,239,252,258,295,303
70:45,53,112,71,81,83,88,91,121,154,211,234,273
71:19,29,70,295,72,78,150,188,267,283
72:12,31,35,71,144,94,101,102,129,142,147,151,190,231,232,241,254,255,283,314
73:11,19,30,46,52,53,215,80,157,176,186,190,199,210,235,268,287,309,315
74:38,41,57,229,122,123,131,157,169,170,191,201,245,249,263,307
75:40,46,47,55,242,123,132,138,149,169,240,287
76:2,61,67,131,126,168,216,255,261,263,264,287,302,305
77:11,26,29,35,56,212,166,306,309,319
78:18,64,71,232,84,91,122,156,171,183,243,246,315
79:0,25,37,40,219,192,223,232,239,286,317
80:7,10,22,34,39,73,99,85,88,93,98,137,163,166,172,207,208,209,214,229,248,254,284,304
81:12,26,28,57,61,70,83,109,110,125,133,160,171,191,220,229,272,284,308,319
82:13,51,52,135,96,113,118,136,144,188,195,199,200,222,228,246,255,293,294,308
83:12,70,81,159,107,110,147,158,160,172,190,212,221,310
84:23,30,32,41,45,53,55,61,78,188,98,108,117,138,145,184,186,269,302
85:6,20,24,69,80,227,103,125,138,147,156,177,223,245,311
86:21,38,44,214,127,129,206,235,269,317
87:9,52,303,96,117,125,137,143,161,163,216,217,222,236,240,246,272,288
88:33,70,80,159,103,120,201,210,239,267,303,316
89:0,8,13,54,67,270,94,98,100,120,152,204,212,240,262,283,306,311
90:11,18,40,49,52,106,93,144,145,177,184,190,197,222,228,264,303,307
91:5,8,42,68,70,78,104,92,124,128,135,153,154,188,204,310
92:42,44,46,91,227,101,177,274,306,309
93:50,69,80,90,98,107,136,176,186,214,219,264,276,293,300,310
94:5,36,37,60,62,72,89,214,95,156,181,260,292,305,309
95:41,56,68,94,194,110,142,156,214,227,230,238,298,300
96:0,18,23,29,39,63,65,82,87,175,104,111,157,194,203,228,313
97:5,8,58,130,143,159,204,212,218,231,258,264,276
98:11,80,84,89,93,272,104,112,123,124,137,176,197,238,239,256,264,298
99:3,34,51,58,80,116,134,140,157,171,233,238,284,290,293
100:20,25,58,68,89,316,108,148,150,202,207,215,262,284,297,317
101:55,72,92,248,112,119,121,127,133,236,239,265,275,286
102:6,41,72,152,131,157,175,178,235,245,282
103:20,26,85,88,152,129,136,157,176
104:25,91,96,98,309,127,135,136,165,170,190,274,276,287,312
105:13,14,15,65,116,143,158,162,175,182,193,227,249,297,312
106:3,22,23,28,46,90,315,134,167,201,209,279,297
107:1,34,59,69,83,93,198,128,158,204,207,266,277,305
108:33,59,84,100,129,156,190,248
109:32,51,81,173,152,205,226,289,310
110:0,27,81,83,95,191,138,203,210,244,285
111:96,303,115,129,133,145,205,235,270,281,290,311
112:30,42,64,70,98,101,118,141,147,151,173,182,243,269,296
113:10,25,50,59,82,313,186,189,240,261,281,303,310
114:10,21,34,45,310,116,153,156,157,161,166,192,199,248,253,260,317
115:46,68,111,163,130,145,147,177,195,278
116:32,53,99,105,114,231,127,139,215,284
117:0,7,18,35,51,84,87,195,131,136,142,146,150,201,237,284,294,301,302,304,312
118:1,3,26,28,48,50,65,82,112,222,140,144,156,170,196,212,258,294
119:101,132,122,131,137,159,171,184,198,208,286,288,310
120:7,12,22,23,56,88,89,153,130,139,220,284,293
121:26,34,54,59,70,101,277,134,212,231,245,248,313
122:3,60,68,74,78,119,149,140,151,154,232,239,268,283,293
123:0,74,75,98,208,136,155,165,166,189,196,219,225,238,246,263,265,297
124:29,91,98,259,131,146,178,188,191,197,198,202,206,217,223,224,230,237,276,310
125:41,43,47,55,60,64,81,85,87,234,129,142,193,251,278,295,301
126:3,51,76,173,138,186,205,230,233,243,276,281,304
127:3,10,37,64,86,101,104,116,290,132,146,181,223,225,236,252,286
128:1,3,29,91,107,224,168,202,223,247,282
129:72,86,103,108,111,125,176,131,140,153,155,196,205,227,234,252,258,292
130:27,65,97,115,120,275,267,274,282,287
131:5,18,26,45,74,76,102,117,119,124,129,225,146,191,258,266,271,319
132:43,75,119,127,190,153,157,164,184,189,192,237,243,277
133:12,42,43,49,81,101,111,207,191,194,195,251,288,296,299
134:52,99,106,121,162,220,223,258,285,292,318
135:14,18,38,47,60,82,91,104,202,144,158,167,185,198,208,228,246,315
136:1,11,30,40,46,82,93,103,104,117,123,210,181,187,204,209,233,235,248,264,274
137:14,65,80,87,98,119,266,161,162,205,226,229,257,268,318
138:33,58,61,75,84,85,110,126,209,167,168,170,204,236,253,270,284
139:2,6,10,12,15,33,41,116,120,299,142,165,169,212,259
140:21,25,44,99,118,122,129,216,159,171,205,208,220,234,240,271,281,306,318
141:35,44,112,316,156,188,208,219,239,279,296,315
142:34,51,60,63,72,95,117,125,139,309,144,161,216,217,224,234,235,314
143:15,32,42,87,97,105,161,145,239,248,260,264,311
144:17,35,72,82,90,118,135,142,231,156,217,244,249,278,305,312,318
145:51,57,84,90,111,115,143,280,153,157,163,169,170,193,200,226,242,246,282,305,313
146:29,117,124,127,131,236,159,235,251,297
147:48,52,72,83,85,112,115,273,180,181,191,220,247,274,287,301,307
148:4,29,100,286,159,215,280,304,311,318
149:10,17,32,34,48,75,122,193,157,189,197,249,279,317
150:9,59,71,100,117,195,200,207,225,234,256,263,275
151:51,68,72,112,122,189,172,210,231,264
152:1,11,16,61,89,102,103,109,307,171,176,224,253
153:20,61,62,65,69,91,114,120,129,132,145,276,165,168,225,241,284
154:6,12,13,43,60,70,91,122,212,186,188,202,204,258,263,275,276
155:6,10,15,60,62,65,68,123,129,306,186,189,241,248,266,313
156:45,59,78,85,94,95,108,114,118,141,144,297,188,204,206,212
157:43,64,67,73,74,96,99,102,103,114,132,145,149,200,179,183,226,231,282,284,313,314
158:32,83,105,107,135,208,167,172,176,177,210,245,250,259,281,307
159:3,52,83,88,97,119,140,146,148,313,163,178,188,239,254,287,304
160:59,62,81,83,223,165,229,257,258,262,268,277,284,293,317
161:9,24,54,87,114,137,142,143,309,165,206,234,259,267,268,292
162:16,21,105,134,137,294,174,177,186,204,212,227,231,279,281,283,289,315
163:3,7,18,30,80,87,115,145,159,251,173,175,203,234,248,276,283
164:8,32,40,48,132,187,235,246,268,276,307,311,315
165:25,54,104,123,139,153,160,161,244,180,221,230,270
166:53,77,80,114,123,252,176,188,195,285,290,314
167:3,17,18,32,37,46,106,135,138,158,306,176,182,198,209,248,259,282,295,297
168:8,35,61,65,76,128,138,153,260,267,272
169:3,15,28,59,63,74,75,139,145,247,186,192,271,311
170:1,15,17,33,43,74,104,118,138,145,299,191,210,241,248,284
171:1,24,29,47,56,78,81,99,119,140,152,231,190,199,232,262,265
172:2,8,18,37,80,83,151,158,319,174,213,219,229,234,236,257,285,299,303,305,308
173:2,5,17,60,62,109,112,126,163,255,198,288,314
174:10,30,43,162,172,218,195,202,254,289,318
175:5,12,58,96,102,105,163,240,218,262,288,292,312
176:4,52,73,93,98,103,129,152,158,166,167,311,203,209,212,217,218,249,259,260,276,277,278
177:15,21,43,66,85,90,92,115,158,162,317,239,300
178:14,45,60,102,124,159,229,183,190,234,238,245,246,259,264
179:35,37,53,54,157,216,230,234,237,275,280,286,290
180:7,11,20,27,147,165,271,192,250,256,272,301,303,319
181:5,30,94,127,136,147,302,206,253,259,283
182:18,19,58,69,105,112,167,248,195,205,222,224,261
183:78,157,178,271,185,215,276,308
184:22,42,50,84,90,119,132,195,269,305
185:10,61,135,183,225,253,263,276,311
186:11,57,69,73,84,93,113,126,154,155,162,169,205,188,200,211,213,233,236,251,284,301
187:1,4,11,27,136,164,210,200,203,212,225,227,235,248,268,288,298,318
188:15,35,71,82,84,91,124,141,154,156,159,166,186,283,196,201,227,261,287,313,319
189:58,113,123,132,149,151,155,219,204,210,215,238,241,286
190:9,29,72,73,83,90,104,108,132,171,178,217,201,224,237,240,247,309
191:13,26,28,56,74,81,110,124,131,133,147,170,288,249,300,316
192:4,26,61,79,114,132,169,180,319,210,214,215,225,242
193:23,39,68,105,125,145,149,245,233,249,256,260,278,302,308,312
194:29,45,56,95,96,133,273,271
195:5,9,44,82,115,117,133,150,166,174,182,184,315,205,261,266,317
196:18,31,36,118,123,129,188,242,210,283,305
197:17,27,38,40,90,98,124,149,278,236,260,285,297,299,308,319
198:29,30,56,107,119,124,135,167,173,241,201,230,237,297,305,314
199:10,41,43,51,73,82,114,171,248,208,281,292,301,307,313
200:10,21,52,61,63,82,145,150,157,186,187,245,205,240,244,266,271,280
201:0,22,33,37,56,62,74,88,106,117,188,190,198,318,312
202:13,27,42,55,100,124,128,135,154,174,237,205,243,253,254,271,282,294,296,309
203:44,96,110,163,176,187,307,204,260,263,265,305
204:89,91,97,107,136,138,154,156,162,189,203,234,237,251,257,269,285,308,311
205:27,36,109,111,126,129,137,140,182,186,195,200,202,226,255
206:1,86,124,156,161,181,208,235,238,245,248,249,263,287
207:24,54,80,100,107,133,150,296,255,269
208:23,34,44,60,64,80,119,123,135,140,141,158,199,206,261,209,277,286,291,307,311
209:25,34,51,53,80,106,136,138,167,176,208,234,232,277,282,296,312
210:2,5,22,34,50,67,73,88,110,136,151,158,170,187,189,192,196,240,221,224,258,264
211:13,43,60,62,70,186,262,247
212:15,27,77,83,89,97,118,121,139,154,156,162,176,187,261,226,233,281,285,310
213:34,172,186,276,284,286
214:35,65,67,80,86,93,94,95,192,265,221,233,248,269,272,295,305,307
215:73,100,116,148,183,189,192,291,248,276,285
216:12,19,46,76,87,140,142,179,221,241,247
217:2,15,30,52,87,124,142,144,176,190,259,225,257,262,265,270,309
218:61,63,97,174,175,176,253,220,270,315
219:4,12,25,47,79,93,123,141,172,189,248,221,222,263,267,315
220:1,32,38,45,81,120,134,140,147,218,256,271,284,290,313
221:61,68,83,165,210,214,216,219,273,230,257,303,316
222:3,44,82,87,90,118,182,219,272,233,237,247,251,280,284
223:1,21,27,34,39,41,58,79,85,124,127,128,134,160,296,237,263,274,304
224:124,128,142,152,182,190,210,263,266,274
225:4,22,29,68,123,127,131,150,153,185,187,192,217,317,229,242,284,300,301
226:0,22,64,109,137,145,157,205,212,310,245,257,281,288,301
227:32,57,66,85,92,95,105,129,162,187,188,231,270,276,278,312
228:55,69,82,90,96,135,253,295,301,303
229:51,63,74,80,81,137,160,172,178,225,255,250,301,318
230:22,45,95,124,126,165,179,198,221,237,262,271
231:23,72,97,116,121,144,151,157,162,171,227,289,261,271,274
232:11,68,72,78,79,122,171,209,303,233,241,263,274,298,301
233:5,19,99,126,136,186,193,212,214,222,232,299,242,245
234:4,18,30,70,125,129,140,142,150,161,163,172,178,179,204,209,313,290
235:9,13,44,73,86,102,111,136,142,146,164,187,206,316,239,264,293,297
236:12,15,27,87,101,127,138,146,172,186,197,319,252,304
237:7,57,62,117,124,132,179,190,198,202,204,222,223,230,317,238,251,265,268
238:17,20,50,95,98,99,123,178,189,206,237,319
239:11,13,14,21,46,47,58,69,79,88,98,101,122,141,143,159,177,235,244,261,276
240:28,33,42,47,66,75,87,89,113,140,175,190,200,210,301,261,265,305,310,317
241:43,55,72,153,155,170,189,198,216,232,312,244,268
242:21,35,75,145,192,196,225,233,316,247,256,298,311,317
243:1,13,25,40,78,112,126,132,202,279,258,298,317
244:1,7,18,22,65,68,110,144,165,200,239,241,281,314,317
245:28,40,55,58,60,74,85,102,121,158,178,193,200,206,226,233,272,313
246:68,78,82,87,123,135,145,164,178,273,258,259
247:17,23,128,147,169,190,211,216,222,242,292,310,313
248:5,34,57,80,101,108,114,121,136,143,155,163,167,170,182,187,199,206,214,215,219,288,292,305
249:7,36,49,50,55,74,105,144,149,176,191,193,206,255,312
250:57,158,180,229,318,253,266,278,303
251:67,125,133,146,163,186,204,222,237,311,296,312
252:44,51,64,69,127,129,166,236,258,254,299
253:11,18,114,138,152,181,185,202,218,228,250,300,295
254:18,27,28,36,72,80,159,174,202,252,317,285,309
255:17,72,76,82,173,205,207,229,249,293,313,317
256:98,150,180,193,220,242,274,257,285,286,289,312
257:32,37,39,42,62,137,160,172,204,217,221,226,256,272,265,306
258:20,69,97,118,129,131,134,154,160,210,243,246,252,310,283
259:9,124,139,158,161,167,176,178,181,217,246,311,290,314
260:17,26,47,52,60,94,114,143,168,176,193,197,203,271,307,316
261:11,20,76,113,182,188,195,208,212,231,239,240,318,278,285,289,293,294
262:14,22,26,55,89,100,160,171,175,211,217,230,309
263:52,64,74,76,123,150,154,185,203,206,219,223,224,232,306
264:35,76,90,93,97,98,136,143,151,178,210,235,281,275
265:20,22,55,57,101,123,171,203,214,217,237,240,257,306,277,283,294,300,310
266:8,33,35,44,45,107,131,137,155,195,200,224,250,297,291
267:24,50,65,66,71,88,130,161,168,219,281,269,289,290,294,317
268:0,55,73,122,137,160,161,164,187,237,241,287,270,295
269:20,49,84,86,112,184,204,207,214,267,308,297,305
270:1,30,44,48,51,53,89,111,138,165,217,218,227,268,305,286,292,295
271:36,131,140,169,180,183,194,200,202,220,230,231,260,298,295
272:28,31,50,81,87,98,168,180,214,222,245,257,300,305,317
273:7,66,70,147,194,221,246,317,300
274:13,16,27,92,104,130,136,147,223,224,231,232,256,303,295
275:13,38,43,48,57,61,101,130,150,154,179,264,318,316
276:24,36,38,93,97,104,124,126,153,154,163,164,176,183,185,213,215,227,239,286,278
277:0,15,43,107,121,132,160,176,208,209,265,294
278:23,24,58,115,125,144,176,193,197,227,250,261,276,279,317
279:13,106,141,149,162,243,278,316,288
280:35,38,145,148,179,200,222,298,284,293
281:43,111,113,126,140,158,162,199,212,226,244,264,267,283,298,302,310,311
282:61,66,67,102,128,130,145,157,167,202,209,314,301
283:42,54,63,71,72,89,122,162,163,181,188,196,258,265,281,302
284:1,44,80,81,99,100,116,117,120,138,153,157,160,170,186,213,220,222,225,280,310
285:8,110,134,166,172,197,204,212,215,254,256,261,317,298,314
286:19,35,44,55,57,58,79,101,119,127,148,179,189,208,213,256,270,276,310,301,304
287:0,21,39,65,73,75,76,104,130,147,159,188,206,268,311
288:8,19,26,56,87,119,133,173,175,187,191,226,248,279,305,315,318
289:10,28,109,162,174,231,256,261,267,305,300,315
290:16,34,39,99,111,127,166,179,220,234,259,267,311,308
291:6,15,34,52,208,215,266,298,311
292:27,52,62,64,94,129,134,161,175,199,247,248,270,304,308,309
293:31,82,93,99,120,122,160,235,255,261,280,309
294:82,117,118,162,202,261,265,267,277,311
295:26,32,57,69,71,125,167,214,228,253,268,270,271,274,304
296:19,65,112,133,141,202,207,209,223,251,309
297:2,7,29,62,64,100,105,106,123,146,156,167,197,198,235,266,269,318
298:0,4,50,57,66,95,98,187,232,242,243,271,280,281,285,291,308,300
299:5,30,68,133,139,170,172,197,233,252,312,305
300:18,21,35,93,95,177,191,225,253,265,272,273,289,298,304,315
301:55,65,117,125,147,180,186,199,225,226,228,229,232,240,282,286,313,306
302:3,49,76,84,117,181,193,281,283,307,306,309
303:1,6,23,38,46,58,64,66,69,87,88,90,111,113,172,180,221,228,232,250,274,315
304:6,18,19,80,117,126,148,159,223,236,286,292,295,300,313
305:4,13,45,54,55,76,94,107,144,145,172,184,196,198,203,214,240,248,269,270,272,288,289,299,311,315
306:32,42,77,89,92,140,155,167,257,263,265,301,302,307,314
307:2,4,74,90,147,152,158,164,199,203,208,214,260,302,306,308,318
308:19,81,82,172,183,193,197,204,269,290,292,298,307,319,314
309:5,63,65,73,77,92,94,104,142,161,190,202,217,254,262,292,293,296,302,317
310:1,22,25,41,58,83,91,93,109,113,114,119,124,212,226,240,247,258,265,281,284,286,318
311:27,31,40,85,89,111,143,148,164,169,176,185,204,208,242,251,259,281,287,290,291,294,305,316
312:30,32,104,105,117,144,175,193,201,209,227,241,249,251,256,299,317,316
313:8,14,43,44,96,113,121,145,155,157,159,188,199,220,234,245,247,255,301,304,319,314
314:23,27,42,65,68,72,142,157,166,173,198,244,259,282,285,306,308,313,318,315
315:8,48,73,78,106,135,141,162,164,195,218,219,288,289,300,303,305,314,319,316
316:9,21,25,54,88,100,141,191,221,235,242,260,275,279,311,312,315,319
317:4,28,30,42,51,66,79,86,100,114,149,160,177,195,225,237,240,242,243,244,254,255,267,272,273,278,285,309,312,318
318:29,32,66,134,137,140,144,148,174,187,201,229,250,261,275,288,297,307,310,314,317,319
319:9,21,25,29,61,77,81,131,172,180,188,192,197,236,238,308,313,315,316,318
