0:40,4,5,7,9,16,17,18,25,26,28,29,30,31,32,33,37,38,41,42,46,48,50,52,55,56,57,58,59
1:41,12,16,20,26,29,35,36,39,45,53,54
2:36,9,16,17,18,23,28,31,32,35,37,38,40,41,45,52,55,57
3:17,5,15,18,20,23,26,29,33,34,36,44,45,51,54,56,59
4:0,20,6,7,9,18,24,27,35,37,49,53,54,55,59
5:0,3,57,12,14,17,26,27,29,31,32,33,38,41,44,45,49,50,53
6:4,15,7,8,9,10,11,13,19,24,29,34,35,38,39,40,42,44,45,51,52,53,59
7:0,4,6,16,10,11,15,17,18,19,21,25,26,30,31,33,48,49,51,52,56,57
8:6,23,10,12,14,15,16,17,19,26,30,31,33,35,39,40,41,42,43,49,50,53,54,56,59
9:0,2,4,6,18,12,19,24,27,31,39,40,43,45,46,48,56,57,58,59
10:6,7,8,50,12,14,16,18,20,22,24,26,27,33,36,39,40,41,48,49,51,59
11:6,7,24,19,21,22,23,25,27,32,33,35,38,41,42,43,48,52,53
12:1,5,8,9,10,34,15,18,20,27,33,35,36,39,49,53,54,59
13:6,18,19,21,23,25,29,31,36,39,40,41,42,45,48,51,55,57,59
14:5,8,10,55,16,17,18,19,22,24,27,29,33,34,36,42,48,52,53
15:3,6,7,8,12,23,27,32,35,39,41,42,43,44,45,51,52,53,59
16:0,1,2,7,8,10,14,39,24,27,28,30,34,35,40,44,46,47,50,51,56,58,59
17:0,2,3,5,7,8,14,35,28,30,31,32,33,36,37,40,50,55
18:0,2,3,4,7,9,10,12,13,14,28,25,27,33,34,36,42,43,47,53
19:6,7,8,9,11,13,14,35,23,25,27,28,30,31,36,37,39,42,52,53,57,58,59
20:1,3,4,10,12,53,21,22,23,27,29,31,33,35,36,37,40,48,55,56,58
21:7,11,13,20,52,28,30,34,37,43,44,55,56,57
22:10,11,14,20,58,25,30,31,34,35,38,39,47
23:2,3,8,11,13,15,19,20,42,28,31,35,36,37,41,43,45,47,57
24:4,6,9,10,11,14,16,40,25,26,34,42,44,45,46,48,49,57,58,59
25:0,7,11,13,18,19,22,24,50,28,29,32,35,40,41,43,45,48,49,53,54,55,57
26:0,1,3,5,7,8,10,24,31,27,28,32,35,38,40,43,54,55,56,58
27:4,5,9,10,11,12,14,15,16,18,19,20,26,45,38,39,42,46,48,50,55,58,59
28:0,2,16,17,18,19,21,23,25,26,29,39,44,45,50,51,52,53,54,55,56,58,59
29:0,1,3,5,6,13,14,20,25,28,56,30,31,35,36,38,39,42,45,46,52,55,58
30:0,7,8,16,17,19,21,22,29,47,35,38,41,44,52,55,57
31:0,2,5,7,8,9,13,17,19,20,22,23,26,29,56,33,35,40,45,46,48,52,53
32:0,2,5,11,15,17,25,26,59,37,38,39,40,51,54,56,58
33:0,3,5,7,8,10,11,12,14,17,18,20,31,44,37,42,43,47,48,50,54,56
34:3,6,12,14,16,18,21,22,24,37,39,44,48,54,55,57
35:1,2,4,6,8,11,12,15,16,17,19,20,22,23,25,26,29,30,31,43,40,50,53,57
36:1,2,3,10,12,13,14,17,18,19,20,23,29,50,44,52,53,55,56
37:0,2,4,17,19,20,21,23,32,33,34,58,38,40,41,43,45,47,48,49,51,52
38:0,2,5,6,11,22,26,27,29,30,32,37,46,39,41,43,47,53,55,56,58
39:1,6,8,9,10,12,13,15,16,19,22,27,28,29,32,34,38,58,42,46,49,51
40:0,2,6,8,9,10,13,16,17,20,24,25,26,31,32,35,37,51,43,45,47,53,54,56,57,59
41:0,1,2,5,8,10,11,13,15,23,25,30,37,38,52,46,47,48,50,53,57,59
42:0,6,8,11,13,14,15,18,19,23,24,27,29,33,39,48,43,44,45,50,51
43:8,9,11,15,18,21,23,25,26,33,35,37,38,40,42,47,46,49,50,56,57,59
44:3,5,6,15,16,21,24,28,30,33,34,36,42,49,48,50,51,52,53,54,58,59
45:1,2,3,5,6,9,13,15,23,24,25,27,28,29,31,37,40,42,53,50,58
46:0,9,16,24,27,29,31,38,39,41,43,54,49,52,53,55,57,59
47:16,18,22,23,30,33,37,38,40,41,43,57,52,54,55,56,58
48:0,7,9,10,11,13,14,20,24,25,27,31,33,34,37,41,42,44,50,49,51,52,53,57,58
49:4,5,7,8,10,12,24,25,37,39,43,44,46,48,53,52,54,58
50:0,5,8,10,16,17,25,27,28,33,35,36,41,42,43,44,45,48,51,58,59
51:3,6,7,10,13,15,16,28,32,37,39,40,42,44,48,50,56,53,54,55,57
52:0,2,6,7,11,14,15,19,21,28,29,30,31,36,37,41,44,46,47,48,49,56,53,54,55
53:1,4,5,6,8,11,12,14,15,18,19,20,25,28,31,35,36,38,40,41,44,45,46,48,49,51,52,57,56
54:1,3,4,8,12,25,26,28,32,33,34,40,44,46,47,49,51,52,59,55,58
55:0,2,4,13,14,17,20,21,25,26,27,28,29,30,34,36,38,46,47,51,52,54,57,59
56:0,3,7,8,9,16,20,21,26,28,29,31,32,33,36,38,40,43,47,51,52,53,57
57:0,2,5,7,9,13,19,21,23,24,25,30,34,35,40,41,43,46,47,48,51,53,55,56,58,59
58:0,9,16,19,20,22,24,26,27,28,29,32,37,38,39,44,45,47,48,49,50,54,57,59
59:0,3,4,6,8,9,10,12,13,15,16,19,24,27,28,32,40,41,43,44,46,50,54,55,57,58
