0:117,5,13,17,43,50,53,136,147,157,164,195,198,200,203,223,229,233,260,263,292,297,299,304,307,324,326,332,338
1:49,7,27,58,59,87,89,101,108,111,134,175,188,192,211,217,267,285,288,319,341
2:37,7,12,25,40,64,90,97,99,102,110,113,132,139,151,156,166,172,174,181,184,192,228,249,263,264,265,280,282,289,312,315,317,327,330,331
3:13,14,16,43,53,57,71,96,101,107,115,136,137,147,152,160,177,188,191,199,204,212,215,222,228,261,265,278,279,280,304,325,328,332,337
4:239,10,46,56,58,75,89,90,107,110,117,126,129,135,142,145,220,234,247,249,255,257,260,282,292,331,345
5:0,221,6,15,20,42,46,76,86,95,133,156,185,196,224,231,259,293,307,310,337,340,342,344
6:5,303,16,24,38,54,71,105,107,113,116,124,134,142,152,162,166,177,191,203,206,211,257,268,276,281,291,295,330,348
7:1,2,188,26,33,35,49,54,60,68,72,85,104,105,112,125,137,144,146,160,165,172,173,178,191,208,216,222,224,233,235,245,262,270,277,301,310,317,318
8:32,18,30,31,147,162,167,182,207,237,241,251,260,292,297,326,331,347
9:318,11,16,31,33,38,58,64,65,67,75,79,84,103,124,127,144,162,184,210,215,237,247,254,257,261,284,305,313,334
10:4,242,48,83,118,149,162,171,179,188,193,208,214,221,241,246,248,269,274,320,330,331,333
11:9,268,16,26,80,96,99,108,118,123,131,142,180,188,198,230,281,292,348
12:2,314,22,25,61,67,74,114,120,124,127,136,142,170,196,243,244,263,291,296,299,303,304,305,323,338,339,346,349
13:0,3,343,21,24,38,43,54,56,88,102,104,117,128,142,153,179,199,202,207,209,211,226,247,250,256,266,292,306,314,341,346
14:3,194,36,50,59,100,101,129,136,141,169,187,200,209,222,235,238,248,251,271,278,289,316,322,327,343
15:5,297,22,27,31,35,60,97,107,160,182,193,197,200,250,254,274,327,332
16:3,6,9,11,91,31,53,54,62,66,72,80,110,143,157,164,188,196,207,212,226,234,248,261,262,291,300,306,318,329,330,334
17:0,318,28,29,38,40,59,62,67,68,80,97,117,131,141,142,144,153,179,199,205,217,227,237,251,270,283,295,296,315
18:8,118,29,36,51,52,56,63,68,89,119,124,138,140,142,145,152,173,204,216,219,221,230,234,242,247,257,260,269,270,336,337,339,341
19:330,41,44,78,83,114,125,132,153,176,213,233,304,310,316,329,338,342,349
20:5,276,22,26,33,38,80,109,130,135,136,144,161,181,199,211,230,240,280,295,305,325,335
21:13,303,43,50,53,77,97,112,122,131,135,137,154,178,179,180,182,188,196,205,210,228,243,265,283,296,328,336
22:12,15,20,344,87,99,118,134,143,144,165,198,215,226,244,263,267,272,284,290,320,324,326,332,336
23:60,25,39,58,87,95,101,117,147,149,151,181,231,247,267,317,344
24:6,13,249,35,36,38,39,42,43,74,82,85,96,102,123,157,160,168,174,184,193,204,215,216,218,223,225,248,265,282,285,295,303,315,317,331,334,344
25:2,12,23,216,32,60,61,90,97,108,112,117,120,128,130,165,169,173,185,190,209,213,219,231,295,308,311,312,318,319,333,335
26:7,11,20,85,59,60,61,75,92,100,107,108,143,175,180,194,200,203,223,235,240,241,284,308,312,325,327
27:1,15,169,39,50,95,121,126,148,171,178,187,210,228,248,265,289,296,303,311,318,319,339
28:17,71,36,44,46,48,52,57,65,69,110,123,126,149,164,192,215,224,235,243,245,248,251,301,314,330,346
29:17,18,265,59,91,95,109,122,128,130,135,152,159,168,169,179,180,191,232,242,272,287,291,295,298,314,315,340,343
30:8,87,32,36,37,94,142,144,153,176,189,210,226,253,260,265,273,283,295,305,326
31:8,9,15,16,104,51,68,70,78,97,98,103,108,110,129,133,140,154,161,169,196,203,207,222,224,230,237,259,276,284,313,321,336,345
32:8,25,30,84,44,53,73,92,111,120,131,151,185,216,239,260,262,290,292,293,311,328,337,345
33:7,9,20,59,55,63,79,93,95,105,124,165,169,186,210,221,246,252,318
34:294,41,43,70,78,81,82,111,119,127,131,139,148,174,190,201,259,261,266,295,330,336,347
35:7,15,24,260,61,65,83,84,86,112,135,137,149,157,164,175,176,203,216,217,233,235,238,264,267,286,324,335
36:14,18,24,28,30,62,40,42,46,60,70,71,77,81,92,115,124,138,193,208,209,216,221,241,248,301,325
37:2,30,256,45,47,86,88,101,128,135,137,139,176,183,185,202,206,214,233,255,263,297,316,317,324,326,348
38:6,9,13,17,20,24,178,49,52,63,70,103,108,153,155,161,192,193,209,210,228,240,274,278,338
39:23,24,27,211,40,57,82,83,97,108,110,123,139,156,197,205,224,256,265,289,295,319,327,332,342
40:2,17,36,39,136,77,82,89,137,157,166,173,180,187,210,225,232,237,263,266,295,315,331,339
41:19,34,171,53,57,67,86,92,94,97,107,110,134,139,148,165,168,169,200,204,211,218,228,229,235,237,255,264,266,273,313,319
42:5,24,36,61,110,113,138,144,152,212,215,217,225,242,268,289,296,307,311,316,342
43:0,3,13,21,24,34,78,69,89,123,130,157,179,191,225,226,232,233,250,256,261,271,280,296,300,310,319,325,330
44:19,28,32,78,60,84,109,126,131,134,171,172,181,186,193,220,229,241,252,264,296,305,310,321,332,337
45:37,82,97,99,130,139,143,159,166,167,173,178,192,205,207,210,214,231,241,259,282,285,320,333
46:4,5,28,36,304,54,62,90,92,103,145,154,156,157,164,166,173,175,203,207,213,233,238,241,242,249,253,268,296,297,303,309,333,337,339
47:37,191,89,98,106,114,120,126,127,137,144,157,176,186,203,220,226,238,246,261,262,289,296,303,306,318,339
48:10,28,141,49,51,55,57,76,81,92,107,123,157,161,183,198,244,246,250,255,289,303,305,308,318,337,342
49:1,7,38,48,92,61,63,66,74,79,87,88,91,100,107,112,131,132,143,153,166,180,215,233,253,267,288,323,333,334
50:0,14,21,27,59,68,96,106,110,115,117,121,123,168,182,217,225,231,253,308
51:18,31,48,83,62,99,113,114,118,121,122,129,139,147,158,193,197,215,216,234,240,246,247,263,274,281,284,292,320,334,336,343,346
52:18,28,38,136,59,62,64,76,108,148,170,187,197,222,226,254,255,258,259,262,275,307,318,328,331,333
53:0,3,16,21,32,41,58,54,60,62,73,87,91,96,98,105,126,129,130,146,153,169,213,235,259,260,262,267,273,281,287,346
54:6,7,13,16,46,53,118,65,92,104,106,111,124,131,144,146,151,185,196,218,230,234,255,268,322,325,326,333
55:33,48,184,61,76,109,133,166,200,204,217,223,244,246,248,256,258,271,307,323
56:4,13,18,123,81,85,105,109,131,133,159,160,172,174,205,215,217,240,253,255,332,336
57:3,28,39,41,48,61,69,76,78,101,108,147,149,153,164,190,220,232,235,236,272,282,294,301,304,309,320,338
58:1,4,9,23,53,295,68,75,77,92,93,94,112,119,122,146,167,170,226,234,239,252,261,278,300,307,325
59:1,14,17,26,29,33,50,52,225,70,83,93,107,135,140,149,153,173,190,202,247,263,276,282,285,287,319,321,324,327,340,349
60:7,15,23,25,26,36,44,53,320,63,86,109,120,126,159,174,183,191,195,205,210,212,213,215,228,232,299,308,313,340
61:12,25,26,35,42,49,55,57,328,63,79,107,119,143,149,152,158,160,182,184,185,194,227,238,253,273,285,293,295,297,318,325,348
62:16,17,36,46,51,52,53,79,106,120,128,144,151,153,163,174,200,207,213,215,228,229,235,253,269,270,286,316,318,347
63:18,33,38,49,60,61,154,65,74,75,95,111,121,122,127,146,174,183,189,193,198,199,214,217,228,240,243,261,319,339
64:2,9,52,335,73,78,84,93,99,114,118,130,135,138,154,160,184,186,194,196,200,215,216,229,243,255,281,299,312,313
65:9,28,35,54,63,173,98,100,112,120,135,153,154,175,177,189,204,215,230,232,236,237,244,254,261,264,289,331,337,341
66:16,49,163,82,91,95,98,105,110,157,168,174,212,216,232,264,279,311,338
67:9,12,17,41,152,77,85,98,110,113,119,141,175,184,205,209,212,215,225,257,267,273,276,284,287,294,303,321,329,338
68:7,17,18,31,50,58,338,74,85,96,129,131,138,148,153,158,182,191,206,207,217,229,236,283,292,293,322,334
69:28,43,57,318,84,109,141,187,190,199,204,226,236,263,280,311,317,332
70:31,34,36,38,59,168,76,136,140,154,188,199,201,205,207,212,214,220,237,247,290,317,320,323,330
71:3,6,28,36,276,93,94,106,107,133,141,160,165,178,180,184,194,211,222,224,230,265,277
72:7,16,303,96,100,103,108,120,126,149,174,177,185,189,195,196,223,235,250,256,296,311,331,332
73:32,53,64,90,87,89,143,144,145,157,167,197,210,218,219,220,229,235,253,281,310,315,336
74:12,24,49,63,68,335,82,86,110,121,134,141,155,159,176,178,184,185,204,213,223,250,269,285,305,306,308,333,340,341
75:4,9,26,58,63,297,77,89,108,121,124,130,150,185,187,233,241,244,247,267,307,315,317,332
76:5,48,52,55,57,70,247,96,106,110,121,137,138,144,146,153,159,163,171,178,179,201,210,211,216,224,246,266,269,276,294,307,308,315,335
77:21,36,40,58,67,75,112,79,133,199,202,247,254,268,306,315,339,342,344,346
78:19,31,34,43,44,57,64,329,90,93,97,137,148,151,201,209,234,237,280,302,314,335,347
79:9,33,49,61,62,77,205,81,82,83,90,93,94,95,108,124,126,129,134,146,184,212,215,229,233,242,267,268,309,311,326,348
80:11,16,17,20,327,86,117,118,122,130,133,141,171,173,207,221,250,252,254,266,298,301,316,320
81:34,36,48,56,79,199,87,127,132,139,144,149,160,180,214,243,275,276,277,290,299,301
82:24,34,39,40,45,66,74,79,147,88,89,103,104,117,128,150,158,175,185,207,233,250,281,284,288,289,292,293,300,315,319,321,329
83:10,19,35,39,51,59,79,121,151,152,156,157,186,211,223,228,233,251,255,259,265,280,282,283,293,297,331,341,345
84:9,32,35,44,64,69,312,88,104,124,168,171,185,206,223,236,237,244,260,270,303,319,338
85:7,24,26,56,67,68,205,90,99,121,144,147,157,179,182,188,189,201,209,211,214,253,254,262,290,300,313,324,333,346
86:5,35,37,41,60,74,80,254,88,100,102,118,145,171,176,181,192,202,209,240,264,266,273,278,283,296,343,344,346
87:1,22,23,30,49,53,73,81,301,130,155,162,163,177,178,183,186,213,214,219,226,245,248,260,276,297,305,319,322,341
88:13,37,49,82,84,86,177,108,118,128,133,148,151,188,226,230,240,246,250,252,259,280,301,318,319,336,341,343
89:1,4,18,40,43,47,73,75,82,167,96,106,107,128,130,138,205,210,221,231,239,267,285,298,308
90:2,4,25,46,73,78,79,85,160,135,161,185,188,204,230,236,238,249,256,266,286,315,326,348
91:16,29,49,53,66,272,96,106,142,163,170,175,176,189,201,207,210,215,224,251,257,278,280,282,309,315,317,343
92:26,32,36,41,46,48,49,54,58,112,103,111,121,150,154,155,166,179,184,186,199,206,209,231,245,260,297,299,311,329,335,349
93:33,58,59,64,71,78,79,127,100,136,153,156,160,172,222,228,234,248,263,264,282,292,295,310,314,341,346
94:30,41,58,71,79,295,110,115,121,131,142,146,150,166,191,199,202,227,266,289,302,333,346,349
95:5,23,27,29,33,63,66,79,156,97,105,125,138,159,163,198,204,226,227,236,245,253,267,284,299,310
96:3,11,24,50,53,68,72,76,89,91,285,103,113,121,136,157,166,180,182,195,220,277,330,333,343,346
97:2,15,17,21,25,31,39,41,45,78,95,192,115,153,155,173,178,201,212,225,242,252,262,288,294,305,306,330,347
98:31,47,53,65,66,67,341,105,112,133,137,140,176,210,220,225,231,240,256,293,308,331,333,338,344
99:2,11,22,45,51,64,85,341,110,124,142,148,167,168,176,226,235,248,252,272,280,285,286,291,292,300,323,339
100:14,26,49,65,72,86,93,336,112,121,128,131,147,155,170,177,182,217,228,233,234,248,250,258,269,274,275,298,315,317,321,323,326,346
101:1,3,14,23,37,57,179,119,156,185,186,189,194,206,207,210,249,276,283,293,304,315,336,340
102:2,13,24,86,335,103,110,113,121,126,127,132,135,157,161,166,177,188,204,232,278,304,307,315,320,339
103:9,31,38,46,72,82,92,96,102,265,110,165,202,219,242,268,274,278,281,299,315,328,333
104:7,13,31,54,82,84,141,154,157,159,168,173,175,184,188,189,197,199,205,206,211,212,242,258,281,283,289,290,299,306,310,345
105:6,7,33,53,56,66,95,98,346,134,138,171,186,239,256,261,275,282,292,304,325,327,348
106:47,50,54,62,71,76,89,91,246,109,125,143,144,159,196,213,294,295,298,307,325,334
107:3,4,6,15,26,41,48,49,59,61,71,89,126,112,140,142,145,189,207,215,234,247,262,292,294,296,308,325,344,345,349
108:1,11,25,26,31,38,39,52,57,72,75,79,88,237,124,144,164,175,184,199,212,221,227,253,280,284,294,295,298,310,325
109:20,29,44,55,56,60,69,106,216,121,125,130,134,136,149,160,169,181,202,241,247,251,274,278,288,290,294,306,308,328,336
110:2,4,16,28,31,39,41,42,50,66,67,74,76,94,99,102,103,200,116,118,119,185,186,187,212,214,250,255,262,294,302,307,311,315,319,334
111:1,32,34,54,63,92,135,118,126,127,129,143,152,155,165,168,210,213,216,238,239,250,268,276,279,280,297,301,308,326,333,342
112:7,21,25,35,49,58,65,77,92,98,100,107,143,118,148,151,158,161,162,176,180,184,205,259,272,284,321,325,327,341,344
113:2,6,42,51,67,96,102,239,168,169,175,176,179,190,227,228,232,285,293,314,324,349
114:12,19,47,51,64,294,139,149,179,185,200,246,272,281,289,333,344
115:3,36,50,94,97,209,146,155,164,168,170,192,232,244,271,285,305,307,330,347
116:6,110,294,141,188,196,232,250,262,289,302,308,314,333,334
117:0,4,13,17,23,25,50,80,82,249,118,123,144,147,180,198,211,216,228,231,233,285,289,296,330
118:10,11,18,22,51,54,64,80,86,88,110,111,112,117,143,156,158,165,167,205,210,219,227,233,236,244,253,259,307,333,336,337
119:18,34,58,61,67,101,110,312,120,128,130,143,167,173,185,191,194,195,209,211,224,228,237,254,262,268,271,276,291,294,313,326,339,346
120:12,25,32,47,60,62,65,72,119,343,124,125,134,167,186,193,196,198,235,260,291,311,321,323,341,342,344,345
121:27,50,51,63,74,75,76,83,85,92,94,96,100,102,109,314,126,142,153,158,193,211,256,260,264,272,273,280,281,284,339,341
122:21,29,51,58,63,80,251,128,141,164,188,203,216,220,232,249,254,262,277,289,303
123:11,24,28,39,43,48,50,56,117,256,139,140,146,151,155,183,201,202,210,223,241,266,278,302,306,310,322,333,336
124:6,9,12,18,33,36,54,75,79,84,99,108,120,305,140,141,147,153,197,216,255,256,266,293,320,327,337
125:7,19,95,106,109,120,206,138,144,147,148,155,157,166,191,198,208,210,234,245,252,258,270,274,299,304
126:4,27,28,44,47,53,60,72,79,102,107,111,121,153,130,136,180,215,243,244,270,273,311,315,329,330
127:9,12,34,47,63,81,93,102,111,128,135,144,167,175,179,198,227,231,256,270,277,281,282,283,285,292,294,323,331,337,347
128:13,25,29,37,62,82,88,89,100,119,122,127,146,152,162,165,169,185,206,209,226,247,281,293,296,333,345
129:4,14,31,51,53,68,79,111,134,166,176,180,182,193,195,197,205,224,239,242,255,289,293,332,338
130:20,25,29,43,45,53,64,75,80,87,89,109,119,126,229,156,166,171,184,196,210,259,278,283,296,301,311,341
131:11,17,21,32,34,44,49,54,56,68,94,100,311,132,177,190,193,205,207,218,221,226,265,277,280,295,300,301,307,321,341
132:2,19,49,81,102,131,208,137,151,158,178,185,209,226,237,265,274,294,306,337,343
133:5,31,55,56,71,77,80,88,98,165,195,225,240,263,267,279,286,338
134:1,6,22,41,44,74,79,105,109,120,129,201,153,154,164,166,189,191,194,250,264,269,275,282,287,303,316,321,329,331,347
135:4,20,21,29,35,37,59,64,65,90,102,111,127,215,138,155,156,160,177,182,202,209,212,214,225,237,243,248,271,284,287,301,318,323,325,339,341
136:0,3,12,14,20,40,52,70,93,96,109,126,311,138,146,164,176,222,243,247,259,266,271,272,285,287,292,293,299,306,307,329,330,344
137:3,7,21,35,37,40,47,76,78,98,132,221,138,148,159,171,183,210,213,217,230,285,297,300,305,326,327,346
138:18,36,42,64,68,76,89,95,105,125,135,136,137,337,154,161,165,170,175,191,194,195,198,245,253,258,268,280,293,307,313,317
139:2,34,37,39,41,45,51,81,114,123,301,140,154,162,180,182,184,203,223,236,257,262,272,282,283,287,293,299,309,337
140:18,31,59,70,98,107,123,124,139,347,144,177,187,200,230,231,245,258,267,270,274,304,314,329,334,346,349
141:14,17,48,67,69,71,74,80,104,116,122,124,233,188,191,219,247,255,269,280,292,305,314,348
142:4,6,11,12,13,17,18,30,91,94,99,107,121,311,154,156,161,168,171,205,207,210,211,220,231,270,276,307,325,337,345
143:16,22,26,45,49,61,73,106,111,112,118,119,152,178,192,193,205,239,245,259,291,297,309,319,322,329,336,337,344
144:7,9,17,20,22,30,42,47,54,62,73,76,81,85,106,108,117,125,127,140,263,153,171,179,181,191,194,221,237,311,313,337
145:4,18,46,73,86,107,266,165,174,178,180,194,196,198,226,278,282,283,293,294,319,332,339
146:7,53,54,58,63,76,79,94,115,123,128,136,307,176,181,184,217,219,233,234,246,262,268,275,289,314,347
147:0,3,8,23,51,57,82,85,100,117,124,125,172,151,163,188,190,194,197,198,202,216,221,233,235,239,255,265,267,269,341
148:27,34,41,52,68,78,88,99,112,125,137,272,151,157,166,219,225,230,231,255,277,288,307,326,331,339,344
149:10,23,28,35,57,59,61,72,81,109,114,310,200,212,230,232,234,268,276,292,295,320,331,346
150:75,82,92,94,182,172,184,203,235,246,247,248,255,274,288,291,301,345
151:2,23,32,54,62,78,83,88,112,123,132,147,148,197,159,165,172,188,189,203,210,219,241,245,258,286,290,292,308,309,338,347
152:3,6,18,29,42,61,67,83,111,128,143,223,157,158,173,175,180,182,192,197,199,209,213,230,245,255,266,275,276,281,282,283,294,302,314,335
153:13,17,19,30,38,49,53,57,59,62,65,68,76,93,97,121,124,126,134,144,257,173,188,189,216,220,252,298,300,307,308,310,339
154:21,31,46,63,64,65,70,92,104,134,138,139,142,287,197,229,251,253,259,262,264,277,288,293,315,342
155:38,74,87,92,97,100,111,115,123,125,135,199,160,172,214,254,271,272,276,291,302,308,324
156:2,5,39,46,83,93,95,101,118,130,135,142,175,168,171,178,186,197,199,209,244,265,277,286,315
157:0,16,24,35,40,43,46,47,48,66,73,83,85,96,102,104,125,148,152,256,162,163,172,175,176,189,194,207,212,230,237,247,248,251,261,278,293,317,332,335,337,338,347
158:51,61,68,82,112,118,121,132,152,292,162,170,199,222,226,242,246,258,275,300,306,309,311,338,341
159:29,45,56,60,74,76,95,104,106,137,151,279,177,179,185,191,203,224,255,269,272,273,293,298,325,331
160:3,7,15,24,56,61,64,71,81,90,93,109,135,155,300,164,175,177,181,185,200,201,206,212,228,246,255,256,263,287,291,307,342
161:20,31,38,48,90,102,112,138,142,324,178,199,200,204,234,244,257,283,285,300,317,322,344
162:6,8,9,10,87,112,128,139,157,158,277,164,167,175,194,200,209,247,258,262,268,276,279,280,282,286,314,346
163:62,66,76,87,91,95,147,157,225,174,188,192,196,205,207,208,224,229,250,256,261,300,301,303
164:0,16,28,35,46,57,108,115,122,134,136,160,162,177,167,193,210,216,220,224,230,236,238,293,338
165:7,22,25,33,41,71,103,111,118,128,133,138,145,151,168,166,176,192,193,208,212,274,326,335,342,346
166:2,6,40,45,46,49,55,92,94,96,102,125,129,130,134,148,165,313,171,178,183,184,200,203,270,294,296,297,346
167:8,45,58,73,89,99,118,119,120,127,162,164,244,185,203,208,219,227,245,255,266,281,287,312,322,324,342
168:24,29,41,50,66,70,84,99,104,111,113,115,142,156,165,192,181,185,186,196,203,205,217,222,230,236,251,255,261,276,296,303,308,314
169:14,25,27,29,31,33,41,53,109,113,128,194,195,208,215,235,257,262,276,282,283,286,311,319,321,346
170:12,52,58,91,100,115,138,158,173,175,180,182,195,197,200,216,251,289,303,317,341
171:10,27,41,44,76,80,84,86,105,130,137,142,144,156,166,173,182,231,232,265,299,301,321
172:2,7,44,56,93,147,150,151,155,157,343,200,203,225,226,230,237,257,286,288,291,309,310
173:7,18,25,40,45,46,59,65,80,97,104,119,152,153,170,171,288,182,201,206,227,259,264,268,275,277,285,300,303,337
174:2,24,34,56,60,62,63,66,72,145,163,178,245,303,337
175:1,26,35,46,65,67,82,91,104,108,113,127,138,152,156,157,160,162,170,190,207,212,217,222,261,284,285,286,293,300,302,316,348
176:19,30,35,37,47,74,86,91,98,99,112,113,129,136,146,157,165,303,182,183,188,208,214,236,238,242,247,257,262,283,286,291,301,335,336
177:3,6,65,72,87,88,100,102,131,135,140,159,160,164,196,186,197,230,239,243,288,292,293,298,309,330
178:7,21,27,38,45,71,74,76,87,97,132,143,145,156,161,166,174,196,197,198,202,209,219,246,258,271,278,289,295,307,328,331
179:10,13,17,21,29,43,76,85,92,101,113,114,127,144,159,241,197,205,209,214,219,245,247,254,266,284,292,304
180:11,21,26,29,40,49,71,81,96,112,117,126,129,139,145,152,170,319,190,228,237,250,258,267,271,273,317,330
181:2,20,23,44,86,109,144,146,160,168,253,190,206,207,235,240,251,260,286,287,311,326,338,342
182:8,15,21,50,61,68,85,96,100,129,135,139,150,152,170,171,173,176,319,183,208,224,231,236,241,253,259,291,293,301,314,315,316,317,334,344
183:37,48,60,63,87,123,137,166,176,182,333,199,201,210,215,222,245,282,306,317,324,339
184:2,9,24,55,61,64,67,71,74,79,92,104,108,112,130,139,146,150,166,342,192,229,235,241,257,325
185:5,25,32,37,54,61,72,74,75,82,84,90,101,110,114,119,128,132,159,160,167,168,305,235,246,248,270,271,272,290,295,296,299,316,345
186:33,44,47,64,83,87,92,101,105,110,120,156,168,177,250,197,204,210,224,248,265,292,304,310,313,315,316,326,329
187:14,27,40,52,69,75,110,140,213,190,194,202,236,256,267,268,276,282,284,287,299,300,308,312,323,326
188:1,3,7,10,11,16,21,70,85,88,90,102,104,116,122,141,147,151,153,163,176,195,235,236,239,248,252,262,282,284,302,309,325
189:30,63,65,72,85,91,101,104,107,134,151,153,157,276,190,197,201,234,243,245,246,257,258,271,287,288,291,306,307,324
190:25,34,57,59,69,113,131,147,175,180,181,187,189,244,203,205,211,218,220,232,264,286,291,311,315,348
191:3,6,7,29,43,47,60,68,94,119,125,134,138,141,144,159,229,194,198,233,245,250,313
192:1,2,28,38,45,86,97,115,143,152,163,165,168,184,345,220,243,260,263,265,266,271,281,288,291,295,311,323
193:10,15,24,36,38,44,51,63,120,121,129,131,143,164,165,256,204,216,217,218,227,251,262,265,291,306,307,322,324,328,330
194:14,26,61,64,71,101,119,134,138,144,145,147,157,162,169,187,191,253,217,218,226,238,255,258,281,286,295,318,320,324
195:0,60,72,96,119,129,133,138,169,170,188,243,202,220,221,244,247,270,300,305,315,318
196:5,12,16,21,31,54,64,72,106,116,120,130,145,163,168,177,178,331,202,203,206,261,267,270,303,341
197:15,39,51,52,73,104,124,129,147,151,152,154,156,170,177,178,179,186,189,287,215,221,239,254,258,319,345
198:0,11,22,48,63,95,117,120,125,127,138,145,147,178,191,345,215,240,244,257,283,312,315
199:3,13,17,20,63,69,70,77,81,92,94,104,108,152,155,156,158,161,183,291,220,235,237,248,276,296,303,304,308,314,341,343
200:0,14,15,26,41,55,62,64,110,114,140,149,160,161,162,166,170,172,306,201,212,229,242,246,269,270,298,313,338,343
201:34,70,76,78,85,91,97,123,134,160,173,183,189,200,315,216,253,269,288,293,305,310,318,329,344,346
202:13,37,59,77,86,94,103,109,123,135,147,178,187,195,196,268,237,245,251,256,257,266,296,302
203:0,6,26,31,35,46,47,122,139,150,151,159,166,167,168,172,190,196,327,219,251,258,262,267,270,271,287,345
204:3,18,24,41,55,65,69,74,90,95,102,161,186,193,248,205,215,220,225,233,250,256,286,295,296,307,311,314,326,332,344
205:17,21,39,45,56,60,67,70,79,85,89,104,112,118,129,131,142,143,163,168,179,190,204,244,217,260,263,268,290,332
206:6,37,68,84,92,101,104,125,128,160,173,181,196,313,223,227,236,248,263,277,307,319,333,343
207:8,13,16,31,45,46,62,68,70,80,82,91,101,107,131,142,157,163,175,181,232,216,217,331
208:7,10,36,125,132,163,165,167,169,176,182,319,216,236,239,243,244,275,277,284,285,340
209:13,14,25,36,38,67,78,85,86,92,115,119,128,132,135,152,156,162,178,179,312,223,224,234,268,274,339,340
210:9,21,27,30,33,38,40,45,60,73,76,89,91,98,101,111,118,123,125,130,137,142,151,164,183,186,311,227,230,235,272,278,281,288,294,317,328,329,333
211:1,6,13,20,39,41,71,76,83,85,104,117,119,121,142,190,341,243,245,254,261,291,297,300,319,331,336,349
212:3,16,42,60,66,67,70,79,97,104,108,110,135,149,157,160,165,175,200,245,232,288,291,293,295,341
213:19,25,46,53,60,62,74,87,106,111,137,152,187,280,228,248,265,266,294,299,310,313,316,318,327,346,349
214:10,37,45,63,70,81,85,87,110,135,155,176,179,291,234,245,250,265,267,297,305,306,324,328,331
215:3,9,22,24,28,42,49,51,56,60,62,64,65,67,79,91,107,126,135,169,183,197,198,204,337,240,241,246,269,276,290,292,297,298,305,326,339,343,344
216:7,18,24,25,32,35,36,51,64,66,76,109,111,117,122,124,147,153,164,170,193,201,207,208,235,251,252,261,269,278,292,316,322,337
217:1,17,35,42,50,55,56,63,68,100,137,146,168,175,193,194,205,207,264,219,231,234,257,273,292,333,349
218:24,41,54,73,131,190,193,194,298,219,222,239,252,261,266,308,310,343
219:18,25,73,87,103,118,141,146,148,151,167,178,179,203,217,218,332,235,245,267,292,294,314,334,343,347
220:4,44,47,57,70,73,96,98,122,142,153,164,190,192,195,199,204,233,223,227,230,237,246,252,292,298,315,316,345
221:5,10,18,33,36,80,89,108,131,137,144,147,195,197,295,224,227,231,238,240,259,269,273,285,310,313,337
222:3,7,14,31,52,71,93,136,158,168,175,183,218,336,235,282,300,315,329,342
223:0,24,26,55,72,74,83,84,123,139,152,206,209,220,261,285,291,310,329,334
224:5,7,28,31,39,71,76,91,119,129,159,163,164,182,186,209,221,273,246,274,305
225:24,40,42,43,50,59,67,97,98,133,135,148,163,172,204,316,241,261,294,301,319,338,343
226:13,16,22,30,43,47,52,58,69,87,88,95,99,128,131,132,145,158,172,194,256,241,252,289,290,293,304,309,316,318,319,332,345
227:17,61,94,95,108,113,118,127,167,173,193,206,210,220,221,255,252,253,254,265,277,291,294,313,314,326,335
228:2,3,21,27,38,41,60,62,63,83,93,100,113,117,119,160,180,213,259,249,255,270,287,289,292,305,306,310,324,340,343,347
229:0,41,44,62,64,68,73,79,130,154,163,184,191,200,290,241,243,266,298,314,327,345,346
230:11,18,20,31,54,65,71,88,90,137,140,148,149,152,157,164,168,172,177,210,220,299,241,293,294,305,331,338,339,345
231:5,23,25,45,50,89,92,98,117,127,140,142,148,171,182,217,221,297,242,245,256,265,324
232:29,40,43,57,60,65,66,102,113,115,116,122,149,171,190,207,212,302,265,268,271,295,311,318,327,332,339
233:0,7,19,35,37,43,46,49,75,79,82,83,100,117,118,141,146,147,191,204,220,236,237,243,249,250,259,267,272,275,279,305,314,316,336
234:4,16,18,51,54,58,78,93,100,107,125,146,149,161,189,209,214,217,249,236,237,246,270,302,319,324
235:7,14,26,28,35,41,53,57,62,72,73,99,120,147,150,169,181,184,185,188,199,210,216,219,222,313,264,316,323
236:57,65,68,69,84,90,95,118,139,164,168,176,182,187,188,206,208,233,234,342,243,293,300,322,327,328,329,343
237:8,9,17,31,40,41,65,70,78,84,108,119,132,135,144,157,172,180,199,202,220,233,234,262,255,289,297,309,317,333
238:14,35,46,47,61,90,111,164,176,194,221,314,281,289,298,315,328,329,340
239:4,32,58,89,105,111,113,129,143,147,177,188,197,208,218,348,267,270,278,301,305,340,341
240:20,26,38,51,56,63,86,88,98,133,181,198,215,221,269,253,278,305,310,319,323,333
241:8,10,26,36,44,45,46,75,109,123,151,179,182,184,215,225,226,229,230,313,249,253,260,264,268,270,286,287,303,310,314,335,341,344
242:10,18,29,42,46,79,97,103,104,129,158,176,200,231,277,249,259,263,275,281,289,302,312,329,335,339,345
243:12,21,28,63,64,81,126,135,136,177,189,192,195,208,211,229,233,236,314,244,271,277,280,304,305,306,338,346
244:12,22,48,55,65,75,84,115,118,126,156,161,167,190,195,198,205,208,243,327,246,251,280,320,325,332,333,347
245:7,28,87,92,95,125,138,140,143,151,152,167,174,179,183,189,191,202,211,212,214,219,231,246,257,266,270,282,302,325,335
246:10,33,47,48,51,55,76,88,106,114,146,150,158,160,178,185,189,200,215,220,224,234,244,245,266,251,267,280,291,307,319,325,329
247:4,9,13,18,23,51,59,70,75,76,77,107,109,128,136,141,150,157,162,176,179,195,304,285,289,306,308,322,335,336
248:10,14,16,24,27,28,36,55,87,93,99,100,135,150,157,185,186,188,199,204,206,213,294,280,281,296,308,309,313,314,332
249:2,4,24,46,90,101,117,122,228,233,234,241,242,324,275,276,280,282,284,289
250:13,15,43,48,72,74,80,82,88,100,110,111,116,134,163,180,186,191,204,214,233,330,275,279,287,308,315,326,345,348
251:8,14,17,28,83,91,109,122,154,157,168,170,181,193,202,203,216,244,246,349,255,258,314,315,327,348
252:33,44,58,80,88,97,99,125,153,188,216,218,220,226,227,275,254,264,265,290,292,293,308,318,327,338,348
253:30,46,49,50,56,61,62,73,85,95,108,118,138,154,181,182,194,201,227,240,241,304,288,301,302,315,332,349
254:9,15,52,65,77,80,85,86,119,122,155,179,197,211,227,252,286,256,257,262,273,293,296,306,317,324,328
255:4,37,41,48,52,54,56,64,83,110,124,129,141,147,148,150,152,159,160,167,168,194,227,228,237,251,331,257,263,266,270,285,330,344
256:13,37,39,43,55,72,90,98,105,121,123,124,127,157,160,163,187,193,202,204,226,231,254,339,308,324,327,337,343,344
257:4,6,9,18,67,91,139,153,161,169,172,176,184,189,198,202,217,245,254,255,332,260,261,276,299,340
258:52,55,100,104,125,138,140,151,158,162,178,180,189,194,197,203,251,280,309,312,349
259:5,31,34,45,52,53,83,88,112,118,130,136,143,154,173,182,221,228,233,242,341,273,281,300,318,327,336
260:0,4,8,18,30,32,35,53,84,87,92,120,121,181,192,205,241,257,342,268,280,294,306,326,330,340
261:3,9,16,34,43,47,58,63,65,105,157,163,168,175,196,211,216,218,223,225,257,338,265,273,281,286,333,335,336,339
262:7,16,32,47,52,53,85,97,107,110,116,119,122,139,146,154,162,169,176,188,193,203,237,254,282,265,266,279,290,294,336,346
263:0,2,12,22,37,40,51,59,69,93,133,144,160,192,205,206,242,255,280,265,267,270,276,320,348
264:2,35,41,44,65,66,86,93,121,134,154,173,190,217,235,241,252,297,276,298,302,308,310,347
265:2,3,21,24,27,29,30,39,71,83,103,131,132,147,156,171,186,192,193,213,214,227,231,232,252,261,262,263,314,267,271,275,293,300,301,302,307,318,323,329,333,337
266:13,34,40,41,76,80,86,90,94,123,124,136,145,152,167,179,192,202,213,218,229,245,246,255,262,299,272,284,300,308,319,329,332,338,348
267:1,22,23,35,49,53,67,75,79,89,95,133,140,147,180,187,196,203,214,219,233,239,246,263,265,319,273,274,275,286,311,321,344
268:6,11,42,46,54,77,79,103,111,119,138,146,149,162,173,187,202,205,209,232,241,260,319,275,276,283,294,312,340
269:10,18,62,74,76,100,134,141,147,159,200,201,215,216,221,240,278,281,293,299,310,317,326,327,330,331,346,348
270:7,17,18,62,84,125,126,127,140,142,166,185,195,196,200,203,228,234,239,241,245,255,263,302,277,282,288,293,324
271:14,43,55,115,119,135,136,155,178,180,185,189,192,203,232,243,265,283,276,278,322
272:22,29,57,91,99,112,114,121,136,139,148,155,159,185,210,233,266,337,314,321,344,345
273:30,41,53,61,67,86,121,126,159,180,217,221,224,254,259,261,267,344,277,280,281,283,301,307,319,349
274:10,15,38,51,100,103,109,125,132,140,150,165,209,224,267,315,290,291,293,296,304,305,312,328,337,347
275:52,81,100,105,134,146,152,158,173,208,233,242,249,250,252,265,267,268,303,281,282,294,297,309,319,340,343,348
276:6,20,31,59,67,71,76,81,87,101,111,119,142,149,152,155,162,168,169,187,189,199,215,249,257,263,264,268,271,340,325,330,332,334,349
277:7,71,81,96,122,127,131,148,154,156,162,173,206,208,227,242,243,270,273,290,279,283,291,298,322,333,340,342
278:3,14,38,58,86,91,102,103,109,123,130,145,157,178,210,216,239,240,269,271,332,283,301,323,330,338,341
279:3,66,111,133,159,162,233,250,262,277,301,288,292,296,308,318,320,337
280:2,3,20,43,69,78,83,88,91,99,108,111,121,131,138,141,162,213,243,244,246,248,249,258,260,263,273,322,284,291,292,299,313
281:6,11,51,53,64,73,82,103,104,114,121,127,128,152,167,192,194,210,238,242,248,259,261,269,273,275,296,285,319,328,347
282:2,4,24,45,57,59,83,91,93,105,127,134,139,145,152,162,169,183,187,188,222,245,249,262,270,275,304,291,317,319
283:17,21,30,68,83,86,101,104,127,130,139,145,152,161,169,176,198,268,271,273,277,278,322,290,298,300,310,317,319,336,341,342
284:9,22,26,31,51,67,82,95,108,112,121,135,175,179,187,188,208,249,266,280,307,285,286,288,289,292,293,319,334,338,344
285:1,24,45,59,61,74,89,96,99,113,115,117,127,136,137,161,173,175,208,221,223,247,255,281,284,288,295,307,325,329,331,333
286:35,62,90,99,133,151,156,162,169,172,175,176,181,190,194,204,241,254,261,267,284,325,295,315,319
287:29,53,59,67,134,135,136,139,154,160,167,181,187,189,197,203,228,241,250,300,302,331,347
288:1,49,82,97,109,148,150,154,172,173,177,189,192,201,210,212,253,270,279,284,285,334,329,341,348
289:2,14,27,39,42,47,48,65,82,94,104,114,116,117,122,129,146,170,178,226,228,237,238,242,247,249,284,304,299,307,326,342,344,345
290:22,32,70,81,85,104,109,151,185,205,215,226,229,252,262,274,277,283,305,294,309,328,333,334,336,341
291:6,12,16,29,99,119,120,143,150,155,160,172,176,182,189,190,192,193,199,211,212,214,223,227,246,274,277,280,282,340,305,311,315
292:0,4,8,11,13,32,51,68,82,93,99,105,107,127,136,141,149,151,158,177,179,186,215,216,217,219,220,228,252,279,280,284,343,329,333,336,338,348
293:5,32,61,68,82,83,98,101,113,124,128,129,136,138,139,145,154,157,159,164,175,177,182,201,212,226,230,236,252,254,265,269,270,274,284,326,313,332
294:34,57,67,76,97,106,107,108,109,110,114,116,119,127,132,145,152,166,210,213,219,225,227,230,248,260,262,268,275,290,349,297,309,311,312,318,328
295:6,17,20,24,25,29,30,34,39,40,58,61,93,94,106,108,131,149,178,185,192,194,204,212,221,232,285,286,299,309,320,332,338
296:12,17,21,27,42,43,44,46,47,72,86,107,117,128,130,166,168,185,199,202,204,248,254,274,279,281,301,307,310,315,333
297:0,8,15,37,46,61,75,83,87,92,111,137,143,166,211,214,215,231,237,264,275,294,306,309,314,317,327
298:29,80,89,100,106,108,153,159,177,200,215,218,220,229,238,264,277,283,349,326,337,342,343
299:0,12,60,64,81,92,95,103,104,125,136,139,171,185,187,213,230,257,266,269,280,289,295,336,301,308,310,319,337,347
300:16,43,58,82,85,99,131,137,153,158,160,161,163,173,175,187,195,211,222,236,259,265,266,283,287,332,304,318,344,348
301:7,28,36,57,80,81,87,88,111,130,131,135,139,150,163,171,176,182,225,239,253,265,273,278,279,296,299,332,303,316,319,324,325
302:78,94,110,116,123,152,155,175,188,202,232,234,242,245,253,264,265,270,287,321,303,320,323,330
303:6,12,21,24,27,46,47,48,67,72,84,122,134,163,168,170,173,174,176,196,199,241,275,301,302,336,338
304:0,3,12,19,46,57,101,102,105,125,140,179,186,199,226,243,247,253,274,282,289,300,346,335,336
305:9,12,20,30,44,48,74,87,97,115,124,137,141,185,195,201,214,215,224,228,230,233,239,240,243,274,290,291,337,314
306:13,16,47,74,77,97,104,109,123,132,136,158,183,189,193,200,214,228,243,247,254,260,297,328,339,344,346
307:0,5,42,52,55,58,75,76,102,106,110,115,118,131,136,138,142,146,148,153,160,178,189,193,204,206,246,265,273,284,285,289,296,323,322,341
308:25,26,48,50,60,74,76,89,98,107,109,111,116,151,153,155,168,187,199,218,247,248,250,252,256,264,266,279,299,312,323,327,339,348
309:46,57,79,91,139,143,151,158,172,177,188,226,237,248,258,275,290,294,295,297,328,322,324,333,344
310:5,7,19,43,44,73,93,95,104,108,123,149,153,172,186,201,213,218,221,223,228,240,241,264,269,283,296,299,339,319
311:25,27,32,42,66,69,72,79,92,110,120,126,130,131,136,142,144,158,169,181,190,192,204,210,232,267,291,294,340,325,335,338,349
312:2,25,26,64,84,119,167,187,198,209,242,258,268,274,294,308,313,337
313:9,31,41,60,64,85,119,138,144,166,186,191,200,206,213,221,227,235,241,248,280,293,312,316,314
314:12,13,28,29,78,93,113,116,121,140,141,146,152,162,168,182,199,204,219,227,229,233,238,241,243,248,251,265,272,297,305,313,333
315:2,17,24,29,40,73,75,76,77,82,90,91,100,101,102,103,110,126,154,156,182,186,190,195,198,201,220,222,238,250,251,253,274,286,291,296,336,323,329,331
316:14,19,37,42,62,80,134,175,182,185,186,213,216,220,225,226,233,235,301,313,324,325,331,337
317:2,7,23,24,37,69,70,75,91,100,138,157,161,170,180,182,183,210,237,254,269,282,283,297,323,318,324,338
318:7,9,16,17,25,27,33,47,48,52,61,62,69,88,135,194,195,201,213,226,232,252,259,265,279,294,300,317,337,325,339
319:1,25,27,39,41,43,59,63,82,84,87,88,110,143,145,169,180,182,197,206,208,211,225,226,234,240,246,266,267,268,273,275,281,282,283,284,286,299,301,310,339,330,342
320:10,22,45,51,57,60,70,80,102,124,149,194,244,263,279,295,302,342,344,345
321:31,44,59,67,82,100,112,120,131,134,169,171,267,272,302,326,325
322:14,54,68,87,123,143,161,167,193,216,236,247,271,277,280,283,307,309,332,323,331
323:12,49,55,70,99,100,120,127,135,187,192,235,240,265,278,302,307,308,315,317,322,332,327
324:0,22,35,37,59,85,113,155,161,167,183,189,193,194,214,228,231,234,249,254,256,270,301,309,316,317,339,347
325:3,20,26,36,43,54,58,61,105,106,107,108,112,135,142,159,184,188,244,245,246,276,285,286,301,311,316,318,321,326,329,334
326:0,8,22,30,37,54,79,90,100,111,119,137,148,165,181,186,187,204,215,227,250,260,269,289,293,298,321,325,349
327:2,14,15,26,39,59,80,105,112,124,137,203,213,229,232,236,244,251,252,256,259,269,297,308,323,328,332,336,337,348
328:3,21,32,52,61,103,109,178,193,210,214,236,238,254,274,281,290,294,306,309,327,347,341,343
329:16,19,67,78,82,92,126,134,136,140,143,186,201,210,222,223,236,238,242,246,265,266,285,288,292,315,325,344,337
330:2,6,10,16,19,28,34,43,70,96,97,115,117,126,136,177,180,193,250,255,260,269,276,278,302,319,346
331:2,4,8,10,24,40,52,65,72,83,98,127,134,148,149,159,178,196,207,211,214,230,255,269,285,287,315,316,322,340
332:0,3,15,22,39,44,56,69,72,75,129,145,157,204,205,219,226,232,244,248,253,257,266,276,278,293,295,300,301,322,323,327,348
333:10,25,45,46,49,52,54,74,85,94,96,98,103,111,114,116,118,123,128,183,206,210,217,237,240,244,261,265,277,285,290,292,296,309,314,343,342
334:9,16,24,49,51,68,106,110,116,140,182,219,223,276,284,288,290,325,344
335:20,25,35,64,74,76,78,92,102,152,157,165,176,227,241,242,245,247,261,304,311,342,340,347
336:18,21,22,31,34,51,56,73,88,100,101,109,118,123,143,176,211,222,233,247,259,261,262,283,290,292,299,303,304,315,327,347,344
337:3,5,18,32,44,46,48,65,118,124,127,132,138,139,142,143,144,157,173,174,215,216,221,256,265,272,274,279,298,299,305,312,316,318,327,329,345,341
338:0,12,19,38,57,66,67,68,84,98,129,133,151,157,158,164,181,200,225,230,243,252,261,266,278,284,292,295,303,311,317,347
339:12,18,27,40,46,47,63,77,99,102,119,121,135,145,148,153,183,209,215,230,232,242,256,261,306,308,310,318,319,324,347,340,343
340:5,29,59,60,74,101,208,209,228,238,239,257,260,268,275,276,277,291,311,331,335,339,343,344
341:1,13,18,65,74,83,87,88,93,98,99,112,120,121,130,131,135,147,158,170,196,199,211,212,239,241,259,278,283,288,290,307,328,337,349,346
342:5,19,39,42,48,77,111,120,154,160,165,167,181,184,222,236,260,277,283,289,298,319,320,333,335,349,347
343:13,14,29,51,86,88,91,96,120,132,172,199,200,206,215,218,219,225,228,236,256,275,292,298,328,333,339,340,346,344
344:5,22,23,24,77,86,98,107,112,114,120,136,143,148,161,182,201,204,215,241,255,256,267,272,273,284,289,300,306,309,320,329,334,336,340,343,347
345:4,31,32,83,104,107,120,128,142,150,185,192,197,198,203,220,226,229,230,242,250,272,289,320,337,348
346:12,13,28,51,53,77,85,86,93,94,96,100,105,119,137,140,149,162,165,166,169,201,213,229,243,262,269,304,306,330,341,343,349
347:8,34,62,78,97,115,127,134,140,146,151,157,219,228,244,264,274,281,287,299,324,328,335,336,338,339,342,344,348
348:6,11,37,61,79,90,105,141,175,190,239,250,251,252,263,266,269,275,288,292,300,308,327,332,345,347,349
349:12,19,59,92,94,107,113,140,211,213,217,251,253,258,273,276,294,298,311,326,341,342,346,348
