0:16,6,11,22,24,26,27,29,32,33,38,39,43,45,50,51,52,61,63,65,67,68,69,70,71,74,76,81,82,85,89,91,93,94,97,99,100,103,104,106,107,114,115,117,119,120,122,124,126,129,131,134,135,136,138,139,142,147,149,150,153,155,159,160,162,166
1:120,2,4,5,7,8,9,11,12,13,15,16,19,20,23,24,25,26,27,29,35,36,37,38,40,41,42,45,46,48,49,53,56,59,62,64,66,67,69,71,72,74,75,76,77,79,80,83,85,86,87,89,90,92,93,99,101,102,104,107,108,109,111,113,114,116,123,124,125,126,128,132,133,135,136,137,139,140,142,143,145,148,150,151,152,153,155,156,157,158,162,163,164,168
2:1,68,8,10,14,15,18,21,22,26,30,32,36,38,39,43,48,50,51,52,53,61,63,64,67,71,72,73,76,80,81,82,83,84,85,88,89,94,96,99,100,101,104,105,107,109,113,117,118,119,120,121,122,126,127,129,134,135,136,141,144,145,146,149,150,152,153,154,156,157,161,165,168
3:13,5,7,9,11,12,14,15,16,17,19,21,22,25,26,28,29,33,36,41,44,45,49,51,55,56,58,62,68,69,72,73,81,82,83,84,86,90,91,92,94,95,96,97,99,103,106,110,113,115,116,117,119,121,126,127,128,130,133,134,137,139,142,143,144,145,148,150,156,159,163,167,168
4:1,164,9,12,13,17,18,21,23,25,26,27,29,30,31,32,33,36,37,43,44,49,50,52,55,56,57,58,63,73,74,76,77,80,81,82,83,85,86,89,91,93,94,101,102,107,108,115,118,119,120,124,129,130,135,137,142,143,144,145,148,149,150,151,152,157,159,161,165,167,168,169
5:1,3,123,6,9,10,12,14,16,19,20,21,23,24,25,26,27,28,29,30,32,37,39,40,43,45,46,47,52,53,55,56,60,61,62,63,68,70,74,76,78,79,80,81,85,87,88,93,95,96,99,100,103,104,107,108,109,113,114,116,119,120,121,122,127,133,134,135,138,139,143,144,146,147,148,149,151,153,159,160,161,166,168
6:0,5,13,10,17,18,20,22,23,24,26,27,29,30,33,35,38,43,44,45,46,47,51,53,57,58,63,65,68,70,82,84,85,86,88,89,90,91,93,94,96,98,102,103,104,108,111,113,114,115,116,118,121,122,123,124,125,129,130,132,141,142,143,144,147,149,153,159,163,164,165,166,167,169
7:1,3,138,8,10,11,12,14,19,25,29,31,32,35,36,40,42,44,47,48,50,51,53,55,59,61,62,65,67,71,72,76,78,79,82,84,85,86,91,96,101,102,104,105,106,107,108,110,112,113,114,115,117,118,119,122,123,126,127,128,129,131,135,136,141,142,143,147,150,151,154,157,163,165,166,167,168,169
8:1,2,7,162,9,11,13,21,22,23,28,29,31,32,34,35,36,38,40,42,43,44,47,49,51,53,54,55,56,57,58,62,64,70,74,78,80,81,82,85,86,87,88,89,93,94,95,101,103,108,109,111,112,113,116,117,121,122,127,128,129,132,135,136,137,138,139,141,143,144,145,146,147,149,152,154,155,156,158,159,160,163,164,165,166,167
9:1,3,4,5,8,75,11,14,16,19,22,27,29,30,34,35,38,40,41,43,44,45,46,47,48,49,50,51,53,56,57,58,59,64,67,70,73,74,76,77,80,82,84,87,88,92,95,97,99,100,101,105,107,111,113,116,117,118,119,120,121,123,124,128,129,131,135,136,139,141,144,147,148,151,154,157,159,165,166,167,168
10:2,5,6,7,136,14,18,19,22,27,29,33,35,36,37,38,39,43,45,46,49,50,51,53,58,61,63,64,65,70,73,76,77,78,80,82,84,85,86,90,94,100,101,104,105,109,110,114,116,118,119,120,123,124,127,128,129,131,135,137,139,140,141,143,144,145,146,147,148,151,153,154,155,158,160,161,164,165,167,168,169
11:0,1,3,7,8,9,31,17,18,21,22,23,24,28,40,41,42,43,46,49,51,54,55,56,57,58,59,60,61,62,64,66,73,76,77,78,79,84,86,89,92,93,95,96,98,100,106,107,108,109,113,114,119,122,123,125,126,127,128,129,130,132,133,137,138,139,140,143,145,147,148,149,150,151,153,154,156,158,159,163,164,165,166,168,169
12:1,3,4,5,7,163,16,17,18,26,28,29,34,35,39,40,41,44,45,46,48,52,58,61,63,66,67,68,75,77,80,81,82,87,90,92,93,94,95,97,101,102,103,104,105,106,107,111,114,117,121,123,124,125,126,128,130,136,137,140,141,142,146,148,150,151,155,156,157,162,164,166,168,169
13:1,3,4,6,8,82,15,19,20,22,24,27,28,29,32,35,36,37,39,40,41,43,46,47,51,52,57,58,60,61,64,65,69,74,77,79,80,81,83,85,86,90,92,94,95,98,100,102,103,104,109,110,111,112,114,115,118,119,120,121,124,127,128,130,133,137,140,142,150,152,154,157,160,161,162,163,169
14:2,3,5,7,9,10,71,15,16,18,19,20,24,26,28,31,32,37,39,41,42,50,60,62,65,68,73,79,81,83,90,91,93,95,98,100,102,103,105,106,107,109,110,116,120,122,123,125,126,127,129,132,135,139,140,144,146,147,149,150,154,155,156,159,160,162,163,164,166,169
15:1,2,3,13,14,51,16,19,22,25,26,27,32,35,39,43,46,49,50,52,53,55,59,62,63,65,66,67,68,71,72,73,74,76,77,79,82,86,87,88,89,90,92,93,94,97,98,100,102,104,109,110,116,117,119,120,121,122,123,127,128,129,130,131,132,134,141,142,143,144,145,148,149,151,152,154,156,158,163,166,167,169
16:0,1,3,5,9,12,14,15,101,19,20,21,27,28,30,34,38,39,40,41,42,43,44,45,47,48,51,53,54,55,56,57,58,60,63,64,70,71,72,73,74,75,77,78,79,80,82,83,86,89,90,93,95,96,98,99,102,106,107,110,111,115,116,119,120,121,122,124,126,127,129,130,132,133,134,135,142,147,148,149,151,152,154,160,163,166,167,168
17:3,4,6,11,12,18,20,21,22,26,29,31,32,35,37,38,41,43,44,47,52,56,58,60,64,66,69,70,71,74,75,78,80,83,85,87,89,91,95,96,97,99,101,102,103,104,105,106,107,109,116,118,123,125,126,131,132,134,135,137,138,142,143,145,147,149,151,153,154,156,162,163,164,165,166,168
18:2,4,6,10,11,12,14,17,124,20,22,23,24,27,28,30,32,37,38,39,40,41,44,46,53,56,57,58,59,60,65,66,67,68,69,70,75,77,79,80,83,91,92,93,94,95,96,98,101,102,103,104,105,108,110,112,117,118,128,129,132,135,137,139,140,142,143,144,148,151,156,158,159,163,165,167,168,169
19:1,3,5,7,9,10,13,14,15,16,52,20,21,22,23,24,28,31,33,34,35,36,40,43,45,46,47,48,49,51,56,57,58,59,60,61,63,64,68,72,73,74,76,78,81,83,84,87,88,89,90,95,100,104,105,107,108,109,115,116,118,123,125,128,130,131,132,134,138,140,145,147,148,149,152,155,156,157,158,161,162,164,167
20:1,5,6,13,14,16,17,18,19,125,21,25,26,28,31,32,33,35,39,43,44,46,49,50,52,54,56,57,59,63,66,67,68,70,72,73,74,75,76,78,80,81,84,85,86,87,88,89,92,94,100,103,106,108,109,112,113,115,118,121,122,126,127,128,129,130,132,136,137,138,139,140,141,143,145,146,147,149,150,151,155,156,157,160,162,164,167
21:2,3,4,5,8,11,16,17,19,20,29,22,23,25,26,31,35,37,38,39,40,45,46,47,48,52,54,55,56,57,59,65,66,70,73,75,76,78,79,80,87,88,89,90,91,92,93,95,98,101,102,103,106,107,109,112,113,118,124,125,135,136,137,138,140,144,146,147,150,152,155,156,157,159,161,164,167,169
22:0,2,3,6,8,9,10,11,13,15,17,18,19,21,77,23,25,29,32,35,37,38,40,41,42,43,46,47,48,49,51,53,54,56,57,58,60,62,63,64,67,70,71,72,75,76,78,80,81,83,84,85,86,87,88,95,96,98,99,101,102,104,106,107,108,111,112,114,115,116,118,120,127,128,129,135,136,138,139,140,143,144,149,150,151,153,155,157,158,160,161,162,163,165,169
23:1,4,5,6,8,11,18,19,21,22,69,29,30,32,37,40,42,43,45,53,54,57,59,63,64,65,66,70,73,74,78,79,81,82,83,84,85,86,87,89,90,92,96,97,99,100,101,102,103,104,106,107,108,110,117,119,120,124,129,130,131,133,142,143,144,145,146,149,150,151,153,156,160,162,165,166
24:0,1,5,6,11,13,14,18,19,99,26,27,28,30,34,36,37,43,46,47,48,52,54,55,58,60,61,65,68,69,70,71,72,73,75,77,79,80,83,84,86,88,89,90,91,92,98,101,104,106,109,110,111,113,115,118,119,121,123,124,126,128,129,131,142,143,145,147,149,152,155,158,159,166,169
25:1,3,4,5,7,15,20,21,22,152,26,27,29,30,31,32,33,34,37,39,42,43,44,48,49,50,52,58,61,63,66,67,68,70,73,76,78,79,81,82,83,85,86,88,89,90,91,93,95,98,99,105,108,110,111,114,115,117,120,121,122,128,129,132,133,134,135,144,147,148,150,155,157,159,160,162,164,167,168
26:0,1,2,3,4,5,6,12,14,15,17,20,21,24,25,33,27,28,34,38,41,42,46,47,49,54,59,64,65,68,72,74,75,79,80,82,84,85,86,87,88,89,92,94,98,101,102,103,111,117,119,123,127,128,129,130,132,135,137,138,141,142,145,146,147,148,150,151,152,155,158,162,164,166,168
27:0,1,4,5,6,9,10,13,15,16,18,24,25,26,35,29,30,31,32,33,34,36,38,44,46,49,54,55,57,59,63,64,66,70,74,76,81,82,83,84,90,94,95,97,100,101,102,103,104,106,107,108,109,110,113,114,116,117,120,122,123,125,130,131,132,133,135,137,138,141,142,143,145,148,149,150,151,152,154,155,156,157,158,159,161,163,165,166,168,169
28:3,5,8,11,12,13,14,16,18,19,20,24,26,103,29,38,41,44,45,46,47,50,54,57,58,60,61,62,69,70,72,74,80,81,83,85,86,88,90,92,93,94,95,96,98,100,101,102,105,108,109,111,118,119,122,123,124,127,129,130,131,132,133,134,136,137,139,140,142,143,145,146,147,151,152,156,159,160,161,164,166,167
29:0,1,3,4,5,6,7,8,9,10,12,13,17,21,22,23,25,27,28,35,31,33,34,36,40,44,45,46,52,54,57,63,70,72,73,75,78,82,87,90,91,93,94,95,97,98,101,104,105,107,111,112,113,116,119,121,122,127,129,130,131,133,134,138,139,140,142,144,145,146,148,149,150,151,153,155,156,157,158,159,162,163
30:2,4,5,6,9,16,18,23,24,25,27,33,31,32,36,37,38,39,41,45,47,51,52,53,55,57,58,61,62,63,64,66,72,73,74,75,76,77,81,83,84,86,88,89,92,93,96,97,98,99,100,101,106,108,109,110,114,115,116,117,118,120,121,123,125,127,130,131,132,133,135,136,138,141,145,146,147,149,150,153,156,157,159,160,161,162,163,165,166,167
31:4,7,8,11,14,17,19,20,21,25,27,29,30,104,32,33,37,38,39,42,47,48,49,51,56,58,59,60,62,64,69,73,74,76,78,79,80,83,85,86,87,88,92,93,94,96,99,101,103,105,106,107,108,112,113,114,115,119,127,131,132,134,136,137,138,140,142,143,146,147,152,153,154,155,157,159,162,163,165,166
32:0,2,4,5,7,8,13,14,15,17,18,20,22,23,25,27,30,31,60,33,35,36,38,39,40,41,43,45,46,48,49,54,55,58,59,61,63,64,65,66,67,68,69,70,72,73,74,76,78,79,85,86,90,91,92,96,97,100,101,104,105,107,111,112,113,114,115,121,122,123,125,129,131,132,135,137,138,139,141,145,149,151,153,154,155,162,163,167
33:0,3,4,6,10,19,20,25,26,27,29,30,31,32,158,34,35,36,38,42,44,45,48,49,51,52,53,54,58,61,62,66,69,73,83,84,85,86,88,93,94,97,98,101,106,107,108,109,110,111,114,115,117,118,125,126,128,132,133,134,137,138,141,144,145,146,152,156,157,159,160,162,163,164
34:8,9,12,16,19,24,25,26,27,29,33,130,37,39,40,41,42,44,47,49,51,53,57,59,61,62,65,66,68,69,72,74,78,82,84,85,89,90,92,96,98,99,100,103,106,107,109,110,113,115,117,119,121,124,126,127,128,132,133,135,136,141,142,144,145,146,147,148,149,154,157,159,162,165,169
35:1,6,7,8,9,10,12,13,15,17,19,20,21,22,27,29,32,33,130,37,38,39,40,41,44,47,51,52,56,58,61,63,68,69,71,76,78,79,80,81,84,85,86,92,93,96,97,98,100,101,102,105,106,109,110,112,115,116,117,118,120,121,125,127,129,131,135,138,139,141,142,144,145,149,150,152,154,156,158,165,166,167,169
36:1,2,3,4,7,8,10,13,19,24,27,29,30,32,33,156,39,40,41,42,43,47,54,55,57,59,63,64,68,69,74,75,79,80,83,84,85,87,89,90,92,94,95,97,98,99,100,101,102,103,105,107,111,112,118,121,122,124,127,128,129,132,134,135,136,145,147,148,152,153,154,159,162,163,166,167,169
37:1,4,5,10,13,14,17,18,21,22,23,24,25,30,31,34,35,150,39,41,45,46,47,49,50,53,55,57,58,62,68,69,70,72,73,74,75,76,77,81,82,84,85,86,87,88,89,90,94,95,96,99,100,101,102,104,105,106,109,111,112,117,118,123,127,128,129,130,133,134,138,139,142,154,159,160,161,163,165,167
38:0,1,2,6,8,9,10,16,17,18,21,22,26,27,28,30,31,32,33,35,94,39,40,41,42,45,47,48,49,50,51,53,54,56,57,62,64,65,70,74,75,76,84,86,89,90,91,92,96,97,100,101,103,105,106,112,113,114,115,120,126,127,130,132,133,136,137,138,139,142,145,146,149,151,155,158,160,162,164,165,166,167
39:0,2,5,10,12,13,14,15,16,18,20,21,25,30,31,32,34,35,36,37,38,51,40,44,47,48,60,61,66,68,70,74,75,76,77,80,83,85,90,91,93,98,100,104,106,113,114,115,117,120,121,122,124,125,126,127,129,133,135,137,142,143,144,152,156,157,160,161,164,167,168,169
40:1,5,7,8,9,11,12,13,16,18,19,21,22,23,29,32,34,35,36,38,39,49,41,44,47,50,53,55,56,57,59,61,62,64,66,69,73,74,75,77,79,81,82,83,85,87,88,90,95,96,99,100,103,104,112,113,114,115,119,120,121,122,123,124,126,127,129,131,132,134,136,137,141,144,148,151,154,156,157,158,161,162,165,166,167
41:1,3,9,11,12,13,14,16,17,18,22,26,28,30,32,34,35,36,37,38,40,92,46,47,52,54,56,57,59,63,64,65,68,71,74,75,79,80,82,83,88,89,91,93,97,98,99,101,102,105,106,109,110,113,114,118,119,120,121,122,124,126,128,132,136,137,140,141,143,144,145,148,149,151,152,155,156,158,160,161,162,164,165,166,168,169
42:1,7,8,11,14,16,22,23,25,26,31,33,34,36,38,77,43,44,48,49,50,52,54,55,59,61,63,65,68,69,70,71,73,75,76,79,81,82,85,90,92,94,97,98,99,104,105,106,107,108,109,110,112,119,123,124,126,127,128,130,133,135,136,137,141,145,146,147,149,151,152,153,155,159,164,166,167,168,169
43:0,2,4,5,6,8,9,10,11,13,15,16,17,19,20,22,23,24,25,32,36,42,89,44,46,47,50,53,54,55,57,60,62,66,69,71,72,74,81,82,85,88,90,91,92,95,96,97,99,100,101,102,103,104,107,109,111,115,116,117,118,120,121,122,123,124,125,127,128,130,132,133,135,139,143,144,146,147,151,153,155,159,161,163,164,165,169
44:3,4,6,7,8,9,12,16,17,18,20,25,27,28,29,33,34,35,39,40,42,43,80,48,49,54,55,57,58,59,60,63,65,70,71,72,74,78,79,81,83,84,86,89,91,93,95,96,97,99,100,107,113,118,119,120,121,122,125,126,130,132,133,134,135,139,142,143,146,148,154,155,156,159,160,161,165,169
45:0,1,3,5,6,9,10,12,16,19,21,23,28,29,30,32,33,37,38,98,46,48,51,53,56,58,60,61,62,63,64,67,69,70,72,75,78,81,82,83,86,88,90,91,99,101,104,106,107,109,114,119,120,121,124,125,126,128,137,138,139,142,143,145,147,149,151,155,157,161,162,166,167,168
46:1,5,6,9,10,11,12,13,15,18,19,20,21,22,24,26,27,28,29,32,37,41,43,45,154,48,49,52,57,58,62,66,68,69,72,74,75,79,82,84,88,89,90,91,92,97,101,103,105,106,109,112,117,120,121,122,124,126,127,132,133,134,135,139,140,144,145,147,148,153,156,159,160,162,163,165,166,167,169
47:5,6,7,8,9,13,16,17,19,21,22,24,26,28,30,31,34,35,36,37,38,39,40,41,43,161,48,49,50,51,52,53,54,55,56,59,60,61,66,67,68,69,71,72,74,75,79,80,84,85,89,92,95,96,98,99,102,108,109,110,114,115,117,121,123,124,125,127,129,132,135,138,144,148,150,151,152,153,154,156,163,164,166,169
48:1,2,7,9,12,16,19,21,22,24,25,31,32,33,38,39,42,44,45,46,47,76,49,50,51,55,56,65,66,67,70,72,73,77,78,79,81,84,86,88,89,90,92,93,104,105,106,114,115,116,117,118,119,121,123,127,131,133,135,136,139,142,147,150,151,152,153,154,157,158,161,166,167
49:1,3,4,8,9,10,11,15,19,20,22,25,26,27,31,32,33,34,37,38,40,42,44,46,47,48,109,50,53,54,56,57,60,62,63,64,65,71,74,78,79,80,82,83,84,90,94,96,103,104,108,113,115,117,118,119,124,127,132,135,137,138,139,146,148,149,153,154,156,159,164,165,168
50:0,2,4,7,9,10,14,15,20,25,28,37,38,40,42,43,47,48,49,110,53,54,61,63,66,69,70,71,73,75,78,79,81,82,83,84,85,86,88,89,90,93,97,98,99,102,103,104,105,106,107,108,111,115,117,119,120,125,126,127,130,132,136,138,140,141,142,143,144,145,149,150,151,154,155,156,157,163,166,169
51:0,2,3,6,7,8,9,10,11,13,15,16,19,22,30,31,33,34,35,38,39,45,47,48,99,56,57,59,65,67,69,76,77,78,80,81,82,83,86,89,90,92,93,94,95,96,97,98,101,102,107,108,110,112,113,114,115,116,117,118,119,120,121,122,123,130,132,133,135,136,144,146,147,150,151,154,156,158,159,162,165,167,169
52:0,2,4,5,12,13,15,17,19,20,21,24,25,29,30,33,35,41,42,46,47,126,56,59,61,62,67,68,69,70,71,74,75,76,79,84,91,93,95,96,97,98,99,100,101,104,106,109,113,116,118,123,127,132,133,135,136,138,139,141,142,143,147,148,150,154,156,157,159,161,165,167,168
53:1,2,5,6,7,8,9,10,15,16,18,22,23,30,33,34,37,38,40,43,45,47,49,50,57,54,64,65,68,71,73,74,77,80,81,84,85,88,90,91,92,93,95,96,97,100,103,105,106,109,113,118,121,129,130,131,133,137,138,143,144,145,146,148,150,153,155,157,159,162,165,166,167,168
54:8,11,16,20,21,22,23,24,26,27,28,29,32,33,36,38,41,42,43,44,47,49,50,53,136,58,59,60,62,63,68,69,70,72,74,75,76,78,79,82,84,85,88,91,92,94,95,97,98,99,100,104,106,109,110,111,113,114,115,118,119,121,123,124,127,130,131,133,134,135,138,142,143,144,146,147,150,151,152,153,156,159,164,165,166,168
55:3,4,5,7,8,11,15,16,21,24,27,30,32,36,37,40,42,43,44,47,48,86,59,60,62,63,64,66,67,68,72,74,76,78,81,84,87,88,92,93,94,97,99,100,101,107,108,110,112,119,121,123,125,126,128,129,130,131,134,140,141,142,143,146,147,148,149,153,154,159,161,163,167,168,169
56:1,3,4,5,8,9,11,16,17,18,19,20,21,22,31,35,38,40,41,45,47,48,49,51,52,162,59,60,64,65,71,74,78,79,80,82,85,86,87,88,89,90,91,92,93,94,96,97,98,100,102,103,104,106,107,108,109,113,115,118,120,121,122,123,126,127,133,134,135,137,147,150,151,152,156,158,161,165,167,168
57:4,6,8,9,11,13,16,18,19,20,21,22,23,27,28,29,30,34,36,37,38,40,41,43,44,46,49,51,53,97,61,65,66,67,68,70,71,72,75,77,79,82,86,89,92,94,95,96,100,106,111,112,121,122,123,125,130,131,134,136,137,139,142,147,149,150,151,155,156,159,160,161,162,164,165,166,168
58:3,4,6,8,9,10,11,12,13,16,17,18,19,22,24,25,28,30,31,32,33,35,37,44,45,46,54,145,59,62,64,69,70,71,75,76,78,79,80,81,83,87,90,91,92,93,97,98,100,101,102,104,106,107,110,111,112,113,114,117,120,123,124,125,129,132,133,138,139,140,142,143,144,148,153,154,155,156,157,162,163,164,165,167,168,169
59:1,7,9,11,15,18,19,20,21,23,26,27,31,32,34,36,40,41,42,44,47,51,52,54,55,56,58,69,61,63,65,67,71,72,73,76,79,82,83,85,87,89,90,91,94,95,99,100,101,103,106,108,109,113,118,122,125,126,132,133,136,140,141,145,147,150,151,154,157,158,159,161,164,166,167
60:5,11,13,14,16,17,18,19,22,24,28,31,32,39,43,44,45,47,49,54,55,56,83,61,63,70,73,75,76,77,78,79,80,81,86,87,88,91,95,99,100,102,105,108,110,111,112,114,119,120,124,126,132,135,139,140,142,149,151,152,154,155,158,159,164,165,169
61:0,2,5,7,10,11,12,13,19,24,25,28,30,32,33,34,35,39,40,42,45,47,50,52,57,59,60,111,62,64,67,72,73,74,75,76,78,79,80,81,82,83,90,91,93,96,98,100,102,106,108,109,110,114,117,121,123,125,127,128,129,132,133,137,142,143,144,145,146,148,151,153,154,158,159,160,163,166,168
62:1,3,5,7,8,11,14,15,22,28,30,31,33,34,37,38,40,43,45,46,49,52,54,55,58,61,84,64,65,67,68,72,73,75,76,77,78,80,85,86,87,88,91,92,94,96,98,99,101,104,105,107,108,109,111,113,116,118,119,121,123,124,127,130,133,136,141,142,144,147,148,149,150,152,154,155,156,157,159,160,162,165,168,169
63:0,2,4,5,6,10,12,15,16,19,20,22,23,25,27,29,30,32,35,36,41,42,44,45,49,50,54,55,59,60,86,64,65,71,72,73,75,77,78,83,84,88,92,94,100,101,102,104,105,106,109,112,113,114,115,116,117,119,123,128,130,131,133,134,136,137,138,139,140,141,144,146,149,150,151,152,156,158,162,163,165,167
64:1,2,8,9,10,11,13,16,17,19,22,23,26,27,30,31,32,36,38,40,41,45,49,53,55,56,58,61,62,63,75,67,69,70,72,73,77,79,80,82,83,92,95,96,97,99,100,101,104,107,113,114,118,119,120,121,122,125,127,128,129,130,131,132,137,139,140,142,143,145,147,149,150,151,153,154,155,156,157,158,161,162,163,164,165,166,168,169
65:0,6,7,10,13,14,15,18,21,23,24,26,32,34,38,41,42,44,48,49,51,53,56,57,59,62,63,124,72,75,76,77,78,80,83,84,85,89,93,94,95,96,97,98,101,103,105,106,109,110,112,113,114,115,120,121,123,130,132,133,134,135,137,139,140,142,146,147,149,150,151,152,154,155,158,159,160
66:1,11,12,15,17,18,20,21,23,25,27,30,32,33,34,39,40,43,46,47,48,50,55,57,114,67,68,73,75,76,77,79,83,85,86,88,92,93,98,100,103,104,106,108,109,110,111,115,116,123,125,126,127,128,129,130,131,132,134,137,146,148,149,157,159,160,161,165,166,168
67:0,1,2,7,9,12,15,18,20,22,25,32,45,47,48,51,52,55,57,59,61,62,64,66,115,68,70,71,73,74,76,77,78,79,80,82,87,91,92,95,97,98,99,103,105,112,114,116,117,123,125,127,128,129,130,131,132,134,135,142,144,148,151,152,156,158,160,161,162,163,167
68:0,2,3,5,6,12,14,15,18,19,20,24,25,26,32,34,35,36,37,39,41,42,46,47,52,53,54,55,57,62,66,67,149,69,71,72,73,74,80,89,90,95,97,99,102,104,108,109,111,112,116,118,121,122,123,124,126,127,133,138,140,141,144,145,146,151,154,155,160,164,167
69:0,1,3,13,17,18,23,24,28,31,32,33,34,35,36,37,40,42,43,45,46,47,50,51,52,54,58,59,64,68,84,71,72,73,74,75,77,78,87,89,90,91,94,97,99,100,101,102,104,105,109,112,116,118,119,121,123,124,129,130,131,133,135,136,137,140,142,143,145,146,153,156,161,162,163,164,165
70:0,5,6,8,9,10,16,17,18,20,21,22,23,24,25,27,28,29,32,37,38,39,42,44,45,48,50,52,54,57,58,60,64,67,141,71,74,76,81,85,88,90,91,93,97,99,103,106,108,116,117,118,119,120,121,122,125,127,128,130,131,132,133,134,135,137,139,140,143,149,150,153,157,158,160,161,162,166,169
71:0,1,2,7,14,15,16,17,22,24,35,41,42,43,44,47,49,50,52,53,56,57,58,59,63,67,68,69,70,82,73,74,75,76,77,79,83,87,90,92,94,95,96,98,100,101,102,107,108,109,111,112,113,114,116,117,118,120,123,124,125,127,129,130,131,134,135,137,140,141,143,148,150,151,153,154,157,158,159,161,162,163,164,165,167
72:1,2,3,7,15,16,19,20,22,24,26,28,29,30,32,34,37,43,44,45,46,47,48,54,55,57,59,61,62,63,64,65,68,69,95,73,75,76,78,79,80,81,82,84,86,88,90,92,99,101,103,104,108,109,113,114,117,118,119,123,129,131,134,135,136,137,141,144,145,146,147,149,159,161,162,163,169
73:2,3,4,9,10,11,14,15,16,19,20,21,23,24,25,29,30,31,32,33,37,40,42,48,50,53,59,60,61,62,63,64,66,67,68,69,71,72,120,74,76,80,82,83,87,91,92,93,98,100,102,103,105,106,109,111,112,114,115,116,117,123,125,127,128,131,133,135,137,139,141,142,143,145,147,151,152,154,155,159,160,162,166,167,169
74:0,1,4,5,8,9,13,15,16,17,19,20,23,26,27,28,30,31,32,34,36,37,38,39,40,41,43,44,46,47,49,52,53,54,55,56,61,67,68,69,70,71,73,93,75,76,77,79,80,83,85,86,91,92,97,99,101,102,104,106,108,111,113,114,118,119,122,124,125,128,129,131,132,133,136,139,142,144,146,147,148,149,151,153,155,156,157,158,159,160,162,163,164,167,168
75:1,9,12,16,17,18,20,21,22,24,26,29,30,36,37,38,39,40,41,42,45,46,47,50,52,54,57,58,60,61,62,63,64,65,66,69,71,72,74,76,79,81,84,88,89,90,91,92,94,95,97,99,103,106,109,110,111,112,117,118,119,121,122,123,131,133,135,136,137,138,139,141,144,145,146,147,152,157,158,160,161,163,169
76:0,1,2,4,5,7,9,10,11,15,19,20,21,22,25,27,30,31,32,35,37,38,39,42,48,51,52,54,55,58,59,60,61,62,65,66,67,70,71,72,73,74,75,122,81,82,83,87,89,90,93,94,95,96,100,101,103,104,106,109,110,112,113,114,115,116,119,121,123,124,125,127,128,129,131,135,137,138,141,142,146,148,149,154,155,157,160,164,165,166,167,168,169
77:1,4,9,10,11,12,13,15,16,18,22,24,30,37,39,40,42,48,51,53,57,60,62,63,64,65,66,67,69,71,74,157,78,79,83,85,88,89,92,94,95,97,99,103,105,107,109,110,111,114,123,127,129,130,131,132,133,134,139,140,141,142,143,144,146,151,152,154,156,160,164,166,169
78:5,7,8,10,11,16,17,19,20,21,22,23,25,29,31,32,34,35,44,45,48,49,50,51,54,55,56,58,60,61,62,63,65,67,69,72,77,131,84,86,87,89,90,92,93,94,95,98,101,104,106,107,109,111,113,114,116,117,118,120,122,123,124,126,129,133,135,139,140,141,145,150,157,158,161,166,167
79:1,5,7,11,13,14,15,16,18,21,23,24,25,26,31,32,35,36,40,41,42,44,46,47,48,49,50,52,54,56,57,58,59,60,61,64,66,67,71,72,74,75,77,134,80,81,83,84,87,88,91,92,93,101,102,103,105,107,109,113,114,115,123,129,130,131,132,135,137,138,140,142,144,148,150,151,152,157,158,161,162,163,164,168,169
80:1,2,4,5,8,9,10,12,13,16,17,18,20,21,22,24,26,28,31,35,36,39,41,44,47,49,51,53,56,58,60,61,62,64,65,67,68,72,73,74,79,88,81,84,85,91,92,94,95,97,100,103,104,108,109,110,111,115,116,118,119,122,123,126,131,135,136,137,139,141,142,143,146,147,148,150,151,155,159,160,162,163,165,166,167
81:0,2,3,4,5,8,12,13,14,19,20,22,23,25,27,28,30,35,37,40,42,43,44,45,48,50,51,53,55,58,60,61,70,72,75,76,79,80,134,83,84,86,87,88,91,92,94,95,96,97,99,100,102,105,108,110,113,116,118,119,124,128,129,132,133,139,141,143,149,150,151,152,154,155,158,160,161,162,164,165,169
82:0,2,3,4,6,7,8,9,10,12,13,15,16,23,25,26,27,29,34,37,40,41,42,43,45,46,49,50,51,54,56,57,59,61,64,67,71,72,73,76,136,83,91,96,98,100,101,102,103,105,113,115,116,117,118,121,123,124,126,127,130,133,138,139,141,144,146,147,148,150,153,154,156,160,162,164,167,169
83:1,2,3,4,13,14,16,17,18,19,22,23,24,25,27,28,30,31,33,36,39,40,41,44,45,49,50,51,58,59,60,61,63,64,65,66,71,73,74,76,77,79,81,82,122,88,90,93,94,98,99,100,102,103,104,107,110,112,115,116,117,119,120,127,132,135,137,139,145,149,152,153,158,160,161,164,165,166,168
84:2,3,6,7,9,10,11,19,20,22,23,24,26,27,30,33,34,35,36,37,38,44,46,47,48,49,50,52,53,54,55,62,63,65,69,72,75,78,79,80,81,162,85,87,88,91,92,94,98,100,101,102,104,106,107,108,109,113,114,115,119,120,125,126,127,131,133,135,136,137,138,141,143,144,145,148,153,155,157,164,165,166,167,168
85:0,1,2,4,5,6,7,8,10,13,17,20,22,23,25,26,28,31,32,33,34,35,36,37,39,40,42,43,47,50,53,54,56,59,62,65,66,70,74,77,80,84,122,88,89,90,91,92,93,94,96,98,100,101,102,105,107,108,113,116,118,119,120,121,124,125,127,130,132,134,139,141,142,143,146,150,152,155,157,161,163,164
86:1,3,4,6,7,8,10,11,13,15,16,20,22,23,24,25,26,28,30,31,32,33,35,37,38,44,45,48,50,51,55,56,57,60,62,63,66,72,74,78,81,105,88,90,91,93,94,95,97,100,101,102,103,106,107,109,110,114,117,119,122,124,125,126,131,133,135,139,141,143,146,148,149,150,151,152,154,156,162,165,166,168,169
87:1,5,8,9,12,15,17,19,20,21,22,23,26,29,31,36,37,40,55,56,58,59,60,62,67,69,71,73,76,78,79,81,84,107,90,92,93,94,97,98,99,100,101,104,108,109,110,111,112,113,114,117,118,119,120,122,124,128,129,130,132,136,137,143,144,149,150,156,157,160,161,162,163,166,167,168,169
88:2,5,6,8,9,15,19,20,21,22,24,25,26,28,30,31,33,37,40,41,43,45,46,48,50,53,54,55,56,60,62,63,66,70,72,75,77,79,80,81,83,84,85,86,138,89,92,93,95,96,97,101,102,103,106,109,110,111,114,116,117,124,127,128,131,132,133,136,140,141,143,144,145,146,150,151,153,155,156,157,158,160,161,168
89:0,1,2,4,6,8,11,15,16,17,19,20,21,23,24,25,26,30,34,36,37,38,41,43,44,46,47,48,50,51,56,57,59,65,68,69,75,76,77,78,85,88,122,92,93,94,95,100,101,103,104,105,109,112,113,115,116,118,120,124,128,130,132,133,137,140,143,144,145,146,147,150,151,152,154,155,157,158,161,163,164,165,166,167,168,169
90:1,3,6,10,12,13,14,15,16,19,21,23,24,25,27,28,29,32,34,36,37,38,39,40,42,43,45,46,48,49,50,51,53,56,58,59,61,68,69,70,71,72,75,76,78,83,85,86,87,106,91,93,94,95,96,101,102,104,105,107,108,111,112,113,114,117,121,123,125,126,132,133,134,135,137,140,141,143,144,145,146,149,154,156,158,159,161,162,163,165,166
91:0,3,4,6,7,14,17,18,21,24,25,29,32,38,39,41,43,44,45,46,52,53,54,56,58,59,60,61,62,67,69,70,73,74,75,79,80,81,82,84,85,86,90,127,96,98,101,104,105,107,110,111,113,114,115,120,122,125,126,130,131,136,137,138,141,142,143,144,145,150,157,159,161,162,163,169
92:1,3,9,11,12,13,15,18,20,21,23,24,26,28,30,31,32,34,35,36,38,41,42,43,46,47,48,51,53,54,55,56,57,58,62,63,64,66,67,71,72,73,74,75,77,78,79,80,81,84,85,87,88,89,99,93,94,95,102,104,105,108,110,111,112,113,116,120,125,130,131,132,133,134,136,138,139,141,142,145,146,148,149,150,151,154,155,157,160,162,163,164,168,169
93:0,1,4,5,6,8,11,12,14,15,16,18,21,25,28,29,30,31,33,35,39,41,44,48,50,51,52,53,55,56,58,61,65,66,70,73,74,76,78,79,83,85,86,87,88,89,90,92,141,94,96,98,99,101,102,103,105,107,108,109,111,112,115,119,120,121,128,129,130,132,133,134,135,136,137,138,139,140,142,143,144,145,147,148,151,153,154,159,161,162,164,167
94:0,2,3,4,6,8,10,12,13,15,18,20,26,27,28,29,31,33,36,37,38,42,49,51,54,55,56,57,59,62,63,65,69,71,75,76,77,78,80,81,83,84,85,86,87,89,90,92,93,160,99,100,101,102,103,106,109,113,114,115,116,117,118,119,122,123,124,125,126,127,131,133,134,141,146,147,148,149,151,155,157,159,161,167,168
95:3,5,8,9,11,12,13,14,16,17,18,19,21,22,25,27,28,29,36,37,40,43,44,47,51,52,53,54,57,59,60,64,65,67,68,71,72,75,76,77,78,80,81,86,88,89,90,92,105,96,98,101,102,104,106,107,111,112,113,114,115,116,117,119,121,123,125,126,127,128,130,132,134,135,138,140,142,144,146,147,150,151,153,156,158,160,161,163,168
96:2,3,5,6,7,11,16,17,18,22,23,28,30,31,32,34,35,37,38,40,43,44,47,49,51,52,53,56,57,61,62,64,65,71,76,81,82,85,88,90,91,93,95,150,99,100,101,102,104,105,110,112,115,116,122,123,125,127,131,134,138,140,141,142,144,146,149,153,155,166,168
97:0,3,9,12,15,17,23,27,29,30,32,33,35,36,38,41,42,43,44,46,50,51,52,53,54,55,56,57,58,64,65,67,68,69,70,74,75,77,80,81,86,87,88,164,100,107,109,110,113,114,115,123,126,127,131,133,134,135,137,139,140,142,145,147,150,151,155,156,157,160,161,162,166,168,169
98:6,11,13,14,15,16,18,21,22,24,25,26,28,29,30,33,34,35,36,39,41,42,45,47,50,51,52,54,56,58,61,62,65,66,67,71,73,78,82,83,84,85,87,91,93,95,145,99,101,105,106,107,112,113,114,117,118,119,121,124,126,131,135,139,142,146,148,151,152,153,159,160,162,165,166,167
99:0,1,2,3,5,9,16,17,22,23,24,25,30,31,34,36,37,40,41,42,43,44,45,47,50,51,52,54,55,59,60,62,64,67,68,69,70,72,74,75,77,81,83,87,92,93,94,96,98,110,106,109,112,113,114,115,117,118,119,122,123,130,131,132,133,135,140,141,142,145,146,148,150,151,155,156,158,159,163,165,166,167,168,169
100:0,2,5,9,10,11,13,14,15,19,20,23,27,28,30,32,34,35,36,37,38,39,40,43,44,52,53,54,55,56,57,58,59,60,61,63,64,66,69,71,73,76,80,81,82,83,84,85,86,87,89,94,96,97,143,102,104,105,106,109,110,112,113,117,119,122,123,127,128,129,132,138,144,146,147,149,152,153,156,158,159,160,162,163
101:1,2,4,7,8,9,10,12,16,17,18,21,22,23,24,26,27,28,29,30,31,32,33,35,36,37,38,41,43,45,46,51,52,55,58,59,62,63,64,65,69,71,72,74,76,78,79,82,84,85,86,87,88,89,90,91,93,94,95,96,98,107,102,103,104,109,110,111,113,114,115,116,117,118,119,122,126,127,128,137,139,142,143,148,150,152,155,158,160,161,163,164,165,168,169
102:1,4,6,7,12,13,14,15,16,17,18,21,22,23,26,27,28,35,36,37,41,43,47,50,51,56,58,60,61,63,68,69,71,73,74,79,81,82,83,84,85,86,88,90,92,93,94,95,96,100,101,136,103,104,106,108,110,111,114,116,119,122,124,128,129,130,133,135,138,141,142,145,148,149,152,153,154,157,159,163,164,166,167,168,169
103:0,3,5,6,8,12,13,14,17,18,20,21,23,26,27,28,31,34,36,38,40,43,46,49,50,53,56,59,65,66,67,70,72,73,75,76,77,79,80,82,83,86,88,89,93,94,101,102,136,108,112,113,115,117,120,121,122,123,127,131,132,133,134,137,143,145,146,147,154,157,160,162,164,165,167,169
104:0,1,2,5,6,7,10,12,13,15,17,18,19,22,23,24,27,29,31,32,37,39,40,42,43,45,48,49,50,52,54,56,58,62,63,64,66,68,69,72,74,76,78,80,83,84,87,89,90,91,92,95,96,100,101,102,169,106,110,113,115,118,120,121,123,124,125,126,130,132,135,136,138,141,142,143,145,149,150,151,152,154,155,157,159,160,163,167
105:2,7,9,10,12,14,17,18,19,25,28,29,31,32,35,36,37,38,41,42,46,48,50,53,60,62,63,65,67,69,73,77,79,81,82,85,86,89,90,91,92,93,95,96,98,100,162,108,113,114,118,119,120,121,124,125,128,129,132,134,136,140,143,145,146,148,150,154,159,160,161,164,168
106:0,3,7,11,12,14,16,17,20,21,22,23,24,27,30,31,33,34,35,37,38,39,41,42,45,46,48,50,52,53,54,56,57,58,59,61,63,65,66,70,73,74,75,76,78,84,86,88,90,94,95,98,99,100,102,104,147,109,116,117,120,122,124,127,130,132,134,137,138,139,148,150,151,153,154,155,156,164,165
107:0,1,2,4,5,7,9,11,12,14,16,17,19,21,22,23,27,29,31,32,33,34,36,42,43,44,45,50,51,55,56,58,62,64,71,77,78,79,83,84,85,86,87,90,91,93,95,97,98,101,148,109,117,119,120,121,123,125,126,130,131,134,139,140,142,143,144,149,150,154,156,158,159,161,163,165,166,167,169
108:1,4,5,6,7,8,11,18,19,20,22,23,25,27,28,30,31,33,42,47,49,50,51,55,56,59,60,61,62,66,68,70,71,72,74,80,81,84,85,87,90,92,93,102,103,105,127,109,111,112,114,117,119,122,123,124,125,126,131,133,134,135,137,138,139,141,142,151,153,154,156,157,160,162
109:1,2,5,8,10,11,13,14,15,17,19,20,21,24,27,28,30,33,34,35,37,41,42,43,45,46,47,49,52,53,54,56,59,61,62,63,65,66,68,69,71,72,73,75,76,77,78,79,80,84,86,87,88,89,93,94,97,99,100,101,106,107,108,114,111,113,115,116,117,118,120,121,126,129,130,131,132,133,134,138,140,141,142,143,144,146,147,148,149,150,153,154,156,158,159,162,163,164,166,167
110:3,7,10,13,14,15,16,18,23,24,25,27,30,33,34,35,41,42,47,50,51,54,55,58,60,61,65,66,75,76,77,80,81,83,86,87,88,91,92,96,97,99,100,101,102,104,151,111,112,114,117,118,119,122,123,124,125,126,128,130,134,136,137,143,145,146,149,152,153,154,156,157,159,168,169
111:1,6,8,9,12,13,16,22,24,25,26,28,29,32,33,36,37,43,50,54,57,58,60,61,62,66,68,71,73,74,75,77,78,80,87,88,90,91,92,93,95,101,102,108,109,110,129,114,117,119,122,123,124,126,128,130,131,133,136,137,138,139,140,141,142,145,146,150,151,152,154,155,157,160,163,165,166,168,169
112:7,8,13,18,20,21,22,29,31,32,35,36,37,38,40,42,46,51,55,57,58,60,63,65,67,68,69,71,73,75,76,83,87,89,90,92,93,95,96,98,99,100,103,108,110,164,114,116,117,119,120,124,125,129,130,131,132,133,136,138,140,143,147,153,154,157,158,159,160,161,165,169
113:1,2,3,5,6,7,8,9,11,20,21,24,27,29,31,32,34,38,39,40,41,44,49,51,52,53,54,56,58,59,62,63,64,65,71,72,74,76,78,79,81,82,84,85,87,89,90,91,92,94,95,97,98,99,100,101,103,104,105,109,156,115,118,123,124,126,128,129,130,131,132,133,135,138,139,143,144,145,146,148,149,151,152,157,162,166,168,169
114:0,1,5,6,7,10,11,12,13,22,25,27,30,31,32,33,38,39,40,41,45,47,48,51,54,58,60,61,63,64,65,66,67,71,72,73,74,76,77,78,79,84,86,87,88,90,91,94,95,97,98,99,101,102,105,108,109,110,111,112,138,115,116,117,118,122,123,124,128,130,135,137,139,141,143,144,147,148,151,152,153,154,156,159,160,163,164,166,169
115:0,3,4,6,7,13,16,19,20,22,24,25,30,31,32,33,34,35,38,39,40,43,47,48,49,50,51,54,56,63,65,66,67,73,76,79,80,82,83,84,89,91,93,94,95,96,97,99,101,103,104,109,113,114,152,116,118,120,122,123,125,128,132,133,135,136,141,148,149,150,153,155,158,160,163,165,166,167,169
116:1,3,5,6,8,9,10,14,15,16,17,19,22,27,29,30,35,43,48,51,52,62,63,66,67,68,69,70,71,73,76,78,80,81,82,83,85,88,89,92,94,95,96,101,102,106,109,112,114,115,152,121,122,123,124,125,127,129,131,133,134,135,138,140,142,143,144,146,147,149,151,153,154,167,168
117:0,2,3,7,8,9,12,15,18,23,25,26,27,30,33,34,35,37,39,43,46,47,48,49,50,51,58,61,63,67,70,71,72,73,75,78,82,83,86,87,88,90,94,95,98,99,100,101,103,106,107,108,109,110,111,112,114,167,118,119,120,121,124,125,126,128,129,130,131,132,133,136,141,143,144,147,148,149,153,155,156,158,165,166,169
118:2,4,6,7,9,10,13,17,18,19,20,21,22,24,28,30,33,35,36,37,41,43,44,48,49,51,52,53,54,56,59,62,64,68,69,70,71,72,74,75,78,80,81,82,85,87,89,94,98,99,101,104,105,109,110,113,114,115,117,138,119,120,122,125,132,136,140,141,144,147,150,151,152,153,156,161,164,168
119:0,2,3,4,5,7,9,10,11,13,15,16,23,24,26,28,29,31,34,40,41,42,44,45,48,49,50,51,54,55,60,62,63,64,69,70,72,74,75,76,80,81,83,84,85,86,87,93,94,95,98,99,100,101,102,105,107,108,110,111,112,117,118,166,120,121,126,129,130,133,134,137,141,142,143,144,147,148,149,152,153,159,162,168
120:0,1,2,4,5,9,10,13,14,15,16,22,23,25,27,30,35,38,39,40,41,43,44,45,46,50,51,56,58,60,64,65,70,71,73,78,83,84,85,87,89,91,92,93,103,104,105,106,107,109,112,115,117,118,119,150,121,127,129,131,132,133,135,136,138,139,140,147,154,155,156,157,164,168
121:2,3,5,6,8,9,12,13,15,16,20,24,25,29,30,32,34,35,36,39,40,41,43,44,45,46,47,48,51,53,54,55,56,57,61,62,64,65,68,69,70,75,76,82,85,90,93,95,98,103,104,105,107,109,116,117,119,120,132,124,126,128,130,133,138,139,140,143,144,145,147,148,150,153,154,155,157,159,160,164,166,167
122:0,2,5,6,7,8,11,14,15,16,20,25,27,28,29,32,36,39,40,41,43,44,46,51,56,57,59,64,68,70,74,75,76,78,80,83,85,86,87,89,91,94,96,99,100,101,102,103,106,108,110,111,114,115,116,118,155,126,129,130,131,133,135,138,139,140,141,142,144,148,149,152,154,159,162,163
123:1,5,6,7,9,10,11,12,14,15,17,19,24,26,27,28,30,32,37,40,42,43,47,48,51,52,54,55,56,57,58,61,62,63,65,66,67,68,69,71,72,73,75,76,77,78,79,80,82,90,94,95,96,97,99,100,103,104,107,108,110,111,113,114,115,116,167,126,132,133,137,141,142,144,146,148,149,150,152,154,162,164,165
124:0,1,4,6,9,10,12,13,16,18,21,23,24,28,34,36,39,40,41,42,43,45,46,47,49,54,58,60,62,65,68,69,71,74,76,78,81,82,85,86,87,88,89,94,98,102,104,105,106,108,110,111,112,113,114,116,117,121,159,127,128,132,133,138,140,143,149,150,151,152,154,157,160,162,165,166,169
125:1,6,11,12,14,17,19,20,21,27,30,32,33,35,39,43,44,45,47,50,55,57,58,59,61,64,66,67,70,71,73,74,76,84,85,86,90,91,92,94,95,96,104,105,107,108,110,112,115,116,117,118,168,127,128,130,133,135,138,143,145,147,148,149,150,151,160,163,165,167
126:0,1,2,3,7,11,12,14,16,17,20,24,33,34,38,39,40,41,42,44,45,46,50,52,55,56,59,60,66,68,78,80,82,84,86,90,91,94,95,97,98,101,104,107,108,109,110,111,113,117,119,121,122,123,151,131,133,134,135,138,139,140,144,147,153,156,157,158,161,164,166,168,169
127:2,3,5,7,8,10,11,13,14,15,16,20,22,26,28,29,30,31,34,35,36,37,38,39,40,42,43,46,47,48,49,50,52,54,56,61,62,64,66,67,68,70,71,73,76,77,82,83,84,85,88,91,94,95,96,97,100,101,103,106,108,116,120,124,125,168,128,129,131,134,143,145,148,149,150,152,153,154,155,158,159,160,165,166,169
128:1,3,7,8,9,10,11,12,13,15,18,19,20,22,24,25,26,33,34,36,37,41,42,43,45,55,61,63,64,66,67,70,73,74,76,81,87,88,89,93,95,100,101,102,105,110,111,113,114,115,117,121,124,125,127,146,129,131,133,134,137,140,141,144,147,148,149,150,151,152,155,157,161,165,166,169
129:0,2,4,6,7,8,9,10,11,14,15,16,18,20,22,23,24,25,26,28,29,32,35,36,37,39,40,47,53,55,58,61,64,66,67,69,71,72,74,76,77,78,79,81,87,93,100,102,105,109,111,112,113,116,117,119,120,122,127,128,136,130,138,139,144,146,147,155,156,158,159,169
130:3,4,6,11,12,13,15,16,19,20,23,26,27,28,29,30,34,35,37,38,42,43,44,50,51,53,54,55,57,62,63,64,65,66,67,69,70,71,77,79,82,85,87,89,91,92,93,95,99,102,104,106,107,109,110,111,112,113,114,117,119,121,122,125,129,133,131,135,137,138,139,141,142,144,146,147,150,151,152,156,161,164,169
131:0,7,9,10,15,17,19,23,24,27,28,29,30,31,32,35,40,48,53,54,55,57,63,64,66,67,69,70,71,72,73,74,75,76,77,78,79,80,84,86,88,91,92,94,96,97,98,99,103,107,108,109,111,112,113,116,117,120,122,126,127,128,130,160,133,135,137,138,142,144,150,151,153,158,162,163,164,167,169
132:1,6,8,11,14,15,16,17,18,19,20,25,26,27,28,30,31,32,33,34,36,38,40,41,43,44,46,47,49,50,51,52,58,59,60,61,64,65,66,67,70,74,77,79,81,83,85,87,88,89,90,92,93,95,99,100,103,104,105,106,109,112,113,115,117,118,120,121,123,124,165,136,145,146,149,150,151,157,158,160,161,162,167
133:1,3,5,11,13,16,23,25,27,28,29,30,33,34,37,38,39,42,43,44,46,48,51,52,53,54,56,58,59,61,62,63,65,68,69,70,73,74,75,77,78,81,82,84,86,88,89,90,92,93,94,97,99,102,103,108,109,111,112,113,115,116,117,119,120,121,122,123,124,125,126,128,130,131,138,134,136,137,139,140,143,146,148,151,152,154,155,156,158,161,162,164,166,167
134:0,2,3,5,15,16,17,19,25,28,29,31,33,36,37,40,44,46,54,55,56,57,63,65,66,67,70,71,72,77,79,81,85,90,92,93,94,95,96,97,103,105,106,107,108,109,110,116,119,126,127,128,133,159,135,136,138,139,142,143,144,146,147,148,149,150,152,153,154,155,162,164,165,168
135:0,1,2,4,5,7,8,9,10,14,16,17,18,21,22,25,26,27,30,32,34,35,36,39,42,43,44,46,47,48,49,51,52,54,56,60,65,67,69,70,71,72,73,75,76,78,79,80,83,84,86,90,93,95,97,98,99,102,104,108,113,114,115,116,120,122,125,126,130,131,134,143,139,142,145,150,151,153,155,156,159,160,161,163,167,169
136:0,1,2,7,8,9,10,12,20,21,22,28,30,31,34,36,38,40,41,42,48,50,51,52,54,57,59,62,63,69,72,74,75,80,82,84,87,88,91,92,93,102,103,104,105,110,111,112,115,117,118,120,129,132,133,134,158,139,140,141,146,147,153,154,157,163,164,168,169
137:1,3,4,8,10,11,12,13,17,18,20,21,26,27,28,31,32,33,38,39,40,41,42,45,49,53,56,57,61,63,64,65,66,69,70,71,72,73,75,76,79,80,83,84,87,89,90,91,93,97,101,103,106,108,110,111,114,119,123,128,130,131,133,157,139,142,145,147,148,151,152,154,155,158,159,160,161,163,166,169
138:0,5,7,8,11,17,19,20,21,22,26,27,29,30,31,32,33,35,37,38,45,47,49,50,52,53,54,58,63,68,75,76,79,82,84,88,91,92,93,95,96,100,102,104,106,108,109,111,112,113,114,116,118,120,121,122,124,125,126,129,130,131,133,134,152,140,141,143,146,147,148,155,156,157,158,159,160,166,169
139:0,1,3,5,8,9,10,11,14,18,20,22,28,29,32,35,37,38,43,44,45,46,48,49,52,57,58,60,63,64,65,70,73,74,75,77,78,80,81,82,83,85,86,92,93,97,98,101,106,107,108,111,113,114,120,121,122,126,129,130,133,134,135,136,137,169,140,143,145,147,150,154,158,160,161,162,164,165,167,168
140:1,10,11,12,13,14,18,19,20,21,22,28,29,31,41,46,50,55,58,59,60,63,64,65,68,69,70,71,77,78,79,88,89,90,93,95,96,97,99,105,107,109,111,112,116,118,120,121,122,124,126,128,133,136,138,139,155,141,142,146,147,149,153,159,160,161,162,164,167,169
141:2,6,7,8,9,10,12,15,20,26,27,30,32,33,34,35,40,41,42,50,52,55,59,62,63,68,70,71,72,73,75,76,77,78,80,81,82,84,85,86,88,90,91,92,93,94,96,99,102,104,108,109,111,114,115,117,118,119,122,123,128,130,136,138,140,146,144,147,148,150,151,153,155,156,157,160,164,166,167,169
142:0,1,3,4,6,7,12,13,15,16,17,18,23,24,26,27,28,29,31,34,35,37,38,39,44,45,48,50,52,54,55,57,58,60,61,62,64,65,67,69,73,74,76,77,79,80,85,91,92,93,95,96,97,98,99,101,102,104,107,108,109,111,116,119,122,123,130,131,134,135,137,140,152,143,145,146,149,150,153,154,156,157,159,161,166,169
143:1,3,4,5,6,7,8,10,11,15,17,18,20,22,23,24,27,28,31,39,41,43,44,45,50,52,53,54,55,58,61,64,69,70,71,73,77,80,81,84,85,86,87,88,89,90,91,93,100,101,103,104,105,107,109,110,112,113,114,116,117,119,121,124,125,127,133,134,135,138,139,142,165,145,149,150,151,154,155,156,158,159,161,163
144:2,3,4,5,6,8,9,10,14,15,18,21,22,23,25,29,33,34,35,39,40,41,43,46,47,50,51,53,54,58,61,62,63,67,68,72,74,75,77,79,82,84,87,88,89,90,91,93,95,96,100,107,109,113,114,116,117,118,119,121,122,123,126,128,129,130,131,134,141,147,145,146,150,153,154,156,157,159,162,165,167,168,169
145:1,2,3,4,8,10,11,15,17,19,20,23,24,26,27,28,29,30,32,33,34,35,36,38,41,42,45,46,50,53,58,59,61,64,68,69,72,73,75,78,83,84,88,89,90,91,92,93,97,98,99,102,103,104,105,110,111,113,121,125,127,132,135,137,139,142,143,144,147,150,151,152,153,155,160,163,169
146:2,5,8,10,12,14,20,21,23,26,28,29,30,31,33,34,38,42,43,44,49,51,53,54,55,61,63,65,66,68,69,72,74,75,76,77,80,82,85,86,88,89,90,92,94,95,96,98,99,100,103,105,109,110,111,113,116,123,128,129,130,132,133,134,136,138,140,141,142,144,161,147,155,156,158,159,160,163,164,169
147:0,5,6,7,8,9,10,11,14,16,17,19,20,21,24,25,26,28,30,31,34,36,42,43,45,46,48,51,52,54,55,56,57,59,62,64,65,72,73,74,75,80,82,89,93,94,95,97,100,103,106,109,112,114,116,117,118,119,120,121,125,126,128,129,130,134,136,137,138,139,140,141,144,145,146,159,149,150,152,153,154,161,165,168,169
148:1,3,4,5,9,10,11,12,15,16,18,19,25,26,27,29,34,36,40,41,44,46,47,49,52,53,55,58,61,62,66,67,71,74,76,79,80,82,84,86,92,93,94,98,99,101,102,105,106,107,109,113,114,115,117,119,121,122,123,125,127,128,133,134,137,138,141,169,149,151,152,153,154,157,158,160,162,163,168
149:0,2,4,5,6,8,11,14,15,16,17,19,20,22,23,24,27,29,30,32,34,35,38,41,42,45,49,50,55,57,60,62,63,64,65,66,68,70,72,74,76,81,83,86,87,90,92,94,96,100,102,104,107,109,110,113,115,116,117,119,122,123,124,125,127,128,132,134,140,142,143,147,148,156,151,152,158,164,165,166,168
150:0,1,2,3,4,7,11,12,13,14,20,21,22,23,25,26,27,29,30,35,37,47,48,50,51,52,53,54,56,57,59,62,63,64,65,70,71,78,79,80,81,82,85,86,87,88,89,91,92,95,96,97,99,101,104,105,106,107,109,111,115,118,120,121,123,124,125,127,128,130,131,132,134,135,139,141,142,143,144,145,147,161,153,155,158,160,164,165,167
151:1,4,5,7,9,10,11,12,15,16,17,18,20,22,23,26,27,28,29,32,38,40,41,42,43,45,47,48,50,51,54,56,57,59,60,61,63,64,65,67,68,71,73,74,77,79,80,81,86,88,89,92,93,94,95,97,98,99,104,106,108,110,111,113,114,116,118,124,125,126,128,130,131,132,133,135,137,141,143,145,148,149,165,155,156,158,160,164,168,169
152:1,2,4,8,13,15,16,19,21,24,25,26,27,28,31,33,35,36,39,41,42,47,48,54,56,60,62,63,65,67,73,75,77,79,81,83,85,86,89,98,100,101,102,104,110,111,113,114,115,116,118,119,122,123,124,127,128,130,133,134,137,138,142,145,147,148,149,157,154,155,156,158,160,161,162,163,167,168
153:0,1,2,5,6,10,11,17,22,23,29,30,31,32,36,42,43,46,47,48,49,53,54,55,58,61,64,69,70,71,74,82,83,84,88,93,95,96,98,100,102,106,108,109,110,112,114,115,116,117,118,119,121,126,127,131,134,135,136,140,141,142,144,145,147,148,150,154,155,159,163,164,165,166,167,168,169
154:2,7,8,9,10,11,13,14,15,16,17,27,31,32,34,35,36,37,40,44,46,47,48,49,50,51,52,55,58,59,60,61,62,64,65,68,71,73,76,77,81,82,86,89,90,92,93,102,103,104,105,106,107,108,109,110,111,112,114,116,120,121,122,123,124,127,133,134,136,137,139,142,143,144,147,148,152,153,163,155,156,158,159,160,161,162,167,169
155:0,1,8,10,12,14,19,20,21,22,24,25,26,27,29,31,32,38,41,42,43,44,45,50,53,57,58,60,62,64,65,68,73,74,76,80,81,84,85,88,89,92,94,96,97,99,101,104,106,111,115,117,120,121,122,127,128,129,133,134,135,137,138,140,141,143,145,146,150,151,152,153,154,159,156,157,158,160,161,162,165,167,168
156:1,2,3,8,11,12,14,15,17,18,19,20,21,23,27,28,29,30,33,35,36,39,40,41,44,46,47,49,50,51,52,54,56,57,58,62,63,64,67,69,74,77,82,86,87,88,90,95,97,99,100,106,107,108,109,110,113,114,117,118,120,126,129,130,133,135,138,141,142,143,144,146,149,151,152,154,155,165,157,159,160,161,162,164,168
157:1,2,4,7,9,12,13,19,20,21,22,25,27,29,30,31,33,34,39,40,45,48,50,52,53,58,59,62,64,66,70,71,74,75,76,77,78,79,84,85,87,88,89,91,92,94,97,102,103,104,108,110,111,112,113,120,121,124,126,128,132,136,137,138,141,142,144,148,152,155,156,158,160,162,167
158:1,8,10,11,15,18,19,22,24,26,27,29,33,35,38,40,41,48,51,56,59,60,61,63,64,65,67,70,71,74,75,78,79,81,83,88,89,90,95,99,100,101,107,109,112,115,117,126,127,129,131,132,133,136,137,138,139,143,146,148,149,150,151,152,154,155,157,166,159,164,169
159:0,3,4,5,6,8,9,11,14,18,21,24,25,27,28,29,30,31,33,34,36,37,42,43,44,46,49,51,52,53,54,55,57,59,60,61,62,65,66,71,72,73,74,80,90,91,93,94,98,99,100,102,104,105,107,109,110,112,114,119,121,122,124,127,129,134,135,137,138,140,142,143,144,146,147,153,154,155,156,158,161,164,166
160:0,5,8,10,13,14,16,20,22,23,25,28,30,33,37,38,39,41,44,46,57,61,62,65,66,67,68,70,73,74,75,76,77,80,81,82,83,87,88,92,94,95,97,98,100,101,103,104,105,108,111,112,114,115,121,124,125,127,131,132,135,137,138,139,140,141,145,146,148,150,151,152,154,155,156,157,165,162,163,167
161:2,4,5,10,13,19,21,22,27,28,30,37,39,40,41,43,44,45,47,48,52,55,56,57,59,64,66,67,69,70,71,72,75,78,79,81,83,85,87,88,89,90,91,93,94,95,97,101,105,107,112,118,126,128,130,132,133,135,137,139,140,142,143,146,147,150,152,154,155,156,159,167,164,168
162:0,1,8,12,13,14,17,19,20,22,23,25,26,29,30,31,32,33,34,36,38,40,41,45,46,51,53,56,57,58,62,63,64,67,69,70,71,72,73,74,79,80,81,82,84,86,87,90,91,92,93,97,98,100,103,105,108,109,113,119,122,123,124,131,132,133,134,139,140,144,148,152,154,155,156,157,160,168,163,164,166,167,169
163:1,3,6,7,8,11,12,13,14,15,16,17,18,22,27,29,30,31,32,33,36,37,43,46,47,50,55,58,61,63,64,67,69,71,72,74,75,79,80,85,87,89,90,91,92,95,99,100,101,102,104,107,109,111,114,115,122,125,131,135,136,137,143,145,146,148,152,153,154,160,162,167,164,166,168,169
164:1,4,6,8,10,11,12,14,17,19,20,21,25,26,28,33,38,39,41,42,43,47,49,54,57,58,59,60,64,68,69,71,74,76,77,79,81,82,83,84,85,89,92,93,97,101,102,103,105,106,109,112,114,118,120,121,123,126,130,131,133,134,136,139,140,141,146,149,150,151,153,156,158,159,161,162,163,167,168
165:2,4,6,7,8,9,10,11,17,18,22,23,27,30,31,34,35,37,38,40,41,43,44,46,49,51,52,53,54,56,57,58,60,62,63,64,66,69,71,76,80,81,83,84,86,89,90,98,99,101,103,106,107,111,112,115,117,123,124,125,127,128,132,134,139,143,144,147,149,150,151,153,155,156,160,166,167
166:0,5,6,7,8,9,11,12,14,15,16,17,23,24,26,27,28,30,31,35,36,38,40,41,42,45,46,47,48,50,53,54,57,59,61,64,66,70,73,76,77,78,80,83,84,86,87,89,90,96,97,98,99,102,107,109,111,113,114,115,117,119,121,124,126,127,128,133,137,138,141,142,149,153,158,159,162,163,165,169,168
167:3,4,6,7,8,9,10,15,16,18,19,20,21,25,28,30,32,35,36,37,38,39,40,42,45,46,48,51,52,53,55,56,58,59,63,67,68,71,73,74,76,78,80,82,84,87,89,93,94,98,99,102,103,104,107,109,115,116,117,121,123,125,131,132,133,135,139,140,141,144,150,152,153,154,155,157,160,161,162,163,164,165,168,169
168:1,2,3,4,5,7,9,10,11,12,16,17,18,25,26,27,39,41,42,45,49,52,53,54,55,56,57,58,61,62,64,66,74,76,79,83,84,86,87,88,89,92,94,95,96,97,99,101,102,105,110,111,113,116,118,119,120,125,126,127,134,136,139,144,147,148,149,151,152,153,155,156,161,162,163,164,166,167,169
169:4,6,7,10,11,12,13,14,15,18,21,22,24,27,34,35,36,39,41,42,43,44,46,47,50,51,55,58,60,62,64,70,72,73,75,76,77,79,81,82,86,87,89,91,92,97,99,101,102,103,104,107,110,111,112,113,114,115,117,124,126,127,128,129,130,131,135,136,137,138,139,140,141,142,144,145,146,147,148,151,153,154,158,162,163,166,167,168
