0:100,4,5,7,13,22,25,33,36,41,47,48,53,64,67,78,85,87,92,105
1:91,10,17,21,24,27,31,36,44,45,52,57,58,65,70,73,81,83,92,94,97,99,100,106
2:4,3,6,8,10,20,27,35,39,43,44,46,49,58,59,72,81,83,87,89,90,94,104
3:2,61,9,11,12,19,50,57,64,67,71,72,81,89,93,96,97,103
4:0,2,19,7,13,15,24,33,38,41,42,46,48,51,57,62,63,68,84,90,93,105
5:0,52,6,7,27,29,36,41,59,63,65,68,73,76,79,80,86,87,91,94,97,99,101,104,107
6:2,5,7,21,22,35,39,41,43,54,58,65,73,75,85,91,93,107
7:0,4,5,6,57,14,16,25,39,40,44,48,49,50,54,58,63,66,71,80,82,88,91,95,100,106
8:2,67,9,13,15,24,27,30,31,33,42,50,56,57,63,69,76,81,85,86,98,108
9:3,8,74,13,26,32,38,39,50,51,57,60,73,84,93,97,100,102,105
10:1,2,27,12,15,20,24,31,33,48,50,51,58,67,70,72,74,80,81,85,87,90,92,94,96
11:3,80,22,28,29,31,32,35,41,46,48,51,55,64,67,72,73,74,75,77,79,102,107
12:3,10,83,14,16,20,24,28,29,35,55,60,69,72,80,87,88,107
13:0,4,8,9,90,17,25,26,30,45,49,51,53,54,60,65,67,70,91,94,96,101,104
14:7,12,52,15,28,39,40,42,50,59,60,74,78,90,95,100,104,107,108
15:4,8,10,14,46,18,19,21,24,26,44,48,52,53,65,67,72,84,86,93,100,102,103
16:7,12,37,20,26,30,39,51,62,71,74,78,80,86,96,99,100,102,103,105,107
17:1,13,56,19,26,33,34,41,42,46,47,48,52,54,60,70,72,74,84,86,95,99,108
18:15,50,23,27,28,30,34,40,46,48,49,52,56,69,73,75,86,87,91,92,95,105,109
19:3,4,15,17,29,21,22,24,25,34,36,40,48,59,61,65,71,84,92,96,101,103,105,106
20:2,10,12,16,73,22,27,30,36,46,52,54,61,62,63,64,65,66,67,74,88,92,96,107,108
21:1,6,15,19,33,22,27,31,32,45,53,56,68,72,81,87,89,90,106
22:0,6,11,19,20,21,48,23,36,44,45,49,53,57,64,72,74,78,79,84,96,98,99,101,102,107,108,109
23:18,22,101,24,44,54,55,66,71,73,81,85,87,93,97,99,102,105
24:1,4,8,10,12,15,19,23,86,35,42,43,44,52,55,62,65,68,69,70,74,75,76,78,83,109
25:0,7,13,19,85,27,30,31,32,41,43,45,48,51,53,62,64,69,70,72,77,84,94,109
26:9,13,15,16,17,93,28,29,31,34,39,51,65,70,71,74,87,91,95
27:1,2,5,8,10,18,20,21,25,65,29,32,36,41,42,47,48,50,53,54,57,61,75,78,79,85,93,107
28:11,12,14,18,26,92,32,47,53,55,61,66,67,69,81,82,98,101,107
29:5,11,12,19,26,27,48,34,43,45,55,57,58,59,62,66,70,71,87,89,93,96,100,106
30:8,13,16,18,20,25,42,40,55,57,58,74,81,86,87
31:1,8,10,11,21,25,26,70,32,35,37,41,44,51,61,67,68,78,81,82,86,87,89,90,97,98,101,102
32:9,11,21,25,27,28,31,51,36,37,44,47,61,64,69,70,78,79,91,95,98
33:0,4,8,10,17,21,83,36,43,44,47,51,52,53,54,58,62,68,70,75,78,93,99,101,106
34:17,18,19,26,29,59,39,44,46,76,79,109
35:2,6,11,12,24,31,41,40,50,55,72,73,75,76,88,98
36:0,1,5,19,20,22,27,32,33,52,39,41,42,43,45,46,50,58,65,67,69,76,79,82,87,90,98,107,108
37:16,31,32,69,48,53,62,70,79,88,89,92,94,102
38:4,9,86,39,47,52,54,58,59,62,64,79,83,87,89,92,94,97
39:2,6,7,9,14,16,26,34,36,38,104,46,48,60,62,77,82,83,93,99,100,108
40:7,14,18,19,30,35,46,50,52,53,63,64,76,79,83,96,105,106
41:0,4,5,6,11,17,25,27,31,35,36,66,46,49,54,64,69,70,80,84,86,88,93,97,102,104,106,109
42:4,8,14,17,24,27,30,36,90,49,53,57,63,68,73,74,76,77,91,102,105,109
43:2,6,24,25,29,33,36,66,60,68,71,72,78,83,91,93,97,98,103,104,105
44:1,2,7,15,22,23,24,31,32,33,34,48,56,57,67,74,79,87,92,99,107
45:1,13,21,22,25,29,36,75,46,50,57,64,67,68,73,74,85,86,89,93,95,98,103
46:2,4,11,15,17,18,20,34,36,39,40,41,45,102,49,61,62,68,72,87,91,101,103,105,108
47:0,17,27,28,32,33,38,58,52,54,62,71,78,91,92,93,98,104,108
48:0,4,7,10,11,15,17,18,19,22,25,27,29,37,39,44,94,57,60,62,64,72,73,77,85,86,87,108,109
49:2,7,13,18,22,41,42,46,86,50,56,61,66,80,81,87,88,91,93,95,105
50:3,7,8,9,10,14,18,27,35,36,40,45,49,74,54,67,68,71,86,96,106,107
51:4,9,10,11,13,16,25,26,31,32,33,66,52,75,82,85,86,88,94,95,104
52:1,5,14,15,17,18,20,24,33,36,38,40,47,51,108,56,57,65,68,75,82,83,89,96,100,102,109
53:0,13,15,21,22,25,27,28,33,37,40,42,78,63,64,69,81,85,90,92,97,109
54:6,7,13,17,20,23,27,33,38,41,47,50,98,55,58,61,67,69,84,94,96,109
55:11,12,23,24,28,29,30,35,54,77,57,60,73,75,85,97,103,107,109
56:8,17,18,21,44,49,52,86,62,63,64,68,72,84,89,90,101,102,107
57:1,3,4,7,8,9,22,27,29,30,42,44,45,48,52,55,88,59,62,63,71,72,76,80,89,90,97,98,100,108
58:1,2,6,7,10,29,30,33,36,38,47,54,93,64,65,67,74,81,86,89,90,91,92,96
59:2,5,14,19,29,34,38,57,73,61,62,64,65,68,71,74,77,84,87,88,95,101
60:9,12,13,14,17,39,43,48,55,93,80,83,86,87,89,90,91,95,96,98,109
61:3,19,20,27,28,31,32,46,49,54,59,91,92,94,107,108
62:4,16,20,24,25,29,33,37,38,39,46,47,48,56,57,59,67,64,66,74,75,76,87,88,95,97,98,102,103,104,106,107,108
63:4,5,7,8,20,40,42,53,56,57,74,77,78,80,88,92,102,109
64:0,3,11,20,22,25,32,38,40,41,45,48,53,56,58,59,62,81,69,70,73,74,78,88,97
65:1,5,6,13,15,19,20,24,26,27,36,52,58,59,107,69,77,88,91,94,99,100,103
66:7,20,23,28,29,41,43,49,51,62,106,75,83,84,85,91,99
67:0,3,8,10,11,13,15,20,28,31,36,44,45,50,54,58,62,90,69,73,80,89,101,107
68:4,5,21,24,31,33,42,43,45,46,50,52,56,59,109,78,83,84,87,91,94,97,98,99,103,104
69:8,12,18,24,25,28,32,36,37,41,53,54,64,65,67,90,70,75,80,81,82,88,92,98,102
70:1,10,13,17,24,25,26,29,31,32,33,37,41,64,69,92,72,74,77,79,81,88,93
71:3,7,16,19,23,26,29,43,47,50,57,59,97,74,80,84,96,103
72:2,3,10,11,12,15,17,21,22,25,35,43,46,48,56,57,70,73,84,89,93,94,100,101,104
73:1,5,6,9,11,18,20,23,35,42,45,48,55,59,64,67,72,98,79,81,87,95,103
74:9,10,11,14,16,17,20,22,24,26,30,42,44,45,50,58,59,62,63,64,70,71,102,76,79,81,88,89,95,96,101
75:6,11,18,24,27,33,35,45,51,52,55,62,66,69,97,84,86,90,108
76:5,8,24,34,35,36,40,42,57,62,74,81,85,90,91,104
77:11,25,39,42,48,55,59,63,65,70,82,85,87,90,101
78:0,14,16,22,24,27,31,32,33,43,47,53,63,64,68,102,100,106
79:5,11,22,27,32,34,36,37,38,40,44,70,73,74,89,82,83,84,85,93,105,108
80:5,7,10,11,12,16,41,49,57,60,63,67,69,71,104,82,89,96
81:1,2,3,8,10,21,23,28,30,31,49,53,58,64,69,70,73,74,76,109,103
82:7,28,31,36,39,51,52,69,77,79,80,91,85,88,96,99,101,104,107,108
83:1,2,12,24,33,38,39,40,43,52,60,66,68,79,93,98,104,105,108
84:4,9,15,17,19,22,25,41,54,56,59,66,68,71,72,75,79,98,88,99,102,103,107,109
85:0,6,8,10,23,25,27,45,48,51,53,55,66,76,77,79,82,92,88,100
86:5,8,15,16,17,18,24,30,31,38,41,45,48,49,50,51,56,58,60,75,91,88,95,99,101,107
87:0,2,5,10,12,18,21,23,26,29,30,31,36,38,44,46,48,49,59,60,62,68,73,77,91,108
88:7,12,20,35,37,41,49,51,57,59,62,63,64,65,69,70,74,82,84,85,86,99,95,104,105,108
89:2,3,21,29,31,37,38,45,52,56,57,58,60,67,72,74,79,80,104,91,96,101
90:2,4,10,13,14,21,31,36,42,53,56,57,58,60,67,69,75,76,77,99,91,94,103,105
91:1,5,6,7,13,18,26,32,42,43,46,47,49,58,60,61,65,66,68,76,82,86,87,89,90,104,96,97,101,106,107
92:0,1,10,18,19,20,28,37,38,44,47,53,58,61,63,69,70,85,96,94,104
93:3,4,6,9,15,23,26,27,29,33,39,41,43,45,47,49,58,60,70,72,79,83,97,103
94:1,2,5,10,13,25,37,38,48,51,54,61,65,68,72,90,92,98
95:7,14,17,18,26,32,45,49,51,59,60,62,73,74,86,88,107,97,102
96:3,10,13,16,19,20,22,29,40,50,52,54,58,60,71,74,80,82,89,91,92,100,108
97:1,3,5,9,23,31,38,41,43,53,55,57,62,64,68,71,75,91,93,95,98,106,109
98:8,22,28,31,32,35,36,43,45,47,54,57,60,62,68,69,73,83,84,94,97,107
99:1,5,16,17,22,23,33,39,44,65,66,68,82,84,86,88,90,105,101
100:0,1,7,9,14,15,16,29,39,52,57,65,72,78,85,96,103,102,105,108
101:5,13,19,22,23,28,31,33,46,56,59,67,72,74,77,82,86,89,91,99,109,104,106
102:9,11,15,16,22,23,31,37,41,42,46,52,56,62,63,69,74,78,84,95,100,109
103:3,15,16,19,43,45,46,55,62,65,68,71,73,81,84,90,93,100,108,104
104:2,5,13,14,39,41,43,47,51,62,68,72,76,80,82,83,88,89,91,92,101,103,109
105:0,4,9,16,18,19,23,40,42,43,46,49,79,83,88,90,99,100,107
106:1,7,19,21,29,33,40,41,50,62,66,78,91,97,101,109,107
107:5,6,11,12,14,16,20,22,27,28,36,44,50,55,56,61,62,65,67,82,84,86,91,95,98,105,106,109,108
108:8,14,17,20,22,36,39,46,47,48,52,57,61,62,75,79,82,83,87,88,96,100,103,107,109
109:18,22,24,25,34,41,42,48,52,53,54,55,60,63,68,81,84,97,101,102,104,106,107,108
