0:143,6,16,37,58,72,90,104,110,135,215,216,224,233,256,260,264,265,272,277,286,326,332,342,362,369,373,376,390,391
1:230,40,53,56,62,66,67,106,119,130,140,153,156,186,191,214,251,254,280,282,298,304,311,314,315,349,356,391,397
2:63,17,28,42,76,113,132,146,157,168,176,177,187,216,283,293,305,308,313,331,339,385,386
3:190,21,27,42,54,55,71,78,87,107,108,146,168,193,211,267,279,280,281,291,302,306,325,342,343,356,360,362,373,390
4:19,22,34,57,74,85,86,93,101,105,125,150,156,157,165,176,179,196,206,207,221,227,239,241,257,260,265,278,282,287,316,331,388
5:298,24,39,70,88,92,113,132,147,165,171,190,216,220,265,276,295,308,323,331,343,369,395
6:0,254,7,10,23,30,45,54,70,74,79,80,91,127,144,172,174,193,194,197,224,234,240,245,250,257,265,280,282,283,298,306,318,361,368,382,391
7:6,369,17,24,36,40,41,42,62,74,75,77,86,119,129,131,136,138,155,157,164,166,182,183,190,193,219,227,232,244,276,288,301,334,346,352,368,395
8:185,14,32,41,53,75,96,97,154,155,190,212,227,230,305,337,371,375
9:121,12,72,147,148,154,163,264,266,286,303,308,332,335,347,354,364,385,398
10:6,234,24,38,55,93,111,113,114,128,148,161,198,199,220,227,236,242,245,256,265,282,286,292,294,305,317,364,372
11:247,33,37,40,50,56,87,106,112,144,194,229,235,245,256,279,289,311,315,327,344,346,372,374,381,390
12:9,186,14,31,34,96,97,109,188,192,197,212,220,228,264,267,280,292,324,326,331,381,385,386,387,390,391
13:307,20,31,35,49,55,115,127,131,185,186,189,198,218,219,235,237,245,253,256,290,309,322,338,351,365,368
14:8,12,316,25,34,65,72,78,80,104,112,119,136,148,166,178,196,229,263,264,285,297,335,348,381
15:342,36,65,75,95,100,102,112,116,160,170,213,231,242,270,310,315,343,359,377,383,387
16:0,141,36,91,92,93,105,107,123,152,160,161,166,200,219,221,239,253,257,268,287,297,306,310,328,356,366,380,385
17:2,7,368,22,72,73,85,93,94,105,123,207,212,250,269,307,335,341,350,358,382,388
18:357,34,41,46,51,75,81,89,100,111,114,126,133,136,147,148,171,173,176,182,216,230,272,318,367,374,378,380
19:4,322,49,68,71,82,86,108,124,134,152,153,155,158,159,187,195,206,210,248,255,258,262,266,269,288,290,313,359,392
20:13,149,26,39,46,49,53,59,68,81,87,94,113,123,203,232,234,257,297,302,327,332,334,338,348,377,392
21:3,295,26,46,63,66,68,80,87,101,109,113,115,132,140,146,201,203,213,216,252,255,264,271,273,276,290,310,311,333,338,355,372,383,399
22:4,17,61,44,57,96,108,130,137,159,172,173,194,203,214,238,269,282,290,294,312,315,331,355,371,372,378,380,387
23:6,364,92,101,112,114,129,142,168,190,194,212,213,256,280,296,332,344,353,359,388
24:5,7,10,85,33,43,44,110,142,181,201,207,209,212,228,245,274,279,289,321,353,358,378
25:14,224,38,67,76,77,82,83,106,114,121,140,141,151,162,166,213,221,262,271,275,286,293,311,327,333,346,363,373,374,381,386,398
26:20,21,192,33,39,69,80,114,126,152,159,168,209,222,227,240,246,254,286,308,318,331,338,396
27:3,333,56,81,86,92,99,102,110,111,130,131,142,144,177,182,196,209,288,307,352,357,375,380,382,388,393
28:2,362,35,45,86,90,95,100,107,108,111,114,123,124,127,134,139,150,167,175,193,235,265,287,293,342,350,356,378
29:378,38,40,48,53,82,105,107,114,119,123,134,135,150,157,169,172,204,206,216,263,291,295,306,318,327,351,360,370,382,393,398
30:6,207,70,84,97,120,123,124,146,201,203,213,236,251,266,273,279,308,324,345,353,371,373,378,390
31:12,13,51,59,60,78,93,98,109,114,129,141,154,160,162,175,184,189,190,221,222,227,244,246,270,273,276,279,280,292,295,335,347,362,365,374
32:8,376,66,73,96,126,134,143,171,192,194,197,210,216,231,249,259,266,269,270,289,314,334,342,356,366,387
33:11,24,26,175,65,106,131,142,167,188,191,206,237,269,321,333,345,369,370,372
34:4,12,14,18,366,43,44,48,93,121,128,136,172,191,192,197,218,256,277,281,289,304,306,310,337,356,358,392,393
35:13,28,140,42,43,61,102,103,118,132,133,175,185,191,198,199,227,245,255,260,279,306,326,328,329,362,376,385,393
36:7,15,16,47,87,120,133,146,170,184,186,194,216,248,250,253,254,273,279,282,295,303,313,333,340,387,392
37:0,11,303,48,49,67,96,109,112,120,122,144,151,158,166,184,210,222,226,236,250,258,269,302,305,345,378,388,389,398
38:10,25,29,301,48,55,69,100,111,129,138,140,144,146,149,166,168,170,188,197,203,234,253,276,292,341,342,356,369,371,377,391,393
39:5,20,26,299,54,108,118,168,176,187,193,198,201,209,216,218,238,246,249,257,289,297,311,350,372,382,399
40:1,7,11,29,318,77,84,134,146,153,175,183,197,206,242,251,261,270,274,279,282,285,306,309,315,317,326,328,379
41:7,8,18,232,48,79,84,106,115,207,211,239,274,287,318,320,350,353,359,361,370,384
42:2,3,7,35,210,45,61,63,74,77,79,83,123,139,147,158,167,170,178,184,243,261,276,292,332,341,359,386,394,397
43:24,34,35,348,78,81,85,92,93,115,118,119,127,138,159,165,174,187,199,205,207,253,266,273,278,280,300,313,352,362,377,386,398
44:22,24,34,390,57,60,77,92,105,115,129,143,184,195,200,210,237,250,265,284,285,293,301,339,376,395
45:6,28,42,59,117,120,140,153,158,159,169,191,229,252,284,287,294,310,336,344,348,351,357,362,370,385
46:18,20,21,333,55,64,136,144,176,178,187,190,210,220,240,249,252,269,279,282,284,289,302,337,347,353,375
47:36,346,63,107,134,146,151,165,186,264,266,282,285,289,327,344,345,354,356,365,368,390
48:29,34,37,38,41,291,51,70,87,118,132,158,174,180,198,249,251,256,267,283,285,298,302,304,305,316,340,347,350,352,353,392,395,396
49:13,19,20,37,165,56,68,92,93,98,155,164,200,203,208,218,225,234,265,284,288,294,323,326,347,348,351,354,362,383,397
50:11,286,72,109,239,249,251,253,262,266,292,308,321,325,328,337,340,350,366,372
51:18,31,48,301,63,68,70,75,100,104,122,131,144,147,176,214,227,255,266,310,348,367,369
52:55,76,84,157,165,171,179,182,190,197,201,209,211,215,216,222,229,235,236,248,258,264,289,329,370,372
53:1,8,20,29,70,58,87,99,112,118,122,146,147,148,151,158,181,183,193,212,223,225,244,257,293,296,320,338,342,369,385
54:3,6,39,257,57,59,75,76,90,92,94,96,98,100,126,135,157,160,166,167,179,188,206,221,227,252,273,295,312,343,346,362,365,369,388
55:3,10,13,38,46,52,93,68,70,76,82,83,84,110,115,119,164,168,173,174,189,191,192,195,197,210,242,250,266,269,282,288,289,342,389,390,394,399
56:1,11,27,49,355,59,99,119,131,135,141,169,171,176,191,198,223,227,272,292,304,314,347,348,349,362,367,380,385,388
57:4,22,44,54,236,69,74,80,109,111,118,139,153,176,222,226,230,262,272,276,277,283,284,299,307,313,314,316,364,378,387
58:0,53,120,71,80,85,95,107,109,136,147,157,159,182,189,237,246,248,270,273,292,332,337,345,397
59:20,31,45,54,56,350,66,97,103,104,108,115,122,154,185,202,205,224,239,245,275,318,319,321,326,336,373,390
60:31,44,127,67,80,95,113,145,146,150,161,208,216,227,236,264,268,271,288,299,316,322,323,345
61:22,35,42,369,65,87,88,96,102,104,114,124,153,163,178,184,185,187,233,239,242,275,294,298,312,332,333,347,357,358,373,374,386,399
62:1,7,304,115,119,144,148,182,202,234,246,256,257,263,277,347,351,370,371
63:2,21,42,47,51,326,67,68,75,77,100,102,132,145,147,148,152,166,172,189,190,224,237,252,284,294,311,312,313,325,351,352,356,363,372
64:46,348,77,93,95,97,130,131,143,157,177,182,187,200,204,214,240,242,245,256,274,304,316,338,391,395
65:14,15,33,61,283,67,123,159,161,172,197,203,207,215,217,233,238,264,270,273,303,323,331,332,339,341,349,352,359,378,387
66:1,21,32,59,220,100,118,142,201,240,266,267,286,305,311,338,376,377,383,385,398
67:1,25,37,60,63,65,264,77,88,97,100,136,179,206,216,230,263,280,301,313,369,384,393
68:19,20,21,49,51,55,63,134,76,85,112,126,137,155,173,209,220,233,280,292,298,314,322,324,332,352,369,379,380,392,395
69:26,38,57,255,73,133,181,192,215,222,226,232,241,245,276,283,284,291,298,299,316,363,383
70:5,6,30,48,51,53,55,238,100,105,106,118,130,161,171,177,212,229,252,263,267,273,293,294,310,330,338,384
71:3,19,58,109,75,110,111,120,141,155,193,217,230,232,249,265,271,280,305,338,344,353,361,365,375,395,396
72:0,9,14,17,50,387,87,88,97,109,118,119,120,142,159,197,198,213,218,223,244,284,302,313,331,351,392,397,399
73:17,32,69,250,83,85,89,121,145,156,159,162,168,175,187,195,196,198,205,224,266,281,291,295,316,320,341,342,363,367,374,393
74:4,6,7,42,57,213,79,112,122,126,128,135,161,178,234,236,237,292,365,375,383,396,397
75:7,8,15,18,51,54,63,71,297,98,107,132,136,144,149,154,169,181,203,211,243,268,287,289,294,308,317,335,357,386
76:2,25,52,54,55,68,203,84,180,201,248,278,328,348,362,390
77:7,25,40,42,44,63,64,67,373,81,89,104,115,143,147,165,167,175,182,185,210,239,241,252,258,278,282,312,313,316,321,324,341
78:3,14,31,43,325,94,95,103,108,160,171,174,177,205,209,228,232,235,240,269,279,315,351,357,366,390
79:6,41,42,74,141,97,114,123,126,133,142,187,198,204,235,247,284,293,299,318,320,366,379,383
80:6,14,21,26,57,58,60,270,85,91,109,119,131,132,139,145,189,203,205,208,231,235,255,262,273,295,311,327,348,353,374,380,388
81:18,20,27,43,77,153,95,107,112,127,143,145,165,204,221,232,244,265,317,323,330,331,381
82:19,25,29,55,388,83,84,86,94,106,107,109,119,127,139,145,152,167,219,265,270,271,273,284,314,332,337,389
83:25,42,55,73,82,298,92,102,123,175,214,228,230,240,245,255,311,312,344,350,353,370,376,388,389,397
84:30,40,41,52,55,76,82,227,89,95,106,111,140,150,153,168,173,202,203,219,225,226,242,261,265,266,267,314,318,326,344,361,389,393,394
85:4,17,24,43,58,68,73,80,209,90,94,108,115,128,150,152,170,177,213,221,235,238,239,245,259,268,291,302,305,360,368,378,381,399
86:4,7,19,27,28,82,242,88,92,118,120,123,130,146,154,156,186,201,214,238,251,253,256,263,271,278,314,319,321,330,364,368,393
87:3,11,20,21,36,48,53,61,72,246,88,121,173,191,198,223,231,254,278,282,285,335,346,352,371
88:5,61,67,72,86,87,127,94,142,150,162,200,217,237,253,267,318,339,354,368,370,385
89:18,73,77,84,119,92,93,97,101,111,117,120,123,153,158,168,182,187,232,233,246,253,254,261,281,286,288,291,358,360,367,396,399
90:0,28,54,85,199,121,139,142,162,192,203,260,261,299,308,344,363,391
91:6,16,80,122,105,165,177,183,207,216,265,272,293,299,332,346,355,365
92:5,16,23,27,43,44,49,54,83,86,89,160,124,143,148,170,194,217,248,252,255,270,283,285,298,319,320,325,340,348,349,365,375
93:4,10,16,17,31,34,43,49,55,64,89,361,100,113,117,121,140,142,146,172,193,202,207,221,241,262,275,284,291,297,342
94:17,20,54,78,82,85,88,179,97,100,122,133,139,146,163,171,192,206,260,277,290,292,305,314,322,348,352,359,373,380,387,389,398
95:15,28,58,60,64,78,81,84,336,116,130,137,140,149,154,162,166,175,192,199,243,258,261,268,285,290,302,307,309,312,340,364,365,366,385
96:8,12,22,32,37,54,61,166,102,111,115,126,152,209,231,235,295,314,322,345,355,361,374,384,386,398
97:8,12,30,59,64,67,72,79,89,94,194,108,124,126,141,151,164,203,211,212,225,255,279,286,293,314
98:31,49,54,75,207,102,113,167,174,221,240,275,306,313,319,322,365,381,394
99:27,53,56,104,119,130,140,144,147,151,154,196,205,213,248,279,307,310,320,326,345,378,388,389,390
100:15,18,28,38,51,54,63,66,67,70,93,94,369,106,110,167,171,175,179,181,187,210,234,245,254,255,260,266,293,312,322,329,354,365,387
101:4,21,23,89,348,137,142,160,179,180,184,218,240,254,255,267,271,277,280,301,316,357,395,396
102:15,27,35,61,63,83,96,98,212,113,117,118,122,149,153,165,202,204,223,226,230,239,245,259,261,274,289,319,330,334,339,370,372,376,398
103:35,59,78,199,120,128,152,154,168,176,177,192,222,223,252,256,266,283,285,309,320,322,326,340,374,391
104:0,14,51,59,61,77,99,114,123,152,160,178,182,209,211,238,245,254,272,293,308,315,316,332,350,374,376
105:4,16,17,29,44,70,91,331,108,121,134,142,156,185,192,224,225,234,238,245,254,256,296,300,315,345,347,357,359,366,367,375,382,384
106:1,11,25,33,41,70,82,84,100,344,107,110,119,121,127,128,140,143,151,159,189,192,200,225,264,265,286,297,307,327,332,364,376,380,392
107:3,16,28,29,47,58,75,81,82,106,298,115,128,152,158,187,228,233,258,272,275,290,294,296,355,356,361
108:3,19,22,28,39,59,78,85,97,105,331,122,131,194,203,206,226,242,245,256,303,306,339,375
109:12,21,31,37,50,57,58,71,72,80,82,181,198,215,223,282,288,315,333,347,349,361,385
110:0,24,27,55,71,100,106,366,127,134,138,140,142,143,149,182,186,210,216,220,225,246,253,266,316,348,396
111:10,18,27,28,38,57,71,84,89,96,118,180,192,213,218,245,266,286,292,297,298,300,302,316,331,342,344
112:11,14,15,23,37,53,68,74,81,180,164,167,172,202,205,263,267,273,286,323,345,371,375,383,387
113:2,5,10,20,21,60,93,98,102,228,124,143,144,157,162,181,183,213,221,238,254,255,261,266,273,301,313,317,319,332,353,380,384,398
114:10,18,23,25,26,28,29,31,61,79,104,125,164,165,171,174,191,193,196,232,239,240,243,256,276,287,298,308,309,312,317,318,327,329,333,335,369,394
115:13,21,41,43,44,55,59,62,77,85,96,107,285,131,175,215,245,249,271,277,300,301,304,305,319,341,342,345,356,359,398
116:15,95,391,142,147,181,204,230,251,273,275,278,282,291,295,307,322,325,360,368
117:45,89,93,102,309,118,126,144,153,158,177,182,187,190,194,196,218,225,236,253,306,307,321,331,332,338,363,370,383,389
118:35,39,43,48,53,57,66,70,72,86,102,111,117,238,130,163,165,166,173,210,216,233,244,256,267,289,306,312,341,362,367,371,378,398
119:1,7,14,29,43,55,56,62,72,80,82,89,99,106,395,126,133,135,152,184,193,201,211,218,237,278,286,293,302,310,323,364,374,394
120:30,36,37,45,58,71,72,86,89,103,127,121,125,163,191,213,230,251,258,264,287,289,292,304,308,312,314,317,320,322,365,368,388
121:9,25,34,73,87,90,93,105,106,120,207,172,179,189,229,230,240,264,274,275,296,300,304,305,314,320,323,326,334,336,343,365,399
122:37,51,53,59,74,91,94,102,108,182,148,161,187,205,216,234,258,279,291,294,304,311,325,337,347,383,392
123:16,17,20,28,29,30,42,65,79,83,86,89,104,216,129,140,142,206,223,234,250,260,262,268,288,336,342,346,360,399
124:19,28,30,61,92,97,113,308,127,165,175,256,272,316,348,355,357,358,388,391,393
125:4,114,120,344,162,181,189,200,201,278,282,290,299,316,319,323,324,332,347,355,364,372,377,378,387,399
126:18,26,32,54,68,74,79,96,97,117,119,371,128,143,146,155,159,166,170,219,225,239,241,261,262,277,307,331,378
127:6,13,28,43,60,81,82,88,106,110,120,124,168,153,206,242,267,282,317,324,376,379,382,383,397
128:10,34,74,85,103,106,107,126,231,148,150,153,158,173,177,190,197,202,207,227,248,255,262,263,266,282,290,297,333,336,349,353,399
129:7,23,31,38,44,123,309,130,139,158,180,192,195,227,287,299,303,335,343,347,362,364,374
130:1,22,27,64,70,86,95,99,118,129,184,137,156,163,164,197,199,203,209,220,258,270,292,317,350,366,378
131:7,13,27,33,51,56,64,80,108,115,355,132,147,206,230,236,244,263,268,279,285,293,309,326,337,345,356,367,381,390,398
132:2,5,21,35,48,63,75,80,131,343,143,191,198,214,217,242,256,267,296,301,306,331,367,396
133:18,35,36,69,79,94,119,394,153,204,213,248,281,290,293,310,331,336,350,367,375,377,378,390
134:19,28,29,32,40,47,68,105,110,157,136,140,175,178,180,182,200,209,214,221,229,233,243,262,265,268,278,279,281,291,316,323,364,366,390,394,395
135:0,29,54,56,74,119,388,136,143,166,169,181,239,246,247,252,269,273,279,282,292,294,300,314,322,340,359,369,371,395,399
136:7,14,18,34,46,58,67,75,134,135,314,161,166,167,172,175,177,185,197,203,211,249,272,274,343,347,367,390,391
137:22,68,95,101,130,295,214,225,251,252,261,268,275,304,305,312,313,320,342,344,349,359,369,378
138:7,38,43,110,269,161,162,169,175,184,240,244,258,262,274,280,290,291,306,311,317,337,351,375,385,399
139:28,42,57,80,82,90,94,129,336,154,155,156,159,162,209,251,270,282,295,303,315,320,332,377,378,393
140:1,21,25,35,38,45,84,93,95,99,106,110,123,134,179,162,183,190,191,197,205,244,265,267,282,286,294,312,322,358,378
141:16,25,31,56,71,79,97,143,144,155,192,196,240,247,268,329,330,351,378,379,383,391,392
142:23,24,27,33,66,72,79,88,90,93,101,105,110,116,123,205,164,192,218,225,238,243,244,250,315,319,324,325,341,358,359,377
143:0,32,44,64,77,81,92,106,110,113,126,132,135,141,321,149,179,202,215,227,236,256,284,336,337,355
144:6,11,27,37,38,46,51,62,75,99,113,117,141,283,152,158,181,211,235,247,259,260,308,311,329,336,338,363,366
145:60,63,73,80,81,82,169,157,161,168,212,221,227,230,243,293,308,323,332,333,349,356,363,368,387,396
146:2,3,21,30,36,38,40,47,53,60,86,93,94,126,310,168,185,190,211,231,255,260,269,272,326,342,374,392
147:5,9,18,42,51,53,58,63,77,99,116,131,319,157,181,188,191,223,238,251,254,290,332,338,359,370,378,393
148:9,10,14,18,53,62,63,92,122,128,279,152,164,179,181,200,208,228,230,245,246,291,292,300,352,355,380,385
149:20,38,75,95,102,110,143,159,164,165,206,210,220,265,300,326,332,366,367,375
150:4,28,29,60,84,85,88,128,280,154,158,163,173,206,215,219,254,278,296,304,351
151:25,37,47,53,97,99,106,299,160,167,170,195,206,212,235,237,244,248,291,298,319,335,343,349,359,360,362,363,364,382
152:16,19,26,63,82,85,96,103,104,107,119,144,148,329,159,172,183,186,187,193,197,217,221,246,258,296,300,355,356,364,367,369,370
153:1,19,40,45,57,61,81,84,89,102,117,127,128,133,350,159,182,191,225,237,239,245,260,267,272,306,307,322,347,359,362,397
154:8,9,31,59,75,86,95,99,103,139,150,395,171,176,191,221,252,255,261,282,299,332,336,347,358,363
155:7,8,19,49,68,71,126,139,141,197,156,163,183,184,195,210,234,235,276,280,307,349,374,391
156:1,4,73,86,105,130,139,155,336,157,165,170,197,228,231,252,262,267,273,279,302,328,342,354,371,387,392,397
157:2,4,7,29,52,54,58,64,113,134,145,147,156,167,195,254,257,263,277,282,283,301,302,338
158:19,37,42,45,48,53,89,107,117,128,129,144,150,339,168,173,183,188,192,201,240,244,262,309,341,350,356,365,367,381,389,390,393
159:19,22,26,43,45,58,65,72,73,106,126,139,149,152,153,253,166,170,181,208,290,294,310,314,322,334,341,352,367
160:15,16,31,54,78,92,101,104,151,334,167,194,215,225,228,279,287,290,299,302,303,306,314,322,326,332,393,395
161:10,16,60,65,70,74,122,136,138,145,397,162,168,210,233,263,280,288,289,293,294,308,319,352,360,396
162:25,31,73,88,90,95,113,125,138,139,140,161,196,181,219,242,255,259,267,272,274,295,303,305,306,344,345,353,399
163:9,61,94,118,120,130,150,155,380,170,189,193,214,229,248,251,257,280,286,293,329,335,347,348,354,367,377
164:7,49,55,97,112,114,130,142,148,149,246,172,222,247,252,305,306,310,312,318,321,332,378,397,399
165:4,5,43,47,49,52,77,81,91,102,114,118,124,149,156,328,171,176,185,210,225,233,246,263,267,268,276,284,309,320,331,349,352,398
166:7,14,16,25,37,38,54,63,95,96,118,126,135,136,159,245,169,176,223,268,301,304,319,323,326,363,365,366,373,395
167:28,33,42,54,77,82,98,100,112,136,151,157,160,299,187,220,231,246,271,286,292,322,342,350,352,353,357,386,389,390,392
168:2,3,23,26,38,39,55,73,84,89,103,127,145,146,158,161,195,176,187,200,217,227,229,241,253,260,309,358
169:29,45,56,75,135,138,145,166,244,178,180,236,242,248,250,261,274,340,355,360,361,369,390,396
170:15,36,38,42,85,92,126,151,156,159,163,240,188,191,220,224,226,227,234,262,277,297,369,378,386
171:5,18,32,52,56,70,78,94,100,114,154,165,385,215,218,226,228,236,264,275,281,289,292,304,307,315,331,348,378
172:6,22,29,34,63,65,93,112,121,136,152,164,286,188,198,205,220,237,245,263,268,280,287,289,318,323,329,346,366
173:18,22,55,68,84,87,118,128,150,158,188,175,236,241,245,266,274,312,320,332,334,352,378
174:6,43,48,55,78,98,114,229,221,224,230,232,235,270,274,295,320,353,370,375,389,396
175:28,31,33,35,40,73,77,83,95,100,115,124,134,136,138,173,188,176,202,205,223,236,258,262,279,293,317,323,336,364,389
176:2,4,18,39,46,51,56,57,103,154,165,166,168,175,366,194,197,212,247,261,265,274,278,318,319,323,328,333,340,382
177:2,27,64,70,78,85,91,103,117,128,136,393,178,197,199,203,216,241,243,254,278,291,297,317,318,328,340,355
178:14,42,46,61,74,104,134,169,177,347,227,260,264,301,308,314,338,345,348,358,399
179:4,52,54,67,94,100,101,121,140,143,148,229,187,213,222,277,287,332,351,368,370,394,398
180:48,76,101,111,112,129,134,169,292,190,226,243,262,264,275,314,348,355,380,387
181:24,53,69,75,100,109,113,116,125,135,144,147,148,159,162,365,191,199,206,216,242,256,290,304,308,311,313,322,329,352
182:7,18,27,52,58,62,64,77,89,104,110,117,122,134,153,188,186,203,207,219,222,234,240,249,253,272,292,293,294,315,323,336,361
183:7,40,53,91,113,140,152,155,158,351,193,217,237,241,285,294,314,331,350,354,369,379,385,386,387
184:31,36,37,42,44,61,101,119,130,138,155,386,196,201,203,205,238,240,242,244,291,306,314,321,327,333,337,349,350,360,389
185:8,13,35,59,61,77,105,136,146,165,186,221,225,237,245,249,251,264,266,303,329,331,345,348,358,361,374,377
186:1,12,13,36,47,86,110,152,182,185,310,197,200,201,218,233,236,268,276,292,301,319,326,349,362,373,374,379,388
187:2,19,39,43,46,61,64,73,79,89,100,107,117,122,152,167,168,179,284,195,198,199,218,248,252,256,268,278,298,305,310,327,341,343,366,389,390
188:12,33,38,54,147,158,170,172,173,175,182,299,205,245,251,265,291,307,314,316,329,332,347,375,391
189:13,31,55,58,63,80,106,121,125,163,315,206,210,214,222,238,239,273,280,347,362
190:3,5,7,8,23,31,46,52,63,117,128,140,146,180,259,208,225,227,243,270,302,322,327,341,343,391,392
191:1,33,34,35,45,55,56,87,114,120,132,140,147,153,154,170,181,398,208,209,234,280,302,316,317,319,323,348,378,393
192:12,26,32,34,55,69,90,94,95,103,105,106,111,129,141,142,158,273,194,203,220,240,249,278,288,333,370,392
193:3,6,7,28,39,53,71,93,114,119,152,163,183,298,206,209,221,224,276,287,312,314,327,332,348,351,354,375,392
194:6,11,22,23,32,36,92,97,108,117,160,176,192,350,204,225,233,241,244,248,254,256,277,281,295,351,354,365,383,391,399
195:19,44,55,73,129,151,155,157,168,187,200,199,225,226,230,254,256,273,283,293,298,331,351,352,357,374,385,398
196:4,14,27,73,99,114,117,141,162,184,240,197,198,203,211,225,234,258,296,297,310,352,399
197:6,12,32,34,38,40,52,55,65,72,128,130,136,140,152,155,156,176,177,186,196,315,202,206,213,215,224,256,259,296,299,302,334,376,387
198:10,13,35,39,48,56,72,73,79,87,109,132,172,187,196,376,200,236,247,248,253,257,291,297,334,339,346,351,383,391,396
199:10,35,43,90,95,103,130,177,181,187,195,298,210,225,252,254,256,265,273,274,277,324,344,347,372,391,393,396
200:16,44,49,64,88,106,125,134,148,168,186,195,198,214,203,208,225,228,231,247,250,256,281,288,296,302,319,327,334,340,344,358,370,374,397
201:21,24,30,39,52,66,76,86,119,125,158,184,186,258,257,272,303,307,313,323,347,365,368,377
202:59,62,84,93,102,112,128,143,175,197,334,214,220,223,248,262,269,322,326,340,341,345,348,356,365,386,390
203:20,21,22,30,38,49,65,75,76,80,84,90,97,108,130,136,177,182,184,192,196,200,217,206,234,247,261,275,278,292,312,322,328,331,351,369,376,383,386,389,390
204:29,64,79,81,102,116,133,194,297,212,214,224,241,253,266,286,349,352,376
205:43,59,73,78,80,99,112,122,140,142,172,175,184,188,310,218,248,267,289,313,330,341,362,387,398
206:4,19,29,33,40,54,67,94,108,123,127,131,149,150,151,181,189,193,197,203,229,214,221,248,249,264,266,267,276,277,286,330,342,363,389,396
207:4,17,24,30,41,43,65,91,93,98,121,128,182,302,210,213,217,240,250,254,259,261,263,271,273,303,318,326,382,394,398
208:49,60,80,148,159,190,191,200,297,222,228,239,284,285,291,298,325,333,360,364,375,399
209:24,26,27,39,52,68,78,85,96,104,130,134,139,191,193,246,226,228,230,236,265,268,273,276,287,290,293,295,299,300,307,309,342,345,355,365,369,377,392,393
210:19,32,37,42,44,46,55,77,100,110,118,149,155,161,165,189,199,207,211,224,226,233,242,262,275,292,318,325,368
211:3,41,52,75,97,104,119,136,144,146,196,210,383,216,228,248,250,263,264,270,300,325,337,389,392,393
212:8,12,17,23,24,53,70,97,102,145,151,176,204,270,214,217,242,255,263,272,285,307,314,320,329,333,344,366,370,375,378,379,381,382,392,399
213:15,21,23,25,30,72,74,85,99,111,113,120,133,179,197,207,391,233,239,291,307,311,315,334,336,357,367,373,382
214:1,22,51,64,83,86,132,134,137,163,189,200,202,204,206,212,275,227,238,239,266,281,291,294,310,311,313,324,325,331,334,340,356,374,384,394
215:0,52,65,69,109,115,143,150,160,171,197,286,225,251,280,312,322,325,327,332,334,371,373,389,396
216:0,2,5,18,21,29,32,36,39,52,60,67,91,110,118,122,123,177,181,211,327,227,231,237,263,276,277,281,347,348,359,364,365,378,382,384,388
217:65,71,88,92,132,152,168,183,203,207,212,363,252,258,306,310,332,336,344,374
218:13,34,39,49,72,101,111,117,119,142,171,186,187,205,256,222,234,246,264,265,266,268,293,297,298,304,311,323,331,345,346,361,364,385
219:7,13,16,82,84,126,150,162,182,228,261,340,344,362,380
220:5,10,12,46,66,68,110,130,149,167,170,172,192,202,339,222,260,268,269,275,282,284,292,312,316,325,328,337,341,357,360,371,381
221:4,16,25,31,54,81,85,93,98,113,134,145,152,154,174,185,193,206,394,244,286,292,300,356,367,388,399
222:26,31,37,52,57,69,103,164,179,182,189,208,218,220,242,227,231,234,244,286,287,295,308,329,331,335,345,346,351,361,370,386
223:53,56,72,87,102,103,109,123,147,166,175,202,355,236,251,270,286,294,319,344,346,350,376,378,396
224:0,6,25,59,63,73,105,170,174,193,197,204,210,235,276,278,279,284,297,299,300,320,347,353,363
225:49,53,84,97,105,106,110,117,126,137,142,153,160,165,185,190,194,195,196,199,200,215,280,227,286,296,302,311,314,316,325,343,362,380
226:37,57,69,84,102,108,170,171,180,195,209,210,394,241,265,268,287,321,332,352,358,376,381,386
227:4,7,8,10,26,31,35,51,54,56,60,84,128,129,143,145,168,170,178,190,214,216,222,225,252,231,240,247,251,253,257,264,270,286,393
228:12,24,78,83,107,113,148,156,160,171,200,208,209,211,219,232,240,255,278,281,282,301,313,325,327,338,339,346,352,369,388,398
229:11,14,45,52,70,121,134,163,168,174,179,206,394,247,248,258,260,266,269,276,283,302,306,317,319,335,361,373
230:1,8,18,57,67,71,83,102,116,120,121,131,145,148,174,195,209,295,252,271,283,287,316,349,375,378,387,391
231:15,32,80,87,96,128,146,156,167,200,216,222,227,234,255,260,270,272,281,302,318,319,322,337,342,353,387,390
232:7,20,41,69,71,78,81,89,114,174,228,317,233,236,255,257,259,308,312,322,334,350,356,390
233:0,61,65,68,89,107,118,134,161,165,186,194,210,213,232,336,246,248,279,280,316,333
234:6,10,20,38,49,62,74,100,105,122,123,155,170,182,191,196,203,218,222,231,352,236,243,246,260,277,293,300,348,376,395
235:11,13,28,52,78,79,80,85,96,144,151,155,174,224,363,239,245,264,268,281,282,287,288,292,366,393,395
236:10,30,37,52,57,60,74,117,131,143,169,171,173,175,186,198,209,223,232,234,341,255,266,300,340,343,353,369,391,397
237:13,33,44,58,63,74,88,119,151,153,172,183,185,216,323,244,246,276,299,347,362,369,380
238:22,39,65,70,85,86,104,105,113,118,142,147,184,189,214,312,273,293,328,370,390,395
239:4,16,41,50,59,61,77,85,102,114,126,135,153,189,208,213,214,235,383,244,246,250,304,307,314,323,338,353,354,372,395,398
240:6,26,46,64,66,78,83,98,101,114,121,138,141,158,170,182,184,192,196,207,227,228,391,249,258,259,271,282,289,293,299,311,320,333,366,388
241:4,69,77,93,126,168,173,177,183,194,204,226,279,273,291,299,310,317,342,347,367,392
242:10,15,40,55,61,64,84,86,108,127,132,162,169,181,184,210,212,222,249,243,247,253,268,273,289,315,323,329,335,377,379
243:42,75,95,114,134,142,145,177,180,190,234,242,280,254,282,305,327,329,338,339,343,346,355,358,365,385,392
244:7,31,53,72,81,118,131,138,140,142,151,158,169,184,194,221,222,237,239,348,252,255,256,262,270,287,288,292,304,316,321,342,347,367,380,393,395,396,399
245:6,10,11,13,24,35,59,64,69,83,85,100,102,104,105,108,111,115,148,153,166,172,173,185,188,235,348,248,267,271,279,286,296,311,316,361,380,386,395
246:26,31,39,58,62,87,89,110,135,148,152,164,165,167,209,218,233,234,237,239,261,259,268,272,273,277,303,308,326,352,365,370,372,374,381,391
247:11,79,135,141,144,164,176,198,200,203,227,229,242,266,258,278,283,285,295,302,304,341,351,360,365,371,380,398
248:19,36,52,58,76,92,99,128,133,151,163,169,187,194,198,202,205,206,211,229,233,245,399,250,252,263,274,283,285,307,350,378,397
249:32,39,46,48,50,71,115,136,182,185,192,206,240,242,335,281,292,303,308,316,320,324,352,358,360,379,389
250:6,17,36,37,44,55,73,123,142,169,200,207,211,239,248,365,252,256,265,267,282,285,300,329,331,332,344
251:1,30,40,48,50,86,116,120,137,139,147,163,185,188,215,223,227,328,255,278,280,283,380,397
252:21,45,46,54,63,70,77,92,103,135,137,154,156,164,187,199,217,227,230,244,248,250,299,271,283,292,321,379,387,389,392
253:13,16,36,38,43,50,86,88,89,110,117,159,168,182,198,204,227,242,285,266,291,321,349,351,355,394
254:1,6,26,36,87,89,100,101,104,105,113,147,150,157,177,194,195,199,207,243,267,268,271,280,282,295,314,316,321,332,338,346,347,367,392
255:19,21,35,51,69,80,83,92,97,100,101,113,128,146,154,162,212,228,231,232,236,244,251,355,315,320,338,341,354,381,387
256:0,10,11,13,23,34,48,62,64,86,103,105,108,114,118,124,132,143,181,187,194,195,197,199,200,218,244,250,337,261,262,281,301,302,309,314,349,380
257:4,6,16,20,39,53,54,62,157,163,198,201,227,232,327,289,296,306,347,350,364,366,385,398,399
258:19,37,52,77,95,107,120,122,130,138,152,175,196,201,217,229,240,247,326,275,286,345,347,348,363,374,398,399
259:32,85,102,144,162,190,197,207,232,240,246,329,276,299,326,346,358,369,376
260:0,4,35,90,94,100,123,144,146,153,168,178,220,229,231,234,328,277,282,295,324,331,336,350
261:40,42,84,89,90,95,102,113,126,137,154,169,176,203,207,219,246,256,335,262,275,283,296,309,312,344,345,384
262:19,25,50,57,80,93,123,126,128,134,138,156,158,170,175,180,202,210,244,256,261,361,270,274,287,292,320,321,325,336,343,348,370
263:14,29,62,67,70,86,112,128,131,157,161,165,172,207,211,212,216,248,373,270,277,306,307,308,313,330,342,351,357,387
264:0,9,12,14,21,47,52,60,65,67,106,120,121,171,178,180,185,206,211,218,227,235,378,267,271,276,282,283,289,295,296,299,306,307,321,337,345,374,381,395
265:0,4,5,6,10,28,44,49,71,81,82,84,91,106,134,140,149,176,188,199,209,218,226,250,361,277,298,314,331,332,339,356,366,376,386,389,397
266:9,19,30,32,43,47,50,51,55,66,73,84,100,103,110,111,113,128,173,185,204,206,214,218,229,236,247,253,308,268,271,294,298,301,333,336,355,376
267:3,12,48,66,70,84,88,101,112,118,127,132,140,153,156,162,165,205,206,245,250,254,264,281,270,286,335,337,363
268:16,60,75,85,95,123,131,134,137,141,165,166,172,186,187,209,218,220,226,235,242,246,254,266,398,296,303,312,337,369
269:17,19,22,32,33,37,46,55,78,135,138,146,202,220,229,382,273,304,324,327,347,372,375,387
270:15,31,32,40,58,65,80,82,92,130,139,174,190,211,212,223,227,231,244,262,263,267,355,294,303,304,306,318,323,333,341,367,375,380,386,390,395,398
271:21,25,60,71,82,86,101,115,167,207,230,240,245,252,254,264,266,383,276,280,299,327,336
272:0,18,56,57,91,104,107,124,136,146,153,162,182,201,212,231,246,313,292,294,320,327,339,368,377
273:21,30,31,36,43,54,58,65,70,80,82,112,113,116,135,156,189,192,195,199,207,209,238,241,242,246,269,308,276,282,290,296,324,339,353,364,374,376,377,394
274:24,40,41,64,102,121,136,138,162,169,173,174,176,199,248,262,275,310,320,324,327,328,342,369,373,378,383,391
275:25,59,61,93,98,107,116,121,137,171,180,203,210,214,220,258,261,274,385,286,292,307,310,313,334,337,359,381,394
276:5,7,21,31,38,42,57,69,114,155,165,186,193,206,209,216,224,229,237,259,264,271,273,327,277,296,304,330,341,343,349,359,363,365,373,382,399
277:0,34,57,62,94,101,115,126,157,170,179,194,199,206,216,234,246,260,263,265,276,364,281,283,311,325,339,356,360,375,378,388
278:4,43,76,77,86,87,116,119,125,134,150,176,177,187,192,203,224,228,247,251,294,288,289,295,302,322,338,373,388,393
279:3,11,24,30,31,35,36,40,46,78,97,99,122,131,134,135,148,156,160,175,224,233,241,245,307,290,295,310,326,356,357,364,379
280:1,3,6,12,23,31,43,67,68,71,101,138,150,155,161,163,172,189,191,215,225,233,243,251,254,271,372,300,302,312,361,375
281:3,34,73,89,133,134,171,194,200,214,216,228,231,235,249,256,267,277,316,295,311,325,336,345,348,351,367
282:1,4,6,10,22,36,40,46,47,55,77,87,109,116,125,127,128,135,139,140,154,157,220,228,235,240,243,250,254,260,264,273,314,295,309,315,322,326,330,337,368,375,385
283:2,6,48,57,65,69,92,103,144,157,195,229,230,247,248,251,252,261,264,277,315,288,309,344,366,368,375,387
284:44,45,46,49,57,63,69,72,79,82,93,143,165,187,208,220,224,376,302,320,335,339,347,385,391
285:14,40,44,47,48,87,92,95,103,115,131,183,208,212,247,248,250,253,331,298,319,333,354,377,381,384
286:0,9,10,25,26,50,66,89,97,106,111,112,119,140,163,167,172,204,206,215,221,222,223,225,227,245,258,267,275,297,296,301,306,325,348,360,364,377,380,389,393,395
287:4,16,28,41,45,75,114,120,129,160,172,179,193,209,222,226,230,235,244,262,365,293,301,317,326,336,364,373,375,391,392,396
288:7,19,27,49,55,60,89,109,123,161,192,200,235,244,278,283,353,294,301,307,309,327,333,349,354,360,395,398
289:11,24,32,34,39,46,47,52,55,75,102,118,120,161,171,172,205,240,242,257,264,278,373,379,381
290:13,19,21,22,94,95,107,125,128,133,138,147,159,160,181,209,273,279,337,295,300,309,311,314,319,320,336,345,353,363,384
291:3,29,48,69,73,85,89,93,116,122,134,138,148,151,177,184,188,198,208,213,214,241,253,340,293,330,334,346,360,376,386
292:10,12,31,38,42,50,56,58,68,74,94,111,120,130,135,148,167,171,180,182,186,203,210,220,221,235,244,249,252,262,272,275,349,301,336,343,344,353,354,362,368,377,381,393
293:2,25,28,44,53,70,79,91,97,100,104,119,131,133,145,161,163,175,182,195,209,218,234,238,240,287,291,311,295,303,322,338,343,387,397
294:10,22,45,49,61,63,70,75,107,122,135,140,159,161,182,183,214,223,266,270,272,278,288,347,297,303,310,311,321,338,354,360,362,385
295:5,21,29,31,36,54,73,80,96,116,137,139,162,174,194,209,222,230,247,254,260,264,278,279,281,282,290,293,323,311,321,328,396
296:23,53,105,107,121,132,150,152,196,197,200,225,245,257,261,264,268,273,276,286,297,334,344,358,365,375
297:14,16,20,39,75,93,106,111,128,170,177,196,198,204,208,218,224,286,294,296,338,320,332,335,341,343,369,391
298:1,5,6,48,61,68,69,83,92,107,111,114,151,187,193,195,199,208,218,265,266,285,317,312,315,318,369,385,391,394,398
299:39,57,60,69,79,90,91,125,129,151,154,160,167,188,197,209,224,237,240,241,252,259,264,271,389,300,325,328,333,357,358,371,379,398
300:43,105,111,115,121,135,148,149,152,209,211,221,224,234,236,250,280,290,299,349,312,347,368,379,388
301:7,38,44,51,67,101,113,115,132,157,166,178,186,228,256,266,286,287,288,292,339,312,332,367,399
302:3,20,37,46,48,72,85,95,111,119,156,157,160,190,191,197,200,207,225,229,231,247,256,278,280,284,320,322,324,328,346,354,360
303:9,36,37,65,108,129,139,160,162,185,201,207,246,249,268,270,293,294,383,308
304:1,34,48,56,62,64,115,120,121,122,137,150,166,171,181,218,239,244,247,269,270,276,373,307,312,331,332,336,337,338
305:2,8,10,37,48,66,71,85,94,115,121,137,162,164,187,243,354,329,342,345,356,364,368,371,374
306:3,6,16,29,34,35,40,98,108,117,118,132,138,153,160,162,164,184,217,229,257,263,264,270,286,338,334,347,366,368,369
307:13,17,27,57,95,99,106,116,117,126,153,155,171,188,201,209,212,213,239,248,263,264,275,279,288,304,347,336,338,344,399
308:2,5,9,26,30,50,75,90,104,114,120,124,144,145,161,178,181,222,232,246,249,263,266,273,303,380,340,353,364,396
309:13,40,95,103,114,117,129,131,158,165,168,209,256,261,282,283,288,290,364,327,338,350,362,379,382
310:15,16,21,34,45,51,70,99,119,133,146,159,164,186,187,196,205,214,217,241,274,275,279,294,321,312,316,344,370,371,380
311:1,11,21,25,39,63,66,80,83,122,138,144,181,213,214,218,225,240,245,277,281,290,293,294,295,371,312,319,332,336,341,381,393
312:22,54,61,63,77,83,95,100,114,118,120,137,140,164,173,193,203,215,220,232,238,261,268,280,298,300,301,304,310,311,376,333,342,344,345,359,363,369,382,384
313:2,19,36,43,57,63,67,72,77,98,113,137,181,201,205,214,228,263,272,275,343,334,353,375,380,386,388,390,394
314:1,32,56,57,68,82,84,86,94,96,97,120,121,135,136,159,160,178,180,183,184,188,193,212,225,239,254,256,265,282,290,354,324,349,355,397
315:1,11,15,22,40,78,104,105,109,139,142,171,182,189,197,213,242,255,282,283,298,325,333,350,365,373,390
316:4,14,48,57,60,64,69,73,77,101,104,110,111,124,125,134,188,191,220,225,230,233,244,245,249,254,281,310,398,318,341,362,381
317:10,40,75,81,113,114,120,127,130,138,175,177,191,229,232,241,287,298,337,326,344,368,370,397
318:6,18,26,29,40,41,59,79,84,88,114,164,172,176,177,207,210,231,270,298,316,359,354,368,370,394
319:59,86,92,98,102,113,115,125,142,147,151,161,166,176,186,191,200,223,229,231,285,290,311,371,329,369,382,386
320:41,53,73,79,92,99,103,120,121,137,139,165,173,174,212,224,240,249,255,262,272,274,284,290,297,302,396,328,332,365,369,378,386,395
321:24,33,50,59,77,86,117,143,164,184,226,244,252,253,254,262,264,294,295,310,332,367,370,377,399
322:13,19,60,68,94,96,98,100,103,116,120,135,140,153,159,160,167,181,190,202,203,215,231,232,278,282,293,302,369,334,344,357,366,379,398,399
323:5,49,60,65,81,112,119,121,125,134,145,166,172,175,176,182,191,201,218,237,239,242,270,295,349,328,329,355,359,371,384
324:12,30,68,77,125,127,142,199,214,249,260,269,273,274,302,314,327,325,354,358,375,380,383,384,391
325:3,50,63,78,92,116,122,142,208,210,211,214,215,220,225,228,262,277,281,286,299,315,324,382,350,354,359,361,383,386,394
326:0,12,35,40,49,59,63,84,99,103,121,131,146,149,160,166,186,202,207,246,258,259,279,282,287,317,362,335,347,371,377
327:11,20,25,29,47,80,106,114,184,187,190,193,200,215,216,228,243,257,269,271,272,274,276,288,309,324,390,329,345,346,358,382,384
328:16,35,40,50,76,156,165,176,177,203,220,238,251,260,274,295,299,302,320,323,368,336,341,354,355,362,371,386,394
329:35,52,100,114,141,144,152,163,172,181,185,188,212,222,242,243,250,259,305,319,323,327,382,339,367,369,379,383,384,390,394,396
330:70,81,86,102,141,205,206,263,276,282,291,365,336,338,346,354,362
331:2,4,5,12,22,26,65,72,81,105,108,111,117,126,132,133,165,171,183,185,195,203,214,218,222,250,260,265,285,304,332,337,354,356,363,366,398
332:0,9,20,23,42,58,61,65,68,82,91,104,106,113,117,125,139,145,147,149,154,160,164,173,179,188,193,215,217,226,250,254,265,297,301,304,311,320,321,331,389,363,364,366,378
333:21,25,27,33,36,46,61,109,114,128,145,176,184,192,208,212,233,240,266,270,285,288,299,312,315,351,334,345,349,363,372,385
334:7,20,32,102,121,159,160,173,197,198,200,202,213,214,215,232,275,291,296,306,313,322,333,351,340,354,378,379,393,398
335:9,14,17,31,75,87,114,129,151,163,222,229,242,249,261,267,284,297,326,366,381,396,399
336:45,59,95,121,123,128,133,139,143,144,154,156,175,182,213,217,233,260,262,266,271,281,287,290,292,304,307,311,328,330,369,339,359,373
337:8,34,46,50,58,82,122,131,138,143,184,211,220,231,256,264,267,268,275,282,290,304,317,331,340,352,356,362,387,396,398
338:13,20,21,26,53,64,66,70,71,117,144,147,157,178,228,239,243,254,255,278,293,294,297,304,306,307,309,330,360,357,358,366,369,380
339:2,44,65,88,102,108,158,198,220,228,243,265,272,273,277,284,301,329,336,383,344,395
340:36,48,50,92,95,103,135,169,176,177,200,202,214,219,236,291,308,334,337,398,342,376,385
341:17,38,42,65,73,77,115,118,142,158,159,187,190,202,205,220,236,247,255,270,276,297,311,316,328,390,342,361,375,382
342:0,3,15,28,32,38,53,55,73,93,111,115,123,137,146,156,167,206,209,231,241,244,263,274,305,312,340,341,390,368,391
343:3,5,15,54,121,129,132,136,151,187,190,225,236,243,262,276,292,293,297,313,380,344,347,358,394
344:11,23,45,47,71,83,84,90,106,111,125,137,162,199,200,212,217,219,223,250,261,283,292,296,307,310,312,317,322,339,343,386,349,350,377,378,382,394,395,396
345:30,33,37,47,58,60,96,99,105,112,115,131,162,178,185,202,209,218,222,258,261,264,281,290,305,312,327,333,391,369,389,395,396
346:7,11,25,47,54,87,91,123,172,198,218,222,223,228,243,254,259,291,302,327,330,356,348,366,368,370,396
347:9,31,46,48,49,56,61,62,105,109,122,125,129,136,153,154,163,178,188,189,199,201,216,224,237,241,244,254,257,258,269,284,294,300,306,307,326,343,382,366,371
348:14,20,43,45,49,51,56,64,76,80,92,94,101,110,124,163,171,178,180,185,191,193,202,216,234,244,245,258,262,281,286,346,356,381
349:1,56,65,92,109,128,137,145,151,155,165,184,186,204,230,253,256,276,288,292,300,314,323,333,344,353,358,371,381,384
350:17,28,39,41,48,50,59,83,104,130,133,153,158,167,183,184,194,223,232,248,257,260,309,315,325,344,372,360,375,380,381,399
351:13,29,45,49,62,63,72,78,138,141,150,179,183,193,194,195,198,203,222,247,253,263,281,333,334,367,371,381,394
352:7,27,43,48,63,65,68,87,94,148,159,161,165,167,173,181,195,196,204,226,228,234,246,249,337,377,380,397,398
353:23,24,30,41,46,48,71,80,83,113,128,162,167,174,224,231,236,239,273,288,290,292,308,313,349,389,383
354:9,47,49,88,100,156,163,183,193,194,239,255,285,288,292,294,302,305,314,318,324,325,328,330,331,334,381,355,369,388,393
355:21,22,56,91,96,107,124,125,131,143,148,152,169,177,180,209,223,243,253,255,266,270,314,323,328,354,376,393,398
356:1,3,16,28,32,34,38,47,63,107,115,131,145,152,158,202,214,221,232,265,277,279,305,331,337,346,348,383,380,395
357:18,27,45,61,75,78,101,105,124,167,195,213,220,263,279,299,322,338,399,358,382,386
358:17,24,34,61,89,124,140,142,154,168,178,185,200,226,243,249,259,296,299,324,327,338,343,349,357,382,384,391
359:15,19,23,41,42,65,94,105,115,135,137,142,147,151,153,216,275,276,312,318,323,325,336,376,362,396
360:3,29,85,89,116,123,151,161,169,184,208,220,247,249,277,286,288,291,294,302,338,350,391
361:6,41,71,84,93,96,107,109,169,182,185,218,222,229,245,262,265,280,325,341,366,374,376,382
362:0,3,28,31,35,43,45,49,54,56,76,118,129,151,153,186,189,205,219,225,237,292,294,309,316,326,328,330,337,359,370,382,386,399
363:25,63,69,73,90,117,144,145,151,154,166,206,217,224,235,258,267,276,290,312,331,332,333,396,382,388,399
364:9,10,23,57,86,95,106,119,125,129,134,151,152,175,208,216,218,257,273,277,279,286,287,305,308,309,332,368,385
365:13,31,47,54,71,74,91,92,95,98,100,120,121,158,166,181,194,201,202,209,216,243,246,247,250,276,287,296,315,320,330,383,373,378,382,387
366:16,32,34,50,78,79,95,105,110,130,134,144,149,166,172,176,187,212,235,240,257,265,283,306,322,331,332,335,338,346,347,361,395,372,378,386,397
367:18,51,56,73,89,105,118,131,132,133,136,149,152,158,159,163,213,221,241,244,254,270,281,301,321,329,351,382,397
368:6,7,13,17,47,85,86,88,116,120,145,179,201,210,272,282,283,292,300,305,306,317,318,328,342,346,364,374,378,381
369:0,5,7,33,38,51,53,54,61,67,68,100,114,135,137,152,169,170,183,203,209,228,236,237,259,268,274,297,298,306,312,319,320,322,329,336,338,345,354,396,374,375,379,389
370:29,33,41,45,52,62,83,88,102,117,147,152,174,179,192,200,212,222,238,246,262,310,317,318,321,346,362,382,383
371:8,22,30,38,62,87,112,118,126,135,156,215,220,247,299,305,310,311,319,323,326,328,347,349,351,395,380
372:10,11,21,22,33,39,50,52,63,102,125,199,239,246,269,280,333,350,366,392,379,399
373:0,3,25,30,59,61,77,94,166,186,213,215,229,263,274,276,278,287,289,304,315,336,365,389,382,398
374:11,18,25,31,61,73,80,96,103,104,119,129,146,155,185,186,195,200,214,217,246,258,264,273,305,361,368,369,380,383,397,398
375:8,27,46,71,74,92,105,108,112,133,138,149,174,188,193,208,212,230,269,270,277,280,282,283,287,296,313,324,341,350,369,391,380,386
376:0,32,35,44,66,83,102,104,106,127,197,198,203,204,223,226,234,259,265,266,273,284,291,312,340,355,359,361,384,386,391,393,395,399
377:15,20,38,43,66,125,133,139,142,163,185,201,209,242,272,273,285,286,292,321,326,344,352,395
378:18,22,24,28,29,30,37,57,65,85,99,118,125,126,130,133,137,139,140,141,147,164,170,171,173,191,212,216,223,230,248,264,274,277,320,332,334,344,365,366,368,396,394
379:40,68,79,127,141,183,186,212,242,249,252,279,289,299,300,309,322,329,334,369,372,393,380,383
380:16,18,22,27,56,68,80,94,106,113,148,163,180,219,225,237,244,245,247,251,256,270,286,308,310,313,324,338,343,350,352,356,371,374,375,379,386,385,392
381:11,12,14,25,81,85,98,131,158,212,220,226,246,255,264,275,285,289,292,311,316,335,348,349,350,351,354,368,386,396
382:6,17,27,29,39,105,127,151,176,207,212,213,216,269,276,309,312,319,325,327,329,341,344,347,357,358,361,362,363,365,367,370,373,392,390,394
383:15,21,49,66,69,74,79,112,117,122,127,141,194,198,203,211,239,271,274,303,324,325,329,339,353,356,365,370,374,379,393
384:41,67,70,96,105,113,214,216,261,285,290,312,323,324,327,329,349,358,376,397
385:2,9,12,16,35,45,53,56,66,88,95,109,138,148,171,183,195,218,243,257,275,282,284,294,298,333,340,364,380,394,389
386:2,12,25,42,43,61,75,96,167,170,183,184,202,203,222,226,245,265,270,291,313,319,320,325,328,344,357,362,366,375,376,380,381,396,388
387:12,15,22,32,36,57,65,72,94,100,112,125,145,156,180,183,197,205,230,231,252,255,263,269,283,293,337,365,391,388,390
388:4,17,23,27,37,54,56,80,82,83,99,120,124,135,186,216,221,228,240,277,278,300,313,354,363,386,387,389
389:37,55,82,83,84,94,99,117,158,167,174,175,184,187,203,206,211,215,249,252,265,286,299,332,345,353,369,373,385,388,396
390:0,3,11,12,30,44,47,55,59,76,78,99,131,133,134,136,158,167,169,187,202,203,231,232,238,270,313,315,327,329,341,342,382,387,391
391:0,1,6,12,38,64,90,103,116,124,136,141,155,188,190,194,198,199,213,230,236,240,246,274,284,287,297,298,324,342,345,358,360,375,376,387,390,398,395
392:19,20,34,36,48,68,72,106,122,141,146,156,167,190,192,193,209,211,212,241,243,252,254,287,372,380,382,395
393:27,29,34,35,38,67,73,84,86,124,139,147,158,160,177,191,199,209,211,227,235,244,278,286,292,311,334,354,355,376,379,383,398,399
394:42,55,84,98,114,119,133,134,179,207,214,221,226,229,253,273,275,298,313,318,325,328,329,343,344,351,378,382,385,397
395:5,7,44,48,64,68,71,101,119,134,135,154,160,166,234,235,238,239,244,245,264,270,286,288,320,339,344,345,356,366,371,376,377,391,392,397,398
396:26,48,71,74,89,101,110,132,145,161,169,174,198,199,206,215,223,244,287,295,308,320,329,335,337,344,345,346,359,363,369,378,381,386,389,398
397:1,42,49,58,72,74,83,127,153,156,161,164,200,236,248,251,265,293,314,317,352,366,367,374,384,394,395,398
398:9,25,29,37,43,66,94,96,102,113,115,118,131,165,179,191,195,205,207,228,239,247,257,258,268,270,288,298,299,316,322,331,334,337,340,352,355,373,374,391,393,395,396,397,399
399:21,39,55,61,72,85,89,121,123,125,128,135,138,162,164,178,194,196,208,212,221,244,248,257,258,276,301,307,321,322,335,350,357,362,363,372,376,393,398
