0:339,15,27,31,39,67,99,100,107,116,148,153,188,193,209,225,232,234,235,237,239,240,302,332,374,406,425
1:16,39,42,54,68,83,101,116,125,161,166,170,188,197,203,214,225,227,250,292,295,317,339,363,383,400,429,430
2:84,16,83,96,98,108,157,180,186,249,263,269,284,285,326,379,382,441,442,443
3:388,6,7,9,46,67,78,105,116,163,168,172,194,198,203,238,308,311,330,339,340,364,433,434,443
4:175,17,21,25,28,31,39,42,54,58,64,96,120,128,139,140,164,173,174,195,199,204,208,237,287,314,318,335,368,382,395,396,405,422
5:299,50,55,82,87,88,106,111,124,151,157,185,187,192,201,205,230,240,265,272,304,307,318,320,346,391,443
6:3,327,7,8,11,34,106,119,121,147,196,200,202,208,242,314,319,320,357,375,377,389,390,392,393,402,440,441
7:3,6,371,50,107,112,154,160,173,211,228,229,242,283,294,323,337,344,350,383,389,391,412,416,427
8:6,446,25,117,128,130,141,143,144,151,175,190,209,213,225,238,247,268,289,324,415,417,424,429,438
9:3,171,65,66,72,168,186,187,221,230,259,260,273,290,295,319,367,380,382,394,413,429,446
10:132,14,25,36,78,80,85,98,100,114,130,150,152,166,193,198,205,228,237,242,265,320,355,357,382,383,419,424,434
11:6,355,25,34,57,114,116,164,165,174,182,217,221,241,247,275,290,305,310,342,344,347,373,430
12:286,48,62,106,120,135,141,177,178,205,206,210,230,298,308,340,350,373,378,386,401,409,420,423,424,449
13:101,19,39,49,72,75,77,99,102,107,124,198,205,213,232,233,250,259,272,283,297,298,303,307,324,339,353,360
14:10,311,55,56,82,93,128,148,151,217,222,224,258,290,318,339,358,371,379,384,387,389,390,428,443
15:0,394,41,61,64,106,123,136,188,193,208,210,217,227,243,260,265,277,297,304,316,320,363,365,398,412,413,414,430,432
16:1,2,365,23,34,42,48,62,68,96,97,120,137,160,165,168,201,234,244,273,276,312,324,340,355,360,404,409
17:4,416,23,26,39,50,55,61,106,111,117,121,126,132,165,190,225,238,263,270,273,274,278,319,326,352,356,393,400,417
18:46,19,29,39,42,45,85,92,102,119,125,132,153,155,166,179,276,297,302,315,338,362,364,376,390,440
19:13,18,397,32,50,64,86,98,109,121,170,176,206,214,216,223,236,273,280,296,306,351,369,381,409,410,412,430,434,437,442
20:99,23,104,129,147,156,187,213,219,234,257,263,264,271,280,338,351,358,391,410,415,441
21:4,445,43,88,98,100,112,137,143,204,228,238,245,266,281,283,322,332,346,353,377,408,417
22:261,35,41,51,81,101,109,114,127,151,163,165,171,197,217,248,250,271,282,285,325,431
23:16,17,20,270,54,71,79,103,129,181,187,276,298,303,332,364,383
24:119,32,48,55,67,90,97,107,114,123,127,156,162,168,185,207,211,224,227,286,300,306,308,322,335,345,372,379,398,438
25:4,8,10,11,253,54,66,99,122,131,145,148,173,192,197,216,221,272,296,302,313,319,344,347,350,373,381,383,431
26:17,213,34,38,62,75,96,98,116,140,144,157,159,173,211,217,249,306,309,318,327,331,341,363,383,411,446
27:0,206,64,82,143,146,167,202,243,257,271,274,294,309,317,353,363,383,415,430,439,445
28:4,84,37,90,177,183,191,195,251,272,286,292,295,296,301,318,346,400,445
29:18,218,48,80,103,133,153,162,166,168,189,207,233,242,244,312,343,377,417,437
30:155,46,120,130,149,194,203,225,227,237,282,335,347,349,365,370,381,387,424
31:0,4,176,48,55,61,81,152,199,206,208,216,220,229,244,317,336,360,372,395,403,404,414
32:19,24,183,44,45,58,120,131,155,168,181,191,192,205,228,240,270,278,306,322,359,360,366,389,398,415,427,428,443
33:311,66,80,106,109,116,117,147,148,149,156,189,200,208,223,224,227,228,244,251,278,290,304,312,334,343,360,371,376,381,389,408,439,442
34:6,11,16,26,146,79,80,86,90,95,96,118,139,162,187,205,231,261,297,315,322,331,342,360,380,383,390,395,417,430,434,437,443,448
35:22,178,67,120,121,123,130,139,148,194,196,226,254,255,265,282,300,324,363,398,433
36:10,234,73,80,131,136,145,160,186,238,256,263,267,286,292,307,310,362,375,387,393,410,413
37:28,280,42,44,63,64,68,157,161,172,189,198,202,203,206,207,208,221,230,247,266,283,335,375,378,380,388,392,396,399,417,424,425,431,439,449
38:26,211,39,61,69,126,127,135,142,143,148,154,160,176,179,203,230,243,255,267,282,300,317,340,343,369,380,408,410,418,422
39:0,1,4,13,17,18,38,214,53,54,55,61,64,66,71,85,96,129,134,135,160,169,189,191,224,229,250,267,295,337,347,362,379,386,387,390,392,409,433
40:81,42,66,76,89,90,96,100,112,114,118,126,144,155,179,206,207,232,254,272,277,289,294,297,352,363,382,394,412,433,441,442
41:15,22,421,80,87,106,110,111,141,145,235,236,245,281,300,304,310,348,372,375,388,413,434,443,449
42:1,4,16,18,37,40,367,65,92,112,117,124,127,133,154,166,182,183,192,211,217,238,241,242,243,288,295,333,373,395,404,406,414,433,441
43:21,122,51,62,68,75,99,115,116,124,125,129,137,151,220,226,239,246,254,255,274,284,300,337,341,370,392,416,425,434,442,446
44:32,37,431,55,68,69,72,85,122,137,179,180,184,188,192,202,207,265,272,285,310,367,376,420,424,425,430,437,441,449
45:18,32,237,54,67,80,83,92,98,119,121,124,131,212,215,249,256,258,261,267,289,333,338,401,433,448
46:3,18,30,207,48,58,69,86,120,147,159,170,173,190,208,231,237,255,294,299,309,333,360,364,382,388,391,429,432,441
47:145,54,78,84,94,134,144,181,185,215,218,221,230,244,253,255,312,348,350,353,368,381,384,402,442
48:12,16,24,29,31,46,414,54,131,134,162,164,185,198,199,237,242,256,261,269,294,347,358,393,416,435,443,444
49:13,178,64,68,83,95,107,132,168,177,232,247,248,294,309,320,364,383,398,406,437,439
50:5,7,17,19,171,57,75,84,85,107,127,135,162,223,282,293,318,350,355,356,364,390,438
51:22,43,299,146,163,173,181,203,221,251,259,283,304,332,339,346,381,419,422,425,435,443
52:425,54,61,65,69,100,101,127,137,142,143,144,150,166,210,228,288,298,307,313,317,323,359,379,403,423
53:39,387,67,68,84,85,103,117,139,160,167,247,318,400,430,445
54:1,4,23,25,39,45,47,48,52,250,71,91,152,164,175,188,195,222,268,303,311,338,342,343,360,379,390,403,409,412,417,425
55:5,14,17,24,31,39,44,198,80,89,109,112,113,132,136,138,143,161,177,178,184,279,309,329,356,392,394,416,439,449
56:14,74,103,130,147,156,166,191,196,216,222,227,251,278,281,287,291,321,336,340,372,374,388,389,424
57:11,50,383,103,133,139,142,149,157,163,167,192,195,216,263,270,273,275,287,301,303,348,353,358,360,370,376,390,393,425
58:4,32,46,423,64,93,106,123,155,165,173,195,209,213,247,267,273,283,291,322,344,365,367,386,395,414
59:382,61,73,76,88,101,125,137,142,147,179,186,234,240,247,249,255,330,341,365,391,446
60:218,98,132,134,167,183,184,188,190,230,264,324,338,339,357,375,418,422,425,435,448
61:15,17,31,38,39,52,59,85,62,77,93,101,106,113,125,135,141,152,153,159,202,206,219,260,276,291,311,327,335,337,345,346,347,371,375,377,399,401,422,427
62:12,16,26,43,61,344,81,87,88,95,116,157,171,197,217,233,240,243,253,265,302,314,329,345,355,374,379,388,392,431
63:37,66,65,151,152,159,174,175,193,269,275,284,286,291,302,323,338,343,382,383,399,406,435
64:4,15,19,27,37,39,49,58,192,84,110,124,138,235,262,295,303,304,321,402,436
65:9,42,52,63,323,76,82,86,93,100,111,115,130,139,151,153,155,157,160,177,178,220,227,228,244,248,262,277,294,331,348,378,383,423,425
66:9,25,33,39,40,63,449,82,87,88,93,128,131,154,187,189,203,208,238,263,287,292,300,303,305,309,329,358,367,392,415,436
67:0,3,24,35,45,53,240,82,99,116,173,207,209,249,264,267,275,290,317,335,354,368,388,390,448
68:1,16,37,43,44,49,53,214,105,111,178,180,182,209,213,221,224,225,245,330,339,349,364,372,378,388,412,413,419,421,431,432,447
69:38,44,46,52,104,83,86,115,162,191,207,211,212,213,216,230,231,239,261,312,327,330,356
70:188,86,144,173,182,187,206,216,220,224,229,273,282,313,331,349,387,405,411,415,431
71:23,39,54,423,79,80,127,142,174,181,202,212,234,255,258,260,282,312,313,328,334,342,359,392,410,418,422,428,445,448
72:9,13,44,374,76,77,86,88,92,127,133,149,159,163,170,171,187,197,235,248,276,302,310,342,353,402,405,411,414,416,418,432,445
73:36,59,418,81,88,98,179,194,204,289,318,357,376,379,383,389,392,410
74:56,316,77,83,84,85,110,141,147,150,153,187,201,202,222,261,274,299,329,332,338,339,343,393,438
75:13,26,43,50,420,100,144,150,154,170,187,192,236,241,268,271,295,301,311,337,382,389,409,422,439,447
76:40,59,65,72,103,111,144,148,153,158,165,166,181,184,186,192,226,252,254,273,276,304,309,352,353,424,431,439,440
77:13,61,72,74,189,86,110,127,139,147,176,178,206,207,212,253,266,270,293,294,300,302,312,316,323,334,349,352,375,388,404,415,447
78:3,10,47,292,95,96,107,143,164,196,208,214,239,246,271,285,326,333,334,349,392,407,448
79:23,34,71,391,124,146,154,187,190,191,202,263,291,294,316,317,323,333,346,358,377,379,387,397,400,405,444
80:10,29,33,34,36,41,45,55,71,178,86,113,118,132,163,169,187,231,248,276,295,305,306,324,366,409,422,431,439
81:22,31,40,62,73,391,115,126,130,164,181,227,230,234,240,247,250,254,259,265,382,390,393,412,414,425,428,441
82:5,14,27,65,66,67,382,88,102,113,156,167,168,204,225,227,232,242,264,290,310,319,345,372,373,393,415,424,441
83:1,2,45,49,69,74,127,95,110,119,123,124,129,172,184,228,229,251,260,277,280,282,311,335,355,360,368,402,409,410,423,442
84:2,28,47,50,53,64,74,136,107,131,146,157,167,173,177,199,206,218,251,253,263,292,295,306,316,318,325,328,331,333,364,369,373,389,436,437
85:10,18,39,44,50,53,61,74,133,100,149,172,176,208,225,250,258,262,265,268,285,294,303,311,320,329,335,354,356,375,381,393,440
86:19,34,46,65,69,70,72,77,80,159,98,114,115,121,122,136,156,158,177,179,196,201,207,208,210,272,289,308,331,340,350,364,365,386,390,397
87:5,41,62,66,196,98,125,128,168,176,206,229,240,277,327,337,354,356,402,415,423,435,447
88:5,21,59,62,66,72,73,82,320,106,125,127,128,134,139,156,182,196,215,226,234,251,269,275,281,282,300,316,319,332,338,373,390,410,411,426,427,428,434,438,442
89:40,55,448,104,108,122,127,136,139,165,167,268,270,273,275,304,317,327,356,362,380,394,407,424,426,427,447
90:24,28,34,40,227,103,110,136,149,150,161,205,208,216,221,241,254,290,306,314,356,359,387,394,448
91:54,157,95,103,105,109,117,122,129,145,188,197,217,224,250,256,261,262,292,316,385,397,419,423,430,435
92:18,42,45,72,269,105,145,162,172,203,204,211,244,262,264,283,296,322,325,330,335,366,368,372,391,427,437,449
93:14,58,61,65,66,134,111,137,149,161,173,188,217,236,255,258,259,268,277,287,335,343,356,363,366,367,432,436,438
94:47,396,95,109,114,123,138,171,197,213,247,258,268,269,295,322,375,389,394,397,405,410,412,433,442
95:34,49,62,78,83,91,94,160,97,98,100,111,120,140,170,182,196,211,263,267,280,309,368,385,389,396,408,434,446
96:2,4,16,26,34,39,40,78,240,113,116,120,132,150,155,177,205,210,212,244,298,304,308,320,387,395,404,410
97:16,24,95,133,98,106,110,138,206,210,211,224,241,304,315,337,352,363,368,369,406
98:2,10,19,21,26,45,60,73,86,87,95,97,266,104,108,115,124,157,162,167,211,230,259,260,273,290,306,350,367,394,406,408,420,437,444
99:0,13,20,25,43,67,103,110,114,139,156,198,240,289,298,315,317,322,324,348,364,442
100:0,10,21,40,52,65,75,85,95,309,130,148,152,184,215,217,218,237,238,243,249,259,261,317,336,371,399,416,417,427,434
101:1,13,22,52,59,61,206,109,122,136,138,156,170,179,182,207,211,238,248,250,252,276,277,278,290,326,329,331,353,386,396,401,404,433,437
102:13,18,82,237,108,126,129,144,145,148,165,170,204,215,234,235,248,249,256,264,296,321,328,351,356,362,373,401,408,411,418,423,445
103:23,29,53,56,57,76,90,91,99,375,106,134,142,153,158,164,174,192,193,202,212,229,232,243,260,268,306,321,340,355,390,428,442
104:20,69,89,98,215,164,175,195,206,238,248,250,252,323,355,372,378,386,397,429,448
105:3,68,91,92,106,108,130,158,164,172,175,222,248,253,268,278,281,292,295,299,323,328,332,362,373,378,406,421,423
106:5,6,12,15,17,33,41,58,61,88,97,103,105,325,107,108,110,119,120,131,140,144,147,176,192,205,209,223,245,254,271,275,278,307,330,334,415,421,423,436
107:0,7,13,24,49,50,78,84,106,109,108,124,131,164,213,265,266,295,328,329,375,380,390,395,410
108:2,89,98,102,105,106,107,276,110,125,147,172,191,203,205,207,237,275,286,288,308,310,312,325,357,387,434,435,436,437
109:19,22,33,55,91,94,101,107,399,135,145,155,219,233,239,241,263,271,281,315,320,324,330,337,359
110:41,64,74,77,83,90,97,99,106,108,267,140,176,178,179,194,225,226,247,259,260,294,301,316,332,367,402,410,420,421,425,440
111:5,17,41,65,68,76,93,95,165,149,155,161,173,178,181,190,240,249,268,269,272,273,274,277,294,301,302,307,309,311,331,338,360,390,400,403,406,420,434,436,445,449
112:7,21,40,42,55,162,125,154,159,165,167,189,238,250,253,264,289,293,306,314,318,321,342,355,366,381,384,402,425,427,441,447
113:55,61,80,82,96,212,154,156,163,173,181,200,208,216,225,238,244,267,271,272,281,284,382,390,396,404,418,440,444
114:10,11,22,24,40,86,94,99,210,121,143,150,154,198,202,208,239,249,283,291,293,329,374,377,413,420,427,431
115:43,65,69,81,86,98,197,125,142,170,181,204,206,217,220,226,228,244,258,260,289,312,314,337,338,368,379,385,390,401,418,439
116:0,1,3,11,26,33,43,62,67,96,332,144,157,238,245,271,310,329,341,427,428,435,440
117:8,17,33,42,53,91,390,118,128,179,194,203,231,257,261,281,324,329,349,376,396,404,415
118:34,40,80,117,291,189,200,201,206,215,221,229,255,273,283,299,307,319,332,345,360,388,389,390,408,415,416,447,448
119:6,18,24,45,83,106,212,123,175,186,188,218,225,239,276,283,292,342,346,364,370,376,398,437
120:4,12,16,30,32,35,46,95,96,106,338,131,140,149,157,164,166,172,209,217,234,239,252,264,290,293,302,317,331,336,350,372,389,396,405,423
121:6,17,19,35,45,86,114,216,139,170,180,237,266,309,335,370,380,383,404,408,411,418,445
122:25,43,44,86,89,91,101,164,134,189,219,226,246,252,265,275,279,285,310,313,358,371,372,397,408,411,431,437,442
123:15,24,35,58,83,94,119,150,161,201,226,239,297,324,332,341,342,347,369,391,425,441,443
124:5,13,42,43,45,64,79,83,98,107,351,158,194,208,212,239,313,329,355,377,395,406,434,439,442
125:1,18,43,59,61,87,88,108,112,115,287,140,170,195,215,260,284,285,292,294,330,335,339,345,366,401,402,413,421,432
126:17,38,40,81,102,225,128,134,178,208,224,275,283,316,319,335,349,363,378,380,385,391,409,419
127:22,24,38,42,50,52,71,72,77,83,88,89,164,152,161,177,211,280,294,301,331,336,361,402,432
128:4,8,14,66,87,88,117,126,187,136,154,155,157,174,180,183,191,208,220,258,260,269,287,291,298,321,353,376,377,384,403,405,416,417
129:20,23,39,43,83,91,102,414,152,153,167,198,205,219,240,248,259,260,264,270,337,342,367,404,423,443
130:8,10,30,35,56,65,81,100,105,228,141,149,154,166,175,181,193,196,210,211,229,236,247,268,279,284,336,375,378,387,389,399,403,413,428,433
131:25,32,36,45,48,66,84,106,107,120,144,138,151,189,192,213,240,255,285,286,297,299,302,319,328,329,371,375,378,412,436
132:10,17,18,49,55,60,80,96,274,150,158,179,199,219,222,223,236,239,247,259,280,286,339,340,352,374,385,387,389,403,412,427
133:29,42,57,72,85,97,372,144,173,196,227,232,234,246,287,291,294,318,327,343,349,357,366,368,393,400,401,440,441
134:39,47,48,60,88,93,103,122,126,372,149,163,170,187,191,224,235,239,242,260,299,326,335,336,346,355,360,373,389,394
135:12,38,39,50,61,109,324,136,189,191,229,235,253,276,292,335,362,367,387,400,415,423,445,446
136:15,36,55,84,86,89,90,101,128,135,158,155,163,243,252,274,276,282,291,297,314,330,331,334,355,370,371,373
137:16,21,43,44,52,59,93,358,181,198,203,207,217,225,291,293,299,302,321,333,341,348,368,420,425,440,441,449
138:55,64,94,97,101,131,240,146,160,174,176,182,196,207,223,254,299,312,331,333,372,395,411,414,430,445
139:4,34,35,53,57,65,77,88,89,99,121,185,145,194,213,246,250,270,280,286,302,313,325,329,351,366,367,377,378,402,406,411
140:4,26,95,106,110,120,125,154,142,182,184,190,215,220,224,239,241,257,283,312,329,354,363,366,370,377,381,390,408,413,423,435,446
141:8,12,41,61,74,130,257,150,154,258,264,339,360,363,398,413,423,426
142:38,52,57,59,71,103,115,140,255,157,158,164,183,193,202,208,214,223,239,273,277,286,299,302,307,336,372,401,412,419,426
143:8,21,27,38,52,55,78,114,281,174,224,226,241,243,292,311,315,339,378,387,397,409,425,449
144:8,26,40,47,52,70,75,76,102,106,116,131,133,228,145,167,174,194,213,222,246,247,250,265,281,292,294,303,312,317,325,330,332,343,373,383,385,421
145:25,36,41,47,91,92,102,109,139,144,319,180,189,200,213,226,239,241,256,288,291,295,301,312,326,351,353,363,391,432
146:27,34,51,79,84,138,425,149,152,159,200,206,222,228,235,253,254,256,258,266,278,309,319,324,326,327,333,351,396,402,412
147:6,20,33,46,56,59,74,77,106,108,297,151,188,194,209,217,237,247,280,301,314,322,354,367,384,404,409,419,444
148:0,14,25,33,35,38,76,100,102,263,150,151,152,156,207,216,236,245,303,306,327,345,351,369,410,446
149:30,33,57,72,85,90,93,111,120,130,134,146,449,162,183,197,212,213,216,224,226,246,248,250,253,254,293,306,311,313,364,391,406,440,444
150:10,52,74,75,90,96,114,123,132,141,148,172,158,169,186,232,270,276,298,327,355,374,398,399,431,441,445
151:5,8,14,22,43,63,65,131,147,148,347,170,203,224,234,236,249,274,320,342,352,386,423,443
152:10,31,54,61,63,100,127,129,146,148,200,168,173,209,210,214,231,240,255,310,320,447
153:0,18,29,61,65,74,76,103,129,388,159,177,213,227,251,260,284,290,303,316,320,335,340,349,351,355,410,420,421,440
154:7,38,42,66,75,79,112,113,114,128,130,140,141,212,164,167,171,194,214,216,223,274,279,288,313,323,325,331,337,361,378,385,387,415
155:18,30,32,40,58,65,96,109,111,128,136,266,199,220,221,227,228,236,249,285,327,329,351,363,364,405,413,424,425
156:20,24,33,56,82,86,88,99,101,113,148,277,175,217,246,249,271,295,299,352,366,368,373,401,428,432,438,444
157:2,5,26,37,57,62,65,84,91,98,116,120,128,142,408,164,171,172,175,183,186,212,226,227,228,271,289,307,329,341,342,347,419,429
158:76,86,103,105,124,132,136,142,150,290,173,182,199,206,227,230,242,262,280,302,311,323,330,342,348,355,356,370,372,380,396,401,404,426
159:26,46,61,63,72,86,112,146,153,200,181,208,218,225,227,266,270,281,287,311,331,361,367,374,376,384,412
160:7,16,36,38,39,53,65,95,138,230,189,192,204,225,233,249,255,263,270,305,312,366,373,398,405,408,416,418,430,437,447
161:1,37,55,90,93,111,123,127,233,170,174,197,203,229,250,271,274,282,285,318,321,325,342,373,396,405,418,419
162:24,29,34,48,50,69,92,98,112,149,202,170,178,180,181,184,189,194,205,226,243,251,265,269,282,292,312,354,365,380,395,406
163:3,22,51,57,72,80,113,134,136,376,169,171,184,196,217,248,250,313,334,405,416,424,436
164:4,11,48,54,78,81,103,104,105,107,120,122,127,142,154,157,283,192,200,203,219,261,272,309,314,315,323,326,331,338,361,364,365,374,389,393,395
165:11,16,17,22,58,76,89,102,111,112,228,192,253,258,262,293,300,311,322,329,341,355,380,407,445
166:1,10,18,29,42,52,56,76,120,130,341,195,199,200,202,206,222,226,237,266,273,278,279,311,322,371,372,389,419,426,427
167:27,53,57,60,82,84,89,98,112,129,144,154,304,171,176,184,209,212,232,252,256,265,278,279,290,299,305,326,334,352,368,421,433
168:3,9,16,24,29,32,49,82,87,152,419,187,195,201,213,216,221,277,292,294,326,336,345,350,362,364,382,401,402,425,433,438,440
169:39,80,150,163,252,178,181,183,185,199,201,240,273,300,307,310,324,326,349,354,357,359,433
170:1,19,46,72,75,95,101,102,115,121,125,134,151,161,162,266,174,178,186,189,199,204,206,207,208,229,248,270,354,360,379,388,393,407,420,430
171:9,22,50,62,72,94,154,157,163,167,211,193,194,233,237,239,240,251,267,272,295,326,357,371,372,376,379,401,402,415,422,433
172:3,37,83,85,92,105,108,120,150,157,397,180,192,202,203,211,215,226,249,291,301,340,346,355,358,376,399,438,447
173:4,7,25,26,46,51,58,67,70,84,93,111,113,133,152,158,183,237,251,258,289,296,309,327,336,338,340,347,357,360,370,422,432
174:4,11,63,71,103,128,138,143,144,161,170,221,179,190,204,294,314,318,324,348,365,378,398,431,444
175:4,8,54,63,104,105,119,130,156,157,423,178,181,191,220,221,264,279,302,308,332,337,374,386,399,415,443
176:19,31,38,77,85,87,106,110,138,167,344,206,217,222,225,233,249,287,292,306,311,343,351,352,379,404,408,409,415,429,435,439
177:12,28,49,55,65,84,86,96,127,153,219,187,194,196,199,211,225,229,302,325,329,330,332,336,338,419,445
178:12,35,49,55,65,68,77,80,110,111,126,162,169,170,175,380,196,197,209,213,233,239,250,261,263,265,294,301,312,331,343,352,377,418,428,433,436,440,443
179:18,38,40,44,59,73,86,101,110,117,132,174,208,210,211,246,251,295,299,302,334,394,398,399,423,426,430
180:2,44,68,121,128,145,162,172,186,195,220,263,266,271,273,291,325,330,389,391,406,413,416,424,427,436
181:23,32,47,51,71,76,81,111,113,115,130,137,159,162,169,175,413,183,186,199,223,276,283,313,323,326,331,353,358,379,386,398,400,424,447,448
182:11,42,68,70,88,95,101,138,140,158,431,238,240,249,256,275,288,296,355,363,413,429,440
183:28,32,42,60,128,142,149,157,169,173,181,357,200,220,242,254,263,272,288,304,310,318,325,331,371,375,433,440,448
184:44,55,60,76,83,100,140,162,163,167,426,196,197,244,270,278,280,287,297,303,312,315,324,333,365,375,386,414,431,448
185:5,24,47,48,139,169,273,206,310,323,329,333,356,373,398,408,417
186:2,9,36,59,76,119,150,157,170,180,181,195,219,252,290,297,321,323,325,339,351,387,392,429,443
187:5,9,20,23,34,66,70,72,74,75,79,80,128,134,168,177,358,195,203,217,223,224,236,248,259,281,309,312,371,400,420,436
188:0,1,15,44,54,60,70,91,93,119,147,239,198,206,214,252,257,270,288,299,301,314,374,399,415,435
189:29,33,37,39,66,77,112,118,122,131,135,145,160,162,170,347,190,269,299,303,312,315,321,340,345,355,386,391,404,412,421
190:8,17,46,60,79,111,140,174,189,260,231,287,306,309,317,330,350,374,414,427,429,432
191:28,32,39,56,69,79,108,128,134,135,175,281,203,225,230,233,311,330,353,388,395,430
192:5,25,32,42,44,57,64,75,76,103,106,131,160,164,165,172,258,202,205,234,235,259,267,276,310,340,363,366,396,407,409,412,423,431
193:0,10,15,63,103,130,142,171,223,195,202,209,213,235,241,245,248,261,266,273,279,329,370,376,386,396,405,408,422,440,441,443
194:3,30,35,73,110,117,124,139,144,147,154,162,171,177,354,196,214,217,242,246,255,284,302,329,368,381,420
195:4,28,54,57,58,104,125,166,168,180,186,187,193,253,208,225,234,244,246,295,309,318,327,355,378,394,420,437,438
196:6,35,56,78,86,87,88,95,130,133,138,163,177,178,184,194,245,218,229,250,267,282,324,327,350,386,430
197:1,22,25,62,72,91,94,115,149,161,178,184,276,253,271,307,326,371,376,398,402,404,407,428
198:3,10,13,37,48,55,99,114,129,137,188,426,207,214,217,229,261,280,308,345,387,400,409,417,444
199:4,31,48,84,132,155,158,166,169,170,177,181,289,230,246,248,256,257,262,271,272,288,295,305,325,335,358,362,396,404,423,446
200:6,33,113,118,145,146,152,159,164,166,183,286,202,228,242,249,251,258,263,314,316,323,329,338,357,408,415,416,424
201:5,16,74,86,118,123,168,169,284,213,222,250,269,280,283,310,317,331,344,424
202:6,27,37,44,61,71,74,79,103,114,142,162,166,172,192,193,200,289,210,239,251,268,296,303,311,313,316,334,356,357,376,389,394,406,413,422,432,436,442
203:1,3,30,37,38,51,66,92,108,117,137,151,161,164,172,187,191,376,209,213,215,235,240,248,250,265,269,340,343,367,375,377,397,404,431
204:4,21,73,82,92,102,115,160,170,174,328,206,231,232,251,292,300,307,310,314,348,350,364,366,376,402,409,423,442,448
205:5,10,12,13,32,34,90,96,106,108,129,162,192,219,206,211,217,228,239,240,246,270,290,307,311,337,341,352,396,398,402,423,444
206:12,19,27,31,37,40,61,70,77,84,87,97,101,104,115,118,146,158,166,170,176,185,188,204,205,440,244,246,282,303,305,312,333,374,424,434,448
207:24,29,37,40,44,46,67,69,77,86,101,108,137,138,148,170,198,321,216,259,291,325,378,380,386,403,416,423,437,439,441,446
208:4,6,15,31,33,37,46,66,78,85,86,90,113,114,124,126,128,142,159,170,179,195,370,253,263,268,269,275,293,305,337,392,399,414,419,421,433,436,440
209:0,8,58,67,68,106,120,147,152,167,178,193,203,295,223,233,236,267,274,280,281,316,324,340,367,397,406,409
210:12,15,52,86,96,97,114,130,152,179,202,213,242,246,274,280,305,307,326,336,357,361,375,383,399,402,408,421,428,429,432,437,442
211:7,24,26,38,42,69,92,95,97,98,101,127,130,171,172,177,179,205,400,218,308,311,337,366,442,444
212:45,69,71,77,96,103,113,119,124,149,154,157,167,262,239,246,247,259,293,299,332,335,370,384,399,411,414,417
213:8,13,20,26,58,68,69,94,107,131,139,144,145,149,153,168,178,193,201,203,210,255,216,217,222,230,235,236,237,252,271,288,321,379,401,402,432,440
214:1,19,39,68,78,142,152,154,188,194,198,384,259,266,271,293,300,308,318,319,320,334,352,360,367,382,385,396,403,412,421,445
215:45,47,88,100,102,104,118,125,140,172,203,413,220,223,235,268,273,282,288,319,353,368,380,383,404,425,443
216:19,25,31,56,57,69,70,90,113,121,148,149,154,168,207,213,282,241,243,245,262,264,283,287,288,308,312,319,341,344,386,426,432
217:11,14,15,22,26,42,62,91,93,100,115,120,137,147,156,163,176,187,194,198,205,213,328,231,248,260,297,302,313,324,337,341,354,362,403,418,419,420
218:29,47,60,84,100,119,159,196,211,381,270,276,283,299,301,305,333,340,361,370,375,382,388,414,421,429,441
219:20,61,109,122,129,132,164,177,186,205,400,230,233,243,269,274,300,304,322,325,340,349,351,364,388,395,442,445
220:31,43,65,70,115,128,140,155,175,180,183,215,306,221,233,241,244,249,292,295,301,336,337,354,355,357,359,372,384,407,411,413,419,433
221:9,11,25,37,47,51,68,90,118,155,168,174,175,220,391,223,224,225,236,242,261,290,297,303,326,335,358,380,394,398,420
222:14,54,56,74,105,132,144,146,166,176,201,213,352,239,241,243,247,256,258,282,305,402,406,408,414,418,432
223:19,33,50,106,132,138,142,154,181,187,193,209,215,221,415,226,270,273,301,307,337,339,343,363,364,368,399,419,428,442,446
224:14,24,33,39,68,70,91,97,126,134,140,143,149,151,187,221,285,260,284,290,311,315,322,357,373,379,397,409,429
225:0,1,8,17,30,68,82,85,110,113,119,126,137,159,160,176,177,191,195,221,288,243,247,255,280,312,313,318,361,397,436
226:35,43,76,88,110,115,122,123,143,145,149,157,162,166,172,223,375,264,265,271,291,321,349,351,353,358,387,400,430,432,434
227:1,15,24,30,33,56,65,81,82,90,133,153,155,157,158,159,312,245,249,250,311,317,323,353,358,379,384,391,413,417
228:7,10,21,32,33,52,65,83,115,130,144,146,155,157,165,200,205,255,241,243,250,252,289,302,356,418,449
229:7,31,39,70,83,87,103,118,130,135,161,170,177,196,198,349,233,239,248,249,256,268,282,305,311,328,401,421
230:5,9,12,37,38,47,60,69,81,98,158,160,191,199,213,219,289,239,266,275,277,279,294,306,307,318,375,378,397,432,440
231:34,46,69,80,117,152,190,204,217,384,232,244,251,252,265,293,323,344,347,349,353,360,381,411,417,425,449
232:0,13,40,49,82,103,133,150,167,204,231,449,266,286,292,320,324,380,405,412
233:13,29,62,109,160,161,171,176,178,191,209,219,220,229,294,239,255,268,271,280,284,293,295,298,311,312,324,359,362,385,407,432,439,442
234:0,16,20,36,59,71,81,88,102,120,133,151,192,195,335,270,287,305,307,308,321,328,334,336,347,362,378,393,396,409,410,411,420,422,436
235:0,41,64,72,102,134,135,146,192,193,203,213,215,277,253,254,266,279,284,289,292,337,341,344,368,400,404,418,422,431,433,434,440
236:19,41,75,93,130,132,148,151,155,187,209,213,221,262,256,274,300,338,372,385,388,398,423,442
237:0,4,10,30,45,46,48,100,102,108,121,147,166,171,173,213,250,244,248,265,266,273,276,305,312,313,384,410,439
238:3,8,17,21,36,42,66,100,101,104,112,113,116,182,320,290,294,297,309,323,325,326,353,369,380,435,439,444,445
239:0,43,69,78,109,114,119,120,123,124,132,134,140,142,145,171,178,188,202,205,212,222,229,230,233,402,240,247,268,272,279,281,283,287,289,339,386,393,396,424,425,432,436
240:0,5,32,59,62,67,81,87,96,99,111,129,131,138,152,169,171,182,203,205,239,426,243,251,277,310,311,315,316,324,325,370,386,393,401,405,432,437,439
241:11,42,75,90,97,109,140,143,145,193,216,220,222,228,293,246,259,294,334,363,388,394,410,422,442,445
242:6,7,10,29,42,48,82,134,158,183,194,200,210,221,272,294,307,371,372,409,411,417,421
243:15,27,38,42,62,100,103,136,143,162,216,219,222,225,228,240,365,255,261,299,318,319,332,345,364,369,372,421,444,446
244:16,29,31,33,47,65,92,96,113,115,184,195,206,220,231,237,262,256,286,291,294,299,321,325,359,425,437
245:21,41,68,106,116,148,193,196,216,227,270,255,262,266,305,327,357,393,396,399,405,408,413,447
246:43,78,122,133,139,144,149,156,179,194,195,199,205,206,210,212,241,422,257,325,347,360,363,378,385,391,397,409,447
247:8,11,37,49,53,58,59,81,94,110,130,132,144,147,212,222,225,239,303,264,278,320,324,342,356,359,390,394,410,411,438,440,443
248:22,49,65,72,80,101,102,104,105,129,149,163,170,187,193,199,203,217,229,237,355,255,269,274,284,285,291,304,306,333,336,365,372,396,424,442
249:2,26,45,59,67,100,102,111,114,151,155,156,160,172,176,182,200,220,227,229,290,273,274,280,307,309,313,314,318,344,355,392,394,400,419,432
250:1,13,22,39,54,81,85,91,101,104,112,139,144,149,161,163,178,196,201,203,227,228,237,297,267,285,305,310,327,331,342,349,368,383,393,396,406,428,442
251:28,33,51,56,83,84,88,153,162,171,173,179,200,202,204,231,240,386,264,267,298,307,318,327,328,335,349,352,371,405,410,433
252:76,101,104,120,122,136,167,169,186,188,213,228,231,256,255,258,270,272,281,325,366,400,437,444
253:25,47,62,77,84,105,112,135,146,149,165,195,197,208,235,367,260,344,365,371,397,415,423,425,436,442
254:35,40,43,76,81,90,106,138,146,149,183,235,369,258,261,268,270,283,303,312,313,367,378,398,405,406,419,428
255:35,38,43,46,47,59,71,93,118,131,142,152,160,194,213,225,228,233,243,245,248,252,373,277,289,296,299,309,320,332,367,388,398,405,425,434,449
256:36,45,48,91,102,145,146,167,182,199,222,229,236,244,252,257,300,302,304,396,403,409,411,434
257:20,27,117,140,141,188,199,246,256,395,281,286,290,313,342,347,354,372,384,415,437,442
258:14,45,71,85,93,94,115,128,141,146,165,173,192,200,222,252,254,410,318,325,326,357,379,384,387,411,416,430,432,442
259:9,13,51,81,93,98,100,110,129,132,187,192,207,212,214,241,414,287,292,305,330,345,358,367,386,399,410,430,436
260:9,15,61,71,83,98,103,110,115,125,128,129,134,153,190,217,224,253,303,262,296,311,333,362,363,381,430,434,446,448
261:22,34,45,48,69,74,91,100,117,164,178,193,198,221,243,254,353,287,292,317,349,359,364,408,434
262:64,65,85,91,92,158,165,199,212,216,236,244,245,260,265,264,267,270,271,293,306,351,362,369,378,382,391,394,416,433,449
263:2,17,20,36,57,66,79,84,95,109,148,160,178,180,183,200,208,433,302,362,374,383,418,419,448
264:20,60,67,82,92,102,112,120,129,141,175,216,226,247,251,262,271,294,303,351,357,361,424,438
265:5,10,15,35,44,62,81,85,107,122,144,162,167,178,203,226,231,237,262,387,283,286,288,300,318,322,329,354,370,398,403,412,418,433,435,443
266:21,37,77,98,107,121,146,155,159,166,170,180,193,214,230,232,235,237,245,401,282,292,295,304,306,375,399,403,415,430,431,437
267:36,38,39,45,58,67,95,110,113,171,192,196,209,250,251,262,277,282,289,293,310,315,345,352,374,405,412,435
268:8,54,75,85,89,93,94,103,105,111,130,202,208,215,229,233,239,254,296,305,314,403,420,422,429,431,439,441,446
269:2,48,63,88,92,94,111,128,162,189,201,203,208,219,248,378,274,281,304,316,330,341,353,374,395,425,447
270:17,23,32,57,77,89,129,139,150,159,160,170,184,188,205,218,223,234,245,252,254,262,392,284,285,297,304,307,312,313,315,358,371,395,403,421,442
271:20,22,27,75,78,106,109,113,116,156,157,161,180,197,199,213,214,226,233,262,264,317,273,282,286,298,312,316,343,347,402,414,443,446
272:5,13,25,28,40,44,86,111,113,164,171,183,199,239,242,252,283,305,312,317,358,361,425,427
273:9,16,17,19,57,58,70,76,89,98,111,118,142,166,169,180,185,193,215,223,237,249,271,416,277,292,294,307,324,335,342,347,376,409,428,440,445
274:17,27,43,74,111,132,136,151,154,161,209,210,219,236,248,249,269,398,296,303,315,321,337,342,349,372,380,382,385,386,410,423,447
275:11,57,63,67,88,89,106,108,122,126,182,208,230,356,279,286,292,297,364,400,411,414,440
276:16,18,23,61,72,76,80,101,108,119,135,136,150,181,192,197,218,237,281,279,280,330,343,360,375,435,447
277:15,40,65,83,87,93,101,111,142,156,168,230,235,240,255,267,273,435,304,314,367,372,426,444
278:17,32,33,56,101,105,106,146,166,167,184,247,413,283,318,389,395,398,407
279:55,122,130,154,166,167,175,193,230,235,239,275,276,395,283,285,293,344,355,361,363,364,380,394,402
280:19,20,37,83,95,127,132,139,147,158,184,198,201,209,210,225,233,249,276,429,308,309,338,339,368,369,414,425
281:21,41,56,88,105,109,113,117,143,144,159,187,191,209,239,252,257,269,276,361,289,327,355,427
282:22,30,35,38,50,70,71,83,88,136,161,162,196,206,215,216,222,229,266,267,271,328,288,317,342,412,430,438
283:7,13,21,37,51,58,92,114,118,119,126,140,164,181,201,216,218,239,254,265,272,278,279,304,297,327,338,353,356,377,414,416
284:2,43,63,113,125,130,153,194,201,224,233,235,248,270,302,289,303,308,311,327,328,341,371,388,392,407,416,445
285:2,22,44,78,85,122,125,131,155,161,224,248,250,270,279,375,286,291,300,304,334,355,357,370,378,390,398,417,438,449
286:12,24,28,36,63,108,131,132,139,142,200,232,244,257,265,271,275,285,365,297,300,309,323,328,354,368,389,391,395,399,412,413,421,428,439,446
287:4,56,57,66,93,125,128,133,159,176,184,190,216,234,239,259,261,369,288,290,296,319,327,373,395,398,414
288:42,52,108,145,154,182,183,188,199,213,215,216,225,265,282,287,384,292,305,309,344,364,369,381
289:8,40,45,73,86,99,112,115,157,173,199,202,228,230,235,239,255,267,281,284,341,298,353,354,366,368,381,387,397,414,429
290:9,11,14,33,67,82,90,98,101,120,153,158,167,186,205,221,224,238,249,257,287,444,293,299,302,324,333,343,348,435
291:56,58,61,63,79,114,118,128,133,136,137,145,172,180,207,226,244,248,285,423,292,296,305,308,341,346,350,356,367,417
292:1,28,36,66,78,84,91,105,119,125,135,143,144,162,168,176,204,220,232,235,259,261,266,273,275,288,291,319,293,298,321,327,328,340,354,367,370,419,433
293:50,77,112,114,120,137,149,165,208,212,214,231,233,241,262,267,279,290,292,407,296,304,355,378,379,392,395,396,418
294:7,27,40,46,48,49,65,77,79,85,110,111,125,127,133,144,168,174,178,230,233,238,241,242,244,264,273,312,310,324,333,350,354,367,373,386,393,426,440
295:1,9,28,39,42,64,75,80,84,94,105,107,145,156,171,179,195,199,209,220,233,266,349,307,311,340,350,383,447
296:19,25,28,92,102,173,182,202,255,260,268,274,287,291,293,422,312,337,340,368,381,396,420,433,436
297:13,15,18,34,40,123,131,136,147,184,186,217,221,238,250,270,275,283,286,327,419,447
298:12,13,23,52,96,99,128,150,233,251,271,289,292,381,313,394,409,424,446
299:5,46,51,74,105,118,131,134,137,138,142,156,167,179,188,189,212,218,243,244,255,290,302,348,353,380,388,404,419,423,432,440,444
300:24,35,38,41,43,66,77,88,165,169,204,214,219,236,256,265,285,286,368,306,313,336,343,354,355,356,357,366,408,431
301:28,57,75,110,111,127,145,147,172,178,188,218,220,223,425,315,324,330,351,364,377,395,409,437,442
302:0,18,25,62,63,72,77,111,120,131,137,139,142,158,175,177,179,194,217,228,256,263,284,290,299,353,337,341,343,361,364,384,395,410,448
303:13,23,54,57,64,66,85,144,148,153,184,189,202,206,221,247,254,260,264,274,284,305,309,351,378,391,413,436,438
304:5,15,33,41,51,64,76,89,96,97,167,183,219,248,256,266,269,270,277,283,285,293,423,324,331,346,377,388,398,445,449
305:11,66,80,160,167,199,206,208,210,218,222,229,234,237,245,250,259,268,272,288,291,303,447,321,324,325,356,358,381,390,392,398,399,406,411,441
306:19,24,26,32,80,84,90,98,103,112,148,149,176,190,220,230,248,262,266,300,341,334,353,354,358,364,399,403,405,424
307:5,13,36,52,106,111,118,142,157,169,197,204,205,210,223,230,234,242,249,251,270,273,295,310,308,325,342,349,354,359,377,401,411,412,422,423,440,449
308:3,12,24,86,96,108,175,198,211,214,216,234,280,284,291,307,352,312,331,336,337,339,378,394,398,407
309:26,27,46,49,55,66,76,95,100,111,121,146,164,173,187,190,195,238,249,255,280,286,288,303,447,318,345,346,352,370,400,402,448
310:11,36,41,44,72,82,108,116,122,152,169,183,185,192,201,204,240,250,267,294,307,378,330,334,342,366,368,370,371,391,422,428,446
311:3,14,33,54,61,75,83,85,111,143,149,158,159,165,166,176,191,202,205,211,224,227,229,233,240,260,284,295,403,325,357,365,394,416,429
312:16,29,33,47,69,71,77,108,115,138,140,144,145,160,162,178,184,187,189,206,216,225,227,233,237,254,270,271,272,294,296,308,331,319,358,367,416
313:25,52,70,71,122,124,139,149,154,163,181,202,217,225,237,249,254,257,270,298,300,373,385,387,401,431,433,448
314:4,6,62,90,112,115,136,147,164,174,188,200,204,249,268,277,326,323,327,338,343,366,396,398,409
315:18,34,97,99,109,143,164,184,189,224,240,267,270,274,301,434,319,330,343,344,346,356,358,361,374,380,423,426,431,436,449
316:15,74,77,79,84,88,91,110,126,153,200,202,209,240,269,271,331,321,323,372,376,386,401,403,408,417,420,431,437
317:1,27,31,38,52,67,79,89,99,100,120,144,190,201,227,261,271,272,282,330,332,337,339,365,375,395,420,425,438,444
318:4,5,14,26,28,50,53,73,84,112,133,161,174,183,195,214,225,230,243,249,251,258,265,278,309,325,361,373,386,389,396,416
319:6,9,17,25,82,88,118,126,131,145,146,214,215,216,243,287,292,312,315,421,323,357,375,378,385,395,426
320:5,6,10,15,49,85,88,96,109,151,152,153,214,232,238,247,255,415,328,391,424,433
321:56,64,102,103,112,128,137,161,186,189,207,213,226,234,244,274,292,305,316,372,322,337,393,425
322:21,24,32,34,58,92,94,99,147,165,166,219,224,265,321,431,324,352,388,421
323:7,52,63,65,77,79,104,105,154,158,164,181,185,186,200,227,231,238,286,314,316,319,335,337,371,381,421,449
324:8,13,16,35,60,80,99,109,117,123,135,146,169,174,184,196,209,217,232,233,240,247,273,290,294,301,304,305,322,358,326,350,380,394,407,418,436,437,438
325:22,84,92,106,108,139,144,154,161,177,180,183,186,199,207,219,238,240,244,246,252,258,305,307,311,318,374,347,379,380,398,399,426,435,440
326:2,17,78,101,134,145,146,164,167,168,169,171,181,197,210,221,238,258,314,324,432,327,330,331,365,375,387,403,412,430,447
327:6,26,61,69,87,89,133,146,148,150,155,173,195,196,245,250,251,281,283,284,287,292,297,314,326,369,330,332,333,351,381,391,404,412,424,430,445
328:71,84,102,105,107,131,204,217,229,234,251,282,284,286,292,320,332,384,386,414,437
329:55,62,66,74,85,101,107,114,116,117,124,131,139,140,155,157,165,177,185,193,194,200,265,330,331,347,352,378,387,395,399,403
330:3,59,68,69,92,106,109,125,136,144,158,177,180,190,191,259,269,276,301,310,315,317,326,327,329,446,333,408,417,449
331:26,34,65,70,84,86,101,111,120,127,136,138,154,159,164,178,181,183,201,250,304,308,312,316,326,329,354,379,381,388,403,444,447
332:0,21,23,51,74,88,105,110,116,118,123,144,175,177,212,243,255,317,327,328,379,387,408,414
333:42,45,46,78,79,84,137,138,146,184,185,206,218,248,260,290,294,327,330,447,335,340,376,400,413,420,430
334:33,71,77,78,106,136,163,167,179,202,214,234,241,285,306,310,336,344,368,370,377,385,400,420,441
335:4,24,30,37,61,67,83,85,92,93,121,125,126,134,135,153,199,212,221,234,251,273,323,333,386,344,353,360,367,388,405,414,430,432
336:31,56,100,120,127,130,134,142,168,173,177,210,220,234,248,300,308,334,392,372,375,412,436
337:7,39,43,61,75,87,97,109,115,129,154,175,205,208,211,217,220,223,235,274,296,302,308,317,321,323,383,354,373,421
338:18,20,45,54,60,63,74,88,111,115,120,164,173,177,200,236,280,283,314,363,347,360,367,386,428
339:0,1,3,13,14,51,60,68,74,125,132,141,143,186,223,239,280,308,317,448,342,372,432,438,449
340:3,12,16,38,56,86,103,132,153,172,173,189,192,203,209,218,219,292,295,296,333,437,411
341:26,43,59,116,123,137,157,165,166,205,216,217,235,269,284,289,291,302,306,408,347,352,353,355,366,367,398,401,409
342:11,34,54,71,72,112,119,123,129,151,157,158,161,247,250,257,273,274,282,307,310,339,378,380,407,429,430,433,438,447
343:29,33,38,54,63,74,93,133,144,176,178,203,223,271,276,290,300,302,314,315,436,359,371,390,400,442,443
344:7,11,25,58,62,176,201,216,231,235,249,253,279,288,315,334,335,434,374,388,412,414,421,443
345:24,61,62,82,118,125,148,168,189,198,243,259,267,309,413,364,366,390,443
346:5,21,28,51,61,79,119,134,172,291,304,309,315,388,369,372,385,414
347:11,25,30,39,48,61,123,151,157,173,189,231,234,246,257,271,273,325,329,338,341,419,355,366,383,389,395,417,435
348:41,47,57,65,99,137,158,174,204,290,299,360,353,357,359,363,371,377,395
349:30,68,70,77,78,117,126,133,153,169,219,226,229,231,250,251,261,274,295,307,387,352,356,372,382,386,403,404
350:7,12,25,47,50,86,98,120,168,190,196,204,291,294,295,324,383,356,364,388,405,407,418,449
351:19,20,102,124,139,145,146,148,153,155,176,186,219,226,262,264,301,303,327,416,378,434,441,444
352:17,40,76,77,97,132,151,156,167,176,178,205,214,222,251,267,308,309,322,329,341,349,438,384,431,447,449
353:13,21,27,47,57,72,76,101,128,145,181,191,215,226,227,231,238,261,269,283,289,299,302,306,335,341,348,415,373,387,390,406,449
354:67,85,87,140,147,162,169,170,194,217,220,257,265,286,289,292,294,300,306,307,331,337,401,367,372,423,440,448
355:10,11,16,50,62,83,103,104,112,124,134,136,150,153,158,165,172,182,189,195,220,248,249,279,281,285,293,300,341,347,366,356,364,368,391,397,411,413,431,437
356:17,50,55,69,85,87,89,90,93,102,158,185,202,228,247,275,283,291,300,305,315,349,350,355,444,362,377,383,408,411,424,434,435,441
357:6,10,60,73,108,133,169,171,173,183,200,202,210,220,224,245,258,264,285,300,311,319,348,360,371,385,428,444,447
358:14,20,48,57,66,79,122,137,172,181,187,199,221,226,227,259,270,272,305,306,312,315,324,375,377,378,394,397,398,403,442
359:32,52,71,90,109,169,220,233,244,247,261,307,343,348,436,370,384,390,397,410,416
360:13,16,31,32,33,34,46,54,57,83,111,118,134,141,170,173,214,231,246,276,335,338,348,357,361,376,387,406
361:127,154,159,164,210,218,225,264,272,279,281,302,315,318,360,385,369,379,403,407,419,422
362:18,36,39,89,102,105,135,168,199,217,233,234,260,262,263,356,447,366,381,407,412,413,427,438
363:1,15,26,27,35,40,93,97,126,140,141,145,155,182,192,223,241,246,260,279,338,348,441,403,416
364:3,18,23,46,49,50,68,84,86,99,119,149,155,164,168,204,219,223,243,261,275,279,288,301,302,306,345,350,355,380,384,391,398,403,432,445
365:15,16,30,58,59,86,162,164,174,184,243,248,253,286,311,317,326,449,401,421,438
366:32,80,92,93,112,125,133,139,140,156,160,192,204,211,252,289,300,310,314,341,345,347,355,362,421,383,384,389,393,395,423,443,444
367:9,42,44,58,66,93,98,110,129,135,139,147,159,203,209,214,253,254,255,259,277,291,292,294,312,335,338,341,354,422,392,398,417,428,431,438,440,447
368:4,47,67,83,92,95,97,115,133,137,156,167,194,215,223,235,250,280,286,289,296,300,310,334,355,410,378,408,411,423,446
369:19,38,84,97,123,148,238,243,254,262,280,287,288,327,346,361,402,371,379,383,408,409,421,437,441
370:30,43,57,119,121,136,140,158,173,193,208,212,218,240,265,285,292,309,310,334,359,413,376,400,407,408,411,422,439,442
371:7,14,33,61,100,122,131,136,166,171,183,187,197,242,251,253,270,284,310,323,343,348,357,369,420,375,428
372:24,31,41,56,68,82,92,104,120,122,133,134,138,142,158,166,171,220,236,242,243,248,257,274,277,316,321,336,339,346,349,354,424,396,402,412,416,434
373:11,12,25,42,82,84,88,102,105,134,136,144,156,160,161,185,224,255,287,294,313,318,337,353,389,421
374:0,56,62,72,114,132,150,159,164,175,188,190,206,263,267,269,315,325,344,389,383,384,406,407,413
375:6,36,37,41,60,61,77,85,94,103,107,130,131,183,184,203,210,218,226,230,266,276,285,317,319,326,336,358,371,411,444
376:18,33,44,57,73,117,119,128,159,163,171,172,193,197,202,203,204,273,316,333,360,370,403,382,387,409,426,445
377:6,21,29,61,79,114,124,128,139,140,178,203,283,301,304,307,334,348,356,358,403,399,400,407,408,419,422,424,436,437
378:12,37,65,68,104,105,126,130,131,139,143,154,174,195,207,230,234,246,254,262,269,285,293,303,308,310,319,329,342,351,358,368,428,379,402,406,444
379:2,14,24,39,52,54,62,73,79,115,170,171,176,181,213,224,227,258,293,325,331,332,361,369,378,437,403,411,413
380:9,34,37,38,89,107,121,126,158,162,165,178,207,215,221,232,238,274,279,299,315,324,325,342,364,417,396,413,420,430,445
381:19,25,30,33,47,51,85,112,140,194,218,231,260,288,289,296,298,305,323,327,331,362,389,385,387,402,405,410,415
382:2,4,9,10,40,46,59,63,75,81,82,113,168,214,218,262,274,349,376,423,383,402,411,416,427
383:1,7,10,23,25,26,27,34,49,57,63,65,73,121,144,210,215,250,263,295,337,347,350,356,366,369,374,382,393,399,406,409,438
384:14,47,112,128,147,159,212,214,220,227,231,237,257,258,288,302,328,352,359,364,366,374,412,395,408,438
385:91,95,115,126,132,144,154,214,233,236,246,274,313,319,334,346,357,361,381,434,444,448
386:12,39,58,86,101,104,151,175,181,184,189,193,196,207,216,239,240,251,259,274,294,316,318,328,335,338,349,431,387,411,437,438,439
387:14,30,36,39,53,70,79,90,96,108,130,132,135,143,154,186,198,226,258,265,289,313,326,329,332,349,353,360,376,381,386,401,412,429
388:3,37,41,46,56,62,67,68,77,118,153,170,191,218,219,236,241,255,284,299,304,322,331,335,344,346,350,425,393,410,417,429,443
389:6,7,14,32,33,56,73,75,84,94,95,118,120,130,132,134,164,166,180,202,278,286,318,347,366,373,374,381,413,407,426,437
390:6,14,18,34,39,50,54,57,67,81,86,88,103,107,111,113,115,117,118,140,247,285,305,343,345,353,359,429,398,399,411,414,424,427,434
391:5,7,20,46,59,79,81,92,123,126,145,149,180,189,221,227,246,262,286,303,310,320,327,355,364,392,412,432,443
392:6,37,39,43,55,62,66,71,73,78,186,208,249,270,284,293,305,336,367,391,393,404,420,424,447
393:6,17,36,48,57,74,81,82,85,133,164,170,234,239,240,245,250,294,321,366,383,388,392,447,419,425
394:9,15,40,55,89,90,94,98,134,179,195,202,221,241,247,249,262,279,298,308,311,324,358,414,400,410,427,429,442
395:4,31,34,42,58,96,107,124,138,162,164,191,219,257,269,270,278,279,286,287,293,301,302,317,319,329,347,348,366,384,424,404,407,409,432
396:4,37,94,95,101,113,117,120,146,158,161,192,193,199,205,214,234,239,245,248,250,256,293,296,314,318,372,380,437,398,413,416,422
397:19,79,86,91,94,104,122,143,172,203,209,224,225,230,246,253,289,355,358,359,430,414,428,429,439
398:15,24,32,35,49,119,141,150,160,174,179,181,185,197,205,221,236,254,255,265,274,278,285,287,304,305,308,314,325,341,358,364,367,390,396,418,410
399:37,61,63,100,109,130,150,172,175,179,188,208,210,212,223,245,259,266,286,305,306,325,329,377,383,390,435,402,419,420,436
400:1,17,28,53,79,111,133,135,181,187,198,211,219,226,235,249,252,275,309,333,334,343,370,377,394,409,426,442
401:12,45,61,101,102,115,125,133,142,156,158,168,171,213,229,240,266,307,313,316,341,354,365,387,411,449
402:6,47,64,72,83,87,110,112,125,127,139,146,168,171,197,204,205,210,213,222,239,271,279,309,369,372,378,381,382,399,441,448
403:31,52,54,111,128,130,132,207,214,217,256,265,266,268,270,306,311,316,326,329,331,349,358,361,363,364,376,377,379,428,421,423,436
404:16,31,42,77,96,101,113,117,121,129,147,158,176,189,197,199,203,215,235,299,327,349,392,395,430,414,439,440
405:4,70,72,79,94,120,128,155,160,161,163,193,232,240,245,251,254,255,267,306,335,350,381,439,406
406:0,42,49,63,97,98,105,111,124,139,149,162,180,202,209,222,250,254,305,353,360,374,378,383,405,411,420,428,434,439
407:78,89,165,170,192,197,220,233,278,284,293,308,324,342,350,361,362,370,374,377,389,395,445,408,411,425
408:21,33,38,95,98,102,118,121,122,140,157,160,176,185,193,200,210,222,245,261,300,316,330,332,341,356,368,369,370,377,384,407,439,411,435,436,442
409:12,16,19,39,54,75,80,83,126,143,147,176,192,198,204,209,224,234,242,246,256,273,298,301,314,341,369,376,383,395,400,432
410:19,20,36,38,71,73,83,88,94,96,107,110,148,153,234,237,241,247,251,258,259,274,302,359,368,381,388,394,398,438,415,427,436
411:26,70,72,88,102,121,122,138,139,212,220,231,234,242,247,256,258,275,305,307,340,355,356,368,370,375,379,382,386,390,401,406,407,408,440,425,442
412:7,15,19,40,54,68,81,94,131,132,142,146,159,189,192,214,232,265,267,282,286,307,326,327,336,344,362,372,384,387,391,422,424,426,430
413:9,15,36,41,68,114,125,130,140,141,155,180,181,182,202,215,220,227,245,278,286,303,333,345,355,362,370,374,379,380,389,396,418,430,437,440
414:15,31,42,48,58,72,81,129,138,184,190,208,212,218,222,259,271,275,280,283,287,289,328,332,335,344,346,390,394,397,404,436,429
415:8,20,27,32,66,70,77,82,87,106,117,118,135,154,171,175,176,188,200,223,253,257,266,320,353,381,410,428,421,437,448
416:7,17,43,48,55,72,100,118,128,160,163,180,200,207,258,262,273,283,284,311,312,318,351,359,363,372,382,396,432,430,436,447
417:8,17,21,29,34,37,54,100,128,185,198,212,227,231,242,285,291,316,330,347,367,380,388,440,421,430
418:38,60,71,72,73,102,113,115,121,160,161,178,217,222,228,235,263,265,293,324,350,398,413,431
419:10,51,68,91,126,142,147,157,161,166,168,177,208,217,220,223,249,254,263,292,297,299,347,361,377,393,399,430,426
420:12,44,75,98,110,111,114,137,153,170,187,194,195,217,221,234,268,296,316,317,333,334,371,380,392,399,406,447,423,432
421:41,68,105,106,110,125,144,153,167,189,208,210,214,218,229,242,243,270,286,319,322,323,337,344,365,366,369,373,403,415,417,445,432
422:4,38,51,60,61,71,75,80,171,173,193,202,234,235,241,246,268,296,307,310,361,367,370,377,396,412,445
423:12,52,58,65,71,83,87,91,102,105,106,120,129,135,140,141,151,175,179,192,199,204,205,207,236,253,274,291,299,304,307,315,354,366,368,382,403,420,444
424:8,10,12,30,37,44,56,76,82,89,155,163,180,181,200,201,206,239,248,264,298,306,320,327,356,372,377,390,392,395,412,437,425,434
425:0,37,43,44,51,52,54,57,60,65,81,110,112,123,137,143,146,155,168,215,231,239,244,253,255,269,272,280,301,317,321,388,393,407,411,424,431,426,435
426:88,89,141,142,158,166,179,184,198,216,240,277,294,315,319,325,376,389,400,412,419,425,448,447
427:7,32,61,88,89,92,100,112,114,116,132,166,180,190,272,281,362,382,390,394,410,447,441
428:14,32,71,81,88,103,116,130,156,178,197,210,223,250,254,273,286,310,338,357,367,371,378,397,403,406,415,432
429:1,8,9,46,104,157,176,182,186,190,210,218,224,268,280,289,311,342,387,388,390,394,397,414,443
430:1,11,15,19,27,34,44,53,91,138,160,170,179,191,196,226,258,259,260,266,282,326,327,333,335,342,380,397,404,412,413,416,417,419,437
431:22,25,37,44,62,68,70,76,80,114,122,150,174,182,184,192,203,235,266,268,300,313,315,316,322,352,355,367,386,418,425,436,448
432:15,46,68,72,93,125,127,145,156,173,190,202,210,213,216,222,226,230,233,239,240,249,258,299,326,335,339,364,391,395,409,416,420,421,428,445
433:3,35,39,40,42,45,94,101,130,167,168,169,171,178,183,208,220,235,251,262,263,265,292,296,313,320,342,438
434:3,10,19,34,41,43,88,95,100,108,111,124,206,226,235,255,256,260,261,315,344,351,356,372,385,390,406,424,442,438,443,444,446
435:48,51,60,63,87,91,108,116,140,176,188,238,265,267,276,277,290,325,347,356,399,408,425,446,442
436:64,66,84,93,106,108,111,131,163,178,180,187,202,208,225,234,239,253,259,296,303,315,324,336,343,359,377,399,403,408,410,414,416,431,438,441,447
437:19,29,34,44,49,84,92,98,101,108,119,122,160,195,207,210,240,244,252,257,266,301,316,324,328,340,355,369,377,379,386,389,396,413,415,424,430,439
438:8,24,50,74,88,93,156,168,172,195,247,264,282,285,303,317,324,339,342,352,362,365,367,383,384,386,410,433,434,436,449,439
439:27,33,37,49,55,75,76,80,115,124,176,207,233,237,238,240,268,286,370,386,397,404,405,406,408,437,438,448,440
440:6,18,76,85,110,113,116,133,137,149,153,168,178,182,183,193,206,208,213,230,235,247,273,275,294,299,307,325,354,367,404,411,413,417,439,447,446
441:2,6,20,40,42,44,46,81,82,112,123,133,137,150,193,207,218,268,305,334,351,356,363,369,402,427,436,442
442:2,19,33,40,43,47,83,88,94,99,103,122,124,202,204,210,211,219,223,233,236,241,248,250,253,257,258,270,301,343,358,370,394,400,408,411,434,435,441,449
443:2,3,5,14,32,34,41,48,51,123,129,151,175,178,186,193,215,247,265,271,343,344,345,366,388,391,429,434,449
444:48,79,98,113,147,149,156,174,198,205,211,238,243,252,277,290,299,317,331,351,356,357,366,375,378,385,423,434,445
445:21,27,28,53,71,72,102,111,121,135,138,150,165,177,214,219,238,241,273,284,304,327,364,376,380,407,421,422,432,444,449
446:8,9,26,43,59,95,135,140,148,199,207,223,243,260,268,271,286,298,310,330,368,434,435,440,447
447:68,75,77,87,89,112,118,152,160,172,181,245,246,269,274,276,295,297,305,309,326,331,333,342,352,357,362,367,392,393,416,420,426,427,436,440,446,448
448:34,45,60,67,71,78,89,90,104,118,181,183,184,204,206,260,263,302,309,313,339,354,385,402,415,426,431,439,447,449
449:12,37,41,44,55,66,92,111,137,143,149,228,231,232,255,262,285,304,307,315,323,330,339,350,352,353,365,401,438,442,443,445,448
