0:327,9,13,16,17,36,41,44,45,49,56,68,71,72,88,91,105,109,110,116,132,133,134,150,170,184,203,212,213,220,221,228,236,239,244,247,249,250,258,274,282,283,290,295,298,302,311,318,328,341,346,349,371,373,383,385,390,392,395,398
1:198,27,42,44,51,52,62,68,82,86,88,90,107,112,121,143,148,150,156,163,168,175,182,187,191,199,205,210,217,224,226,229,233,236,243,262,270,274,275,284,294,303,309,318,323,330,332,341,348,352,357,363,368,371,381,382,383,384,386,392,398,405,408,409
2:239,7,13,24,28,41,42,57,65,74,80,85,86,94,97,103,104,108,116,118,129,134,135,136,139,141,150,153,159,164,167,174,179,183,202,211,217,230,238,241,252,258,269,273,279,291,296,301,306,311,320,323,325,335,349,352,374,381,388,393,395,404
3:176,10,28,42,51,61,79,85,93,94,102,103,110,113,125,126,130,131,132,133,143,148,151,154,159,164,168,169,171,173,179,183,184,191,193,195,197,204,210,212,214,219,221,223,243,247,253,262,263,269,272,277,278,284,295,296,316,340,345,348,351,371,376,386,388,398,403,407
4:354,5,36,45,51,52,81,82,83,84,100,104,107,122,123,124,154,161,165,172,178,182,196,202,203,212,240,251,261,266,267,279,288,297,304,319,341,345,363,365,369,371,374,376,380,381
5:4,31,11,23,40,45,52,57,60,78,82,90,99,105,110,115,117,118,122,129,133,146,155,157,161,165,174,176,178,182,188,192,194,204,207,229,231,244,246,248,251,252,255,256,260,281,291,337,352,357,363,364,369,374,381,383,391,392
6:276,7,12,14,17,25,29,30,52,60,72,73,78,88,95,98,106,107,121,135,142,147,149,162,166,167,175,180,183,185,192,196,198,205,211,214,224,225,226,233,234,241,247,286,288,290,294,305,306,318,319,325,326,333,338,348,354,355,373,385,390,395,399,409
7:2,6,402,8,19,22,35,36,42,49,65,67,69,72,88,101,110,130,134,152,153,155,158,161,162,163,166,168,170,176,181,184,198,212,217,225,226,237,244,257,264,268,269,270,273,295,299,312,313,338,351,366,370,372,374,380,404
8:7,90,11,19,23,26,29,38,41,47,49,50,56,63,65,73,75,81,87,94,99,101,107,111,114,116,156,167,169,172,174,175,177,179,180,181,182,186,200,201,205,220,226,247,256,257,258,260,273,281,286,288,326,327,334,347,349,351,357,378,382,387,392,395,398,403,408,409
9:0,345,15,16,19,21,33,45,49,50,81,84,95,100,108,109,117,124,125,141,143,144,152,156,183,186,187,224,228,230,234,244,256,257,267,269,271,284,291,299,303,314,319,320,329,340,343,344,346,347,357,376,379,386,393,397,400,401,402,406
10:3,403,12,16,20,32,35,60,64,71,79,106,109,112,113,125,132,133,136,143,148,160,162,182,184,211,224,230,239,242,248,255,261,264,267,271,276,277,283,290,300,309,326,329,333,335,336,339,343,350,356,360,361,370,373,389,390,394,400
11:5,8,103,13,19,26,30,32,41,43,51,53,61,63,66,79,83,97,116,129,133,140,146,149,150,158,174,175,181,182,189,191,201,202,203,205,221,222,235,236,245,251,253,256,257,269,274,276,292,320,335,339,345,347,349,354,356,357,368,371,393,396,397,406,409
12:6,10,110,16,19,24,29,53,54,76,86,87,94,107,118,132,140,150,155,170,175,191,192,202,208,212,219,230,245,252,253,267,271,274,277,279,290,304,316,320,323,335,342,343,359,382,391,392,400
13:0,2,11,390,17,24,27,32,37,39,51,53,61,83,84,92,97,118,131,136,137,141,143,172,177,198,201,212,215,231,242,245,257,259,262,264,270,271,273,283,305,318,330,335,336,343,346,349,360,379,383,393,403,409
14:6,51,18,21,28,31,37,56,57,76,79,83,97,111,113,116,118,128,131,136,150,152,161,172,173,175,177,179,182,190,198,204,212,215,230,234,243,251,252,253,259,298,302,316,328,336,345,353,354,367,377,385,387,392,394,400,401,407,408
15:9,361,16,28,43,53,71,83,89,92,93,96,103,105,106,115,117,132,137,140,149,153,188,215,222,228,229,231,232,238,250,251,254,260,264,270,272,282,288,289,292,294,320,342,345,349,351,355,362,363,364,367,370,373,374,376,382,385,400,404
16:0,9,10,12,15,74,18,29,30,33,38,41,44,66,72,88,102,103,108,112,116,117,122,125,128,140,143,144,167,168,176,188,192,194,198,203,206,207,208,216,230,232,233,234,235,236,242,254,265,266,268,276,279,282,304,314,318,330,333,335,341,356,358,387,394,405,406
17:0,6,13,110,22,46,59,64,66,72,79,86,88,106,111,112,119,124,134,142,144,145,151,153,167,178,181,185,187,193,196,231,238,240,245,249,259,268,269,274,275,279,281,288,294,295,308,313,320,322,330,333,335,340,344,346,361,369,383,398,409
18:14,16,33,30,44,53,55,59,64,70,76,79,80,82,107,110,131,133,134,147,152,155,168,170,171,173,175,193,197,208,212,220,228,231,248,252,255,258,263,273,274,276,292,312,316,327,328,332,336,338,343,345,356,357,360,363,370,371,377,380,382,386,395,397,400
19:7,8,9,11,12,114,21,29,33,34,35,40,67,70,73,74,76,79,87,88,95,96,111,113,135,137,156,159,162,163,168,169,177,179,181,191,194,198,208,211,217,241,246,253,275,276,281,284,288,291,295,296,309,323,333,344,349,350,354,378,394,403,409
20:10,230,24,32,33,54,55,64,66,72,73,79,82,88,93,100,102,113,129,130,138,141,146,153,159,165,170,191,199,202,224,226,231,239,245,251,253,256,286,289,295,296,318,321,328,330,373,374,377,379,381,382,384,387,390,392,399,405
21:9,14,19,242,22,29,39,54,56,60,68,76,84,97,103,107,115,126,128,129,144,147,156,166,176,179,184,190,206,207,211,218,230,233,237,238,239,241,246,255,257,260,264,275,289,290,297,298,313,316,317,330,334,347,348,353,361,377,379,380,385,389,390
22:7,17,21,396,28,30,34,37,63,72,87,92,101,110,120,129,130,131,135,148,180,182,183,204,207,212,213,219,244,254,264,265,268,270,272,274,285,289,296,299,301,314,317,320,323,324,329,331,340,352,366,376,378,390,392,395,397,401,406,407,408
23:5,8,134,27,31,39,43,50,58,59,64,65,68,69,70,81,86,91,105,109,114,124,126,127,128,141,164,175,176,177,178,183,187,198,199,201,209,210,213,222,232,237,238,240,241,248,261,274,277,278,281,287,288,295,305,311,313,318,322,325,338,340,344,350,357,360,374,385,389,394,399,405
24:2,12,13,20,401,44,48,53,54,60,64,66,82,95,96,109,132,136,143,166,170,171,172,181,190,204,209,212,216,232,237,244,245,252,266,271,272,273,275,292,299,300,302,303,310,320,325,339,340,349,353,358,361,371,373,377,385,390,391,392,396,400,404
25:6,104,32,38,42,51,53,56,58,64,71,76,83,97,119,123,125,127,131,148,154,155,162,176,177,182,185,190,192,197,202,216,220,230,248,251,261,269,270,280,284,303,333,335,336,356,369,370,375,385,386,387,394,404
26:8,11,369,38,39,45,46,53,57,59,60,75,80,84,91,106,114,115,130,139,140,142,145,154,157,159,161,169,175,180,188,190,196,197,199,208,239,242,243,263,274,284,285,293,294,300,305,310,313,321,326,327,329,350,361,368,372,378,397,400,408
27:1,13,23,289,31,40,44,45,49,51,54,72,78,89,92,93,94,107,112,118,124,129,144,145,157,158,159,186,200,206,207,209,212,226,228,231,239,253,259,267,269,282,285,294,295,300,306,313,317,322,324,327,332,341,359,363,367,378,385,392,406,409
28:2,3,14,15,22,374,29,40,41,43,44,45,51,74,76,88,95,98,105,110,114,118,127,136,138,141,152,155,166,167,169,171,187,189,205,210,213,216,227,228,236,248,253,254,258,269,281,287,305,310,316,318,323,327,347,349,363,366,372,386,388,395,404
29:6,8,12,16,19,21,28,53,41,57,58,63,66,71,72,73,88,90,100,105,106,123,128,144,156,160,162,173,180,181,183,185,186,193,207,208,213,215,224,225,251,253,260,283,290,295,302,305,309,311,336,343,350,352,353,365,381,386,393
30:6,11,16,18,22,406,46,49,55,61,64,69,72,76,101,111,112,116,119,120,122,137,142,144,148,149,151,173,181,182,184,187,192,193,195,199,202,207,210,212,214,224,226,231,237,240,245,257,260,268,284,285,293,297,318,329,342,350,367,368,370,373,381,393,403,405,408
31:5,14,23,27,213,35,36,42,52,66,68,78,89,92,104,115,118,120,126,131,132,144,149,154,155,158,160,162,163,164,169,173,178,181,184,185,187,189,196,198,201,240,244,252,258,266,287,298,300,301,304,305,331,358,359,367,372,375,377,381,386,389,391,396,402,408
32:10,11,13,20,25,145,35,39,41,50,51,55,61,62,63,69,80,83,88,90,102,110,113,117,134,176,188,195,197,220,221,224,237,245,248,251,264,266,272,279,307,313,319,326,329,331,332,336,351,352,354,368,377,382,398,399,401
33:9,16,18,19,20,208,38,43,46,61,70,77,78,80,89,93,94,101,106,119,123,141,145,151,157,163,164,168,178,191,196,203,225,233,240,252,260,268,269,274,277,279,286,291,293,296,308,324,325,345,358,366,376,377,390,393,397,408
34:19,22,289,36,47,67,68,69,70,73,84,115,120,133,135,144,146,156,157,159,167,169,175,176,177,181,182,192,204,211,223,226,265,268,272,274,296,304,307,322,325,329,330,350,356,360,377,384,390,391,392,395,396,409
35:7,10,19,31,32,177,44,48,52,59,72,75,85,93,96,97,113,115,131,134,137,138,182,188,189,213,214,215,229,235,244,246,258,275,285,288,291,293,299,300,308,310,312,323,330,331,347,366,370,375,385,387,395,396
36:0,4,7,31,34,177,38,43,49,57,79,86,96,116,118,142,153,158,165,175,195,196,198,200,202,206,210,216,217,218,221,250,259,269,274,279,281,292,298,301,304,308,310,318,320,322,327,332,336,344,345,349,352,356,378,379,382,404,408
37:13,14,22,372,52,54,58,72,84,88,97,102,109,110,118,132,155,156,166,168,169,174,176,187,207,217,224,225,237,241,249,251,259,263,265,271,280,288,289,291,299,300,320,328,335,346,369,373,381,383,395,407,408,409
38:8,16,25,26,33,36,125,46,64,81,84,88,99,108,109,114,116,130,139,151,154,167,174,176,177,186,189,216,223,231,236,249,252,256,258,266,273,278,289,313,332,342,346,348,363,365,371,373,374,377,384,395,404,409
39:13,21,23,26,32,122,41,42,44,60,61,65,82,86,87,88,92,105,113,119,120,130,135,137,140,167,169,170,171,183,185,189,190,205,213,215,218,227,231,235,238,241,243,244,250,266,269,274,275,281,282,290,300,301,305,310,317,323,329,330,335,340,347,348,361,364,369,378,382,385,386,388,394,398,400
40:5,19,27,28,163,64,65,71,77,78,79,81,83,86,87,90,98,100,103,122,125,128,135,136,139,149,155,161,167,179,182,184,187,211,216,217,223,225,227,233,238,240,246,248,249,262,264,269,275,287,293,297,301,306,309,320,323,325,329,333,347,374,378,384,403,406
41:0,2,8,11,16,28,29,32,39,324,45,47,53,56,57,69,86,92,94,95,102,103,110,111,119,143,154,166,174,180,186,191,192,194,202,203,212,228,229,232,241,246,248,253,256,268,275,285,286,289,302,303,319,326,336,342,360,362,367,369,373,377,380,385,389,394
42:1,2,3,7,25,31,39,163,74,76,84,85,86,91,97,110,112,115,123,124,148,157,158,166,168,169,170,171,173,182,192,196,208,216,219,222,225,230,236,237,262,274,275,276,284,287,290,295,299,307,316,324,327,348,349,350,361,362,370,380,383,396,397,403,409
43:11,15,23,28,33,36,223,58,63,71,75,76,80,82,87,97,124,138,141,147,156,157,158,161,176,184,185,192,204,212,215,220,225,229,238,247,253,265,269,300,301,311,315,327,330,336,339,348,356,359,360,363,391,397,403
44:0,1,16,18,24,27,28,35,39,357,53,73,76,90,97,98,100,103,106,110,116,118,140,147,154,157,161,162,163,167,168,178,179,184,185,188,193,204,208,218,231,232,240,262,263,279,283,293,297,299,305,311,312,318,320,334,335,341,361,382,391,393,395,396,400,401,403
45:0,4,5,9,26,27,28,41,280,46,47,48,59,61,67,68,71,72,74,87,94,98,100,101,106,110,148,151,153,154,155,166,171,172,181,184,185,199,200,208,211,223,232,233,247,264,308,312,319,323,328,331,335,336,337,340,341,342,380,384,386,388,391,394,395,400
46:17,26,30,33,38,45,70,47,48,52,55,66,78,89,90,92,96,99,103,112,113,149,154,155,171,174,184,185,187,197,200,208,209,211,215,220,234,238,240,253,256,257,270,276,288,291,299,303,304,311,317,319,325,332,344,349,355,364,375,386,388,389,391,395,396,397,405,406,409
47:8,34,41,45,46,348,48,50,59,60,73,78,84,93,94,110,112,113,129,136,138,144,145,153,157,159,173,176,191,194,210,213,221,223,224,228,233,238,243,245,255,258,261,274,277,281,285,286,288,298,308,309,323,325,327,332,335,337,361,369,376,381,384,385,387,390,392,405
48:24,35,45,46,47,252,49,63,67,77,78,95,109,114,126,131,132,135,137,147,154,158,160,175,177,181,185,201,202,208,215,218,221,222,234,241,243,244,250,251,255,265,267,280,283,289,329,332,334,340,342,349,355,356,361,365,369,371,400,406,407
49:0,7,8,9,27,30,36,48,374,51,58,65,67,68,72,81,85,88,111,113,114,120,122,127,135,143,153,156,170,182,183,197,198,208,212,214,220,231,235,239,242,243,244,251,261,273,292,296,299,304,306,310,325,327,328,334,335,344,347,348,375,377,384,387,393,401,404
50:8,9,23,32,47,107,55,57,60,65,67,68,75,77,79,81,83,94,99,102,103,105,130,152,153,159,164,166,167,175,177,183,186,190,214,219,226,234,237,238,246,263,270,275,285,291,293,310,311,324,334,337,339,345,349,364,379,382,383,387,389,398,402
51:1,3,4,11,13,14,25,27,28,32,49,306,64,65,66,74,78,87,93,96,99,100,102,105,114,115,116,117,119,126,132,154,169,173,184,186,187,199,205,206,207,209,218,222,223,226,228,262,268,269,272,273,274,279,285,290,294,297,300,314,318,324,335,336,338,342,364,373,396
52:1,4,5,6,31,35,37,46,73,58,63,65,71,84,97,101,111,114,116,120,121,127,140,146,157,161,164,179,189,198,202,218,221,228,261,263,264,271,272,275,282,283,285,286,287,301,306,314,322,326,333,340,342,350,357,359,361,367,387,395,398
53:11,12,13,15,18,24,25,26,29,41,44,374,62,68,71,79,84,87,90,118,135,144,146,154,168,175,177,179,184,186,200,203,213,215,222,234,237,242,243,247,266,268,271,278,289,293,295,297,314,320,350,351,354,356,358,364,376,385,392,393,404
54:12,20,21,24,27,37,401,55,67,85,93,102,108,121,124,129,136,150,152,154,166,174,193,194,196,201,216,220,225,236,240,243,250,269,271,272,275,278,287,303,308,314,323,328,339,362,365,366,381,390,391,395,402
55:18,20,30,32,46,50,54,116,58,60,63,67,68,76,86,96,97,103,110,112,124,127,133,140,155,170,171,178,187,194,195,204,213,219,225,245,247,261,263,281,283,284,285,289,295,298,301,304,305,307,308,313,317,320,333,336,361,367,368,379,396,406,409
56:0,8,14,21,25,41,224,60,62,65,71,75,79,87,89,105,109,136,148,169,173,178,188,191,198,204,205,212,214,219,226,227,235,241,251,252,259,260,281,284,306,311,323,325,333,336,339,341,345,361,362,363,365,367,369,378,394,405,406
57:2,5,14,26,29,36,41,50,387,58,74,83,85,94,95,101,126,132,134,141,144,146,148,150,157,162,175,181,183,192,194,218,220,223,227,235,237,239,244,253,258,284,301,314,335,336,346,357,359,360,363,365,368,380,389,390,394,397,399,401,408
58:23,25,29,37,43,49,52,55,57,407,66,84,87,126,130,131,134,135,140,147,148,151,155,169,171,174,176,181,184,186,195,198,200,230,237,244,249,261,267,284,286,295,297,304,311,314,316,332,341,343,346,362,364,368,388,389,392,395,396,399,403
59:17,18,23,26,35,45,47,63,69,71,72,74,75,98,99,109,124,130,135,143,144,153,169,183,195,203,204,209,217,231,240,243,248,251,257,267,275,286,289,300,305,322,335,342,346,350,358,361,377,380,387,396,401
60:5,6,10,21,24,26,39,47,50,55,56,273,69,71,77,94,100,101,113,115,116,120,125,129,134,135,159,178,179,180,184,201,206,211,212,223,236,237,239,243,246,251,255,258,264,268,270,281,283,286,293,295,296,298,299,317,339,348,366,368,376,393,397,401,404
61:3,11,13,30,32,33,39,45,87,69,70,74,81,92,94,98,100,107,108,110,115,126,131,140,143,155,156,158,166,171,175,184,206,214,217,218,230,231,242,243,263,267,271,278,279,295,297,302,315,317,319,329,332,333,350,352,354,365,369,383,388,394,400,407
62:1,32,53,56,277,67,68,78,104,111,113,130,133,137,145,150,160,175,176,187,189,197,198,211,215,220,222,232,238,255,256,264,267,286,293,298,304,308,315,318,319,322,324,325,330,333,347,353,383,401,405,406,408
63:8,11,22,29,32,43,48,52,55,59,362,75,76,80,82,86,88,91,104,105,120,136,137,138,171,181,184,189,194,196,206,212,214,216,217,223,224,232,248,251,253,254,257,260,266,275,278,292,295,317,319,320,327,335,343,351,357,360,372,380,382,403,407
64:10,17,18,20,23,24,25,30,38,40,51,257,67,69,71,75,84,97,103,110,111,114,120,129,133,150,153,160,167,170,175,179,185,189,190,201,209,210,212,214,227,228,229,237,239,247,251,264,266,273,277,284,287,302,306,313,317,322,328,338,360,375,387,390,395,398,403,407
65:2,7,8,23,39,40,49,50,51,52,56,123,73,81,99,106,113,122,133,141,150,179,193,195,210,212,231,235,237,240,245,263,267,271,274,277,281,283,286,292,295,298,299,301,305,311,315,329,332,335,342,356,360,368,371,373,374,378,380,382,387,397,399,400,403,406,407
66:11,16,17,20,24,29,31,46,51,58,218,90,97,104,106,107,108,113,116,122,129,131,142,145,146,157,160,163,185,189,190,207,220,233,234,236,252,259,263,265,268,274,276,297,304,311,315,340,347,352,354,360,373,375,388,391,392,397,403,404
67:7,19,34,45,48,49,50,54,55,62,64,120,79,97,105,110,111,114,115,116,136,141,151,154,162,172,173,227,228,240,242,248,253,256,264,292,298,300,313,319,321,326,328,333,341,360,368,369,389,390,395,400
68:0,1,21,23,31,34,45,49,50,53,55,62,398,72,105,110,119,125,132,141,148,149,150,171,176,182,208,210,214,215,217,222,226,233,239,242,249,254,276,282,294,295,299,324,333,335,344,351,364,365,370,381,391,392,396,397,399,408
69:7,23,30,32,34,41,59,60,61,64,323,84,86,102,105,113,129,138,158,173,174,177,179,181,183,190,193,200,204,209,211,228,230,232,250,258,259,268,272,299,301,308,312,313,315,326,332,338,353,354,355,372,377,378,380,383,385,388,395,407
70:18,19,23,33,34,46,61,209,71,79,80,82,83,100,102,125,126,127,131,151,157,164,165,194,202,203,208,214,240,244,256,265,269,271,277,282,286,289,290,292,298,305,306,310,312,314,326,337,339,366,367,368,383,393,396,399,401
71:0,10,15,25,29,40,43,45,52,53,56,59,60,64,70,340,74,75,88,103,107,109,116,119,127,146,147,148,149,169,170,172,175,182,189,191,215,216,223,227,238,246,266,270,277,295,296,297,301,320,326,330,331,341,357,362,366,378,379,380,387,392,394,403,404,405
72:0,6,7,16,17,20,22,27,29,30,35,37,45,49,59,68,288,74,80,84,134,157,170,171,173,174,181,189,190,192,193,197,208,218,224,226,227,228,232,238,241,243,247,250,256,268,276,287,290,292,335,337,338,351,371,373,376,391
73:6,8,19,20,29,34,44,47,52,65,228,91,92,98,100,101,104,111,118,125,129,139,152,155,165,197,200,201,204,210,218,234,237,243,245,266,290,292,315,329,333,338,344,345,351,372,379,384,396
74:2,16,19,28,42,45,51,57,59,61,71,72,338,76,77,80,81,82,87,93,97,98,109,113,117,124,130,135,141,154,163,190,192,196,200,204,211,215,218,224,226,231,232,242,243,249,250,255,257,258,259,260,261,265,266,268,287,288,293,296,321,325,330,331,364,371,378,379,385,404
75:8,26,35,43,50,56,59,63,64,71,329,82,88,95,104,106,112,118,119,124,140,153,157,163,181,196,208,212,216,223,225,226,237,250,251,268,292,293,306,308,311,323,324,330,332,334,335,342,344,348,356,358,369,381,387,389,391,394,398
76:12,14,18,19,21,25,28,30,42,43,44,55,63,74,196,78,83,85,91,92,100,109,111,120,125,134,140,143,147,155,165,166,170,172,177,180,188,193,195,219,232,236,245,248,251,255,261,289,293,304,311,312,313,315,318,326,329,331,334,335,338,344,352,392,394,406
77:33,40,48,50,60,74,204,79,81,85,91,92,97,100,101,103,111,112,117,120,123,128,137,138,144,154,163,166,169,172,173,184,185,200,205,213,216,220,232,242,246,247,250,256,273,274,276,279,283,291,299,301,304,309,314,324,330,335,339,341,343,344,346,363,366,377,380,388,390,392,395,397,399,402
78:5,6,27,31,33,40,46,47,48,51,62,76,369,88,93,98,110,111,124,150,151,172,187,192,199,204,209,215,228,230,233,243,246,251,253,258,272,275,278,279,281,285,293,296,337,343,354,360,367,386,395,399,402,405
79:3,10,11,14,17,18,19,20,36,40,50,53,56,67,70,77,146,81,91,94,98,108,111,115,119,127,142,144,151,157,161,163,172,173,188,205,206,212,217,223,227,232,238,239,242,263,267,269,271,274,279,287,288,294,299,300,303,305,306,308,325,343,348,350,359,360,370,371,379,391,396,408,409
80:2,18,26,32,33,43,63,70,72,74,269,91,99,101,143,144,171,193,209,210,213,217,221,222,224,226,229,240,247,251,253,263,280,285,289,293,297,300,313,326,333,341,365,373,375,376,377,378,384
81:4,8,9,23,38,40,49,50,61,65,74,77,79,308,87,104,105,115,117,118,141,142,146,148,157,170,171,179,192,196,214,226,228,233,245,252,254,274,280,287,289,292,300,307,312,322,345,347,372,377,383,387,398,401
82:1,4,5,18,20,24,39,43,63,70,74,75,120,85,90,102,105,111,115,116,119,128,133,162,168,183,191,192,194,197,202,204,221,225,233,234,240,248,251,254,256,267,269,277,278,281,283,285,288,294,314,328,334,341,342,346,357,361,363,365,370,374,376,380,383,399,401,402
83:4,11,13,14,15,25,32,40,50,57,70,76,183,86,97,98,99,101,103,104,106,107,108,122,126,127,132,141,142,145,148,158,172,182,184,185,188,192,194,199,202,205,208,226,244,248,249,251,252,253,272,278,284,285,286,300,305,308,309,314,316,317,321,331,333,338,365,368,375,378,399
84:4,9,13,21,26,34,37,38,42,47,52,53,58,64,69,72,349,85,108,110,116,139,144,150,152,157,163,166,173,182,183,185,186,190,192,195,197,202,205,206,211,217,219,226,229,231,232,233,234,249,255,257,261,264,266,269,275,281,282,286,289,293,296,298,301,303,307,310,327,328,329,338,345,351,372,396,399,408
85:2,3,35,42,49,54,57,76,77,82,84,332,87,91,110,111,122,123,126,131,133,140,147,170,182,195,198,213,214,216,233,234,236,240,241,242,253,256,268,270,271,276,282,288,292,298,302,304,306,312,317,322,323,342,344,345,356,359,361,362,363,367,373,380,381,384,389,396,406,408
86:1,2,12,17,23,36,39,40,41,42,55,63,69,83,375,88,92,97,103,127,137,143,152,166,170,171,195,196,205,207,217,222,229,241,243,246,250,256,265,270,288,290,307,308,318,328,330,334,337,338,357,359,363,367,371,373,376,384,386,391,392,398,407
87:8,12,19,22,39,40,43,45,51,53,56,58,61,74,81,85,342,88,95,97,101,126,137,144,157,169,190,193,199,200,214,215,229,232,238,243,247,252,255,261,263,265,287,288,289,322,323,324,328,334,335,345,353,356,359,365,366,374,389,391,399,401,402,405,406
88:0,1,6,7,16,17,19,20,28,29,32,37,38,39,49,63,71,75,78,86,87,290,95,105,121,129,131,134,137,138,142,143,152,157,161,178,180,184,187,189,197,198,200,209,213,215,220,229,237,243,261,266,269,278,279,284,296,301,303,304,311,346,355,372,382,394,397,403,405
89:15,27,31,33,46,56,353,95,99,103,107,112,113,114,119,120,136,147,162,171,178,180,181,205,218,228,232,242,243,253,266,269,274,284,287,290,299,313,325,326,327,329,371,372,379,381,387,388,399,402
90:1,5,8,29,32,40,44,46,53,66,82,400,96,97,103,108,121,124,128,129,141,159,161,166,179,180,182,188,192,207,212,221,228,241,243,250,274,276,281,282,291,295,313,335,341,343,352,368,379,382,390,391,394,395,397,404
91:0,23,26,42,63,73,76,77,79,80,85,239,94,96,108,115,118,121,128,136,140,143,161,164,180,183,188,196,206,207,208,230,237,243,268,290,296,300,301,304,310,317,330,340,342,358,366,374,406,407,408
92:13,15,22,27,31,39,41,46,61,73,76,77,86,279,93,100,111,114,115,116,126,130,135,138,139,144,145,152,155,172,184,189,191,192,196,199,212,215,219,228,233,240,243,244,245,275,287,296,311,333,334,341,356,362,364,379,380,388,391,392,395,401,404
93:3,15,20,27,33,35,47,51,54,74,78,92,152,104,106,110,121,126,129,141,148,154,181,192,197,221,226,229,231,238,239,241,245,251,253,271,281,283,310,313,320,341,345,356,361,366,367,376,382,388,403,404,405,408,409
94:2,3,8,12,27,33,41,45,47,50,57,60,61,79,91,291,96,98,106,107,114,120,123,128,132,143,144,150,170,177,180,185,188,198,199,204,211,213,217,230,237,239,250,256,257,270,276,277,307,309,311,312,320,335,339,355,356,363,365,366,371,391
95:6,9,19,24,28,41,48,57,75,87,88,89,406,96,101,102,105,110,131,132,139,141,142,146,152,154,157,160,169,176,177,192,194,215,238,239,244,255,260,284,310,314,317,322,323,331,332,338,339,342,362,367,376,393,394,408
96:15,19,24,35,36,46,51,55,90,91,94,95,268,98,111,121,123,125,155,165,181,182,183,187,198,230,236,243,249,257,259,260,281,289,290,295,308,317,335,339,343,346,351,353,361,362,368,371,383,391,394,396,398,401,407
97:2,11,13,14,21,25,35,37,42,43,44,52,55,64,66,67,74,77,83,86,87,90,114,110,116,137,154,161,165,179,185,186,194,195,203,221,222,224,228,231,235,238,240,242,257,264,269,272,285,288,299,317,319,328,331,350,355,356,361,371,389,396
98:6,28,40,44,45,59,61,73,74,78,79,83,94,96,138,101,102,112,114,116,141,143,151,158,162,163,185,187,190,210,217,227,246,247,258,262,269,272,273,280,284,287,288,289,307,310,312,321,326,337,343,352,357,365,366,386,401,402,406
99:5,8,38,46,50,51,59,65,80,83,89,216,100,101,104,108,112,113,124,141,143,145,153,155,156,159,176,185,186,190,201,207,231,239,240,250,252,275,279,280,289,294,302,303,312,318,331,334,342,371,376,377,383,385,393,395
100:4,9,20,29,40,44,45,51,60,61,70,73,76,77,92,99,385,111,113,144,162,201,205,233,240,241,252,253,264,267,268,283,287,293,308,312,316,321,347,350,353,359,372,375,378,381,384,387,393,398,405
101:7,8,22,30,33,45,52,57,60,73,77,80,83,87,95,98,99,209,111,131,133,136,140,146,153,163,164,173,184,188,193,201,204,205,210,224,229,250,253,263,276,280,283,285,288,289,296,300,301,335,350,352,368,376,381,385,388,389,404,407
102:3,16,20,32,37,41,50,51,54,69,70,82,95,98,267,119,122,123,125,132,136,137,144,145,147,148,157,167,169,174,176,177,182,195,204,209,210,222,232,250,252,255,266,271,279,295,297,305,310,312,330,359,362,364,372,376,389,395,396
103:2,3,11,15,16,21,40,41,44,46,50,55,64,71,77,83,86,89,90,219,105,106,115,119,120,121,128,130,137,144,145,147,149,154,178,188,197,198,209,220,230,240,242,249,260,279,283,299,310,315,321,322,332,346,347,349,351,357,361,367,369,370,375,379,385,392,396
104:2,4,25,31,62,63,66,73,75,81,83,93,99,160,105,107,117,122,126,129,130,146,155,158,169,170,171,174,177,178,194,216,222,233,254,263,274,275,276,280,288,295,301,303,310,316,319,322,327,337,346,351,352,355,356,361,364,367,370,380,402
105:0,5,15,23,28,29,39,50,51,56,63,67,68,69,81,82,88,95,103,104,120,109,114,122,127,128,133,135,148,157,160,162,169,176,188,204,217,218,230,231,250,251,254,257,280,298,303,305,306,312,314,320,336,345,349,355,356,360,376,385,390,394,401
106:6,10,15,17,26,29,33,44,45,65,66,75,83,93,94,103,186,114,116,139,145,146,147,148,157,174,175,192,197,198,200,203,211,213,226,235,243,247,250,254,255,256,262,265,272,276,278,286,294,295,299,301,304,306,308,314,315,325,335,340,347,356,359,365,369,380,388,396,405
107:1,4,6,8,12,18,21,27,50,61,66,71,83,89,94,104,370,108,110,111,113,117,118,126,130,131,132,143,147,154,160,169,176,184,189,192,206,209,217,230,241,246,252,255,256,257,258,282,303,337,345,347,352,363,367,378,383,384,385,394
108:2,9,16,38,54,61,66,79,83,84,90,91,99,107,272,109,124,127,152,153,154,157,161,163,164,166,167,180,184,187,199,207,219,220,222,230,249,251,254,257,275,279,282,287,294,301,302,306,309,314,323,329,331,336,339,342,357,360,374,391,398,400,405
109:0,9,10,23,24,37,38,48,56,59,71,74,76,105,108,280,121,123,124,131,149,152,153,157,158,164,165,168,174,180,185,189,192,193,196,198,201,203,206,219,227,229,230,232,234,245,251,260,274,277,281,293,294,296,302,303,304,317,320,325,326,334,343,351,357,363,365,368,374,392,394,401,405
110:0,3,5,7,12,17,18,22,28,32,37,41,42,44,45,47,55,61,64,67,68,78,84,85,93,95,97,107,249,123,128,129,135,145,149,155,157,161,162,163,170,177,184,189,204,209,215,224,228,236,241,246,250,251,264,266,272,282,285,290,291,306,307,309,310,319,329,339,341,342,345,361,364,366,371,385,391,409
111:8,14,17,19,30,41,49,52,62,64,67,73,76,77,78,79,82,85,92,96,100,101,107,378,116,126,134,157,166,170,174,176,178,181,188,191,192,204,205,217,221,231,235,240,249,250,269,273,276,279,280,299,309,313,324,328,332,334,349,351,352,358,374,391,395
112:1,10,16,17,27,30,42,46,47,55,75,77,89,98,99,133,138,148,151,152,157,164,180,182,185,187,188,191,196,199,200,205,206,212,222,231,232,246,249,252,264,269,277,278,284,286,302,303,304,309,311,330,343,347,353,358,364,384,387
113:3,10,14,19,20,32,35,39,46,47,49,60,62,65,66,69,74,89,99,100,107,357,114,117,120,127,140,151,153,162,163,177,180,198,212,214,226,232,240,241,250,259,260,262,263,281,285,286,287,291,297,322,360,368,385,387,391,392,404,409
114:8,19,23,26,28,38,48,49,51,52,64,67,89,92,94,97,98,105,106,113,380,116,129,132,136,148,150,153,159,161,164,171,172,175,180,182,191,192,194,199,203,206,212,221,233,238,240,241,247,248,252,263,267,272,290,297,299,303,309,311,326,327,333,342,346,347,351,355,364,369,374,375,384,385,389,392,406,407
115:5,15,21,26,31,34,35,42,51,60,61,67,79,81,82,91,92,103,250,116,137,145,146,153,157,162,164,173,197,198,199,203,220,221,230,241,244,247,260,265,269,275,276,277,286,297,302,303,305,307,328,346,348,350,374,378,381,397,405,406,408
116:0,2,8,11,14,16,30,36,38,44,51,52,55,60,66,67,71,82,84,92,97,98,106,111,114,115,308,130,133,135,142,146,148,166,174,195,199,211,222,229,235,239,242,245,249,257,267,269,271,280,285,286,289,311,313,315,341,347,355,363,367,368,373,379,381,393,397,399,409
117:5,9,15,16,32,51,74,77,81,104,107,113,254,121,125,128,130,131,134,141,152,170,217,224,225,228,230,233,242,248,256,260,261,267,275,279,282,295,299,303,307,308,310,316,326,344,346,347,348,359,364,365,374,390,399
118:2,5,12,13,14,27,28,31,36,37,44,53,73,75,81,91,107,216,132,134,138,147,155,166,188,192,196,203,206,221,234,235,249,256,257,267,269,279,282,285,303,306,313,332,335,336,342,345,348,349,376,383,386,387,389,393,407,408
119:17,25,30,33,39,41,51,68,71,75,79,82,89,102,103,241,126,137,146,150,154,158,165,170,174,183,196,199,200,213,233,240,255,258,261,270,271,273,281,284,289,291,297,304,314,315,337,341,351,360,362,368,385,386,390,391,392
120:22,30,31,34,39,49,52,60,63,64,67,76,77,82,89,94,103,105,113,170,123,128,131,132,139,140,142,147,154,174,179,181,186,187,189,192,194,221,226,227,231,247,254,271,274,275,287,289,290,294,305,313,324,332,350,370,381,386,387,388,402,408
121:1,6,52,54,88,90,91,93,96,103,109,117,325,127,138,139,149,161,167,176,178,180,187,189,190,191,198,216,223,224,225,228,240,247,269,284,296,307,310,321,341,349,351,357,360,367,371,379,391,393,397,399,408
122:4,5,16,30,39,40,49,65,66,83,85,102,104,105,178,129,134,137,139,141,168,170,176,195,204,205,233,239,241,247,258,270,272,276,292,298,304,313,319,325,327,360,365,375,385,387,391
123:4,25,29,33,42,65,77,85,94,96,102,109,110,120,143,131,134,155,157,166,176,183,193,198,206,224,226,227,229,232,234,235,236,239,258,261,266,271,280,282,294,299,303,310,314,318,320,322,332,335,338,357,365,377,382,387,388,390,393,399,401,404
124:4,9,17,23,27,42,43,54,55,59,74,75,78,90,99,108,109,219,131,134,139,145,161,164,173,174,185,187,197,223,228,231,233,237,241,247,253,260,263,265,269,291,295,303,324,339,344,348,357,365,367,370,378,380,387,392,395
125:3,9,10,16,25,38,40,60,68,70,73,76,96,102,117,143,128,145,152,157,158,159,167,171,177,181,188,191,193,195,197,203,211,212,215,223,228,233,236,238,242,248,296,297,303,306,313,315,319,328,334,341,342,343,354,355,365,367,374,375,388,401,404,406
126:3,21,23,31,48,51,57,58,61,70,83,85,87,92,93,104,107,111,119,372,127,131,134,150,154,159,164,169,170,177,181,185,188,201,206,213,215,219,225,229,241,242,256,262,266,288,293,295,302,308,316,337,339,345,347,354,365,369,386,394,395,396,403,405
127:23,25,28,49,52,55,70,71,79,83,86,105,108,113,121,126,323,129,139,141,151,153,168,175,178,186,204,207,224,226,258,260,262,273,282,285,292,293,294,318,319,322,324,328,337,349,355,362,368,369,370,382,392,393,394,400,401,404
128:14,16,21,23,29,40,77,82,90,91,94,103,105,110,117,120,125,373,132,137,147,165,168,171,173,178,189,205,206,209,225,231,239,248,273,284,301,309,321,326,334,335,352,359,361,366,370,394,396,397
129:2,5,11,20,21,22,27,47,54,60,64,66,69,73,88,90,93,104,110,114,122,127,245,132,136,162,168,179,182,186,187,190,191,192,201,216,232,233,239,247,252,257,271,275,278,289,292,304,323,325,335,336,359,373,393,394,401,406
130:3,7,20,22,26,38,39,50,58,59,62,74,92,103,104,107,116,117,354,134,135,140,152,166,171,177,181,193,198,211,227,235,239,244,253,263,269,280,282,288,289,302,305,307,310,314,324,335,336,337,342,348,351,356,361,371,372,375,385,390,391,395,399,407,409
131:3,13,14,18,22,25,31,35,48,58,61,66,70,85,88,95,101,107,109,117,120,123,124,126,327,143,149,166,169,180,193,202,203,211,212,224,235,245,257,258,261,262,276,277,281,297,300,302,309,312,317,320,325,333,344,349,360,363,373,381,390,404
132:0,3,10,12,15,24,31,37,48,51,57,68,83,94,95,102,107,114,118,120,128,129,307,136,139,141,149,150,151,153,165,176,193,206,235,238,240,243,250,258,259,276,288,293,306,309,310,312,313,324,344,354,358,366,385,393,405,408,409
133:0,3,5,10,11,18,34,55,62,64,65,82,85,101,105,112,116,163,151,161,172,175,179,181,186,187,189,190,204,229,241,242,247,248,252,254,262,264,271,274,282,283,285,308,313,316,336,337,338,347,355,357,359,364,366,367,369,371,384,392
134:0,2,7,17,18,23,32,35,57,58,60,72,76,88,111,117,118,122,123,124,126,130,207,141,152,178,183,184,193,194,202,211,219,231,244,245,251,253,257,270,274,281,291,295,298,328,337,340,354,358,366,371,378,386,397
135:2,6,19,22,34,39,40,48,49,53,58,59,60,74,92,105,110,116,130,190,137,145,148,152,160,163,168,174,175,183,188,189,196,207,217,219,231,238,241,244,247,261,264,265,272,277,278,283,286,288,293,295,296,312,317,319,329,331,344,345,355,360,362,364,368,370,400,407
136:2,10,13,14,24,28,40,47,54,56,63,67,89,91,101,102,114,129,132,300,145,160,162,166,169,170,195,200,204,217,222,231,245,248,250,252,264,270,275,279,281,283,286,290,293,307,310,317,319,323,325,343,364,365,372,384,388,401,404
137:13,15,19,30,35,39,48,62,63,77,86,87,88,97,102,103,115,119,122,128,135,364,141,145,149,157,163,168,188,194,195,198,201,219,239,246,247,252,254,256,270,271,282,287,291,294,298,302,303,308,309,327,333,334,337,339,377,384,395,399,401,406
138:20,28,35,43,47,63,69,77,88,92,98,112,118,121,148,147,149,156,158,170,171,173,176,187,193,196,203,208,211,214,245,254,273,277,284,315,324,332,339,358,368,377,384,397
139:2,26,38,40,73,84,92,95,106,120,121,122,124,127,132,383,149,152,162,164,172,178,182,186,195,205,208,210,213,223,243,246,251,252,254,255,257,258,266,273,274,298,312,316,324,327,333,334,336,337,339,344,346,355,368,377,382,386,392,399,400,405
140:11,12,15,16,26,39,44,52,55,58,61,75,76,85,91,101,113,120,130,190,144,146,147,157,170,182,188,192,199,202,204,208,212,222,230,231,239,242,246,264,268,272,274,276,282,283,284,285,289,301,333,334,338,369,383,384,393
141:2,9,13,20,23,28,33,43,57,65,67,68,74,81,83,90,93,95,98,99,117,122,127,132,134,137,294,150,158,163,164,177,179,191,198,199,203,205,218,226,230,231,240,250,251,252,260,281,284,290,300,309,328,331,336,346,347,349,351,356,387,390,391,397,403,404
142:6,17,26,30,36,66,79,81,83,88,95,116,120,353,147,151,156,162,182,183,184,185,186,197,208,211,213,223,226,240,245,249,264,268,277,281,285,294,295,299,300,301,303,306,307,308,313,317,320,321,351,364,366,367,372,386,390,393,404,408
143:1,3,9,10,13,16,24,41,49,59,61,76,80,86,88,91,94,98,99,107,123,125,131,383,150,152,161,163,168,173,177,194,212,214,216,220,223,229,259,265,270,271,285,297,300,306,335,338,358,359,364,369,370,371,390
144:9,16,17,21,27,29,30,31,34,47,53,57,59,77,79,80,84,87,92,94,100,102,103,140,209,153,155,157,160,169,174,178,183,189,197,198,202,215,229,236,253,265,267,272,280,281,285,294,299,307,308,313,318,323,325,330,332,333,345,352,355,361,364,365,371,375,382,384,387,396,401,409
145:17,26,27,32,33,47,62,66,83,92,99,102,103,106,110,115,124,125,135,136,137,360,146,147,157,158,167,175,177,193,196,209,218,235,243,250,253,257,261,279,280,295,298,304,310,316,321,322,324,325,326,327,336,341,349,361,362,367,372,375,384,396,400,403,407
146:5,11,20,34,52,53,57,66,71,79,81,95,101,104,106,115,116,119,140,145,355,169,178,189,202,208,209,220,224,226,242,243,246,250,251,252,264,267,268,273,279,281,291,298,302,303,327,338,347,362,366,368,372,374,386,394,398,399,405,409
147:6,18,21,43,44,48,58,71,76,85,89,102,103,106,107,118,120,128,138,140,142,145,344,152,153,155,170,174,180,181,188,202,206,221,226,230,257,258,262,270,271,275,276,279,284,294,306,313,316,319,328,330,341,343,351,354,355,365,370,371,376,378,388,389,390,393
148:1,3,10,22,25,30,42,45,56,57,58,68,71,81,83,93,102,105,106,112,114,116,135,138,388,153,166,175,176,181,199,200,213,216,220,225,233,234,236,263,282,283,290,299,306,326,327,328,339,340,346,353,380,382,395,397,400,409
149:6,11,15,30,31,40,46,68,71,103,109,110,121,131,132,137,138,139,175,159,163,170,179,186,207,214,229,231,236,243,249,263,271,279,280,289,302,309,323,324,345,350,352,361,363,369,380,386,390,404
150:0,1,2,11,12,14,54,57,62,64,65,68,78,84,94,114,119,126,132,141,143,400,162,172,176,179,196,199,210,213,222,226,243,247,248,273,274,276,294,297,305,307,309,311,313,320,323,331,333,336,337,352,355,363,365,380,408
151:3,17,30,33,38,45,58,67,70,78,79,98,112,113,127,132,133,142,344,152,162,185,197,203,208,212,214,221,239,242,244,247,262,270,276,277,283,284,297,300,303,313,315,319,329,334,338,339,346,351,356,365,375,386,393
152:7,9,14,18,28,50,54,73,84,86,88,92,93,95,108,109,112,117,125,130,134,135,139,143,147,151,295,153,156,171,182,197,206,212,215,228,234,238,241,244,256,264,269,279,286,298,300,303,310,318,328,341,344,348,360,363,367,373,376,393,407
153:2,7,15,17,20,36,45,47,49,50,59,64,75,99,101,108,109,113,114,115,127,132,144,147,148,152,319,172,175,180,192,195,213,228,233,237,244,245,248,251,267,270,273,274,288,289,297,309,329,346,351,354,355,393
154:3,4,25,26,31,38,41,44,45,46,48,51,53,54,67,74,77,93,95,97,103,107,108,119,120,126,359,155,160,164,169,171,184,187,197,198,201,216,231,234,238,241,253,261,270,273,277,279,280,281,283,288,290,296,297,302,310,319,327,330,346,360,370,372,377,382,387,405
155:5,7,12,18,25,28,31,37,40,45,46,55,58,61,73,76,92,96,99,104,110,118,123,144,147,154,344,171,178,182,183,188,190,192,194,195,196,215,229,233,234,236,239,246,261,278,289,334,354,355,363,373,379,394,395,398
156:1,8,9,19,21,29,34,37,43,49,61,99,138,142,152,321,166,171,194,197,209,214,220,224,225,228,230,233,234,236,237,238,243,255,265,286,307,309,312,316,343,348,374,386,387,389,393,400,403
157:5,26,27,33,34,42,43,44,47,52,57,66,70,72,75,79,81,84,87,88,95,102,105,106,108,109,110,111,112,115,123,125,137,140,144,145,355,160,184,193,194,196,233,236,238,246,249,252,253,265,271,286,288,313,318,319,321,322,323,325,342,343,345,346,359,361,363,374,380,382,391
158:7,11,27,31,36,42,43,48,61,69,83,98,104,109,119,125,138,141,145,403,169,182,188,197,202,204,208,213,217,221,223,225,229,230,244,245,251,253,255,269,276,277,292,295,305,320,329,337,343,348,357,360,362,366,372,392,399,409
159:2,3,19,20,26,27,34,47,50,60,90,99,114,125,126,149,167,161,164,173,185,199,202,212,213,218,219,230,235,237,245,264,267,271,278,286,287,290,292,294,298,301,308,314,315,319,336,338,346,347,359,360,376,382,384,390,404
160:10,29,31,48,62,64,66,95,104,105,107,135,136,144,154,157,301,163,165,167,190,206,207,208,213,216,217,226,231,235,237,240,243,248,258,265,266,275,279,281,286,305,311,317,322,326,329,335,338,343,358,370,373,383,404,407
161:4,5,7,14,26,40,43,44,52,79,88,90,91,97,108,110,114,121,124,133,143,159,330,164,181,182,184,185,197,201,216,229,232,233,251,258,269,270,280,282,283,290,298,299,303,311,312,318,327,328,329,331,342,357,358,367,376,380,382,392,395,399,405
162:6,7,10,19,25,29,31,44,57,67,82,89,98,100,105,110,113,115,129,136,139,142,150,151,320,169,172,188,196,197,201,219,223,224,230,245,247,252,273,286,289,301,305,319,322,327,345,347,352,353,362,370,378,382,383,401,403,406
163:1,7,19,31,33,40,42,44,66,74,75,77,79,84,98,101,108,110,113,133,135,137,141,143,149,160,309,169,180,184,185,192,195,200,207,208,214,230,232,240,246,247,252,293,297,298,304,307,312,313,321,322,333,338,341,344,348,359,369,370,372,376,377,379,380,386
164:2,3,23,31,33,50,52,70,91,101,108,109,112,114,115,124,126,139,141,154,159,161,333,165,171,172,175,190,194,195,203,204,206,216,228,231,236,238,270,287,290,292,296,298,306,310,312,317,323,332,336,345,348,364,368,374,375,386,389,391,394,399
165:4,5,20,36,70,73,76,96,97,109,119,128,132,160,164,167,182,183,190,194,196,201,204,205,213,215,245,250,254,262,265,268,270,274,277,278,290,294,303,306,308,314,315,319,320,322,332,339,355,366,367,377,397,405
166:6,7,21,24,28,37,41,42,45,50,54,61,76,77,84,86,90,108,111,116,118,123,130,131,136,148,156,208,170,175,183,187,203,215,216,226,235,242,249,252,260,270,273,290,291,301,328,337,338,341,346,347,353,355,364,377,380,387,392,394,398,399,404
167:2,6,8,16,17,28,34,38,39,40,44,50,64,102,108,121,125,145,159,160,165,379,169,170,184,185,187,194,196,197,202,205,220,224,225,227,234,241,242,245,253,262,282,286,302,307,310,315,339,346,350,351,353,357,358,364,370,373,377,389,396,397,401,409
168:1,3,7,16,18,19,33,37,42,44,53,82,109,122,127,128,129,135,137,143,208,169,183,185,191,214,215,222,223,233,235,252,256,260,266,269,270,276,278,285,291,297,307,332,345,354,360,369,390,396,397,398
169:3,8,19,26,28,31,34,37,39,42,51,56,58,59,71,77,87,95,102,104,105,107,126,131,136,144,146,154,158,162,163,167,168,370,176,190,191,192,194,195,229,234,235,237,248,249,260,266,271,272,273,283,297,303,317,321,323,330,331,334,335,338,345,350,352,353,354,369,371,380,381,386,387,406
170:0,7,12,18,20,24,39,42,49,55,64,71,72,76,81,85,86,94,104,110,111,117,119,120,122,126,136,138,140,147,149,166,167,184,176,179,180,183,186,193,194,199,209,213,224,249,257,265,270,277,280,284,290,320,324,344,346,359,360,367,380,382,399,400,403,408
171:3,18,24,28,39,42,45,46,55,58,61,63,68,72,80,81,86,89,104,114,125,128,130,138,152,154,155,156,164,268,173,178,187,189,192,193,217,235,238,244,245,264,273,279,292,298,307,317,318,323,353,368,369,374,378,382,386,388,402,403
172:4,8,13,14,24,45,67,71,76,77,78,79,83,92,114,133,139,150,153,162,164,318,186,193,196,206,212,213,220,222,227,234,239,241,248,252,256,258,262,266,277,289,291,310,313,323,325,344,349,364,365,370,371,378,382,392,393,400,401,404,406
173:3,14,18,29,30,31,42,47,51,56,67,69,72,77,79,84,101,115,124,128,138,143,159,171,193,174,191,203,207,211,212,222,224,234,249,250,251,254,258,259,261,272,276,277,297,310,311,315,318,320,322,325,336,339,340,347,350,354,356,366,372,380,383,386,387,397,399,400,404
174:2,5,8,11,37,38,41,46,54,58,69,72,102,104,106,109,111,116,119,120,124,135,144,147,173,401,180,184,185,198,210,211,217,225,229,232,247,253,273,282,283,288,299,300,317,318,326,351,354,364
175:1,6,8,11,12,14,18,23,26,34,36,48,50,53,57,61,62,64,71,106,114,127,133,135,145,148,149,153,164,166,188,177,201,229,233,242,255,260,261,263,267,279,298,306,309,310,311,315,319,352,356,374,384,385,387,391,397,403,409
176:3,5,7,16,21,23,25,32,34,37,38,43,47,58,62,68,95,99,102,105,107,111,121,122,123,132,138,148,150,169,170,302,193,196,208,212,215,221,224,228,229,230,246,251,260,269,271,276,285,293,300,305,327,330,337,341,347,356,357,364,372,400,402
177:8,13,14,19,23,25,34,35,36,38,48,50,53,69,76,94,95,102,104,110,113,125,126,130,141,143,145,175,350,179,186,192,201,204,209,222,232,234,241,250,252,256,268,274,276,286,308,320,323,337,343,352,353,357,361,363,367,387,389,393,399
178:4,5,17,23,31,33,44,55,56,60,88,89,103,104,111,121,122,127,128,134,139,144,146,155,171,314,187,195,196,212,230,232,233,255,267,271,275,276,278,280,284,293,295,297,298,299,302,305,311,356,358,360,374,377,379,380,391,392,394,398,401,405,409
179:2,3,8,14,19,21,40,44,52,53,60,64,65,69,81,90,97,120,129,133,141,149,150,170,177,290,192,202,207,209,216,224,229,230,241,279,281,295,296,301,307,310,322,336,342,343,355,356,360,364,368,371,373,378,387,395,397,398,403
180:6,8,22,26,29,41,60,76,88,89,90,91,94,108,109,112,113,114,121,131,147,153,163,170,174,235,185,188,192,207,208,222,223,228,238,240,245,252,258,263,269,270,272,280,287,289,299,317,328,331,345,349,350,358,367,375,382,387,403,406
181:7,8,11,17,19,24,29,30,31,34,45,48,57,58,63,69,72,75,89,93,96,111,120,125,126,130,133,147,148,161,365,191,192,197,201,206,207,211,222,231,235,255,257,267,269,271,276,277,284,286,291,295,314,325,331,336,337,345,359,367,374,380,381,382,385,386,391,393,402,405,406
182:1,4,5,8,10,11,14,22,25,30,34,35,40,42,49,68,71,83,84,85,90,96,102,112,114,129,139,140,142,152,155,158,161,165,308,188,208,211,222,224,226,227,230,232,233,236,240,243,250,268,270,271,274,278,282,286,289,314,332,333,336,344,345,352,366,368,373,389,391,392,401
183:2,3,6,9,22,23,29,39,49,50,57,59,69,82,83,84,91,96,119,123,134,135,142,144,155,165,166,168,170,251,186,190,192,234,241,243,257,259,266,272,276,287,290,296,299,311,319,320,323,327,329,333,338,347,354,361,363,367,372,391
184:0,3,7,10,21,30,31,40,43,44,45,46,51,53,58,60,61,63,77,83,88,92,101,107,108,110,134,142,154,157,161,163,167,170,174,353,191,215,217,218,220,222,241,243,247,252,262,263,286,289,294,297,299,302,305,316,319,322,333,334,340,360,375,382,388,390,396,401
185:6,17,25,29,31,39,43,44,45,46,48,64,66,77,83,84,94,97,98,99,109,112,124,126,142,151,159,161,163,167,168,174,180,223,189,199,206,219,224,235,239,240,243,257,258,260,264,265,266,271,280,290,291,297,311,312,318,326,328,329,348,351,367,369,374,380,382,388,394,407
186:8,9,27,29,38,41,50,51,53,58,84,97,99,106,120,127,129,133,139,142,149,170,172,177,183,196,190,195,198,199,209,214,217,228,240,243,246,252,260,276,280,281,283,286,316,322,344,352,372,383,385
187:1,9,17,23,28,30,31,37,40,46,51,55,62,78,88,96,98,108,112,120,121,124,129,133,138,154,166,167,171,178,204,188,207,209,213,219,223,233,239,255,261,265,267,268,270,271,274,281,286,287,291,326,332,334,342,343,347,360,363,376,382,383,385,394,403
188:5,15,16,26,32,35,44,56,76,79,83,90,91,94,101,103,105,111,112,118,125,126,135,137,140,147,155,158,162,175,180,182,187,371,191,193,197,219,223,225,226,227,254,257,273,274,275,280,282,287,290,292,301,304,308,310,311,312,328,333,335,336,337,350,352,353,361,365,379,384,388,395,398,409
189:11,28,31,35,38,39,52,62,63,64,66,71,72,88,92,107,109,110,120,121,128,133,135,144,146,171,185,265,212,213,224,238,240,247,248,267,271,275,282,297,300,311,318,326,335,343,354,357,361,369,375,378,382,385,393,395,408
190:14,21,24,25,26,39,50,64,66,69,72,74,84,87,98,99,121,129,133,135,140,155,160,164,165,169,183,186,261,191,196,201,209,215,223,229,231,260,263,271,277,283,326,337,341,343,380,387,395,397
191:1,3,11,12,19,20,33,41,47,56,71,82,92,111,112,114,121,125,129,141,168,169,173,181,184,188,190,302,192,194,203,209,219,220,236,249,258,267,270,271,281,289,296,299,309,320,322,323,332,339,359,366,387,394,409
192:5,6,12,16,25,30,34,41,42,43,57,72,74,78,81,82,83,84,90,92,93,95,106,107,109,111,114,118,120,129,140,153,155,163,169,171,177,179,180,181,183,191,347,218,224,227,237,238,241,255,262,282,283,289,291,295,304,305,307,318,322,325,327,354,367,372,374,379,402,405,407
193:3,17,18,29,30,44,54,65,69,72,76,80,87,101,109,123,125,130,131,132,134,138,145,157,170,171,172,173,176,188,281,196,199,201,207,208,212,214,217,220,242,244,246,247,253,257,268,272,279,300,305,311,326,336,346,353,354,357,376,383,396,397
194:5,16,19,41,47,54,55,57,63,70,82,83,95,97,104,114,120,134,137,143,155,156,157,164,165,167,169,170,191,249,199,202,207,208,209,220,237,253,260,268,272,279,307,315,323,325,330,336,352,358,364,366,370,379,382,390,404,407
195:3,30,32,36,55,58,59,65,76,84,85,86,97,102,116,122,125,136,137,139,153,155,163,164,169,178,186,359,196,204,205,209,210,213,214,224,225,239,249,252,275,280,293,306,308,310,311,325,329,352,363,372,395,402,406
196:4,6,17,26,31,33,36,42,54,63,74,75,76,81,86,91,92,109,112,118,119,135,138,145,150,155,157,162,165,167,172,176,178,186,190,193,195,366,212,217,235,248,255,260,262,268,272,274,281,290,292,293,297,312,324,325,360,364,379,387,390,397,403
197:3,18,25,26,32,46,49,62,72,73,82,84,88,93,103,106,115,124,125,142,144,151,152,154,156,158,161,162,167,181,188,207,204,209,214,215,222,226,229,246,253,258,270,282,286,304,308,316,326,333,338,346,348,352,353,358,359,366,368,374,376,381,382,383,390,393
198:1,6,7,13,14,16,19,23,31,36,49,52,56,58,62,85,88,94,96,103,106,109,113,115,121,123,130,137,141,144,154,174,186,328,204,213,218,221,224,225,229,242,244,255,263,292,293,299,308,311,324,325,333,345,357,360,361,364,374,382,385,395,397,399
199:1,20,23,26,30,45,51,78,83,87,92,94,108,112,114,115,116,119,140,141,148,150,159,170,185,186,193,194,209,210,224,228,235,243,266,274,275,276,280,284,287,288,292,308,311,315,327,330,333,334,338,342,357,360,370,375,377,378,381,390,393,407
200:8,27,36,45,46,53,58,69,73,74,77,87,88,106,112,119,136,148,163,374,219,221,228,232,234,242,253,265,275,277,280,292,309,310,313,318,326,343,355,356,361,362,363,386,390,391,395
201:8,11,13,23,31,48,54,60,64,73,99,100,101,109,126,129,137,154,161,162,165,175,177,181,190,193,366,204,205,207,221,224,226,229,238,241,245,247,256,260,263,264,266,272,278,285,296,312,315,320,324,325,330,334,337,347,350,359,364,369,372,373,385,387,388,392,402
202:2,4,11,12,20,25,30,36,41,48,52,70,82,83,84,131,134,140,144,146,147,158,159,167,179,194,313,203,206,215,217,229,233,238,258,259,263,264,265,275,276,288,312,318,322,327,331,340,341,351,360,362,373,376,392
203:0,4,11,16,33,41,53,59,70,97,106,109,114,115,118,125,131,138,141,151,164,166,173,191,202,216,210,220,222,236,237,238,241,252,260,262,267,275,283,284,301,317,333,344,355,364,373,379,380,389,394,397,406
204:3,5,14,22,24,34,43,44,55,56,59,69,73,74,77,78,82,94,101,102,105,110,111,122,127,133,136,140,158,164,165,177,187,195,197,198,201,225,206,218,221,222,239,241,242,244,257,259,275,279,284,289,291,292,297,307,319,321,332,337,344,346,352,362,373,384,394,397,401,408
205:1,6,8,11,28,39,51,56,77,79,83,84,86,89,100,101,111,112,122,128,139,141,165,167,195,201,402,208,213,222,233,235,256,258,265,271,273,278,295,305,306,308,322,323,326,337,341,348,353,354,355,365,378,380,386,393,396,399
206:16,21,27,36,51,60,61,63,79,84,91,107,109,112,114,118,123,126,128,132,147,152,160,164,172,181,185,202,204,279,207,212,223,227,229,233,253,254,268,270,291,307,311,315,316,333,335,337,343,346,347,348,349,375,379,394,396
207:5,16,21,22,27,29,30,37,51,66,86,90,91,99,108,127,134,135,149,160,163,173,179,180,181,187,193,194,197,201,206,352,208,214,216,229,232,235,236,256,262,263,276,278,279,280,282,284,288,294,295,310,311,312,324,328,340,343,348,358,369,370,375,386,393,398
208:12,16,18,19,26,29,33,42,44,45,46,48,49,68,70,72,75,83,91,138,139,140,142,146,151,158,160,163,166,168,176,180,182,193,194,205,207,290,220,229,232,233,236,238,247,260,266,267,270,277,285,286,289,292,298,305,316,319,330,340,342,346,359,361,367,370,373,377,385
209:23,24,27,46,51,59,64,69,70,78,80,88,101,102,103,107,110,128,144,145,146,156,170,177,179,186,187,190,191,194,195,197,199,285,220,232,240,254,260,264,266,269,282,294,297,322,327,331,344,350,355,358,367,405
210:1,3,23,28,30,36,47,64,65,68,73,80,98,101,102,139,150,174,195,199,203,266,213,215,216,218,239,241,244,247,248,250,256,268,269,274,277,279,281,292,298,302,306,314,315,326,341,344,354,355,377,389,394,397,398,407
211:2,6,10,19,21,34,40,45,46,60,62,69,74,84,94,106,116,125,130,131,134,138,142,173,174,181,182,402,212,224,229,233,237,247,254,265,272,275,278,280,291,301,303,305,306,325,332,333,340,356,361,369,370,372,376,390,392,408
212:0,3,4,7,12,13,14,18,22,24,27,30,41,43,49,56,60,63,64,65,75,79,90,92,112,113,114,125,131,140,143,151,152,159,172,173,176,178,189,193,196,206,211,361,220,224,256,270,281,310,314,317,322,330,331,339,340,357,358,360,370,372,376,389,403,404,405
213:0,22,23,28,29,31,35,39,47,53,55,77,80,85,88,94,106,119,126,139,142,148,150,153,158,159,160,165,170,172,187,189,195,198,205,210,387,225,227,232,238,244,245,249,263,281,286,290,295,296,303,336,365,367,377,380,388,393
214:3,6,30,35,49,50,56,61,63,64,68,70,81,85,87,113,138,143,149,151,156,163,168,186,193,195,197,207,317,215,228,260,263,270,276,282,285,286,289,307,315,324,332,337,349,351,354,355,356,378,380,396,399,402
215:13,14,15,29,35,39,43,46,48,53,62,68,71,74,78,87,88,92,95,110,125,126,144,152,155,165,166,168,176,184,190,197,202,210,214,378,218,227,238,249,250,261,282,286,303,307,313,317,328,331,337,344,348,354,366,369,370,382,386,392,396,404
216:16,24,25,28,36,38,40,42,54,63,71,75,77,85,99,104,118,121,129,143,148,154,160,161,164,166,179,203,207,210,271,217,222,231,235,237,250,260,273,280,281,293,298,302,303,306,312,313,319,323,325,329,330,341,343,346,348,354,357,358,363,372,381,384,394,408
217:1,2,7,19,36,37,40,59,61,63,68,79,80,84,86,94,98,105,107,111,117,135,136,158,160,171,174,184,186,193,196,202,216,231,222,223,227,236,238,241,245,248,249,252,253,256,257,261,262,265,275,286,304,319,325,326,334,341,342,351,363,365,391,402
218:21,36,39,44,48,51,52,57,61,66,72,73,74,89,105,141,145,159,184,192,198,204,210,215,343,222,227,237,244,252,277,282,287,291,292,293,301,307,312,318,320,345,364,370,372,396,399,400
219:3,12,22,42,50,55,56,76,84,92,103,108,109,124,126,134,135,137,159,162,185,187,188,191,200,292,223,243,254,261,271,275,286,307,319,320,328,340,356,363,368,371,379,383,386,398,399,403,404,405,409
220:0,8,18,25,32,43,46,49,54,57,62,66,77,88,103,108,115,143,146,148,156,167,172,184,191,193,194,203,208,209,212,263,224,230,233,236,240,244,245,250,255,256,258,266,273,274,283,295,297,298,303,314,321,331,333,342,346,347,348,351,352,355,360,361,377,382,385,387,388,395,399,401,404,408
221:0,3,11,32,36,47,48,52,80,82,90,93,97,111,114,115,118,120,147,151,158,176,198,200,201,204,395,224,251,253,257,262,268,269,275,280,284,285,286,293,301,307,310,321,323,346,361,362,367,370,377,400,405,406
222:11,15,23,42,48,51,53,62,68,80,86,97,102,104,108,112,116,136,140,150,168,172,173,177,180,181,182,184,197,203,204,205,216,217,218,373,254,267,268,272,277,285,296,317,318,319,325,331,338,346,350,353,366,368,369,381,387,390,394,396,402,404,406,407
223:3,34,38,40,43,45,47,51,57,60,63,71,75,79,121,124,125,139,142,143,158,162,168,180,185,187,188,190,206,217,219,375,224,241,245,253,264,270,271,276,278,291,294,301,303,313,318,328,331,348,352,355,358,361,362,364,365,372,374,388,391,393,394,399,406
224:1,6,9,10,20,29,30,32,37,47,56,63,72,74,80,97,101,110,117,121,123,127,131,146,156,162,167,170,173,176,179,182,185,189,192,195,198,199,201,211,212,220,221,223,387,228,231,232,237,242,247,249,276,279,283,287,289,290,293,300,302,318,319,326,329,334,336,345,354,355,363,365,368,370,382,384,394,400,401,408
225:6,7,29,33,37,40,42,43,54,55,75,82,117,121,126,128,148,156,158,167,174,188,195,198,204,213,227,231,233,242,243,244,267,280,286,287,302,310,336,339,340,352,357,360,363,395,400,401,402
226:1,6,7,8,20,27,30,34,50,51,56,68,72,74,75,80,81,83,84,93,106,113,120,123,127,141,142,146,147,150,160,166,182,188,197,201,259,236,248,253,256,257,265,268,276,277,279,293,300,309,318,321,326,330,348,353,369,372,400,403
227:28,39,40,56,57,64,67,71,72,79,98,109,120,123,130,167,172,182,188,192,206,213,215,217,218,225,240,252,254,259,263,265,270,274,283,298,315,316,318,320,330,343,356,357,366,370,381,388,392,395
228:0,9,15,18,27,28,41,47,51,52,64,67,69,72,73,78,81,89,90,92,97,110,117,121,124,125,152,153,156,164,176,180,186,199,200,214,224,317,232,239,243,257,268,270,283,286,291,310,315,320,329,335,341,343,344,366,379,389,390,394,398,407
229:1,5,15,35,41,43,64,80,84,86,87,88,93,101,109,116,123,126,133,143,144,149,155,158,161,169,174,175,176,179,190,197,198,201,202,206,207,208,211,373,235,238,239,252,253,255,265,269,285,290,293,308,309,325,326,329,334,337,345,350,377,380,383,392,401,407
230:2,9,10,12,14,16,20,21,25,42,58,61,69,78,91,94,96,103,105,107,108,109,115,117,140,141,147,156,158,159,162,163,176,178,179,182,220,350,239,247,248,250,257,262,273,280,288,300,315,316,320,325,328,330,332,334,337,345,361,363,371,374,375,376,380,387,388,394,397,403,407
231:5,13,15,17,18,20,27,30,38,39,44,49,59,61,65,74,84,93,97,99,105,111,112,120,124,128,134,135,136,140,141,149,154,160,164,181,190,216,217,224,225,366,236,238,240,243,245,255,257,265,266,276,279,282,287,292,296,304,305,306,312,313,320,328,332,334,336,339,340,344,350,353,365,367,371,380,381,400,402,406
232:15,16,23,24,41,44,45,62,63,69,72,74,76,77,79,84,87,89,102,109,112,113,123,129,161,163,174,177,178,182,200,207,208,209,213,224,228,233,238,242,245,247,248,252,275,277,281,304,316,319,322,328,334,356,357,360,364,369,371,373,374,378,385,393,398,400,403,404
233:1,6,16,21,33,40,45,47,66,68,78,81,82,84,85,92,100,104,114,117,119,122,124,125,129,148,153,155,156,157,161,168,175,178,182,187,202,205,206,208,211,220,225,232,309,234,243,245,251,257,274,310,312,316,334,355,356,370,375,377,381,404,407,408
234:6,9,14,16,46,48,50,53,66,73,82,84,85,109,118,123,148,152,154,155,156,167,169,172,173,177,183,200,233,254,256,265,273,274,279,281,283,290,291,297,299,302,304,306,308,312,313,316,317,319,326,334,342,344,348,349,363,366,371,373,378,379,384,400,401,408
235:11,16,35,39,49,56,57,65,97,106,111,116,118,123,130,131,132,145,159,160,166,168,169,171,180,181,185,196,199,205,207,216,229,278,247,270,274,275,281,285,295,303,308,315,316,323,326,346,372,374,378,379,380,389,391,394,408
236:0,1,11,16,28,38,42,54,60,66,76,85,96,110,123,125,144,148,149,155,156,157,164,182,191,203,207,208,217,220,226,231,347,246,254,260,267,268,277,280,285,290,300,306,307,312,313,324,327,331,342,366,371,385,392,395,398,404,408
237:7,21,23,24,30,32,37,42,50,53,57,58,60,64,65,73,75,88,91,94,124,153,156,159,160,169,192,194,203,211,216,218,224,313,239,242,257,263,270,271,287,294,300,310,316,343,352,354,364,370,371,376,377,389,392,397,398,406
238:2,15,17,21,23,39,40,43,46,47,50,62,71,72,79,87,93,95,97,114,125,132,135,152,154,156,157,164,171,180,189,192,201,202,203,208,213,215,217,229,231,232,386,242,245,246,252,263,268,280,282,292,293,299,304,309,312,314,316,326,329,333,344,351,353,358,369,372,373,374,375,382,393,402
239:0,2,10,20,21,26,27,49,57,60,64,68,79,91,93,94,95,99,116,122,123,128,129,130,137,140,151,155,172,185,187,195,204,210,228,229,230,237,273,253,257,261,262,276,283,289,290,292,313,320,331,335,342,353,376,385,391,393,408
240:4,17,23,30,31,33,40,44,46,54,59,65,67,70,80,82,85,92,97,99,100,103,111,113,114,119,121,132,141,142,160,163,180,182,185,186,189,209,220,227,231,256,249,255,259,272,293,296,304,308,312,316,320,323,330,334,357,359,371,376,384,402
241:2,6,19,21,23,37,39,41,48,56,72,85,86,90,93,100,107,110,113,114,115,119,122,124,126,133,135,152,154,167,172,177,179,183,184,192,201,203,204,210,217,223,340,251,261,269,280,311,318,319,336,352,371,376,378,380,384,393,395,408,409
242:10,13,16,21,26,49,53,61,67,68,74,77,79,85,89,97,103,116,117,125,126,133,140,146,151,166,167,175,193,198,200,204,224,225,232,237,238,269,243,262,263,277,285,286,289,296,297,305,307,313,319,322,339,352,356,359,365,377,380,382,384,388,390,394,395,396,397,402
243:1,3,14,26,39,47,48,49,53,54,59,60,61,72,73,74,78,86,87,88,89,90,91,92,96,106,132,139,145,146,149,150,156,160,182,183,184,185,186,199,219,225,228,231,233,242,320,245,248,276,279,283,297,298,303,308,309,310,315,316,329,334,345,347,354,359,379,380,381,382,407
244:0,5,7,9,22,24,31,35,39,48,49,57,58,70,83,92,95,115,130,134,135,151,152,153,158,171,193,198,204,210,213,218,220,225,258,251,253,256,261,280,282,289,295,303,306,315,322,333,334,340,346,350,365,380,392,403
245:11,12,13,17,20,24,30,32,47,55,65,73,76,81,92,93,109,116,129,131,134,136,138,142,153,158,159,162,165,167,171,180,201,213,217,220,223,231,232,233,238,243,316,253,265,270,274,276,281,300,303,306,308,310,324,326,327,336,344,350,352,356,357,364,366,371,375,376,378,384,399,404,406,409
246:5,19,21,35,40,41,50,60,71,77,78,86,98,107,110,112,137,139,140,146,155,157,163,176,186,193,197,236,238,260,247,252,253,257,262,266,272,273,276,277,284,289,300,308,310,324,331,340,343,344,353,360,364,365,378,379,387,388,392
247:0,3,6,8,43,45,53,55,64,72,77,80,87,98,106,114,115,120,121,122,124,129,133,135,137,150,151,162,163,174,184,189,193,201,208,210,211,224,230,232,235,246,405,248,263,285,286,290,316,327,331,334,335,336,340,342,345,347,351,368,369,396,402,404
248:5,10,18,23,25,28,32,40,41,59,63,67,76,82,83,114,117,125,128,133,136,150,153,160,169,172,189,196,210,217,226,230,232,243,247,301,251,259,267,273,284,311,315,322,326,342,349,354,357,366,371,375,382,387,394,399,402,403,405,406
249:0,17,37,38,40,58,68,74,83,84,96,103,108,110,111,112,116,118,142,149,157,166,169,170,173,191,194,195,213,215,217,224,240,379,253,258,262,266,267,283,284,285,292,297,298,300,308,310,315,350,351,359,363,371,372,380,390,397,400,407,409
250:0,15,36,39,48,54,69,72,74,75,77,86,90,94,99,101,102,105,106,110,111,113,115,132,136,141,145,146,165,173,177,182,210,215,216,220,230,408,256,259,262,268,271,282,284,289,291,297,312,314,316,319,324,329,330,335,336,348,349,354,361,368,371,372,382,389,391
251:4,5,11,14,15,20,25,29,32,37,48,49,56,59,60,63,64,75,76,78,80,82,83,93,105,108,109,110,134,139,141,146,153,158,161,173,176,183,221,233,241,244,248,348,257,275,285,290,309,311,317,332,333,341,370,374,376,380,387,395,405,408,409
252:2,5,12,14,18,24,31,33,38,48,56,66,81,83,87,99,100,102,107,112,114,129,133,136,137,139,141,146,157,162,163,166,168,172,177,180,184,186,195,203,217,218,227,229,232,238,246,285,255,261,271,278,284,286,287,288,296,327,337,339,340,345,349,354,363,382,393,395,397,402,405,408
253:3,11,12,14,19,20,27,28,29,41,43,46,57,63,67,78,80,83,85,89,93,100,101,124,130,134,144,145,154,157,158,167,174,193,194,197,200,206,217,221,223,226,229,239,244,245,246,249,306,264,265,267,268,296,300,302,321,329,330,331,333,346,349,353,355,358,366,370,371,372,375,378,379,386,388,389,390,393,395,399
254:15,16,22,28,63,68,81,82,104,105,106,108,117,120,133,137,138,139,165,173,188,206,209,211,219,222,227,234,236,298,258,279,285,288,292,303,309,314,322,331,342,347,352,360,365,367,369,374,380,394,409
255:5,10,18,21,47,48,60,62,74,76,84,87,95,102,106,107,119,139,156,158,175,178,181,187,192,196,198,220,229,231,240,252,340,267,269,270,275,281,283,295,303,305,311,316,334,335,342,347,353,359,360,366,372,377,378,384,387,392,407
256:5,8,9,11,20,38,41,46,62,67,70,72,77,82,85,86,94,106,107,117,118,126,137,152,168,172,177,201,205,207,210,212,217,220,226,234,240,244,250,337,260,272,274,276,286,289,293,298,304,311,322,323,324,329,331,336,338,348,354,355,374,375,379,380,387,389,393,397
257:7,8,9,11,13,21,30,46,59,63,64,74,84,94,96,97,105,107,108,116,118,129,131,134,139,145,147,170,181,183,185,188,193,204,217,221,226,228,230,231,233,237,239,246,251,355,263,264,272,274,285,298,300,301,306,309,315,318,319,324,356,364,367,370,373,376,377,378,391,393,396,400,406,407
258:0,2,8,18,28,31,35,38,47,57,60,69,74,78,98,107,119,122,123,127,131,132,139,147,160,161,172,173,180,185,191,197,202,205,220,244,249,254,407,261,263,266,269,279,280,284,316,333,336,346,364,367,368,370,391,400,405
259:13,14,17,27,36,37,56,66,69,74,96,113,132,143,173,183,202,204,226,227,240,248,250,275,276,278,289,294,297,300,312,337,339,350,352,354,360,362,365,380,386,387,390,401
260:5,8,15,21,29,30,33,56,63,74,95,96,103,109,113,115,117,124,127,141,166,168,169,175,176,185,186,190,194,196,201,203,208,209,214,216,236,246,256,301,268,271,277,278,280,296,329,333,353,362,369,376,384,386,400,402,406,409
261:4,10,23,25,47,49,52,55,58,74,76,84,87,88,117,119,123,131,135,145,154,155,173,175,187,190,215,217,219,239,241,244,252,258,338,262,275,281,288,290,304,309,310,314,324,325,326,328,330,331,336,344,352,353,358,369,371,373,375,376,382,387,393,403
262:1,3,13,40,42,44,51,98,106,113,126,127,131,133,147,151,165,167,172,184,192,196,203,207,217,221,230,239,242,246,249,250,261,312,268,270,274,277,286,288,290,310,314,316,323,330,333,337,339,343,344,348,354,362,378,384,385,390,400
263:3,18,26,37,44,50,52,55,61,65,66,79,80,87,101,104,113,114,124,130,148,149,175,180,184,190,198,201,202,207,213,214,220,227,237,238,242,247,257,258,316,273,274,287,300,304,306,336,343,350,354,356,365,375,381,391,403,407,409
264:7,10,13,15,21,22,32,40,45,52,60,62,64,67,84,97,100,110,112,133,135,136,140,142,146,152,159,171,185,201,202,209,223,253,257,363,278,279,299,308,312,333,343,352,353,358,365,367,368,372,376,384,392,396,397,399,403,405,409
265:16,22,34,37,43,48,66,70,74,86,87,106,115,124,135,143,144,156,157,160,165,170,185,187,189,200,202,205,211,217,226,227,229,231,234,245,253,339,277,278,285,286,287,289,299,304,322,344,353,390,395,399,407,408
266:4,16,24,31,32,38,39,53,63,64,71,73,74,84,88,89,102,110,123,126,139,160,168,169,172,183,185,199,201,208,209,210,220,231,246,249,258,278,272,279,281,295,299,324,325,331,345,346,365,382,387
267:4,9,10,12,27,48,58,59,61,62,65,79,82,100,102,114,116,117,118,144,146,153,159,175,178,181,187,189,191,203,208,222,225,236,248,249,253,255,388,272,278,284,286,289,290,292,297,299,303,328,335,340,341,346,362,376,384,385,390,405
268:7,16,17,22,30,33,34,41,51,53,60,66,69,72,74,75,85,91,96,100,140,142,146,165,171,177,182,187,193,194,196,206,210,221,222,226,228,236,238,250,253,260,262,356,269,286,315,336,351,363,377,405
269:2,3,7,9,11,17,25,27,28,33,36,39,40,43,51,54,70,79,80,82,84,88,89,97,98,111,112,115,116,118,121,124,130,152,158,161,168,176,180,181,209,210,221,229,241,242,255,258,268,378,273,293,297,307,311,317,321,358,375,382,388,395,397
270:1,7,13,15,22,25,46,50,60,71,85,86,94,119,122,134,136,137,143,147,151,153,154,161,164,165,166,168,170,180,182,187,191,197,206,208,212,214,223,227,228,235,237,245,255,262,389,271,278,280,283,294,300,311,316,318,324,325,327,339,344,345,350,351,353,355,358,362,364,368,375,378,406
271:9,10,12,13,24,37,52,53,54,61,65,70,79,85,93,102,116,119,120,123,129,133,137,143,147,149,157,159,169,176,178,181,182,185,187,189,190,191,205,216,219,223,237,250,252,260,270,359,273,276,277,281,286,288,290,291,293,298,302,339,345,361,384,385,386,403,408,409
272:3,15,22,24,32,34,51,52,54,69,78,83,97,98,106,108,110,114,122,135,140,144,169,173,180,183,193,194,196,201,211,222,240,246,256,257,266,267,275,283,295,298,311,314,315,317,318,319,322,325,329,336,348,350,351,363,373,375,385,387,389,390,391,392,400,405,406
273:2,7,8,13,18,24,38,49,51,60,64,77,98,111,119,127,128,138,139,146,150,153,154,162,166,169,171,174,188,205,216,220,230,234,239,246,248,263,269,271,349,276,288,290,291,299,309,310,315,319,326,328,330,338,343,346,348,359,364,373,374,392,403,405
274:0,1,11,12,17,18,22,23,26,33,34,36,39,42,47,51,65,66,77,79,81,89,90,104,109,120,133,134,139,140,150,153,165,177,182,187,188,196,199,210,220,227,233,234,235,245,256,257,262,263,281,283,289,305,314,315,319,329,342,361,364,365,366,373,380,383,399
275:1,17,19,21,24,35,39,40,41,42,50,52,54,59,63,78,84,92,99,104,108,115,117,120,129,136,147,160,178,188,189,195,199,200,202,203,204,211,217,219,221,232,235,251,255,259,261,272,388,286,296,297,299,320,334,349,359,362,367,368,372,379,383,390,392,395,403
276:6,10,11,16,18,19,42,46,66,68,72,77,85,90,94,101,104,106,111,115,122,131,132,140,147,150,151,158,168,173,176,177,178,181,183,186,199,202,207,214,223,224,226,231,239,243,245,246,256,259,271,273,277,281,299,307,310,313,331,335,343,351,354,369,382,383,384,405,406,408
277:3,10,12,23,33,47,62,64,65,70,71,82,94,109,112,115,131,135,138,142,151,154,158,165,170,172,173,181,190,200,208,210,218,222,226,232,236,242,246,260,262,265,271,276,402,291,298,302,305,307,319,326,328,331,339,341,342,348,352,355,361,364,373,388,403,404
278:3,23,38,53,54,61,63,78,82,83,88,106,112,129,135,155,159,165,168,178,182,201,205,207,211,223,235,252,259,260,264,265,266,267,270,370,287,291,294,296,307,329,331,338,339,345,347,353,359,362,363,367,378,403,407
279:2,4,12,16,17,32,33,36,44,51,61,77,78,79,88,92,99,102,103,108,111,117,118,136,145,146,147,149,152,154,160,171,175,179,193,194,204,206,207,210,224,226,231,234,243,254,258,264,266,319,283,289,301,303,308,313,315,330,333,334,340,356,369,387
280:25,37,45,48,80,81,98,99,101,104,105,109,111,116,123,130,144,145,149,154,161,170,178,180,185,186,188,195,199,200,207,211,216,221,225,230,236,238,241,244,258,260,270,307,282,300,301,305,310,312,318,319,320,337,348,361,362,366,370,376,377,379,404
281:5,8,17,19,23,28,36,39,47,55,56,60,65,78,82,84,90,93,96,109,113,119,131,134,136,141,142,144,146,154,160,179,186,187,191,193,196,210,212,213,216,232,234,235,245,255,261,266,271,274,276,294,283,286,301,303,304,306,307,317,322,323,325,338,357,368,375,380,384,394,400,403,405,408
282:0,15,16,27,39,52,68,70,84,85,90,107,108,110,117,118,123,127,130,133,137,140,148,161,167,174,182,188,189,192,197,207,209,214,215,218,231,238,244,250,280,284,288,289,299,305,310,338,347,353,363,364,369,378,385,389,398
283:0,10,13,29,44,48,52,55,60,65,77,82,93,100,101,103,133,135,136,140,148,151,154,161,169,174,186,190,192,203,220,224,227,228,234,239,243,249,255,270,272,274,279,281,314,295,296,299,303,304,305,306,311,316,325,326,327,329,338,339,343,345,346,366,378,382,386,391,396,409
284:1,3,9,19,25,26,30,42,55,56,57,58,64,83,88,89,95,98,112,119,121,128,138,140,141,147,151,170,178,181,199,203,204,207,221,246,248,249,250,252,258,267,282,390,287,289,294,295,303,305,311,312,313,315,328,335,337,355,359,360,361,368,369,372,378,383,386,404,406
285:22,26,27,30,35,41,47,50,51,52,55,78,80,82,83,97,101,110,113,116,118,127,133,140,142,143,144,168,176,201,208,209,214,221,222,229,235,236,242,247,249,251,252,254,257,265,403,295,296,304,321,337,348,355,359,364,365,367,370,384,388,392
286:6,8,20,33,41,47,52,58,59,60,62,65,70,83,84,106,112,113,115,116,135,136,152,156,157,159,160,162,167,177,181,182,184,186,187,197,208,213,214,215,217,219,221,225,228,242,247,252,256,262,265,267,268,271,275,281,319,289,290,293,295,311,325,336,341,350,351,357,362,366,369,380,387,390,396,397,402,403
287:23,28,31,40,42,52,54,64,72,74,79,81,87,89,92,98,100,108,113,120,137,159,164,180,183,187,188,199,218,224,225,231,237,252,263,265,278,284,342,291,296,302,316,321,327,330,341,349,352,357,361,366,372,378,386,388,391,394,405
288:4,6,8,15,17,19,23,35,37,46,47,72,74,79,82,85,86,87,97,98,101,104,126,130,132,135,153,154,157,174,199,202,207,230,252,254,261,262,271,273,282,383,291,300,303,311,313,315,316,328,330,338,352,356,370,373,377,385,386,389,392,397,400,402,406
289:15,20,21,22,27,34,37,38,41,48,53,55,59,70,76,80,81,84,87,96,98,99,101,116,119,120,129,130,140,149,153,155,162,172,180,182,184,191,192,204,208,214,224,239,242,244,246,250,256,259,265,267,274,279,282,284,286,380,290,301,305,308,341,344,361,363,373,382,392
290:0,6,10,12,21,29,39,42,51,70,72,73,86,88,89,91,96,110,114,120,136,141,148,154,159,161,164,165,166,170,179,183,185,188,196,208,213,224,229,234,236,239,247,251,261,262,267,271,273,286,289,370,292,293,295,296,300,304,305,306,321,332,334,336,348,357,362,375,378,390,393,401,404
291:2,5,9,19,33,35,37,46,50,77,90,94,110,113,119,124,134,137,146,166,168,172,181,185,187,192,204,206,211,218,223,228,234,250,271,273,277,278,287,288,375,305,309,310,333,342,345,358,360,361,363,364,365,368,376,379,390,393,406
292:11,15,18,24,36,49,63,65,67,70,72,73,75,81,85,122,127,129,158,159,164,171,188,196,198,199,200,204,208,210,218,219,231,238,239,249,254,267,290,386,302,310,311,313,321,339,347,354,376,388,392,394
293:26,30,33,35,40,44,50,53,60,62,74,75,76,78,80,84,100,109,126,127,132,135,136,163,176,178,195,196,198,216,218,221,224,226,229,238,240,256,269,271,286,290,373,308,309,319,326,327,334,335,340,342,343,344,348,356,368,370,376,380,382,384,395,396,404
294:1,6,15,17,26,27,51,68,79,82,99,106,108,109,120,123,127,137,141,142,144,147,150,159,165,184,207,209,223,237,259,270,278,281,284,377,305,307,326,331,336,338,348,352,353,355,357,360,361,364,367,370,374,384,388,393,395,398
295:0,3,7,17,19,20,23,27,29,42,53,55,58,60,61,63,65,68,71,90,96,102,104,106,117,124,126,134,135,142,145,152,158,178,179,181,192,205,207,213,220,235,244,255,266,272,283,284,285,286,290,325,297,298,305,311,319,323,326,331,339,342,343,348,350,354,365,374,384,388,391,399,401,403,409
296:2,3,19,20,22,33,34,49,60,71,74,78,84,88,91,92,101,109,121,125,135,154,164,179,183,191,201,213,222,231,240,242,252,253,260,275,278,283,285,287,290,402,317,327,328,329,336,340,345,348,351,355,365,368,370,371,375,382,385,391,393,403
297:4,21,30,40,44,51,53,58,61,66,71,80,102,113,114,115,119,125,131,143,150,151,153,154,163,168,169,173,178,184,185,189,196,204,209,220,234,242,243,249,250,259,267,269,275,295,333,299,306,307,311,316,317,322,323,339,340,350,353,355,361,366,371,395,404,408
298:0,14,21,31,36,47,55,60,62,65,67,70,84,85,105,122,134,137,139,145,146,152,159,161,163,164,171,175,178,208,210,216,220,227,243,249,254,256,257,271,272,277,295,351,313,314,319,321,324,326,332,336,343,346,372,375,378,382,398,399
299:7,9,22,24,35,37,42,44,46,49,60,65,68,69,77,79,89,97,103,106,111,114,117,123,142,144,148,161,174,178,180,183,184,191,198,234,238,264,265,266,267,273,275,276,282,283,297,330,309,316,326,349,354,359,361,365,378,381,388,391,399,401,407
300:10,24,26,27,31,35,37,39,43,51,59,67,79,80,81,83,91,101,131,136,141,142,143,151,152,174,176,189,193,224,226,230,236,237,245,246,249,253,257,259,263,270,280,288,290,380,302,318,326,338,345,348,352,355,368,369,378,387,389,406,408
301:2,22,31,36,39,40,43,52,55,57,65,69,71,77,84,88,91,101,104,106,108,128,140,142,159,160,162,166,179,188,203,211,218,221,223,248,257,260,279,280,281,289,328,310,311,316,320,331,339,351,361,381,389,398,404,408
302:0,14,24,29,41,61,64,85,99,108,109,112,115,126,130,131,137,146,149,154,167,176,178,184,191,210,216,224,225,234,253,271,277,287,292,300,362,306,314,321,322,324,325,335,337,341,355,360,363,365,370,393,407,408
303:1,9,24,25,41,46,54,79,84,88,99,104,105,107,109,112,114,115,117,118,123,124,125,137,142,146,151,152,161,165,169,211,213,215,216,220,223,235,243,244,245,254,255,267,279,281,283,284,288,382,307,325,326,327,341,344,346,366,368,370,371,373,376,377,385,405
304:4,12,16,31,34,36,46,49,55,58,62,66,76,77,85,88,91,106,109,112,119,122,129,145,163,188,192,197,217,231,232,234,238,240,256,261,263,265,281,283,285,290,321,308,313,322,326,343,346,350,355,357,358,364,376,388,398,400,409
305:6,13,23,26,28,29,31,39,44,55,59,65,70,79,83,102,105,115,120,130,150,158,160,162,176,178,184,192,193,205,208,211,231,242,255,274,277,280,282,283,284,289,290,291,294,295,320,308,309,319,326,338,339,344,345,354,356,362,383,384,385
306:2,6,27,40,49,51,52,56,64,70,75,79,85,105,106,108,110,118,125,132,142,143,147,148,164,165,175,195,205,210,211,216,231,234,236,244,245,253,257,263,281,283,290,297,302,363,310,311,325,330,331,333,342,350,372,376,401,405
307:32,34,42,55,81,84,86,94,98,110,115,117,121,130,132,136,142,144,150,156,163,167,168,171,179,192,194,204,206,214,215,218,219,221,236,242,269,276,277,278,280,281,294,297,303,357,310,311,313,314,315,316,348,353,363,369,371,383,384,385,390,394,399,406
308:17,33,35,36,45,47,54,55,62,69,75,79,81,83,86,96,100,106,116,117,126,133,137,142,144,159,165,177,182,188,195,197,198,199,205,229,234,235,240,243,245,246,249,264,279,289,293,304,305,332,314,316,340,359,364,379,385,393,394,398,408
309:1,10,19,29,40,47,77,83,94,108,110,111,112,114,128,131,132,137,141,149,150,153,156,163,175,191,200,226,229,233,238,243,251,254,257,261,273,291,293,299,305,337,319,320,324,328,332,342,351,357,360,390,399,401
310:24,26,28,35,36,39,49,50,70,84,91,93,95,98,102,103,104,110,117,121,123,130,132,136,145,152,154,164,167,172,173,175,179,188,195,200,207,212,221,225,228,233,237,243,245,246,249,261,262,273,276,280,282,291,292,301,306,307,404,314,315,328,329,333,343,346,349,356,370,381,388,390,402,403
311:0,2,23,29,43,44,46,50,56,58,65,66,75,76,88,92,94,112,114,116,150,160,161,173,175,178,183,185,188,189,193,195,198,199,206,207,241,248,251,255,256,269,270,272,283,284,286,288,292,295,297,301,306,307,340,314,322,327,330,338,343,358,359,360,361,374,388,390,396,407
312:7,18,35,44,45,69,70,76,81,85,94,98,99,100,102,105,131,132,135,139,156,161,163,164,185,188,196,201,202,207,216,218,231,233,234,236,238,240,250,259,262,264,280,284,333,320,330,334,347,352,355,360,375,407,409
313:7,17,21,23,26,27,32,38,55,64,67,69,76,80,89,90,93,111,116,118,120,122,125,132,133,142,144,147,150,151,157,163,172,200,202,215,216,223,231,234,236,237,239,242,276,279,284,288,292,298,304,307,382,316,342,355,358,361,365,369,381,400,402
314:9,16,22,51,52,53,54,57,58,70,77,82,83,95,105,106,108,119,123,130,159,165,178,181,182,210,212,220,238,250,254,261,262,272,274,283,298,302,307,308,310,311,331,335,338,341,344,354,357,373,374,378,381,390,397,408
315:43,61,62,65,66,69,73,76,103,106,116,119,125,138,151,159,165,167,173,175,194,199,201,206,210,214,227,228,230,235,243,244,248,249,257,268,272,273,274,279,284,288,307,310,355,321,324,327,345,364,376,388,389,398
316:3,12,14,18,21,28,42,58,83,100,104,117,126,133,139,145,147,156,184,186,197,206,208,227,230,232,233,234,235,237,238,240,243,245,247,250,255,258,262,263,270,283,287,288,297,299,301,307,308,313,365,325,347,348,366,369,371,378,381,391,393,395,397,398,401,404,406
317:21,22,27,39,46,55,60,61,63,64,83,85,91,95,96,97,109,131,135,136,142,160,164,169,171,174,180,203,212,214,215,222,228,234,251,269,272,281,296,297,340,319,323,329,351,356,357,364,365,378,383,397,399,402,406
318:0,1,6,13,16,20,23,28,30,36,44,51,62,76,86,99,123,127,144,152,157,161,171,172,173,174,185,189,192,200,202,218,222,223,224,226,227,241,257,270,272,280,300,383,326,330,331,332,333,335,352,353,356,375,386,387,390,396,401,403,405
319:4,6,9,32,41,45,46,61,62,63,67,97,104,110,122,125,127,135,136,147,151,153,154,157,159,162,165,175,183,184,204,208,216,217,219,222,224,232,234,241,242,250,257,272,273,274,277,279,280,286,293,295,298,305,309,317,351,330,339,340,349,352,356,358,380,400,401,406
320:2,9,11,12,15,17,22,24,36,37,40,44,53,55,63,71,93,94,105,109,123,131,142,150,158,162,165,170,173,177,183,191,201,218,219,227,228,230,231,239,240,243,275,280,301,305,309,312,332,339,342,343,352,362,377,386,387,403,408
321:20,26,67,74,83,98,100,103,121,128,142,145,156,157,163,169,204,220,221,226,253,269,285,287,290,292,298,302,304,315,362,323,324,341,354,363,364,365,366,372,385
322:17,23,27,34,36,52,59,62,64,81,85,87,95,103,104,113,123,127,145,157,160,162,163,165,173,179,184,186,191,192,202,205,209,212,232,242,244,248,254,256,265,272,281,297,302,304,311,373,324,335,339,342,351,355,365,384,387,390,396
323:1,2,12,19,22,28,35,39,40,45,47,54,56,69,75,85,87,95,108,127,129,136,144,149,150,157,164,169,171,172,177,183,191,194,205,216,221,235,240,256,262,281,295,297,317,321,402,326,335,339,352,354,359,366,371,373,381,385,387,396
324:22,27,33,41,42,50,51,62,68,75,77,87,111,120,124,127,130,132,138,139,145,149,170,196,198,201,207,214,236,245,246,250,256,257,261,266,270,298,302,309,315,321,322,337,330,334,348,350,356,361,362,363,364,372,378,387,393,399,402,404,405
325:2,6,23,24,33,34,40,46,47,49,56,62,74,79,89,106,109,121,122,129,131,136,144,145,157,172,173,181,192,194,195,196,198,201,211,216,217,222,229,230,261,266,270,272,281,283,286,295,302,303,306,316,403,326,328,331,334,338,343,349,358,365,371,375,377,378,382,384,388,401,402
326:6,8,10,26,32,41,52,67,69,70,71,76,80,89,98,109,114,117,128,145,148,160,174,185,187,189,190,193,197,200,205,210,217,224,226,229,234,235,238,245,248,261,273,277,283,293,294,295,298,299,300,303,304,305,318,323,325,354,332,339,367,370,382,394,396,404,407
327:0,8,18,26,27,28,36,42,43,47,49,63,84,89,104,114,122,131,137,139,145,146,148,154,161,162,176,183,192,199,202,209,236,245,247,252,270,283,287,293,296,303,311,315,332,330,335,336,342,343,345,352,356,357,361,371,375,381,390,398,405,407
328:0,14,18,20,37,45,49,54,64,67,82,84,86,87,97,111,115,125,127,134,141,147,148,152,161,166,180,185,188,198,207,215,219,223,230,231,232,261,267,273,277,284,288,296,301,309,310,325,376,329,340,343,347,349,360,363,369,370,373,374,378,408,409
329:9,10,22,26,30,32,34,39,40,48,61,65,73,75,76,84,89,108,110,135,151,153,158,160,161,183,185,195,216,224,228,229,238,243,250,253,256,260,272,274,278,283,296,310,317,328,362,348,354,369,376,387,393,395,400
330:1,13,16,17,20,21,34,35,39,43,62,71,74,75,77,86,91,102,112,144,147,154,161,169,176,194,199,201,208,212,216,226,227,230,240,250,253,261,262,273,279,287,288,299,306,311,312,318,319,324,327,331,344,346,365,366,367,369,380,385,387,399,404,406
331:22,31,32,35,45,71,74,76,83,95,97,99,108,135,141,150,161,169,180,181,202,209,212,215,220,222,223,236,239,246,247,253,254,256,261,266,276,277,278,294,295,301,306,314,318,325,330,370,338,373,387,389,390,397,401,406,407
332:1,18,27,32,36,38,46,47,48,58,61,65,69,75,85,95,103,111,118,120,123,138,144,164,165,168,182,187,191,204,211,214,230,231,251,290,298,308,309,318,320,326,327,380,354,361,362,391,406
333:6,10,16,17,19,25,40,52,55,56,61,62,67,68,73,80,83,92,114,131,137,139,140,144,150,163,164,182,183,184,188,197,198,199,203,206,211,220,238,244,251,253,258,260,262,264,279,291,297,306,310,312,318,335,336,356,357,362,369,373,377,379,381,389,395,397,398,404
334:8,21,44,48,49,50,75,76,82,86,87,92,99,109,111,125,128,137,139,140,151,155,169,184,187,199,201,217,224,229,230,231,232,233,234,240,243,244,247,255,275,279,290,293,312,324,325,391,341,351,363,366,367,377,379,380,389,392,399,403,407
335:2,10,11,12,13,16,17,25,37,39,44,45,47,49,51,57,59,63,65,68,72,75,76,77,87,90,94,96,101,106,118,123,128,129,130,143,160,169,188,189,206,228,239,247,250,255,267,276,284,293,302,314,318,322,323,327,333,361,337,340,373,379,388
336:10,13,14,18,25,29,32,36,41,43,45,51,55,56,57,105,108,118,129,130,133,139,141,145,150,159,164,173,179,181,182,188,193,194,213,224,225,231,241,245,247,250,256,258,261,263,268,272,286,290,294,296,298,327,333,378,337,348,353,358,359,367,384,385,387
337:5,45,47,50,70,72,78,86,98,104,107,119,126,127,130,133,134,137,139,150,158,166,176,177,181,188,190,201,204,205,206,214,215,229,230,252,256,259,262,280,284,285,302,309,324,335,336,358,338,350,361,384,389,405,409
338:6,7,18,23,51,64,69,72,73,74,76,83,84,86,95,123,133,140,143,146,151,159,160,163,166,169,183,197,199,222,256,261,273,278,281,282,283,288,294,300,305,311,314,325,331,337,366,352,355,371,372,374,376,384,392
339:10,11,24,43,50,54,56,60,70,77,94,95,96,108,110,124,126,137,138,139,148,151,165,167,173,191,212,225,231,242,252,259,262,265,270,271,277,278,283,292,295,297,301,305,319,320,322,323,326,395,347,349,354,360,364,367,374,378,381,403
340:3,9,17,22,23,24,39,45,48,52,66,71,91,106,134,148,173,184,202,207,208,211,212,219,225,231,241,244,246,247,252,255,267,279,293,296,297,308,311,317,319,328,335,372,342,343,346,347,353,367,376,384,385,402
341:0,1,4,16,27,44,45,56,58,67,71,77,80,82,90,92,93,110,116,119,121,125,145,147,152,163,166,176,190,202,205,210,216,217,228,251,267,277,286,287,289,302,303,314,321,334,364,355,361,369,372,384,395
342:12,15,30,38,41,45,48,51,52,59,65,75,82,85,87,91,95,99,108,110,114,118,125,130,157,161,179,187,199,208,217,220,234,236,239,247,248,254,255,274,277,287,291,293,295,306,309,313,320,322,327,340,343,345,347,349,363,367,369,383,395,401
343:9,10,12,13,18,29,58,63,77,78,79,90,96,98,109,112,125,136,147,156,157,158,160,177,179,187,189,190,200,206,207,216,218,227,228,237,246,262,263,264,273,276,283,293,295,298,304,310,311,320,325,327,328,340,342,376,377,380,382,385,389,391,392,395,404
344:9,17,19,23,36,46,49,68,73,75,76,77,85,117,124,131,132,135,139,147,151,152,155,163,170,172,182,186,203,204,209,210,215,228,231,234,238,245,246,261,262,265,270,289,293,303,305,314,330,366,345,346,353,359,368,369,370,376,408
345:3,4,9,11,14,15,18,33,36,50,56,73,81,84,85,87,93,105,107,110,118,126,135,144,149,157,162,164,168,169,180,181,182,198,218,224,229,230,243,247,252,266,270,271,278,283,291,296,300,305,315,327,342,344,381,350,370,378,382,391,392,399,403,405,407
346:0,9,13,17,37,38,57,58,59,77,82,88,96,103,104,114,115,117,139,141,148,151,153,154,157,159,166,167,170,193,197,204,206,208,216,220,221,222,235,244,253,258,266,267,273,283,298,303,304,310,330,340,344,371,350,363,364,375,377,382,386,398,400
347:8,9,11,21,28,35,39,40,49,62,66,81,100,103,106,107,112,114,116,117,126,133,141,146,159,162,166,173,176,183,187,192,201,206,220,236,243,247,254,255,278,282,292,312,316,328,339,340,342,408,348,351,352,362,364,366,369,383,389,400,403,407
348:1,3,6,21,38,39,42,43,47,49,60,75,79,115,117,118,124,130,152,156,158,163,164,185,197,205,206,207,215,216,220,223,226,234,250,251,256,262,272,273,277,280,285,290,293,294,295,296,300,307,316,324,329,336,347,374,355,360,363,366,379,382,398,403
349:0,2,8,11,13,15,19,24,28,36,42,46,48,50,84,103,105,111,118,121,127,131,141,145,172,180,206,214,234,248,250,252,253,273,275,287,299,310,319,325,328,339,342,369,350,352,358,381,386,387,388,397,400,402,406
350:10,19,23,26,29,30,34,42,52,53,59,61,79,97,100,101,115,120,149,167,169,173,177,180,188,201,209,222,229,230,231,244,245,249,259,263,270,272,286,295,297,304,306,324,337,345,346,349,360,353,355,356,358,359,361,365,366,370,377,379,397
351:3,7,8,15,32,53,63,68,72,73,84,96,103,104,109,111,114,119,121,130,141,142,147,151,153,167,174,185,202,214,217,220,238,247,249,268,270,272,276,286,296,298,301,309,317,319,322,334,347,356,378,381,386,389,392
352:1,2,5,22,29,32,36,61,66,76,90,98,101,104,107,111,128,144,149,150,162,169,175,177,182,186,188,194,195,197,204,207,220,223,225,237,241,242,245,254,259,261,264,277,287,288,294,300,312,318,319,320,323,327,338,347,349,406,353,359,364,385,389,391,392,397,398
353:14,21,24,29,62,69,87,89,96,100,112,142,148,162,166,167,169,171,177,184,188,193,197,205,222,226,231,238,239,246,253,255,260,261,264,265,270,278,282,294,297,307,318,336,340,344,350,352,386,359,366,369,371,372,373,382,383,384,389,404
354:4,6,11,14,19,32,53,61,66,69,78,125,126,130,132,134,147,153,155,168,169,173,174,183,189,192,193,205,210,214,215,216,224,237,243,248,250,252,256,259,262,263,276,292,295,299,305,314,321,323,326,329,332,339,389,377,394,396
355:6,15,46,48,69,88,94,97,104,105,114,116,125,127,133,135,139,144,146,147,150,153,155,157,165,166,179,200,203,205,209,210,214,220,223,224,233,253,256,257,270,277,284,285,294,296,297,300,302,304,312,313,315,322,338,341,348,350,395,362,363,367,370,379,384,385,389,399,408
356:10,11,16,18,25,34,36,43,48,53,65,75,85,87,92,93,94,97,104,105,106,130,141,151,173,175,176,178,179,200,211,214,219,227,232,233,242,245,257,263,268,279,288,293,305,310,317,318,319,324,327,333,350,351,392,371,374,377,380,381,383,402,404,405,406
357:1,5,8,9,11,18,23,44,52,57,63,71,82,86,98,103,108,109,113,121,123,124,133,158,161,167,176,177,189,193,198,199,212,216,225,227,232,240,245,248,281,286,287,290,294,304,307,309,314,317,327,333,368,359,370,373,382,388,397,405,406
358:16,24,31,33,53,59,75,91,111,112,132,134,138,143,160,161,167,178,180,194,197,207,209,212,216,223,238,253,261,264,269,270,291,304,311,313,319,325,336,337,349,350,395,364,371,381,383,394,396,397,405
359:12,27,31,43,52,57,79,85,86,87,100,102,106,117,128,129,133,143,154,157,159,163,170,181,191,195,197,201,208,240,242,243,249,255,271,273,275,278,284,285,299,308,311,323,336,344,350,352,353,357,361,362,365,374,384,396
360:10,13,18,23,34,41,43,57,63,64,65,66,67,78,79,105,108,113,119,121,122,131,135,145,152,154,158,159,168,170,178,179,184,187,196,198,199,202,212,220,225,232,246,254,255,259,284,291,294,302,309,311,312,328,339,348,350,370,372,374,377,383,392,393,395,396,397,408
361:10,15,17,21,24,26,39,42,44,47,48,52,55,56,59,82,85,93,96,97,103,104,110,128,130,144,145,149,157,177,183,188,189,198,200,208,211,212,220,221,223,230,250,271,274,277,280,284,287,289,291,294,297,299,301,311,313,324,327,332,335,337,341,350,359,377,378,382,390,393,394,397,409
362:15,41,42,54,56,58,63,71,85,92,95,96,102,119,127,135,145,146,158,162,200,202,204,221,223,259,260,262,267,270,275,278,280,286,290,302,305,320,321,324,329,332,333,347,355,359,408,363,380,391,400,407
363:1,4,5,15,18,27,28,38,43,56,57,77,82,85,86,94,107,109,116,131,149,150,152,155,157,177,183,187,195,200,216,217,219,224,225,230,234,249,252,264,268,272,278,282,289,291,302,306,307,321,324,328,334,342,346,348,355,362,376,369,379,402,403,406
364:5,15,39,46,50,51,53,58,68,74,92,102,104,110,112,114,117,133,135,136,137,142,143,144,164,166,167,172,174,176,179,194,196,198,201,203,218,223,232,237,245,246,257,258,270,273,274,277,282,285,291,294,304,308,315,317,321,324,339,341,346,347,352,358,373,369,374,376,387,392,394,395,408
365:4,29,38,48,54,56,57,61,68,80,82,83,87,94,98,106,109,117,122,123,124,125,126,136,144,147,150,151,172,181,188,205,213,217,223,224,231,242,244,246,254,259,263,264,266,274,285,291,295,296,299,302,313,316,317,321,322,325,330,350,359,373,366,369,381,387,390,392,397,400,405,409
366:7,22,28,33,35,54,60,70,71,77,87,91,93,94,98,110,128,132,133,134,142,146,158,165,173,182,191,194,196,197,201,215,222,227,228,231,234,236,245,248,253,255,274,280,283,286,287,297,303,316,321,323,330,334,338,344,347,348,350,353,365,379,370,384,408,409
367:14,15,27,30,31,41,52,55,56,70,78,85,86,93,95,103,104,107,116,121,124,125,133,142,145,152,161,165,170,177,180,181,183,185,192,208,209,213,221,231,254,257,258,264,275,278,285,294,326,330,334,336,339,340,342,355,403,370,373,384,404,405
368:1,11,26,30,32,55,57,58,60,65,67,70,83,90,96,101,109,113,116,119,127,135,138,139,146,164,171,179,182,197,219,222,224,247,250,258,264,270,275,281,284,291,293,296,300,303,344,357,389,371,372,385
369:4,5,17,25,26,37,39,41,47,48,56,61,67,75,78,103,106,114,126,127,133,140,143,149,163,168,169,171,185,189,201,207,211,215,222,226,232,238,247,254,260,261,276,279,282,284,286,300,307,313,316,328,329,330,333,341,342,344,347,349,353,363,364,365,405,378,387,393,397,408
370:7,10,15,18,25,30,35,42,68,79,82,103,104,107,120,124,127,128,135,143,147,154,160,162,163,167,169,172,194,199,207,208,211,212,215,218,221,224,227,233,237,251,253,257,258,278,280,285,288,290,293,294,296,302,303,310,326,328,331,344,345,350,355,357,360,366,367,381,391,393,396,406
371:0,1,3,4,11,18,24,38,48,65,72,74,79,86,89,94,96,97,99,110,121,130,133,134,143,144,147,169,172,179,188,219,230,231,232,234,236,237,240,241,245,248,249,250,253,261,296,297,303,307,316,323,325,327,338,346,353,356,358,368,373,398,399,403,408
372:7,26,28,31,37,63,69,73,81,84,88,89,100,102,126,130,136,142,145,146,154,158,163,173,176,183,186,192,195,201,211,212,216,218,223,226,235,238,249,250,253,255,264,275,284,287,298,306,321,324,338,340,341,353,360,368,380,390,392,398,399,404,408
373:0,6,10,15,20,24,30,37,38,41,51,65,66,72,80,85,86,116,128,129,131,152,155,160,167,179,182,201,202,203,204,208,222,229,232,234,238,257,261,272,273,274,277,288,289,293,303,314,322,323,328,331,333,335,353,357,364,365,367,371,379,377,387,398,400,404,409
374:2,4,5,7,15,20,23,28,38,40,49,53,65,82,87,91,108,109,111,114,115,117,125,146,156,157,164,171,175,178,181,185,192,197,198,200,223,230,232,235,238,251,254,256,273,294,295,311,314,328,338,339,348,356,359,360,364,402,376,378,386,394,395,398,399,408
375:25,31,35,46,49,64,66,80,83,86,100,103,114,122,125,130,144,145,151,164,180,184,189,199,206,207,223,230,233,238,245,248,253,256,261,263,269,270,272,281,290,291,296,298,312,318,325,327,346,387,382,392,398,403,407
376:3,4,9,15,22,33,47,53,60,72,80,82,86,93,95,99,101,102,105,118,147,152,159,161,163,187,193,197,202,211,212,230,237,239,240,241,245,251,257,260,261,264,267,280,291,292,293,303,304,306,315,328,329,338,340,343,344,363,364,374,380,377,384,392,394,399,408
377:14,18,20,21,24,31,32,33,34,38,41,49,59,69,77,80,81,99,123,137,138,139,154,163,165,166,167,178,199,208,210,213,220,221,229,233,237,242,255,257,268,280,288,294,303,320,325,333,334,343,346,350,354,356,360,361,373,376,408,382,383,385,389,395,398,399
378:8,19,22,26,27,36,39,40,56,65,69,71,74,80,83,100,107,111,115,124,134,147,162,171,172,179,189,199,205,214,215,232,234,235,241,245,246,253,255,257,262,269,270,278,282,283,284,287,290,298,299,300,314,316,317,324,325,328,336,339,345,351,361,369,374,397,382,386,396,398,403,404
379:9,13,20,21,36,50,55,71,73,74,79,89,90,92,103,116,121,155,163,167,178,188,192,194,196,203,206,219,228,234,235,243,246,249,253,256,275,280,291,308,333,334,335,348,350,355,363,366,373,393,386,387,388,392,397,399,403,407
380:4,7,18,21,41,42,45,57,59,63,65,69,71,77,82,85,92,104,106,114,124,148,149,150,157,161,163,166,169,170,173,178,181,185,190,203,205,213,214,229,230,231,235,241,242,243,244,249,251,254,256,259,274,281,286,289,293,300,319,330,332,334,343,356,362,372,376,407,382,385,402,404,409
381:1,2,4,5,20,29,30,31,37,47,54,68,75,85,89,100,101,115,116,120,131,169,181,197,199,216,222,227,231,233,243,263,299,301,310,313,314,316,323,327,333,339,345,349,351,356,358,365,370,403
382:1,8,12,15,18,20,32,36,39,44,50,63,65,88,90,93,123,127,139,144,148,154,157,159,161,162,170,171,172,180,181,184,185,187,189,194,197,198,215,220,224,238,242,243,248,250,252,261,266,269,276,283,289,293,296,298,303,313,325,326,343,345,346,348,353,357,361,375,377,378,380,397,383,392,396,399,405
383:0,1,5,13,17,37,42,50,61,62,69,70,81,82,96,99,107,118,139,140,143,160,162,173,186,187,193,197,219,229,274,275,276,284,288,305,307,317,318,342,347,353,356,358,360,377,382,385,390,393,394,401,402,403
384:1,20,34,38,40,45,47,49,73,80,85,86,100,107,112,114,133,136,137,138,140,144,145,159,175,188,204,216,224,234,240,241,242,245,255,260,262,264,267,271,276,281,285,293,294,295,305,307,322,325,336,337,338,340,341,353,355,359,366,367,376,393,385
385:0,6,14,15,21,23,24,25,27,35,39,41,47,53,69,74,99,100,101,103,105,107,110,113,114,119,122,130,132,175,181,186,187,189,198,201,208,220,232,236,239,262,267,271,272,282,288,296,303,305,307,308,321,323,330,336,340,343,352,355,368,377,380,383,384,392,390,397
386:1,3,9,18,25,28,29,31,39,45,46,78,86,98,118,119,120,126,134,139,142,146,149,151,156,163,164,169,171,173,181,200,205,207,215,219,238,253,259,260,271,283,284,287,288,292,318,320,346,349,351,353,374,378,379,388
387:8,14,16,20,25,35,47,49,50,52,57,59,64,65,71,75,81,89,100,112,113,118,120,122,123,124,141,144,154,156,166,169,173,175,177,179,180,190,191,196,201,213,220,222,224,230,246,248,251,255,256,259,261,266,272,279,286,300,318,320,322,323,324,329,330,331,336,349,364,365,369,373,375,379,392,389
388:2,3,28,39,45,46,58,61,66,69,77,89,92,93,101,106,120,123,125,136,147,148,171,184,185,188,201,213,220,223,227,230,242,246,253,267,269,275,277,285,287,292,294,295,299,304,310,311,315,325,335,349,357,379,386,394,398,401,402,405,408
389:10,21,23,31,41,46,50,57,58,67,75,85,87,97,101,102,114,118,147,156,164,167,177,182,203,210,212,228,235,237,250,253,256,270,272,282,288,300,301,315,331,333,334,337,343,347,351,352,353,354,355,368,377,387,396,394
390:0,6,10,13,20,21,22,24,33,34,47,54,57,64,67,77,90,105,117,119,123,130,131,141,142,143,147,149,159,168,184,194,196,197,199,200,211,222,228,242,249,253,259,262,265,267,272,275,284,286,290,291,307,309,310,311,314,318,322,327,331,361,365,372,383,385,405,392,397
391:5,12,24,31,34,43,44,45,46,54,66,68,72,75,79,86,87,90,92,94,96,108,110,111,113,119,121,122,130,141,157,164,175,178,181,182,183,200,217,223,235,239,250,257,258,263,272,283,287,295,296,299,316,332,334,343,345,352,362,370,400,397,405
392:0,1,5,8,12,14,20,22,24,27,34,47,53,58,66,68,71,76,77,86,92,103,109,113,114,119,124,127,133,139,158,161,166,172,178,182,201,202,211,215,227,229,236,237,244,246,255,264,272,273,275,285,288,289,292,334,338,343,345,351,352,356,360,364,365,372,375,376,379,382,385,387,390,395,396
393:2,9,11,13,29,30,33,44,49,53,60,70,95,99,100,116,118,121,123,127,129,132,140,142,147,151,152,153,156,172,177,181,189,197,199,205,207,213,223,232,238,239,241,252,253,256,257,261,290,291,294,296,302,308,316,324,329,360,361,369,370,379,383,384,402
394:10,14,16,19,23,25,39,41,45,56,57,61,71,75,76,88,90,95,96,105,107,109,126,127,128,129,146,155,164,166,178,185,187,191,203,204,206,210,216,222,223,224,228,230,235,242,248,254,281,287,292,307,308,326,354,358,361,364,374,376,383,388,389,409,402,408
395:0,2,6,8,18,22,28,34,35,37,38,44,45,46,52,54,58,64,67,69,77,78,90,92,99,102,111,124,126,130,137,148,155,161,179,188,189,190,195,198,200,220,221,225,227,236,241,242,251,252,253,265,269,275,293,294,297,316,329,333,339,341,342,343,355,358,360,364,374,377,392,409
396:11,22,24,31,34,35,42,44,46,51,55,58,59,68,70,73,79,84,85,96,97,102,103,106,126,128,144,145,167,168,184,193,205,206,214,215,218,222,242,247,257,264,283,286,293,311,318,322,323,326,354,358,359,360,370,378,382,389,392,407,399,400,403
397:9,11,18,22,26,33,42,43,46,57,60,65,66,68,77,88,90,115,116,121,128,134,138,141,148,165,167,168,173,175,179,190,193,196,198,203,204,210,230,237,242,249,252,256,264,269,286,288,314,316,317,331,333,349,350,352,357,358,360,361,365,369,378,379,382,385,390,391,399
398:0,1,3,8,17,32,39,50,52,64,68,75,81,86,96,100,108,146,155,166,168,178,179,188,207,210,219,228,232,236,237,282,294,298,301,304,308,315,316,327,333,346,348,352,371,372,373,374,375,377,378,388,408,406,409
399:6,20,23,32,57,58,65,68,70,77,78,82,83,84,87,89,116,117,121,123,130,137,139,146,158,161,164,166,170,173,177,198,205,214,218,219,220,223,245,248,253,264,265,274,295,298,299,307,309,317,324,330,334,345,355,371,372,374,376,377,379,382,396,397,402
400:9,10,12,14,15,18,24,26,39,44,45,48,61,65,67,90,108,127,135,139,145,148,150,156,170,172,173,176,218,221,224,225,226,231,232,234,249,257,258,260,262,272,281,288,304,313,319,329,346,347,349,362,365,373,391,396,406,404
401:9,14,22,24,32,44,49,54,57,59,60,62,70,81,82,87,92,96,98,105,109,123,125,127,129,136,137,144,162,167,172,174,178,182,184,204,220,224,225,229,234,259,290,295,299,306,309,316,318,319,325,331,342,383,388,408,409
402:7,9,31,50,54,77,78,82,87,89,98,104,120,171,176,181,192,195,201,205,211,214,217,222,225,231,238,240,242,247,248,252,260,277,286,288,296,310,313,317,323,324,325,340,349,356,363,374,380,383,388,393,394,399,405
403:3,8,10,13,19,30,40,42,43,44,58,63,64,65,66,71,88,93,126,141,145,156,158,162,170,171,175,179,180,187,196,212,219,226,230,232,244,248,261,263,264,271,273,275,277,278,281,285,286,295,296,310,318,320,325,334,339,345,347,348,363,367,371,375,378,379,381,383,396,407
404:2,7,15,24,25,28,36,38,49,53,60,66,71,74,90,92,93,101,113,123,125,127,131,136,141,142,149,159,160,166,172,173,194,212,215,219,220,222,232,233,236,245,247,277,280,284,290,293,297,301,310,316,324,326,330,333,343,353,356,367,372,373,378,380,400,409
405:1,16,20,23,30,46,47,56,62,71,78,87,88,93,100,106,108,109,115,126,132,139,146,154,161,165,178,181,192,209,212,219,221,247,248,251,252,258,264,267,268,272,273,276,281,287,303,306,318,324,327,337,345,356,357,358,365,367,369,382,388,390,391,402,407
406:9,11,16,22,27,30,40,46,48,55,56,62,65,76,85,87,91,95,98,114,115,125,129,137,162,169,172,180,181,195,203,221,222,223,231,237,245,248,257,260,270,272,276,284,288,291,300,307,316,317,319,330,331,332,349,352,356,357,363,370,398,400,408
407:3,14,22,37,48,58,61,63,64,65,69,86,91,96,101,114,118,130,135,145,152,160,185,192,194,199,210,222,228,229,230,233,243,249,255,257,258,263,265,278,299,302,311,312,326,327,331,334,345,347,362,375,379,380,396,403,405,409
408:1,8,14,22,26,30,31,33,36,37,57,62,68,79,84,85,91,93,95,115,118,120,121,132,142,150,170,189,204,211,216,220,224,233,234,235,236,239,241,250,251,252,265,271,276,281,297,300,301,302,308,314,320,328,344,347,355,360,362,364,366,369,371,372,374,376,377,388,394,398,401,406,409
409:1,6,8,11,13,17,19,27,34,37,38,42,46,55,79,93,110,113,116,130,132,144,146,148,158,167,175,178,188,191,219,241,245,249,251,254,260,263,264,271,283,295,304,312,328,337,361,365,366,373,380,394,395,398,401,404,407,408
