0:397,4,9,24,27,33,38,57,72,105,112,113,115,119,123,126,127,133,134,156,158,169,173,187,195,289,311,313,314,320,332,338,355,376,393,406,412,418,419,420,422,423
1:131,3,8,16,57,78,82,117,200,265,281,291,317,337,348,369,376,400
2:158,22,48,61,90,98,127,140,165,170,189,200,257,262,279,307,308,370,374,404,408,420
3:1,62,23,40,46,47,60,61,76,83,146,148,167,215,224,258,285,303,332,337,381,400,409,410
4:0,367,52,98,142,157,184,213,219,224,228,232,241,247,258,261,295,323,345,372,381,401,426,431,446
5:81,33,44,57,124,131,141,144,170,188,212,216,232,233,234,262,331,420,428,440,441
6:264,36,52,61,62,77,84,86,107,112,126,136,166,168,179,190,207,221,232,238,255,269,271,273,274,321,329,330,338,357,360,366,403,407,422,426,429,439
7:163,37,70,75,88,99,140,151,206,231,242,244,249,264,267,269,274,285,323,352,367,379,421,428,433
8:1,325,11,17,26,28,36,46,51,76,100,102,108,111,161,170,171,177,196,212,240,242,243,258,259,271,278,317,329,339,367,371,382,410,412,422,431
9:0,301,10,20,26,48,62,83,84,85,107,136,141,147,164,170,198,224,232,255,277,289,294,297,348,372,408,439,441,446
10:9,202,59,105,114,127,142,160,172,173,182,184,206,217,219,229,251,252,268,327,334,394,442
11:8,62,16,40,54,79,101,114,156,167,169,177,179,208,231,285,317,322,335,350,363,370,406,411,419,437,448
12:212,18,35,44,80,81,86,94,114,124,146,191,200,209,226,258,290,323,336,337,350,370,400,421,422,443,445
13:408,63,93,98,100,101,103,106,111,120,143,148,152,167,170,177,180,191,200,211,218,231,251,268,282,316,343,370,373,385,405,429
14:89,17,32,38,57,82,113,147,170,172,282,313,320,321,323,325,334,346,426
15:112,30,43,49,61,68,72,104,160,175,178,195,200,218,221,223,225,234,246,250,267,278,298,311,355,356,365,371,386,392,404,428
16:1,11,53,30,40,68,84,95,108,120,131,139,148,174,181,195,211,218,239,251,270,279,283,308,339,344,381,386,413,417,424,445
17:8,14,185,19,21,24,25,29,42,48,54,56,100,102,104,128,134,186,248,295,298,304,306,317,328,378,420,422
18:12,112,52,53,57,68,76,97,110,113,125,150,167,172,196,209,224,227,268,276,301,308,313,363,371,386,387,406,408,449
19:17,321,72,108,109,152,156,191,211,212,224,263,282,286,295,371,372,379,389,399
20:9,63,21,33,48,86,89,100,114,115,124,149,186,195,201,207,211,221,229,239,241,266,378,426,435,439,448
21:17,20,148,22,45,49,67,71,80,131,158,186,187,191,195,212,213,219,222,240,296,300,306,315,327,334,365,391,400,419,422,428,444,447,449
22:2,21,134,28,65,79,83,98,153,155,167,174,184,206,229,231,232,244,270,297,298,315,323,328,372,373,397,401,418,429,432
23:3,405,29,30,37,45,55,58,86,110,125,166,183,195,242,243,250,261,263,265,273,294,312,318,323,343,372,400,415
24:0,17,232,34,49,89,100,104,121,135,142,151,154,157,162,171,215,237,254,259,280,309,313,337,340,359,374,393,398,426,430,434
25:17,357,35,40,47,52,58,207,213,221,223,240,242,252,258,263,274,275,293,304,308,313,361,364,394,395,415,427,449
26:8,9,433,41,83,97,102,116,152,154,164,167,179,199,227,228,236,262,272,277,292,311,349,366,401,444
27:0,52,61,68,77,134,165,173,174,175,188,193,200,219,226,244,257,272,288,297,307,324,369,388,448
28:8,22,389,63,93,106,121,127,138,141,190,203,204,226,230,231,233,241,246,261,262,286,351,378,429,433,445
29:17,23,339,34,81,122,126,130,132,164,175,202,207,234,249,269,280,300,304,361,374,381,386,404,415,416,417
30:15,16,23,57,61,67,91,150,180,184,191,198,224,233,264,280,284,300,344,371,394,405,419,426
31:110,65,77,80,91,107,111,112,113,121,139,161,167,181,185,196,217,242,245,256,294,328,329,331,345,409,410,411,413,415,430
32:14,446,35,61,103,109,113,150,154,158,198,341,343,347,351,358,388,390,431,435
33:0,5,20,146,81,90,98,148,149,160,184,202,238,241,278,292,294,299,317,318,336,394,398,400,412,414,447,448
34:24,29,74,53,80,86,111,115,117,129,137,143,158,165,189,199,200,205,208,264,273,281,283,291,305,310,311,342,363,385,393,410,440
35:12,25,32,149,37,39,71,75,116,119,125,147,185,188,196,197,234,235,272,273,278,296,300,332,359,380,383,409
36:6,8,140,39,42,59,60,66,92,114,139,150,151,160,168,176,204,209,219,233,238,266,268,275,291,299,320,358,378,381,396,402,407,408,446,449
37:7,23,35,246,42,50,51,52,55,94,97,105,106,150,164,185,250,269,298,301,331,375,376,380,447
38:0,14,373,47,58,98,116,141,142,147,149,154,159,180,183,240,242,245,252,255,283,295,325,344,396,427
39:35,36,438,40,97,102,108,113,120,122,130,176,185,191,196,200,213,215,231,248,253,257,271,290,324,348,359,360,361,371,375,376,383,403,429,443
40:3,11,16,25,39,323,45,46,49,67,96,100,104,106,112,147,192,211,213,259,267,286,287,288,290,292,299,309,319,325,343,349,365,377,385,438,439,445
41:26,202,56,58,73,88,94,105,115,129,141,145,150,191,207,218,240,252,253,255,285,290,306,307,309,364,365,374,375,395,399,404,413,437,440,444,446
42:17,36,37,152,73,92,116,123,134,139,150,173,176,202,234,257,303,343,354,369,370,384,405,430,433
43:15,371,47,48,52,56,74,90,110,113,115,116,219,238,254,258,273,274,280,284,287,313,407
44:5,12,195,49,79,110,121,124,126,158,167,171,204,222,223,243,253,287,321,322,343,373,401,422,446,448
45:21,23,40,157,65,84,96,101,116,134,135,151,155,184,202,218,219,228,252,259,260,263,267,278,290,292,310,339,342,355,444,447
46:3,8,40,258,70,74,76,92,93,107,137,138,157,173,192,207,237,246,249,281,282,290,292,309,320,341,370,415,417,426,429,438
47:3,25,38,43,448,50,73,77,81,82,87,94,95,107,133,149,156,166,167,169,171,175,177,183,195,222,229,247,261,265,269,407,425,431,449
48:2,9,17,20,43,212,49,50,61,96,97,109,148,187,199,217,280,286,329,338,374,386,388,391
49:15,21,24,40,44,48,353,72,76,98,100,103,189,215,217,223,253,265,279,348,349,382,393,402,411
50:37,47,48,338,98,101,103,128,130,133,135,140,141,149,156,175,184,185,225,272,275,276,300,314,324,355,378,405,416,422,448
51:8,37,105,69,86,87,126,140,148,153,185,208,212,218,237,257,293,296,327,339,345,356,389
52:4,6,18,25,27,37,43,137,110,124,130,149,181,205,207,234,246,296,303,306,317,318,335,445
53:16,18,34,63,74,96,136,138,141,213,220,227,233,252,254,333,351,381,392,395,407,424,446
54:11,17,294,57,66,92,95,99,115,127,175,205,210,235,244,260,266,278,280,281,289,295,309,319,331,337,338,345,413,417,428,429
55:23,37,155,75,104,158,168,215,229,248,260,269,274,276,297,303,308,324,350,356,358,377,398,437,444
56:17,41,43,289,76,91,93,117,195,220,269,275,277,299,305,331,334,360,369,379,391,396,428
57:0,1,5,14,18,30,54,428,64,104,120,129,159,192,201,212,216,230,246,247,248,264,266,306,313,319,333,351,372,388,396,405,407,411,448
58:23,25,38,41,82,59,92,143,154,161,176,217,234,277,293,314,416,424,439,442
59:10,36,58,441,77,81,135,139,147,157,191,192,202,221,237,274,276,330,355,356,391,399
60:3,36,116,94,101,105,108,140,171,175,186,205,224,230,235,256,258,266,273,297,340,345,355,384,411,436
61:2,3,6,15,27,30,32,48,425,91,109,112,156,179,220,257,283,287,304,315,323,342,346,367,385,396,414,434
62:3,6,9,11,78,66,118,134,167,176,177,212,216,235,249,267,273,311,366,389,448
63:13,20,28,53,261,84,88,104,141,158,167,179,181,201,202,277,281,292,324,335,348,349,397,412,428,438
64:57,321,66,86,102,127,167,187,222,280,314,331,340,346,360,408,421,428,440
65:22,31,45,180,81,95,101,105,112,131,136,143,173,183,190,195,198,200,205,208,209,211,213,241,254,262,275,278,283,385,398,408,409,445
66:36,54,62,64,118,75,82,98,102,170,202,234,235,254,267,345,355,383,390,405,406
67:21,30,40,127,95,132,168,178,195,227,233,249,282,294,306,309,320,343,372,374,383,396,424,427,444
68:15,16,18,27,167,122,178,191,197,202,224,239,259,260,263,266,289,299,301,339,355,383,388,392,402,406,408,427,439,440
69:51,357,123,150,156,165,185,188,200,217,282,298,300,304,338,382,438
70:7,46,379,77,85,89,95,101,122,173,200,264,266,287,290,313,323,352,394,440
71:21,35,209,79,137,168,175,192,199,221,279,294,308,336,341,346,361,369,407,415,418,430
72:0,15,19,49,297,84,107,132,137,138,157,198,247,252,281,285,289,296,303,319,334,374,380,425,448
73:41,42,47,76,77,94,108,123,140,142,143,146,187,189,211,215,217,223,257,289,291,323,337,401,427,431,432
74:34,43,46,53,327,91,92,99,121,144,157,253,265,283,292,310,347,351,364,372,394,405,419
75:7,35,55,66,192,91,110,121,180,212,224,226,258,300,302,310,332,357,367,389,393,420,431
76:3,8,18,46,49,56,73,238,85,86,93,101,126,134,140,153,157,165,166,181,184,191,224,253,261,296,311,313,329,377,380,437
77:6,27,31,47,59,70,73,275,112,118,121,127,141,145,152,153,170,174,176,199,201,212,231,258,261,287,298,323,349,368,412,425,436
78:1,62,239,120,133,163,171,172,246,290,305,317,365,368,378,407,412,413,429
79:11,22,44,71,348,80,83,91,93,105,120,123,148,153,160,176,185,203,210,226,253,254,259,273,282,341,349,360,368,400,402,403,426,442
80:12,21,31,34,79,337,83,87,142,143,151,154,156,164,180,208,240,268,310,326,358,371,373,374,378,385,407,415,422,425
81:5,12,29,33,47,59,65,163,86,96,102,121,124,126,138,148,193,215,228,256,265,269,291,328,356,357,361,377,379,398,406,424,425,432
82:1,14,47,58,66,158,91,115,138,140,155,188,257,282,298,359,383,391,401,414,418,420,441,442
83:3,9,22,26,79,80,123,98,118,142,169,188,189,234,266,278,285,287,298,313,315,341,356,385,441
84:6,9,16,45,63,72,126,88,89,98,153,181,206,220,289,303,326,369,377,380,428,430,434,449
85:9,70,76,412,90,113,128,196,230,254,256,262,294,346,361,409,429,432,439,441,442
86:6,12,20,23,34,51,64,76,81,309,101,120,159,171,182,192,204,235,270,285,320,327,331,347,357,368,380,386,388,411,420
87:47,51,80,265,174,184,190,237,274,312,346,350,357,366,370,398,406,410,414,424,442
88:7,41,63,84,107,120,151,169,176,180,197,206,216,221,259,262,267,276,290,291,310,314,341,354,371,382,393,405,408,411
89:14,20,24,70,84,296,112,133,154,157,195,255,301,349,352,353,354,377,379,408,424,436,443
90:2,33,43,85,291,103,122,152,154,161,199,213,221,227,229,242,252,263,280,282,294,296,361,379,381,384,418,423,427,430,434
91:30,31,56,61,74,75,79,82,401,116,121,160,185,273,289,365,370,375,397,426,429
92:36,42,46,54,58,74,442,136,143,164,179,191,204,206,233,236,241,242,254,266,293,298,327,352,354,360,396,413
93:13,28,46,56,76,79,405,96,99,115,122,138,142,148,167,174,179,229,247,271,296,300,307,375,384,396,417,418,433,447
94:12,37,41,47,60,73,314,95,98,109,121,139,155,182,190,208,221,231,280,293,299,312,319,325,357,358,368,409,447,449
95:16,47,54,65,67,70,94,313,120,141,157,184,212,217,241,242,247,250,264,285,298,336,342,344,363,364,386,396,405,406,414,441,444,445
96:40,45,48,53,81,93,254,156,197,203,224,238,268,298,377,411,413,432,436,442
97:18,26,37,39,48,439,106,125,178,189,214,240,260,319,323,336,365,370,373,383,391,401,409,447
98:2,4,13,22,33,38,49,50,66,83,84,94,253,104,114,145,160,183,192,227,235,251,307,309,321,322,334,338,350,406,408,428,440,448
99:7,54,74,93,362,134,215,235,239,288,294,306,328,353,367,413,417,426,443,448
100:8,13,17,20,24,40,49,291,120,121,131,151,161,166,173,217,220,249,258,264,268,299,308,350,356,359,377,382,383,397,449
101:11,13,45,50,60,65,70,76,86,448,111,122,161,165,179,187,197,240,311,315,317,333,347,373,390,403,408,418,443
102:8,17,26,39,64,66,81,202,129,135,170,173,182,186,198,219,220,225,226,233,274,280,303,305,317,333,383,389,396
103:13,32,49,50,90,441,142,152,174,186,197,224,237,246,283,289,300,338,339,359,390,399,400,401,406,409,411,424
104:15,17,24,40,55,57,63,98,429,115,119,120,139,147,150,173,178,195,201,217,221,223,247,249,257,269,304,313,320,326,360,369,370,380,418,441
105:0,10,37,41,51,60,65,79,168,127,146,152,155,160,192,199,239,247,262,273,279,319,322,327,328,344,355,361,366,388,393,400,406,419,423,444
106:13,28,37,40,97,399,109,116,123,129,180,187,231,243,258,284,285,311,327,341,342,372,416,430,438
107:6,9,31,46,47,72,88,279,145,155,163,171,179,186,201,208,210,235,242,264,274,285,289,293,304,349,358,376,379,388,414,429,430,434
108:8,16,19,39,60,73,357,118,134,142,146,147,153,203,209,219,233,240,286,287,341,344,353,366,376,384,400,409,446
109:19,32,48,61,94,106,389,120,138,163,166,199,238,246,256,287,306,334,377,378,398,426,428,441
110:18,23,31,43,44,52,75,273,115,123,127,173,181,182,216,230,241,253,255,257,263,271,274,298,300,330,348,359,361,379,409,416,423,430,445
111:8,13,31,34,101,387,114,128,136,183,185,203,245,255,259,261,268,269,273,289,301,317,347,384,389,406,428,437,438
112:0,6,15,18,31,40,61,65,77,89,389,116,146,171,186,215,227,244,247,271,274,288,306,316,324,327,333,340,351,355,400,402,423
113:0,14,18,31,32,39,43,85,207,170,171,181,188,212,250,256,264,266,281,283,292,300,317,331,435,447
114:10,11,12,20,36,98,111,257,122,146,147,156,168,187,193,244,253,269,295,307,311,313,314,385,420,439,448
115:0,20,34,41,43,54,82,93,104,110,117,134,151,170,174,190,204,211,214,224,241,254,270,312,315,319,351,357,395,405,423,429,444,446
116:26,35,38,42,43,45,60,91,106,112,448,154,167,172,185,212,227,278,287,319,320,329,337,347,353,358,362,381,392,398,399,436
117:1,34,56,115,161,124,148,150,162,178,249,264,265,275,283,286,289,312,345,356,367,394,400,412,426,437,440
118:62,66,77,83,108,401,133,166,172,194,279,285,306,349,358,369,388,412,444,448
119:0,35,104,440,123,163,185,195,199,204,216,227,237,250,306,333,340,347,351,383,386,392,421,424,437
120:13,16,39,57,78,79,86,88,95,100,104,109,123,133,137,164,173,199,204,232,242,279,291,295,304,332,333,342,376,377,378,384,397,402,405
121:24,28,31,44,74,75,77,81,91,94,100,356,122,221,222,260,261,271,281,322,331,360,389,394,398,400,409,416,418,423,431
122:29,39,68,70,90,93,101,114,121,434,125,127,128,164,190,201,206,212,219,285,291,305,309,330,335,339,353,355,357,361,394,414,415,426,428,441,443
123:0,42,69,73,79,83,106,110,119,120,131,124,139,166,196,214,264,268,279,298,330,338,341,350,410,423,431
124:5,12,20,44,52,81,117,123,313,152,188,209,214,237,249,277,281,286,297,311,316,326,336,391,414
125:18,23,35,97,122,413,182,202,219,222,224,271,277,279,282,298,313,325,368,416,431
126:0,6,29,44,51,76,81,84,414,213,215,217,226,243,268,275,284,290,304,310,345,353,356,395,427
127:0,2,10,28,54,64,67,77,105,110,122,396,157,167,168,181,199,217,225,231,245,267,281,286,294,300,316,343,356,386,401,406,413
128:17,50,85,111,122,362,137,141,161,171,255,303,318,351,370,409,419,437
129:34,41,57,102,106,402,146,172,195,207,212,219,246,278,284,400,404,429,434
130:29,39,50,52,368,152,157,163,167,173,177,181,202,271,273,277,290,298,302,328,342,381,396,403,416,417,440,449
131:1,5,16,21,65,100,123,232,153,182,187,195,202,207,246,265,269,286,352,384,441
132:29,67,72,383,148,156,158,162,204,211,218,221,222,242,249,268,319,344,349,380,392,427,434,446
133:0,47,50,78,89,118,120,373,145,158,191,192,209,222,228,233,237,247,251,268,288,293,306,311,325,348,349,351,416
134:0,17,22,27,42,45,62,76,99,108,115,147,150,153,161,165,174,202,203,243,252,255,284,289,348,358,379,448
135:24,45,50,59,102,180,136,170,188,191,221,237,243,267,282,291,300,303,312,322,326,330,338,341,343,349,372,378,383,395,402,407,426
136:6,9,53,65,92,111,135,389,210,216,217,222,281,294,325,365,375,386,393
137:34,46,52,71,72,120,128,193,153,156,159,170,220,226,252,279,298,309,324,325,328,333,364,366,374,376,402,422,428,444
138:28,46,53,72,81,82,93,109,199,152,154,207,221,234,235,267,280,307,314,371,372,384,389,395,407,420,431,446
139:16,31,36,42,59,94,104,123,262,142,148,164,183,193,223,244,259,319,323,330,359,372,398,405,430
140:2,7,36,50,51,60,73,76,82,222,145,149,154,206,217,245,285,296,320,341,371,376,445
141:5,9,28,38,41,50,53,63,77,95,128,201,153,157,192,215,245,283,323,352,356,358,368,374,386,405,419,430,447
142:4,10,24,38,73,80,83,93,103,108,139,146,162,165,174,184,185,202,215,219,230,231,238,271,282,292,299,347,354,378,413,422,437
143:13,34,58,65,73,80,92,417,152,192,201,203,230,246,251,265,289,310,326,334,341,348,354,362,371,372,399,434,435,440,445
144:5,74,254,152,154,155,157,186,213,256,260,278,283,298,303,311,323,333,348,354,396,416,431,432,439
145:41,77,98,107,133,140,158,170,174,185,191,199,209,240,256,260,272,302,338,355,380
146:3,12,33,73,105,108,112,114,129,142,398,159,172,207,219,235,236,243,246,269,287,295,297,302,315,316,334,363,365,412,414,427,437
147:9,14,35,38,40,59,104,108,114,134,163,195,209,213,228,233,239,241,245,249,270,292,306,311,336,364,366,373,377,398,427,430,432
148:3,13,16,21,33,48,51,79,81,93,117,132,139,249,154,161,164,173,205,210,219,224,246,265,266,270,275,276,287,296,308,316,405,431,432,449
149:20,33,35,38,47,50,52,140,384,155,194,195,215,223,233,262,297,317,320,327,330,345,362,378,402,429,432,448
150:18,30,32,36,37,41,42,69,104,117,134,360,167,170,171,176,180,200,203,219,224,239,240,246,261,272,292,306,312,346
151:7,24,36,45,80,88,100,115,400,155,167,174,181,188,195,205,209,210,233,265,266,298,304,337,341,348,355,372
152:13,19,26,42,77,90,103,105,124,130,138,143,144,282,156,176,177,184,195,209,228,277,280,300,305,343,347,356,403,411,421
153:22,51,76,77,79,84,108,131,134,137,141,327,157,163,164,176,182,198,202,213,219,255,280,294,330,332,368,380,388,392
154:24,26,32,38,58,80,89,90,116,138,140,144,148,396,158,178,218,219,240,245,247,249,257,264,292,298,300,301,355,378,390,393,395,423
155:22,45,55,82,94,105,107,144,149,151,380,176,182,184,197,236,255,265,286,331,357,375,378,393,416
156:0,11,19,47,50,61,69,80,96,114,132,137,152,339,159,162,225,242,245,261,268,275,286,317,336,378,410,430,448
157:4,24,45,46,59,72,74,76,89,95,127,130,141,144,153,178,176,180,184,204,209,212,215,230,231,245,257,292,311,318,330,336,399,425
158:0,2,21,32,34,44,55,63,82,132,133,145,154,409,174,176,177,203,227,258,263,271,280,286,289,312,330,335,337,344,393,401,417,426
159:38,57,86,137,146,156,442,162,187,189,201,238,288,307,341,352,359,379,385,399,429
160:10,15,33,36,79,91,98,105,227,170,236,239,250,261,275,284,362,396,400,412,420,423
161:8,31,58,90,100,101,117,128,134,148,169,164,171,179,236,249,251,271,313,356,374,442,447
162:24,117,132,142,156,159,183,181,218,226,239,247,249,251,261,291,303,335,354,381,390,397,406
163:7,78,81,107,109,119,130,147,153,263,189,202,224,226,253,286,292,294,305,315,324,332,343,354,367,387,405
164:9,26,29,37,80,92,120,122,139,148,153,161,383,170,172,178,215,231,255,263,272,289,304,308,316,327,336,349,353,360,402,433
165:2,27,34,69,76,101,134,142,184,170,179,188,190,194,195,203,248,253,267,281,297,333,339,340,347,352,362,371,376,381,393,397,404,410,441
166:6,23,47,76,100,109,118,123,335,193,207,214,238,303,325,384,391,397,406,408,410,421
167:3,11,13,18,22,26,31,44,47,62,63,64,68,93,116,127,130,150,151,333,168,177,219,243,244,246,259,282,287,312,326,340,368,398,411,420,439
168:6,36,55,67,71,105,114,127,167,197,182,183,190,193,201,203,208,248,297,318,325,331,346,386,397,413,420,441,442
169:0,11,47,83,88,161,191,179,210,238,240,249,288,345,354,392,416,440
170:2,5,8,9,13,14,66,77,102,113,115,135,137,145,150,160,164,165,206,172,178,190,275,277,285,291,294,342,374,383
171:8,24,44,47,60,78,86,107,112,113,128,150,161,443,179,184,226,228,231,271,288,304,306,322,329,353,378,379,391,420
172:10,14,18,78,116,118,129,146,164,170,433,183,205,225,280,284,285,294,296,322,331,344,361,384,407,443,448
173:0,10,27,42,46,65,70,100,102,104,110,120,130,148,398,224,244,257,283,334,338,362,396,401,406,412,422,437,448
174:16,22,27,77,87,93,103,115,134,142,145,151,158,275,178,205,230,253,289,307,355,369,381,439,448
175:15,27,29,47,50,54,60,71,193,178,233,237,257,276,277,310,317,332,357,376,379,397,416,437,440
176:36,39,42,58,62,77,79,88,150,152,153,155,157,158,238,189,234,246,267,272,284,289,321,327,329,338,339,382,391,445
177:8,11,13,47,62,130,152,158,167,421,182,183,184,195,199,234,235,236,238,269,270,280,281,283,297,301,322,338,339,360,379,383,395,401,416,417,442,448
178:15,67,68,97,104,117,154,157,164,170,174,175,191,185,205,258,275,288,289,301,322,341,381,385
179:6,11,26,61,63,92,93,101,107,161,165,169,171,248,212,221,227,284,326,334,336,345,353,377,381,388,418,423,424,430,442,446
180:13,30,38,65,75,80,88,106,135,150,157,261,183,200,251,256,258,260,264,265,270,272,288,289,328,356,419,447
181:16,31,52,63,76,84,110,113,127,130,151,162,345,196,225,230,231,234,272,275,277,283,290,353,361,367,375,403,444
182:10,86,94,102,110,125,131,153,155,168,177,403,190,191,208,215,229,240,243,250,259,264,265,276,290,320,348,357,449
183:23,38,47,65,98,111,139,162,168,172,177,180,411,193,200,210,227,228,229,240,256,282,293,296,299,305,321,330,387,448
184:4,10,22,30,33,45,50,76,87,95,142,152,155,157,165,171,177,251,190,217,232,265,278,317,333,359,368,374,403,432
185:17,31,35,37,39,50,51,69,79,91,111,116,119,142,145,178,205,199,207,220,236,237,267,279,280,300,359,398,403,406,424,429,435,444
186:17,20,21,60,102,103,107,112,144,195,236,249,270,291,302,311,325,334,347,351,394,397,400,415,431,448,449
187:0,21,48,64,73,101,106,114,131,159,357,268,287,308,319,323,336,377,426,428
188:5,27,35,69,82,83,113,124,135,151,165,326,193,213,214,216,219,226,236,293,307,316,332,333,360,372,394,396,407
189:2,34,49,73,83,97,159,163,176,342,198,216,245,314,343,353,389,395,426,448
190:6,28,65,87,94,115,122,165,168,170,182,184,441,193,234,255,260,270,276,285,288,297,327,377,392
191:12,13,19,21,30,39,41,59,68,76,92,133,135,145,169,178,182,198,223,237,326,329,333,358,389,424,434
192:40,46,57,59,71,75,86,98,105,133,141,143,252,199,242,248,251,269,283,285,300,303,305,329,378,384,391,394,396,431,446
193:27,81,114,137,139,166,168,175,183,188,190,401,216,228,249,259,262,314,320,329,346,369,373
194:118,149,165,221,196,257,297,343,357,380,404,405,409,410,428,439
195:0,15,16,20,21,23,44,47,56,65,67,89,104,119,129,131,147,149,151,152,165,177,186,434,206,210,217,233,243,269,273,274,281,304,305,306,324,327,328,331,386,391,414
196:8,18,31,35,39,85,123,181,194,426,202,203,229,245,255,263,265,279,284,290,297,302,306,315,344,351,363,364,383,399,400,405,420,425
197:35,68,88,96,101,103,155,168,416,202,208,212,235,256,259,261,286,299,329,368,372,385,389,400,409,436,448
198:9,30,32,65,72,102,153,189,191,289,206,232,237,241,293,311,313,336,349,352,355,390,399,412,420
199:26,34,48,71,77,90,105,109,119,120,127,138,145,177,185,192,449,204,246,298,312,322,342,354,360,363,366,375,426,435
200:1,2,12,13,15,27,34,39,65,69,70,150,180,183,378,215,240,294,299,310,316,321,341,351,353,355,359,371,383,408,412,443
201:20,57,63,77,104,107,122,141,143,159,168,441,223,259,279,296,320,338,356,360,386,390,418,423,425,431
202:10,29,33,41,42,45,59,63,66,68,102,125,130,131,134,142,153,163,196,197,240,209,212,228,241,247,255,279,283,290,313,334,376,377,389,393,411,440
203:28,79,96,108,111,134,143,150,158,165,168,196,237,243,256,258,267,278,282,287,291,314,319,323,331,360,386,428,430,436
204:28,36,44,86,92,115,119,120,132,157,199,262,206,225,263,264,278,283,295,314,351,381,405,418,428,432,444
205:34,52,54,60,65,148,151,172,174,178,185,343,228,247,251,266,267,270,288,305,328,339,340,347,383,410,418,438,446
206:7,10,22,84,88,92,122,140,170,195,198,204,262,228,278,295,297,301,317,325,333,352,360,375,381,389,408,411,434,439,443
207:6,20,25,29,41,46,52,113,129,131,138,146,166,185,328,217,220,221,259,262,263,273,275,278,282,298,311,324,325,338,354,365,389,402,406,422,423
208:11,34,51,65,80,94,107,168,182,197,379,225,241,250,277,283,295,322,332,342,352,353,364,399,402,404
209:12,18,36,65,71,108,124,133,145,147,151,152,157,202,402,223,228,261,269,292,298,322,331,342,372,386,387,399
210:54,79,107,136,148,151,169,183,195,256,229,260,275,297,311,316,352,395,409,440
211:13,16,19,20,40,65,73,115,132,225,221,224,234,283,313,332,338,383
212:5,8,12,19,21,48,51,57,62,75,77,95,113,116,122,129,157,179,197,202,301,218,231,232,264,279,305,309,320,322,348,358,386,390,419,420,440,442
213:4,21,25,39,40,53,65,90,126,144,147,153,188,263,220,222,226,239,241,307,325,345,371,380,382,404,410,411,432,445
214:97,115,123,124,166,188,236,218,250,252,258,265,267,280,335,348,357,388,419,429,432
215:3,24,39,49,55,73,81,99,112,126,141,142,149,157,164,182,200,313,219,225,231,246,265,289,298,335,358,360,366,380,404,421,433
216:5,57,62,88,110,119,136,188,189,193,231,217,221,272,280,289,299,306,364,374,385,389,415,422
217:10,31,48,49,58,69,73,95,100,104,126,127,136,140,184,195,207,216,366,257,262,276,296,305,317,328,373,385,433,445
218:13,15,16,41,45,51,132,154,162,212,214,402,245,281,288,290,294,307,314,320,330,331,337,341,381,393,407,411,421,429,449
219:4,10,21,27,36,43,45,102,108,122,125,129,142,146,148,150,153,154,167,188,215,377,220,236,239,249,256,265,278,282,296,349,350,356,360,362,429,444
220:53,56,61,84,100,102,137,185,207,213,219,316,224,239,241,262,289,305,320,331,332,333,341,359,363,364,365,375,405,426,449
221:6,15,20,25,59,71,88,90,94,104,121,132,135,138,179,194,207,211,216,373,261,282,296,298,312,328,337,356,364,371,375,392
222:21,44,47,64,121,125,132,133,136,140,213,342,254,256,262,264,283,288,354,362,401,408,414,447
223:15,25,44,49,73,104,139,149,191,201,209,390,233,240,245,246,261,265,273,295,316,382,383,396,430,434
224:3,4,9,18,19,30,60,68,75,76,96,103,115,125,148,150,163,173,211,220,351,243,250,278,291,311,317,330,339,347,359,372,379,408,414,419,427
225:15,50,102,127,156,172,181,204,208,211,215,251,226,231,242,248,249,257,274,332,336,341,349,361,367,370,392,397,421
226:12,27,28,75,79,102,126,137,162,163,171,188,213,225,252,231,236,249,258,303,312,329,335,342,345,371,394,408,416
227:18,26,53,67,90,98,112,116,119,158,160,179,183,263,237,243,244,248,301,303,323,327,331,333,354,367,373,421
228:4,26,45,81,133,147,152,171,183,193,202,205,206,209,326,269,338,373,378,380,423,445
229:10,20,22,47,55,90,93,182,183,196,210,275,245,276,293,296,297,302,329,332,333,349,353,384,402,412,417,419,437,439,442
230:28,57,60,85,110,142,143,157,174,181,379,249,250,274,284,307,319,350,351,352,359,396,406,416,449
231:7,11,13,22,28,39,77,94,106,127,142,157,164,171,181,212,215,216,225,226,300,247,274,287,293,309,322,332,357,362,380,385,402,405,431,434,437
232:4,5,6,9,22,24,120,131,184,198,212,359,238,255,259,275,279,302,308,371,372,395,396,410,417,439
233:5,28,30,36,53,67,92,102,108,133,147,149,151,175,195,223,292,254,280,325,347,348,364,445
234:5,15,29,35,42,52,58,66,83,138,176,177,181,190,211,256,244,270,278,288,296,335,338,359,361,367,375,385,405,431,441
235:35,54,60,62,66,86,98,99,107,138,146,177,197,294,242,243,335,352,370,381,398,418,428
236:26,92,146,155,160,161,177,185,186,188,214,219,226,261,265,270,283,325,354,385,406,407,409,412
237:24,46,51,59,87,103,119,124,133,135,175,185,191,198,203,227,297,239,267,269,276,303,328,348,358,378,379,380,383,394,405,448
238:6,33,36,43,76,96,109,142,159,166,169,176,177,232,386,284,298,314,367,381,382,410,433,446
239:16,20,68,78,99,105,147,150,160,162,213,219,220,237,327,258,275,282,297,309,373,387,393,433
240:8,21,25,38,41,80,97,101,108,145,150,154,169,182,183,200,202,223,325,244,268,270,316,337,345,400,441,449
241:4,20,28,33,65,92,95,110,115,147,198,202,208,213,220,412,269,271,285,289,293,305,309,316,322,325,330,331,340,349,370,380,397,407,411,419,425
242:7,8,23,25,31,38,90,92,95,107,120,132,156,192,225,235,352,298,316,329,332,361,370,402,408,421,423,446,449
243:8,23,44,106,126,134,135,146,167,182,195,203,224,227,235,307,276,290,297,306,311,332,340,342,351,363,382,394,399,405,417,419
244:7,22,27,54,112,114,139,167,173,227,234,240,346,277,307,320,344,345,350,351,373,407,411,434,441,442,445
245:31,38,111,127,140,141,147,154,156,157,189,196,218,223,229,283,273,276,298,301,306,333,360,391
246:15,28,37,46,52,57,78,103,109,129,131,143,146,148,150,167,176,199,215,223,432,282,305,324,330,403,421
247:4,47,57,72,93,95,104,105,112,133,154,162,202,205,231,396,257,268,290,301,317,339,340,342,352,353,355,401,403,419,441,446
248:17,39,55,57,165,168,179,192,225,227,395,253,273,302,303,306,333,340,346,356,377,388,409,416,421,435
249:7,29,46,62,67,100,104,117,124,132,147,148,154,161,162,169,186,193,219,225,226,230,350,258,279,285,316,359,385,412,431
250:15,23,37,95,113,119,160,182,208,214,224,230,359,252,254,263,266,278,280,298,304,306,348,356,370,389
251:10,13,16,98,133,143,161,162,180,184,192,205,225,269,276,284,309,331,333,349,369,370,387,395,399,403,406,412,430
252:10,25,38,41,45,53,72,90,134,137,192,214,226,250,325,319,331,389,414,424
253:39,41,44,49,74,76,79,98,110,114,163,165,174,248,313,267,331,339,344,398,415,430,445
254:24,43,53,65,66,79,85,92,96,115,144,222,233,250,399,271,290,294,300,343,351,359,405,420,433
255:6,9,38,41,89,110,111,128,134,153,155,164,190,196,202,232,340,278,361,369,376,378,393,402
256:31,60,81,85,109,113,144,145,180,183,197,203,210,219,222,234,307,322,331,350,352,353,388,398,408,420,424,438,445
257:2,27,39,42,51,61,73,82,104,110,114,154,157,173,175,194,217,225,247,321,258,263,270,281,320,370,384,442
258:3,4,8,12,25,43,46,60,75,77,100,106,158,178,180,203,214,226,239,249,257,443,274,277,279,296,305,309,314,348,361,368,381,387,390,394,424,432,441,447
259:8,24,40,45,68,79,88,111,139,167,182,193,197,201,207,232,332,262,316,336,359,376,379,393,400,408,417,431,432
260:45,54,55,68,97,121,144,145,180,190,210,297,267,289,299,321,332,340,341,350,357,366,393,406,423,429,432,448
261:4,23,28,47,63,76,77,111,121,150,156,160,162,180,197,209,221,223,236,447,266,322,362,389,396,402,404
262:2,5,26,28,65,85,88,105,139,149,193,204,206,207,217,220,222,259,398,263,289,306,332,339,342,370,379,384
263:19,23,25,45,68,90,110,158,163,164,196,204,207,213,227,250,257,262,358,285,303,318,327,341,345,370,381,382,403,418,421,431,439
264:6,7,30,34,57,70,95,100,107,113,117,123,154,180,182,204,212,222,425,302,318,319,345,404,410
265:1,23,47,49,74,81,87,117,131,143,148,151,155,180,182,184,196,214,215,219,223,236,269,284,306,327,353,363,373,400,427,435
266:20,36,54,57,60,68,70,83,92,113,148,151,205,250,261,353,275,305,336,351,382,398,425,435,441,449
267:7,15,40,45,62,66,88,127,135,138,165,176,185,203,205,214,237,253,260,428,274,291,295,319,322,352,372,374,408,424,426,427,435,443
268:10,13,18,36,80,96,100,111,123,126,132,133,156,187,240,247,328,269,276,310,355,356,362,381,398,418,433,447
269:6,7,29,37,47,55,56,81,104,111,114,131,146,177,192,195,209,228,237,241,251,265,268,293,274,283,287,314,323,329,333,340,360,362,363,368,372,374,382,413,417
270:16,22,86,115,147,148,177,180,186,190,205,234,236,240,257,410,309,314,318,345,361,387,390,396,411,422,424,440,443
271:6,8,39,93,110,112,121,125,130,142,158,161,171,241,254,351,273,276,302,309,340,344,357,358,438,445
272:26,27,35,50,145,150,164,176,180,181,216,425,281,286,301,342,343,349,350,357,372,385,386,390,394,405,414,444
273:6,23,34,35,43,60,62,79,91,105,110,111,130,195,207,223,245,248,271,447,292,312,317,336,347,350,362,367,434,438
274:6,7,25,43,55,59,87,102,107,110,112,195,225,230,231,258,267,269,299,287,305,317,318,320,347,353,367,369,370,374,407,441
275:25,36,50,56,65,77,117,126,148,156,160,170,174,178,181,207,210,229,232,239,266,437,279,285,321,324,338,377,379,383,402,416
276:18,50,55,59,88,148,175,182,190,217,229,237,243,245,251,268,271,411,284,294,296,302,314,331,338,364,385,403,405,424,441,442
277:9,26,56,58,63,124,125,130,152,170,175,181,208,244,258,303,284,329,347,349,351,368,400,417,427
278:8,15,33,35,45,54,65,83,116,129,144,184,203,204,206,207,219,224,234,250,255,307,280,293,323,349,389,426,436,449
279:2,16,49,71,105,107,118,120,123,125,137,185,196,201,202,212,232,249,258,275,408,284,285,314,319,354,422
280:24,29,30,43,48,54,64,90,94,102,138,152,153,158,172,177,185,214,216,233,250,278,408,293,294,303,328,336,358,359,364,374,379,416,434,438
281:1,34,46,54,63,72,113,121,124,127,136,165,177,195,218,257,272,293,296,324,342,429
282:13,14,19,46,67,69,79,82,90,125,135,142,152,167,183,203,207,219,221,239,246,318,309,352,367,414
283:16,34,38,61,65,74,103,113,117,141,144,173,177,181,192,202,204,208,211,222,236,245,269,360,306,313,380,391,395,413,416,437,438
284:30,43,106,126,129,134,160,172,176,179,196,230,238,251,265,276,277,279,407,304,306,311,357,393,394,410,446
285:3,7,11,41,72,83,86,95,106,107,118,122,140,170,172,190,192,241,249,263,275,279,322,345,359,426,435,442,444
286:19,28,40,48,108,117,124,127,131,155,156,158,163,197,272,353,297,340,355,358,369,386,408,437
287:40,43,44,61,70,77,83,108,109,116,146,148,167,187,203,231,269,274,395,305,325,331,335,338,340,355,368,379,384,413,430
288:27,40,99,112,133,159,169,171,178,180,190,205,218,222,234,342,293,301,307,325,327,335,336,359,380,383,385,439
289:0,9,54,56,68,72,73,84,91,103,107,111,117,134,143,158,164,174,176,178,180,198,215,216,220,241,260,262,339,318,330,343,363,384,431
290:12,39,40,41,45,46,70,78,88,126,130,181,182,196,202,218,243,247,254,331,321,336,338,366,367,405
291:1,34,36,73,81,88,90,100,120,122,135,162,170,186,203,224,267,303,293,301,307,321,325,326,375,382,412,414,421,422
292:26,33,40,45,46,63,74,113,142,147,150,154,157,163,209,233,273,377,294,309,329,340,345,351,401,407,417,433
293:25,51,58,92,94,107,133,183,188,198,229,231,241,269,278,280,281,288,291,347,308,320,327,368,380,413,418,424,430,443
294:9,23,31,33,54,67,71,85,90,99,127,136,153,163,170,172,200,218,235,254,276,280,292,324,303,379,425,449
295:4,17,19,38,54,114,120,146,204,206,208,223,267,335,342,353,375
296:21,35,51,52,72,76,89,90,93,140,148,172,183,201,217,219,221,229,234,258,276,281,301,305,308,323,354,372,380,395,428
297:9,22,27,55,60,72,124,146,149,165,168,177,190,194,196,206,210,229,237,239,243,260,286,342,319,355,370,393,395,405,445
298:15,17,22,37,69,77,82,83,92,95,96,110,123,125,130,137,144,151,154,199,207,209,215,221,238,242,245,250,410,301,304,306,312,317,321,332,340,348,364,398,415,423,442
299:33,36,40,56,68,94,100,142,183,197,200,216,260,274,424,303,313,318,336,337,362,382,409,443
300:21,29,30,35,50,69,75,93,103,110,113,127,135,152,154,185,192,231,254,399,332,348,352,356,358,387
301:9,18,37,68,89,111,154,177,178,206,212,227,245,247,272,288,291,296,298,341,319,329,342,357
302:75,130,145,146,186,196,229,232,248,264,271,276,410,353,373,434
303:3,42,52,55,72,84,102,128,135,144,162,166,192,226,227,237,248,263,277,280,291,294,299,387,329,347,350,374,384,411,412
304:17,25,29,61,69,104,107,120,126,151,164,171,195,250,284,298,326,307,312,313,325,364,383,406,410,419,433,435
305:34,56,78,102,122,152,163,183,192,195,205,212,217,220,241,246,258,266,274,287,296,412,329,333,341,445
306:17,21,41,52,57,67,99,109,112,118,119,133,147,150,171,195,196,216,243,245,248,250,262,265,283,284,298,334,308,341,362,380,383,410,417
307:2,27,41,93,98,114,138,159,174,188,213,218,230,243,244,256,278,288,291,304,353,365,396,436
308:2,16,18,25,55,71,100,148,164,187,232,293,296,306,378,317,380,394,397,438
309:24,40,41,46,54,67,86,98,122,137,212,231,239,241,251,258,270,271,282,292,431,338,341,342,345,357,366,389,411,437,441,446,448
310:34,45,74,75,80,88,126,143,175,200,268,396,324,330,360,372,380,384,397,398,399,405,420,427,442
311:0,15,26,34,62,76,101,106,114,124,133,144,147,157,186,198,207,210,224,243,284,427,318,327,356,359,375,381,393,395,413,436,438
312:23,87,94,115,117,135,150,158,167,199,221,226,273,298,304,325,315,338,342,347,351,376,396,403,406
313:0,14,18,24,25,43,57,70,76,83,95,104,114,124,125,161,198,202,211,215,253,283,299,304,378,317,371,382,398,402,403,422,434,440
314:0,50,58,64,88,94,114,138,189,193,203,204,218,238,258,269,270,276,279,383,376,441
315:21,22,61,83,101,115,146,163,196,312,326,348,358,361,381,388,406,413
316:13,112,124,127,146,148,164,188,200,210,220,223,240,241,242,249,259,385,318,330,349,357,374,390,424,427,443
317:1,8,11,17,33,52,78,101,102,111,113,149,156,175,184,206,217,224,247,273,274,298,308,313,378,323,343,344,345,350,352,359,371,416,433,436,441,445,448
318:23,33,52,128,157,168,263,264,270,274,282,289,299,311,316,442,338,349,357,411,415,422,425,430,444
319:40,54,57,72,94,97,105,115,116,132,139,187,203,230,252,264,267,279,297,301,381,331,337,340,342,364,367,383,390,403,416
320:0,14,36,46,67,86,104,116,140,149,182,193,201,212,218,220,244,257,274,293,398,341,380,406,414,420,423,424,441,446
321:6,14,19,44,64,98,176,183,200,257,260,275,290,291,298,324,338,355,366,400,411,422,427
322:11,44,98,105,121,135,171,172,177,178,199,208,209,212,231,241,256,261,267,285,401,346,373,414,449
323:4,7,12,14,22,23,40,61,70,73,77,97,139,141,144,187,203,227,269,278,296,317,344,330,339,357,358,427,430
324:27,39,50,55,63,112,137,163,195,207,246,275,281,294,310,321,433,351,362,365,404,438,445,447
325:8,14,38,40,94,125,133,136,137,166,168,186,206,207,213,233,236,240,241,252,287,288,291,304,312,347,335,338,345,358,362,405,407,415,423,429,443,449
326:80,84,104,124,135,143,167,179,188,191,228,291,304,315,381,358,385,400,403,415,418,427,439
327:10,21,51,74,86,92,105,106,112,149,153,164,176,190,195,227,239,263,265,288,293,311,377,363,365,411,430,433,438
328:17,22,31,81,99,105,130,137,180,195,205,207,217,221,237,268,280,415,340,407,409,420,431,435
329:6,8,31,48,76,116,171,176,191,192,193,197,226,229,242,269,277,292,301,303,305,386,334,335,340,346,360,435,445
330:6,59,110,122,123,135,139,149,153,157,158,183,218,224,241,246,289,310,316,323,434,392,403,421
331:5,31,37,54,56,64,86,113,121,155,168,172,195,203,209,218,220,227,241,251,252,253,256,276,287,290,319,337,347,351,371,414,417,421,430,436
332:0,3,35,75,120,153,163,175,188,208,211,220,225,229,231,242,243,259,260,262,298,300,335,388,394,417,422,449
333:53,57,101,102,112,119,120,137,144,165,167,184,188,191,206,220,227,229,245,248,251,269,305,392,345,351,352,358,372,383,398,402,404,420,436
334:10,14,21,56,72,98,109,143,146,173,179,186,202,306,329,438,364,371,373,395,406,407,419,437,442,445,447
335:11,52,63,122,158,162,166,214,215,226,234,235,287,288,295,325,329,332,420,350,366,375,377,436,438
336:12,33,71,95,97,124,147,156,157,164,179,187,198,225,259,266,273,280,288,290,299,428,344,366,420,426,427,436
337:1,3,12,24,54,73,80,116,151,158,218,221,240,299,319,331,379,360,380,389,418,424,425
338:0,6,48,50,54,69,98,103,123,135,145,173,176,177,201,207,211,228,234,275,276,287,290,309,312,318,321,325,449,344,358,431,444
339:8,16,29,45,51,68,103,122,156,165,176,177,205,224,247,253,262,289,323,354,364,365,378,390,400,412,424
340:24,60,64,112,119,165,167,205,241,243,247,248,255,260,269,271,286,287,292,298,319,328,329,447,349,378,398,417,419,440
341:32,46,71,79,83,88,106,108,123,135,140,143,151,159,178,200,218,220,225,260,263,301,305,306,309,320,375,343
342:34,45,61,95,106,120,130,170,189,199,208,209,222,226,243,247,262,272,281,288,295,297,301,309,312,319,354,357,377,403,434,445,449
343:13,23,32,40,42,44,67,127,135,152,163,189,194,205,254,272,289,317,341,426,357,387,388,411,421,425,429,446,447
344:16,30,38,95,105,108,132,158,172,196,244,253,271,317,323,336,338,424,349,376,388,397,417,418
345:4,31,51,54,60,66,117,126,149,169,179,181,213,226,240,244,263,264,270,285,292,309,317,325,333,447,373,378,391,407,413,420,436,439
346:14,61,64,71,85,87,150,168,193,244,248,322,329,439,375,398,428,447
347:32,74,86,101,111,116,119,142,152,165,186,205,224,233,273,274,277,293,303,312,325,331,366,349,352,411,415,421,433,443,444
348:1,9,39,49,63,79,110,133,134,143,144,151,182,212,214,233,237,250,258,298,300,315,362,355,364,379,418,434,449
349:26,40,49,63,77,79,89,107,118,132,133,135,164,198,219,225,229,241,251,272,277,278,316,318,340,344,347,372,353,400,401,425,445
350:11,12,55,87,98,100,123,219,230,244,249,256,260,272,273,303,317,335,368,353,356,367,379,386,387,397,408,413,424,433,442,444,445
351:28,32,53,57,74,112,115,119,128,133,186,196,200,204,224,230,243,244,254,266,271,277,292,312,324,331,333,377,352,408,428,433
352:7,70,89,92,131,141,159,165,198,206,208,210,230,235,242,247,256,267,282,300,317,333,347,351,368,363,372,374,444
353:49,89,99,108,116,122,126,164,171,179,181,189,200,208,229,247,256,265,266,274,286,295,302,307,349,350,370,362,387,401,407,433,443
354:42,88,89,92,142,143,144,162,163,169,199,207,222,227,236,279,296,339,342,377,363,426,441
355:0,15,45,50,59,60,66,68,105,112,122,145,151,154,174,198,200,247,268,286,287,297,321,348,360,381,387,395,408,431
356:15,51,55,59,81,83,100,117,121,126,127,141,152,161,180,201,219,221,248,250,268,300,311,350,383,374,382,386,397,434
357:6,25,69,75,81,86,87,94,108,115,122,155,175,182,187,194,214,231,260,271,272,284,301,309,316,318,323,342,343,429,381,386,407,413,431,434
358:32,36,55,80,94,107,116,118,134,141,191,212,215,237,263,271,280,286,300,315,323,325,326,333,338,423,365,384,385,393,396,404,409,429
359:24,35,39,82,100,103,110,139,159,184,185,200,220,224,230,232,234,249,250,254,259,280,285,288,311,317,431,361,365,397,399,407,421,425,435
360:6,39,56,64,79,92,104,121,150,164,177,188,199,201,203,206,215,219,245,269,283,310,329,337,355,438,367,380,402,407,415,424,448
361:25,29,39,71,81,85,90,105,110,122,172,181,225,234,242,255,258,270,315,359,449,369,384,396,435,436
362:99,116,128,143,149,160,165,173,219,222,231,261,268,269,273,299,306,324,325,348,353,404,389,405,416
363:11,18,34,95,146,196,199,220,243,265,269,289,327,352,354,391,375,382,392,412,417,438
364:25,41,74,95,137,147,196,208,216,220,221,233,276,280,298,304,319,334,339,348,446,382,389,399,429
365:15,21,40,41,78,91,97,136,146,207,220,307,324,327,339,358,359,441,369,385,395,411,424
366:6,26,62,87,105,108,137,147,199,215,217,260,290,309,321,335,336,347,420,429,434,439
367:4,7,8,61,75,99,117,163,181,225,227,234,238,273,274,282,290,319,350,360,440,383,389,428
368:77,78,79,86,94,125,130,141,153,167,184,197,258,269,277,287,293,350,352,415,391,432
369:1,27,42,56,71,84,104,118,174,193,251,255,274,286,361,365,414,370,395,412,413,447
370:2,11,12,13,42,46,87,91,97,104,128,225,235,241,242,250,251,257,262,263,274,297,353,369,446,386,401,408
371:8,15,18,19,30,39,43,80,88,138,140,143,165,200,213,221,226,232,313,317,331,334,447,390,414,423,441
372:4,9,19,22,23,57,67,74,106,135,138,139,143,151,188,197,209,224,232,267,269,272,296,310,333,349,352,447,373,374,376,390,391,419,426,433,442
373:13,22,38,44,80,97,101,133,147,193,217,221,227,228,239,244,265,302,322,334,345,372,410,375,386,391,395,409,446
374:2,24,29,41,48,67,72,80,137,141,161,170,184,216,267,269,274,280,303,316,352,356,372,437,378,399,400,402,405,422,426,440
375:37,39,41,91,93,136,155,181,199,206,220,221,234,291,295,311,335,341,346,363,373,438
376:0,1,37,39,107,108,120,137,140,165,175,202,255,259,312,314,344,372,434,388,414,430
377:40,55,76,81,84,89,96,100,109,120,147,179,187,190,202,219,248,275,292,327,335,342,351,354,434,379,404,423,440,441
378:17,20,28,36,50,78,80,109,120,135,142,149,154,155,156,171,192,200,228,237,255,308,313,317,339,340,345,374,443,380,386,402,403,424,446
379:7,19,56,70,81,89,90,107,110,134,159,171,175,177,208,224,230,237,259,262,275,280,287,294,337,348,350,377,409,422
380:35,37,72,76,84,86,104,132,145,153,155,194,213,215,228,231,237,241,283,288,293,296,306,308,310,320,337,360,378,390,418,425
381:3,4,16,29,36,53,90,116,130,162,165,174,178,179,204,206,218,235,238,258,263,268,311,315,319,326,355,357,413,392,415,421,425,429,447
382:8,49,69,88,100,176,213,223,238,243,263,266,269,291,299,313,356,363,364,428,401,403,410
383:35,39,66,67,68,82,97,100,102,119,132,135,164,170,177,196,200,205,211,223,237,275,288,304,306,314,319,333,356,367,402,385,404,427,438
384:42,60,90,93,108,111,120,131,138,149,166,172,192,229,257,262,287,289,303,310,358,361,420,388,395,422,434,440
385:13,34,40,61,65,80,83,114,159,178,197,216,217,231,234,236,249,272,276,288,316,326,358,365,383,413,406,408,414,428,433,437
386:15,16,18,29,48,86,95,119,127,136,141,168,195,201,203,209,212,238,272,286,329,350,356,357,370,373,378,423,413,430
387:18,111,163,183,209,239,251,258,270,300,303,343,350,353,355,396,389,415,419,429,436
388:27,32,48,57,68,86,105,107,118,153,179,214,248,256,315,332,343,344,376,384,403,411
389:19,28,51,62,75,102,109,111,112,121,136,138,189,191,197,202,206,207,216,250,252,261,278,309,337,362,364,367,387,427,398,412,443,444
390:32,66,101,103,154,162,198,201,212,223,258,270,272,316,319,339,371,372,380,448,396,397,401,407,444
391:21,48,56,59,82,97,124,166,171,176,192,195,245,283,345,363,368,372,373,416,399,414,420,422,428
392:15,53,68,116,119,132,153,169,190,221,225,330,333,363,381,403,414
393:0,24,34,49,75,88,105,136,154,155,158,165,202,218,239,255,259,260,284,297,311,358,417,402,423,430
394:10,25,30,33,70,74,117,121,122,186,188,192,226,237,243,258,272,284,308,332,418
395:25,41,53,115,126,135,138,154,177,189,210,232,248,251,283,287,296,297,311,334,355,365,369,373,384,407,404,425
396:36,38,56,57,61,67,92,93,95,102,127,130,144,154,160,173,188,192,223,230,232,247,261,270,307,310,312,358,361,387,390,397,411,433,449
397:0,22,63,91,100,120,162,165,166,168,175,186,225,241,308,310,344,350,356,359,390,396,405,437,443
398:24,33,55,65,81,87,109,116,121,139,146,147,167,173,185,235,253,256,262,266,268,298,310,313,320,333,340,346,389,413,419,426
399:19,41,59,103,106,116,143,157,159,196,198,208,209,243,251,254,300,310,359,364,374,391,412,410,421,443
400:1,3,12,21,23,33,79,103,105,108,112,117,121,129,151,160,186,196,197,240,259,265,277,321,326,339,349,374,420,434,435,440
401:4,22,26,44,73,82,91,97,103,118,127,158,173,177,193,222,247,292,322,349,353,370,382,390,447,408,420
402:36,49,68,79,112,120,129,135,137,149,164,207,208,209,218,229,231,242,255,261,275,313,333,360,374,378,383,393,446,432
403:6,39,79,101,130,152,181,182,184,185,246,247,251,263,276,312,313,319,326,330,342,378,382,388,392,448,413,439,446
404:2,15,29,41,129,165,194,208,213,215,261,264,324,333,358,362,377,383,395,438,414,416,441,445
405:13,23,30,42,50,57,66,74,88,93,95,115,120,139,141,148,163,194,196,204,220,231,234,237,243,254,272,276,290,297,310,325,362,374,397,419,407,421,440
406:0,11,18,66,68,81,87,95,98,103,105,111,127,162,166,173,185,207,230,236,251,260,304,312,315,320,334,385,440,415,417,419,430
407:6,36,43,47,53,57,71,78,80,135,138,172,188,218,236,241,244,274,284,292,325,328,334,345,353,357,359,360,390,395,405,435,409,417,424,441,446
408:2,9,13,18,36,64,65,68,88,89,98,101,166,200,206,222,224,226,242,256,259,267,279,280,286,350,351,355,370,385,401,428,410,427,431,435
409:3,31,35,65,85,94,97,103,108,110,121,128,158,194,197,210,236,248,299,328,358,373,379,407,433,426
410:3,8,31,34,87,123,156,165,166,194,205,213,232,238,264,270,284,298,302,304,306,373,382,399,408,445,436
411:11,31,49,57,60,86,88,96,103,152,167,183,202,206,213,218,241,244,270,276,303,309,318,321,327,343,347,365,388,396,440,431
412:0,8,33,63,77,78,85,117,118,146,160,173,198,200,229,236,241,249,251,291,303,305,339,363,369,389,399,438,439,442
413:16,31,41,54,78,92,96,99,125,127,142,168,269,283,287,293,311,315,345,350,357,369,381,385,386,398,403,415
414:33,61,82,87,95,107,122,124,126,146,195,222,224,252,272,282,291,320,322,331,369,371,376,385,391,392,404,436,416
415:23,25,29,31,46,71,80,122,186,216,253,298,318,325,326,328,347,360,368,381,387,406,413,433,434,437,448
416:29,50,58,106,110,121,125,130,133,144,155,169,175,177,197,226,230,248,275,280,283,317,319,362,391,404,414,423,421,434,436,443,449
417:16,29,46,54,93,99,130,143,158,177,229,232,243,259,269,277,292,306,331,332,340,344,363,393,406,407,422,434
418:0,22,71,82,90,93,101,104,121,179,201,204,205,235,263,268,293,326,337,344,348,380,394,419
419:0,11,21,30,74,105,128,141,180,212,214,224,229,241,243,247,304,334,340,372,387,398,405,406,418,431,440,441,448
420:0,2,5,17,75,82,86,114,138,160,167,168,171,196,198,212,254,256,310,320,328,333,335,336,345,366,384,391,400,401,436,424,438
421:7,12,64,119,152,166,177,215,218,225,227,242,246,248,263,291,330,331,343,347,359,381,399,405,416,441,437
422:0,6,8,12,17,21,44,50,80,137,142,173,207,216,270,279,291,313,318,321,332,374,379,384,391,417,443,425
423:0,90,105,110,112,115,121,123,154,160,179,201,207,228,242,260,298,320,325,358,371,377,386,393,416,439
424:16,53,58,67,81,87,89,103,119,179,185,191,252,256,258,267,270,276,293,299,316,320,337,339,344,350,360,365,378,407,420,440
425:47,61,72,77,80,81,157,196,201,241,264,266,272,294,318,337,343,349,359,380,381,395,422,432,434
426:4,6,14,20,24,30,46,79,91,99,109,117,122,135,158,187,189,196,199,220,267,278,285,336,343,354,372,374,398,409,427,434,443
427:25,38,67,68,73,90,126,132,146,147,224,265,267,277,310,311,316,321,323,326,336,383,389,408,426,439,443
428:5,7,15,21,54,56,57,63,64,84,98,109,111,122,137,187,194,203,204,235,267,296,336,346,351,367,382,385,391,408,445,438
429:6,13,22,28,39,46,54,78,85,91,104,107,115,129,149,159,185,214,218,219,260,281,325,343,357,358,364,366,381,387,441,432,433,443,448
430:24,31,42,71,84,90,106,107,110,139,141,147,156,179,203,223,251,253,287,293,318,323,327,331,376,386,393,406,435,437,439,445
431:4,8,32,47,73,75,121,123,125,138,144,148,186,192,201,231,234,249,259,263,289,309,328,338,355,357,359,408,411,419,434
432:22,73,81,85,96,144,147,148,149,184,204,213,214,246,258,259,260,368,402,425,429,443,433,437,440
433:7,26,28,42,93,164,172,215,217,238,239,254,268,292,304,317,324,327,347,350,351,353,372,385,396,409,415,429,432,436
434:24,61,84,90,107,122,129,132,143,191,195,206,223,231,244,273,280,302,313,330,342,348,356,357,366,376,377,384,400,415,416,417,425,426,431,449
435:20,32,113,143,185,199,248,265,266,267,285,304,328,329,359,361,400,407,408,430,439,446
436:60,77,89,96,116,197,203,278,307,311,317,331,333,335,336,345,361,387,410,414,416,420,433,446,443
437:11,41,55,76,111,117,119,128,142,146,173,175,229,231,275,283,286,309,334,374,385,397,415,421,430,432,441,449
438:39,40,46,63,69,106,111,205,256,271,273,280,283,308,311,324,327,334,335,360,363,375,383,404,412,420,428,441,444
439:6,9,20,40,58,68,85,97,114,144,167,174,194,206,229,232,263,288,326,345,346,366,403,412,423,427,430,435,440
440:5,34,41,64,68,70,98,117,119,130,143,169,175,202,210,212,270,313,340,367,374,377,384,400,405,406,411,419,424,432,439,442,446
441:5,9,59,82,83,85,95,103,104,109,122,131,165,168,190,201,234,240,244,247,258,266,274,276,309,314,317,320,354,365,371,377,404,407,419,421,429,437,438,442
442:10,58,79,82,85,87,92,96,159,161,168,177,179,212,229,244,257,276,285,298,310,318,334,350,372,412,440,441,443,444
443:12,39,89,99,101,122,171,172,200,206,258,267,270,293,299,316,325,347,353,378,389,397,399,416,422,426,427,429,432,436,442,447
444:21,26,41,45,55,67,95,105,115,118,137,181,185,204,219,272,285,318,338,347,350,352,389,390,438,442,446,447,448
445:12,16,28,40,52,65,95,110,140,143,176,213,217,228,233,244,253,256,271,297,305,317,324,329,334,342,349,350,404,410,428,430,446
446:4,9,32,36,41,44,53,108,115,132,138,179,192,205,238,242,247,284,309,320,343,364,370,373,378,402,403,407,435,436,440,444,445,449
447:21,33,37,45,93,94,97,113,141,161,180,222,258,261,268,273,324,334,340,343,345,346,369,371,372,381,401,443,444,448,449
448:11,20,27,33,44,47,50,57,62,72,98,99,101,114,116,118,134,149,156,172,173,174,177,183,186,189,197,237,260,309,317,360,390,403,415,419,429,444,447,449
449:18,21,25,36,47,84,94,100,130,148,182,186,199,218,220,230,240,242,266,278,294,322,325,332,338,342,348,361,396,416,434,437,446,447,448
