0:301,12,15,38,40,50,52,57,62,96,98,100,104,133,144,156,169,186,189,193,200,226,232,241,248,267,281,299,307,309,315,324,339,352,353,357,365,367,371,376,378,383,385,388,402,413
1:71,10,29,50,53,55,62,85,94,103,121,150,166,191,205,206,211,213,268,270,291,300,304,307,315,318,330,339,344,399
2:341,6,11,32,49,69,76,82,83,92,114,133,141,142,177,198,214,235,236,239,251,268,286,287,294,316,323,331,332,346,348,354,362,376,392,414
3:371,9,24,25,30,36,37,63,66,68,88,94,95,105,108,116,118,123,149,153,180,181,182,185,191,223,229,249,250,254,258,277,279,330,334,346,348,356,366,374,393,408,418
4:207,5,7,13,17,30,38,58,72,75,80,93,106,111,119,120,139,144,147,163,166,169,172,181,187,203,215,218,242,245,247,257,260,278,292,294,303,318,322,336,337,338,341,363,379,386,406
5:4,372,19,21,30,38,44,49,53,63,72,77,80,98,99,131,139,162,181,205,218,228,231,239,259,263,273,280,292,295,301,308,318,344,347,348,363,383,395,399,414,418
6:2,294,13,37,38,51,54,57,81,86,90,93,105,135,149,181,193,202,214,224,246,275,277,336,338,357,361,380,387,398,412
7:4,385,9,14,23,27,33,35,57,67,69,72,84,88,142,161,172,187,194,202,223,229,233,234,256,259,279,280,287,306,311,324,337,340,342,346,362,376,383,414
8:233,9,13,14,21,34,60,67,71,72,89,90,94,105,113,125,151,163,184,197,220,221,239,259,275,293,299,300,338,342,351,358,371,373,415
9:3,7,8,395,16,51,54,66,76,96,113,116,138,152,153,165,171,174,190,191,197,205,213,215,221,223,235,246,255,267,277,285,294,309,316,318,333,338,345,350,358,361,373,385,387,406,413,418
10:1,142,21,29,34,37,41,53,56,63,68,77,100,104,106,123,125,133,143,145,148,160,162,169,171,172,179,195,197,217,237,242,259,270,279,290,319,323,347,360,400,404,405,413
11:2,232,25,35,44,52,54,80,82,96,112,120,131,137,162,164,170,177,180,194,195,229,237,279,280,282,302,317,321,368,376,390,414
12:0,418,21,26,28,32,37,43,49,63,78,87,105,125,126,136,144,145,162,165,174,182,198,199,207,211,223,243,247,248,266,277,287,295,297,301,315,319,329,348,357,368,384,388,395,412,416
13:4,6,8,392,16,19,33,38,91,116,123,170,171,183,186,192,210,223,248,250,252,262,277,292,303,307,318,322,327,328,344,355,357,363,380,395,416
14:7,8,103,31,49,57,69,70,78,88,90,93,98,106,110,117,143,146,153,171,174,177,179,180,182,196,209,212,215,221,228,237,240,247,250,254,269,275,282,286,299,318,319,322,325,331,336,366,368,377,387,391
15:0,295,20,40,141,203,223,237,241,246,256,260,270,275,291,308,310,312,315,324,331,344,360,369,373,386,389,406,407,412,415
16:9,13,345,19,34,60,75,87,99,100,116,123,142,159,164,169,170,175,180,198,209,213,217,223,226,234,246,266,270,275,276,278,298,369,371,372,378,391,404,417
17:4,223,50,59,66,68,69,101,120,146,151,157,160,188,203,222,228,241,243,249,264,270,281,294,295,301,302,313,315,340,348,350,364,376,378,413,415
18:370,23,45,68,74,81,110,119,123,134,141,142,153,190,203,207,210,217,218,221,233,235,247,257,260,269,281,282,301,307,308,337,353,356,357,365,376,389,404,414
19:5,13,16,143,21,23,30,34,39,42,50,52,61,81,84,86,98,105,120,137,147,158,159,172,186,219,253,260,279,287,292,298,316,376,377,388,390,394,403,407
20:15,362,26,29,37,47,48,56,69,76,81,84,90,95,101,114,117,122,132,138,140,157,161,164,170,174,177,189,191,194,195,198,201,214,234,235,243,250,253,263,291,297,309,314,322,328,355,372,402,405
21:5,8,10,12,19,67,27,53,64,77,85,92,100,105,113,122,128,134,139,152,157,165,181,187,189,192,210,211,228,239,241,256,287,288,299,338,339,348,365,383,389,396,419
22:254,23,26,41,48,56,59,120,149,159,168,172,206,207,230,237,250,253,257,278,284,292,301,351,367,380,393,409,413,415
23:7,18,19,22,247,49,52,76,82,84,96,113,136,139,148,149,181,188,190,209,238,248,250,252,265,269,276,283,285,292,294,338,342,345,381,385,406,410,411,414,416
24:3,211,25,30,43,52,60,69,82,86,95,103,118,125,127,131,151,153,169,176,177,199,214,215,218,228,237,240,243,254,277,286,293,294,318,343,351,367,378,394,396,398,412
25:3,11,24,219,27,53,67,96,98,108,109,125,143,174,177,188,189,192,217,245,252,256,275,290,291,296,304,318,360,363,371,381,401,406,411,418
26:12,20,22,88,28,29,38,57,59,61,76,83,85,96,108,132,144,161,165,171,178,185,207,213,214,215,229,231,244,288,330,337,359,371,373,388,391
27:7,21,25,319,30,39,40,82,110,130,131,153,160,166,170,192,245,248,252,256,257,272,280,283,290,312,313,340,343,346,359,376,382,390,403,416
28:12,26,117,43,52,56,72,75,76,93,99,126,135,143,145,162,187,199,211,216,224,243,257,263,269,314,316,325,332,343,350,369,370,377,401,402,418
29:1,10,20,26,282,44,54,61,73,75,120,139,142,148,161,162,166,179,209,216,230,247,259,263,281,302,314,318,335,344,384,388,411
30:3,4,5,19,24,27,228,33,40,41,51,58,75,83,87,116,122,160,163,191,194,202,221,225,233,247,253,260,288,296,301,314,315,333,337,349,360,372,374,404,412,416,419
31:14,147,35,47,58,73,83,84,100,105,107,111,113,117,135,156,176,181,185,198,199,205,208,216,224,229,266,268,343,360,380,386,388,392,393,403,406,408,409
32:2,12,419,37,40,50,60,74,76,79,92,105,113,117,123,138,145,156,157,181,185,194,204,214,223,235,259,265,270,277,278,279,294,301,329,344,345,350,355,369,372,407,410,413
33:7,13,30,238,47,89,96,110,111,122,163,186,196,216,247,260,295,308,361,364,366,369,390,409,412
34:8,10,16,19,273,37,46,58,93,97,100,104,114,117,118,132,135,138,158,177,185,189,213,217,255,257,259,270,290,291,302,303,309,319,335,336,350,355,386,404
35:7,11,31,257,42,46,56,59,60,77,86,95,164,181,183,185,186,193,202,208,219,252,256,267,275,281,285,305,315,316,337,343,359,367,370,373,375,384,385,400,401,402,415,418
36:3,108,40,58,76,85,93,94,113,128,129,133,155,204,215,230,233,243,246,251,265,281,282,297,312,318,319,330,333,335,341,353,383,385
37:3,6,10,12,20,32,34,341,67,69,74,87,95,98,103,113,118,139,156,162,178,182,184,194,199,202,210,227,229,247,250,264,267,287,292,319,326,331,335,344,350,352,358,361,374,380,385,391,399,400,402
38:0,4,5,6,13,26,345,50,58,60,61,82,125,129,132,138,146,147,172,173,177,183,195,196,206,210,224,231,258,264,268,273,280,289,294,304,318,319,322,339,369,370,378,402,410
39:19,27,165,40,52,64,65,74,82,94,103,110,116,120,123,146,155,158,162,169,192,196,205,206,215,220,245,248,250,252,254,256,264,284,286,297,301,318,341,348,360,368,375,395
40:0,15,27,30,32,36,39,317,43,50,63,75,79,80,89,105,111,137,141,142,147,154,167,177,188,191,201,215,218,246,258,263,266,268,270,282,285,296,300,315,325,344,347,404,405,412
41:10,22,30,177,44,70,71,72,74,77,79,88,98,119,127,163,172,196,207,214,260,299,313,322,325,327,334,365,379,396,411,414
42:19,35,255,63,77,81,83,91,92,94,112,118,130,135,136,141,161,163,167,168,177,197,198,203,222,223,231,233,236,290,297,315,318,340,352,368,373,386,409
43:12,24,28,40,349,46,49,64,68,75,103,106,139,168,173,190,216,241,263,283,289,301,311,321,339,351,354,369,377,384,399,405,414
44:5,11,29,41,218,48,67,69,75,77,94,116,119,140,171,172,173,176,180,223,230,238,249,255,257,272,279,284,307,325,362,366,373,390,391,397,407,418
45:18,339,49,72,79,80,90,91,99,118,137,142,160,178,193,199,209,210,211,241,252,256,261,292,312,325,361,364,372,388,395,406,412,418,419
46:34,35,43,107,54,76,79,80,81,85,88,121,127,128,132,163,178,188,218,235,240,253,256,264,272,273,290,296,303,324,345,370,375,376,380,394,404,410,412
47:20,31,33,161,56,74,118,144,145,149,153,162,166,177,196,211,215,227,255,264,269,278,281,285,289,302,323,327,360,371,379,380,418
48:20,22,44,357,50,51,53,59,60,61,74,80,99,104,114,130,158,190,194,206,208,220,221,232,233,241,243,248,258,270,275,276,279,296,302,312,324,334,335,339,363,367,369,380,394,408
49:2,5,12,14,23,43,45,255,57,68,73,89,98,118,141,144,164,188,210,214,226,232,239,251,253,262,270,281,284,287,307,319,326,347,348,381,402,404,411,418
50:0,1,17,19,32,38,40,48,337,53,56,57,79,93,95,111,116,128,145,147,167,183,195,196,212,218,226,228,237,242,244,255,264,268,269,271,272,286,289,304,308,319,330,332,346,349,353,371,377,384
51:6,9,30,48,80,75,77,93,106,113,114,128,172,178,189,192,193,197,210,213,223,235,245,248,270,276,288,295,301,309,316,321,325,335,345,356,371,407,418
52:0,11,19,23,24,28,39,357,65,81,83,84,94,112,123,150,154,156,173,176,186,202,211,220,231,236,239,255,261,309,345,371,373,386,394
53:1,5,10,21,25,48,50,404,60,63,64,88,99,106,115,133,153,157,159,160,167,168,183,202,209,211,215,217,229,231,242,248,257,259,260,267,273,293,305,325,326,346,350,363,370,382,383,385,405,410,411
54:6,9,11,29,46,199,57,59,67,74,99,100,126,135,137,163,167,187,190,192,229,233,236,238,242,250,253,261,296,302,312,318,322,324,330,332,350,352,359,381,392,403
55:1,59,63,69,76,77,82,94,105,125,149,153,166,203,209,223,234,237,241,249,256,267,273,279,301,307,319,344,377,386,396,408
56:10,20,22,28,35,47,50,247,72,75,76,78,106,119,124,128,141,155,156,201,252,264,283,289,296,333,346,368,375,400
57:0,6,7,14,26,49,50,54,365,67,85,88,92,94,99,110,115,131,136,143,145,155,165,170,219,220,221,225,228,231,236,250,253,255,261,264,265,269,277,285,305,309,312,317,332,334,336,389,402,414,419
58:4,30,31,34,36,38,182,77,119,122,123,136,145,152,220,251,269,319,322,333,334,336,343,368,382,383,385,390,391,396,410,415
59:17,22,26,35,48,54,55,117,75,82,83,93,99,108,110,112,127,128,134,141,146,153,165,166,175,177,185,241,254,265,267,281,299,308,329,332,350,352,366,375,376,403,419
60:8,16,24,32,35,38,48,53,255,93,100,112,130,140,144,154,156,160,179,183,188,194,195,214,221,229,242,251,269,274,282,314,327,332,336,346,373,385,395,405,418
61:19,26,29,38,48,319,71,76,100,103,104,118,120,139,175,210,211,222,231,233,234,255,268,270,288,312,322,328,330,359,371,373,374,376,378,389,408
62:0,1,241,70,82,92,104,109,120,122,137,139,160,175,184,186,188,193,213,219,220,224,230,232,236,237,244,263,281,303,319,323,346,349,356,358,374,384,415
63:3,5,10,12,40,42,53,55,170,64,70,91,98,106,114,124,134,153,168,173,190,207,236,237,245,246,261,263,270,273,295,305,310,320,334,335,353,358,373,384,385,391,413,414,419
64:21,39,43,53,63,71,106,110,126,141,152,167,169,173,207,221,231,256,257,270,275,281,286,293,299,311,316,322,323,329,343,344,354,385,394,398,403
65:39,52,238,67,70,75,103,106,107,129,138,163,185,196,207,220,230,234,243,244,251,259,271,273,281,302,317,349,377,388,404,407,417
66:3,9,17,224,68,73,102,109,113,128,161,174,181,188,231,242,244,248,256,274,281,282,298,303,304,330,334,340,347,351,381,386,392,406,417,419
67:7,8,21,25,37,44,54,57,65,147,79,96,114,130,149,160,165,169,207,221,237,249,254,264,269,270,282,297,300,301,306,320,332,334,340,385,415
68:3,10,17,18,43,49,66,182,136,153,179,181,201,215,218,224,235,248,249,282,286,290,298,316,323,366,380,384,390,394,397
69:2,7,14,17,20,24,37,44,55,238,77,87,101,160,161,163,167,183,186,195,199,204,211,230,254,265,281,289,304,307,329,353,359,363,365,374,391,394,403
70:14,41,62,63,65,334,76,79,98,111,116,130,132,138,142,156,168,178,185,194,211,214,229,234,245,255,259,264,274,299,310,327,331,332,350,386,388,398
71:1,8,41,61,64,129,74,87,90,111,130,144,149,150,151,175,183,200,211,212,229,244,279,281,282,314,315,316,334,361,368,394,396,409
72:4,5,7,8,28,41,45,56,211,104,111,112,127,136,138,153,179,218,239,242,246,300,306,315,333,350,373,383,393,396,401,402,414,417
73:29,31,49,66,252,75,77,79,89,93,105,118,133,135,145,159,160,174,210,224,226,235,257,260,275,288,336,357,410
74:18,32,37,39,41,47,48,54,71,305,103,134,137,140,180,191,198,211,218,222,223,224,234,237,243,247,249,286,301,321,330,337,358,366,376,390,395,400,408,417,418
75:4,16,28,29,30,40,43,44,51,56,59,65,73,219,79,92,102,104,120,164,171,175,180,201,204,207,263,266,287,298,299,315,327,337,341,345,349,359,361,362,370,383,395,411,417
76:2,9,20,23,26,28,32,36,46,55,56,61,70,258,83,101,139,149,150,160,165,186,196,197,215,221,229,240,257,259,270,294,303,341,356,362,378,380,415
77:5,10,21,35,41,42,44,51,55,58,69,73,277,78,106,114,172,173,174,180,191,194,217,221,223,237,242,243,248,259,282,290,309,327,331,337,341,342,349,362,369,386,387,389,400,404
78:12,14,56,77,178,114,120,144,146,150,154,157,170,174,184,198,203,217,237,241,247,250,272,277,284,297,309,317,327,371,375,382,392,398,419
79:32,40,41,45,46,50,67,70,73,75,298,87,89,91,104,116,125,132,137,138,149,155,163,202,221,234,254,255,269,304,312,320,322,330,347,349,370,371,381,385,393,404
80:4,5,11,40,45,46,48,51,271,99,110,155,173,178,190,215,220,225,235,236,245,250,267,269,274,275,280,282,287,293,331,333,356,360,377,382,389,399,403,415
81:6,18,19,20,42,46,52,117,86,90,111,133,146,147,153,158,165,180,209,216,223,225,260,261,270,277,300,315,318,319,331,346,364,367,369,378,381,394
82:2,11,23,24,27,38,39,55,59,62,192,91,94,101,105,113,117,150,162,167,171,178,181,195,196,202,208,215,234,238,256,261,273,280,289,309,314,323,343,360,362,364,381,384,394,406,412
83:2,26,30,31,42,52,59,76,348,93,111,117,133,134,136,140,144,149,161,163,170,179,184,229,246,247,255,256,263,265,301,314,341,357,369,374,376,404,407,413
84:7,19,20,23,31,52,179,87,98,116,150,157,158,168,185,186,189,194,197,213,238,250,255,259,278,286,293,294,313,333,342,347,354,362,373,384,390
85:1,21,26,36,46,57,367,128,130,133,140,145,155,169,199,208,215,216,231,239,248,266,268,293,303,310,339,355,359,363,365,384,400,417
86:6,19,24,35,81,225,100,110,149,159,162,190,191,192,198,200,213,237,246,270,279,298,325,339,352,385,405,406
87:12,16,30,37,69,71,79,84,167,90,92,110,147,165,199,221,241,248,254,256,262,279,283,285,294,324,327,329,331,337,351,355,356,370,371,385,392,411
88:3,7,14,26,41,46,53,57,212,89,95,115,116,132,136,158,173,193,229,230,246,259,261,267,271,288,304,317,328,338,347,362,372,382,393,394,398,407,410
89:8,33,40,49,73,79,88,95,90,93,98,99,114,115,129,137,139,147,167,175,184,201,203,213,227,228,232,234,237,240,241,246,247,259,261,263,270,277,312,317,319,330,332,370,374,391,404,407
90:6,8,14,20,45,71,81,87,89,353,133,138,143,151,152,163,176,186,214,240,269,278,291,296,309,313,330,333,335,354,357,369,385,392,396,398,408,418
91:13,42,45,63,79,82,408,96,122,126,131,144,158,162,183,187,188,190,203,209,214,232,238,245,264,304,312,326,327,331,345,358,361,380,389,392,401,409,412,416
92:2,21,32,42,57,62,75,87,331,109,125,126,129,133,151,158,161,165,179,193,196,201,210,221,225,231,251,273,287,309,320,328,343,361,403,410
93:4,6,14,28,34,36,50,51,59,60,73,83,89,297,112,127,163,173,190,191,219,259,272,277,287,300,303,311,325,329,334,360,362,364,366,388,404,405
94:1,3,8,36,39,42,44,52,55,57,82,139,114,115,119,121,133,136,147,150,153,156,161,180,181,183,184,205,209,210,228,248,268,273,274,276,288,290,291,296,298,321,324,334,342,346,362,365,379,386,406,409,410,416,417
95:3,20,24,35,37,50,88,89,342,99,146,158,175,205,211,213,215,228,229,242,247,249,270,283,285,298,316,317,327,335,363,367,372,373,374,375,394,407,410
96:0,9,11,23,25,26,33,67,91,412,100,102,116,117,121,128,139,145,148,155,160,169,177,181,191,194,216,242,274,278,281,292,294,295,299,302,312,317,338,341,358,360,362,363,383,411
97:34,138,101,119,131,135,185,189,196,216,223,226,236,256,258,259,260,261,272,289,311,329,330
98:0,5,14,19,25,37,41,49,63,70,84,89,132,99,104,106,113,115,121,129,134,145,148,156,196,203,207,210,237,247,248,256,282,291,294,309,318,356,358,371,380,384,389,398,410,413
99:5,16,28,45,48,53,54,57,59,80,89,95,98,393,108,111,116,119,144,170,173,174,188,220,223,241,255,256,262,265,268,287,300,313,346,352,364,369,370,379,392,407
100:0,10,16,21,31,34,54,60,61,86,96,101,103,162,170,177,182,184,194,209,212,227,263,276,279,322,323,333,337,360,361,363,382,385,388,392,400,410
101:17,20,69,76,82,97,100,178,105,106,121,148,189,196,206,218,225,227,234,257,258,275,293,294,306,328,329,334,349,364,396,401,412,416,419
102:66,75,96,257,103,120,132,141,151,177,179,186,215,234,237,267,308,313,320,330,346,347,372,406
103:1,14,24,37,39,43,61,65,74,100,102,332,111,122,123,145,147,152,171,178,179,186,197,215,218,237,250,252,257,259,267,278,307,336,340,356,357,381,384
104:0,10,34,48,61,62,72,75,79,98,127,106,119,128,129,139,145,157,163,170,174,175,180,208,240,244,248,254,265,266,272,276,282,297,304,313,329,357,369,401,410
105:3,6,8,12,19,21,31,32,40,55,73,82,101,348,136,146,160,164,176,179,181,190,212,214,225,227,229,247,249,252,282,289,296,297,302,310,312,317,325,332,334,355,366,372,373,380,384,407,409,410,416
106:4,10,14,43,51,53,56,63,64,65,77,98,101,104,347,130,132,144,158,191,216,220,226,241,247,253,266,267,274,277,281,300,314,321,341,350,355,361,365,380,381,384,410
107:31,46,65,408,112,121,146,152,176,180,198,200,227,270,274,284,301,315,317,335,340,346,378,381,395,398,403,404,410
108:3,25,26,36,59,99,162,112,118,144,148,167,175,177,190,210,222,226,238,245,247,249,265,275,282,299,314,330,343,355,356,366,369,380,404,407,411
109:25,62,66,92,165,110,111,133,135,136,149,152,168,170,179,182,200,207,210,214,224,264,267,272,281,285,288,300,307,309,314,324,335,346,351,364,369,371,387,399,403
110:14,18,27,33,39,57,59,64,80,86,87,109,172,115,132,134,138,145,155,163,167,169,185,190,210,227,233,257,278,282,303,323,334,352,365,375,395,399
111:4,31,33,40,50,70,71,72,81,83,99,103,109,301,131,151,163,187,196,197,215,242,250,251,254,263,306,313,317,326,335,345,372,377,381,386,394
112:11,42,52,59,60,72,93,107,108,350,117,126,131,132,193,220,225,229,233,235,258,260,263,266,268,277,287,295,320,326,328,375,379,394,398,402,404,405,411
113:8,9,21,23,31,32,36,37,51,66,82,98,303,116,118,137,151,153,160,165,197,207,289,293,294,304,317,323,333,341,345,359,366,370,376,377,380,391,417
114:2,20,34,48,51,63,67,77,78,89,94,285,119,160,174,194,198,199,227,236,245,254,256,266,278,299,306,312,317,321,322,348,359,361,393,419
115:53,57,88,89,94,98,110,136,127,140,152,155,166,171,177,186,189,205,223,238,240,248,251,289,296,307,321,322,326,328,329,330,341,365,367,377,387,388
116:3,9,13,16,30,39,44,50,70,79,84,88,96,99,113,139,134,135,147,163,167,181,182,183,191,192,205,215,217,219,234,248,254,262,272,277,292,299,305,315,318,320,321,323,327,328,334,336,346,359,397,400,415,417,418
117:14,20,28,31,32,34,59,81,82,83,96,112,325,134,181,198,201,209,221,229,232,241,246,256,273,296,301,315,318,324,330,337,340,353,366,372,411,418,419
118:3,24,34,37,42,45,47,49,61,73,108,113,404,121,134,137,190,193,194,198,219,224,226,228,245,256,276,281,290,297,303,312,318,326,366,367,371,376,381,417
119:4,18,41,44,56,58,94,97,99,104,114,348,125,133,147,163,173,176,179,184,185,201,220,228,231,276,281,287,309,315,327,333,339,342,350,361,391,394,404,411,418
120:4,11,17,19,22,29,39,61,62,75,78,102,251,170,173,174,214,224,236,239,257,258,262,268,271,272,275,289,318,319,329,349,357,375,393,396,404,406,408
121:1,46,94,96,98,101,107,118,334,127,143,156,171,175,191,194,227,228,230,234,238,248,276,281,282,297,319,345,346,375,387,390,392,398,406,415
122:20,21,30,33,58,62,91,103,270,126,132,152,177,180,197,223,242,253,262,263,301,317,335,336,343,375,378,391,399,407,412,414
123:3,10,13,16,18,32,39,52,58,103,397,152,158,179,195,200,216,223,235,238,247,263,269,279,285,288,310,312,314,316,330,331,334,337,342,352,364,371,375,403,419
124:56,63,289,137,141,146,151,172,173,197,201,202,227,241,251,256,268,279,305,316,317,321,327,344,350,367,369,372,386,388,392,395,401,412
125:8,10,12,24,25,38,55,79,92,119,343,152,155,163,184,190,202,206,208,215,223,250,251,252,260,283,304,305,323,335,356,371,377,391,404,405,409,415,417
126:12,28,54,64,91,92,112,122,136,132,148,152,169,184,186,195,202,204,211,258,263,264,266,271,282,286,293,300,301,302,306,308,320,348,351,353,365,376,381
127:24,41,46,59,72,93,104,115,121,181,137,147,154,159,160,187,224,242,243,261,319,321,342,345,347,348,349,361,384,386,394,418,419
128:21,36,46,50,51,56,59,66,85,96,104,330,165,181,193,209,220,225,235,239,242,247,248,250,255,270,278,281,296,319,323,338,345,351,354,388,397,403,405,412
129:36,38,65,71,89,92,98,104,338,137,141,145,148,154,170,176,182,193,210,213,237,246,250,258,267,268,275,285,293,310,318,324,346,398,403,404,408
130:27,42,48,60,67,70,71,85,106,262,133,144,148,164,171,173,182,196,198,204,216,238,244,250,252,275,278,285,291,318,329,351,359,364,370,396,417
131:5,11,24,27,57,91,97,111,112,147,134,136,144,148,153,162,179,214,215,225,234,243,257,279,324,325,329,343,347,351,356,358,364,369,383,388,393,395,410,412,417
132:20,26,34,38,46,70,79,88,98,102,106,110,112,122,126,309,151,164,168,177,182,184,189,190,199,206,208,223,224,248,252,254,256,258,281,290,322,335,337,338,341,344,355,357,373,385,389,416,419
133:0,2,10,36,53,73,81,83,85,90,92,94,109,119,130,180,139,140,171,203,213,227,257,270,301,315,333,360,365,383,404,419
134:18,21,59,63,74,83,98,110,116,117,118,131,415,135,136,141,143,148,150,159,162,166,171,198,224,226,244,261,263,270,274,302,313,317,325,338,350,355,375,384,385,396,401,404,417
135:6,28,31,34,42,54,73,97,109,116,134,187,149,155,157,190,221,227,254,313,314,321,322,325,330,342,349,358,365,385,394,397,416
136:12,23,42,57,58,68,72,83,88,94,105,109,115,126,131,134,376,146,149,178,185,188,192,231,233,244,252,257,261,268,275,280,283,300,319,332,337,352,354,355,359,361,382,405,408
137:11,19,40,45,54,62,74,79,89,113,118,124,127,129,294,142,175,182,185,187,208,212,233,251,254,257,265,278,284,305,309,335,350,355,381,400,419
138:9,20,32,34,38,65,70,72,79,90,97,110,394,139,144,146,162,167,190,195,197,211,221,222,266,282,289,300,321,326,333,346,347,358,370,375,378,383,391
139:4,5,21,23,29,37,43,61,62,76,89,94,96,104,116,133,138,278,140,146,157,167,192,206,217,221,227,232,244,273,274,287,296,323,328,356,368,370,373,401,409,414
140:20,44,60,74,83,85,115,133,139,367,146,158,160,166,169,171,172,178,186,195,220,245,256,268,270,285,287,295,301,303,308,323,324,332,335,339,353,356,370,403
141:2,15,18,40,42,49,56,59,64,102,124,129,134,279,146,153,170,183,188,194,199,200,219,225,228,234,243,244,265,266,278,282,291,303,321,329,339,344,349,360,364
142:2,7,10,16,18,29,40,45,70,137,352,148,151,166,168,184,223,229,252,265,268,285,302,305,314,320,335,338,339,341,368,390,407,419
143:10,14,19,25,28,57,90,121,134,240,169,177,180,183,191,196,212,229,236,247,259,277,285,292,299,313,332,352,356,364,375,376,381,389,391,405,414
144:0,4,12,26,47,49,60,71,78,83,91,99,106,108,130,131,138,245,148,150,152,153,158,166,179,181,199,206,207,218,229,242,250,276,278,311,312,329,341,342,344,377,380,388,391,394,405,419
145:10,12,28,32,47,50,57,58,73,85,96,98,103,104,110,129,262,149,156,179,184,185,187,199,241,251,261,272,278,290,333,344,350,357,363,401,405,410
146:14,17,38,39,59,78,81,95,105,107,124,136,138,139,140,141,322,149,183,199,215,220,230,241,256,284,293,311,330,346,353,361,376,385,394,415
147:4,19,31,38,40,50,67,81,87,89,94,103,116,119,127,131,272,148,155,157,162,167,168,172,174,178,184,189,210,216,218,227,231,232,235,246,266,291,292,300,312,331,362,371,379,393,394,395,400
148:10,23,29,96,98,101,108,126,129,130,131,134,142,144,147,389,152,163,168,183,188,221,237,253,279,280,283,306,310,314,321,331,342,345,366,376,379,388,410,415
149:3,6,22,23,47,55,67,71,76,79,83,86,109,135,136,145,146,154,160,162,175,177,196,197,201,205,224,251,257,266,268,289,298,299,351,359,377,390,391,412
150:1,52,71,76,78,82,84,94,134,144,311,155,164,177,180,181,192,205,206,216,249,252,266,297,301,325,335,351,364,396,402
151:8,17,24,71,90,92,102,111,113,124,132,142,231,187,204,214,223,226,238,241,242,249,280,283,284,299,309,352,375,387,389
152:9,21,58,64,90,103,107,109,115,122,123,125,126,144,148,264,158,162,164,167,168,169,174,200,202,228,240,243,258,277,282,288,296,301,312,324,403,418
153:3,9,14,18,24,27,47,53,55,59,63,68,72,81,94,113,131,141,144,306,162,167,168,173,186,196,213,228,238,243,248,262,272,309,314,319,336,337,340,345,361,366,368,369,376,396,405,418
154:40,52,60,78,127,129,149,403,157,158,161,162,164,167,169,177,185,192,226,251,259,271,288,297,350,357,358,364,366,369,374,411,412
155:36,39,56,57,79,80,85,96,110,115,125,135,147,150,163,156,157,167,170,173,175,176,178,182,239,254,262,265,269,278,281,286,290,293,296,298,301,303,309,322,330,333,338,344,356,381,388,394
156:0,31,32,37,52,56,60,70,94,98,121,145,155,332,157,159,160,162,219,220,223,229,233,243,258,261,262,277,280,300,312,335,339,350,357,391,392,407
157:17,20,21,32,53,78,84,104,135,139,147,154,155,156,271,160,162,167,202,204,212,215,219,251,267,275,283,289,309,315,322,334,350,379,385,392,396,400,407,411
158:19,34,39,48,81,84,88,91,92,95,106,123,140,144,152,154,413,161,190,194,195,196,203,225,245,270,272,287,293,295,302,307,325,333,385,388,394,403,409
159:16,19,22,53,73,86,127,134,156,200,163,172,174,176,184,189,190,193,210,211,220,234,237,240,259,273,280,281,283,288,303,314,325,329,340,343,380,382,391,394,407
160:10,17,27,30,45,53,60,62,67,69,73,76,96,105,113,114,127,140,149,156,157,233,162,172,205,207,208,210,230,258,264,266,350,362,363,367,368,390,406
161:7,20,26,29,42,47,66,69,83,92,94,154,158,270,163,167,173,190,205,206,211,213,217,228,234,236,279,283,288,298,322,339,345,349,378
162:5,10,11,12,28,29,37,39,47,82,86,91,100,108,131,134,138,147,149,152,153,154,156,157,160,357,164,169,176,205,206,212,214,224,238,242,252,253,254,261,269,285,310,323,324,335,355,378,386,409
163:4,8,30,33,41,42,46,54,65,69,79,83,90,93,104,110,111,116,119,125,148,155,159,161,381,180,181,191,196,228,244,245,264,275,280,299,312,325,328,342,359,386,395,404,418
164:11,16,20,35,49,75,105,130,132,150,152,154,162,390,165,170,187,189,210,219,223,233,234,249,256,258,259,265,271,283,291,319,345,351,396,406
165:9,12,21,26,39,57,59,67,76,81,87,92,109,113,128,164,332,166,173,224,226,228,236,247,255,262,274,278,302,319,327,372,381,385,414,416
166:1,4,27,29,47,55,59,115,134,140,142,144,165,373,168,169,174,176,188,189,202,220,235,237,251,270,283,287,289,294,308,327,335,336,351,356,368,369,385,387,391,397,398,406,413,414
167:40,42,50,53,54,64,69,82,87,89,108,110,116,138,139,147,152,153,154,155,157,161,324,170,180,183,185,188,197,204,214,220,221,222,234,263,266,274,279,280,282,298,323,343,348,362,364,369,378,384,391,398,402,407,408
168:22,42,43,53,63,70,84,109,132,142,147,148,152,153,166,315,180,189,191,217,220,293,301,327,336,351,358,359,364,370,395,405,410
169:0,4,10,16,24,39,64,67,85,96,110,126,140,143,152,154,162,166,372,170,172,195,202,219,232,241,261,273,278,285,294,297,312,314,315,319,344,357,381,393,409,410,417
170:11,13,16,20,27,57,63,78,83,99,100,104,109,120,129,141,155,164,167,169,305,189,191,213,219,250,257,261,267,269,270,272,276,280,288,315,319,321,326,330,333,342,360,369,394,400,410,418,419
171:9,10,13,14,26,44,75,82,103,115,121,130,133,134,140,254,186,189,196,202,207,208,227,239,262,263,269,276,281,310,315,318,331,337,339,343,352,375,381,400
172:4,7,10,19,22,38,41,44,51,77,110,124,140,147,159,160,169,319,178,184,197,200,204,219,228,232,244,248,261,273,290,305,310,317,322,339,348,351,353,399,407,410
173:38,43,44,52,63,64,77,80,88,93,99,119,120,124,130,153,155,161,165,223,178,181,192,204,210,214,216,224,229,236,240,250,255,261,265,298,313,315,320,340,351,353,364,385
174:9,12,14,20,25,66,73,77,78,99,104,114,120,147,152,159,166,187,179,181,231,233,234,235,237,267,271,273,283,285,292,296,301,305,310,316,328,332,336,349,375,404,410
175:16,59,61,62,71,75,89,95,104,108,121,137,149,155,216,193,195,211,213,222,229,237,246,274,281,295,307,322,353,363,377,394,400,413,415
176:24,31,44,52,90,105,107,119,129,155,159,162,166,264,178,197,206,234,250,258,263,271,275,277,279,296,300,317,321,330,351,358,360,365,386,391,392,407
177:2,11,14,20,24,25,34,38,40,41,42,47,59,96,100,102,108,115,122,132,143,149,150,154,192,186,187,189,190,195,197,204,227,231,236,244,245,247,249,251,290,293,308,315,319,321,323,344,355,361,371,381,387,388,405,417
178:26,37,45,46,51,70,78,80,82,101,103,136,140,147,155,172,173,176,345,179,208,230,254,275,277,281,288,310,325,335,338,358,367,377,378,396,404
179:10,14,29,60,68,72,83,84,92,102,103,105,109,119,123,131,144,145,174,178,186,185,189,210,239,241,246,250,281,294,306,309,312,325,327,380,386,396,399,402,403
180:3,11,14,16,44,74,75,77,81,94,104,107,122,133,143,150,163,167,168,260,239,291,293,315,331,345,351,358,377,382,384,394,403,414
181:3,4,5,6,21,23,31,32,35,66,68,82,94,96,105,116,117,127,128,144,150,163,173,174,198,190,202,208,211,212,251,259,268,274,302,311,312,340,343,358,363,364,385,406,408,414
182:3,12,14,37,58,68,100,109,116,129,130,132,137,155,192,185,206,243,253,256,262,307,332,363,371,373,375,380,392,395,398,403,407,409,418
183:13,35,38,50,53,60,69,71,91,94,116,141,143,146,148,167,348,220,224,227,234,236,245,246,255,281,283,284,306,354,361,365,378,379,381,393,403,411
184:8,37,62,78,83,89,94,100,119,125,126,132,142,145,147,159,172,190,193,205,236,246,252,255,280,291,319,387,388,402,409,416,417
185:3,26,31,32,34,35,59,65,70,84,97,110,119,136,137,145,154,167,179,182,302,192,197,207,216,234,252,264,278,291,303,325,341,345,371,392,394,405,409,417,418
186:0,13,19,33,35,52,62,69,76,84,90,102,103,115,126,140,153,171,177,179,286,195,209,213,232,239,245,248,256,260,262,269,280,283,285,287,306,319,324,326,328,331,339,371,375,378,383,390,395,411
187:4,7,21,28,54,91,111,127,135,137,145,151,164,174,177,363,192,261,311,357,365,366,367,394,415,419
188:17,23,25,40,46,49,60,62,66,91,99,136,141,148,166,167,347,200,201,204,205,209,213,236,244,260,261,281,292,307,312,350,361,388,390,398,419
189:0,20,21,25,34,51,84,97,101,115,132,147,159,164,166,168,170,171,177,179,415,213,214,219,222,239,246,248,266,296,311,312,315,316,344,363,379,398,401,403,404
190:9,18,23,43,48,54,63,80,86,91,93,105,108,110,118,125,132,135,138,158,159,161,177,181,184,388,192,193,206,207,208,209,215,218,221,227,234,254,263,276,279,308,318,327,333,335,359,381,382,408,409
191:1,3,9,20,30,40,74,77,86,93,96,106,116,121,143,163,168,170,403,219,223,226,229,233,236,251,261,271,284,302,314,328,333,338,344,364,392,401
192:13,21,25,27,39,51,54,82,86,116,136,139,150,154,173,177,182,185,187,190,214,196,224,228,266,270,311,312,331,361,366,372,375,415
193:0,6,35,45,51,62,88,92,112,118,128,129,159,175,184,190,346,196,212,219,225,232,235,266,269,271,273,277,296,306,318,329,336,351,364,368,377,394,400,414
194:7,11,20,30,32,37,48,60,70,77,84,96,100,114,118,121,141,158,285,198,206,211,249,271,279,280,311,313,329,340,347,369,375,387,388,392,408,409,411,415
195:10,11,20,38,50,60,69,82,123,126,138,140,158,169,175,177,186,227,200,213,216,218,226,253,274,276,277,279,280,300,308,317,332,333,340,376,379,384,387,397,405,412,413
196:14,33,38,39,41,47,50,65,76,82,92,97,98,101,111,130,143,149,153,158,163,171,192,193,416,205,210,211,217,225,238,254,270,293,296,300,315,327,363,372,376,383,385,400,407,414
197:8,9,10,42,51,76,84,103,111,113,122,124,138,149,167,172,176,177,185,227,203,229,239,257,266,267,290,294,311,329,338,341,358,372,407,408,414,415
198:2,12,16,20,31,42,74,78,86,107,114,117,118,130,134,181,194,330,215,217,258,260,273,275,289,315,329,332,333,346,355,357,361,387,398,404,410,412,418,419
199:12,24,28,31,37,45,54,69,85,87,114,132,141,144,145,146,257,211,214,217,224,238,294,307,314,372,378,379,380,383,412
200:0,71,86,107,109,123,141,152,159,172,188,195,267,201,213,222,256,270,276,279,281,284,287,288,322,347,366,385,393,399
201:20,40,56,68,75,89,92,117,119,124,149,188,200,394,223,224,229,237,242,248,250,255,270,272,277,278,280,309,313,314,346,354,374,380,381,398,416
202:6,7,30,35,37,52,53,79,82,124,125,126,152,157,166,169,171,181,416,203,211,215,237,261,266,268,283,306,309,314,321,325,327,329,339,362,367,369,378,381,385,391,392,399,410
203:4,15,17,18,42,55,78,89,91,98,133,158,197,202,297,205,220,221,228,255,274,292,294,298,307,308,311,312,317,328,335,355,356,366,376,381,400,405,413
204:32,36,69,75,126,130,151,157,167,172,173,177,188,228,234,241,242,269,276,277,281,283,285,306,310,321,329,338,357,384,391,410,415,416
205:1,5,9,31,39,94,95,115,116,149,150,160,161,162,184,188,196,203,412,209,224,247,280,284,296,321,340,345,358,369,380,388,396
206:1,22,38,39,48,101,125,132,139,144,150,161,162,176,182,190,194,233,237,249,250,265,267,269,291,320,329,373,379,380,393,397,405,410
207:4,12,18,22,26,41,63,64,65,67,75,98,109,113,144,160,171,185,190,403,209,221,225,233,245,265,305,309,312,321,322,335,342,362,366,395,399
208:31,35,48,82,85,104,125,132,137,160,171,178,181,190,323,216,261,262,281,285,302,306,309,339,362,374,376,398,401
209:14,16,23,29,45,53,55,81,91,94,100,117,128,186,188,190,205,207,234,211,241,244,249,256,261,269,270,284,285,286,304,310,311,313,319,326,334,335,343,344,352,360,363,372,378,380,394,399,400,403,412,415,416
210:13,18,21,37,38,45,49,51,61,73,92,94,98,108,109,110,129,147,159,160,164,173,179,196,236,220,227,242,244,260,261,266,274,277,289,291,304,325,347,371,372,378,394
211:1,12,21,24,28,45,47,52,53,61,69,70,71,72,74,95,126,138,159,161,175,181,194,196,199,202,209,397,219,227,228,229,244,247,258,294,340,349,352,354,364,375,392,396,398
212:14,50,71,88,100,105,137,143,157,162,181,193,256,222,229,238,240,263,271,283,286,303,307,341,362,369,374,379,389,403
213:1,9,16,26,34,51,62,84,86,89,95,129,133,153,161,170,175,186,188,189,195,200,265,218,225,235,243,262,273,292,305,312,316,332,334,337,351,355,358,371
214:2,6,20,24,26,32,41,49,60,70,90,91,105,109,120,131,151,162,167,173,189,192,199,269,221,230,231,236,242,255,260,264,267,333,334,338,342,346,350,351,353,387,396,405,409
215:4,9,14,24,26,36,39,40,47,53,68,76,80,82,85,95,102,103,111,116,125,131,146,157,190,198,202,344,223,230,266,279,296,299,315,318,342,343,347,348,368,370,411,418,419
216:28,29,31,33,43,81,85,96,97,106,123,130,147,150,173,175,185,195,208,294,271,272,277,292,305,312,313,318,321,335,342,347,349,359,360,367,387,394,395,407,411,413
217:10,16,18,25,34,53,77,78,116,139,161,168,196,198,199,337,240,255,257,278,279,280,300,311,316,319,323,373,375,390,395,400,401,404,405,418
218:4,5,18,24,40,44,46,50,68,72,74,101,103,144,147,190,195,213,275,222,227,230,243,252,262,269,272,277,287,298,300,308,309,311,322,327,345,349,350,367,371,374,390,392,405
219:19,25,35,57,62,75,93,116,118,141,156,157,164,169,170,172,189,191,193,211,310,223,226,234,251,254,257,271,291,302,336,337,352,354,356,361,366,371,376,381,388
220:8,39,48,52,57,58,62,65,80,99,106,112,119,128,140,146,156,159,166,167,168,183,203,210,269,259,300,308,324,329,338,348,354,356,361,364,366,375,377,380,390,397,399,417
221:8,9,14,18,30,48,57,60,64,67,76,77,79,87,92,117,135,138,139,148,167,190,203,207,214,327,239,253,270,283,288,292,293,311,333,347,348,365,376,387,393
222:17,42,61,74,108,138,167,175,189,200,212,218,322,225,226,233,247,249,251,257,282,283,291,294,301,315,331,340,347,372,377,392
223:3,7,9,12,13,15,16,17,32,42,44,51,55,74,77,81,97,99,115,122,123,125,132,142,151,156,164,173,191,201,215,219,268,224,229,254,266,281,282,287,301,311,316,321,332,338,353,383,384,394,402
224:6,28,31,38,62,66,68,73,74,109,118,120,127,132,134,149,162,165,173,183,192,199,201,205,223,306,226,229,248,249,250,253,256,267,272,281,285,286,308,313,320,326,329,378,379,384,396,402,407
225:30,57,80,81,86,92,101,105,112,128,131,141,158,193,196,207,213,222,325,227,245,251,255,259,282,284,285,289,298,300,302,304,306,314,339,340,345,346,350,351,357,366,371,373,381,417
226:0,16,49,50,73,97,106,108,118,134,151,154,165,191,195,219,222,224,319,235,243,246,279,281,287,296,300,302,312,314,329,359,362,370,404,417
227:37,47,89,100,101,105,107,110,114,121,124,133,135,139,147,171,177,183,190,195,197,210,211,218,225,303,242,246,301,320,337,347,363,367,369,407
228:5,14,17,21,24,30,50,57,89,94,95,118,119,121,141,152,153,161,163,165,172,192,203,204,211,313,236,244,262,264,276,307,316,324,330,333,337,339,344,352,356,365,368,369,376,377,387
229:3,7,11,26,31,37,53,54,60,70,71,76,83,88,95,105,112,117,142,143,144,156,173,175,191,197,201,211,212,223,224,415,244,246,253,271,272,303,309,315,319,354,365,381,383,385,387,389,405,408,410,411
230:22,29,36,44,62,65,69,88,121,146,160,178,214,215,218,251,236,237,267,278,280,298,321,336,341,344,355,372,387,395,413,414
231:5,26,38,42,52,53,57,61,64,66,85,92,119,136,147,151,174,177,214,327,238,240,241,243,267,269,270,274,278,284,285,292,330,333,343,347,348,352,369,372,378,382,391,406
232:0,11,48,49,62,89,91,117,139,147,169,172,186,193,381,250,254,263,269,272,278,282,307,311,320,323,330,340,382,385,386,400
233:7,8,18,30,36,42,48,54,61,110,112,136,137,156,160,164,174,191,206,207,222,338,236,244,266,271,274,282,295,299,308,320,331,334,344,355,387,413
234:7,16,20,55,61,65,70,74,79,82,89,101,102,116,121,131,141,159,161,164,167,174,176,183,185,190,204,209,219,254,262,278,296,305,330,344,356,363,375,377,401,402,417,419
235:2,9,18,20,32,46,51,68,73,80,112,123,128,147,166,174,193,213,226,322,238,263,264,269,276,283,284,312,313,337,340,345,352,354,382,395,407
236:2,42,52,54,57,62,63,80,97,114,120,143,161,165,173,177,183,184,188,191,210,214,228,230,233,239,248,260,293,301,302,308,310,321,335,361,368,386,390,407,410
237:10,11,14,15,22,24,50,55,62,63,67,74,77,78,86,89,98,102,103,129,148,159,166,174,175,201,202,206,230,298,244,256,257,260,289,313,345,353,382,399,412
238:23,33,44,54,65,69,82,84,91,108,115,121,123,130,151,153,162,196,199,212,231,235,286,256,263,264,290,298,305,307,316,331,338,352,354,367,382,400,402,404,406,419
239:2,5,8,21,49,52,72,85,120,128,155,171,179,180,186,189,197,221,236,404,249,262,263,268,280,283,300,303,308,315,317,329,342,353,370,378,396,398,400,406
240:14,24,46,76,89,90,104,115,143,152,159,173,212,217,231,262,248,259,265,271,276,289,294,311,321,338,341,343,352,365,388,399,403,412
241:0,15,17,21,43,45,48,55,59,62,78,87,89,99,106,117,124,145,146,151,169,179,204,209,231,306,252,274,288,307,374,383
242:4,10,50,53,54,60,66,72,77,95,96,111,122,127,128,144,151,162,201,204,210,214,227,342,250,276,288,289,300,302,303,325,330,346,370,371,392,394,401,407,408
243:12,17,20,24,28,36,48,65,74,77,127,131,141,152,153,156,182,213,218,226,231,330,252,276,279,288,289,294,298,299,315,317,323,326,333,335,337,341,394,406,416
244:26,50,62,65,66,71,104,130,134,136,139,141,163,172,177,188,209,210,211,228,229,233,237,409,252,257,259,265,266,268,282,298,305,312,334,348,366,374,391,398,402,406
245:4,25,27,39,51,63,70,80,91,108,114,118,140,144,158,163,177,183,186,207,225,282,246,255,261,290,291,292,295,296,313,319,368,387,389,393
246:6,9,15,16,36,40,63,72,83,86,88,89,117,129,147,175,179,183,184,189,226,227,229,245,353,253,264,268,273,276,282,352,355,369,381,397,399
247:4,12,14,18,23,29,30,33,37,56,74,78,83,89,95,98,105,106,108,123,128,143,165,177,205,211,222,280,252,266,272,290,295,307,308,321,341,344,375,385,405,416
248:0,12,13,23,27,39,48,51,53,66,68,77,85,87,94,98,104,115,116,121,128,132,153,172,186,189,201,224,236,240,392,257,264,272,274,280,287,296,298,300,312,317,329,331,346,386,410
249:3,17,44,55,67,68,74,95,105,108,150,151,164,177,194,206,209,222,224,239,258,250,265,275,278,292,328,329,341,342,353,355,356,386
250:3,13,14,20,22,23,37,39,54,57,78,80,84,103,111,125,128,129,130,144,170,173,176,179,201,206,224,232,242,249,407,256,261,267,277,280,294,295,299,302,309,316,318,322,324,325,326,327,336,357,359,363,368,369,385,396,397,409
251:2,36,49,58,60,65,92,111,115,120,124,125,137,145,149,154,157,166,177,181,191,219,222,225,230,402,253,268,283,303,314,329,333,345,359
252:13,23,25,27,35,39,45,56,73,103,105,125,130,132,136,142,150,162,184,185,218,241,243,244,247,263,255,260,291,292,295,305,310,312,315,326,330,350,390,393,398,399,400,402,403,410,414,417
253:19,20,22,30,46,49,54,57,106,122,148,162,182,195,221,224,229,246,251,376,259,282,300,360,362,380,382,385,386,399,400,412
254:3,14,22,24,39,59,67,69,79,87,104,111,114,116,132,135,137,155,162,171,178,190,196,219,223,232,234,291,261,267,275,295,306,313,320,321,324,328,338,346,349,357,361,369,376,378,380,418
255:9,34,42,44,47,49,50,52,57,60,61,70,79,83,84,99,128,165,173,183,184,201,203,214,217,225,245,252,286,256,257,276,282,290,293,309,339,375
256:7,15,21,25,27,35,39,45,46,55,64,66,82,83,87,97,98,99,114,117,118,124,132,140,146,164,182,186,200,209,212,224,237,238,250,255,295,264,277,287,303,342,347,379
257:4,18,22,27,28,34,35,44,53,64,73,76,101,102,103,110,120,131,133,136,137,149,170,197,199,217,219,222,237,244,248,255,385,258,282,297,305,315,319,349,355,356,361,386
258:3,38,40,48,76,97,101,112,120,126,129,132,152,156,160,164,176,198,211,249,257,317,269,270,276,284,288,292,293,306,310,350,369,406,412
259:5,7,8,10,29,32,34,53,65,70,76,77,84,88,89,93,97,103,143,154,159,164,181,220,225,240,244,253,337,260,263,274,285,292,303,316,340,350,352,355,369,375,377,380,386,394
260:4,15,18,19,30,33,41,53,73,81,97,112,125,180,186,188,198,210,214,236,237,252,259,402,281,290,292,297,301,308,320,369,371,400,401,408,410
261:45,52,54,57,63,81,82,88,89,97,127,134,136,145,156,162,169,170,172,173,187,188,191,202,208,209,210,245,250,254,401,282,301,306,315,323,348,350,355,363,380,383,391,392,413
262:13,49,87,99,116,120,122,130,145,153,155,156,165,171,182,186,208,213,218,228,234,239,240,386,270,272,290,331,334,352,369,375,376,378,388,393,404,417
263:5,20,28,29,40,43,62,63,75,83,89,100,111,112,122,123,126,134,167,171,176,190,212,232,235,238,239,252,259,413,274,296,301,306,310,312,316,321,360,366,370,375,411
264:17,37,38,39,46,47,50,56,57,67,70,91,109,126,152,160,163,176,185,214,228,235,238,246,248,256,397,265,268,272,281,295,296,299,300,302,306,320,324,329,332,333,361,362,364,380,382,398,418
265:23,32,36,57,59,69,83,99,104,108,137,141,142,155,164,173,206,207,213,240,244,249,264,400,269,284,286,287,292,299,309,318,320,324,328,345,351,404,408,412
266:12,16,31,40,75,85,104,106,112,114,126,138,141,147,149,150,160,167,189,192,193,197,202,210,215,223,233,244,247,325,270,272,278,289,299,309,311,321,329,333,346,372,376,384,393,398,405
267:0,9,35,37,53,55,59,80,88,102,103,106,109,129,157,170,174,197,200,206,214,224,230,231,250,254,275,299,318,328,331,339,344,350,369,393,397,404,410,411
268:1,2,31,38,40,50,61,85,94,99,112,120,124,129,136,140,142,149,181,202,223,239,244,246,251,264,299,269,282,286,289,290,301,321,327,330,331,335,346,417,418
269:14,18,23,28,47,50,57,58,60,67,79,80,90,123,155,162,170,171,186,193,204,206,209,214,218,220,231,232,235,258,265,268,302,279,287,294,307,309,311,322,340,360,375,380,393,399,406,415,417
270:1,10,15,16,17,32,34,40,48,49,51,61,63,64,67,76,81,86,89,95,107,122,128,133,134,140,158,161,166,170,192,196,200,201,209,221,231,258,262,266,363,271,277,298,299,313,322,346,347,371,375,379,383,385,388,392,399,404
271:50,65,80,88,120,126,154,157,164,174,176,191,193,194,212,216,219,229,233,240,270,272,317,322,339,344,349,406,412,416
272:27,44,46,50,78,93,97,104,109,116,120,145,147,153,158,170,201,216,218,224,229,232,247,248,262,264,266,271,338,279,282,319,334,340,342,351,363,367,380,391,405
273:5,34,38,46,53,55,63,65,82,92,94,117,139,159,169,172,174,193,198,213,246,301,278,284,287,291,299,306,314,315,316,327,330,332,366,375,376,388,403
274:60,66,70,80,94,96,106,107,134,139,165,167,175,181,195,203,210,231,233,241,248,259,263,372,288,303,328,352,361,367,378,388,399
275:6,8,14,15,16,25,35,48,64,73,80,101,108,120,129,130,136,157,163,176,178,198,218,249,254,267,376,277,283,315,325,331,340,342,358,375,396,416
276:16,23,48,51,94,100,104,118,119,121,144,170,171,190,195,200,204,228,235,240,242,243,246,255,258,385,283,285,289,292,295,299,321,350,372,378,379,383,391,395,404,408,410,418
277:3,6,9,12,13,24,32,57,77,78,81,89,93,106,112,116,143,152,156,176,178,193,195,201,204,210,216,218,250,256,270,275,309,303,332,349,356,360,377,394,399,403,409
278:4,16,22,32,47,84,90,96,103,110,114,128,130,137,139,141,144,145,155,165,169,185,201,217,230,231,232,234,249,266,273,319,285,290,291,315,328,353,358,369,402,416,417,419
279:3,7,10,11,19,32,44,48,55,71,86,87,100,123,124,131,141,148,161,167,176,190,194,195,200,215,217,226,243,269,272,313,286,302,306,334,338,341,356,361,392,407,410
280:5,7,11,27,38,80,82,136,148,151,156,159,163,167,170,184,186,194,195,201,205,217,230,239,247,248,250,402,294,307,314,320,324,348,374,404,415
281:0,17,18,29,35,36,47,49,59,62,64,65,66,69,71,96,106,109,118,119,121,128,132,155,159,171,175,178,179,183,188,200,204,208,223,224,226,260,264,379,286,306,307,316,319,329,330,384,387,419
282:11,14,18,29,36,40,60,66,67,68,71,77,80,98,104,105,108,110,121,126,138,141,152,167,222,223,225,232,233,244,245,246,253,255,257,261,268,272,313,287,290,292,303,305,323,330,338,355,357,375,384,397,400,407
283:23,27,43,56,87,95,125,136,148,151,157,159,161,164,166,174,183,186,202,204,212,221,222,235,239,251,275,276,327,284,286,311,329,340,344,353,356,361,379,382,416
284:22,39,44,49,78,107,137,146,151,183,191,200,205,209,225,231,235,258,265,273,283,406,292,314,320,338,344,351,356,360,371,377,407,416
285:9,23,35,40,47,57,87,95,109,114,123,129,130,140,142,143,162,169,174,186,194,204,208,209,224,225,231,259,276,278,325,290,306,308,313,319,320,326,327,336,346,348,357,361,368,392,396,399,409
286:2,14,24,39,50,64,68,74,84,126,155,186,209,212,224,238,255,265,268,279,281,283,383,299,310,313,317,330,346,359,374,378,380,391,406
287:2,7,12,19,21,37,49,75,80,92,93,99,112,119,139,140,158,166,186,200,218,223,226,248,256,265,269,273,282,414,303,314,315,325,332,339,341,379,392,405,413
288:21,26,30,51,61,73,88,94,109,123,152,154,159,161,170,178,200,221,241,242,243,258,274,306,323,334,337,343,365,366,371,380,393,399,403,406,414,417
289:38,43,47,50,56,69,82,97,105,113,115,120,124,138,149,157,166,198,210,225,237,240,242,243,266,268,276,335,332,342,346,361,374,378,405,412
290:10,25,27,34,42,46,68,77,94,118,132,145,155,172,177,197,238,245,247,255,260,262,268,278,282,285,408,300,304,364,393,401,412,418
291:1,15,20,25,34,90,94,98,130,141,147,164,180,184,185,206,210,219,222,245,252,254,273,278,358,294,295,308,317,325,333,364,365,376,377,380,383,405
292:4,5,13,19,22,23,37,45,96,116,143,147,174,188,203,213,216,221,231,245,249,252,258,259,260,265,276,282,284,392,297,299,331,332,342,357,360,371,376,398,405,418
293:8,24,53,64,80,84,85,101,113,126,129,146,155,158,168,177,180,196,221,236,255,258,397,309,318,322,329,342,348,362,376,386,395,414,415
294:2,4,6,9,17,23,24,32,38,76,84,87,96,98,101,113,137,166,169,179,197,199,203,211,216,222,240,243,250,269,280,291,380,304,305,322,332,339,351,358,361,366,385,400
295:5,12,15,17,33,51,63,96,112,140,158,175,233,245,247,250,252,254,256,264,276,291,322,313,323,324,336,352,370,400,407
296:25,30,40,46,48,54,56,90,94,105,115,117,128,139,152,155,174,176,189,193,196,205,215,226,234,245,248,263,264,330,305,326,333,339,351,366,370,375,384,399
297:12,20,36,39,42,67,78,93,104,105,118,121,150,154,169,203,257,260,292,324,330,333,351,358,362,379,384,390,412
298:16,19,66,68,75,79,86,94,95,149,155,161,167,173,203,218,225,230,237,238,243,244,248,270,401,314,364,389,397,406,417
299:0,8,14,21,41,59,64,70,75,96,108,114,116,143,149,151,163,215,233,243,250,264,265,266,267,268,270,273,276,286,292,393,302,319,322,331,333,334,351,395,408,415
300:1,8,40,67,72,81,93,99,106,109,126,136,138,147,156,176,195,196,217,218,220,225,226,239,242,248,253,264,290,398,301,316,323,349,360,362,367,370,376,387,397,408
301:0,5,12,17,18,22,30,32,39,43,51,55,67,74,83,107,111,117,122,126,133,140,150,152,155,168,174,222,223,227,236,260,261,263,268,273,300,371,302,304,321,325,359,364,379,384,388,409,411,416
302:11,17,29,34,47,48,54,65,96,105,126,134,142,158,165,181,185,191,208,219,225,226,236,242,250,264,269,279,299,301,316,310,317,329,352,383,389,399,411
303:4,13,34,46,62,66,76,85,93,110,113,118,140,141,155,159,185,212,227,229,239,242,251,256,259,274,277,282,287,377,319,334,345,356,361,380,382,386,391,398
304:1,25,38,50,66,69,79,88,91,104,113,125,209,210,225,290,294,301,350,329,343,345,359,374,387,400,406,415
305:35,53,57,63,74,116,124,125,137,142,170,172,174,207,213,216,234,238,244,252,257,282,294,296,330,308,310,357,364,389,402,414
306:7,67,72,101,111,114,126,148,153,179,183,186,193,202,204,208,224,225,241,254,258,261,263,264,273,279,281,285,288,336,320,332,335,350,365,366,380,385,394,405,414,418
307:0,1,13,18,44,49,55,69,103,109,115,158,175,182,188,199,203,212,228,232,238,241,247,269,280,281,328,318,327,329,333,334,341,357,359,360,367,372,380,385,403,404,413
308:5,15,18,33,50,59,102,126,140,166,177,190,195,203,218,220,224,233,236,239,247,260,285,291,305,397,320,328,329,351,358,362,377,382,384,385,393,395,400,414
309:0,9,20,34,51,52,57,77,78,82,90,92,98,109,119,132,137,151,153,155,157,179,201,202,207,208,218,229,250,255,265,266,269,277,293,334,315,322,325,326,329,344,386,387,395,403,404,412,413,416,417,418,419
310:15,63,70,85,105,123,129,148,162,171,172,174,178,204,209,219,236,252,258,263,286,302,305,357,327,332,336,368,380,397,398,411,418
311:7,43,64,93,97,144,146,150,181,187,189,192,194,197,203,209,217,218,221,223,232,240,266,269,283,323,329,362,365,371,376,379,385,390,394,409
312:15,27,36,45,48,54,57,61,79,89,91,96,105,114,118,123,144,147,152,156,163,169,179,181,188,189,192,203,207,213,216,226,235,244,248,252,263,418,315,326,369,375,384,401
313:17,27,41,84,90,99,102,104,111,134,135,143,173,194,201,209,216,224,228,235,237,245,254,270,279,282,285,286,295,396,316,340,355,356,358,387,388,393,411,413
314:20,28,29,30,60,71,82,83,106,108,109,123,135,142,148,153,159,169,191,199,201,202,225,226,251,273,280,284,287,298,357,323,340,360,376,407,409,417
315:0,1,12,15,17,30,35,40,42,71,72,75,81,107,116,117,119,133,157,168,169,170,171,173,177,180,189,196,198,215,222,229,239,243,252,257,261,273,275,278,287,309,312,400,318,322,324,354,381,386,388
316:2,9,19,28,35,51,64,68,71,95,123,124,174,189,213,217,223,228,238,250,259,263,273,281,300,302,313,322,318,375,380,409,412
317:11,40,57,65,78,88,89,95,96,105,107,111,113,114,122,124,134,172,176,195,203,239,243,248,258,271,286,291,302,371,323,328,362,374,383,408,409,411,413,418
318:1,4,5,9,13,14,24,25,29,36,38,39,42,54,81,98,116,117,118,120,129,130,171,190,193,215,216,250,265,267,293,307,315,316,381,330,333,344,345,367,373,380,397
319:10,12,14,27,34,36,37,38,49,50,55,58,61,62,81,89,120,121,127,128,136,153,164,165,169,170,172,177,184,186,209,217,226,229,245,257,272,278,281,285,299,303,412,321,330,332,336,353,378,382,389,391,411
320:63,67,79,92,102,112,116,126,142,173,206,224,227,232,233,254,260,264,265,280,284,285,306,308,353,324,334,338,342,347,355,362,363,367,368,371,374,399,411,414
321:11,43,51,74,94,106,114,115,116,124,127,135,138,141,148,170,176,177,202,204,205,207,216,223,230,236,240,247,254,263,266,268,276,301,319,362,352,353,361,368,376,389,396,402,405,407
322:4,13,14,20,38,41,54,58,61,64,79,100,114,115,132,135,146,155,157,161,172,175,200,207,218,222,235,250,269,270,271,293,294,295,299,309,315,316,372,335,340,364,370,393,396,414,419
323:2,10,47,62,64,68,82,100,110,113,116,125,128,139,140,162,167,177,208,217,232,243,261,282,288,295,300,311,314,317,340,341,351,352,361,384,392,395,404,406,414,415,419
324:0,7,15,46,48,54,87,94,109,117,129,131,140,152,162,167,186,220,228,250,254,264,265,280,295,297,315,320,367,349,363,397,410
325:14,28,40,41,44,45,51,53,86,93,105,117,131,134,135,150,158,159,163,178,179,185,202,210,225,242,250,266,275,285,287,291,301,309,361,349,354,368,388,389,394,410,416
326:37,49,53,91,111,112,115,118,138,170,186,209,224,243,250,252,285,296,309,312,373,331,355,359,362,365,380,394,400,410,417
327:13,41,47,60,70,75,77,78,87,91,95,116,119,124,165,166,168,179,190,196,202,218,221,231,250,268,273,283,285,307,310,413,349,354,380,384,390,393,412
328:13,20,61,88,92,101,112,115,116,139,163,174,186,191,203,249,254,265,267,274,278,307,308,317,384,344,352,364,379,391,392,400
329:12,32,59,64,69,87,93,97,101,104,115,120,130,131,141,144,159,193,194,197,198,202,204,206,220,224,226,239,248,249,251,264,266,281,283,293,302,304,307,308,309,311,399,335,344,361,374,375,383,386,392,398,412,418
330:1,3,26,36,50,54,61,66,74,79,89,90,97,102,108,115,117,123,128,135,146,155,170,176,198,228,231,232,234,242,243,252,268,273,281,282,286,296,297,305,318,319,412,332,337,341,363,370,379,383,398,405,414
331:2,14,15,37,70,77,80,81,87,91,92,123,147,148,171,180,186,192,222,233,238,248,262,267,268,275,292,299,326,347,336,340,342,346,361,363,368,381,389,400,402,408,409,417,418
332:2,28,50,54,57,59,60,67,70,89,103,105,136,140,143,156,165,174,182,195,198,213,223,264,273,277,287,289,292,294,306,310,319,330,361,334,339,341,349,356,363,373,375,400,403,419
333:9,30,36,56,58,72,80,84,90,100,113,119,133,138,145,155,158,170,190,191,195,198,214,221,228,231,243,251,264,266,291,296,297,299,307,318,384,351,353,373,376,380,398,412,416
334:3,41,48,57,58,63,66,67,70,71,93,94,101,105,110,116,121,123,157,209,213,214,233,244,262,272,279,288,299,303,307,309,320,332,409,352,360,368,373,375,382,386,389,390,400,405,407
335:29,34,36,37,48,51,63,90,95,107,109,111,122,125,132,137,140,142,150,156,162,166,178,190,203,207,209,216,236,243,268,289,306,322,329,373,342,355,362,372,379,384,388,400,407,416
336:4,6,14,34,57,58,60,73,103,116,122,153,166,168,174,193,219,230,250,285,295,306,310,319,331,341,340,346,354,359,379,383,402,409,418
337:4,7,18,26,30,35,50,74,75,77,87,100,117,123,132,136,153,171,213,217,219,227,228,235,243,259,288,330,369,346,373,375,377,380,393,397
338:4,6,8,9,21,23,88,96,128,129,132,134,142,155,178,191,197,204,214,220,223,233,238,240,254,272,279,282,284,320,373,357,361,362,364,381,382,390,406,411
339:0,1,21,38,43,45,48,85,86,119,140,141,142,156,161,171,172,186,202,208,225,228,255,267,271,287,294,296,332,394,345,355,357,362,371,408
340:7,17,27,42,66,67,103,107,117,153,159,173,181,194,195,205,211,222,225,232,235,259,269,272,275,283,313,314,322,323,331,336,347,349,358,389,392,402,412,416
341:2,4,36,37,39,75,76,77,83,96,106,113,115,132,142,144,185,197,212,230,240,243,247,249,279,287,307,323,330,332,336,396,350,358,365,379,388,408
342:7,8,23,77,84,94,95,119,123,127,135,144,148,163,170,207,214,215,216,239,242,249,256,272,275,289,292,293,320,331,335,348,361,373,374,405,418
343:24,27,28,31,35,58,64,82,92,108,122,125,131,159,167,171,181,209,215,231,240,288,304,349,347,351,373,381,387,400,402,408
344:1,5,13,15,29,32,37,40,55,64,124,132,141,144,145,155,169,177,189,191,209,215,228,230,233,234,247,267,271,283,284,309,318,328,329,352,359,368,374,392,412,418
345:9,16,23,32,38,46,51,52,75,91,111,113,121,127,128,148,153,161,164,178,180,185,205,218,225,235,237,251,265,303,304,318,339,411,351,407
346:2,3,7,27,50,53,56,60,62,81,94,99,102,107,109,116,121,129,138,146,193,198,201,214,225,242,248,254,266,268,270,285,286,289,331,336,337,418,352,361,385,395
347:5,10,40,49,66,79,84,88,102,106,127,131,138,188,194,200,210,215,216,221,222,227,231,256,270,320,331,340,343,388,356,401,407,412
348:2,3,5,12,17,21,39,49,83,105,114,119,126,127,167,172,183,215,220,221,231,244,261,280,285,293,342,371,356,358,387,409
349:30,43,50,62,65,75,77,79,101,120,127,135,141,161,174,211,216,218,254,257,271,277,300,324,325,327,332,340,343,351,359,365,368,369,371,372,375,380,386,391,413
350:9,17,28,32,34,37,53,54,59,70,72,106,112,119,124,134,137,145,154,156,157,160,188,214,218,225,252,258,259,261,267,276,304,306,341,416,356,360,366,370,375,394,406
351:8,22,24,43,66,87,109,126,128,130,131,149,150,164,166,168,172,173,176,180,193,213,214,225,265,272,284,294,296,297,299,308,323,333,343,345,349,352,364,370,374,399
352:0,37,42,54,59,86,99,110,123,136,142,143,151,171,209,211,219,228,231,235,238,240,246,259,262,274,295,302,321,323,328,334,344,346,351,413,354,358,369,396
353:0,18,36,50,63,69,90,117,126,140,146,172,173,175,214,223,237,239,246,249,278,283,319,320,321,333,368,356,359,365,371,378,383,395,406
354:2,43,64,84,90,128,136,183,201,211,219,220,229,235,238,315,325,327,336,352,398,367,370,386,389,393,415
355:13,20,32,34,85,87,105,106,108,132,134,136,137,162,177,198,203,213,230,233,246,249,257,259,261,282,313,320,326,335,339,412,363,382,390
356:3,18,51,62,76,80,87,98,103,108,125,131,139,140,143,155,166,203,219,220,228,234,249,257,277,279,283,284,303,313,332,347,348,350,353,374,371,375,376,387,396
357:0,6,12,13,18,48,52,73,83,90,103,104,120,132,145,154,156,162,169,187,198,204,225,250,254,282,285,292,305,307,310,314,338,339,377,366,374,378,386,400,411
358:8,9,37,62,63,74,91,96,98,131,135,138,154,168,176,178,180,181,197,205,213,275,278,291,294,297,308,313,340,341,348,352,417,359,370,410,416
359:26,27,35,54,61,69,75,85,113,114,116,130,136,149,163,168,190,216,226,250,251,286,301,304,307,326,336,344,349,353,358,372,365,369,401
360:10,15,25,30,31,39,47,80,82,93,96,100,133,141,170,176,209,216,253,263,269,277,284,292,300,307,314,334,350,365,368,372,378,405
361:6,9,33,37,45,71,75,91,92,100,106,114,119,127,136,146,153,177,183,188,192,198,219,220,236,254,257,264,274,279,283,285,289,294,303,321,323,325,329,331,332,338,342,346,398,362,376,390,392,402
362:2,7,20,44,75,76,77,82,84,88,93,94,96,147,160,167,202,207,208,212,226,253,264,293,297,300,308,311,317,320,321,326,335,338,339,361,369,378,384,396,410
363:4,5,13,25,48,53,69,85,95,96,100,145,160,175,181,182,187,189,196,209,227,234,250,261,270,272,320,324,330,331,332,355,398,369,373,375,393,401,410
364:17,33,45,81,82,93,99,101,109,123,130,131,141,143,150,154,167,168,173,181,191,193,211,220,264,290,291,298,301,305,322,328,338,351,369,372,379,380,385,389,390,400,401,403
365:0,18,21,41,57,69,85,94,106,110,115,126,133,135,176,183,187,221,228,229,240,288,291,306,311,326,341,349,353,359,360,380,384,403,411
366:3,14,33,44,59,68,74,93,105,108,113,117,118,148,153,154,187,192,200,203,207,219,220,225,244,263,273,288,294,296,306,350,357,373,375,380,383,386,387,392,394,400,408,409,414
367:0,22,24,35,48,81,85,95,115,118,124,140,160,178,187,202,216,218,227,238,272,274,300,307,318,320,324,354,372,393,400,407
368:11,12,14,39,42,56,58,71,139,142,153,160,166,193,215,228,236,245,250,285,310,320,321,325,331,334,344,349,353,360,378,371,377,380,394,396,408
369:15,16,28,32,33,38,43,48,77,81,83,90,99,104,108,109,124,131,153,154,166,167,170,194,202,205,212,227,228,231,246,250,254,258,259,260,262,267,278,312,337,349,352,359,362,363,364,377,371,374,388,393,401
370:18,28,35,38,46,53,75,79,87,89,99,113,130,138,139,140,168,215,226,239,242,263,295,296,300,322,330,350,351,354,358,389,371,374,375,381,385,392,404,407
371:0,3,8,16,25,26,47,50,51,52,61,78,79,87,98,109,118,123,125,147,177,182,185,186,210,213,218,219,225,242,260,270,284,288,292,301,311,317,320,339,348,349,353,356,368,369,370,401,381,391,394,412,417
372:5,16,20,30,32,45,88,95,102,105,111,117,124,165,169,192,196,197,199,209,210,222,230,231,266,274,276,307,322,335,349,359,360,364,367,396,373,376,383,393,406
373:8,9,15,26,35,42,44,52,60,61,63,72,84,95,105,132,139,166,182,206,217,225,318,326,332,333,334,335,337,338,342,343,363,366,372,414,395,410
374:3,30,37,61,62,69,83,89,95,154,201,208,212,218,241,244,280,286,289,304,317,320,329,342,344,351,356,357,369,370,394,391,393,401,404,407,412
375:35,39,46,56,59,78,95,110,112,120,121,122,123,134,138,143,151,171,174,182,186,192,194,211,217,220,234,247,255,259,262,263,269,270,273,275,282,296,312,316,329,332,334,337,349,350,356,363,366,370,418,387,395,403,404,417
376:0,2,7,11,17,18,19,27,46,59,61,74,83,113,118,126,136,143,146,148,153,195,196,203,208,219,221,228,253,254,262,266,273,275,291,292,293,300,311,314,321,333,356,361,372,395,382,386,396
377:14,19,28,43,50,55,65,80,111,113,115,125,144,149,175,178,180,193,220,222,228,234,259,277,284,291,303,308,337,357,368,369,419
378:0,16,17,24,38,61,76,81,107,122,138,161,162,167,178,183,186,199,202,209,210,224,231,239,254,262,274,276,286,289,319,353,357,360,362,368,417,412,419
379:4,41,47,94,99,112,147,148,157,183,189,195,199,206,212,224,256,270,276,281,283,287,297,301,311,328,330,335,336,341,364,414,384,389
380:6,13,22,31,37,46,47,48,68,76,91,98,105,106,108,113,144,159,179,182,199,201,205,206,209,220,253,254,259,261,264,269,272,286,288,291,294,303,306,307,310,316,318,326,327,333,337,349,364,365,366,368,413,392,416
381:23,25,49,54,66,79,81,82,103,106,107,111,118,126,137,143,155,163,165,169,171,177,183,190,201,202,203,219,225,229,232,246,315,318,331,338,343,370,371,394,398,403,407,410,419
382:27,53,58,78,80,88,100,136,159,180,190,231,232,235,237,238,253,264,283,303,308,319,334,338,355,376,410,387,389,392,394,397,401,407
383:0,5,7,21,36,53,58,72,75,96,131,133,138,186,196,199,223,229,241,261,270,276,286,291,302,317,329,330,336,353,366,372,417,385,388,389,390,399,400
384:12,29,35,43,50,62,63,68,82,84,85,98,103,105,106,127,134,167,180,195,204,223,224,266,281,282,296,297,301,308,312,323,327,328,333,335,362,365,379,418,385,394,397,416
385:0,7,9,23,35,36,37,53,58,60,63,64,67,79,86,87,90,100,132,134,135,146,157,158,165,166,173,181,196,200,202,229,232,247,250,253,257,270,276,294,306,307,308,311,346,364,370,383,384,419,398
386:4,15,31,34,42,52,55,66,70,77,94,111,124,127,162,163,176,179,232,236,248,249,253,257,259,262,293,303,309,315,329,334,349,354,357,366,376,410,398,399,411
387:6,9,14,77,109,115,121,151,166,177,184,194,195,198,214,216,221,228,229,230,233,245,281,300,304,309,313,343,348,356,366,375,382,417,388,397,414
388:0,12,19,26,29,31,45,65,70,93,100,115,124,128,131,144,148,155,158,177,184,188,190,194,205,219,240,262,270,273,274,301,313,315,325,335,341,347,369,383,387,399,393,414
389:15,18,21,57,61,77,80,91,98,132,143,148,151,212,229,245,298,302,305,319,321,325,331,334,340,354,364,370,379,382,383,415,391,394,404,413,414
390:11,19,27,33,44,58,68,74,84,121,142,149,160,164,186,188,217,218,220,236,252,297,311,327,334,338,355,361,364,383,400,396
391:14,16,26,37,44,58,63,69,89,113,119,122,125,138,143,144,149,156,159,166,167,176,202,204,231,244,261,272,276,286,303,319,328,349,371,374,389,418,394
392:2,13,31,54,66,78,87,90,91,99,100,121,124,156,157,176,182,185,191,194,202,211,218,222,242,248,261,270,279,285,287,292,323,328,329,340,344,361,366,370,380,382,414,393,404,407,410
393:3,22,31,72,79,88,99,114,120,131,147,169,183,200,206,221,245,252,262,266,267,269,288,290,299,308,313,322,327,337,354,363,367,369,372,374,388,392,399,405,410
394:19,24,46,48,52,64,68,69,71,81,82,88,95,111,112,119,127,135,138,144,146,147,155,158,159,170,175,180,185,187,193,201,209,210,216,223,242,243,259,277,306,311,325,326,339,350,366,368,371,374,381,382,384,389,391,401,412,416
395:5,9,12,13,39,45,60,74,75,107,110,124,131,147,163,168,182,186,207,216,217,230,235,276,293,299,308,309,323,346,353,373,375,376,417,398,401,413
396:21,24,41,55,58,71,72,90,101,120,130,134,150,153,157,164,178,179,205,211,214,224,239,250,275,285,313,321,322,341,352,356,362,368,372,376,390,416,402
397:44,68,116,123,128,135,166,195,206,211,220,246,250,264,267,282,293,298,300,308,310,318,324,337,382,384,387,418,405,408
398:6,24,64,70,78,88,90,98,107,112,121,129,166,167,182,188,189,198,201,208,211,239,244,252,264,266,292,300,303,310,329,330,333,354,361,363,381,385,386,395,413,419
399:1,5,37,43,80,109,110,122,172,179,200,202,207,209,220,237,240,246,252,253,269,270,274,277,285,288,296,302,320,329,351,383,386,388,393,411,403,404,416
400:10,35,37,56,74,77,85,100,116,137,147,157,170,171,175,193,196,203,209,217,232,238,239,252,253,260,265,282,294,295,304,308,315,326,328,331,332,334,335,343,357,364,366,367,383,390,406,402,419
401:25,28,35,72,91,101,104,124,134,139,145,189,191,208,217,234,242,260,261,290,298,312,347,359,363,364,369,371,374,382,394,395,402,403,405,406,413,418
402:0,20,28,35,37,38,49,57,72,112,150,167,179,184,223,224,234,238,244,251,252,260,278,280,305,321,331,336,340,343,361,396,400,401,405,415,416
403:19,27,31,54,59,64,69,80,92,107,109,123,128,129,140,152,154,158,179,180,182,183,189,191,207,209,212,240,252,273,277,288,307,309,332,364,365,375,381,399,401,405,409
404:10,16,18,30,34,40,46,49,53,65,77,79,83,89,93,107,108,112,118,119,120,125,129,133,134,163,174,178,189,198,217,226,238,239,262,265,267,270,276,280,307,309,323,370,374,375,389,392,399,417,405,408,414
405:10,20,40,43,53,60,86,93,112,125,128,136,143,144,145,153,168,177,185,195,203,206,214,217,218,229,247,266,272,287,289,291,292,306,321,330,334,342,360,393,397,401,402,403,404,417
406:4,9,15,23,25,31,45,66,82,86,94,102,120,121,160,164,166,181,231,238,239,243,244,258,269,271,284,286,288,298,304,323,338,350,353,372,400,401,411
407:15,19,32,44,51,65,83,88,89,95,99,105,108,122,142,156,157,159,167,172,176,182,196,197,216,224,227,235,236,242,250,279,282,284,295,314,321,334,335,345,347,367,370,374,381,382,392,408
408:3,31,48,55,61,74,90,91,107,120,129,136,167,181,190,194,197,229,242,260,265,276,290,299,300,317,331,339,341,343,366,368,397,404,407,416,415
409:22,31,33,42,71,91,94,105,125,139,158,162,169,182,184,185,190,194,214,244,250,277,285,301,311,314,316,317,331,334,336,348,366,403,417,414
410:23,32,38,46,53,58,73,88,92,94,95,98,100,104,105,106,107,131,145,148,168,169,170,172,174,198,202,204,206,229,236,248,252,260,267,276,279,324,325,326,358,362,363,373,381,382,386,392,393,414
411:23,25,29,41,49,53,75,87,96,108,112,117,119,154,157,183,186,194,215,216,229,263,267,301,302,310,313,317,319,320,338,345,357,365,386,399,406,412
412:6,12,15,24,30,33,40,45,46,82,91,96,101,122,124,128,131,149,154,195,198,199,205,209,237,240,253,258,265,271,289,290,297,309,316,319,327,329,330,333,340,344,347,355,371,374,378,394,411,415
413:0,9,10,17,22,32,63,83,98,158,166,175,195,203,216,230,233,261,263,287,307,309,313,317,327,349,352,380,389,395,398,401,415
414:2,5,7,11,18,23,41,43,57,63,72,122,139,143,165,166,180,181,193,196,197,230,252,287,288,293,305,306,308,320,322,323,330,366,373,379,387,388,389,392,404,409,410,415
415:8,15,17,22,35,58,62,67,76,80,116,121,125,134,146,148,175,187,189,192,194,197,204,209,229,269,280,293,299,304,323,354,389,402,408,412,413,414,416
416:12,13,23,27,30,91,94,101,105,132,135,165,184,196,201,202,204,209,243,247,271,275,278,283,284,301,309,325,333,335,340,350,358,380,384,394,396,399,402,408,415,419
417:16,65,66,72,74,75,85,94,113,116,118,125,130,131,134,169,177,184,185,220,225,226,234,252,262,268,269,278,288,298,309,314,326,331,358,371,375,378,383,387,395,404,405,409,419
418:3,5,9,12,25,28,35,44,45,47,49,51,60,74,90,116,117,119,127,152,153,163,170,182,185,198,215,217,254,264,268,276,290,292,306,309,310,312,317,329,331,336,342,344,346,375,384,391,397,401,419
419:21,30,32,45,57,59,63,66,78,101,114,117,123,127,132,133,137,142,144,170,187,188,198,215,234,238,278,281,309,322,323,332,377,378,381,385,398,400,416,417,418
