0:137,5,7,14,20,26,37,47,56,65,66,68,87,110,112,113,115,119,127,129,135,143,149,163,167,183,189,209,213,214,216,230,233,240,242,259,267,270,274,294,299,301,317,330,333,334,335,356,360,363,371,379,386,396,408
1:266,4,15,20,21,22,28,30,32,46,54,63,64,73,80,82,116,120,128,138,150,172,176,180,181,200,209,211,216,218,225,226,235,236,238,251,264,271,273,285,288,298,306,317,344,351,352,354,356,363,373,378,383,398,403
2:273,6,23,27,29,34,44,47,48,49,55,80,89,96,110,128,131,135,138,156,157,158,176,181,182,206,211,212,214,215,217,224,226,229,240,245,252,259,270,272,279,291,298,302,307,320,332,342,348,353,356,358,360,372,374,380,389,400,403
3:239,7,11,19,22,27,32,37,40,42,49,59,63,76,77,84,97,114,116,125,132,133,136,137,138,140,143,160,174,179,185,187,198,199,208,212,220,225,245,246,268,270,273,277,282,283,291,292,293,298,311,317,319,323,339,341,346,349,359,361,370,376,382,383,393,398,399,401,403
4:1,192,7,9,18,28,32,41,47,56,58,62,63,86,99,103,105,114,118,122,124,130,144,150,152,162,166,170,173,177,183,185,191,203,205,214,217,222,223,233,238,248,250,256,258,269,274,276,291,295,297,304,306,311,322,331,349,350,355,366,402
5:0,119,10,16,24,33,37,64,74,75,77,82,85,86,92,97,99,112,123,124,136,138,154,157,163,166,170,177,190,195,201,203,205,207,209,213,214,219,223,226,233,239,240,243,245,246,251,266,269,273,278,280,281,282,304,308,310,311,323,332,337,338,339,342,344,358,370,377,379,380,381,384,388,390,397,405,407
6:2,257,14,15,41,44,53,57,65,68,81,86,88,98,105,111,120,123,129,134,144,165,166,177,179,187,191,194,225,228,231,233,236,237,256,258,265,280,284,289,303,308,313,319,321,323,324,329,335,342,357,368,371,378,393,398,404,405,409
7:0,3,4,379,17,22,23,35,39,42,47,53,55,64,65,69,84,112,137,138,156,157,160,162,176,188,199,202,208,217,236,239,241,248,261,262,272,280,282,286,291,320,322,323,339,341,350,351,352,353,359,369,370,371,374,376,377,384,394,397,409
8:327,10,19,35,39,40,43,49,56,68,75,78,103,123,124,129,132,133,134,139,153,157,167,168,179,183,185,186,188,205,216,219,224,238,241,245,246,261,263,268,285,308,320,329,330,365,376,381,385,386,389,392,401,409
9:4,313,27,39,43,47,49,64,68,69,76,88,89,90,92,106,121,127,130,135,136,146,159,164,174,188,197,200,209,210,216,220,224,249,253,262,271,272,284,287,296,299,305,309,335,342,344,351,358,368,373,381,389,397
10:5,8,325,16,21,22,34,50,53,67,71,78,79,85,93,105,118,126,131,147,151,154,161,165,168,169,180,192,193,197,198,203,205,206,207,226,235,238,260,265,269,273,279,283,284,288,303,312,322,331,353,362,379,380,385,389,390,396,398,400
11:3,113,24,29,43,45,61,65,80,111,115,123,128,144,149,155,160,161,162,165,167,174,176,182,197,208,212,215,219,222,223,228,238,252,268,273,278,287,293,303,307,313,315,319,335,341,353,356,366,378,391,399
12:177,23,24,34,41,45,60,64,66,68,83,87,97,113,117,119,120,123,127,133,143,154,155,159,160,165,186,187,194,195,205,211,222,227,230,233,238,245,252,254,256,259,261,267,272,290,306,308,311,323,326,343,348,351,353,357,359,370,375,381,386,390,408,409
13:276,32,39,51,52,65,66,76,86,88,93,101,102,112,113,132,140,157,161,164,201,203,207,209,227,234,241,243,253,255,265,269,272,277,282,287,288,298,299,304,310,311,314,317,328,338,345,377,387,396,398,403
14:0,6,362,20,25,31,37,44,51,60,64,69,72,75,78,91,95,105,106,113,124,157,161,162,169,176,188,193,204,224,227,228,250,262,270,272,273,285,296,303,304,305,312,314,323,326,330,340,343,348,350,351,353,355,366,373,378,380,398,400,401,402,407
15:1,6,260,24,29,35,52,94,99,100,107,108,114,139,144,149,150,167,181,182,185,190,196,207,211,217,218,220,235,246,252,258,261,264,271,272,273,277,289,291,305,307,308,315,332,336,345,347,357,360,362,365,372,375,378,386,393,403,405
16:5,10,265,24,37,39,43,44,55,67,68,74,75,86,87,90,96,114,122,130,135,145,146,152,156,160,162,163,169,192,204,207,210,212,214,216,219,229,233,238,244,254,259,260,269,271,281,285,288,289,298,299,319,324,332,333,339,344,347,353,359,363,364,367,369,372,384,387,391,394
17:7,237,18,47,53,64,74,80,82,89,95,97,99,103,106,124,131,136,139,142,148,152,154,160,168,180,185,186,188,198,199,213,214,218,230,234,235,246,247,249,250,251,252,255,256,258,260,264,265,286,287,289,296,303,307,314,315,322,323,326,355,357,359,363,365,386,393
18:4,17,253,19,20,47,75,87,96,99,100,109,112,120,121,130,133,151,153,159,181,192,205,210,214,218,220,231,235,241,255,262,276,277,281,283,304,306,308,313,320,327,346,361,362,364,374,377,384,393,397,403,407
19:3,8,18,374,20,39,50,53,58,59,60,72,75,82,85,86,87,90,95,96,98,100,101,104,113,115,120,126,129,158,172,177,190,191,194,197,206,216,222,225,241,257,258,260,262,276,285,325,335,339,343,347,348,353,360,362,366,388,401,404,408
20:0,1,14,18,19,369,36,39,53,57,59,60,66,81,111,138,139,168,171,173,190,193,196,206,209,210,216,218,242,246,254,256,258,259,264,274,276,277,279,280,285,288,293,303,305,323,324,325,326,327,330,333,334,337,352,365,373,374,375,378,379,381,389,402,404
21:1,10,116,36,38,47,60,61,63,66,78,83,96,97,105,106,107,108,129,132,142,149,156,160,161,181,184,186,191,206,209,219,225,249,253,268,273,281,303,307,320,321,327,330,331,339,367,369,380,391,394,395
22:1,3,7,10,266,30,42,44,45,55,68,77,93,98,102,108,110,113,129,130,138,140,143,152,154,163,166,167,183,184,198,206,209,214,220,230,259,272,287,289,291,307,328,330,345,349,353,357,367,373,377,378,379,382
23:2,7,12,117,24,32,36,37,40,41,46,51,55,57,59,62,68,69,73,74,85,105,109,112,116,131,133,140,145,147,150,158,159,164,171,172,188,190,196,207,212,216,220,223,229,233,251,262,276,287,288,293,296,297,299,307,314,315,323,330,333,335,347,356,364,369,382,385,399
24:5,11,12,15,16,23,333,40,43,56,57,68,71,80,88,100,104,113,134,137,141,149,150,171,185,190,200,203,204,207,215,223,247,262,271,280,284,290,291,293,308,309,321,330,332,341,343,348,349,360,371,378,409
25:14,184,38,41,42,50,54,91,92,94,106,109,113,115,120,121,122,131,138,140,149,153,177,180,186,188,190,195,209,226,238,241,251,274,281,283,292,295,298,307,314,319,329,333,337,338,339,352,354,363,370,374,383,386,389,403
26:0,347,46,47,49,50,56,59,68,74,79,82,92,93,98,101,105,106,123,124,128,131,136,137,149,153,157,164,165,169,171,174,180,216,221,226,238,242,247,251,256,269,273,280,288,301,303,314,316,319,326,328,344,346,349,364,367,370,374,385,388,391,392,400,401
27:2,3,9,190,35,76,89,99,109,111,130,134,138,145,148,150,156,164,166,170,172,186,189,191,192,198,213,227,234,239,243,251,253,268,270,273,275,277,315,322,323,325,326,334,342,344,352,356,366,374,378,407
28:1,4,201,41,45,47,51,54,59,63,70,71,73,80,83,88,102,106,121,122,125,132,137,139,166,168,181,185,189,200,204,233,238,253,257,268,290,325,326,343,348,369,370,372,379,380,381,385,387
29:2,11,15,140,40,41,45,47,56,78,83,87,98,120,124,133,141,148,162,163,165,179,182,201,202,204,210,211,224,230,236,239,242,247,261,277,290,291,331,334,339,344,348,355,357,362,375,379,380,391,393,401,408
30:1,22,336,34,45,50,54,58,63,70,72,74,83,116,119,125,133,137,152,153,176,182,192,196,207,208,212,216,221,230,236,239,248,253,268,272,273,274,279,296,299,302,309,310,316,319,324,330,331,333,350,352,356,366,367,379,386,387,393,403,404,409
31:14,306,39,43,52,54,55,63,64,70,77,79,84,95,101,103,108,116,121,130,133,140,144,175,177,179,181,190,195,216,228,235,239,246,260,270,273,274,279,282,287,291,293,304,320,341,343,347,353,364,369,376,377,387,398,403,405
32:1,3,4,13,23,63,34,43,47,53,57,62,66,69,86,95,96,98,102,105,112,118,122,129,133,136,140,145,150,158,170,173,175,178,193,201,202,206,208,209,212,226,231,235,236,242,266,268,270,275,283,287,289,293,299,307,315,321,322,333,344,350,355,359,360,367,370,376,388,402
33:5,54,37,43,47,56,60,79,84,106,108,113,115,132,140,156,157,159,162,173,179,180,186,223,224,230,233,240,246,265,266,268,269,276,291,303,311,316,327,328,330,342,346,349,359,367,380,381,385,390,401,403,405,407
34:2,10,12,30,32,88,46,49,52,56,63,66,85,87,99,109,117,119,120,136,140,155,165,172,181,182,184,186,201,213,214,229,234,238,246,247,258,261,262,265,268,274,307,316,319,326,338,349,351,352,354,366,367,374,377,378,381,398,406
35:7,8,15,27,246,45,54,69,70,76,78,83,89,97,99,106,116,118,121,126,128,130,147,149,158,160,167,175,185,196,210,220,224,226,227,234,237,238,254,255,257,259,269,283,286,290,299,301,304,309,310,319,337,338,357,375,382,389,392,397,398,401,402,408
36:20,21,23,232,37,50,52,58,63,70,72,108,122,123,124,129,132,135,138,141,145,147,149,152,154,157,172,186,194,200,202,203,211,219,235,247,256,265,274,282,283,289,294,298,306,307,308,324,328,334,335,352,359,361,362,365,368,369,379,380,382,383,389,390,393,409
37:0,3,5,14,16,23,33,36,285,43,46,49,53,57,60,65,72,73,77,80,84,88,110,112,117,125,127,153,157,163,172,174,175,181,186,189,193,194,214,217,235,245,255,261,274,278,290,298,306,312,318,320,322,323,329,331,343,344,348,357,365,376,398,399
38:21,25,339,42,43,56,72,87,94,102,104,106,113,116,123,128,129,130,140,143,146,149,152,159,169,178,194,197,199,203,205,207,209,212,220,225,233,234,246,257,264,266,267,276,277,282,284,287,290,291,293,302,311,337,340,357,358,361,376,377,380,386,391,396,398,402
39:7,8,9,13,16,19,20,31,384,41,48,53,54,67,69,72,75,78,81,82,88,92,93,94,99,103,106,116,119,137,144,148,154,158,167,173,176,182,192,195,201,204,206,222,232,254,256,261,266,269,278,280,283,297,303,306,320,322,335,342,344,347,348,350,352,355,358,372,380,388,400,401,408
40:3,8,23,24,29,289,42,44,45,51,56,72,79,83,88,89,94,102,105,122,123,124,127,134,136,139,153,166,182,190,191,206,222,229,232,236,241,250,254,264,279,286,288,291,297,307,316,321,337,340,342,346,348,356,365,379,380,388,393,395,403,409
41:4,6,12,23,25,28,29,39,362,55,58,60,62,69,70,78,83,88,90,92,121,132,136,139,149,156,158,169,170,176,181,189,192,198,201,215,219,220,222,228,241,250,256,267,274,279,286,287,302,305,309,313,315,347,348,356,369,371,372,377,384,393,403,405,406,407
42:3,7,22,25,38,40,120,43,48,51,52,67,71,80,89,90,98,104,116,132,134,142,148,162,168,170,171,188,197,200,207,210,218,220,225,227,232,237,238,239,243,250,256,260,273,292,319,323,327,337,345,375,380,387,401
43:8,9,11,16,24,31,32,33,37,38,42,104,58,62,79,86,88,91,92,93,98,102,105,129,135,138,139,147,165,168,169,176,179,183,186,187,197,205,219,224,227,230,232,235,239,244,245,255,270,275,285,286,288,290,296,297,323,326,347,353,354,369,393,398
44:2,6,14,16,22,40,124,46,47,57,59,64,74,77,79,81,87,90,100,101,104,110,112,113,118,121,129,131,147,150,158,204,245,262,269,270,284,306,309,313,318,326,327,364,369,383,389,398,401,403,409
45:11,12,22,28,29,30,35,40,383,51,64,83,111,115,120,123,129,151,161,169,185,186,190,198,200,214,215,216,217,219,220,226,229,230,248,272,275,283,293,303,309,346,358,359,360,369,374,382,388,389,392,395,409
46:1,23,26,34,37,44,234,51,63,65,85,88,99,107,109,127,131,133,134,142,146,164,165,167,186,187,204,206,211,214,235,256,263,271,273,278,294,305,307,312,317,319,335,341,354,366,370,371,384,387,388,391,401,407
47:0,2,4,7,9,17,18,21,26,28,29,32,33,44,388,48,54,56,61,104,112,114,133,155,175,184,193,195,205,216,219,220,224,227,231,234,261,264,265,268,269,274,275,278,291,292,293,303,310,317,328,330,336,340,341,347,352,356,364,369,371,387,392,397,399,404,405,409
48:2,39,42,47,172,51,73,81,96,106,108,126,132,135,153,158,167,175,176,189,191,204,212,221,227,233,244,245,246,247,249,253,254,255,257,260,267,268,277,303,308,311,313,315,316,317,318,321,327,332,334,337,338,339,343,345,347,372,379,385,392,398,404,405,409
49:2,3,8,9,26,34,37,180,51,55,56,60,67,89,104,105,113,114,117,118,119,121,122,134,151,170,171,172,185,193,194,202,204,210,216,226,228,229,237,239,241,257,259,275,279,286,292,297,299,304,316,331,341,345,357,359,366,373,382,385,386,387,391,400,406
50:10,19,25,26,30,36,67,52,59,62,80,104,114,116,117,119,124,128,132,138,139,146,147,150,152,155,160,163,168,179,182,186,195,212,234,238,239,244,248,258,260,269,272,274,285,291,300,306,307,312,313,316,318,320,321,334,342,355,371,374,383,389,390,392,397
51:13,14,23,28,40,42,45,46,48,49,317,64,65,77,84,90,91,98,103,109,122,123,127,129,138,152,163,178,183,197,205,209,211,214,225,229,239,261,269,284,307,313,314,318,329,333,338,343,350,356,361,362,377,380,381,382,384,392,397
52:13,15,31,34,36,42,50,206,62,68,78,82,97,107,110,116,161,168,186,193,194,196,202,203,214,216,218,226,227,231,234,236,241,250,259,262,268,272,273,274,279,289,292,298,302,303,307,311,327,338,341,354,355,365,380,386,393,395,407
53:6,7,10,17,19,20,32,37,39,402,54,64,65,80,106,111,112,116,121,122,130,146,156,178,180,187,194,204,218,222,231,236,243,245,269,277,296,302,309,325,330,331,343,352,366,374,383,391
54:1,25,28,30,31,33,35,39,47,53,219,60,83,85,105,113,118,149,151,170,173,174,182,184,196,199,200,204,207,209,213,215,217,222,230,244,249,262,264,275,283,284,291,296,315,323,324,353,358,363,367,370,374,385,388,396
55:2,7,16,22,23,31,41,49,250,62,65,76,92,97,109,110,139,152,156,159,161,171,177,193,201,203,206,207,214,217,219,231,232,243,245,257,259,263,276,284,289,310,318,319,320,322,325,327,328,331,332,341,348,354,362,373,374,385,390,392,394,401,404
56:0,4,8,24,26,29,33,34,38,40,47,49,186,57,58,67,69,73,75,78,91,95,99,107,108,109,116,122,125,135,160,167,175,177,179,182,187,205,210,216,221,243,252,258,262,270,285,287,293,295,296,302,342,355,359,363,372,382,405,406
57:6,20,23,24,32,37,44,56,154,59,68,71,72,91,102,107,117,118,120,123,140,148,150,156,159,164,167,170,181,184,191,192,196,200,202,205,213,214,215,223,233,237,257,265,278,280,289,296,310,312,318,326,343,346,352,356,361,364,368,371,377,394,402,405,407
58:4,19,30,36,41,43,56,116,62,66,72,78,82,90,94,98,106,111,113,118,119,120,123,128,132,139,151,154,157,165,172,173,174,184,196,201,203,224,226,228,230,238,244,246,256,258,261,273,286,287,292,299,307,311,312,315,322,323,329,339,350,354,358,376,391,396,398,405,406
59:3,19,20,23,26,28,44,50,57,221,68,77,86,89,105,110,112,114,116,122,127,132,134,149,150,151,162,175,177,180,190,194,197,201,204,208,209,216,234,238,245,250,260,264,269,275,292,295,297,300,304,309,310,319,326,330,333,339,341,342,363,365,366,367,368,375,376,383,384,391,407
60:12,14,19,20,21,33,37,41,49,54,284,67,70,77,100,101,121,128,134,135,136,143,151,154,157,164,165,166,167,172,175,179,201,207,211,212,216,217,225,231,232,233,241,253,255,260,269,276,281,282,304,308,310,318,323,325,338,342,350,352,358,361,389,399,403
61:11,21,47,115,72,76,81,110,116,121,133,137,148,158,189,191,201,208,216,217,238,250,252,257,282,288,291,299,301,304,308,316,318,320,326,327,328,329,332,335,350,351,354,371,376,384,405
62:4,23,32,41,43,50,52,55,58,193,65,73,87,97,102,110,112,117,119,121,124,128,138,147,161,164,166,169,171,183,190,192,198,200,209,218,229,234,243,247,257,259,265,266,269,275,278,287,294,297,300,333,340,341,357,360,388,390,408
63:1,3,4,21,28,30,31,32,34,36,46,192,65,74,77,79,92,95,108,114,115,118,119,123,124,145,148,151,163,167,188,189,198,199,209,218,223,234,236,246,254,259,285,293,295,306,307,308,330,333,343,345,348,350,355,367,374,379,388,389,398,404
64:1,5,7,9,12,14,17,31,44,45,51,53,69,76,77,78,81,102,106,111,113,117,121,127,137,144,145,146,150,151,153,156,161,168,179,181,182,184,191,193,194,204,205,212,216,236,240,264,276,288,292,299,306,308,311,318,322,326,328,356,358,373,376,381,387
65:0,6,7,11,13,37,46,51,53,55,62,63,301,73,75,84,101,104,106,107,116,131,135,136,149,151,153,157,158,172,182,195,201,210,229,231,246,251,255,271,273,283,287,289,299,313,322,337,347,350,353,368,376,378,394,395
66:0,12,13,20,21,32,34,58,231,81,89,93,97,112,117,122,125,132,141,154,155,166,170,196,199,204,209,216,230,248,250,251,264,266,271,276,286,288,289,290,292,297,313,318,340,352,357,368,375,384,392,396,400
67:10,16,39,42,49,50,56,60,303,70,97,99,105,108,119,122,126,127,129,136,140,143,145,161,162,166,169,172,190,200,205,210,212,221,222,265,266,269,271,275,284,293,294,304,306,317,326,339,343,347,348,353,367,377,381,383,385,397,398
68:0,6,8,9,12,16,22,23,24,26,52,57,59,104,81,85,88,92,102,116,119,135,141,147,153,155,172,174,176,178,181,182,193,213,228,231,236,249,250,251,254,262,276,277,314,321,345,349,359,360,368,369,395,398
69:7,9,14,23,32,35,39,41,56,64,104,72,74,76,86,94,99,102,106,110,116,123,140,141,142,144,154,162,169,171,186,210,236,238,244,246,261,271,284,288,296,297,314,318,320,333,341,348,354,355,365,379,380,386,387,392,397
70:28,30,31,35,36,41,60,67,297,79,83,91,92,103,117,120,129,134,136,142,161,164,187,209,219,224,230,232,239,243,248,253,254,267,268,279,284,296,300,307,321,328,341,354,355,372,380,387,408
71:10,24,28,42,57,103,72,79,81,84,86,112,124,146,163,175,187,193,194,206,209,213,225,227,228,230,233,244,246,250,261,265,279,287,288,289,298,313,327,333,341,347,356,361,373,376,386,390,398
72:14,19,30,36,37,38,39,40,57,58,61,69,71,316,75,79,97,109,113,124,128,144,151,154,155,156,177,184,187,189,192,201,203,208,219,227,232,233,236,243,249,253,256,270,277,278,285,290,313,314,315,319,320,327,335,340,348,358,379,387,390,398,399,402,408
73:1,23,28,37,48,56,62,65,139,80,81,83,84,92,95,96,130,135,137,159,181,185,189,190,196,220,221,223,226,230,261,263,272,273,274,278,282,284,288,292,298,301,302,312,318,334,338,342,345,347,351,353,364,370,374,376,378,384,403,406
74:5,16,17,23,26,30,44,63,69,369,82,88,102,103,120,121,122,127,130,133,149,153,158,165,168,176,177,181,182,203,210,211,222,249,250,252,260,269,289,299,307,309,319,323,329,330,346,348,367,373,376,385,394
75:5,8,14,16,18,19,39,56,65,72,102,78,85,92,100,118,128,141,144,161,162,168,189,195,196,199,202,217,225,228,237,241,247,260,261,265,275,278,279,283,284,287,297,299,306,319,333,343,349,355,361,369,372,375,376,380,383,387,397,402
76:3,9,13,27,35,55,61,64,69,242,95,97,105,107,113,118,119,120,136,142,154,201,202,203,208,209,210,222,227,230,231,249,254,256,257,261,273,275,289,292,293,312,323,328,345,351,358,376,386,388,401,405
77:3,5,22,31,37,44,51,59,60,63,64,89,87,92,94,102,104,109,113,125,129,132,135,137,140,147,167,191,204,205,230,235,239,240,249,251,253,265,268,278,282,283,288,298,311,313,317,331,333,342,344,347,351,356,358,380,392,404
78:8,10,14,21,29,35,39,41,52,56,58,64,75,274,88,96,99,102,105,110,132,140,145,147,164,180,186,195,205,206,211,216,218,223,240,242,243,246,254,265,275,285,287,313,319,327,341,343,351,353,356,362,371,375,376,381,388,405,406
79:10,26,31,33,40,43,44,63,70,71,72,244,86,89,90,96,111,116,122,124,126,130,136,141,142,146,148,151,160,165,178,196,209,213,228,232,238,240,243,254,261,283,301,307,325,335,340,342,349,352,353,357,361,365,366,386,389,390,400
80:1,2,11,17,24,28,37,42,50,53,73,240,85,110,126,129,145,151,155,159,161,163,164,167,172,181,185,186,189,190,200,209,216,225,226,229,235,239,245,251,253,258,268,269,275,281,283,289,310,314,325,329,335,356,363,367,372,376,381,385,388,401,403,405,409
81:6,20,39,44,48,61,64,66,68,71,73,384,90,105,106,121,123,124,126,127,132,133,136,145,152,161,169,170,177,182,197,198,201,205,217,220,221,224,225,231,234,256,258,279,281,290,291,299,320,322,328,345,347,353,356,362,363,370,377,380,387,389,393,399,400
82:1,5,17,19,26,39,52,58,74,163,104,123,127,128,130,134,138,140,143,145,149,152,159,169,172,176,180,184,187,197,212,215,217,225,236,245,251,254,265,273,288,292,298,304,314,315,328,334,339,342,351,358,391,394,400
83:12,21,28,29,30,35,40,41,45,54,70,73,323,84,86,91,96,99,125,129,136,142,153,158,159,160,167,171,175,176,181,183,203,217,218,222,225,226,247,262,264,267,277,279,286,311,319,322,324,327,335,347,354,360,381,406
84:3,7,31,33,37,51,65,71,73,83,377,86,92,96,97,121,125,130,132,135,142,147,161,162,166,175,181,194,197,201,208,210,211,228,229,237,247,249,250,252,255,259,275,276,281,307,310,316,317,325,326,333,334,341,350,359,364,367,373,382,383,384,388,403
85:5,10,19,23,34,46,54,68,75,80,406,88,101,108,114,121,124,140,141,142,143,146,160,165,181,186,204,214,217,231,238,257,265,281,289,295,299,300,305,311,312,314,317,323,332,340,341,342,346,347,348,366,378,382,387,395,396,404
86:4,5,6,13,16,19,32,43,59,69,71,79,83,84,402,95,102,107,108,110,116,117,135,146,172,173,178,180,188,189,190,204,210,216,226,228,237,249,253,257,262,269,277,290,293,295,296,298,300,307,311,325,329,334,344,354,358,368,376,383,388,396,407
87:0,12,16,18,19,29,34,38,44,62,77,117,94,95,100,133,139,148,177,187,206,208,212,216,219,220,225,227,230,235,247,251,258,271,274,275,276,280,291,292,305,313,322,326,332,337,343,362,364,365,366,381,383,384,385,402,405
88:6,9,13,24,28,34,37,39,40,41,43,46,68,74,78,85,366,102,105,107,111,133,146,147,150,157,160,164,168,169,174,183,194,196,199,200,204,206,207,212,215,216,223,233,238,259,262,265,269,277,291,295,299,302,307,309,318,321,333,336,346,356,364,375,376,377,379,383,384,389,406
89:2,9,17,27,35,40,42,49,59,66,77,79,370,90,106,110,115,138,160,178,184,191,214,223,226,234,248,257,259,265,268,273,275,278,280,282,287,301,303,327,332,358,377,380,383,386,391,393,399
90:9,16,19,41,42,44,51,58,79,81,89,148,97,99,100,106,116,120,128,139,140,143,154,159,162,163,164,172,178,188,190,194,204,247,256,258,269,288,289,302,307,311,319,345,358,359,369,380,382,387,390,395,404,405
91:14,25,43,51,56,57,70,83,277,98,103,107,117,129,135,142,148,156,161,165,174,188,191,201,203,216,246,251,256,275,276,278,295,308,309,315,320,327,336,366,371,372,380,383,390,394,404
92:5,9,25,26,39,41,43,55,63,68,70,73,75,77,84,129,95,105,108,112,117,124,126,151,152,155,162,164,168,174,178,181,185,208,210,211,228,230,240,241,268,269,278,280,287,310,323,324,335,338,345,351,354,366,373,379,381,382,389
93:10,13,22,26,39,43,66,310,95,105,119,123,128,129,135,142,145,146,161,166,168,172,175,176,182,193,197,213,218,221,231,235,238,246,253,259,261,274,275,280,316,334,337,339,344,351,360,364,380,395,398
94:15,25,38,39,40,58,69,77,87,365,96,97,99,109,115,133,138,140,171,178,187,202,205,209,224,233,238,241,254,259,269,289,299,303,319,322,344,348,351,353,367,378,388,393,409
95:14,17,19,31,32,56,63,73,76,86,87,92,93,112,99,100,113,123,138,139,151,152,153,155,159,166,168,169,194,198,199,207,208,210,214,241,256,275,278,291,298,310,313,314,319,330,332,335,342,362,382,384,385,388,394
96:2,16,18,19,21,32,48,73,78,79,83,84,94,147,100,103,105,113,115,117,119,123,130,131,132,133,140,144,145,146,150,153,168,175,186,192,193,197,207,211,220,221,223,224,235,242,243,250,273,284,288,294,300,303,311,313,324,334,336,338,348,359,362,369,379,385,394,409
97:3,5,12,17,21,35,52,55,62,66,67,72,76,84,90,94,141,127,128,150,153,162,163,164,167,178,182,185,205,220,229,235,236,243,250,261,263,266,268,277,305,307,313,348,351,353,364,377,387,392,393,396,399,401,402,407
98:6,19,22,26,29,32,42,43,51,58,91,217,101,107,120,122,133,134,140,143,152,163,173,179,189,192,202,207,209,218,220,227,230,238,244,245,260,261,266,269,272,276,282,285,288,289,291,307,318,326,327,329,332,334,339,345,350,354,364,369,371,372,381,382,399,405
99:4,5,15,17,18,27,34,35,39,46,56,67,69,78,83,90,94,95,315,110,111,112,113,118,124,125,129,140,149,151,169,182,195,207,208,209,216,219,222,243,244,247,248,254,271,272,273,280,281,285,290,303,310,316,317,319,325,326,330,339,340,360,364,371,374,377,385,390,400,407
100:15,18,19,24,44,60,75,87,90,95,96,148,111,112,116,118,131,134,140,142,149,151,167,172,188,189,190,196,204,208,223,226,232,241,244,255,266,286,301,307,308,320,321,326,332,340,351,361,362,371,382,385,405,409
101:13,19,26,31,44,60,65,85,98,302,103,105,118,126,127,128,138,143,144,154,155,159,160,164,181,185,191,200,215,216,217,219,224,228,229,234,238,240,242,243,246,247,248,256,257,258,269,273,277,281,289,293,308,318,324,330,338,339,341,342,347,351,370,371,376,396,399,401,405
102:13,22,28,32,38,40,43,57,62,64,68,69,74,75,77,78,86,88,292,105,106,119,123,144,149,154,173,183,184,195,197,199,203,206,209,222,227,231,251,255,271,280,282,286,287,288,298,307,310,312,313,318,322,326,332,342,347,357,360,367,373,377,385,399,400,403,406
103:4,8,17,31,39,51,70,71,74,91,96,101,254,109,112,114,116,125,129,135,138,147,149,150,162,165,173,186,187,190,194,210,215,227,233,235,237,240,265,269,302,306,310,313,318,328,336,337,339,350,351,361,362,364,372,392,400,402
104:19,24,38,42,43,44,47,49,50,65,68,69,77,82,197,114,115,119,123,136,143,145,151,152,156,159,171,172,177,179,182,186,216,221,226,229,231,233,236,258,259,260,269,277,284,286,289,290,291,295,299,307,308,319,320,327,329,336,338,339,355,360,364,374,385,386,388,401,408
105:4,6,10,14,21,23,26,32,40,43,49,54,59,67,76,78,81,88,92,93,96,101,102,300,107,108,120,126,127,130,146,151,152,161,162,179,191,198,217,227,228,234,240,244,265,267,275,289,295,302,307,312,321,333,346,351,353,362,374,376,387,388,391,403,404
106:9,14,17,21,25,26,28,33,35,38,39,48,53,58,64,65,69,81,89,90,102,124,123,125,130,132,140,148,162,164,169,171,192,194,196,206,210,216,220,221,222,230,238,241,245,247,248,258,266,267,274,282,289,292,295,296,300,302,311,317,321,324,326,338,342,354,362,364,375,387,388,390,396,398,406
107:15,21,46,52,56,57,65,76,86,88,91,98,105,241,108,111,113,116,126,129,130,135,137,144,150,155,160,173,180,182,186,199,203,206,214,221,222,223,235,238,239,263,269,272,288,293,298,305,307,308,327,328,331,332,341,352,353,354,358,361,370,375,379,391,399,400,403,409
108:15,21,22,31,33,36,48,56,63,67,85,86,92,105,107,117,109,113,129,132,134,135,136,137,156,157,164,170,177,181,204,210,214,236,259,271,273,275,278,280,283,284,290,299,300,305,307,309,315,317,320,329,345,352,358,359,367,387,391,394,399,405,408,409
109:18,23,25,27,34,46,51,55,56,72,77,94,103,108,264,110,113,126,142,144,151,154,155,156,161,164,165,167,175,177,189,201,202,217,224,227,230,234,241,242,250,258,259,269,277,286,292,297,299,304,314,316,322,328,329,332,335,340,345,353,356,362,367,372,380,400
110:0,2,22,37,44,52,55,59,61,62,69,78,80,86,89,99,109,135,120,123,128,132,134,136,152,157,159,162,176,189,195,234,249,250,262,265,269,275,277,279,298,314,318,330,334,340,363,365,373,374,378,384,391,394,403,408
111:6,11,20,27,45,53,58,64,79,88,99,100,107,313,116,122,127,129,132,142,147,149,152,154,155,156,168,173,180,191,193,196,206,209,215,222,227,235,238,248,263,283,294,295,296,299,303,304,310,315,319,325,326,327,333,341,348,351,358,363,367,371,375,378,396
112:0,5,7,13,18,23,32,37,44,47,53,59,62,66,71,92,95,99,100,103,119,118,121,124,127,137,146,149,154,159,172,175,191,197,214,233,234,243,250,252,265,267,276,294,297,299,310,335,341,343,350,364,366,370,382,384,395,400,403,408,409
113:0,11,12,13,14,19,22,24,25,33,38,44,49,54,58,64,72,76,77,95,96,99,107,108,109,320,114,115,116,124,129,133,140,144,153,156,168,185,187,189,200,201,208,215,225,233,237,249,254,260,261,263,270,280,281,285,297,303,309,365,377,384,385,392,398
114:3,4,15,16,47,49,50,59,63,85,103,104,113,194,116,119,133,147,148,167,169,173,177,193,200,203,215,225,238,244,246,248,249,252,255,261,262,276,291,310,313,317,322,325,331,336,337,338,346,349,354,357,358,364,378,381,396,409
115:0,11,19,25,33,45,61,63,89,94,96,104,113,127,138,144,157,158,159,164,166,171,176,189,192,201,212,213,215,233,241,243,252,258,268,272,273,284,287,292,299,304,315,319,321,331,334,354,363,371,380,382,387,389,397,402,408,409
116:1,3,21,23,30,31,35,38,39,42,50,52,53,56,58,59,61,65,68,69,79,86,90,100,103,107,111,113,114,177,121,129,135,154,155,156,171,174,183,189,195,199,205,208,232,234,236,246,255,257,261,262,274,288,291,301,305,306,311,315,321,335,336,342,359,370,378,383,386,391,396,399,400,402
117:12,23,34,37,49,50,57,62,64,66,70,86,87,91,92,96,108,375,121,125,132,134,140,151,157,158,168,173,175,180,188,189,201,202,206,213,214,223,228,230,246,251,255,258,269,280,282,288,293,322,330,332,339,342,351,355,357,359,360,363,367,374,376,383,384,385,389
118:4,10,32,35,44,49,54,57,58,63,75,76,99,100,101,112,179,137,140,141,143,146,153,161,171,177,185,197,203,207,208,225,226,227,230,237,251,262,264,265,272,284,292,298,301,307,311,324,326,338,343,349,351,356,370,380,381,398
119:0,5,12,30,34,39,49,50,58,62,63,67,68,76,93,96,102,104,112,114,367,122,123,128,163,174,175,177,179,180,189,196,201,219,227,231,274,280,284,301,303,309,311,323,332,337,338,348,363,369,379,387,391,402,405
120:1,6,12,18,19,25,29,34,42,45,57,58,70,74,76,90,98,105,110,124,126,143,152,155,156,159,162,167,169,170,180,181,198,201,203,213,218,224,226,228,234,243,247,258,260,269,271,273,275,282,288,290,293,295,316,318,328,330,342,349,350,369,376,382,389,404,408
121:9,18,25,28,31,35,41,44,49,53,60,61,62,64,74,81,84,85,112,116,117,306,130,133,134,148,158,166,169,197,198,202,205,223,229,235,240,242,256,259,265,281,302,308,311,328,331,335,338,363,368,376,378,379,380,388,391,394,400,404
122:4,16,25,28,32,36,40,49,51,53,56,59,66,67,74,79,98,111,119,318,125,140,146,157,158,159,163,178,181,189,194,200,212,230,237,240,242,249,256,266,269,275,281,295,297,306,308,309,321,326,331,332,334,336,345,350,361,365,368,373,384,398,401
123:5,6,8,11,12,26,36,38,40,45,51,57,58,63,69,81,82,93,95,96,102,104,106,110,119,127,124,126,131,137,140,144,149,154,161,163,164,167,183,193,195,198,199,213,218,269,272,278,296,297,302,324,326,330,334,339,357,365,376,399,401,403,409
124:4,5,8,14,17,26,29,36,40,44,50,62,63,71,72,79,81,85,92,99,106,112,113,120,123,246,126,132,141,154,155,157,169,170,175,185,186,205,211,212,239,241,255,258,266,275,282,285,286,288,290,293,297,305,310,313,317,325,353,363,364,369,375,383,387,391,400,409
125:3,28,30,37,56,66,77,83,84,99,103,106,117,122,161,131,136,141,150,173,176,179,192,201,207,208,217,251,262,263,267,273,278,281,284,297,303,304,305,306,307,310,315,320,328,336,353,354,361,365,367,369,374,382,389,391,398,401,405,409
126:10,19,35,48,67,79,80,81,92,101,105,107,109,120,123,124,131,146,148,154,163,165,191,193,196,200,203,230,234,238,245,260,261,270,281,290,293,303,309,316,343,345,361,365,371,390,391,392,396,405
127:0,9,12,37,40,46,51,59,64,67,74,81,82,97,101,105,111,112,115,123,168,140,142,143,148,152,176,178,182,187,192,199,203,204,205,206,219,226,237,245,252,274,277,285,286,306,310,311,312,317,322,325,337,352,353,355,362,391,398,399,402,405
128:1,2,11,26,35,38,50,58,60,62,72,75,82,90,93,97,101,110,119,375,149,164,166,171,181,185,191,196,199,207,210,214,221,226,237,247,254,255,260,269,273,283,290,296,302,312,314,315,322,324,325,332,334,365,368,370,379,384,386,392
129:0,6,8,19,21,22,32,36,38,43,44,45,51,67,70,77,80,83,91,92,93,99,103,107,108,111,113,116,398,130,131,132,137,156,166,169,183,189,199,202,207,211,219,227,230,231,255,261,264,268,280,282,290,296,297,300,319,323,324,334,338,343,349,350,356,358,375,382,386,397,400,402,404
130:4,9,16,18,22,27,31,35,38,53,73,74,79,82,84,96,105,106,107,121,129,314,134,142,143,150,155,156,166,174,180,187,188,192,196,199,209,215,220,229,230,233,234,247,249,250,265,266,273,275,276,288,295,306,353,354,359,372,382,384,392,397,406,407
131:2,10,17,23,25,26,44,46,65,96,100,123,125,126,129,228,135,147,148,159,165,167,170,172,174,179,181,182,183,190,196,201,202,221,231,232,233,235,253,260,262,270,279,280,288,292,296,297,307,308,312,327,376,380,394,395,396
132:3,8,13,21,28,33,36,41,42,48,50,58,59,66,77,78,81,84,96,106,108,110,111,117,124,129,260,140,146,148,149,158,161,164,172,175,178,187,197,205,219,220,222,223,225,228,257,262,265,267,274,281,288,312,315,317,342,345,348,359,364,368,379,380,383,385,392,395,402,408
133:3,8,12,18,23,29,30,31,32,46,47,61,74,81,87,88,94,96,98,113,114,121,376,142,144,147,149,153,161,187,205,213,244,246,252,256,265,270,271,282,288,290,294,309,310,321,330,337,343,348,349,351,352,365,373,381,394,400,408,409
134:6,8,24,27,40,42,46,49,59,60,70,82,98,100,108,110,117,121,130,193,138,151,157,167,169,179,192,195,196,208,220,225,226,243,245,257,259,270,276,288,289,294,305,307,314,322,328,343,345,346,357,360,366,368,380,382,386,391,395,397
135:0,2,9,16,36,43,48,56,60,65,68,73,77,84,86,91,93,103,107,108,110,116,131,184,138,143,145,150,155,171,181,188,191,192,193,195,201,202,214,217,219,220,234,250,275,286,291,292,293,303,309,311,314,320,321,325,343,345,375,377,404,407,408
136:3,5,9,17,26,32,34,40,41,60,65,67,70,76,79,81,83,104,108,110,125,222,139,145,155,166,179,191,196,200,202,207,210,223,228,230,251,262,271,278,279,283,288,290,298,308,330,341,351,353,354,365,375,376,389,391,392,395,398,399,405,408
137:0,3,7,24,26,28,30,39,61,64,73,77,107,108,112,118,123,129,407,140,144,149,153,178,179,180,187,196,202,208,210,211,212,217,219,220,226,232,239,246,252,256,274,275,291,294,300,305,325,326,327,333,346,354,363,365,396,404
138:1,2,3,5,7,20,22,25,27,36,43,50,51,62,82,89,94,95,101,103,115,134,135,174,169,172,182,183,188,190,192,197,201,208,210,213,217,225,240,241,245,249,256,257,262,276,286,294,297,303,308,315,317,318,325,329,332,335,341,342,349,375,383,387,402,403
139:8,15,17,20,28,40,41,43,50,55,58,73,87,90,95,136,193,151,155,160,163,169,172,173,179,187,209,214,215,219,224,234,238,261,263,267,270,273,275,295,298,311,313,321,325,328,329,333,346,354,359,381,393,404,405,409
140:3,13,22,23,25,29,31,32,33,34,38,57,67,69,77,78,82,85,90,94,96,98,99,100,106,113,117,118,122,123,127,132,137,377,143,154,164,178,179,200,201,206,214,216,224,237,249,252,255,260,265,274,278,284,287,288,292,309,310,312,319,334,338,344,375,378,383,396,401,405,407
141:24,29,36,66,68,69,75,79,85,97,118,124,125,178,149,152,187,193,204,213,219,225,227,231,237,250,255,256,270,275,288,300,303,307,308,315,332,336,343,352,368,375,378,389,395,407,409
142:17,21,42,46,69,70,76,79,83,84,85,91,93,100,109,111,127,130,133,150,144,152,154,157,177,202,207,213,225,234,236,238,244,250,256,262,277,283,287,288,299,318,335,338,348,357,363,367,372,375,381,399
143:0,3,12,22,38,60,67,82,85,90,98,101,104,118,120,127,130,135,140,393,152,161,165,169,174,184,185,190,206,210,227,230,233,240,242,247,253,280,282,302,308,310,318,339,347,359,367,390,408
144:4,6,11,15,31,39,64,69,72,75,96,101,102,107,109,113,115,123,133,137,142,235,145,150,156,167,173,176,181,182,185,186,203,205,213,216,221,225,231,237,246,257,262,266,272,282,283,290,294,299,300,311,320,321,327,329,331,332,337,339,342,345,352,357,359,360,366,379,390,401
145:16,23,27,32,36,63,64,67,78,80,81,82,93,96,104,135,136,144,173,150,170,172,176,177,180,189,195,201,206,208,209,213,215,218,233,242,249,264,266,267,268,271,273,278,289,292,300,309,313,326,333,337,343,344,346,350,353,370,371,372,383,384,398,405,409
146:9,16,38,46,50,53,64,71,79,85,86,88,93,96,105,112,118,122,126,132,260,149,162,168,171,189,192,194,195,213,221,223,225,237,247,254,256,268,271,273,277,282,290,295,300,320,322,332,338,342,345,349,352,353,367,389,391,395,404
147:10,23,35,36,43,44,50,62,68,77,78,84,88,96,103,111,114,131,133,357,150,159,162,175,177,181,183,190,193,194,201,211,255,256,258,267,279,282,292,295,318,319,321,329,333,335,344,347,348,349,354,383,386,387,397
148:17,27,29,39,42,57,61,63,79,87,90,91,100,106,114,121,126,127,131,132,394,161,163,169,170,178,179,180,188,191,195,216,220,230,237,243,247,248,256,263,273,276,282,285,291,292,298,299,303,314,327,329,330,331,332,341,356,359,360,367,379,385,391
149:0,11,15,21,24,25,26,35,36,38,41,54,59,65,74,82,99,100,102,103,111,112,123,128,132,133,137,141,146,168,150,154,155,157,163,173,176,179,190,195,210,213,219,224,225,232,238,239,249,254,255,257,274,276,284,297,300,302,306,309,312,320,328,331,333,340,341,342,353,357,359,366,378,381,386,393,394,397,405
150:1,4,15,23,24,27,32,44,50,57,59,64,88,96,97,103,107,125,130,135,142,144,145,147,149,402,153,154,155,157,167,168,169,173,176,203,219,225,239,240,243,245,246,256,258,264,274,299,300,310,319,323,327,345,349,351,356,358,361,367,368,374,383,390,400
151:10,18,45,49,54,58,59,60,63,64,65,72,79,80,92,95,99,100,104,105,109,117,134,139,277,152,153,156,163,167,169,174,183,186,206,228,244,262,271,285,308,314,327,335,338,347,354,360,366,373,380,384,398
152:4,16,17,22,30,36,38,50,51,55,81,82,92,95,98,104,105,110,111,120,127,141,142,143,151,347,153,180,191,197,206,224,227,236,237,238,265,276,279,281,284,285,288,289,295,306,311,317,320,324,325,328,334,342,348,352,359,362,363,365,380,382,390,393,397,405
153:8,18,25,26,30,37,40,48,64,65,68,74,83,95,96,97,113,118,133,137,150,151,152,311,161,179,187,195,198,199,247,254,257,260,282,285,306,309,313,317,318,322,326,354,355,361,362,364,368,371,373,393,396,398
154:5,10,12,17,22,36,39,57,58,60,66,69,72,76,90,101,102,109,111,112,116,123,124,126,140,142,149,150,190,158,159,160,162,173,198,200,207,208,211,213,227,233,241,251,256,263,264,266,271,278,279,285,287,288,310,314,323,331,333,334,338,348,350,353,354,356,358,381,382,402,405,406,407,409
155:11,12,34,47,50,66,68,72,80,92,95,101,107,109,111,116,120,124,130,135,136,139,149,150,390,160,161,167,182,188,189,194,203,206,209,235,242,244,248,253,264,265,277,278,287,294,297,301,303,314,318,323,350,354,356,357,374,376,378,381,396,408
156:2,7,16,21,27,33,41,53,55,57,64,72,91,104,108,109,111,113,116,120,129,130,144,151,174,163,168,178,179,198,205,210,232,236,237,240,242,245,263,278,285,297,300,335,346,348,349,356,362,392,396,398,403,404
157:2,5,7,8,13,14,26,33,36,37,58,60,65,88,108,110,115,117,122,124,134,142,149,150,184,158,162,163,164,165,170,172,175,185,190,196,198,202,204,205,208,213,217,218,223,231,234,241,251,252,257,267,268,286,287,310,316,323,328,330,344,345,351,353,354,364,369,372,376,388,391,400,403,408
158:2,19,23,32,35,39,41,44,48,61,65,74,83,115,117,121,122,132,154,157,239,163,164,172,174,180,184,195,204,213,216,227,233,236,243,248,259,264,276,281,293,300,303,318,319,321,337,342,347,349,363,370,375,378,387,399,404,408
159:9,12,18,23,33,38,55,57,73,80,82,83,90,95,101,104,110,112,115,120,122,131,147,154,287,163,167,176,177,179,184,185,187,188,190,212,217,222,223,224,235,247,255,264,272,273,275,278,290,294,298,312,315,318,325,337,339,342,345,349,352,355,362,364,377,384,387,398
160:3,7,11,12,16,17,21,35,50,56,79,83,85,88,89,101,107,139,154,155,306,174,176,193,196,203,206,207,217,220,230,238,251,273,276,281,282,292,297,303,305,322,327,332,335,339,344,352,353,354,357,360,371,384,390,393,394,396,400
161:10,11,13,14,21,45,52,55,62,64,67,70,75,80,81,84,91,93,105,109,118,123,125,132,133,143,148,153,155,340,173,199,201,209,211,212,218,219,222,229,230,231,236,245,253,270,277,279,282,294,305,308,313,319,325,327,347,360,362,374,387,389,394,397,400,406
162:4,7,11,14,16,29,33,42,59,67,69,75,84,90,92,97,103,105,106,110,120,146,147,154,157,184,165,173,176,177,178,191,192,200,204,211,215,217,221,228,231,251,261,268,271,274,287,288,292,303,337,363,370,374,393,397,399,402,403
163:0,5,16,22,29,37,50,51,63,71,80,82,90,97,98,119,122,123,126,139,148,149,151,156,157,158,159,241,168,181,182,184,192,210,220,271,281,284,285,291,294,298,310,315,324,333,345,351,363,365,366,380,400
164:9,13,23,26,27,46,57,60,62,70,78,80,88,90,92,97,101,106,108,109,115,123,128,132,140,157,158,405,169,170,172,175,179,189,208,210,213,237,239,250,258,277,284,287,296,305,306,311,344,357,364,384,401,409
165:6,10,11,12,26,29,34,43,46,58,60,74,79,85,91,103,109,126,131,143,157,162,367,167,172,180,181,187,192,208,213,218,220,221,230,245,255,257,269,271,272,304,308,309,310,314,320,322,323,329,338,345,346,350,358,369,372,376,377,379,384,385,388,405
166:4,5,6,22,27,28,40,60,62,66,67,84,93,95,115,121,128,129,130,136,293,167,174,175,178,181,188,195,211,221,227,228,244,247,250,252,260,265,287,288,291,294,300,301,307,314,329,330,333,338,339,341,345,351,352,359,364,374,377,386,392,394,398,400,404,407
167:0,8,11,15,22,35,39,46,48,56,57,60,63,77,80,83,97,100,109,114,120,123,131,134,144,150,151,155,159,165,166,205,168,177,181,187,189,197,201,224,225,238,240,243,249,250,261,301,303,317,324,335,353,364,368,371,374,376,380,389,393,398
168:8,10,17,20,28,42,43,50,52,64,74,75,88,92,93,95,96,111,113,117,127,146,149,150,156,163,167,371,169,189,202,204,217,230,234,237,239,246,252,253,269,273,274,277,295,300,302,315,322,324,331,346,347,353,357,359,366,367,374,386,388,397,402,409
169:10,14,16,26,38,41,43,45,62,67,69,81,82,88,95,99,106,114,120,121,124,129,134,138,139,143,148,150,151,164,168,350,178,183,197,200,209,211,212,213,231,233,247,249,250,252,270,282,283,290,298,316,324,328,339,369,370,378,383,395,402,406
170:4,5,27,32,41,42,49,54,57,66,81,108,120,124,131,145,148,157,164,333,171,186,190,192,197,202,204,215,219,221,223,227,231,237,249,259,267,275,278,290,293,296,299,306,307,314,323,330,341,349,356,363,381,391,393,398,401,405
171:20,23,24,26,42,49,55,62,69,83,94,104,106,115,116,118,128,135,146,170,325,172,184,185,198,201,202,205,208,209,219,222,232,242,254,265,268,269,273,275,281,286,288,300,305,307,308,313,319,323,329,334,353,359,368,381,382,386,390,394,399,404
172:1,19,23,27,34,36,37,48,49,58,60,65,67,68,80,82,86,90,93,100,104,112,131,132,138,139,145,157,158,164,165,171,212,187,188,194,196,197,198,200,203,210,213,241,242,248,249,277,278,284,288,291,304,315,353,396
173:4,20,32,33,39,54,58,86,98,102,103,107,111,114,117,125,139,144,145,149,150,154,161,162,393,177,189,195,219,228,230,238,242,247,250,252,257,263,268,280,304,309,316,321,325,326,335,336,343,345,348,362,372,373,376,401
174:3,9,11,26,37,54,58,68,88,91,92,116,119,130,131,138,143,151,156,158,160,166,359,175,187,197,203,207,211,218,222,230,237,242,244,246,250,258,264,266,270,289,299,302,306,308,311,315,323,333,343,349,355,356,357,373,379,381,385,401,405
175:31,32,35,37,47,48,56,59,60,71,83,84,93,96,109,112,117,119,124,132,147,157,164,166,174,220,176,182,186,189,192,209,214,215,216,222,229,234,239,243,251,257,258,263,273,274,277,280,288,290,312,317,338,339,343,386,390,397,398,399,402,404
176:1,2,7,11,14,30,39,41,43,48,68,74,82,83,93,110,115,125,127,144,145,149,150,159,160,162,175,256,179,182,183,195,196,210,232,244,247,248,253,258,266,270,272,278,294,331,332,336,364,368,378,386,388,391,398,403,404
177:4,5,6,12,19,25,31,55,56,59,72,74,81,87,104,108,109,114,116,118,119,142,145,147,159,162,167,173,364,183,186,187,191,192,195,196,240,251,268,275,282,291,292,298,299,307,327,328,329,336,339,340,345,348,357,360,368,370,372,377,381,390,393,405
178:32,38,51,53,68,79,86,89,90,92,94,97,122,127,132,137,140,141,148,156,162,166,169,307,179,192,196,219,229,236,249,252,257,264,268,270,271,285,290,295,298,312,313,320,323,324,325,329,341,348,356,359,367,372,375,376,393,397,405
179:3,6,8,29,31,33,43,50,56,60,64,98,104,105,118,119,125,131,134,136,137,139,140,148,149,153,156,159,164,176,178,394,181,185,217,225,227,229,244,250,251,268,269,272,274,278,286,299,307,309,312,316,338,341,361,363,370,381,382,392,401,402,408
180:1,10,17,25,26,33,49,53,59,78,82,86,107,111,117,119,120,130,137,145,148,152,158,165,256,187,208,212,241,252,267,269,294,303,313,321,323,342,343,346,352,354,359,364,365,374,378,383,386,401,404,405,409
181:1,2,15,18,21,28,31,34,37,41,57,64,68,73,74,80,83,84,85,92,101,108,120,122,128,131,135,144,147,163,165,166,167,179,337,185,187,198,204,212,222,223,226,242,270,272,277,284,289,291,301,305,306,313,321,344,345,349,356,366,369,374,377,382,390
182:2,11,15,29,30,34,39,40,50,54,56,64,65,68,74,81,93,97,99,104,107,127,131,138,144,155,163,175,176,268,184,193,198,200,203,207,215,231,235,257,272,274,286,294,296,300,312,316,320,321,322,325,328,329,333,342,343,354,362,369,374,375,377,409
183:0,4,8,22,43,51,62,83,88,102,116,123,129,131,138,147,151,169,176,177,349,193,197,200,212,215,231,233,247,257,268,278,283,297,298,315,316,318,332,334,337,346,347,352,357,372,373,379,382,388,394
184:21,22,25,34,47,54,57,58,64,72,82,89,102,135,143,157,158,159,162,163,171,182,358,194,197,200,202,206,211,212,213,215,217,221,229,235,240,246,250,255,261,268,270,274,277,278,279,282,298,314,326,328,331,333,335,340,343,351,354,359,367,378,383,384,389,391,399
185:3,4,8,15,17,24,28,35,45,49,73,80,92,97,101,113,118,124,128,143,144,157,159,171,179,181,193,186,189,196,199,205,207,208,209,212,218,219,222,223,225,228,232,235,239,242,245,250,256,263,278,299,307,325,327,328,330,332,339,341,352,364,371,383,385,389,400,405,409
186:8,12,17,21,25,27,33,34,36,37,43,45,46,50,52,56,69,78,80,85,96,103,104,107,124,144,151,170,175,177,185,248,199,200,219,221,242,247,251,255,267,273,282,283,298,299,302,303,309,312,318,325,329,350,353,377,379,382,391,394,401,404
187:3,6,12,43,46,53,56,70,71,72,82,87,94,103,113,127,130,132,133,137,139,141,153,159,165,167,172,174,177,180,181,277,188,201,206,208,214,218,219,220,229,234,256,257,275,285,307,310,314,323,326,332,336,337,339,349,350,352,356,375,377,386,387,391,392,397,399,401,403
188:7,8,9,14,17,23,25,42,63,86,90,91,100,117,130,135,138,148,155,159,166,172,187,380,199,204,206,210,215,221,222,227,231,239,249,255,256,257,270,274,276,281,282,286,306,309,315,316,318,322,352,354,364,371,375,381,382,391,397,404
189:0,27,28,37,41,48,61,63,72,73,75,80,86,98,100,109,110,113,115,116,117,119,122,129,145,146,155,164,167,168,173,175,185,331,204,212,217,225,238,252,270,287,299,301,303,305,318,323,348,353,354,365,371,381,391,395,404,409
190:5,15,19,20,23,24,25,27,31,40,45,59,62,67,73,80,86,90,100,103,131,138,143,147,149,154,157,159,170,393,194,200,210,211,221,224,227,228,242,244,252,253,260,265,271,274,280,283,307,308,310,312,313,317,320,324,327,331,332,341,347,353,370,380,402
191:4,6,19,21,27,40,48,57,61,64,77,89,91,101,105,111,112,126,128,135,136,148,152,162,177,380,194,197,204,210,222,226,228,234,238,245,258,259,263,265,276,278,284,288,293,297,299,310,313,332,339,340,341,342,347,363,388,392,393,405,409
192:4,10,16,18,27,30,39,41,57,62,63,72,96,98,106,115,125,127,130,134,135,138,146,162,163,165,170,175,177,178,400,196,200,217,226,227,228,230,235,248,253,259,268,276,278,281,282,294,311,314,316,324,343,349,351,353,356,365,390,391,392,408
193:10,14,20,32,37,47,49,52,55,62,64,68,71,93,96,111,114,123,126,134,135,139,141,147,160,182,183,185,322,202,215,217,219,227,244,251,258,262,271,272,275,279,286,289,291,296,305,311,321,327,342,346,350,351,352,355,368,380,382,386,387,392,399,400
194:6,12,19,36,37,38,49,52,53,59,64,71,84,88,90,95,103,106,114,122,146,147,155,172,184,190,191,342,195,199,213,214,217,227,232,258,280,281,284,293,307,311,313,320,338,339,354,356,358,369,370,373,375,376,384
195:5,12,25,31,39,47,50,65,75,78,99,102,110,116,123,134,135,145,146,148,149,153,158,166,173,176,177,194,297,212,214,220,227,264,265,276,278,279,281,285,299,315,319,336,353,354,358,365,372,382,386,387,390,403
196:15,20,23,30,35,52,54,57,58,66,73,75,79,88,100,106,111,119,126,128,130,131,134,136,137,157,160,172,176,177,178,185,192,240,201,207,210,213,232,248,265,271,276,283,284,288,306,311,313,343,347,352,354,372,373,374,382,385,393,399,402,408,409
197:9,10,11,19,38,42,43,51,59,81,82,84,93,96,102,104,112,118,121,132,138,152,167,169,170,172,174,183,184,191,347,199,207,209,212,214,215,217,239,240,241,242,252,255,256,257,261,263,266,287,288,291,302,305,314,320,321,331,337,351,353,356,360,362,373,381,383
198:3,10,17,22,27,41,45,62,63,81,95,105,120,121,123,153,154,156,157,171,172,181,182,380,212,215,226,245,252,253,265,269,272,283,284,287,297,309,312,325,326,348,355,360,372,373,376,379,384,388,391,396,399,403,406
199:3,7,17,38,54,63,66,75,88,95,102,107,116,123,127,128,129,130,153,161,185,186,188,194,197,404,214,215,217,221,228,232,247,250,253,266,271,275,276,277,283,284,296,307,308,313,328,329,333,336,346,350,351,359,372,384,399,403
200:1,9,24,28,36,42,45,54,57,62,67,80,88,101,113,114,122,126,136,140,154,162,169,172,182,183,184,186,190,192,313,211,214,219,222,223,224,230,232,234,251,257,264,273,276,279,286,295,300,312,324,330,337,344,345,346,352,362,364,371,373,376,377,391,394
201:5,13,28,29,32,34,39,41,55,58,59,60,61,65,72,76,81,84,91,109,113,115,117,119,120,125,131,135,138,140,145,147,161,167,171,187,196,268,202,207,212,213,218,222,225,236,240,250,254,256,262,278,279,287,305,311,318,325,329,332,334,358,363,364,365,367,374,375,387,391,400,409
202:7,29,32,36,49,52,57,75,76,94,98,109,117,121,129,131,135,136,137,142,157,168,170,171,184,193,201,366,204,205,235,237,246,253,255,257,258,262,278,281,286,299,310,327,337,341,343,344,346,358,362,367,371,373,374,382,384,394,396,407
203:4,5,10,13,24,36,38,52,55,58,72,74,76,83,91,102,107,114,118,120,126,127,144,150,155,160,172,174,182,322,204,206,218,220,244,257,263,267,269,273,275,276,287,289,291,297,303,308,312,319,326,334,340,351,353,361,380,381,383,385,392,404,406,407
204:14,16,24,28,29,39,44,46,48,49,53,54,59,64,66,77,85,86,88,90,100,108,127,141,157,158,162,168,170,181,188,189,191,202,203,280,206,207,208,209,220,224,228,234,235,247,248,251,272,274,278,283,292,306,311,318,338,339,348,352,356,360,366,369,381,386
205:4,5,8,10,12,18,38,43,47,51,56,57,64,67,77,78,81,94,97,116,121,124,127,132,133,144,156,157,167,171,185,202,294,207,215,224,228,237,247,256,264,266,267,268,275,279,281,289,313,314,326,336,338,341,350,369,393,403,406
206:2,10,19,20,21,22,32,39,40,46,52,55,71,78,87,88,102,106,107,111,117,127,140,143,145,151,152,155,160,184,187,188,203,204,239,218,222,223,228,229,231,237,245,250,257,260,271,273,274,275,279,284,285,287,294,297,301,302,312,332,343,349,352,360,369,370,378,381,382,394,402,404
207:5,10,13,15,16,23,24,30,38,42,54,55,60,88,95,96,98,99,118,125,128,129,136,142,154,160,174,182,185,196,197,201,204,205,406,240,243,244,263,266,267,272,278,287,293,303,304,310,315,317,327,329,337,342,355,357,363,367,373,387,389,398,409
208:3,7,11,30,32,59,61,72,76,84,87,92,95,99,100,113,116,118,125,134,137,138,145,154,157,164,165,171,180,185,187,204,296,215,216,220,221,232,240,247,250,252,253,255,258,266,267,276,280,283,290,304,307,312,328,341,342,350,354,359,365,369,391,393,405
209:0,1,5,9,13,20,21,22,25,32,38,51,54,59,62,63,66,70,71,76,79,80,94,98,99,102,111,130,139,145,155,161,169,171,175,185,197,204,225,217,218,229,235,242,243,247,249,251,254,255,258,264,266,270,275,283,304,309,316,331,332,336,343,346,359,362,364,365,385,387,400
210:9,16,18,20,29,35,42,49,56,65,67,69,74,76,84,86,92,95,103,106,108,128,136,137,138,143,149,156,163,164,172,176,188,190,191,196,290,219,224,225,230,241,257,260,262,265,270,275,280,286,309,325,328,332,339,342,344,345,357,364,367,386,389,394,402,404,405
211:1,2,12,15,29,36,46,51,60,74,78,84,92,96,124,129,137,147,154,161,162,166,169,174,184,190,200,231,214,221,225,227,234,238,250,251,255,256,264,270,278,289,290,298,299,306,313,330,336,345,347,351,362,365,385,390,392,404,406,407
212:2,3,11,16,23,30,32,38,48,50,60,64,67,82,87,88,115,122,124,137,159,161,169,172,180,181,183,184,185,189,195,197,198,201,391,213,217,225,227,257,264,269,283,290,292,294,295,301,311,312,320,322,332,355,368,371,393,398,402
213:0,5,17,27,34,54,57,68,71,79,93,115,117,120,123,133,138,141,142,144,145,146,149,154,157,158,164,165,169,172,184,194,196,201,212,264,217,221,225,232,248,251,252,256,265,267,280,284,292,293,324,325,332,339,341,347,373,383,387,392
214:0,2,4,5,16,17,18,22,34,37,45,46,51,52,55,57,85,89,95,107,108,112,117,128,135,139,140,175,187,194,195,197,199,200,211,359,223,226,230,237,252,254,258,262,293,294,298,301,307,313,320,324,329,335,338,343,355,363,365,380,387,397,405
215:2,11,24,41,45,54,57,82,88,101,103,111,113,114,115,130,139,145,162,170,175,182,183,184,188,193,197,198,199,205,208,295,219,221,230,233,243,246,261,262,273,285,297,300,306,310,317,323,324,329,348,350,355,356,357,358,383,401,406
216:0,1,8,9,16,19,20,23,26,30,31,45,47,49,52,56,59,60,61,64,66,78,80,86,87,88,91,99,101,104,106,140,144,148,158,175,208,285,221,229,234,238,243,246,254,256,257,258,272,284,295,299,300,303,308,309,314,327,329,331,333,382,387,393,402,403,404,407,409
217:2,4,7,15,37,45,54,55,60,61,75,81,82,83,85,98,101,105,109,125,135,137,138,157,159,160,162,168,179,184,189,192,193,194,197,199,209,212,213,276,218,226,243,256,265,270,292,302,303,308,320,328,334,336,367,371,378,380,388,389,402,403,409
218:1,15,17,18,20,42,52,53,62,63,78,83,93,98,120,123,145,157,161,165,174,185,187,201,203,206,209,217,299,229,239,249,255,256,263,273,283,288,293,298,302,308,325,339,343,348,350,352,367,383,396,403,406
219:5,8,11,16,21,36,41,43,45,47,54,55,70,72,87,99,101,119,127,129,132,135,137,139,141,149,150,161,170,171,173,178,185,186,187,193,200,210,215,373,226,230,233,241,246,263,265,272,287,298,299,300,301,307,311,325,329,333,335,337,346,354,355,358,364,369,374,376,385,387
220:3,9,15,18,22,23,35,38,41,42,45,47,73,81,87,96,97,98,106,130,132,134,135,137,148,160,163,165,175,187,195,203,204,208,339,228,231,233,243,251,261,263,264,266,274,279,286,290,295,299,304,324,326,333,336,342,348,354,357,361,366,372,373,382,385,393,394,396,398,406,407,408
221:26,30,48,56,59,67,73,81,93,96,104,106,107,128,131,144,146,162,165,166,170,184,186,188,190,199,208,211,213,215,216,389,228,234,239,254,255,258,270,271,275,298,331,341,344,350,357,360,366,383,384,399,400,405,406
222:4,11,12,19,39,40,41,53,54,67,74,76,83,99,102,106,107,111,132,136,159,161,171,174,175,181,185,188,191,200,201,206,357,249,256,257,263,294,295,296,310,315,325,332,337,338,344,349,377,379,383,389,399,402,403
223:4,5,11,23,24,33,57,63,73,78,88,89,96,100,107,117,121,132,136,146,157,159,170,181,185,200,206,214,289,224,227,231,247,274,290,304,319,332,339,340,358,360,362,377,378,395,398,403,405,408,409
224:2,8,9,14,29,33,35,43,47,58,70,81,94,96,101,109,120,139,140,149,152,159,167,190,200,204,205,210,223,297,225,233,247,250,252,275,276,278,283,286,288,293,299,300,320,328,333,353,380,385,389,392,394,395,409
225:1,3,6,19,21,38,42,51,60,71,75,80,81,82,83,87,113,114,118,132,134,138,141,142,144,146,149,150,167,179,185,189,201,209,210,211,212,213,224,266,226,231,245,256,261,274,292,297,308,310,320,323,324,326,332,339,366,367,382,385,397,400,404
226:1,2,5,10,25,26,32,35,45,49,52,58,73,80,83,86,89,100,104,118,120,127,128,134,137,181,191,192,198,214,217,219,225,404,227,229,246,248,258,260,270,272,287,291,295,318,327,341,342,346,351,354,363,377,379,381,387,394,398,405
227:12,13,14,27,35,42,43,47,48,52,71,72,76,87,98,102,103,105,109,111,118,119,129,141,143,152,154,158,166,170,179,188,190,192,193,194,195,211,212,223,226,381,234,237,239,252,265,277,279,289,292,295,299,305,316,325,333,335,336,341,345,355,367,394,395,403,404
228:6,11,14,31,41,49,58,68,71,75,79,84,86,92,101,105,117,120,131,132,136,151,162,166,173,185,190,191,192,199,204,205,206,220,221,394,231,232,244,248,250,253,256,258,260,261,263,270,280,292,294,303,315,317,322,324,334,338,355,370,375,376,382,400,407
229:2,16,23,34,40,45,49,51,62,65,80,84,97,101,104,121,130,161,175,178,179,184,187,206,209,216,218,226,396,232,237,242,246,252,257,258,272,273,274,276,279,283,293,317,318,333,336,339,343,347,354,363,368,374,380,381,384,388,393,405,408
230:0,12,17,22,29,30,33,43,45,54,58,66,70,71,73,76,77,87,92,98,106,109,117,118,122,126,129,130,136,143,148,160,161,165,168,173,174,192,200,210,214,215,219,265,231,244,250,253,258,259,288,294,298,302,314,320,327,331,344,352,360,361,366,370,383,385,387,395,398,402
231:6,18,32,47,52,53,55,60,65,66,68,76,81,85,93,102,104,119,129,131,141,144,157,161,162,169,170,182,183,188,206,211,220,223,225,228,230,318,237,248,256,259,263,267,269,280,284,285,291,293,301,303,313,331,338,340,343,347,351,361,363,370,373,375,377,385,393,395,399,403
232:36,39,40,42,43,55,60,70,72,79,100,116,131,137,149,156,171,176,185,194,196,199,200,208,213,228,229,250,233,234,247,253,254,264,272,277,283,287,290,308,320,323,327,330,332,338,349,363,364,368,371,376,388,397,400
233:0,4,5,6,12,16,23,28,33,38,48,57,60,71,72,88,94,103,104,112,113,115,130,131,143,145,154,158,169,183,215,219,220,224,232,303,240,248,256,261,265,267,272,277,288,291,300,311,316,322,325,328,354,356,360,361,365,372,376,381,385,399,401,405,406
234:13,17,27,34,35,38,46,47,50,52,59,62,63,81,89,101,105,109,110,112,116,120,126,130,135,139,142,157,168,175,187,191,200,204,211,216,221,227,232,280,242,250,252,265,268,269,272,273,279,283,288,322,332,347,352,370,376,380,381,382,388,399,401,403
235:1,10,15,17,18,31,32,36,37,43,46,77,80,87,93,96,97,103,107,111,121,131,144,155,159,182,184,185,192,202,204,209,323,239,240,242,244,246,253,262,271,285,306,307,319,321,326,333,336,350,351,371,375,376,377,383,387,390,393,406,409
236:1,6,7,29,30,32,40,52,53,63,64,68,69,72,82,97,104,108,116,142,152,156,158,161,178,201,386,241,244,258,271,283,285,286,300,309,314,321,331,364,380,381,382,383,391,396
237:6,17,35,42,49,57,75,84,86,103,113,118,122,127,128,140,141,144,146,148,152,156,164,168,170,174,202,205,206,214,227,229,231,333,238,240,242,243,249,257,260,273,278,292,298,306,327,328,329,330,334,343,354,355,358,360,372,375,383,387,394,395,398,406,408
238:1,4,8,10,11,12,16,25,26,28,34,35,42,50,58,59,61,69,79,85,88,93,94,98,101,106,107,111,114,126,139,142,149,152,160,167,173,189,191,211,216,237,245,239,241,255,259,273,283,285,287,288,298,304,307,308,309,313,327,344,348,356,364,366,370,373,375,380,389,391,394,395,403,405,407,408
239:3,5,7,27,29,30,31,42,43,49,50,51,70,77,80,107,124,137,149,150,158,164,168,175,185,188,197,206,218,221,227,235,238,344,240,246,262,272,282,284,298,319,320,327,333,335,355,371,382,384,403,406
240:0,2,5,33,64,77,78,79,80,92,101,103,105,121,122,138,143,150,156,167,177,184,196,197,201,207,208,233,235,237,239,387,262,264,276,287,301,312,314,316,318,319,326,338,339,370,376,382,399,402
241:7,8,13,18,19,25,40,41,49,52,60,75,92,94,95,100,106,107,109,115,124,138,154,157,163,172,180,197,210,219,236,238,391,246,250,254,255,259,263,267,269,275,278,288,290,301,313,319,327,331,343,357,362,364,372,378,380,381,387
242:0,20,26,29,32,76,78,96,101,109,121,122,143,145,155,156,171,172,173,174,181,185,186,190,197,209,229,234,235,237,365,244,246,249,267,270,271,273,289,293,296,310,311,314,317,318,321,324,326,336,340,351,352,356,371,376,384,400,406,407
243:5,13,27,42,53,55,56,62,70,72,78,79,96,97,99,101,112,115,120,134,148,150,158,167,175,207,209,215,216,217,220,237,323,244,245,247,248,250,264,267,271,276,288,289,292,296,311,313,325,330,331,342,343,350,359,365,372,379,380,384,389,396,398,399
244:16,43,48,50,54,58,69,71,79,98,99,100,105,114,133,142,151,155,166,174,176,179,190,193,203,207,228,230,235,236,242,243,357,259,261,262,265,273,275,299,310,313,315,320,347,362,364,376,385,389,392,397,407,408
245:2,3,5,8,12,37,43,44,48,53,55,59,80,82,98,106,126,127,134,138,150,156,161,165,185,191,198,206,225,238,243,337,253,254,259,267,285,289,300,303,305,306,315,322,329,349,358,359,363,364,370,400,408
246:3,5,8,15,17,20,31,33,34,35,38,48,58,63,65,69,71,78,91,93,101,114,116,117,124,133,137,144,150,168,174,184,202,215,216,219,226,229,235,239,241,242,367,247,250,254,259,264,274,283,286,295,298,306,307,311,313,321,323,327,331,341,342,349,353,364,372,393,403
247:17,24,26,29,34,36,48,62,75,83,84,87,90,99,101,106,120,128,130,143,146,148,153,159,166,169,173,176,183,186,199,204,205,208,209,223,224,232,243,246,396,267,278,289,297,308,320,324,325,326,329,337,355,356,358,359,360,370,374,376
248:4,7,30,45,50,66,70,89,99,101,106,111,114,148,155,158,172,176,186,192,196,204,213,226,228,231,233,243,396,255,265,277,279,286,288,289,302,303,305,310,311,314,317,320,326,341,342,351,357,360,366,368,372,375,377,378,380,381,397,400,409
249:9,17,21,48,54,68,72,74,76,77,84,86,110,113,114,122,130,138,140,145,149,167,169,170,172,178,188,209,218,222,237,242,272,283,288,307,308,314,322,323,328,333,339,344,345,357,367,369,372,376,377,384,389,395,399
250:4,14,17,40,41,42,52,55,59,61,66,68,71,74,84,96,97,109,110,112,130,135,141,142,164,166,167,169,173,174,179,184,185,199,201,206,208,211,224,228,230,232,234,241,243,246,380,255,258,261,269,272,279,284,286,294,299,324,352,357,358,361,370,374,383,385,390,392,402,409
251:1,5,17,23,25,26,27,65,66,68,77,80,82,87,91,102,117,118,125,136,154,157,160,162,175,177,179,186,193,200,204,209,211,213,220,290,258,263,266,272,301,317,330,331,336,348,350,353,366,367,370,373,383,392,408,409
252:2,11,12,15,17,56,61,74,84,112,114,115,127,133,137,140,157,166,168,169,173,178,180,189,190,197,198,208,213,214,224,227,229,234,354,262,264,265,276,282,283,284,296,297,299,305,318,323,329,334,338,344,347,348,353,362,368,393,394
253:9,13,18,21,27,28,30,48,60,70,72,77,80,86,93,131,143,155,161,168,176,190,192,198,199,202,208,228,230,232,235,245,299,256,257,258,260,269,272,303,321,332,334,341,353,355,358,365,371,377,387,388,396,399,403,409
254:12,16,20,35,39,40,48,63,68,70,76,78,79,82,94,99,103,113,128,146,149,153,171,201,209,214,216,221,232,241,245,246,268,267,269,282,308,314,316,331,347,349,352,366,391,395,396,397,399,402
255:13,17,18,35,37,43,48,60,65,84,100,102,114,116,117,124,128,129,140,141,147,149,159,165,184,186,188,197,202,208,209,211,218,221,238,241,248,250,287,261,263,273,275,282,286,303,310,317,322,330,334,336,337,338,339,349,355,358,362,371,378,380,387,388
256:4,6,12,17,20,26,36,39,41,42,46,58,72,76,81,90,91,95,101,121,122,133,137,138,141,142,146,147,148,150,154,176,180,185,187,188,197,201,205,211,213,216,217,218,222,225,228,231,233,253,270,274,279,292,294,295,313,320,334,336,337,341,345,347,350,353,359,373,376,377,378,383,387,388,389,390,394
257:6,19,28,35,38,48,49,55,57,61,62,76,85,86,89,101,116,132,134,138,144,149,153,157,165,173,175,178,182,183,187,188,197,200,202,203,206,210,212,216,222,229,237,253,354,265,283,292,307,313,325,326,328,330,331,362,377
258:4,6,15,17,19,20,34,50,56,58,80,81,87,90,101,104,106,109,115,117,120,124,147,150,164,174,175,176,191,193,194,202,208,209,214,216,221,226,228,229,230,236,250,251,253,405,259,266,275,286,287,289,300,311,316,318,334,360,369,377,378,385,387,392,395,398,402,403,404
259:0,2,12,16,20,22,35,49,52,55,62,63,84,88,89,93,94,104,108,109,121,134,158,170,191,192,230,231,238,241,244,245,246,258,389,267,287,291,319,321,329,331,334,339,346,356,357,363,367,371,373,378,390,399,406
260:10,15,16,17,19,31,42,48,50,59,60,74,75,98,104,113,120,126,128,131,132,140,146,153,166,190,206,210,226,228,237,253,329,262,287,292,304,323,331,332,338,359,364,376,393,395,397,409
261:7,8,12,15,29,34,37,39,47,51,58,69,71,73,75,76,79,93,97,98,113,114,116,126,129,139,162,167,184,197,215,220,225,228,233,244,250,255,289,264,271,273,283,284,285,291,322,324,329,332,341,342,348,354,357,364,369,373,378,384,386,389,395,399,407
262:7,9,14,18,19,23,24,34,44,52,54,56,68,83,86,88,110,114,116,118,125,131,132,136,138,142,144,151,193,201,202,210,214,215,235,239,240,244,252,260,350,264,268,271,276,278,283,286,291,295,299,304,320,343,348,355,363,366,390,395,399,407,408
263:8,46,55,73,97,107,111,113,125,139,148,154,156,173,175,185,191,197,203,207,218,219,220,222,228,231,241,251,255,352,267,270,279,283,289,301,303,316,320,329,342,355,381,383,387,392,394,395,400
264:1,15,17,20,38,40,47,54,59,64,66,83,109,118,129,145,150,154,155,158,159,174,178,195,200,205,209,211,212,213,220,232,240,243,246,252,261,262,381,275,276,282,284,286,290,293,302,303,309,312,320,321,327,329,351,369,370,372,374,375,376,387,390,405,406
265:6,10,13,16,17,33,34,36,47,57,62,67,71,75,77,78,82,85,88,89,103,105,110,112,118,121,130,132,133,140,152,155,166,171,190,191,195,196,198,210,213,217,219,227,230,233,234,244,248,252,257,309,274,283,286,313,324,326,341,349,351,352,354,358,363,371,383,387,397,403
266:1,5,22,32,33,38,39,62,66,67,97,98,100,106,122,124,130,144,145,154,174,176,197,199,205,207,208,209,220,225,251,258,296,275,280,286,289,300,301,303,306,314,317,318,319,325,330,331,336,343,345,350,357,363,368,376,386,390,395,397,399,400,402,405
267:0,12,38,41,48,70,83,105,106,112,125,132,139,145,147,157,170,180,186,203,205,207,208,213,231,233,241,242,243,245,247,254,259,263,283,271,276,284,307,311,313,322,347,352,361,370,383,391,395,402,406
268:3,8,11,21,27,28,30,32,33,34,47,48,52,70,77,80,89,92,97,115,129,145,146,157,162,171,173,177,178,179,182,183,184,192,201,205,234,254,262,383,278,289,293,295,304,325,326,331,334,335,350,355,358,360,362,385,386,392,394,395,398,399,402,406,407
269:4,5,10,13,16,26,33,35,39,44,47,50,51,53,59,60,62,67,74,80,86,88,90,92,94,98,101,103,104,107,109,110,117,120,122,123,128,165,168,171,179,180,198,203,212,231,234,241,250,253,254,332,283,287,295,308,321,334,338,345,360,366,372,375,385,387,393
270:0,2,3,14,27,31,32,43,44,56,72,113,126,131,133,134,139,141,161,169,174,176,178,181,184,188,189,209,210,211,217,221,226,228,242,256,263,406,275,280,284,285,288,290,296,302,307,310,314,319,331,344,346,369,371,376,380,382,388,394,397,408,409
271:1,9,15,16,24,46,65,66,67,69,87,99,102,108,120,133,136,145,146,151,154,162,163,165,178,190,193,196,199,206,221,235,236,242,243,261,262,267,282,274,287,289,293,300,303,306,322,332,335,341,368,376,378,389,392,394,400,403,405
272:2,7,9,12,13,14,15,22,30,45,50,52,73,98,99,107,115,118,123,144,159,165,176,179,181,182,193,198,204,207,216,219,226,229,232,233,234,239,249,250,251,253,370,288,293,299,315,320,328,342,356,358,361,372,376,377,383,389,392,397,400
273:1,2,3,5,10,11,14,15,21,26,27,30,31,42,46,52,58,65,73,76,82,89,96,99,101,108,115,120,125,128,130,139,145,146,148,159,160,168,171,175,186,200,203,206,215,218,229,234,237,238,242,244,255,261,339,284,287,290,291,293,313,314,323,348,354,356,357,358,382,385,402,404,409
274:0,4,20,25,30,31,34,36,37,41,47,50,52,73,78,87,93,106,116,119,127,132,137,140,149,150,162,168,175,179,182,184,188,190,204,206,220,223,225,229,246,256,265,271,387,289,295,296,300,304,306,314,318,320,325,364,373,377,388,389,398,399,405
275:27,32,43,45,47,49,54,59,62,67,75,76,78,80,84,87,89,91,93,95,105,108,110,120,122,124,130,135,137,139,141,159,170,171,177,187,193,199,203,205,206,209,210,221,224,241,244,255,258,264,266,270,376,282,286,304,305,314,323,332,336,340,343,345,346,349,350,352,359,369,372,373,379,381,391,393,400,405
276:4,13,18,19,20,23,33,38,55,60,64,66,68,84,87,91,98,112,114,130,134,138,148,149,152,158,160,188,191,192,195,196,199,200,203,208,217,224,229,240,243,252,262,264,267,345,281,290,292,297,308,310,312,314,317,319,322,327,328,330,335,339,340,342,346,355,362,363,379,387,388,391,402
277:3,13,15,18,20,27,29,38,48,53,68,72,83,86,88,91,97,101,104,109,110,127,142,146,151,155,161,164,168,172,175,181,184,187,199,227,232,233,248,352,285,307,318,334,337,348,350,362,373,379,383
278:5,11,37,39,46,47,57,62,72,73,75,77,89,91,92,95,108,123,125,136,140,145,154,155,156,159,170,172,176,179,183,184,185,191,192,195,201,202,204,207,211,224,237,241,247,262,268,356,284,296,297,307,324,327,335,336,350,359,365,372,373,383,391,395,399,401,406
279:2,10,20,30,31,40,41,49,52,70,71,75,81,83,110,131,136,147,152,154,161,184,193,195,200,201,205,206,220,227,229,234,248,250,256,263,379,282,288,292,293,295,336,340,349,360,364,371,381,395,396,407
280:5,6,7,20,24,26,39,57,87,89,92,93,99,102,108,113,117,119,129,131,143,173,175,190,194,204,208,210,213,228,231,234,266,270,368,293,296,301,313,338,340,341,342,367,372,378,384,387,390,396,400,405
281:5,16,18,21,25,60,80,81,84,85,99,101,113,121,122,125,126,132,152,158,160,163,171,188,192,194,195,202,205,276,298,289,295,301,303,309,310,311,315,322,333,350,361,365,368,369,370,372,377,379,380,383,400
282:3,5,7,13,31,36,38,60,61,73,77,89,98,102,106,117,120,124,129,133,143,144,146,147,148,153,160,161,169,177,184,186,188,192,239,252,254,255,264,271,275,279,358,292,293,295,297,302,303,304,325,326,336,344,345,348,359,362,363,369,379,383,393,396,403,408
283:3,10,18,25,32,35,36,39,45,54,65,75,77,79,80,108,111,128,136,142,144,169,183,186,190,196,198,199,204,208,209,212,218,224,229,232,234,236,238,246,249,252,257,261,262,263,265,267,269,333,288,296,309,313,315,324,331,354,356,358,368,387,395,397,400,406
284:6,9,10,24,38,44,51,54,55,60,67,69,70,73,75,96,104,108,115,118,119,125,140,149,152,163,164,172,181,191,194,196,198,199,206,213,216,231,239,250,252,261,264,267,270,273,278,361,285,286,287,290,306,308,313,322,326,327,330,344,351,352,355,375,376,385,390,393,399
285:1,8,14,16,19,20,37,43,50,56,63,72,78,98,99,113,124,127,148,151,152,153,154,156,163,178,187,195,206,215,216,231,235,236,238,245,261,270,277,284,300,310,326,333,336,337,338,340,350,357,359,366,385,390,400,403,408
286:7,17,35,40,41,43,49,58,66,83,100,102,104,109,124,127,135,138,157,171,179,182,188,193,200,202,210,220,224,236,246,248,250,255,258,262,264,265,266,275,284,373,313,324,325,328,332,336,338,342,346,351,359,367,391,393,398,401,407
287:9,11,13,17,22,23,31,32,38,41,56,58,62,65,71,75,78,89,92,102,115,140,142,154,155,157,159,162,164,166,189,197,198,201,203,206,207,219,226,232,238,240,255,258,259,260,269,271,273,284,338,296,302,319,326,327,328,335,346,350,378,388,395,398,401,402,408
288:1,10,13,16,20,23,26,40,43,61,64,66,69,71,73,77,82,90,96,98,102,107,116,117,120,124,130,131,132,133,134,136,140,141,142,152,154,162,166,171,172,175,191,196,197,218,224,230,233,234,238,241,243,248,249,270,272,279,283,315,294,299,308,309,317,324,328,334,352,367,380,389,395,396
289:6,15,16,17,22,32,36,40,52,55,57,65,66,71,74,76,80,85,90,94,98,101,104,105,106,134,145,152,174,181,193,203,205,211,223,227,242,243,245,247,248,258,261,263,266,268,271,274,281,357,290,295,297,302,322,352,363,364,370,373,374,384,385,395,396,400,406
290:12,24,28,29,35,37,38,43,66,72,81,86,99,104,108,120,124,126,128,129,133,136,144,146,159,169,170,175,178,208,210,211,212,220,223,232,241,251,264,270,273,276,284,289,375,294,308,310,312,313,328,331,332,345,355,359,372,386,387,388,392,395,397,400,404,409
291:2,3,4,7,15,22,24,29,31,33,38,40,47,50,54,61,81,87,88,95,98,104,114,116,135,137,148,163,166,172,177,181,193,197,203,226,231,233,259,261,262,273,409,293,328,329,340,343,357,358,360,361,362,370,378,406,407,408
292:3,25,42,47,49,52,58,59,64,66,73,76,82,87,102,106,109,115,118,131,135,140,145,147,148,160,162,177,204,212,213,217,225,227,228,237,243,256,257,260,276,279,282,405,293,308,328,333,340,341,353,359,369,377,380,387,394,395,399,403,404,408
293:3,11,20,23,24,31,32,38,45,47,56,63,67,76,86,101,107,117,120,124,126,135,158,166,170,191,194,207,213,214,218,224,229,231,242,264,268,271,272,273,279,280,282,291,292,368,297,299,309,312,321,329,331,333,340,341,344,346,361,373,389,392,398,406
294:0,36,46,62,67,96,111,112,133,134,137,138,144,155,159,161,163,166,176,180,182,192,205,206,212,214,222,228,230,250,256,288,290,347,297,304,309,317,333,334,338,340,346,348,350,370,375,376,387,389,401,405
295:4,25,56,59,63,85,86,88,91,104,105,106,111,120,122,130,139,146,147,152,168,178,200,212,215,216,220,222,226,227,246,256,262,268,269,274,279,281,282,289,381,297,299,311,312,318,320,326,328,332,334,336,342,343,378,390,396,398,400
296:9,14,17,23,30,43,53,54,56,57,69,70,86,106,111,123,128,129,131,164,170,182,193,199,208,222,242,243,252,266,270,274,278,280,283,287,396,311,314,318,322,324,327,329,331,335,350,351,355,360,363,379,393
297:4,23,39,40,43,49,59,62,66,69,70,75,109,112,113,122,123,124,125,129,131,138,149,155,156,160,183,191,195,198,203,206,215,224,225,247,252,276,278,282,289,293,294,295,327,303,304,306,313,321,325,329,334,341,352,357,359,372,391,396
298:1,2,3,13,16,25,36,37,52,71,73,77,82,86,95,102,107,110,118,136,139,148,159,163,169,177,178,183,184,186,211,214,218,219,221,230,237,238,239,246,281,326,301,303,315,316,319,320,328,336,347,351,352,354,360,362,365,373,374,376,377,378,391
299:0,9,13,16,23,30,32,35,49,58,61,64,65,74,75,81,85,88,94,104,108,109,111,112,115,142,144,148,150,170,174,177,179,185,186,189,191,195,202,211,216,218,219,220,224,227,244,250,252,253,262,272,288,293,295,347,319,327,328,333,336,352,355,358,360,375,376,384,398,400,404
300:50,59,62,70,85,86,96,105,106,108,129,137,141,144,145,146,149,150,156,158,166,168,171,182,200,215,216,219,224,233,236,245,258,266,271,274,285,397,309,314,319,331,332,334,335,343,346,347,359,368,373,378,379,381,382,383,384,386,387,389,392,395,396
301:0,26,35,61,65,73,79,89,100,116,118,119,155,166,167,181,189,206,212,214,219,231,240,241,251,263,266,280,281,298,390,305,312,316,317,318,334,350,352,362,372,376,379,380,382,398,404
302:2,30,38,41,52,53,56,73,88,90,101,103,105,106,121,123,128,143,149,168,174,186,197,206,217,218,230,248,264,270,282,287,289,318,312,317,321,339,343,346,362,370,386,388,391,392,401,404
303:6,10,11,14,17,20,21,26,33,39,45,47,48,52,67,89,94,96,99,111,113,119,125,126,135,138,141,148,155,158,160,162,167,180,186,189,203,207,216,217,228,231,233,245,248,253,255,263,264,266,271,281,282,297,298,397,307,309,311,321,322,326,331,353,355,364,378,380,381,383,389,403,406
304:4,5,13,14,18,31,35,49,59,60,61,67,82,109,111,115,125,165,172,173,207,208,209,220,223,238,260,262,268,274,275,282,294,297,344,307,325,328,340,357,363,365,367,368,375,380,391,396,401,405
305:9,14,15,20,41,46,85,87,97,107,108,116,124,125,134,137,160,161,164,171,181,189,193,197,201,227,245,248,252,275,301,371,313,329,359,370,377,393,394,397,404,408
306:1,4,12,18,31,36,37,39,44,50,63,64,67,75,103,116,121,122,125,127,130,149,152,153,160,164,170,174,181,188,196,204,211,215,235,237,245,246,266,271,274,284,297,340,317,318,331,332,347,350,353,357,369,371,383,393,396,398,400
307:2,11,15,17,21,22,23,25,32,34,36,40,46,50,51,52,58,63,70,74,79,84,86,88,90,97,98,100,102,104,105,107,108,118,125,131,134,141,166,170,171,177,178,179,185,187,190,194,199,208,214,219,235,238,246,249,257,267,270,277,278,303,304,397,312,328,330,335,344,348,349,352,354,358,359,366,368,372,404,406,407
308:5,6,8,12,15,18,24,36,48,60,61,63,64,91,100,101,104,107,121,122,131,136,138,141,143,151,161,165,171,174,190,199,203,216,217,218,225,232,238,247,249,254,269,276,284,288,290,292,375,319,336,343,346,347,365,377,379,382,384,386,396,398,408
309:9,24,30,35,41,44,45,53,59,74,88,91,108,113,119,122,126,133,135,140,145,149,153,165,173,179,186,188,198,209,210,216,236,238,264,265,281,283,288,293,294,300,303,325,313,322,324,337,342,355,361,380,381,389,405
310:5,13,30,35,47,55,57,59,60,80,84,92,93,95,99,102,103,111,112,114,124,125,127,133,140,143,150,154,157,163,165,187,190,191,202,207,215,222,225,242,244,248,255,270,276,281,285,290,369,326,331,343,345,348,349,354,360,366,374,376,378,386,387,397,404
311:3,4,5,12,13,33,38,48,52,58,64,77,83,85,86,90,96,106,116,118,119,121,127,135,139,144,152,153,164,174,192,193,194,196,201,204,212,219,233,242,243,246,248,258,267,281,295,296,303,339,312,325,327,328,333,337,341,351,353,359,360,361,373,374,375,378
312:10,14,37,46,50,57,58,73,76,85,102,105,127,128,131,132,140,149,159,175,178,179,182,186,190,198,200,203,206,208,212,240,264,276,290,293,295,301,302,307,311,333,315,324,327,329,336,342,350,360,373,379,381,393
313:6,9,11,18,41,44,48,50,51,65,66,71,72,77,78,87,95,96,97,102,103,111,114,124,139,145,153,161,171,178,180,181,190,191,194,196,199,200,205,211,214,231,238,241,243,244,246,256,257,265,267,273,280,283,284,286,290,297,305,309,321,317,338,346,355,381,383,387,398,399,400,409
314:13,14,17,23,25,26,51,68,69,72,80,82,85,95,109,110,128,130,134,135,148,151,154,155,165,166,170,184,187,192,197,205,216,230,236,240,242,248,249,254,266,270,273,274,275,276,296,300,328,315,317,320,325,335,338,340,341,359,361,364,374,382,384,388,390,393,400
315:11,15,17,23,27,32,41,48,54,58,72,82,91,99,108,111,115,116,125,128,132,138,141,159,163,168,172,174,183,188,195,207,222,228,244,245,272,281,283,288,298,312,314,409,334,335,336,360,375,376,383,391
316:26,30,33,34,40,48,49,50,61,72,84,93,99,109,120,126,157,169,173,179,182,183,188,192,209,227,233,240,254,258,263,298,301,338,318,319,337,339,343,346,367,388,389
317:0,1,3,13,46,47,48,51,67,77,84,85,99,106,108,114,124,127,132,138,152,153,167,175,190,207,215,228,229,242,248,251,255,266,276,288,294,301,302,306,313,314,366,329,333,336,339,341,343,353,359,360,363,374,375,377,379,380,390,391,406
318:37,44,48,50,51,55,57,60,61,64,66,69,73,88,98,101,102,103,110,120,122,138,142,143,147,153,155,158,159,183,186,188,189,201,204,226,229,231,240,242,252,258,266,274,277,295,296,301,302,306,316,343,323,326,342,349,356,364,375,377,380,383,394,398,405,407,408,409
319:3,6,11,16,25,26,30,34,35,42,46,55,59,72,74,75,78,83,90,94,95,99,104,111,115,129,140,147,150,158,161,171,195,203,223,235,239,240,241,259,266,270,276,287,298,299,300,308,316,342,323,330,333,346,350,351,359,362,366,373,381,382,383,385,403,404
320:2,7,8,18,21,31,37,39,50,55,61,69,72,81,91,100,104,108,113,125,135,144,146,149,152,165,178,182,190,194,197,212,214,217,224,225,230,232,239,244,247,248,256,262,263,264,272,274,295,298,314,377,322,323,329,347,351,362,366,383,384,389,395,400,402
321:6,21,24,32,40,48,50,68,70,88,100,105,106,115,116,122,133,135,139,144,147,158,173,180,181,182,193,197,235,236,242,246,253,259,264,269,293,297,302,303,313,328,331,332,334,335,338,342,343,354,355,364,368,371,374,376,380,385,393,396,405
322:4,7,10,17,27,32,37,39,55,58,64,65,81,83,87,94,102,109,114,117,127,128,134,146,153,160,165,168,182,188,193,203,212,228,233,234,245,249,255,261,267,271,276,281,284,289,296,303,309,320,409,333,337,344,349,355,357,364,365,366,379,385,399,407
323:3,5,6,7,12,14,17,20,23,27,37,42,43,54,58,60,74,76,83,85,92,119,129,150,154,155,157,165,170,171,174,178,180,187,189,215,225,232,235,243,246,249,252,260,273,275,318,319,320,338,325,331,336,354,355,364,378,379,386,391,401,406
324:6,16,20,30,36,54,83,92,96,101,106,118,123,128,129,152,163,167,168,169,178,190,192,200,213,214,215,220,225,228,242,247,250,261,265,278,283,286,288,296,309,312,331,329,335,341,351,356,358,361,365,377,379,384,392,393,408
325:10,19,20,27,28,53,55,60,79,80,84,86,99,111,114,124,127,128,135,137,138,139,152,159,161,171,173,178,182,185,186,198,201,210,213,218,219,222,227,233,243,247,257,266,268,274,282,286,297,304,309,311,314,323,403,330,341,345,359,368,373,384,406
326:12,14,17,20,26,27,28,34,43,44,57,59,61,64,67,84,87,98,99,100,102,106,111,118,122,123,137,145,153,173,184,187,198,203,205,220,225,235,240,242,247,248,257,265,268,282,284,285,287,295,298,303,310,318,346,332,333,335,338,349,362,367,368,383,386,387,399,401,402,406,408
327:8,18,20,21,33,42,44,48,52,55,61,71,72,78,83,89,91,98,104,107,111,131,137,144,148,150,151,160,161,177,185,190,193,202,207,216,226,230,232,237,238,239,241,246,264,276,278,284,287,296,297,299,311,312,333,328,335,336,339,342,343,347,357,364,365,367,379,395,399
328:13,22,26,33,36,47,55,61,64,70,76,81,82,103,107,109,120,121,125,134,139,149,152,157,169,177,182,184,185,199,208,210,217,224,233,237,249,257,272,276,286,287,288,290,291,292,295,298,299,304,307,311,314,321,327,382,338,340,342,345,347,356,358,362,363,368,371,381,383,389,390,391,392,403,407
329:6,8,25,37,51,58,61,74,80,86,98,104,108,109,138,139,144,147,148,165,166,171,177,178,182,186,199,201,207,214,215,216,219,237,245,247,252,259,260,261,263,264,291,293,296,297,305,312,317,320,324,336,340,346,347,348,356,358,360,361,364,375,377,379,380,390,392,404
330:0,8,14,20,21,22,23,24,30,33,47,53,59,63,74,95,99,101,110,117,120,123,133,136,148,157,166,170,185,200,211,232,237,243,251,255,257,266,276,284,307,319,325,392,333,345,348,358,360,362,364,372,383,405
331:4,10,21,29,30,37,49,53,55,77,107,114,115,121,122,144,148,149,154,168,176,184,189,190,197,209,216,221,230,231,236,241,243,246,251,254,257,259,260,266,268,270,283,290,293,296,300,303,306,310,321,323,324,370,336,337,344,353,354,360,385,391,399,401,402,404,405
332:2,5,15,16,24,48,55,61,85,87,89,95,98,100,102,107,109,117,119,122,128,138,141,144,146,148,160,176,183,185,187,190,191,201,206,209,210,212,213,222,223,225,232,234,253,260,261,269,271,275,286,290,295,300,306,321,326,346,340,341,347,351,365,378,380,382,390,392,399,407,408,409
333:0,16,20,23,24,25,30,32,51,59,62,63,69,71,75,77,84,88,105,111,137,139,145,147,149,154,163,166,170,174,182,184,199,216,219,220,224,227,229,235,237,239,249,281,283,285,292,293,294,299,311,312,317,319,322,326,327,330,398,338,344,346,350,364,368,376,386,388,402,404,408,409
334:0,20,27,29,36,48,50,73,82,84,86,93,96,98,110,115,122,123,128,129,140,152,154,171,183,201,203,217,228,237,252,253,255,256,258,259,268,269,277,288,294,295,297,300,301,315,321,391,337,340,344,349,352,356,357,358,361,364,373,390,392,393,395,400,402,407
335:0,6,9,11,19,23,36,39,46,61,72,79,80,83,92,95,109,112,116,121,138,142,147,151,156,160,167,173,184,214,219,227,239,268,271,276,278,287,296,300,307,314,315,321,324,326,327,345,338,358,364,376,382,390,395,405,407
336:15,30,47,88,91,96,103,104,114,116,122,125,141,173,176,177,187,195,199,205,209,211,217,220,227,229,235,242,251,255,256,266,275,278,279,282,285,286,295,298,299,308,312,315,317,323,327,329,331,406,346,350,353,356,363,364,383,386,389,404
337:5,20,25,35,38,40,42,48,65,87,93,103,114,119,127,133,144,145,158,159,162,181,183,187,197,200,202,207,219,222,245,247,255,256,277,285,309,311,316,322,331,334,407,342,349,350,361,370,380,386,387,390,399,402
338:5,13,25,34,35,48,51,52,60,73,92,96,101,104,106,114,118,119,121,129,140,142,146,151,154,165,166,175,179,194,204,205,214,222,228,231,232,240,252,255,260,269,280,285,286,287,294,313,314,316,321,323,326,328,333,335,356,344,346,366,373,380,396,403
339:3,5,7,16,19,21,25,29,38,48,58,59,67,82,93,98,99,101,103,104,117,123,143,144,159,160,166,169,175,177,185,187,191,194,204,210,213,218,220,223,225,229,240,249,255,259,273,276,302,311,316,317,327,383,346,353,360,362,369,371,375,378,387
340:14,38,40,47,62,66,72,79,85,99,100,109,110,149,161,177,184,191,203,223,231,242,275,276,279,280,285,291,292,293,294,304,306,314,328,329,332,334,392,343,346,353,357,369,370,373,374,384
341:3,7,11,24,31,46,47,49,52,55,59,62,69,70,71,78,84,85,101,107,111,112,136,138,148,149,166,170,178,179,185,190,191,202,205,208,213,221,226,227,246,248,253,256,261,265,271,280,292,293,297,311,314,317,324,325,332,401,355,371,383,390,400,407
342:2,5,6,9,27,33,39,40,50,56,59,60,73,77,79,82,85,95,101,102,106,116,117,120,132,138,144,146,149,152,158,159,180,182,191,193,194,207,208,210,220,226,243,246,248,261,263,272,276,280,286,295,309,312,318,319,321,327,328,337,364,344,345,346,354,355,374,377,382,384,404
343:12,14,19,24,28,31,37,48,51,53,57,63,67,75,78,87,112,118,126,129,133,134,135,141,145,173,174,175,180,182,184,192,196,202,206,209,214,218,229,231,237,241,243,262,266,275,291,295,300,302,308,310,316,317,318,321,327,340,362,360,366,393
344:1,5,9,16,26,27,29,32,37,39,77,86,93,94,140,145,147,157,160,164,181,200,202,210,221,222,230,238,239,249,252,270,282,284,293,304,307,322,331,333,334,338,342,401,347,353,372,376,394,407,409
345:13,15,22,42,48,49,63,68,73,76,81,90,92,98,108,109,122,126,132,134,135,144,146,150,157,159,163,165,166,173,177,181,200,210,211,227,249,256,266,269,275,276,282,290,310,325,328,330,335,342,361,349,351,352,357,358,360,364,371,383,389,394,399,400,408
346:3,18,26,33,40,45,57,74,85,88,105,114,134,137,139,145,156,165,168,180,183,193,199,200,202,209,219,226,259,270,275,276,286,287,293,294,300,302,308,313,316,319,326,329,332,333,336,338,339,340,342,372,347,349,354,362,366,379,394
347:15,16,19,23,26,31,39,41,43,47,48,65,67,71,73,77,81,83,85,101,102,143,147,151,152,158,161,168,183,190,191,196,197,211,213,229,231,234,244,252,254,256,267,294,298,299,300,306,308,320,327,328,329,332,344,346,384,351,357,359,362,365,371,379,380,390,398
348:2,12,14,19,24,28,29,37,39,40,41,55,63,67,69,72,74,85,94,96,97,111,119,132,133,142,147,152,154,156,173,177,178,189,198,204,215,218,220,238,251,252,261,262,273,277,282,294,307,310,329,330,396,354,358,361,368,373,375,388,398,399,404,409
349:3,4,22,24,26,33,34,68,75,79,114,118,120,129,133,138,146,147,150,156,158,159,170,174,181,183,187,192,206,222,232,245,246,254,255,265,275,279,307,310,318,322,326,334,337,345,346,388,361,365,372,375,385,391,396,408
350:4,7,14,30,32,39,51,58,60,61,63,65,84,98,103,112,120,122,129,145,154,155,165,169,186,187,193,199,205,208,215,218,221,235,243,251,256,262,266,268,275,277,278,281,285,287,294,296,301,306,312,319,333,336,337,392,356,360,361,368,371,372,383,387,399
351:1,7,9,12,14,34,61,73,76,77,78,82,92,93,94,97,100,101,103,105,111,117,118,133,136,150,157,163,166,184,192,193,197,199,203,211,226,231,235,242,248,264,265,284,286,296,298,311,319,320,324,332,345,347,355,360,367,380,398,402,403,405
352:1,7,20,25,27,30,34,36,39,47,53,57,60,66,79,107,108,127,133,141,144,146,152,159,160,166,180,183,185,187,188,193,196,200,204,206,218,230,234,242,250,254,263,265,267,275,277,284,288,289,297,298,299,301,307,334,345,409,365,373,374,375,381,391,392,397,403
353:2,7,10,11,12,14,16,19,22,31,43,54,65,67,73,78,79,81,94,97,105,107,109,124,125,127,130,136,145,146,149,154,157,160,167,168,171,172,186,189,190,192,195,197,203,224,246,251,252,253,256,292,303,306,311,317,331,336,339,340,344,380,358,363,365,367,373,376,377,379,397,401
354:1,25,34,43,46,52,55,58,61,69,70,83,86,92,98,106,107,114,115,125,130,136,137,139,147,151,153,154,155,157,160,180,182,184,188,189,194,195,196,208,219,220,226,229,233,237,252,257,261,265,273,283,298,307,310,321,323,331,342,346,348,386,357,374,394,398,402,406,409
355:4,14,17,29,32,39,50,52,56,63,69,70,75,104,117,127,153,159,174,193,198,207,212,214,215,219,227,228,237,239,247,253,255,262,263,268,276,284,290,296,299,303,309,313,321,322,323,341,342,351,409,356,367,381,383,389,390,404,408
356:0,1,2,11,23,27,30,40,41,47,51,57,64,71,77,78,80,81,88,109,118,129,148,150,154,155,156,170,174,178,181,187,192,194,197,204,215,233,238,242,247,259,272,273,278,283,318,324,328,329,334,336,338,350,355,403,358,363,369,372,373,387,400,405,407
357:6,12,15,17,22,29,35,37,38,49,62,66,79,102,114,117,123,134,142,144,147,149,155,160,164,168,174,177,183,207,210,215,220,221,222,241,244,248,249,250,259,261,266,273,285,289,291,297,304,306,322,327,334,340,345,347,354,397,362,382,383,391,392,402,406,409
358:2,5,9,38,39,45,54,58,60,64,72,76,77,82,86,89,90,107,108,111,114,129,150,154,165,184,194,195,201,202,215,219,223,237,245,247,250,253,255,265,268,272,273,282,283,291,299,307,324,328,329,330,334,335,345,348,353,356,372,366,370,388,389,393,403,407
359:3,7,12,16,17,32,33,36,45,49,56,68,84,90,96,108,116,117,130,132,139,143,144,148,149,152,166,168,171,174,178,180,184,199,208,209,214,243,245,247,256,260,275,278,282,285,286,290,292,297,300,305,307,311,314,317,319,325,347,368,361,363,365,369,371,375,378,386,395,397,402,407
360:0,2,15,19,24,32,45,62,68,83,93,99,102,104,117,134,144,148,151,160,161,177,197,198,204,206,221,223,230,233,237,247,248,258,268,269,279,291,296,298,299,310,311,312,315,317,329,330,331,339,343,345,350,351,373,361,399,405,407
361:3,18,36,38,51,57,60,71,75,79,100,103,107,122,125,126,150,153,179,203,220,230,231,233,250,267,272,281,284,291,293,309,311,314,324,329,334,337,345,348,349,350,359,360,366,362,372,381,384,386,388,393,394,400
362:10,14,15,18,19,29,36,41,51,55,78,81,87,95,96,100,103,105,106,109,127,152,153,156,159,161,173,182,197,200,202,209,211,223,241,244,252,255,257,268,276,277,282,291,298,301,302,319,320,326,328,330,339,343,346,347,357,361,398,368,370,405,408,409
363:0,1,16,17,25,54,56,59,80,81,110,111,115,117,119,121,124,137,142,152,158,162,163,170,179,191,201,207,214,226,229,231,232,245,259,262,265,266,276,282,289,296,304,317,328,336,353,356,359,384,366,370,372,375,376,377,380,383,385,387,390,408,409
364:16,18,23,26,31,44,47,57,73,84,87,88,93,97,98,99,103,104,106,112,114,124,132,153,157,159,164,166,167,176,177,180,185,188,200,201,209,210,219,232,236,238,241,244,245,246,260,261,274,279,289,303,314,318,321,322,323,327,329,330,333,334,335,336,342,345,379,378,393,398,407
365:8,15,17,20,36,37,40,52,59,69,79,87,94,110,113,122,123,125,126,128,133,136,137,152,163,180,189,192,195,201,208,209,211,214,233,242,243,253,278,281,298,304,308,322,324,327,332,347,349,352,353,359,397,368,369,373,382,394,402
366:4,11,14,19,27,30,34,46,49,53,59,79,85,87,88,91,92,112,134,144,149,151,163,168,181,202,204,220,221,225,230,238,248,251,254,262,269,285,307,310,317,319,320,322,338,343,346,358,361,363,403,367,369,375,379,398,399
367:16,21,22,26,30,32,33,34,54,59,63,67,74,80,84,94,102,108,109,111,117,119,125,142,143,146,148,150,165,168,178,184,201,202,207,210,217,218,225,227,246,249,251,259,280,286,288,304,316,326,327,351,353,355,366,387,369,373,379,382,388,389,390,395,398,401,407
368:6,9,36,57,59,65,66,68,86,121,122,128,132,134,141,150,153,167,171,176,177,193,212,229,232,248,252,266,271,280,281,283,293,300,304,307,321,325,326,328,333,348,350,359,362,365,396,404,405
369:7,16,20,21,23,28,31,36,41,43,44,45,47,68,74,75,90,96,98,119,120,124,125,157,165,169,181,182,194,204,205,206,208,219,249,258,261,264,270,275,281,282,292,306,310,339,340,356,359,365,366,367,386,376,382,383,392,395,401
370:3,5,7,12,25,26,28,32,46,54,73,81,89,101,107,112,116,118,128,145,158,162,169,177,179,190,194,206,228,230,231,234,238,240,245,247,250,251,264,267,272,281,289,291,294,302,305,331,337,340,358,362,363,406,372,374,376,386
371:0,6,7,24,41,46,47,50,57,61,78,91,98,99,100,101,111,115,126,145,153,160,167,168,185,188,189,200,202,212,217,232,235,239,242,253,255,259,265,270,279,305,306,321,328,339,341,345,347,350,359,383,374,388,389,390,405
372:2,15,16,28,39,41,48,56,70,75,80,91,98,103,109,130,142,145,157,165,173,177,178,183,195,196,198,199,220,233,237,241,243,246,248,249,264,269,272,275,278,280,281,290,297,301,307,330,344,346,349,350,356,358,361,363,370,394,374,377,382,383,398,401
373:1,9,14,20,22,49,55,64,71,74,84,92,102,110,122,133,151,153,173,174,183,194,196,197,198,200,202,207,213,219,220,231,238,251,256,259,261,274,275,277,278,286,289,293,298,300,311,312,319,325,334,338,340,348,352,353,356,360,365,367,397,381,384,390,400,409
374:2,7,18,19,20,25,26,27,34,45,50,53,54,55,63,73,99,104,105,110,117,125,150,155,161,162,166,167,168,180,181,182,196,201,202,219,229,247,250,264,289,298,310,311,314,317,321,340,342,352,354,370,371,372,406,405
375:12,15,20,29,35,42,59,66,75,78,88,106,107,111,117,124,128,129,135,136,138,140,141,142,158,178,182,187,188,194,201,228,231,235,237,238,248,264,269,284,290,294,299,304,308,311,315,317,318,329,339,348,349,352,359,363,366,405,377,378,384,388,389,394,404,406,409
376:3,7,8,31,32,37,38,58,59,61,64,65,71,73,74,75,76,78,80,86,88,101,105,117,120,121,123,131,133,136,155,157,165,167,173,178,194,198,200,219,228,232,233,234,235,240,242,244,247,249,256,260,264,266,270,271,272,275,284,294,298,299,301,310,315,321,333,335,344,353,363,369,370,388,395,397,409
377:5,7,13,18,22,31,34,38,41,51,57,67,81,84,88,89,97,99,102,113,135,140,159,165,166,177,181,182,186,187,200,222,223,226,231,235,248,249,253,256,257,258,272,274,281,292,298,305,308,317,318,320,324,329,342,353,363,372,375,387,390,404
378:1,6,11,14,15,20,22,24,27,34,65,73,85,94,110,111,114,116,121,140,141,149,155,158,169,176,180,184,206,217,223,241,248,255,256,258,259,261,271,280,287,291,295,298,300,303,310,311,323,332,339,359,364,375,392,379,380,384,386,396,399,400,402
379:0,5,7,10,20,22,28,29,30,36,40,48,63,69,72,88,92,96,107,119,121,128,132,144,148,165,174,183,186,198,222,226,243,275,276,277,279,281,282,296,300,301,308,312,317,322,323,324,327,329,346,347,353,364,366,367,378,393,406
380:2,5,10,14,21,28,29,33,36,38,39,40,42,51,52,69,70,75,77,81,89,90,91,93,109,115,118,121,131,132,134,151,152,163,167,188,190,191,193,198,203,214,217,224,229,234,236,238,241,243,248,250,255,270,281,288,292,301,303,304,309,317,318,321,329,332,337,338,347,351,353,363,378,393,388,390,399,402
381:5,8,9,12,20,28,33,34,51,64,67,78,80,83,87,92,98,114,118,133,139,142,149,154,155,170,171,174,177,179,188,189,197,203,204,206,226,227,229,233,234,236,241,248,263,264,275,279,295,300,303,309,312,313,319,328,352,355,361,373,402,388,393,405,406
382:3,22,23,35,36,45,49,51,56,84,85,90,92,95,98,100,112,115,120,125,129,130,134,152,154,171,179,181,183,186,188,193,195,196,202,206,216,220,225,228,234,236,239,240,270,273,300,301,308,314,319,328,332,335,342,357,365,367,369,372,389,402
383:1,3,25,36,44,45,50,53,59,67,75,84,86,87,88,89,91,116,117,124,132,138,140,145,147,150,169,180,184,185,197,203,213,215,218,221,222,230,235,236,237,250,251,256,263,265,267,268,272,277,278,281,282,300,303,306,313,315,318,319,320,326,328,330,336,339,341,345,350,355,357,363,369,371,372,396,393,397,400,406
384:5,7,16,18,39,41,46,51,59,61,66,73,81,84,87,88,95,110,112,113,117,122,128,130,145,151,159,160,164,165,184,194,198,199,202,221,229,239,242,243,249,261,280,289,299,300,308,314,320,324,325,340,342,347,361,363,373,375,378,386,395,400,406,409
385:8,10,23,26,28,33,48,49,54,55,67,74,80,87,95,96,99,100,102,104,113,117,132,148,165,174,185,196,203,209,211,219,220,224,225,230,231,233,244,250,258,268,269,273,284,285,289,319,321,322,331,349,363,399,388,395,396
386:0,8,12,15,17,25,30,38,49,52,69,71,76,79,89,104,116,128,129,134,147,149,166,168,171,175,176,180,187,193,195,204,210,236,261,266,268,290,300,302,308,310,323,326,333,336,337,354,359,361,369,370,378,384,388,392,400,404,406,407,408
387:13,16,28,30,31,42,46,47,49,64,69,70,72,75,81,85,90,97,105,106,108,115,119,124,138,147,158,159,161,187,193,195,201,207,209,213,214,216,219,226,230,235,237,240,241,253,255,256,258,263,264,265,269,274,276,280,283,290,292,294,300,310,313,326,337,339,350,356,363,367,377,408,394
388:5,19,26,32,39,40,45,46,47,54,62,63,76,78,80,84,86,94,95,104,105,106,121,157,165,168,176,183,191,198,217,229,232,234,253,255,256,270,274,276,287,290,302,314,316,333,348,349,358,361,367,371,375,376,380,381,385,386,391,396,403
389:2,8,9,10,20,25,35,36,44,45,50,60,63,79,81,88,92,115,117,120,125,136,141,146,161,167,184,185,207,210,217,221,222,224,238,243,244,249,256,259,261,271,272,274,288,293,294,300,303,309,316,320,328,336,345,355,358,367,371,375,382,403,395,399,404,407,408
390:5,10,12,33,36,50,55,62,71,72,79,90,91,99,106,126,143,144,150,152,155,160,171,175,177,181,192,195,211,235,250,256,259,262,264,266,280,284,285,295,301,314,317,328,329,332,334,335,337,341,347,355,363,367,371,373,377,380,402,397,403,404
391:11,16,21,26,29,38,46,49,53,58,59,82,89,105,107,108,110,116,119,121,124,125,126,127,134,136,146,148,157,170,176,184,186,187,188,189,192,198,200,201,208,212,236,238,241,254,267,275,276,278,286,297,298,302,304,315,317,323,328,331,334,349,352,357,388,409,393,402
392:8,26,35,45,47,48,50,51,55,66,69,77,97,103,113,126,128,130,132,136,156,166,179,187,191,192,193,203,211,213,224,244,250,251,258,263,268,271,272,290,293,300,302,324,328,329,330,332,334,340,350,352,357,369,378,386,408,403
393:3,6,15,17,18,29,30,36,40,41,43,52,81,89,94,97,139,143,149,152,153,160,162,167,170,173,177,178,190,191,196,205,208,212,216,220,229,231,235,246,252,260,269,275,282,284,286,296,305,306,312,314,321,324,334,343,358,361,364,379,380,381,383,391,404,398,399,407,409
394:7,16,21,55,57,65,74,82,91,95,96,108,110,121,131,133,148,149,160,161,166,171,179,183,186,200,202,206,210,220,224,226,227,228,237,238,252,256,263,268,270,271,292,305,318,344,345,346,354,361,365,372,375,387,403,397,402
395:21,40,45,52,65,68,85,90,93,112,131,132,134,136,141,146,169,189,223,224,227,230,231,237,238,249,254,258,260,261,262,263,266,267,268,278,279,283,287,288,289,290,292,300,320,327,334,335,359,367,369,376,384,385,389,400,402
396:0,10,13,38,54,58,66,85,86,97,101,106,111,114,116,126,131,137,140,153,155,156,160,172,198,202,218,220,229,236,243,247,248,253,254,279,280,282,288,289,295,296,297,300,304,306,308,321,338,348,349,368,378,383,385,388,407,399,400
397:5,7,9,18,35,47,50,51,67,69,75,115,129,130,134,147,149,152,161,162,168,175,178,187,188,214,225,232,244,248,254,260,265,266,270,272,283,290,300,303,305,307,310,352,353,357,359,365,373,376,383,390,394,408,398,400,404,407
398:1,3,6,10,13,14,31,34,35,37,38,43,44,48,58,63,67,68,71,72,93,106,113,118,122,125,127,129,136,145,151,153,156,159,166,167,170,175,176,207,212,220,223,226,230,237,243,258,268,274,286,287,293,295,299,301,306,308,313,318,333,347,348,351,354,362,364,366,367,372,393,397,409,401,406
399:3,11,23,37,47,60,72,81,89,97,98,101,102,107,108,116,123,127,136,142,158,162,171,175,184,187,193,196,198,199,221,222,231,233,234,240,243,249,253,254,259,261,262,266,268,274,278,284,292,313,322,326,327,331,332,337,345,348,350,360,366,378,380,385,389,393,396,408,404,405,406
400:2,10,14,26,39,49,66,79,81,82,99,102,103,107,109,112,116,121,124,129,133,150,157,160,161,163,166,185,192,193,201,209,221,225,228,232,242,245,248,263,266,271,272,275,280,281,283,285,289,290,295,299,306,313,314,320,334,341,345,356,361,373,378,383,384,386,395,396,397,406,408
401:3,8,14,19,26,29,33,35,39,42,44,46,55,76,80,97,101,104,122,123,125,140,144,164,170,173,174,179,180,186,187,215,233,234,278,286,287,294,302,304,323,326,331,341,344,353,367,369,372,398,404,407
402:4,14,20,32,35,38,53,57,72,75,86,87,97,103,115,116,119,127,129,132,138,150,154,162,168,169,175,179,190,196,206,210,212,216,217,222,230,240,250,254,258,266,267,268,273,276,287,320,326,331,333,334,337,351,354,357,359,365,378,380,381,382,390,391,394,395,409
403:1,2,3,13,15,18,25,30,31,33,40,41,44,60,73,80,84,102,105,107,110,112,123,138,156,157,162,176,187,195,198,199,205,216,217,218,222,223,227,231,234,238,239,246,253,258,265,271,282,285,292,303,319,325,328,338,351,352,356,358,366,388,389,390,392,394,404,409
404:6,19,20,30,47,48,55,63,77,85,90,91,105,120,121,129,135,137,139,146,156,158,166,171,175,176,180,186,188,189,199,203,206,210,211,216,225,226,227,258,273,290,292,299,301,302,305,307,310,319,329,331,333,336,342,348,355,368,375,377,386,389,390,393,397,399,401,403,407
405:5,6,15,31,33,41,47,48,56,57,58,61,76,78,80,87,90,98,100,101,108,119,125,126,127,136,139,140,145,149,152,154,164,165,170,174,177,178,180,185,191,208,210,214,221,223,226,229,233,238,258,264,266,271,274,275,280,292,294,304,309,318,321,330,331,335,351,356,360,362,368,371,374,375,381,399,406
406:34,41,49,56,58,73,78,83,85,88,102,106,130,154,161,169,198,203,205,207,211,215,218,220,221,233,235,237,239,242,259,264,267,268,270,278,283,289,291,293,303,307,317,323,325,326,336,354,357,370,374,375,379,381,383,384,386,398,399,400,405,407,408
407:5,14,18,27,33,41,46,52,57,59,86,97,99,130,135,137,140,141,154,166,202,203,211,216,220,228,238,242,244,261,262,268,279,286,291,307,318,322,328,332,334,335,337,341,344,356,358,359,360,364,367,386,389,393,396,397,401,404,406,409
408:0,12,19,29,35,39,62,70,72,104,108,110,112,115,120,132,133,135,136,143,155,157,158,179,192,196,220,223,229,237,238,244,245,251,262,270,282,285,287,291,292,305,308,318,324,326,332,333,345,349,355,362,363,386,387,389,392,397,399,400,406,409
409:6,7,8,12,24,30,36,40,44,45,47,48,80,94,96,100,107,108,112,114,115,123,124,125,133,139,141,145,154,164,168,180,182,185,189,191,196,201,207,216,217,223,224,235,248,250,251,253,260,270,273,290,291,313,315,318,322,332,333,344,348,352,354,355,357,362,363,373,375,376,384,391,393,398,402,403,407,408
