0:236,5,20,53,64,94,100,101,106,107,145,157,178,185,189,227,243,250,253,264,278,288,297,299,309,314,326,370,389,397,407,427,433,434,437,438,449,453,475
1:54,7,10,14,42,62,70,73,90,100,118,132,140,143,144,186,203,217,220,227,248,252,259,281,287,299,301,305,329,337,342,356,368,377,386,399,419,422
2:341,17,22,26,28,38,41,59,67,69,71,75,123,126,139,140,156,165,169,173,226,236,238,255,260,273,276,283,288,312,325,334,350,362,380,399,430,435,450,457,458,470,479
3:95,6,40,45,59,62,65,76,91,122,153,186,198,212,216,234,256,263,295,325,338,348,352,370,375,377,379,438,457,461
4:432,5,16,26,32,40,43,61,68,71,136,148,151,153,170,175,230,282,285,288,298,299,300,311,318,323,334,338,396,401,410,426,437,462
5:0,4,98,9,12,28,52,60,80,95,103,104,112,124,125,127,151,154,160,162,175,177,199,216,241,269,279,296,303,315,322,329,346,352,361,362,364,375,378,385,391,394,400,435,452,453,479
6:3,436,16,19,33,53,59,70,93,118,119,128,135,141,162,166,170,180,188,191,193,203,230,233,242,245,248,253,254,262,291,293,317,345,346,372,390,404,414,421,422,427,428,429,435,445,447,476
7:1,263,11,49,60,61,70,80,86,108,110,142,150,152,166,168,184,195,202,206,222,228,247,289,320,346,349,351,367,376,388,398,448,449,455,468
8:255,9,19,26,34,46,55,64,70,73,77,79,81,106,109,113,149,151,177,195,217,219,227,237,238,239,241,257,262,295,303,313,322,331,336,345,351,362,369,390,399,414,424,428,436,454,466,474,477,478
9:5,8,73,51,52,54,60,68,109,110,119,128,131,149,153,161,178,183,208,209,213,228,229,230,244,285,314,318,337,358,361,372,387,400,408,427,435,444,450,456,467
10:1,59,45,64,65,69,76,83,85,98,101,146,148,151,163,178,190,195,201,215,216,232,245,260,265,276,289,292,297,298,300,326,362,383,387,398,400,412,418,442,446,455,456,464,477
11:7,182,30,32,39,46,57,65,66,68,78,87,94,95,103,110,113,129,149,152,174,188,212,223,224,231,238,244,258,266,280,283,291,305,306,310,325,388,392,418,421,423,434,441,456,460
12:5,181,15,33,55,59,63,65,74,75,88,91,97,103,105,131,133,140,166,171,190,195,208,220,225,226,234,244,279,289,291,293,337,341,345,346,351,358,367,376,386,398,412,417,424,466
13:299,21,22,38,47,51,63,70,86,90,91,96,99,118,138,157,160,181,200,207,213,217,229,236,267,281,292,317,330,340,354,361,374,382,407,428,441,442,452
14:1,270,20,40,48,50,88,103,124,128,136,155,176,192,217,245,275,281,286,287,291,295,300,311,322,342,345,358,371,380,401,449,458,479
15:12,448,20,22,37,44,49,60,69,86,96,103,104,105,112,127,137,152,163,179,201,218,237,248,305,327,331,333,338,361,371,379,389,392,400,416,436,445
16:4,6,163,17,22,33,72,86,91,95,114,115,123,124,132,155,161,168,204,206,210,234,237,238,239,242,273,283,291,321,333,338,339,354,355,369,373,374,390,400,402,420,428,429,452,457
17:2,16,208,22,39,44,74,80,84,86,103,111,115,120,137,146,147,156,173,181,201,213,240,247,248,253,260,273,278,288,303,305,306,322,328,334,353,373,387,388,435,464,470
18:22,24,42,44,54,69,71,84,107,134,135,142,143,146,190,198,207,217,220,225,229,238,259,272,305,309,313,315,343,345,371,409,420,421,457,462,471
19:6,8,380,41,45,48,50,66,122,123,127,130,135,136,143,168,186,187,222,226,245,253,274,291,293,318,320,364,377,396,462,468
20:0,14,15,447,26,72,91,116,129,142,152,166,185,212,215,238,247,255,258,260,261,265,281,293,339,379,395,400,403,413,444,457,461,466,474,476
21:13,237,28,30,40,43,44,47,48,56,69,81,107,126,136,138,142,158,166,174,191,204,210,228,302,332,353,356,376,380,383,403,422,424,439,447,466,468,472
22:2,13,15,16,17,18,473,52,53,70,83,98,108,115,123,135,176,228,237,242,250,260,264,270,298,308,312,324,325,360,366,409,425,443,464,468,478
23:222,29,37,44,51,84,85,100,105,112,129,131,136,140,151,160,167,168,199,205,217,238,291,305,322,342,349,360,371,372,426,434,442,449,453,467,474,476
24:18,266,37,47,61,65,83,90,99,102,120,129,130,156,161,170,172,180,182,191,201,206,219,222,236,243,244,251,268,302,326,331,337,338,349,351,353,354,355,357,369,412,436,439,445,456,457,461,464
25:110,38,45,71,94,95,109,111,115,116,126,162,190,197,205,230,233,257,264,271,288,322,340,372,383,396,413,435,449,455,460,475,476
26:2,4,8,20,206,27,31,38,39,120,216,221,222,250,252,257,261,283,287,291,299,330,363,365,388,395,403,434,445,458,469
27:26,42,29,36,49,53,54,67,68,72,99,100,105,113,143,161,171,173,176,178,179,181,215,216,249,256,263,270,286,300,305,314,319,355,381,387,389,419,431,433,439,447,461
28:2,5,21,111,45,52,68,74,92,129,143,149,154,159,163,184,191,202,207,209,215,233,254,258,260,271,279,305,309,311,312,322,333,334,346,347,349,358,360,370,378,414,428,440,451,460,478
29:23,27,420,55,81,134,158,161,169,187,201,210,228,233,244,246,265,266,274,276,280,283,296,300,301,308,310,314,316,338,353,354,358,359,360,381,385,393,457,479
30:11,21,170,31,42,73,80,89,125,128,136,148,176,194,195,202,214,226,240,251,288,290,301,306,326,342,359,368,385,413,454,459,461
31:26,30,335,68,72,86,98,104,117,162,171,173,179,204,228,258,294,318,341,354,356,357,358,367,369,371,378,388,393,435,437,453,462
32:4,11,139,69,83,85,92,120,123,142,173,179,182,194,197,205,206,213,224,256,258,265,266,275,277,305,306,309,318,320,332,347,351,400,411,417,423,427,439,445,465,466
33:6,12,16,225,38,41,42,80,83,89,97,107,116,149,150,151,158,160,171,175,190,212,213,220,233,252,256,272,278,284,289,293,306,312,314,325,331,335,337,343,368,374,419,437,439,444
34:8,404,47,49,73,101,113,119,129,131,149,151,176,197,212,222,242,250,272,286,305,306,340,359,380,394,408,409,416,417,427,428,442,460,471,479
35:465,41,44,51,57,98,115,136,140,156,158,162,168,176,183,185,192,207,213,229,246,250,264,293,295,310,311,313,332,337,340,344,348,358,359,390,407,412,418,423,430,437,438,441
36:27,310,40,62,77,95,103,128,142,146,151,184,185,193,194,197,227,229,244,253,265,275,279,299,302,304,305,337,350,352,383,385,387,388,391,394,410,428,461,465
37:15,23,24,330,39,45,51,61,63,65,108,109,118,120,123,132,141,142,145,147,154,181,183,214,249,262,278,282,299,314,318,319,341,342,360,365,437,452,464
38:2,13,25,26,33,472,54,64,65,79,81,103,105,136,168,195,207,209,213,237,238,243,249,293,322,327,331,336,340,369,386,397,424,470
39:11,17,26,37,70,40,60,76,79,97,98,99,129,146,157,180,192,199,202,219,223,240,244,245,253,283,285,301,323,330,340,342,367,368,369,370,374,382,383,445,461,470
40:3,4,14,21,36,39,69,41,53,67,84,101,106,111,120,127,135,149,210,216,223,236,242,250,254,255,261,272,283,296,318,322,353,355,359,379,392,399,413,416,423,430,471,473
41:2,19,33,35,40,122,68,85,95,96,119,137,151,163,168,182,192,231,242,261,265,294,321,324,351,378,394,405,407,421,423,450,456,459,466,469
42:1,18,27,30,33,220,46,66,69,79,84,90,97,105,119,139,157,159,165,193,196,207,223,229,230,236,242,271,273,275,279,295,304,307,309,355,360,374,386,413,434,467,476
43:4,21,51,44,74,82,89,106,122,123,124,130,144,160,180,188,227,245,268,305,320,376,381,392,408,409,420,465
44:15,17,18,21,23,35,43,454,49,57,68,74,87,88,120,142,143,187,200,207,212,215,216,218,234,249,252,254,255,295,313,317,325,351,383,384,387,411,416,438,463,474
45:3,10,19,25,28,37,281,52,81,103,107,114,183,200,203,209,218,234,236,247,252,283,297,312,325,328,329,331,356,361,367,397,404,415,417,429,444,449,467,472,477
46:8,11,42,374,48,72,77,79,114,117,133,146,151,159,182,185,189,194,198,228,245,253,256,258,273,290,306,333,343,345,357,370,376,396,409,410,421,441,443,446,460,469,472
47:13,21,24,34,298,49,62,71,78,86,88,95,111,112,113,120,128,149,169,178,187,196,208,211,213,214,232,234,249,259,261,279,281,283,287,290,333,334,340,351,357,361,362,363,366,384,389,399,400,401,404,407,410,427,428,455,460,468
48:14,19,21,46,65,59,70,80,89,93,108,114,130,136,141,161,179,181,199,217,225,236,247,248,255,267,281,293,302,319,324,325,328,337,378,381,412,417,447
49:7,15,27,34,44,47,370,53,54,55,60,69,74,78,87,95,112,122,124,125,126,146,149,154,162,164,169,177,182,184,185,186,202,232,250,251,255,266,277,284,289,308,309,314,333,334,336,339,347,352,355,363,365,366,374,376,390,399,418,420,424,430,444,452,457
50:14,19,91,60,64,69,76,82,90,105,110,134,152,158,181,184,188,199,211,224,226,229,240,245,264,272,283,293,310,318,323,360,370,412,413,443,464,465,475
51:9,13,23,35,37,43,313,55,72,73,81,106,110,135,142,143,162,172,184,186,191,197,204,214,256,262,301,314,315,318,335,337,362,379,380,402,410,424,427,430,431,474
52:5,9,22,28,45,313,54,62,68,85,114,117,125,150,159,160,174,183,190,197,202,211,232,281,295,308,324,344,353,364,393,397,411,424,429,445,450,458,460,477
53:0,6,22,27,40,49,103,71,84,85,87,101,116,130,135,153,162,208,221,241,245,252,257,275,278,299,301,303,309,314,353,363,367,370,373,384,388,406,412,417
54:1,9,18,27,38,49,52,278,56,60,66,80,83,113,128,131,137,142,176,188,197,224,225,244,246,267,277,285,319,329,335,338,340,363,369,371,380,383,405,416,441,442,445,460,475
55:8,12,29,49,51,363,61,69,70,87,109,143,148,190,192,200,212,222,245,260,263,268,275,288,294,297,298,308,342,352,374,375,384,385,400,422,424,430,440,472
56:21,54,137,69,71,78,79,80,95,98,111,116,139,150,153,156,160,175,178,197,225,230,241,247,267,277,286,319,324,336,346,360,367,384,387,424,425,435,458,462,467
57:11,35,44,256,61,82,95,106,127,142,145,151,164,176,179,182,187,192,195,209,230,281,301,324,335,342,352,360,367,378,385,401,407,413,420,427,430,454,465
58:394,63,70,72,81,88,101,140,164,171,176,178,184,213,225,238,264,271,283,293,302,307,323,325,338,341,348,353,398,415,416,421,424,425,432,449,464,471,479
59:2,3,6,10,12,48,178,72,80,81,100,101,111,114,124,156,165,196,251,264,273,274,294,295,310,327,353,404,405,418,424,444,449,457,474
60:5,7,9,15,39,49,50,54,380,65,92,113,128,138,158,162,176,199,216,222,225,229,261,269,272,295,302,315,338,340,356,365,383,419,427,441,445,448,451,453,454,455,462,467,468,479
61:4,7,24,37,55,57,463,94,112,122,131,132,156,162,167,172,209,211,212,228,254,270,295,302,306,307,314,315,318,329,347,353,358,374,378,381,393,395,409,420,440,449,466,467
62:1,3,36,47,52,203,69,73,81,84,94,102,111,117,140,142,173,192,196,197,215,224,228,231,232,242,287,294,295,324,353,368,374,378,406,417,422,425,437,442,462,463,473
63:12,13,37,58,115,64,86,109,149,157,186,196,199,214,215,256,261,268,287,296,320,324,334,335,336,363,367,393,408,410,417,430,435,441,458,462,469
64:0,8,10,38,50,63,308,82,142,143,150,171,176,194,200,204,233,252,267,271,272,277,303,306,318,338,339,342,349,370,392,428,442
65:3,10,11,12,24,37,38,48,60,110,75,80,87,90,105,136,138,146,163,222,227,232,243,256,262,285,306,340,349,367,377,381,382,398,400,436,472
66:11,19,42,54,84,81,85,98,100,101,104,109,145,146,155,163,172,176,179,188,202,213,222,224,256,339,353,368,376,387,390,391,399,437,442,453
67:2,27,40,233,77,85,92,103,105,106,107,108,159,180,200,205,229,238,273,276,286,288,353,361,379,401,407,434,440,465,475
68:4,9,11,27,28,31,41,44,52,349,77,84,89,95,99,101,116,130,147,171,180,184,193,198,230,246,270,271,282,283,285,295,333,336,348,354,390,404,430,433,434,449,459,466
69:2,10,15,18,21,32,40,42,49,50,55,56,62,178,78,89,108,119,124,126,136,200,225,229,232,238,241,242,262,268,272,321,338,383,404,411,416,419,429
70:1,6,7,8,13,22,39,48,55,58,397,80,83,89,106,117,125,132,143,158,169,173,186,195,201,218,242,285,288,299,301,314,344,350,355,387,388,393,399,414,421,422,431,437,440,467,470
71:2,4,18,25,47,53,56,82,89,109,111,118,140,152,158,163,177,209,213,220,221,224,239,263,270,282,283,285,294,305,310,331,333,335,354,363,370,379,385,386,392,395,406,420,423,438,442,466
72:16,20,27,31,46,51,58,59,369,78,82,96,117,121,152,164,170,183,201,203,214,216,223,243,247,248,257,290,310,311,327,337,339,347,363,386,406,428,445,449,478
73:1,8,9,30,34,51,62,455,99,109,119,123,127,167,170,176,178,179,184,201,210,235,244,263,274,289,298,307,309,334,347,349,351,352,362,374,378,385,416,418,475
74:12,17,28,43,44,49,155,83,87,112,118,122,134,143,150,162,166,176,177,178,191,239,260,273,299,343,344,347,349,358,366,381,383,393,403,419,423,439,448,450,457,463
75:2,12,65,117,77,89,99,113,122,132,150,166,187,201,219,232,272,273,278,281,318,323,372,380,386,387,390,395,400,418,419,422,426,428,430,432,435,456,477,478
76:3,10,39,50,193,91,100,120,158,184,218,230,253,263,286,301,320,336,341,343,346,348,354,364,369,381,402,405,411,412,434,446,449,453
77:8,36,46,67,68,75,228,80,99,108,111,122,156,166,182,199,205,216,230,234,245,249,256,260,282,295,298,308,317,406,446,453,461,464
78:11,47,49,56,69,72,359,86,96,97,107,110,131,135,136,139,156,209,236,242,277,279,314,323,345,349,351,388,397,401,405,413,417,421,440,444,445,461
79:8,38,39,42,46,56,121,89,98,116,118,120,129,140,192,195,199,210,223,264,265,271,280,282,288,304,309,322,338,342,346,363,364,380,386,389,394,403,404,411,426,428,438,451,465,476
80:5,7,17,30,33,48,54,56,59,65,70,77,277,83,87,89,98,111,113,133,143,147,170,180,194,246,251,254,257,261,286,294,300,301,304,316,364,378,397,413,423,453,455,458,464,478
81:8,21,29,38,45,51,58,59,62,66,406,107,108,111,116,117,122,125,128,130,136,151,157,167,186,187,203,224,229,238,245,250,287,289,303,311,314,320,330,331,336,346,348,374,393,394,397,398,412,427,435,445,452,467,477
82:43,50,57,64,71,72,259,86,92,99,117,141,168,179,183,203,209,213,222,223,228,255,258,264,270,282,295,304,310,311,321,326,373,374,393,395,397,425,447,475
83:10,22,24,32,33,54,70,74,80,404,90,97,115,123,127,138,145,155,161,184,189,192,200,206,231,254,257,258,272,277,278,281,292,297,316,321,439,443,444,447,471,474
84:17,18,23,40,42,53,62,66,68,194,117,124,144,160,162,200,208,210,211,213,222,242,246,250,261,262,263,288,293,304,314,356,367,370,372,404,437,440,445,452,456,471,473,475,479
85:10,23,32,41,52,53,66,67,96,90,118,126,130,143,152,164,169,170,175,182,203,216,246,250,255,268,283,305,312,346,361,390,410,427,429,432,449
86:7,13,15,16,17,31,47,63,78,82,439,90,97,99,104,113,140,157,161,162,185,189,192,199,206,236,241,289,291,293,295,322,339,358,402,409,420,436,440,445,448,450,456,458,471
87:11,44,49,53,55,65,74,80,287,109,127,136,139,142,160,161,162,166,169,179,203,208,212,213,219,228,237,243,266,267,327,342,346,348,365,426,445,447,460,468
88:12,14,44,47,58,398,93,139,140,151,153,163,168,176,196,201,209,242,244,254,262,272,276,299,332,337,347,349,379,409,412,435,436,459,477
89:30,33,43,48,68,69,70,71,75,79,80,326,123,165,174,181,194,202,208,213,236,238,255,263,269,280,282,300,306,315,325,328,329,353,377,383,398,402,405,426,447,470,472
90:1,13,24,42,50,65,83,85,86,256,95,117,146,154,177,194,229,232,248,251,252,271,317,334,341,357,365,393,408,470,471
91:3,12,13,16,20,50,76,375,108,120,133,140,145,166,170,191,203,210,223,249,251,252,268,272,278,281,288,293,311,315,328,342,348,355,362,380,384,385,391,394,401,424,428
92:28,32,60,67,82,262,95,104,113,146,157,177,180,196,207,218,230,246,252,261,273,285,298,300,301,305,321,350,378,383,391,407,408,414,418,424,439,443,458,477
93:6,48,88,419,99,100,151,156,166,214,215,229,233,268,274,297,308,322,358,395,412,429,437,461,472,475
94:0,11,25,61,62,300,120,122,158,182,253,263,290,298,307,311,332,333,342,356,370,376,379,381,382,437,469
95:3,5,11,16,25,36,41,47,49,56,57,68,90,92,403,96,100,146,163,171,178,187,189,200,236,237,240,241,269,307,309,313,319,323,326,332,352,373,394,409,430,456,457,470,474
96:13,15,41,72,78,85,95,448,98,100,103,134,135,138,146,149,155,175,189,243,246,247,271,274,277,290,295,306,327,328,358,359,383,399,414,437,454,455,456,465,467
97:12,33,39,42,78,83,86,309,121,123,130,136,152,206,210,224,260,262,264,267,311,319,330,334,345,356,364,369,374,395,402,405,417,418,439,467
98:5,10,22,31,35,39,56,66,79,80,96,246,129,131,139,141,149,151,162,194,206,216,218,239,244,264,274,282,283,299,310,314,335,363,379,390,397,411,412,422,425,442,443,456,457,466
99:13,24,27,39,68,73,75,77,82,86,93,321,112,129,147,148,156,188,212,213,232,251,256,257,287,294,307,311,333,346,351,379,380,385,390,399,408,414,427,428,433,445,468,479
100:0,1,23,27,59,66,76,93,95,96,176,109,130,141,180,182,187,197,200,213,217,218,224,231,237,251,255,265,296,332,338,350,357,370,395,408,444,469
101:0,10,34,40,53,58,59,66,68,239,102,121,150,155,177,187,214,220,238,242,247,253,265,267,277,343,344,351,358,365,370,373,375,379,389,391,401,430,439,440,468,471
102:24,62,101,418,106,107,110,133,137,162,178,187,212,236,244,255,257,262,309,321,323,336,342,346,347,371,383,387,390,469
103:5,11,12,14,15,17,36,38,45,53,67,96,327,117,119,158,165,175,180,190,222,246,275,295,331,332,338,350,357,365,390,409,426,464,472
104:5,15,31,66,86,92,147,105,122,136,151,153,168,171,173,181,186,193,202,257,260,286,292,323,328,333,336,365,369,382,433,438,447,455,466,477
105:12,15,23,27,38,42,50,65,67,104,257,127,150,168,182,200,202,203,213,229,252,335,360,362,363,369,372,374,381,385,393,397,411,435,445,458,470
106:0,8,40,43,51,57,67,70,102,369,161,175,217,221,247,268,271,274,279,293,317,320,321,349,359,363,371,373,387,398,404,410,429,451,470,475
107:0,18,21,33,45,67,78,81,102,205,110,115,132,143,147,149,161,186,219,225,248,250,251,255,258,261,292,302,306,316,321,327,332,362,364,406,417,433,439,440,442,446,458,465,470
108:7,22,37,48,67,69,77,81,91,409,111,115,120,128,148,173,181,200,222,232,237,244,267,271,278,304,306,319,322,335,338,344,352,356,362,367,370,376,380,392,393,398,404,423,429,438,456,468,469,470,475,478
109:8,9,25,37,55,63,66,71,73,87,100,354,117,124,144,148,150,154,163,206,207,231,238,270,278,303,305,306,310,313,328,350,351,353,367,375,383,390,413,434,442,452,456,467,475
110:7,9,11,25,50,51,65,78,102,107,316,119,122,128,139,166,172,178,211,224,243,248,259,277,301,307,313,326,329,350,366,370,400,402,428
111:17,25,28,40,47,56,59,62,71,77,80,81,108,217,126,145,158,160,171,192,218,219,247,257,263,291,312,320,331,333,338,343,356,471
112:5,15,23,47,49,61,74,99,162,114,132,135,144,156,179,208,214,231,247,288,293,297,341,367,371,383,398,400,417,459,475
113:8,11,27,34,47,54,60,75,80,86,92,308,114,121,133,140,167,172,190,196,200,201,208,212,226,241,276,285,290,314,320,330,337,346,371,380,381,421,432,477
114:16,45,46,48,52,59,112,113,388,130,136,140,144,145,155,156,162,178,198,200,207,232,234,240,257,263,296,374,378,379,406,426,445,452,458,461,466
115:16,17,22,25,35,63,83,107,108,349,116,120,121,127,133,140,146,159,160,164,186,206,246,251,259,270,310,338,345,347,353,372,401,406,416,425,437,446,452,471,477
116:20,25,33,53,56,68,79,81,115,468,122,126,127,142,150,168,185,189,201,211,222,229,248,249,292,298,315,331,332,356,367,369,377,388,406,423,428,455
117:31,46,52,62,70,72,75,81,82,84,90,103,109,451,120,132,137,138,152,155,184,186,211,215,217,220,222,223,229,234,235,237,251,271,276,278,280,305,307,322,348,423,452,476
118:1,6,13,37,71,74,79,85,299,124,128,132,142,159,163,164,181,184,186,188,198,205,226,228,231,244,245,253,262,292,297,328,332,333,353,358,369,370,371,395,405,408,415,438,448,460
119:6,9,34,41,42,69,73,103,110,261,128,151,176,186,202,203,211,212,230,241,255,258,260,266,272,280,285,290,307,309,334,335,338,347,353,361,369,385,397,401,427,453
120:17,24,26,32,37,40,44,47,76,79,91,94,108,115,117,308,124,195,203,205,224,270,273,282,289,310,327,329,332,334,337,354,359,368,382,396,404,421,428,437,452,454,463,470,477
121:72,79,97,101,113,115,408,127,134,142,147,149,153,161,179,180,190,191,224,230,271,276,303,306,313,321,323,327,340,343,359,384,390,404,406,432,434,438,444,458
122:3,19,41,43,49,61,74,75,77,81,94,104,110,116,458,157,160,162,166,194,198,247,254,255,284,288,299,301,379,384,390,399,413,456,474,478
123:2,16,19,22,32,37,43,73,83,89,97,361,134,144,157,176,189,205,227,230,233,235,250,274,307,315,317,350,395,400,424,427,433,435,442,450,479
124:5,14,16,43,49,59,69,84,109,118,120,447,128,148,152,166,172,179,199,206,220,222,243,244,256,276,287,308,320,325,328,332,337,361,381,386,415
125:5,30,49,52,70,81,309,148,166,170,177,178,182,196,249,258,262,269,280,284,288,304,308,349,391,397,408,409,444,450,454,469,474
126:2,21,25,49,69,85,111,116,242,155,184,189,202,224,235,240,256,265,284,289,291,300,323,324,325,332,339,342,381,399,442,443,452,466
127:5,15,19,40,57,73,83,87,105,115,116,121,371,130,131,140,153,159,166,174,177,193,202,203,264,271,285,288,296,318,322,342,357,379,390,393,421,424,459,463,467
128:6,9,14,30,36,47,54,60,81,108,110,118,119,124,174,143,181,189,196,200,221,230,237,242,243,248,281,293,302,314,336,363,375,382,387,395,400,422,424,425,428,430,433,438,443,463,478
129:11,20,23,24,28,34,39,79,98,99,384,132,139,147,150,151,173,198,207,226,227,230,242,253,260,289,306,318,321,332,335,354,355,359,363,369,375,385,395,399,452,464,467
130:19,24,43,48,53,68,81,85,97,100,114,127,199,131,153,165,167,168,171,189,197,204,229,230,237,262,272,273,274,277,278,281,290,292,299,316,343,344,375,403,437,448,451,461
131:9,12,23,34,54,61,78,98,127,130,404,153,155,160,170,189,196,199,212,217,219,230,240,248,257,266,277,278,286,296,302,305,323,362,363,367,373,385,413,414,419,427,435,445,449,465,467,475
132:1,16,37,61,70,75,107,112,117,118,129,155,135,137,142,144,175,177,190,202,204,221,232,234,253,265,306,356,357,372,379,381,390,394,434,469,479
133:12,46,80,91,102,113,115,159,141,145,146,168,179,182,187,214,227,234,240,268,269,284,285,298,304,321,335,363,368,383,406,431,432,441,465,469,471,475
134:18,29,50,74,96,121,123,475,136,142,143,156,157,171,197,202,211,228,237,250,264,279,281,290,304,327,351,392,394,413,416,423,437,473
135:6,18,19,22,40,51,53,78,96,112,132,460,160,196,203,213,226,232,247,275,283,287,290,313,332,333,334,345,368,378,399,410,411,412,414,419,422,434,448,458,464,478
136:4,14,19,21,23,30,35,38,48,65,69,78,81,87,97,104,114,134,174,155,160,161,163,164,184,196,208,225,236,241,258,279,319,320,323,332,343,344,368,388,391,405,423,432,446,452,456,465,469
137:15,17,41,54,56,102,117,132,385,146,149,198,200,210,213,218,254,285,301,325,351,370,377,378,390,408,418,419,451,455,472,475
138:13,21,60,65,83,96,117,272,149,165,224,230,242,246,250,252,256,258,260,306,310,325,327,332,344,373,381,384,404,408,436,445,455,457,459,462
139:2,32,42,56,78,87,88,98,110,129,413,145,147,150,164,181,195,206,212,229,249,261,267,275,289,298,306,323,326,328,340,376,381,385,412,420,427,435,440,441,446,449,467,473
140:1,2,12,23,35,58,62,71,79,86,88,91,113,114,115,127,446,160,175,179,188,196,215,223,240,253,289,291,320,329,346,351,382,403,406,411,421,436,439,449,451,455,458,461
141:6,37,48,82,98,100,133,438,147,155,164,169,177,197,206,215,223,239,244,252,260,289,290,309,311,316,317,325,411,415,419,434,451
142:7,18,20,21,32,36,37,44,51,54,57,62,64,87,116,118,121,132,134,446,162,178,187,197,200,206,223,237,248,249,258,268,286,290,308,317,335,344,346,374,376,381,385,386,408,421,435,476
143:1,18,19,27,28,44,51,55,64,70,74,80,85,107,128,134,211,163,164,166,173,174,207,212,229,232,233,268,291,295,303,321,330,333,352,355,358,365,378,381,398,408,414,415,426,433,455,459,462,476,477
144:1,43,84,109,112,114,123,132,401,148,151,187,209,219,240,281,301,306,314,316,320,333,345,354,362,392,399,428,441,443,444
145:0,37,57,66,83,91,111,114,133,139,449,147,175,182,192,204,212,225,229,233,238,248,250,253,271,321,323,343,346,353,357,358,364,367,393,397,406,416,427,428,446,456,466
146:10,17,18,36,39,46,49,65,66,90,92,95,96,115,133,137,244,153,161,167,171,175,185,229,241,253,282,286,301,316,322,328,335,350,354,364,372,382,392,408,413,420,448,460,472,473
147:17,37,68,80,99,104,107,121,129,139,141,145,335,160,164,167,185,213,275,283,293,302,318,328,350,355,369,382,383,404,427,448,456,475,478
148:4,10,30,55,99,108,109,124,125,144,165,150,155,156,162,193,220,224,245,250,258,262,303,304,332,340,341,353,383,448,455,460
149:8,9,11,28,33,34,40,47,49,63,96,98,107,121,137,138,415,153,155,176,183,192,211,229,240,241,258,265,269,278,286,289,295,296,299,323,340,377,390,393,419,423,432,438,439,444,447,472,474
150:7,33,52,56,64,74,75,101,105,109,116,129,139,148,331,158,159,162,167,183,186,188,190,200,220,232,252,262,285,314,316,332,340,350,396,401,461,476,479
151:4,5,8,10,23,33,34,36,41,46,57,81,88,93,98,104,119,129,144,178,154,157,165,170,228,242,258,268,269,282,312,333,340,341,351,353,377,378,389,397,398,414,416,450
152:7,11,15,20,50,71,72,85,97,117,124,430,205,230,243,254,257,275,294,307,318,339,346,347,368,370,377,412,422,443,452,476
153:3,4,9,53,56,88,104,121,127,130,131,146,149,305,167,168,172,174,179,184,189,205,225,250,300,306,315,316,319,335,343,344,357,383,397,421,437,458,475
154:5,28,37,49,90,109,151,446,156,167,175,176,201,205,209,228,238,257,263,295,300,302,304,305,308,317,318,333,335,336,343,350,354,365,381,391,402,407,417,419,435,442,453,457,458,460,470
155:14,16,66,74,83,96,101,114,117,126,131,132,136,141,148,149,474,166,194,197,224,250,260,301,302,315,320,322,349,353,355,359,406,416,421,433
156:2,17,24,35,56,59,61,77,78,93,99,112,114,134,148,154,276,160,176,193,208,210,221,222,224,225,229,232,293,296,303,319,348,353,355,363,371,377,390,393,407,423,429,437,444,467
157:0,13,39,42,63,81,86,92,122,123,134,151,221,175,189,207,231,232,234,245,257,305,309,341,350,352,363,366,379,388,392,395,401,426,433,435,450,459,474,478
158:21,29,33,35,50,60,70,71,76,94,103,111,150,190,172,196,236,278,289,293,303,321,322,337,346,359,363,371,399,411,428,441,443,451,461
159:28,42,46,52,67,115,118,127,133,150,170,165,174,186,192,205,218,220,226,233,250,254,293,294,306,307,322,330,356,366,379,385,395,415,424,433,443,444,445,465
160:5,13,23,33,43,52,56,84,87,111,115,122,131,135,136,140,147,156,470,170,178,184,200,219,220,224,235,241,252,260,265,270,273,277,280,281,294,308,320,322,326,333,343,392,393,396,418,419,434,440,441,461,472
161:9,16,24,27,29,48,83,86,87,106,107,121,136,146,409,171,192,223,231,248,273,303,305,307,311,312,320,321,358,376,379,383,389,419,433,435,443,445,459,461,464
162:5,6,25,31,35,49,51,53,60,61,74,84,86,87,98,102,112,114,122,142,148,150,291,198,200,212,226,227,228,235,236,243,244,245,252,268,277,287,289,297,304,310,329,333,350,369,371,374,388,392,413,417,428,441,474
163:10,15,16,28,41,65,66,71,88,95,109,118,136,143,338,178,186,200,203,234,245,270,278,284,285,287,292,300,302,311,315,316,326,334,340,347,352,355,360,371,406,415,432,434,461,462,468,472
164:49,57,58,72,85,115,118,136,139,141,143,147,342,167,172,194,199,205,214,233,239,243,247,248,254,255,288,289,305,307,337,338,345,346,351,354,363,392,413,439,445,465,467,468,471
165:2,42,59,89,103,130,138,148,151,159,306,176,183,200,204,213,227,230,240,245,265,297,301,304,305,330,336,360,421,426,436,441,470,475
166:6,7,12,20,21,74,75,77,87,91,93,110,122,124,125,127,143,155,300,195,199,203,220,236,241,251,256,288,316,373,376,380,393,395,415,416,430,432,438,444,464,476,477
167:23,61,73,81,113,130,146,147,150,153,154,164,438,198,224,236,238,246,277,279,282,313,323,336,345,355,357,380,397,400,423,457,461,462,468,471,475
168:7,16,19,23,35,38,41,82,88,104,105,116,130,133,153,190,169,171,177,205,207,210,223,239,248,269,298,306,331,338,343,345,359,365,367,374,389,391,401,402,479
169:2,29,47,49,70,85,87,141,168,362,170,202,230,264,266,280,282,293,297,303,311,318,332,343,347,367,373,380,450,452,460,473,477
170:4,6,24,30,72,73,80,85,91,125,131,151,159,160,169,296,189,191,194,201,239,246,263,266,268,278,309,312,333,347,351,387,438,458
171:12,27,31,33,58,64,68,95,104,111,130,134,146,161,168,237,184,186,193,203,213,220,226,245,279,283,288,291,297,306,319,326,342,375,387,397,407,424,428,457,473
172:24,51,61,66,110,113,124,153,158,164,409,173,191,199,212,213,217,226,227,241,302,305,307,318,339,358,370,406,444,451,452
173:2,17,27,31,32,62,70,104,108,129,143,172,289,185,187,198,207,221,259,261,268,275,281,286,291,306,338,354,387,395,398,416,428,462
174:11,21,52,89,127,128,136,143,153,159,180,182,188,191,208,224,231,246,249,284,285,296,297,305,310,315,316,322,323,351,385,392,415,427,431,439,453,461,465
175:4,5,33,56,85,96,103,106,132,140,145,146,154,157,179,176,207,208,225,244,259,260,305,317,331,334,386,397,410,415,428,438,441,468,477
176:14,22,27,30,34,35,54,57,58,60,64,66,73,74,88,100,119,123,149,154,156,165,175,388,190,197,199,202,206,213,215,219,221,222,257,264,265,269,274,279,280,281,288,299,321,335,344,349,370,399,401,409,414,442,448,456,467,477
177:5,8,49,71,74,90,92,101,125,127,132,141,168,389,181,191,192,194,201,203,208,209,222,223,234,249,256,257,266,270,287,294,305,309,331,340,369,380,403,423,427,450,455,462,464,470,471,473
178:0,9,10,27,47,56,58,59,69,73,74,95,102,110,114,125,142,151,160,163,183,231,245,247,250,279,280,313,327,333,336,347,348,349,351,359,371,398,409,427,435,460,466,476
179:15,27,31,32,48,57,66,73,82,87,112,121,124,133,140,153,175,257,188,192,193,201,223,232,245,251,264,266,272,310,315,321,324,386,392,403,410,425,427,442,452
180:6,24,39,43,67,68,80,92,100,103,121,174,301,194,197,206,212,215,216,220,244,280,281,296,318,345,384,388,391,398,411,415,425,431,454,457,462,469,473,475
181:12,13,17,27,37,48,50,89,104,108,118,128,139,177,467,194,225,242,262,279,280,286,288,321,322,334,350,372,382,383,384,400,439,440,459,463,474,476
182:11,24,32,41,46,49,57,77,85,94,100,105,125,133,145,174,457,187,195,203,214,229,289,293,300,309,312,328,333,334,335,363,367,415,418,426,448,461,464
183:9,35,37,45,52,72,82,149,150,165,178,276,196,209,215,216,231,244,246,259,273,334,345,347,369,383,388,405,428,462,469,479
184:7,28,36,49,50,51,58,68,73,76,83,117,118,126,136,153,160,171,441,196,205,207,228,236,248,249,252,261,272,286,292,294,301,329,333,346,366,372,376,382,392,416,467,473
185:0,20,35,36,46,49,86,116,146,147,173,288,193,203,231,252,284,290,294,299,302,319,324,326,348,373,374,389,404,409,439,442,445,455,460
186:1,3,19,49,51,63,70,81,104,107,115,117,118,119,150,159,163,171,310,201,222,223,238,253,264,276,277,281,296,312,351,359,388,391,401,405,460,462,464
187:19,29,44,47,57,75,81,95,100,101,102,133,142,144,173,182,320,196,212,248,252,256,258,268,271,293,341,373,378,412,432,440,442,456,466,467
188:6,11,43,50,54,66,99,118,140,150,174,179,332,199,227,232,240,245,256,259,264,266,267,279,296,297,340,345,346,362,364,376,448,452,464,465,467,472,473
189:0,46,83,86,95,96,116,123,126,128,130,131,153,157,170,474,200,214,219,226,297,298,334,335,339,371,421,437,465
190:10,12,18,25,33,52,55,103,113,121,132,150,158,168,176,205,213,222,230,232,236,282,293,304,306,310,346,376,395,403,413,414,428,434,445,451,463,464
191:6,21,24,28,51,74,91,121,170,172,174,177,214,201,233,237,238,245,312,319,342,349,355,356,371,385,394,397,409,410,416,435,447,462,467,476,479
192:14,35,39,41,55,57,62,79,83,86,111,145,149,159,161,177,179,358,199,210,220,227,236,253,283,284,290,302,332,334,342,346,349,357,364,380,389,397,399,414,428,455,460,463
193:6,36,42,68,76,104,127,148,156,171,179,185,243,234,244,245,246,247,281,290,291,295,302,308,315,319,348,382,395,408,425,426,454,455,460,479
194:30,32,36,46,64,80,84,89,90,98,122,155,164,170,177,180,181,346,206,231,242,247,264,269,284,285,306,314,320,321,322,383,387,407,409,420,452,464
195:7,8,10,12,30,38,57,70,79,120,139,166,182,383,199,205,207,210,213,214,216,247,248,249,253,255,258,275,283,313,321,331,364,366,405,410,418,420,442
196:42,47,59,62,63,88,92,113,125,128,131,135,136,140,158,183,184,187,418,233,237,256,260,277,288,295,327,354,356,370,373,377,381,382,406,409,420,450,460
197:25,32,34,36,51,52,54,56,62,100,130,134,141,142,155,176,180,269,199,208,226,237,264,272,292,304,310,338,347,368,380,383,394,400,415,416,419,425,437,472
198:3,18,46,68,114,118,122,129,137,162,167,173,284,200,206,220,229,240,244,251,252,255,279,303,307,337,349,350,354,363,378,379,382,386,390,407,425,447,457,459,461,467
199:5,23,39,48,50,60,63,77,79,86,124,130,131,164,166,172,176,188,192,195,197,216,200,219,224,245,246,255,261,279,291,301,305,311,312,313,326,340,344,364,370,379,381,390,410,422,438,441,446,472
200:13,44,45,55,64,67,69,83,84,95,100,105,108,113,114,128,137,142,150,160,162,163,165,189,198,199,390,211,236,240,257,299,302,327,331,342,366,396,411,414,420,427,429,445,455,461,463,464,472,478
201:10,15,17,24,29,70,72,73,75,88,113,116,154,170,177,179,186,191,235,205,209,236,251,252,253,303,305,307,311,316,317,318,334,335,344,350,369,417,422,429,460,465
202:7,28,30,39,49,52,66,89,104,105,119,126,127,132,134,169,176,216,205,215,217,222,230,232,255,284,306,310,311,316,317,328,329,375,378,421,429,434,440,443,455,462,476
203:1,6,45,62,72,81,82,85,87,91,105,119,120,127,135,163,166,171,177,182,185,422,205,225,234,241,252,257,259,284,289,307,318,327,332,336,340,344,354,358,366,395,400,447,469,473
204:16,21,31,51,64,130,132,145,165,371,207,233,237,245,255,261,265,267,272,309,318,331,338,362,365,372,377,381,414,443,470,473,478
205:23,25,32,67,77,107,118,120,123,152,153,154,159,164,168,184,190,195,201,202,203,246,215,219,254,259,262,272,276,282,285,290,299,306,320,332,352,356,387,392,393,394,402,432,435,454,456,470
206:7,16,24,26,32,83,86,97,98,109,115,124,139,141,142,176,180,194,198,441,207,216,221,229,246,247,272,277,285,286,287,305,308,313,318,321,324,326,330,367,373,381,386,395,397,411,420,432,452,455,475
207:13,18,28,35,38,42,44,92,109,114,129,143,157,168,173,175,184,195,204,206,377,211,229,258,291,300,301,314,327,331,341,366,369,372,386,424,426,430,437,450,468
208:9,12,17,47,53,84,87,89,112,113,136,156,174,175,177,197,259,241,250,263,266,276,277,278,281,283,298,301,323,324,330,344,422,434,443,461,479
209:9,28,38,45,57,61,71,78,82,88,144,154,177,183,201,371,218,236,249,253,264,295,308,316,333,368,379,384,399,415,421,432,437,443,452,457,460,462,470,475,479
210:16,21,29,40,73,79,84,91,97,137,156,168,192,195,382,211,213,225,234,244,248,257,274,286,296,298,299,348,349,371,377,383,388,389,397,425,429,456,458,467,474
211:47,50,52,61,84,110,116,117,119,134,143,149,200,207,210,335,212,227,228,229,231,239,265,272,273,277,287,291,315,339,361,363,364,369,385,410,431,435,436,438,460,470
212:3,11,20,33,34,44,55,61,87,99,102,113,119,131,139,143,145,162,172,180,187,211,316,217,225,234,265,270,280,301,306,319,323,330,342,343,349,355,364,369,371,384,397,434,455,465,473
213:9,13,17,32,33,35,38,47,58,66,71,82,84,87,89,99,100,105,135,137,147,165,171,172,176,190,195,210,438,214,232,241,255,261,262,281,293,298,302,304,306,328,329,335,340,343,355,359,371,374,377,380,390,394,401,415
214:30,37,47,51,63,72,93,101,112,133,164,182,189,191,195,213,372,221,237,244,247,288,329,352,359,382,385,393,402,410,437,448,453,459,469,471
215:10,20,27,28,44,62,63,93,117,140,141,176,180,183,202,205,438,234,245,290,292,294,323,336,346,361,368,371,406,417,424,445,458,475
216:3,5,10,26,27,40,44,60,72,77,85,98,180,183,195,199,202,206,431,224,225,232,239,256,265,279,286,302,319,322,325,331,336,343,358,363,372,411,429,436,438,446,447,473,475,476
217:1,8,13,14,18,23,48,100,106,111,117,131,172,202,212,456,224,241,244,246,250,269,272,293,305,307,342,351,353,391,407,416,424,439,440,470,477
218:15,44,45,70,76,92,98,100,111,137,159,209,429,221,242,254,263,264,277,280,287,297,387,399,439,449,458,459,470
219:8,24,39,75,87,107,111,131,144,160,176,189,199,205,291,221,229,234,239,241,243,258,271,298,301,309,311,319,367,370,391,395,409,429,440,451,464,465,471
220:1,12,18,33,42,71,101,117,124,148,150,159,160,166,171,180,192,198,365,221,225,234,235,239,253,283,312,313,321,343,350,367,373,396,399,436,437,450,471,476
221:26,53,71,106,128,132,156,157,173,176,206,214,218,219,220,382,226,230,244,246,254,269,277,278,281,298,320,379,410,419,425,476
222:7,19,23,24,26,34,55,60,65,66,82,84,103,108,116,117,124,156,176,177,186,190,202,433,256,262,268,273,274,276,279,294,312,316,318,342,345,346,360,374,380,405,417,425,426,447,470,477
223:11,39,40,42,72,79,82,91,117,140,141,142,161,168,177,179,186,393,229,257,271,274,285,293,311,323,327,350,359,379,406,420,426,434,436,442,456,459,467,477
224:11,32,50,54,62,66,71,81,97,100,110,120,121,126,138,148,155,156,160,167,174,199,216,217,285,246,256,261,318,319,321,329,332,369,406,415,427,441,453,462,476,478
225:12,18,33,48,54,56,58,60,69,107,136,145,153,156,175,181,203,210,212,216,220,347,232,246,253,259,262,284,322,344,345,352,356,397,410,411,412,416,422,448,452,454,465,469,474
226:2,12,19,30,50,113,118,129,135,159,162,171,172,189,197,221,302,227,247,249,260,261,281,290,300,306,315,324,325,347,357,363,373,382,386,388,390,430,432,436,438,459
227:0,1,8,36,43,65,123,129,133,162,165,172,188,192,211,226,255,236,292,302,324,360,381,391,425,471
228:7,9,21,22,29,31,46,61,62,77,82,87,118,134,151,154,162,184,211,364,231,237,258,283,287,300,317,318,322,336,337,340,346,374,375,383,406,418,420,422,433,456,464,468,474
229:9,13,18,35,36,42,50,60,67,69,81,90,93,105,116,117,130,139,143,145,146,149,156,182,198,206,207,211,219,223,441,232,234,242,259,262,282,283,299,315,326,333,334,339,345,348,355,364,365,383,388,391,404,409,427,433,434,461,463,474,478
230:4,6,9,25,42,56,57,68,76,77,92,119,121,123,128,129,130,131,138,152,165,169,190,202,221,429,247,266,283,292,299,306,313,324,334,337,354,369,389,399,408,409,430,438,450,476
231:11,41,62,83,100,109,112,118,157,161,174,178,183,185,194,211,228,256,232,262,264,268,291,295,300,324,325,331,333,341,346,361,385,406,437,438,450,465
232:10,47,49,52,62,65,69,75,90,99,108,114,132,135,143,150,156,157,179,188,190,202,213,216,225,229,231,425,247,263,272,284,291,296,299,301,303,310,340,349,352,375,388,403,406,416,422,426,429,444,455,457
233:6,25,28,29,33,64,67,93,123,143,145,159,164,191,196,204,363,234,246,258,273,283,293,316,323,338,356,364,375,380,391,438,468,471
234:3,12,16,44,45,47,77,114,117,132,133,157,163,177,193,203,210,212,215,219,220,229,233,269,235,255,285,318,347,352,357,367,373,378,427,433,434,440,458,463,469,475
235:73,117,123,126,160,162,201,220,234,375,291,307,309,327,347,354,368,394,399,424,442,446,447,465,475,477
236:0,2,13,24,40,42,45,48,78,86,89,95,102,136,158,162,166,167,184,190,192,200,201,209,227,343,241,275,277,279,292,317,326,329,331,352,354,357,358,401,423,425,438,459,464,469,476
237:8,15,16,21,22,38,87,95,100,108,117,128,130,134,142,171,191,196,197,204,214,228,349,250,266,268,270,274,303,305,335,343,355,359,361,362,379,388,396,402,422,443,450,471,472
238:2,8,11,16,18,20,23,38,58,67,69,81,89,101,109,145,154,167,186,191,255,242,251,257,262,271,287,292,300,309,316,322,324,325,332,334,353,354,356,364,369,376,380,386,405,421,437,442,444,460
239:8,16,71,74,98,101,141,164,168,170,211,216,219,220,456,245,247,257,266,268,279,286,298,320,334,339,386,393,409,421,425,428,454,478
240:17,30,39,50,95,114,126,131,133,140,144,149,165,188,198,200,408,250,272,274,288,296,301,315,321,333,334,345,349,353,384,410,421,455,467
241:5,8,53,56,69,86,95,113,119,136,146,149,160,166,172,203,208,213,217,219,236,446,254,260,263,264,283,320,323,332,358,379,385,391,396,444,449,462,475
242:6,16,22,34,40,41,42,62,69,70,78,84,88,101,126,128,129,138,151,181,194,218,229,238,359,245,267,286,304,312,320,324,333,339,348,352,366,378,425,438,444,451,454,461,462,475
243:0,24,38,65,72,87,96,110,124,128,152,162,164,193,219,429,315,345,359,360,361,364,368,399,402,408,435,456,463,465,471,478
244:9,11,12,24,29,36,39,54,73,88,98,102,108,118,124,141,146,162,175,180,183,193,198,210,214,217,221,323,249,264,271,281,284,289,304,330,334,340,341,360,396,415,417,424,431,445,448,449,468,478
245:6,10,14,19,39,43,46,50,53,55,77,81,118,148,157,162,163,165,171,178,179,188,191,193,199,204,215,239,242,476,250,263,266,271,292,299,312,316,320,361,381,392,403,419,423,425,465,467,473,475
246:29,35,54,68,80,84,85,92,96,98,103,115,138,167,170,174,183,193,199,205,206,217,221,224,225,233,385,270,273,278,284,286,310,321,335,382,394,405,417,452,469,474,475
247:7,17,20,45,48,56,72,96,101,106,111,112,122,135,164,178,193,194,195,206,214,226,230,232,239,329,250,251,260,262,285,304,324,326,332,333,335,350,389,406,413,416,421,424,468
248:1,6,15,17,48,72,90,107,110,116,128,131,142,145,161,164,168,184,187,195,210,393,254,294,315,316,326,335,348,360,377,390,399,409,433,436,439,452,464
249:27,37,38,44,47,77,91,116,125,139,142,174,177,184,195,209,226,244,476,254,305,347,348,354,375,395,402,406,427,434,444,445,468
250:0,22,26,34,35,40,49,81,84,85,107,123,134,138,145,148,153,155,159,178,208,217,237,240,245,247,328,258,272,292,300,319,325,330,358,365,381,388,413,414,415,432,448,469,479
251:24,30,49,59,80,90,91,99,100,107,115,117,166,179,198,201,238,247,327,254,284,299,319,337,347,384,406,416,433,444,463,477
252:1,26,33,44,45,53,64,90,91,92,105,138,141,150,160,162,184,185,187,198,201,203,389,258,271,282,307,318,327,343,378,426,430
253:0,6,17,19,36,39,46,76,94,101,118,129,132,140,145,146,186,192,195,201,209,220,225,298,261,264,273,287,349,351,364,372,378,406,442,449,456,463,467,471
254:6,28,40,44,61,80,83,88,122,137,152,159,164,205,218,221,241,248,249,251,290,278,293,296,298,318,327,338,339,340,341,344,377,388,396,416,436,448,454,470
255:2,8,20,40,44,48,49,82,85,89,100,102,107,119,122,164,195,198,199,202,204,213,227,234,238,404,273,279,296,311,352,355,375,388,408,428,435,437,448,472,475
256:3,27,32,33,46,51,57,63,65,66,77,90,99,124,126,138,166,177,187,188,196,216,222,224,231,381,259,273,277,298,316,332,355,366,373,384,453
257:8,25,26,53,72,80,83,99,102,104,105,111,114,131,152,154,157,176,177,179,200,203,210,223,238,239,273,265,304,331,340,344,347,353,373,384,445
258:11,20,28,31,32,46,82,83,107,119,125,136,138,142,148,149,151,187,195,207,219,228,233,250,252,443,273,288,303,316,318,320,324,330,333,340,379,401,420,422,424,434,436,447,453,463,476
259:1,18,47,82,110,115,173,175,183,188,203,205,208,225,229,256,402,264,267,280,292,296,304,316,320,327,329,343,358,363,366,368,373,384,392,399,413,426,447,468,477
260:2,10,17,20,22,28,55,74,77,97,104,119,129,138,141,155,160,175,196,226,241,247,362,281,285,291,317,320,341,395,399,411,433,435,446,454,457
261:20,26,40,41,47,60,63,80,84,92,107,119,139,173,184,199,204,213,224,226,253,479,271,302,307,313,314,317,321,356,369,370,375,378,395,399,405,412,423,428
262:6,8,37,51,65,69,84,88,92,97,102,118,125,130,148,150,181,205,213,222,225,229,231,238,247,267,298,300,306,311,321,323,353,360,365,384,386,394,417,429,433,469,474
263:3,7,27,55,71,73,76,84,89,94,111,114,154,170,208,218,232,241,245,471,275,280,291,307,338,346,351,352,359,375,381,390,400,401,404,412,418,441,447,455,469
264:0,22,25,35,50,58,59,79,82,97,98,127,134,169,176,179,186,188,194,197,209,218,231,241,244,253,259,354,274,281,293,312,333,353,355,356,375,388,390,394,396,430,444,445,450,452,465,468,472
265:10,20,29,32,36,41,79,100,101,126,132,149,160,165,176,204,211,212,216,257,320,281,301,309,316,335,342,362,363,364,366,376,384,389,395,399,406,411,419,433,436,449,454,457,479
266:11,24,29,32,49,87,119,131,169,170,177,179,188,208,230,237,239,245,362,269,296,299,302,353,354,355,365,376,387,396,426,433,444,451,458,477
267:13,48,54,56,64,87,97,101,108,139,188,204,242,259,262,346,292,326,353,356,368,382,424
268:24,43,55,63,69,85,91,93,106,133,142,143,151,162,170,173,187,222,231,237,239,354,272,273,280,283,299,301,303,306,322,330,361,367,383,397,401,409,417,423,427,447,464
269:5,60,89,95,125,133,149,151,168,176,194,197,217,221,234,266,447,300,303,304,319,333,334,365,376,386,401,404,416,453,455,461,462,466,477
270:14,22,27,61,68,71,82,109,115,120,160,163,177,212,237,246,302,275,279,282,293,304,306,320,326,328,347,368,392,395,404,415,420,433,447,463
271:25,28,42,58,64,68,79,90,96,106,108,117,121,127,145,187,219,223,238,244,245,252,261,377,273,305,349,350,370,381,392,399,428,457,463,467,477
272:18,33,34,40,50,60,64,69,75,83,88,91,119,130,138,179,184,197,204,205,206,211,217,232,240,250,268,454,290,295,315,372,390,393,405,407,409,413,427,431,432,434,440,444,451,457,472
273:2,16,17,42,46,59,67,74,75,92,120,130,160,161,183,211,222,233,246,253,255,256,257,258,268,271,477,275,276,295,301,302,304,311,325,339,351,356,359,370,371,378,414,423,428,438,439,442,456,476
274:19,29,59,73,93,96,98,106,123,130,176,210,222,223,237,240,264,422,280,302,304,315,331,352,372,374,384,389,394,403,413,420,441,456
275:14,32,36,42,53,55,103,135,139,147,152,173,195,236,263,270,273,331,293,296,317,322,325,340,361,373,392,393,400,405,411,429,432,448
276:2,10,29,67,88,113,117,121,124,156,183,186,205,208,222,273,426,287,295,297,331,332,343,352,365,368,369,375,390,410,421,422,423,429,432,447,454
277:32,49,54,56,64,78,80,83,96,101,110,130,131,160,162,167,186,196,206,208,211,218,221,236,256,358,278,290,315,317,338,398,415,420,432,445,448,449,450,452
278:0,17,33,37,53,54,75,83,91,108,109,117,130,131,149,158,163,170,208,221,246,254,277,344,295,299,304,309,315,316,317,319,332,351,352,362,371,372,418,433,439,464,474
279:5,12,28,36,42,47,78,106,134,136,167,171,176,178,181,188,198,199,216,222,236,239,255,270,447,288,290,295,302,310,324,360,370,378,409,424,450,453,456,468,470,472
280:11,29,79,89,117,119,125,160,169,176,178,180,181,212,218,259,263,268,274,436,291,298,324,326,334,339,342,347,358,371,381,396,400,412,430,439,472
281:1,13,14,20,45,47,48,52,57,75,83,91,128,130,134,144,160,173,176,180,186,193,208,213,221,226,244,260,264,265,465,291,307,312,337,362,367,376,381,412,428,459,472,474,478
282:4,37,68,71,77,79,82,89,98,120,146,151,167,169,190,205,229,252,270,419,285,327,331,337,345,353,360,364,369,375,376,384,431,433,439,442,451
283:2,11,16,26,29,39,40,45,47,50,58,68,71,85,98,135,147,171,192,195,208,220,228,229,230,233,241,268,394,290,301,307,328,363,368,373,374,383,391,402,419,421,425,431,463
284:33,49,122,125,126,133,163,174,185,192,194,198,202,203,225,232,244,246,251,387,294,297,317,320,350,369,394,408,418
285:4,9,39,54,65,68,70,71,92,113,119,127,133,137,150,163,174,194,205,206,223,224,234,247,260,282,375,303,313,344,346,351,359,360,371,380,389,393,398,416,426,434,442,465,467,470,473
286:14,27,34,56,67,76,80,104,131,142,146,149,173,181,184,206,210,216,239,242,246,345,296,304,305,327,364,370,381,400,415,423,446,456,459,479
287:1,14,26,47,62,63,81,87,99,124,135,162,163,177,206,211,218,228,238,253,276,307,323,331,337,344,368,374,384,396,425,438,454
288:0,2,4,17,25,30,55,67,70,79,84,91,112,122,125,127,164,166,171,176,181,185,196,214,240,258,279,392,297,314,327,332,334,355,398,420,445,465
289:7,10,12,33,49,73,81,86,120,126,129,139,140,141,149,158,162,164,173,182,203,244,300,305,314,319,326,361,370,398,399,441,442,446,461
290:30,46,47,72,94,96,113,119,130,134,135,141,142,185,192,193,205,215,226,254,272,277,279,283,366,296,304,322,334,337,354,367,372,377,390,417,421,430,433,441,451,477
291:6,11,12,14,16,19,23,26,86,111,126,140,143,162,171,173,193,199,207,211,219,231,232,235,260,263,280,281,395,311,315,323,329,348,352,356,364,368,373,385,387,388,399,401,409,411,419,429,457,471,472,476
292:10,13,83,104,107,116,118,130,163,184,197,215,227,230,236,238,245,250,259,267,459,310,313,319,321,323,337,341,342,351,370,373,376,383,430,431,445,467,469,479
293:6,12,19,20,33,35,38,48,50,58,84,86,91,106,112,128,147,156,158,159,169,182,187,190,213,217,223,233,254,264,270,275,357,304,314,318,328,361,388,408,411,416,421,425,428,431,434,451,461
294:31,41,55,59,62,71,80,99,152,159,160,177,184,185,215,222,248,284,471,295,303,310,314,317,318,319,322,323,339,344,371,376,382,397,402,407,446,452,467,477
295:3,8,14,35,42,44,52,59,60,61,62,68,77,82,86,96,103,143,149,154,193,196,209,231,272,273,276,278,279,294,432,304,322,333,340,348,362,401,456,467,472,475,478
296:5,29,40,63,100,114,127,131,149,156,170,174,180,186,188,210,232,240,254,255,259,266,275,286,290,371,374,378,385,388,393,400,409,429,438,439,445,457,475
297:0,10,45,55,83,93,112,118,162,165,169,171,174,188,189,218,276,284,288,420,307,321,325,343,366,378,379,435,445,451,465,467,471,473
298:4,10,22,47,55,73,77,92,94,116,133,139,168,189,208,210,213,219,221,239,253,254,256,262,280,322,307,316,334,338,340,345,351,354,355,370,376,384,406,412,449,454,473
299:0,1,4,13,26,36,37,53,70,74,88,98,118,122,130,149,176,185,200,205,210,229,230,232,245,251,266,268,278,459,325,327,336,351,368,372,379,386,406,407,420,431,432,433,458
300:4,10,14,27,29,80,89,92,94,126,153,154,163,166,182,207,226,228,231,238,250,262,269,289,412,308,331,343,349,361,362,369,371,406,421,427,446,450
301:1,29,30,39,51,53,57,70,76,80,92,110,122,137,144,146,155,165,180,184,199,207,208,212,219,232,240,265,268,273,283,466,309,320,337,359,363,371,379,388,398,401,411,462
302:21,24,36,48,58,60,61,107,128,131,147,154,155,163,172,185,192,193,200,213,216,226,227,261,266,270,273,274,279,418,329,354,366,375,397,410,438,444,450,466
303:5,8,17,53,64,81,109,121,143,148,156,158,161,169,198,201,232,237,258,268,269,285,294,421,304,325,356,365,371,405,431,453,454,455,466,472
304:36,42,79,80,82,84,108,125,133,134,148,154,162,165,190,197,213,242,244,247,257,259,269,270,273,274,278,286,290,293,295,303,331,311,325,335,348,354,355,370,416,419,432,442,452,465,467
305:1,11,15,17,18,23,27,28,32,34,36,43,71,85,92,109,117,131,153,154,157,161,164,165,172,174,175,177,199,201,206,217,237,249,271,286,289,384,319,327,342,365,366,376,377,389,405,425,426,452,467
306:11,17,30,32,33,34,46,61,64,65,89,96,107,108,109,121,129,132,138,139,144,153,159,165,168,171,173,190,194,202,205,212,213,226,230,262,268,270,392,310,311,314,319,342,346,389,408,425,459,463,474
307:42,58,61,73,94,95,99,110,117,119,123,152,159,161,164,172,198,201,203,217,235,252,261,263,281,283,287,297,298,346,335,347,378,384,398,406,424,442,447,448,479
308:22,29,49,52,55,64,77,93,113,120,124,125,142,154,160,193,206,209,300,391,311,325,329,342,356,368,371,402,408,439,441,451,455,463,465,468
309:0,18,28,32,42,49,53,73,79,95,97,102,119,125,141,157,170,177,182,204,219,235,238,265,278,301,405,315,335,345,350,356,375,380,397,429,434,438,458,471
310:11,29,35,36,50,59,71,72,82,98,109,115,120,138,162,174,179,186,190,197,202,232,246,279,292,294,306,342,315,335,344,350,360,367,383,389,392,415,418,447,451,452,458,471,479
311:4,14,28,35,72,81,82,91,94,97,99,141,161,163,169,199,201,202,219,223,255,262,273,291,304,306,308,420,316,325,334,374,379,390,393,396,401,427,442,445,460
312:2,22,28,33,45,85,111,151,161,170,182,186,191,199,220,222,242,245,264,281,421,319,321,328,336,339,341,345,349,364,369,374,424,429,433,442,452,467,473
313:8,18,35,44,51,52,95,109,110,121,135,167,178,195,199,206,220,230,261,285,292,467,318,347,358,369,373,378,386,396,397,421,433,443,449,455,459,469,473,476
314:0,9,27,29,33,37,49,51,53,61,70,78,81,84,98,113,128,144,150,194,207,261,288,289,293,294,306,454,323,336,338,345,396,399,434,455,458
315:5,18,51,60,61,89,91,116,123,153,155,163,174,179,193,211,226,229,240,243,248,272,274,277,278,291,309,310,335,324,330,357,364,377,388,392,394,425,427,428,456,460,462,463,474
316:29,80,83,107,110,130,141,144,146,150,153,163,166,174,201,202,209,212,222,233,238,245,248,256,258,259,265,278,298,311,478,318,333,373,384,391,399,400,420,425,437,453,475
317:6,13,44,77,90,106,123,141,142,154,175,201,202,228,236,260,261,275,277,278,284,294,362,320,327,329,340,350,364,367,401,424,447,454
318:4,9,19,31,32,37,40,50,51,61,64,75,127,129,147,152,154,169,172,180,201,203,204,206,222,224,228,234,252,254,258,293,294,313,316,368,327,332,365,379,382,398,399,410,424,461,474,479
319:27,37,48,54,56,95,97,108,136,153,156,171,185,191,193,212,216,219,224,250,251,269,278,289,292,294,305,306,312,453,325,326,366,372,388,394,408,412,442,461,470
320:7,19,32,43,63,76,81,106,111,113,124,136,140,144,155,160,161,187,194,205,221,239,241,242,245,258,259,260,265,270,284,301,317,472,335,346,349,380,384,408,409,410,417,423,424,459,470,478
321:16,41,69,82,83,92,99,102,106,107,121,129,133,143,145,158,161,176,179,181,194,195,206,220,224,240,246,261,262,292,297,312,400,324,331,344,346,350,351,369,371,385,389,392,404,416,418,426,462,464
322:5,8,14,17,23,25,28,38,40,79,86,93,108,117,127,146,155,158,159,160,174,181,194,216,225,228,238,268,275,290,294,295,298,419,327,354,359,363,373,375,382,392,398,404,412,418,429,442,468
323:4,39,50,58,75,78,95,102,104,121,126,131,136,139,145,149,167,174,208,212,215,223,233,241,244,262,287,291,292,294,314,375,325,337,343,348,367,382,384,395,433
324:22,41,48,52,56,57,62,63,126,179,185,206,208,226,227,230,231,238,242,247,258,279,280,315,321,329,330,348,349,350,355,358,378,389,399,408,411,415,453,475,477
325:2,3,11,22,33,44,45,48,58,89,124,126,137,138,141,216,226,231,238,250,273,275,297,299,303,304,308,311,319,323,403,333,350,358,360,369,371,375,385,400,410,411,422,435,455,461,465,477,478
326:0,10,24,30,82,89,95,110,139,160,163,171,185,199,206,229,236,247,248,267,270,280,289,319,472,328,329,334,335,339,354,367,380,404,411,418,420,421,424,441,446,476
327:15,38,59,72,87,96,103,107,120,121,134,138,178,196,200,203,207,223,235,251,252,254,259,282,286,288,299,305,317,318,322,442,332,365,377,379,396,420,436,450,455,474,478
328:17,45,48,89,91,96,104,109,118,124,139,146,147,182,202,213,250,270,283,293,312,326,375,335,346,367,381,409,410,437,453
329:1,5,45,54,61,89,110,120,140,162,184,202,213,214,224,236,247,259,291,302,308,317,324,326,330,338,345,350,352,361,391,394,399,405,421,426,428,429,437,443,451
330:13,26,37,39,81,97,113,143,159,165,206,208,212,244,250,258,268,315,324,329,401,333,357,359,360,362,372,373,375,376,378,387,391,403,408,412,433,437,444,445,457,467
331:8,15,24,33,38,45,71,81,103,111,116,150,168,175,177,195,200,204,207,216,231,236,257,274,275,276,282,287,300,304,321,351,368,369,370,393,403,410,413,418,426,429,433,446,449,470
332:21,32,35,88,94,95,100,103,107,116,118,120,124,126,129,135,136,138,148,150,169,188,192,203,205,224,238,241,247,256,276,278,288,318,327,383,342,354,362,366,378,404,405,407,415,430,448
333:15,16,28,46,47,49,68,71,94,99,104,111,118,135,143,144,151,154,160,162,170,178,182,184,209,229,231,240,242,247,258,264,269,295,316,325,330,427,345,358,377,382,391,395,398,443,453,463,466,475
334:2,4,17,28,47,49,63,73,90,97,119,120,135,163,175,181,182,183,189,192,201,229,230,238,239,240,244,269,280,288,290,298,311,326,476,337,343,364,375,389,390,392,437,450,470,473
335:31,33,51,54,57,63,71,98,105,108,119,129,133,142,146,147,153,154,176,182,189,201,211,213,237,246,247,248,265,304,307,309,310,315,320,326,328,352,338,358,373,374,380,425,438,446,451,454,473
336:8,38,49,56,63,68,76,81,102,104,128,154,165,167,178,203,215,216,228,299,312,314,441,341,347,348,362,363,365,382,388,390,412,422,436,439,448,451
337:1,9,12,24,33,35,36,48,51,72,88,113,120,124,158,164,198,228,230,251,281,282,287,290,292,301,323,334,439,358,392,399,402,405,407,433,461,475
338:3,4,15,16,24,29,54,58,60,64,69,79,100,103,108,111,115,119,163,164,168,173,197,204,233,254,263,277,298,314,329,335,411,348,355,368,376,382,385,398,426,455,462,474
339:16,20,49,64,66,72,86,126,152,172,189,211,229,239,242,254,273,280,294,312,326,354,364,374,375,397,401,434,441,462,463,468,469,472,479
340:13,25,34,35,38,39,47,54,60,65,121,139,148,149,150,151,163,177,188,199,203,213,228,232,244,254,257,258,275,295,298,317,473,349,359,382,422,437,479
341:2,12,31,37,58,76,90,112,148,151,157,187,207,231,244,254,260,292,312,336,356,351,367,370,375,384,387,388,394,402,435,452,457,465,471
342:1,14,23,30,37,39,55,57,64,79,87,91,94,102,126,127,164,171,191,192,200,212,217,222,265,280,292,305,306,308,310,332,423,349,355,372,375,396,398,399,411,453,462,472,477,479
343:18,33,46,74,76,101,111,121,130,136,145,153,154,160,168,169,212,213,216,220,236,237,252,259,276,297,300,323,334,418,367,369,392,406,433,445,454,466
344:35,52,70,74,101,108,130,136,138,142,153,176,199,201,203,208,225,254,257,278,285,287,294,310,321,395,380,432,437,441,444,445,464,471,473
345:6,8,12,14,18,46,78,97,115,135,144,164,167,168,180,183,188,222,225,229,240,243,282,286,298,309,312,314,329,333,442,353,368,400,404,409,436,458,464,477,478
346:5,6,7,12,28,56,76,79,81,85,87,99,102,113,140,142,145,152,158,164,184,188,190,192,194,215,222,228,231,263,267,285,306,307,320,321,328,385,354,370,372,395,418,420,422,440,450,453,477
347:28,32,49,61,72,73,74,88,102,115,119,152,163,169,170,178,183,197,225,226,234,235,249,251,257,270,280,307,313,336,418,358,364,373,374,384,414,421,438,447,455,462
348:3,35,58,68,76,81,87,91,117,156,178,185,193,210,229,242,248,249,291,295,304,323,324,336,338,461,369,374,377,401,409,412,418,431,434,447,458,459,462,472
349:7,23,24,28,64,65,68,73,74,78,88,106,115,125,155,176,178,191,192,198,210,212,232,237,240,253,271,300,312,320,324,340,342,353,352,374,388,398,401,403,436,442,451,467,469,473
350:2,36,70,92,100,103,109,110,123,146,147,150,154,157,162,181,198,201,220,223,247,271,284,309,310,317,321,324,325,329,455,374,375,376,385,396,403,406,417,434,437,463,466,471
351:7,8,12,24,32,41,44,47,73,78,99,101,109,134,137,140,151,164,170,174,178,186,217,253,263,273,278,285,292,298,299,321,331,341,354,358,390,394,399,408,412,426,432,446,457,469
352:3,5,36,49,55,57,73,95,108,143,157,163,205,214,225,232,234,236,242,255,263,274,276,278,291,329,335,349,387,371,395,410,434,435,450
353:17,21,24,29,40,52,53,58,59,61,62,66,67,89,109,115,118,119,145,148,151,155,156,217,238,240,257,262,264,266,267,282,345,349,434,355,375,378,387,397,466,468,476
354:13,16,24,29,31,68,71,76,109,120,129,144,146,154,164,173,196,198,203,230,235,236,238,249,264,266,268,290,298,302,304,322,326,332,339,346,351,440,360,369,374,376,405,410,413,420,423,435,464
355:16,24,27,40,42,49,70,91,129,143,147,155,156,163,167,191,212,213,229,237,255,256,264,266,288,298,304,324,338,342,353,374,367,402,433,443,449,468
356:1,21,31,45,60,84,94,97,108,111,116,132,159,191,196,205,225,233,238,261,264,267,273,291,303,308,309,341,404,366,383,401,410,412,420,432,449,450,452,455,463,467,472,475
357:24,31,46,47,90,100,103,127,132,145,153,167,192,226,234,236,293,315,330,419,367,380,394,400,401,445,454,462,474
358:9,12,14,28,29,31,35,61,74,86,93,96,101,118,143,145,161,172,192,203,216,236,241,250,259,277,280,313,324,325,333,335,337,347,351,362,359,374,376,381,384,425,442,467,471
359:29,30,34,35,40,78,96,106,120,121,129,155,158,168,178,186,213,214,223,237,242,243,263,273,285,301,322,330,340,358,394,387,388,430,436,439,440,448,466,467
360:22,23,28,29,37,42,50,56,57,105,163,165,222,227,243,244,248,262,279,282,285,310,325,330,354,464,388,390,413,428,477
361:5,9,13,15,45,47,67,85,119,123,124,211,215,231,237,243,245,268,275,289,293,300,329,474,370,399,410,411,413,453,457,468
362:2,5,8,10,47,51,73,91,105,107,108,131,144,169,188,204,237,260,265,266,278,281,295,300,317,330,332,336,358,450,387,391,399,413,415,427,435,439,446
363:26,47,49,53,54,55,63,71,72,79,98,105,106,128,129,131,133,156,157,158,164,182,198,211,216,226,233,259,265,283,301,322,336,441,366,372,409,425,445,470
364:5,19,52,76,79,80,97,107,145,146,188,192,195,199,211,212,228,229,233,238,243,253,265,282,286,291,312,315,317,334,339,347,400,371,388,405,412,435,440,444,468
365:26,37,49,60,87,90,101,103,104,143,154,168,204,220,229,250,262,266,269,276,303,305,318,327,336,397,454,456,460,467,472
366:22,47,49,74,110,157,159,184,195,200,203,207,242,256,259,265,290,297,302,305,319,332,356,363,401,376,386,394,409,425,441,447,468,477,479
367:7,12,31,39,45,53,56,57,63,65,84,108,109,112,116,131,145,168,169,182,206,219,220,234,268,281,290,310,317,323,326,328,341,343,355,357,430,386,391,399,401,415,425,428,443,459
368:1,30,33,39,62,66,120,133,135,136,152,197,209,215,235,243,259,267,270,276,283,287,291,299,308,318,331,338,345,432,381,384,399,402,404,416,424,433,464,471,474,478
369:8,16,24,31,38,39,54,72,76,97,104,105,106,116,118,119,129,147,162,177,183,201,207,211,212,224,230,238,261,276,282,284,300,312,313,321,325,331,343,348,354,467,370,371,393,413,417,420,426,469,473,476
370:0,3,28,39,46,49,50,53,64,71,84,94,100,101,108,110,118,137,152,172,176,196,199,219,261,271,273,279,286,289,292,298,304,331,341,346,361,369,435,390,396,409,415,422,424,433,437,462,468,479
371:14,15,18,23,31,54,102,106,112,113,118,127,156,158,162,163,178,189,191,204,209,210,212,213,215,273,278,280,285,294,296,300,301,303,308,321,325,352,364,369,457,390,407,420,426,439,441,442,472
372:6,9,23,25,75,84,105,115,132,146,181,184,204,207,214,216,253,272,274,278,290,299,319,330,342,346,363,455,392,393,407,452,453,454,456,466,477
373:16,17,53,82,95,101,106,131,138,166,169,185,187,196,206,220,226,234,256,257,259,275,283,291,292,313,316,322,330,335,347,392,381,393,402,410,419,428,438,450,456,463,469,475,476
374:13,16,33,39,42,46,49,55,61,62,73,81,82,97,105,114,142,162,168,185,213,222,228,274,283,287,296,311,312,335,339,347,348,349,350,354,355,358,430,376,377,382,393,395,401,410,417,418,425,432,453,461,465
375:3,5,55,91,101,109,128,129,130,171,202,228,232,233,235,249,255,261,263,264,276,282,285,302,309,322,323,325,328,330,334,339,341,342,350,353,419,384,394,397,401,403,410,436,442,447,460
376:7,12,21,43,46,49,66,94,108,139,142,161,166,184,188,190,238,265,266,269,281,282,292,294,298,305,330,338,350,354,358,366,374,379,405,421,452,460,462,464,477
377:1,3,19,65,89,116,137,149,151,152,156,196,204,207,210,213,248,254,271,290,305,315,327,333,348,374,412,386,394,395,401,402,405,425,426,439,442,473
378:5,28,31,41,48,57,61,62,73,80,92,114,135,137,143,151,187,198,202,234,242,252,253,261,273,279,296,297,307,313,324,330,332,353,443,396,410,412,418,421,426,429,430,432,445,447,454
379:3,15,20,40,51,67,71,88,94,98,99,101,114,122,127,132,157,159,161,198,199,209,221,223,237,241,258,297,299,301,311,318,327,376,387,380,382,406,409,436,446,456,463,479
380:2,14,19,21,34,51,54,60,75,79,91,99,108,113,166,167,169,177,192,197,213,222,233,238,285,309,320,326,335,344,357,379,468,388,391,403,416,420,423,472,477,478,479
381:27,29,43,48,61,65,74,76,94,105,113,124,126,132,138,139,142,143,154,196,199,204,206,227,245,250,256,263,271,280,281,286,328,358,368,373,402,408,423,427,441,445,462,467,471
382:13,39,65,94,104,120,128,140,146,147,181,184,193,196,198,210,214,221,226,246,267,294,318,322,323,333,336,338,340,374,379,469,392,405,422,432,457,459,476
383:10,21,25,36,39,44,54,60,69,74,89,92,96,102,109,112,133,147,148,153,161,181,183,194,195,197,210,228,229,268,283,292,310,332,356,436,384,391,401,422,438,449,467,470,479
384:44,47,53,55,56,91,121,122,129,138,180,181,209,212,240,251,256,257,259,262,265,274,282,287,298,305,307,316,320,323,341,347,358,368,375,383,442,390,392,396,403,413,435,438,440,462
385:5,29,30,36,55,57,71,73,91,99,105,119,129,131,137,139,142,159,174,191,211,214,231,241,246,291,296,321,325,338,346,350,427,395,400,401,434,457,459,462
386:1,12,38,42,71,72,75,79,124,142,175,179,198,206,207,226,238,239,262,269,299,313,366,367,377,440,394,456,459,461
387:9,10,17,27,36,44,56,66,70,75,102,106,128,170,171,173,194,205,218,266,284,291,330,341,352,353,359,362,379,458,389,406,436,446
388:7,11,17,26,31,36,53,70,78,114,116,136,157,162,176,180,183,186,210,226,229,232,237,250,254,255,264,291,293,296,301,315,319,336,341,349,359,360,364,380,443,396,398,403,424,426,435,444,457,464
389:0,15,27,47,79,101,151,161,168,177,185,192,210,230,247,252,265,274,285,305,306,310,321,324,334,387,479,390,401,403,406,444,451,466,473,475,478
390:6,8,16,35,49,66,68,75,85,98,99,102,103,109,121,122,127,132,137,149,156,198,199,200,213,226,248,263,264,272,276,290,311,334,336,351,360,370,371,384,389,405,434,464,466,470,475
391:5,36,66,91,92,101,125,136,154,168,180,186,217,219,227,229,233,241,283,308,316,329,330,333,362,367,380,383,437,405,419,422,434,438,439,443,449
392:11,15,40,43,64,71,108,134,144,146,157,160,162,164,174,179,184,205,245,259,270,271,275,288,306,310,315,321,322,334,337,343,372,373,382,384,402,399,448
393:29,31,52,61,63,70,74,81,82,90,105,108,127,145,149,156,160,166,205,214,223,239,248,272,275,285,296,311,331,369,372,373,374,423,396,412,419,448,452,465,478
394:5,34,36,41,58,79,81,91,95,132,134,191,197,205,213,235,246,262,264,274,283,284,315,319,329,341,351,357,359,366,375,377,386,479,402,416,421,435,440,442,455,459,466
395:20,26,61,71,75,82,93,97,100,118,123,128,129,157,159,166,173,190,193,203,206,219,249,260,261,265,270,291,323,333,344,346,352,374,377,385,415,398,404,419,423,428,438,450,453,461,471,477
396:4,19,25,46,120,150,160,200,220,237,241,244,254,264,266,280,287,311,313,314,327,342,350,370,378,384,388,393,421,409,413,414,420,432,442,462
397:0,38,45,52,70,78,80,81,82,98,105,119,125,145,151,153,167,171,175,191,192,206,210,212,225,268,294,302,309,313,339,353,365,375,465,401,408,411,421,433,439,441
398:7,10,12,58,65,81,88,89,106,108,112,143,151,173,178,180,277,285,288,289,301,307,318,322,333,338,342,349,388,395,461,419,420,422,428,453,455,474
399:1,2,8,40,47,49,66,70,96,99,122,126,129,135,144,158,176,192,209,218,220,230,235,243,248,259,260,261,265,271,289,291,314,316,318,324,329,337,342,351,361,362,367,368,392,423,400,402,410,422,426,457,461,463,466,473,474
400:5,9,10,15,16,20,32,47,55,65,75,110,112,123,128,167,181,197,203,263,275,280,286,296,316,321,325,345,357,364,385,399,463,433,436,454,461,464,468,470,473
401:4,14,47,57,67,78,91,101,115,119,144,150,157,168,176,186,213,236,258,263,268,269,291,295,301,311,317,330,339,348,349,356,357,366,367,374,375,377,383,385,389,397,409,421,423,443,445,477
402:16,51,76,86,89,97,110,154,168,205,214,237,243,249,259,283,294,308,337,341,355,368,373,377,381,392,394,399,425,421,431,441,467,469
403:20,21,26,74,79,95,130,140,177,179,190,232,245,274,325,330,331,349,350,375,380,384,388,389,442,405,416,423,461,462,479
404:6,34,45,47,59,68,69,79,83,84,106,108,120,121,131,138,147,185,229,255,263,269,270,321,322,326,332,345,356,368,395,431,416,429
405:41,54,59,76,78,89,97,118,136,183,186,195,222,238,246,261,272,275,303,305,309,329,332,337,354,364,376,377,382,390,391,403,446,412,416,437,440,445,447,448,466,471,474
406:53,62,71,72,77,81,107,114,115,116,121,133,140,145,155,163,172,196,215,223,224,228,231,232,247,249,251,253,265,298,299,300,307,343,350,379,387,389,478,409,447,450,452,453,460
407:0,13,35,41,47,57,67,92,154,156,171,194,198,217,272,294,299,332,337,371,372,463,421,455,475
408:9,34,43,63,90,92,99,100,118,121,125,137,138,142,143,146,193,230,240,243,255,284,293,306,308,319,320,324,330,351,381,397,477,427,442,444,448,458,464,470,475
409:18,22,34,43,46,61,86,88,95,103,108,125,161,172,176,178,185,191,194,196,219,229,230,239,248,268,272,279,291,296,320,328,345,348,363,366,370,379,396,401,406,474,413,426,430,444,448,468
410:4,36,46,47,51,63,85,106,135,175,179,191,195,199,211,214,221,225,240,276,302,318,320,325,328,331,352,354,356,361,373,374,375,378,399,430,435,440,457,463
411:32,44,52,69,76,79,98,105,135,140,141,158,180,200,206,216,225,260,265,275,291,293,301,324,325,326,338,342,361,397,412,427,429,433,435,467,470,475,477
412:10,12,24,35,48,50,53,76,81,88,93,98,135,139,152,187,225,261,263,280,281,298,300,319,322,330,336,348,351,356,364,377,378,393,405,411,452,415,416,417,441,442,446,448,449,465,467
413:20,25,30,40,42,50,57,78,80,109,122,131,134,139,146,162,164,190,247,250,259,272,274,331,354,360,361,362,369,384,396,409,422,415,424,450,464,468
414:6,8,28,70,92,96,99,131,135,143,151,176,190,192,200,204,250,273,347,396,426,419,439,454,463,470
415:45,58,118,124,141,143,149,159,163,166,174,175,180,182,197,209,213,224,244,250,270,277,286,310,324,332,362,367,370,395,412,413,417,445,450,458
416:15,34,40,44,54,58,69,73,115,134,145,151,155,166,173,184,191,197,217,225,232,247,251,254,269,285,293,304,321,368,380,394,403,404,405,412,426,423,433,457
417:12,32,34,45,48,53,62,63,78,97,107,112,154,162,201,215,222,244,246,262,268,290,320,350,369,374,412,415,431,424,426,438,456,461
418:10,11,35,49,59,73,75,92,97,102,137,160,182,195,196,228,263,278,284,302,310,321,322,326,331,343,346,347,348,374,378,431,429,433,438,471
419:1,27,33,60,69,74,75,93,131,135,137,141,149,154,160,161,197,221,245,265,282,283,291,304,322,357,373,375,391,393,395,398,414,422,420,426,450,466,472
420:16,18,29,43,49,57,61,71,86,139,146,194,195,196,200,206,223,228,258,270,274,277,288,297,299,311,316,326,327,346,354,356,369,371,380,396,398,419,479,425,438,443,448,449,450
421:6,11,18,41,46,58,70,78,113,120,127,140,142,153,155,165,189,202,209,238,239,240,247,276,283,290,293,300,303,312,313,326,329,347,376,378,394,396,397,401,402,407,433,449,451,452,470
422:1,6,21,55,62,70,75,98,128,135,152,199,201,203,208,225,228,232,237,258,274,276,325,336,340,346,370,382,383,391,398,399,413,419,450,438,455,473
423:11,32,35,40,41,71,74,80,108,116,117,134,136,149,156,167,177,236,245,261,268,273,276,286,320,342,354,380,381,393,395,399,401,403,416,478,429,437,440,446
424:8,12,21,38,49,51,52,55,56,58,59,91,92,123,127,128,159,171,207,215,217,235,244,247,258,267,279,307,312,317,318,320,326,368,370,388,413,417,428,435,441,453,467
425:22,56,58,62,82,98,115,128,179,180,193,197,198,210,221,222,227,232,236,239,242,245,283,287,293,305,306,315,316,335,358,363,366,367,374,377,402,420,464,426,434,448,457,470
426:4,23,75,79,87,89,103,114,143,157,165,182,193,207,222,223,232,252,259,266,276,285,305,321,329,331,338,351,369,371,377,378,388,399,409,414,416,417,419,425,459,452
427:0,6,9,32,34,47,51,57,60,81,85,99,119,123,131,139,145,147,174,177,178,179,200,224,229,234,249,268,272,300,311,315,333,362,381,385,408,411,477,431,447
428:6,8,13,16,28,34,36,47,64,72,75,79,91,99,110,116,120,128,144,145,158,162,171,173,175,183,190,192,239,255,261,271,273,281,293,315,329,360,367,373,395,398,424,455,432,451,465,478,479
429:6,16,45,52,69,85,93,106,108,156,200,201,202,210,216,218,219,230,232,243,262,275,276,291,296,309,312,322,329,331,378,404,411,418,423,474,439,442,471
430:2,35,40,49,51,55,57,63,68,75,95,101,128,152,166,207,226,230,252,264,280,290,292,332,359,367,374,378,409,410,477,438,456
431:27,51,70,133,174,180,211,216,244,272,282,283,292,293,299,303,348,402,404,417,418,427,471,432,436,446,448,455,456,474,478
432:4,58,75,85,113,121,133,136,149,163,166,187,205,206,209,226,250,272,275,276,277,295,299,304,344,351,356,368,374,378,382,396,428,431,476,437,438,448,467
433:0,27,68,99,104,107,123,128,143,155,157,159,161,222,228,229,234,248,251,260,262,265,266,270,278,282,290,299,312,313,323,330,331,337,343,355,368,370,397,400,411,416,418,421,462,445,466,472
434:0,11,23,26,42,67,68,76,109,121,132,135,141,160,163,190,202,208,212,223,229,234,249,258,272,285,293,309,314,339,348,350,352,353,385,390,391,425,458,439,448,478
435:2,5,6,9,17,25,31,56,63,75,81,88,105,123,131,139,142,154,157,161,178,191,205,211,243,255,260,297,325,341,352,354,362,364,370,384,388,394,410,411,424,447,449
436:6,8,15,24,65,86,88,138,140,165,211,216,220,223,226,248,254,258,265,280,327,336,345,349,359,375,379,383,387,400,431,449,467
437:0,4,31,33,35,37,62,66,70,84,93,94,96,115,120,130,134,153,156,189,197,207,209,214,220,231,238,255,316,328,329,330,334,340,344,350,370,391,405,423,432,458,469,472
438:0,3,35,44,71,79,104,108,118,121,128,141,149,166,167,170,175,199,211,213,215,216,226,230,231,233,236,242,273,287,296,302,309,335,347,373,383,384,391,395,417,418,420,422,430,432,474,439,449
439:21,24,27,32,33,74,83,86,92,97,101,107,140,149,164,174,181,185,217,218,248,273,278,280,282,296,308,336,337,359,362,371,377,391,397,414,429,434,438,457,442,454,461,463
440:28,55,61,67,70,78,84,86,101,107,139,160,181,187,202,217,219,234,272,346,354,359,364,384,386,394,405,410,423,478,446,457,471
441:11,13,35,46,54,60,63,133,139,144,158,160,162,165,175,184,199,206,224,229,263,274,289,290,308,326,336,339,344,363,366,371,381,397,402,412,424,454,450,478
442:10,13,23,34,54,62,64,66,71,98,107,109,123,126,154,176,179,185,187,195,223,235,238,253,273,282,285,289,304,307,311,312,319,322,327,345,349,358,371,375,377,384,394,396,403,408,412,429,439,470,460,463,465,478
443:22,46,50,83,92,98,126,128,144,152,158,159,161,202,204,208,209,237,258,313,329,333,355,367,378,388,391,401,420,461,462,473,479
444:9,20,33,45,49,59,78,83,100,121,125,144,149,156,159,166,172,232,238,241,242,249,251,264,266,272,302,330,344,364,388,389,408,409,473,454,457
445:6,15,24,26,32,39,52,54,60,72,78,81,84,86,87,99,105,114,131,138,159,161,164,185,190,200,215,244,249,257,264,277,288,292,296,297,311,330,343,344,357,363,378,381,401,405,415,433,451
446:10,46,76,77,107,115,136,139,140,142,145,154,199,216,235,241,260,286,289,294,300,326,331,335,351,362,379,387,405,412,423,431,440,475,449,457
447:6,20,21,27,48,82,83,87,89,104,124,149,191,198,203,216,222,235,258,259,263,268,269,270,276,279,307,310,317,347,348,366,375,378,405,406,427,435,463,461
448:7,15,60,74,86,96,118,130,135,146,147,148,176,182,188,214,225,244,250,254,255,275,277,307,332,336,359,392,393,405,408,409,412,420,425,431,432,434,461,454,469
449:0,7,14,23,25,45,58,59,61,68,72,76,85,131,139,140,145,218,241,244,253,265,277,298,313,331,355,356,383,391,412,420,421,435,436,438,446,475,463,473
450:2,9,41,52,74,86,123,125,151,157,169,177,196,207,220,230,231,237,264,277,279,300,302,327,334,346,352,356,362,373,395,406,413,415,419,420,422,441,475,458,462
451:28,60,79,106,117,130,137,140,141,158,172,190,219,242,266,272,282,290,293,297,308,310,329,335,336,349,389,421,428,445,475,453,458
452:5,13,16,37,49,81,84,109,114,115,117,120,126,129,136,152,169,172,179,188,194,206,209,225,246,248,264,277,294,304,305,310,312,341,356,372,376,393,406,412,421,426,465,456
453:0,5,23,31,60,66,76,77,80,119,154,174,214,224,256,258,269,279,303,316,319,324,328,333,342,346,361,372,374,395,398,406,424,451,455,469,470
454:8,30,44,57,60,96,120,125,180,193,205,225,239,242,254,260,265,272,276,287,298,303,314,317,335,343,357,365,372,378,400,414,439,441,444,448,472,457,458,467
455:7,10,25,47,60,73,80,96,104,116,137,138,140,143,148,177,185,192,193,200,202,206,212,232,240,263,269,303,308,313,314,325,327,338,347,350,356,372,394,398,407,422,428,431,453,466,462,478
456:9,10,11,24,41,75,84,86,95,96,98,108,109,122,136,145,147,176,187,205,210,217,223,228,239,243,253,273,274,279,286,295,315,365,372,373,379,386,417,430,431,452,474,458,463
457:2,3,16,18,20,24,29,49,59,74,95,98,138,154,167,171,180,182,198,209,232,260,265,271,272,291,296,330,341,351,361,371,382,385,388,399,410,416,425,439,440,444,446,454,460,478
458:2,14,26,52,56,63,80,86,92,105,107,114,121,122,135,140,153,154,170,210,215,218,234,266,299,309,310,314,345,348,387,408,415,434,437,450,451,454,456,473,462,467,469
459:30,41,68,88,112,127,138,143,157,161,181,198,214,218,223,226,236,281,286,292,299,306,313,320,348,367,382,385,386,394,426,475,464
460:11,25,28,34,46,47,52,54,87,118,135,146,148,154,169,178,185,186,192,193,196,201,209,211,238,311,315,365,375,376,406,442,457,475,461,465,473
461:3,20,24,27,30,36,39,77,78,93,114,130,140,150,158,160,161,163,167,174,182,198,200,208,229,242,269,289,293,318,319,325,337,348,374,386,395,398,399,400,403,417,439,443,447,448,460,470
462:4,18,19,31,56,60,62,63,138,143,163,167,173,177,180,183,186,191,202,209,224,241,242,269,301,315,321,338,339,342,347,348,357,370,376,381,384,385,396,403,433,443,450,455,458,476,473
463:44,61,62,74,120,127,128,181,190,192,200,229,234,243,251,253,258,270,271,283,306,308,315,333,339,350,356,373,379,399,400,407,410,414,439,442,447,449,456,465,468,470
464:10,17,22,24,37,50,58,77,80,103,129,135,161,166,177,182,186,188,190,194,200,219,228,236,248,268,278,321,344,345,354,360,368,376,388,390,400,408,413,425,459,467,475
465:32,35,36,43,50,57,67,79,96,107,131,133,136,159,164,174,188,189,201,212,219,225,231,235,243,245,264,281,285,288,297,304,308,325,341,374,393,397,412,428,442,452,460,463,475
466:8,12,20,21,32,41,61,68,71,98,104,114,126,145,178,187,269,301,302,303,333,343,350,353,359,372,389,390,394,399,405,419,433,455,479,474
467:9,23,42,45,56,60,61,70,81,96,97,109,127,129,131,139,156,164,176,181,184,187,188,191,198,210,223,240,245,253,271,285,292,294,295,297,304,305,312,313,330,349,356,358,359,365,369,381,383,402,411,412,424,432,436,454,458,464,478,470
468:7,19,21,22,47,60,87,99,101,108,116,163,164,167,175,207,228,233,244,247,249,259,264,279,308,322,339,353,355,361,364,366,370,380,400,409,413,463,479,477
469:26,41,46,63,94,100,102,108,125,132,133,136,180,183,203,214,225,234,236,246,250,262,263,292,313,339,349,351,369,373,382,402,437,448,453,458,475
470:2,17,38,39,70,89,90,95,105,106,107,108,120,154,160,165,177,204,205,209,211,217,218,222,254,279,285,319,320,331,334,363,383,390,400,408,411,414,421,425,442,453,461,463,467,472
471:18,34,40,58,83,84,86,90,101,111,115,133,164,167,177,214,219,220,227,233,237,243,253,263,291,294,297,309,310,341,344,350,358,368,381,395,405,418,429,431,440,473,477
472:21,38,45,46,55,65,89,93,103,137,146,149,160,163,188,197,199,200,237,255,264,272,279,280,281,291,295,303,320,326,339,342,348,356,365,371,380,419,433,437,454,470,475,478
473:22,40,62,84,134,139,146,169,171,177,180,184,188,203,204,212,216,245,285,297,298,312,313,334,335,340,344,349,369,377,389,399,400,422,443,444,449,458,460,462,471,479,477
474:8,20,23,44,51,59,83,95,122,125,149,155,157,162,181,189,210,225,228,229,246,262,278,281,306,315,318,327,338,357,361,368,398,399,405,409,429,431,438,456,466,475,479
475:0,25,50,54,67,73,82,84,93,106,108,109,112,131,133,134,137,147,153,165,167,180,206,209,215,216,234,235,241,242,245,246,255,295,296,316,324,333,337,356,373,389,390,407,408,411,446,449,450,451,459,460,464,465,469,472,474,479
476:6,20,23,25,42,79,117,142,143,150,152,166,178,181,191,202,216,220,221,224,230,236,245,249,258,273,291,313,326,334,353,369,373,382,432,462,478
477:8,10,45,52,75,81,88,92,104,113,115,120,143,166,169,175,176,217,222,223,235,251,259,266,269,271,273,290,294,324,325,342,345,346,360,366,372,376,380,395,401,408,411,427,430,468,471,473,479
478:8,22,28,72,75,80,108,122,128,135,147,157,200,204,224,229,239,243,244,281,295,316,320,325,327,345,368,380,389,393,406,423,428,431,434,440,441,442,455,457,467,472,476,479
479:2,5,14,29,34,58,60,84,99,123,132,150,168,183,191,193,208,209,250,261,265,286,292,307,310,318,339,340,342,366,370,379,380,383,389,394,403,420,428,443,466,468,473,474,475,477,478
