0:299,35,51,71,80,81,85,89,107,131,155,196,207,210,249,258,291,300,334,338,346,347,360,369,394,396,402
1:319,5,16,42,46,65,70,76,117,126,128,149,157,176,200,229,240,251,252,267,272,276,278,279,299,345,393,395,401
2:205,35,39,70,83,141,148,156,178,181,209,224,229,262,279,283,287,304,326,328,357,367,388,414,425
3:345,5,30,53,117,132,140,143,149,157,164,169,171,204,212,238,263,286,352,362,373,404,414
4:283,17,26,39,50,66,67,88,100,105,118,119,149,156,179,207,208,225,231,287,290,301,355,440,443
5:1,3,113,22,42,63,86,101,102,105,149,166,188,197,217,227,234,250,255,276,281,282,290,349,390,428,430,431,441
6:198,49,50,69,165,190,202,210,214,227,238,281,309,331,343,363,376,391,401,408,409,412,445
7:39,41,43,49,70,109,116,158,171,187,198,212,244,249,278,305,336,339,355,378,414,425,426,435,448
8:198,30,37,53,54,55,64,76,78,92,100,116,131,148,156,168,170,174,199,218,233,246,291,292,297,298,385,415,421,426,431,438
9:395,16,40,57,60,61,69,140,161,203,205,239,280,292,305,315,332,351,356,367,388,439
10:70,42,53,55,58,101,109,130,163,167,171,191,211,216,220,224,227,240,264,282,297,302,306,309,310,329,382,385,404,405,416
11:212,30,49,90,91,108,109,148,165,187,235,282,290,292,305,322,356,426,433,445
12:423,32,34,42,61,65,73,94,120,121,128,132,248,274,301,306,327,340,348,372,389,392,434
13:191,22,26,30,86,87,89,122,137,155,156,163,164,166,202,226,272,273,288,294,381,419,425,434,441
14:184,15,18,37,40,47,59,74,78,95,138,143,154,162,169,178,227,230,246,296,303,305,307,313,318,322,324,336,349,355,395,398,424
15:14,155,26,28,30,31,46,65,77,88,128,129,163,170,177,181,200,224,254,257,262,267,283,301,318,322,374,392,408,414,415,441,449
16:1,9,419,29,37,55,75,85,104,115,118,139,143,147,174,194,249,273,307,311,314,370,374,375,383,406,412,432,443,447,448
17:4,141,56,75,80,111,135,148,165,174,182,183,201,226,288,330,375,401,403,429,435
18:14,346,35,59,60,61,90,97,122,132,139,162,184,191,193,194,215,235,239,249,258,281,297,304,311,334,351,360,365,384,387,408,409,415
19:213,22,37,41,49,52,66,70,72,77,121,165,175,187,198,210,316,342,357,363,378,387,390,415
20:52,26,29,56,77,130,132,135,137,164,213,225,252,265,271,302,310,329,335,359,361,373
21:419,45,97,164,174,175,208,216,237,266,287,290,297,316,347,353,361,378,394
22:5,13,19,224,32,36,54,69,75,79,85,106,107,108,138,140,145,148,158,176,201,236,255,278,355,376,377,419,425,435
23:175,40,43,47,74,93,103,159,163,181,184,186,196,208,236,241,242,259,265,267,274,278,319,320,325,349,378,399,407,413,415,430,436
24:50,37,41,47,49,84,99,115,123,134,144,156,157,163,173,178,195,196,212,236,239,240,249,261,265,296,298,301,336,339,346,397,407,425,444
25:311,31,43,49,55,57,111,125,150,168,179,180,203,205,231,248,368,390,392,394,402,410,419,422,444
26:4,13,15,20,148,43,58,61,65,70,82,85,86,106,109,121,131,144,147,150,169,181,182,191,225,254,258,290,296,319,321,322,326,341,378,409,424,431,439
27:327,31,49,75,110,118,126,164,206,247,250,257,260,294,342,362,367,368,383,391,395,426
28:15,173,31,32,33,72,105,110,112,149,165,193,196,197,231,236,279,281,293,294,299,301,314,344,375,384,391,393,395,408,412,420,425,438
29:16,20,357,32,35,51,61,83,103,104,108,119,128,153,155,161,175,189,202,207,218,226,245,258,275,279,293,309,314,333,337,341,362,367,368,388,418,448
30:3,8,11,13,15,76,35,40,88,90,123,126,133,149,171,203,205,213,323,354,372,428
31:15,25,27,28,140,61,102,109,164,180,182,189,195,198,225,250,264,268,300,311,332,344,395,411,417
32:12,22,28,29,180,127,128,190,211,218,224,225,229,230,327,333,340,362,363,364,386,399,432,440
33:28,399,50,59,74,142,149,163,207,211,222,250,307,309,311,348,369,377,385,400,408,412,435
34:12,204,67,78,90,97,107,124,145,154,159,166,167,169,182,186,213,237,267,272,274,289,322,323,352,361,386,393,404
35:0,2,18,29,30,348,73,81,100,105,129,140,144,159,204,217,250,273,274,290,293,338,341,345,384,385,395,433,434
36:22,286,43,66,78,80,86,93,110,117,123,154,173,179,206,225,226,232,240,245,247,303,306,323,380,389,418
37:8,14,16,19,24,435,51,71,97,117,123,141,169,218,221,228,245,252,258,260,264,278,301,304,327,353,354,361,365,383,396,398,440
38:299,40,60,103,124,127,128,131,139,143,196,289,306,324,344,346,364,398
39:2,4,7,280,48,50,57,84,90,98,146,155,170,194,206,260,263,264,271,283,303,331,336,355,400,410,431,439
40:9,14,23,30,38,369,46,51,63,68,83,89,102,104,122,135,162,165,167,168,169,176,183,213,233,244,264,274,282,284,297,303,319,326,327,329,333,338,353,360,368,379,383,394,398
41:7,19,24,139,72,88,95,117,125,138,161,170,177,195,203,204,263,270,290,298,312,319,323,336,385,401,408,419,437,438,446
42:1,5,10,12,143,46,58,61,90,101,105,139,142,152,159,162,166,185,209,216,245,255,276,312,330,383,405,408,436
43:7,23,25,26,36,197,75,80,90,109,114,117,124,149,187,244,298,301,334,350,362,399,407,408,415,426,434,437,444,447
44:421,52,57,64,66,68,69,90,107,108,148,200,202,218,256,271,282,297,304,320,325,332,362,374,383,386,387,405,427,434,447
45:21,335,49,85,197,209,217,218,231,254,273,278,285,310,312,317,333,357,365,381,389,400,412,418,426,438
46:1,15,40,42,82,98,118,148,165,173,182,196,236,243,245,270,288,353,376,379,391,392
47:14,23,24,84,56,59,61,62,68,71,82,100,111,115,126,134,141,178,181,192,236,246,258,279,286,290,293,310,313,322,339,346,361,414,416,418,421,422,434
48:39,255,59,90,133,176,184,190,195,209,211,215,223,230,271,306,307,309,315,322,328,329,380,381,411,418,442
49:6,7,11,19,24,25,27,45,181,61,62,68,80,85,119,128,134,147,149,171,222,243,253,270,287,320,341,345,346,351,362,377,402,412,431,441
50:4,6,24,33,39,121,67,79,89,91,110,114,129,150,162,185,192,200,202,220,224,311,312,330,337,353,428,431,433
51:0,29,37,40,212,62,63,65,74,79,111,119,126,138,139,148,153,155,188,233,268,299,307,312,328,332,334,362,364,385,412,415
52:19,20,44,296,59,65,71,84,93,104,121,149,212,217,246,251,261,274,292,327,338,351,374,398,403,433,448
53:3,8,10,129,88,101,131,139,157,161,165,205,208,214,227,229,236,246,250,256,268,333,335,340,354,435
54:8,22,152,58,60,64,71,89,109,122,146,153,167,189,218,251,260,269,291,311,322,328,337,340,344,352,377,422,423,439
55:8,10,16,25,111,68,83,99,169,179,196,220,278,280,290,296,302,327,347,352,390,401,402,416
56:17,20,47,389,60,88,94,98,102,109,121,122,225,251,259,277,287,309,310,315,327,337,340,350,351,359,368,369,372,376,392,398,436
57:9,25,39,44,368,64,77,93,105,129,133,158,159,164,168,200,211,219,230,232,258,293,296,324,346,351,354,366,389,398
58:10,26,42,54,145,79,93,99,169,193,222,230,237,238,251,273,318,319,327,383,402,421,441
59:14,18,33,47,48,52,393,96,99,107,122,125,130,139,151,153,159,185,255,263,268,273,276,302,303,321,323,325,343,365,374,386,394,412,423,431,436,440
60:9,18,38,54,56,222,70,91,124,138,140,150,158,173,180,207,209,262,284,298,301,334,336,361,369,402,421
61:9,12,18,26,29,31,42,47,49,305,76,79,81,114,117,126,154,165,181,183,188,190,208,213,224,268,283,291,300,360,371,409,421,431,442
62:47,49,51,429,68,98,115,123,137,144,159,169,187,194,215,217,225,284,319,335,345,364,378,398,445
63:5,40,51,114,84,119,120,143,147,156,162,182,229,251,265,271,281,286,288,307,310,315,365,367,382,413,428,434,449
64:8,44,54,57,144,85,111,115,122,134,151,200,211,230,313,322,333,360,388,392,428
65:1,12,15,26,51,52,339,67,71,84,99,110,116,145,148,155,156,180,193,238,240,259,290,332,358,362,383,389,446
66:4,19,36,44,373,88,115,134,172,175,216,234,242,277,281,284,286,292,310,327,330,364,379,396,397,406,417,421
67:4,34,50,65,92,80,81,84,90,91,94,119,127,154,174,181,185,198,236,255,308,313,327,334,371,374,385,387,398,400,439
68:40,44,47,49,55,62,188,90,97,107,109,111,136,137,166,185,227,228,237,250,267,268,280,283,315,349,371,394,417,421,428,429,437
69:6,9,22,44,250,71,72,75,95,102,104,111,170,179,182,184,195,213,243,321,326,337,358,362,377,378,386,398,417,433
70:1,2,7,10,19,26,60,395,86,90,94,105,106,110,130,142,144,181,219,221,222,231,246,271,371,387,399,401,406,407,415,424,425,436,437,438,447
71:0,37,47,52,54,65,69,141,79,107,118,150,154,161,171,205,224,238,244,268,309,315,317,328,333,351,354,355,391,418,426
72:19,28,41,69,314,90,100,102,105,107,108,188,207,213,223,234,247,268,305,321,327,353,354,375,378,379,401,408,448
73:12,35,205,84,103,105,120,127,143,156,169,171,183,232,237,243,252,259,273,274,291,334,340,354,361,375,380,387,404,407,432
74:14,23,33,51,172,144,179,192,195,287,317,323,343,358,390,405,422,424,427
75:16,17,22,27,43,69,164,82,99,130,159,174,175,186,188,219,227,256,285,290,296,301,302,319,332,334,359,367,387,391,393,421,444
76:1,8,30,61,351,97,111,124,128,196,215,216,217,247,288,303,309,323,328,334,349,350,394,396,397
77:15,19,20,57,218,99,104,133,154,164,183,186,194,195,211,212,239,241,243,246,269,284,290,310,313,370,381,415,435,438,448
78:8,14,34,36,236,83,99,130,132,230,237,263,265,370,376,381,384,423,425
79:22,50,51,58,61,71,154,92,102,105,114,130,176,195,198,201,204,214,232,250,289,293,309,321,323,331,345,352,380,383,395,430,433
80:0,17,36,43,49,67,344,87,111,118,120,138,163,203,222,226,231,235,241,267,287,302,331,338,353,362,372,421,437
81:0,35,61,67,395,197,218,261,266,274,293,300,316,381,384,411,438
82:26,46,47,75,271,86,94,102,106,108,126,138,245,246,255,275,309,397,426
83:2,29,40,55,78,389,92,112,172,189,199,224,227,245,248,275,314,329,348,354,395,399,404,416,434,449
84:24,39,47,52,63,65,67,73,114,96,99,133,159,189,195,201,204,217,218,223,255,272,280,287,332,333,345,346,348,366,369,371,414
85:0,16,22,26,45,49,64,300,116,143,176,215,231,246,249,282,304,318,339,371,390,405,423,439
86:5,13,26,36,70,82,170,96,107,120,133,146,175,183,199,220,277,292,322,329,349,353,395,400,402,413,444
87:13,80,306,107,118,211,222,255,278,279,292,307,316,327,355,371,438,446
88:4,15,30,41,53,56,66,208,113,117,128,144,170,174,175,187,195,211,214,241,246,251,261,275,280,390,407,421,422,425,429,443
89:0,13,40,50,54,316,101,106,119,128,150,163,164,165,176,184,210,219,258,284,286,289,348,349,383,397,398,408,439
90:11,18,30,34,39,42,43,44,48,67,68,70,72,299,124,129,144,173,240,257,261,275,284,289,292,315,322,374,380,405,420,445
91:11,50,60,67,325,99,103,129,136,137,145,179,180,182,204,205,207,229,236,252,282,297,353,356,360,370,374,407,413,438,446
92:8,67,79,83,206,93,148,167,218,251,287,320,321,324,331,335,351,361,410,420,444,449
93:23,36,52,57,58,92,219,131,138,149,193,210,223,234,246,259,263,266,333,383,410,430,439
94:12,56,67,70,82,225,118,158,195,199,205,243,258,283,303,385,411,449
95:14,41,69,248,96,107,178,207,212,228,233,236,238,347,350,362,384,390,398,410,444
96:59,84,86,95,282,108,117,132,179,187,191,196,197,199,207,208,210,251,266,277,302,318,365,372,396,418,437
97:18,21,34,37,68,76,139,136,147,148,151,175,176,177,189,217,221,233,240,258,262,264,283,341,345,366,421
98:39,46,56,62,315,103,114,128,138,141,144,158,162,214,221,234,241,251,253,284,290,300,309,313,343,356,357,395,399,411,412,424,428
99:24,55,58,59,65,75,77,78,84,91,156,105,124,136,141,157,177,194,230,250,252,260,263,265,276,313,337,408,423
100:4,8,35,47,72,169,112,159,176,201,205,212,223,232,241,251,264,270,289,298,304,373,380,381,386,426,429,447
101:5,10,42,53,89,440,113,132,161,185,190,218,223,224,228,237,250,271,297,298,310,314,375,376,388,400,404,412,431,444
102:5,31,40,56,69,72,79,82,439,110,135,182,190,192,201,220,226,237,244,250,276,303,305,337,360,362,371,377,383,385,419,421,426,435,441,448
103:23,29,38,73,91,98,174,106,115,140,148,149,150,190,207,208,240,249,277,282,290,295,303,304,308,340,404,418
104:16,29,40,52,69,77,201,126,135,158,167,179,199,213,332,340,366,369,375,382,384,405,415,418,429,441
105:4,5,28,35,42,57,70,72,73,79,99,143,129,149,150,186,199,213,220,221,223,236,244,251,267,286,314,372,415,425,441,445,446
106:22,26,70,82,89,103,235,107,134,141,167,197,216,246,267,270,278,291,306,323,325,337,348,353,376,378,383,389,398,400,404,408,436,447
107:0,22,34,44,59,68,71,72,86,87,95,106,284,141,147,162,167,225,245,246,250,293,310,326,365,367,369,383,406,409,422,426,436
108:11,22,29,44,72,82,96,272,129,153,164,188,223,244,252,273,297,357,367,394,418,436,443
109:7,10,11,26,31,43,54,56,68,143,110,134,154,171,174,179,184,228,236,259,271,304,338,361,406
110:27,28,36,50,65,70,102,109,186,127,132,154,163,171,175,176,190,198,200,233,275,276,280,283,289,299,303,318,336,339,357,358,388,400,408,434
111:17,25,47,51,55,64,68,69,76,80,349,205,224,253,308,325,326,364,373,382,391,392,395,396,447
112:28,83,100,184,113,163,167,179,195,224,249,254,298,344,367,368,369
113:5,88,101,112,442,141,142,150,162,243,257,261,296,307,315,355,359,360,375,411,441
114:43,50,61,63,79,84,98,340,120,121,137,156,175,195,206,228,234,247,266,270,271,291,302,320,331,339,385,386,413,420,441
115:16,24,47,62,64,66,103,135,137,150,164,169,292,305,333,358,379,406,410,433,439,442
116:7,8,65,85,441,118,133,137,138,145,165,186,214,238,243,288,292,346,347,393,404,415,435
117:1,3,36,37,41,43,61,88,96,175,135,156,182,188,192,195,204,214,223,290,295,338,351,359,433,443
118:4,16,27,46,71,80,87,94,116,320,133,135,138,139,143,167,206,279,303,318,322,360,363,377,385,416,427
119:4,29,49,51,63,67,89,327,169,173,193,236,243,261,271,272,310,325,328,331,353,409,423,441
120:12,63,73,80,86,114,234,126,134,143,152,191,199,201,206,217,239,250,270,274,320,323,325,329,331,347,365,444,447
121:12,19,26,50,52,56,114,348,155,158,184,211,300,334,347,356,375,377,381,387,396,416,441
122:13,18,40,54,56,59,64,205,135,140,147,157,158,159,183,192,208,223,233,247,268,294,311,315,325,357,368,393,418,436
123:24,30,36,37,62,430,125,165,170,223,232,236,272,273,277,344,360,361,366,376,386,421,423
124:34,38,43,60,76,90,99,172,139,151,173,176,212,241,244,249,335,336,344,346,371,388,394,405,409,429,431,445
125:25,41,59,123,277,128,139,141,201,212,224,271,278,291,310,312,362,366,380,414,441
126:1,27,30,47,51,61,82,104,120,400,127,182,184,200,213,216,246,247,266,284,285,307,311,393,396
127:32,38,67,73,110,126,154,128,162,169,180,193,205,213,228,239,243,251,263,273,276,285,300,304,308,348,383,392,406,424,447
128:1,12,15,29,32,38,49,76,88,89,98,125,127,292,166,202,239,245,248,267,308,315,348,351,380,412
129:15,35,50,53,57,90,91,105,108,359,136,152,156,160,165,167,194,197,208,227,248,250,263,289,291,295,316,338,352,386,393,422
130:10,20,59,70,75,78,79,360,163,196,206,247,249,255,279,295,314,331,339,340,363,399,430,434
131:0,8,26,38,53,93,340,147,154,183,198,200,240,247,250,265,296,302,312,353,369,373,401,412,426,444
132:3,12,18,20,78,96,101,110,409,143,149,156,177,182,187,192,195,204,237,240,322,328,329,353,362,368,403,416,418,441
133:30,48,57,77,84,86,116,118,301,157,160,166,192,198,210,218,222,228,261,279,295,359,375,386,418,433
134:24,47,49,64,66,106,109,120,377,141,158,180,190,201,232,239,255,267,269,271,325,329,330,349,358,415
135:17,20,40,102,104,115,117,118,122,379,146,168,212,231,233,260,270,280,282,286,325,328,356,374,378,385,394,418,444,449
136:68,91,97,99,129,166,172,176,180,214,233,252,257,259,289,318,324,336,359,368,372,378,395,420,432
137:13,20,62,68,91,114,115,116,402,142,143,144,161,188,215,234,240,269,272,276,285,290,321,325,345,353,358,371,391,409,410
138:14,22,41,51,60,80,82,93,98,116,118,215,147,154,160,185,191,192,250,266,268,281,301,307,322,362,425
139:16,18,38,41,42,51,53,59,97,118,124,125,229,193,196,197,234,259,285,295,302,308,312,324,394,398
140:3,9,22,31,35,60,103,122,376,144,161,181,193,203,218,224,229,270,288,294,304,309,318,377,388,417,449
141:2,17,37,47,71,98,99,106,107,113,125,134,189,145,154,159,172,185,192,230,263,266,280,307,332,338,369,373,404,412,433,447
142:33,42,70,113,137,222,169,180,183,190,198,199,213,240,250,275,276,277,295,297,327,366,374,380,390,396,422,423,428,442
143:3,14,16,38,42,63,73,85,105,109,118,120,132,137,305,187,206,226,244,267,275,315,325,383,390,404,424,440
144:24,26,35,62,64,70,74,88,90,98,137,140,227,176,182,194,195,206,243,251,267,312,317,321,330,348,353,358,360,363,374,375,408,416
145:22,34,58,65,91,116,141,173,149,162,165,188,191,230,254,266,272,279,288,311,341,343,406,417,430,436,448
146:39,54,86,135,277,151,158,173,191,242,254,275,317,332,363,364,367,373,376,387,410,420,427,441
147:16,26,49,63,97,107,122,131,138,346,166,184,206,235,247,256,264,284,351,352,362,364,375,379,381,396,411,415
148:2,8,11,17,22,26,44,46,51,65,92,97,103,161,169,175,186,195,200,201,208,215,217,225,246,289,302,306,308,319,335,336,357,367,368,386,395,433,434,447,448,449
149:1,3,4,5,28,30,33,43,49,52,93,103,105,132,145,292,158,175,207,273,274,278,328,357,365,398,411,419,420
150:25,26,50,60,71,89,103,105,113,115,268,169,176,187,199,201,204,225,272,282,283,288,298,303,320,327,333,343,350,363,371,383,398,422,423,427,447
151:59,64,97,124,146,172,167,218,226,250,254,280,281,293,294,301,306,338,379,385,387,390,400,404,421,433,445
152:42,54,120,129,180,155,174,189,205,213,222,252,274,286,308,325,384,387,411,440
153:29,51,54,59,108,157,165,171,176,190,212,264,268,275,279,312,332,334,347,353,377,397,411,419,443,445
154:14,34,36,61,67,71,77,79,109,110,127,131,138,141,216,184,205,210,230,235,241,246,256,282,290,317,388,401,411,441,447
155:0,13,15,29,39,51,65,121,152,181,220,249,273,286,341,342,365,379,385,417
156:2,4,8,13,24,63,65,73,99,114,117,129,132,302,165,205,211,261,274,278,294,307,356,366,373,377,396,426,447
157:1,3,24,53,99,122,133,153,226,173,182,209,240,262,264,276,282,301,316,321,323,328,343,383,385,390,391,394,415,425,446,449
158:7,22,57,60,94,98,104,121,122,134,146,149,332,169,192,268,293,318,329,357,423,446
159:23,34,35,42,57,59,62,75,84,100,122,141,279,174,177,178,192,195,202,233,238,247,253,258,259,291,323,358,392,401,428,429,430
160:129,133,138,349,183,202,212,224,254,271,283,346,355,356,399,405,409
161:9,29,41,53,71,101,137,140,148,352,163,168,178,185,193,205,212,223,226,228,235,248,260,287,301,312,314,315,322,343,356,404,417,420,424,427,429
162:14,18,40,42,50,63,98,107,113,127,145,409,163,167,171,173,200,214,216,234,272,274,280,306,310,312,346,363,436,437,439
163:10,13,15,23,24,33,80,89,110,112,130,161,162,279,177,182,189,198,207,211,214,218,225,226,228,233,264,280,328,353,355,363,365,388,389,431
164:3,13,20,21,27,31,57,75,77,89,108,115,175,189,190,214,218,242,273,275,295,309,316,336,370,400,410,440,442
165:6,11,17,19,28,40,46,53,61,89,116,123,129,145,153,156,207,185,226,257,290,317,341,344,358,360,392,416,420,427,429,448
166:5,13,34,42,68,128,133,136,147,211,194,197,198,217,231,246,260,263,290,313,328,351,371,381,386,388,391,395,398,405,406,415,422
167:10,34,40,54,92,104,106,107,112,118,129,151,162,220,178,185,208,254,257,268,303,339,360,399,402,408,435,438
168:8,25,40,57,135,161,279,170,176,200,220,224,234,243,250,268,273,289,291,292,301,340,354,358,368,370,379,409,417,432,441
169:3,14,26,34,37,40,55,58,62,73,100,115,119,127,142,148,150,158,222,187,188,197,198,203,299,305,309,322,336,356,364,435,442,443,444
170:8,15,39,41,69,86,88,123,168,433,217,232,250,273,281,294,301,302,314,322,329,341,343,348,354,360,381,384,387,420,423,431
171:3,7,10,30,49,71,73,109,110,153,162,223,179,210,243,252,255,258,282,306,326,364,370,400,412,445
172:66,74,83,124,136,141,151,351,196,210,213,250,281,288,290,320,345,360,377,379,392,415,418,428,429,433,442
173:24,28,36,46,60,90,119,124,145,146,157,162,341,179,184,208,224,227,266,269,270,274,278,284,290,297,306,330,362,367,371,406,428,430
174:8,16,17,21,67,75,88,103,109,152,159,250,181,197,221,231,239,254,274,288,305,322,333,336,338,387,424,439
175:19,21,23,29,66,75,86,88,97,110,114,117,148,149,164,305,182,203,219,233,245,253,260,279,280,285,303,306,311,318,334,396,407,418
176:1,22,40,48,79,85,89,97,100,110,124,136,144,150,153,168,411,201,212,215,239,310,331,345,348,359,378,379,435
177:15,41,97,99,132,159,163,289,207,298,299,301,308,310,314,354,396,400,405,421,433,436
178:2,14,24,47,95,159,161,167,387,195,267,281,291,296,310,333,342,344,356,365,395,408,426,429,433,436,438,439
179:4,25,36,55,69,74,91,96,104,109,112,171,173,386,206,224,249,275,285,314,320,326,361,375,383,388,447,449
180:25,31,32,60,65,91,127,134,136,142,152,363,188,228,241,244,264,281,307,341,345,348,353,361,370,405,435,442
181:2,15,23,26,47,49,61,67,70,140,155,174,195,199,210,218,224,232,245,256,261,271,302,316,363,428,435,445
182:17,26,31,34,46,63,69,91,102,117,126,132,144,157,163,175,362,185,189,197,203,215,220,221,256,261,291,319,334,349,376,425
183:17,40,61,73,77,86,122,131,142,160,271,194,198,249,266,269,278,299,338,356,357,361,366,380,395,423,436,448
184:14,18,23,48,69,89,109,112,121,126,147,154,173,440,187,199,208,210,253,267,269,285,297,301,309,311,315,327,333,342,351,372,375,378,436,441
185:42,50,59,67,68,101,138,141,161,165,167,182,212,190,217,224,226,237,238,259,267,285,314,329,345,392,407,426,441
186:23,34,75,77,105,110,116,148,394,219,222,232,244,255,260,276,289,297,312,321,348,372,374,445
187:7,11,19,43,62,88,96,132,143,150,169,184,284,194,227,273,278,279,303,317,320,326,369,423,426,431,438
188:5,51,61,68,72,75,108,117,137,145,169,180,377,218,244,283,284,295,308,312,319,335,347,387,394,402,403,404,413,442,448
189:29,31,54,83,84,97,141,152,163,164,182,268,193,207,232,251,283,286,297,321,331,334,340,354,382,403,410,422,432,437,445
190:6,32,48,61,101,102,103,110,134,142,153,164,185,322,191,197,205,225,255,264,273,278,337,340,373,396,402,415,417
191:10,13,18,26,96,120,138,145,146,190,403,193,197,213,214,267,274,275,306,320,347,381,394
192:47,50,74,102,117,122,132,133,138,141,158,159,315,207,210,218,230,242,280,283,307,311,319,330,339,363,368,392,398,412,418,429,432,445
193:18,28,58,65,93,119,127,139,140,161,189,191,378,227,293,295,327,334,339,340,354,362,373,398,421,440
194:16,18,39,62,77,99,129,144,166,183,187,293,205,210,213,215,226,228,248,256,260,273,297,306,312,314,339,366,406,432,434
195:24,31,41,48,69,74,77,79,84,88,94,112,114,117,132,144,148,159,178,181,389,214,256,268,271,303,318,328,364,381,415,428
196:0,23,24,28,38,46,55,76,96,130,139,172,415,198,224,226,236,237,268,271,272,277,283,292,295,307,317,349,357,388,400,428,435
197:5,28,43,45,81,96,106,129,139,166,169,174,182,190,191,300,199,222,227,240,251,285,295,301,330,341,351,359,405
198:6,7,8,19,31,67,79,110,131,133,142,163,166,169,183,196,260,212,220,222,271,281,300,302,324,344,354,356,359,391,418,424,428,438
199:8,83,86,94,96,104,105,120,142,150,181,184,197,376,208,212,391,408,423,436,447
200:1,15,44,50,57,64,110,126,131,148,162,168,428,251,276,287,304,340,363,372,388,397,401
201:17,22,79,84,100,102,104,120,125,134,148,150,176,394,220,227,240,243,261,279,377,416,446
202:6,13,29,44,50,128,159,160,306,280,281,307,319,354,360,362,378
203:9,25,30,41,80,140,169,175,182,276,204,208,214,228,236,244,271,313,319,335,341,365,385,388,390,398,442,447
204:3,34,35,41,79,84,91,117,132,150,203,349,251,256,305,345,373,376,389,429,431
205:2,9,25,30,53,71,73,91,94,100,111,122,127,152,154,156,161,190,194,235,247,250,262,269,281,294,299,322,335,345,360,367,391,394,395,404,426,442
206:27,36,39,92,114,118,120,130,143,144,147,179,279,213,216,227,234,235,268,277,300,318,319,331,345,378,393,402,411,419,422,423
207:0,4,29,33,60,72,91,95,96,103,149,163,165,177,189,192,354,223,230,249,284,327,390,396,406
208:4,21,23,53,61,88,96,103,122,129,148,167,173,184,199,203,305,213,215,220,231,244,252,255,256,386,404,424,438,440
209:2,42,45,48,60,157,257,234,262,276,281,283,289,291,337,341,363,364,376,389,410,432,435,438,446
210:0,6,19,89,93,96,133,154,171,172,181,184,192,194,266,268,273,275,310,313,315,324,334,353,373,382,404,406,408,429
211:10,32,33,48,57,64,77,87,88,121,156,163,166,439,212,261,283,315,337,344,351,396,402,407,411,447
212:3,7,11,24,51,52,77,95,100,124,125,135,153,160,161,176,185,198,199,211,228,239,267,277,282,287,294,344,375,391,397,438,449
213:19,20,30,34,40,61,69,72,104,105,126,127,142,152,172,191,194,206,208,359,238,243,284,286,296,308,313,358,394,406,414,419,424
214:6,53,79,88,98,116,117,136,162,163,164,191,195,203,336,256,261,276,296,332,339,351,392,407
215:18,48,62,76,85,137,138,148,176,182,194,208,425,223,224,240,276,310,324,327,399,402,410
216:10,21,42,66,76,106,126,154,162,206,280,233,263,271,299,309,328,330,346,352,372,376,382,393,402,420,428,438
217:5,35,45,52,62,76,84,97,120,148,166,170,185,362,236,244,252,264,266,301,303,329,354,363,391
218:8,29,32,37,44,45,54,77,81,84,92,101,133,140,151,163,164,181,188,192,246,236,243,272,278,288,299,318,319,322,347,356,358,364,376,400,424,447
219:57,70,75,89,93,175,186,283,245,265,353,365,385,398,417
220:10,50,55,86,102,105,155,167,168,182,198,201,208,255,232,238,260,273,275,305,306,313,396,408,413,415,445,449
221:37,70,97,98,105,174,182,324,222,225,234,242,247,294,295,303,327,401,440
222:33,49,58,60,70,80,87,133,142,152,169,186,197,198,221,235,224,228,244,248,257,297,300,309,315,337,347,360,415,425,430,437,440
223:48,72,84,93,100,101,105,108,117,122,123,161,171,207,215,409,240,244,252,261,269,292,351,352,373,415,419
224:2,10,15,22,32,50,61,71,83,101,111,112,125,140,160,168,173,179,181,185,196,215,222,392,238,252,280,293,308,324,327,334,347,369,378,410
225:4,20,26,31,32,36,56,62,94,107,148,150,163,190,221,408,249,251,256,262,268,289,313,360,379,405
226:13,17,29,36,80,102,143,151,157,161,163,165,185,194,196,356,229,298,307,308,337,344,352,393,397,412,448,449
227:5,6,10,14,53,68,75,83,129,144,173,187,193,197,201,206,434,249,262,275,311,321,332,335,354,358,375,392,410,433
228:37,68,95,101,109,114,127,133,161,163,180,194,203,212,222,252,256,272,303,305,327,402,412,431,432
229:1,2,32,53,63,91,139,140,226,397,245,254,256,260,287,339,357,364,370,390,412,422,428,437
230:14,32,48,57,58,64,78,99,141,145,154,192,207,391,235,268,272,304,305,323,327,349,350,370,372,390,419,425,438
231:4,25,28,45,70,80,85,135,166,174,208,277,245,252,258,311,341,365,389,393,398,403,411,424,446,449
232:36,57,73,79,100,123,134,170,181,186,189,220,421,233,249,251,261,266,303,326,328,347,350,360,368,377,433,438,441
233:8,40,51,95,97,110,122,135,136,159,163,175,216,232,406,267,276,280,301,307,363,365,430,440
234:5,66,72,93,98,114,120,137,139,162,168,206,209,221,364,262,279,311,351,375,379,388,407,430,440
235:11,18,80,106,147,154,161,205,206,222,230,393,256,262,288,291,293,299,302,324,331,333,341,349,389,397,439
236:22,23,24,28,46,47,53,67,78,91,95,105,109,119,123,196,203,217,218,295,250,256,270,304,305,307,318,320,325,350,357,379,389,407,412,427,428,443
237:21,34,58,68,73,78,101,102,132,185,196,260,245,246,252,256,263,272,299,315,323,328,334,339,363,373,376,441
238:3,6,58,65,71,95,116,159,185,213,220,224,254,239,281,295,318,320,324,338,342,351,366,402,411,419,433,434
239:9,18,24,77,120,127,128,134,174,176,212,238,317,242,252,262,269,298,328,331,371,399,406,407,424,432
240:1,10,24,36,65,90,97,103,131,132,137,142,157,197,201,215,223,382,261,269,286,294,309,310,323,365,368,381,393,400
241:23,77,80,88,98,100,124,154,180,259,252,268,284,308,312,338,342,347,361,367,391,425,442
242:23,66,146,164,192,221,239,279,254,274,290,324,335,374,395,413,423,436,440
243:46,49,69,73,77,94,113,116,119,127,144,168,171,201,213,218,352,244,254,258,265,280,289,294,306,309,310,319,323,326,338,342,347,358,367,372,390,392,397,423,427,437,439
244:7,40,43,71,102,105,108,124,143,180,186,188,203,208,217,222,223,243,402,251,254,257,258,277,280,285,301,311,312,351,352,359,363,369,385,392,439
245:29,36,37,42,46,82,83,107,128,175,181,219,229,231,237,341,276,300,305,314,320,322,323,324,353,355,419,425,432,441
246:8,14,47,52,53,70,77,82,85,88,93,106,107,126,148,154,166,218,237,420,253,297,338,342,349,357,373,396,411,435
247:27,36,72,76,114,122,126,130,131,147,159,205,221,335,255,257,263,279,295,301,322,327,340,361,397,401,411,419,423,438
248:12,25,83,95,128,129,161,194,222,384,261,269,328,332,337,339,341,378,391,420,424,438,441
249:0,7,16,18,24,85,103,112,124,130,155,179,183,207,225,227,232,384,256,276,281,359,363,400,415,435
250:5,27,31,33,35,53,68,69,79,99,101,102,107,120,129,131,138,142,151,168,170,172,174,205,236,444,255,287,301,317,371,395,396,409,418,437
251:1,52,54,56,58,63,88,92,96,98,100,105,127,144,189,197,200,204,225,232,244,257,272,278,305,316,346,350,360,361,389,393,400,419,428
252:1,20,37,73,91,99,108,136,152,171,208,217,223,224,228,231,237,239,241,312,255,310,330,345,369,398,411,423,424,432,446
253:49,98,111,159,175,184,246,278,273,301,331,334,398,409,427,438
254:15,26,45,112,145,146,151,160,167,174,229,238,242,243,244,260,265,281,307,318,331,368,385,394,418,441,447
255:5,22,42,48,59,67,82,84,87,130,134,171,186,190,208,220,247,250,252,434,287,292,296,302,354,376,383,384,389,404,436,440
256:44,53,75,147,154,181,182,194,195,204,208,214,225,228,229,235,236,237,249,361,278,288,289,291,301,303,324,328,335,344,348,381,396,405,417,447
257:15,27,90,113,136,165,167,209,222,244,247,251,336,272,275,278,279,315,316,327,357,362,363,375,377,394,403
258:0,18,26,29,37,47,57,89,94,97,159,171,231,243,244,364,260,268,287,299,336,359,368,370,376,377,387,396,400,436,443
259:23,56,65,73,93,109,136,139,159,185,241,329,287,319,340,356,358,435
260:27,37,39,54,99,135,161,166,175,186,194,198,220,229,237,254,258,274,288,316,317,348,364,373,392,403,433
261:24,52,81,88,90,113,119,133,156,181,182,201,211,214,223,232,240,248,264,286,292,295,304,314,321,364,376,412,436
262:2,15,60,97,157,205,209,225,227,234,235,239,441,264,266,275,311,319,332,336,387,420,440,447
263:3,39,41,59,78,93,99,127,129,141,166,216,237,247,269,266,285,306,346,348,371,379,393,402,417,421,447
264:10,31,37,39,40,97,100,147,153,157,163,180,190,217,261,262,310,306,331,357,391,415,428,444,447
265:20,23,24,63,78,99,131,219,243,254,441,278,301,315,326,340,352,382,415,430,449
266:21,81,93,96,114,126,138,141,145,173,183,210,217,232,262,263,419,285,304,306,310,312,313,329,360,361,368,373,387,408,409
267:1,15,23,34,68,80,105,106,128,134,143,144,178,184,185,191,212,233,405,295,300,302,335,337,356,358,364,383,414,425,430
268:31,51,53,59,61,68,71,72,122,138,150,153,158,167,168,189,195,196,206,210,225,230,241,258,387,329,350,357,366,374,375,379,388,411
269:54,77,134,137,173,183,184,205,223,239,240,248,263,385,301,340,357,407,414,420,422,431,439,448
270:41,46,49,100,106,114,120,135,140,173,236,444,271,288,313,346,369,410,411,443
271:20,39,44,48,63,70,82,101,109,114,119,125,134,160,181,183,195,196,198,203,216,270,362,293,311,340,368,378,408,433,445
272:1,13,34,84,108,119,123,137,145,150,162,196,218,228,230,237,251,257,307,313,317,329,333,371,373,433
273:13,16,35,45,58,59,73,108,123,127,149,155,164,168,170,187,190,194,210,220,253,329,277,318,321,356,367,370,411,418,419
274:12,23,34,35,40,52,73,81,120,149,152,156,162,173,174,191,242,260,399,326,335,357,391,405,416,426,445,447
275:29,82,83,88,90,110,142,143,146,153,164,179,191,210,220,227,257,262,409,285,295,301,307,339,340,353,376,377,398,400
276:1,5,42,59,99,102,110,127,137,142,157,186,200,203,209,214,215,233,245,249,442,286,308,319,322,344,348,373,378,398,432,435
277:56,66,86,96,103,123,125,142,146,196,206,212,231,244,273,320,280,292,301,317,324,343,355,358,382
278:1,7,22,23,37,45,55,87,106,125,149,156,173,183,187,190,218,251,253,256,257,265,398,285,300,301,333,336,345,368,369,370,376,378,393,427
279:1,2,28,29,47,87,118,130,133,145,153,159,163,168,175,187,201,206,234,242,247,257,425,294,297,331,352,384,388,416,446
280:9,39,55,68,84,88,110,135,141,151,162,163,175,192,202,216,224,233,243,244,277,371,287,290,298,338,350,363,383,385,397,404,419,440
281:5,6,18,28,63,66,138,151,170,172,178,180,198,202,205,209,238,249,254,431,287,296,319,323,326,336,349,388,403,406,411,430,438,449
282:5,10,11,40,44,85,91,96,103,135,150,154,157,171,212,291,296,300,303,360,373,401,414,430,448
283:2,4,15,39,61,68,94,97,110,150,160,188,189,192,196,209,211,219,302,304,318,336,352,368,408,440,444
284:40,60,62,66,77,89,90,98,107,126,147,173,187,188,207,213,241,385,312,315,345,353,375,391,419,437
285:45,75,126,127,137,139,175,179,184,185,197,244,263,266,275,278,356,291,298,333,334,348,350,357,367,380,382,428,432
286:3,36,47,63,66,89,105,135,152,155,189,213,240,261,276,394,300,309,311,326,347,359,370,372,384,397,399,409,415,439,444,449
287:2,4,21,49,56,74,80,84,92,161,200,212,229,250,255,258,259,280,281,442,304,307,335,359,369,406,429
288:13,17,46,63,76,116,140,145,150,172,174,218,235,256,260,270,335,290,333,364,417,418,437,439,441
289:34,38,79,89,90,100,110,129,136,148,168,177,186,209,225,243,256,303,297,351,355,365,373,390,433
290:4,5,11,21,26,35,41,47,55,65,75,77,98,103,117,137,154,165,166,172,173,242,280,288,353,325,327,334,351,369,370,374,387,398,405,407,414,420,424,426,445
291:0,8,54,61,73,106,114,125,129,159,168,178,182,209,235,256,282,285,353,310,323,326,356,375,378,380,393,433
292:8,9,11,52,66,86,87,90,115,116,128,149,168,196,223,255,261,277,403,363,365,369,382,396,424,426,436
293:28,29,35,47,57,79,81,107,151,158,193,194,224,235,271,366,302,323,328,343,371,380,408,431,432
294:13,27,28,122,140,151,156,170,205,212,221,240,243,279,300,306,330,363,391,393,398,440
295:103,117,129,130,133,139,142,164,188,193,196,197,221,236,238,247,261,267,275,399,300,333,353,368,379,393,404
296:14,24,26,52,55,57,75,113,131,178,213,214,255,281,282,438,307,320,329,330,342,344,356,373,395,418,424,439,447
297:8,10,18,21,40,44,91,101,108,142,173,184,186,189,194,222,246,279,289,443,313,337,356,379,393,405,411,420,421,442,448
298:8,24,41,43,60,100,101,112,150,177,226,239,280,285,409,331,339,348,361,363,368,369,377,378,406,426,432,444
299:0,1,28,38,51,90,110,169,177,183,205,216,218,235,237,258,431,314,348,351,369,401,410,430
300:0,31,61,81,85,98,121,127,197,198,206,222,245,267,278,282,286,294,295,449,303,335,365,386,388,401,423,432,440,445
301:4,12,15,24,28,37,43,60,75,133,138,151,157,161,168,170,177,184,197,217,233,244,247,250,253,256,265,269,275,277,278,303,308,315,348,375,390,420
302:10,20,55,59,75,80,96,114,131,139,148,156,170,181,198,235,255,267,283,293,305,319,323,393,423
303:14,36,39,40,59,76,94,102,103,110,118,150,167,175,187,195,217,221,228,232,256,282,289,300,301,348,311,352,396,402,414,419
304:2,18,37,44,85,100,103,109,127,140,200,230,236,261,266,283,287,349,350,391,395,401,429,432,434
305:7,9,11,14,61,72,102,115,143,169,174,175,204,208,220,228,230,236,245,251,302,383,323,344,350,359,385,390,416,441
306:10,12,36,38,48,87,106,148,151,162,171,173,175,191,194,202,220,243,263,264,266,294,440,311,313,323,342,346,348,353,360,367,398,426,448
307:14,16,33,48,51,63,87,113,126,138,141,156,180,192,196,202,226,233,236,254,272,275,287,296,341,342,346,348,403,432
308:67,103,111,127,128,139,148,152,177,188,213,224,226,241,276,301,310,333,353,377,435,436,447
309:6,10,29,33,48,56,71,76,79,82,98,140,164,169,184,216,222,240,243,286,343,320,352,356,365,371,381,432,436
310:10,20,45,47,56,63,66,77,101,107,119,125,162,176,177,178,210,215,240,243,252,264,266,291,308,412,375,384,397,420,436,442,446
311:16,18,25,31,33,50,54,122,126,145,175,184,192,227,231,234,244,262,271,286,303,306,446,319,323,324,332,346,360,361,367,370,373,394,396,397,398
312:41,42,45,50,51,125,131,139,144,153,161,162,186,188,194,241,244,252,266,284,377,320,322,324,342,355,376,379,382,420,442
313:14,47,64,67,77,98,99,166,203,210,213,220,225,266,270,272,297,306,395,333,337,351,353,373,387,434
314:16,28,29,72,83,101,105,130,161,170,177,179,185,194,245,261,299,365,332,347,349,360,428,437,438
315:9,48,56,63,68,71,90,98,113,122,128,143,161,184,192,210,211,222,237,257,265,284,301,341,318,328,352,357,359,377,396,426,437,444
316:19,21,81,87,89,129,157,164,181,251,257,260,375,319,329,333,357,364,402,413,419,424
317:45,71,74,144,146,154,165,187,196,239,250,260,272,277,368,332,337,346,363,372,393,418,432
318:14,15,58,85,96,110,118,136,140,158,175,195,206,218,236,238,254,273,283,315,325,333,350,365,385,397
319:1,23,26,40,41,58,62,75,148,182,188,192,202,203,206,218,243,259,262,276,281,302,311,316,413,321,348,363,375,391,395,437
320:23,44,49,92,114,118,120,150,172,179,187,191,236,238,245,277,296,309,312,433,323,324,341,353,387,410,431,448
321:26,59,69,72,79,92,137,144,157,186,189,227,261,273,319,365,351,363,374,429,432
322:11,14,15,26,34,47,48,54,64,86,90,118,132,138,161,169,170,174,190,205,218,245,247,276,312,384,330,335,342,343,350,351,355,362,397,400,445,447
323:30,34,36,41,59,74,76,79,106,120,157,159,230,237,240,243,245,281,291,293,302,305,306,311,320,428,329,339,344,356,379,396,403,413,437
324:14,38,57,92,136,139,198,210,215,221,224,235,238,242,245,256,277,311,312,320,340,325,326,334,358,359,365,376,388,426
325:23,44,59,91,106,111,119,120,122,134,135,137,143,152,236,290,318,324,367,337,361,391,407,430,438,447
326:2,26,40,69,107,111,171,179,187,232,243,265,274,281,286,291,324,438,347,353,377,379,397,400,406,427,431,436
327:12,27,32,37,40,52,55,56,58,66,67,72,87,119,142,150,184,193,207,215,221,224,228,230,247,257,290,449,378,417,432
328:2,48,51,54,71,76,119,132,135,149,157,163,166,195,216,232,237,239,248,256,293,315,339,362,371,396,404,430,444
329:10,20,40,48,83,86,120,132,134,158,170,185,217,259,266,268,272,273,296,316,323,411,382,393,414,429,430,432,438,441
330:17,42,50,66,134,144,173,192,197,216,252,294,296,322,374,333,342,366,383,407,429
331:6,39,79,80,92,114,119,120,130,176,189,206,235,239,253,254,264,279,298,428,332,336,355,365,403
332:9,31,44,51,65,75,84,104,141,146,153,158,214,227,248,262,311,314,317,331,443,345,363,374,385,386,390,417,432
333:29,32,40,45,53,64,71,84,93,115,150,174,178,184,235,272,278,285,288,295,308,313,316,318,330,348,343,358,372,389,395,396,397,428,433,434,443
334:0,18,43,51,60,67,73,75,76,121,153,175,182,189,193,210,224,237,253,285,290,324,420,342,367,410,412
335:20,45,53,62,92,124,148,188,203,205,227,242,247,256,267,274,287,288,300,322,339,347,351,358,388,405,434,442,447
336:7,14,24,39,41,60,110,124,136,148,164,169,174,214,257,258,262,278,281,283,331,378,374,390,394,407,410,432,436
337:29,50,54,56,69,99,102,106,190,209,211,222,226,248,267,297,313,317,325,359,358,423,443
338:0,35,40,52,80,109,117,129,141,151,174,183,238,241,243,246,280,407,436
339:7,24,47,65,85,110,114,130,167,192,193,194,214,229,237,248,275,298,323,328,335,384,346,360,368,375,388
340:12,32,53,54,56,73,103,104,114,130,131,168,189,190,193,200,247,259,265,269,271,275,324,365,360,368,369,378,383,422,439
341:26,29,35,49,97,145,155,165,170,173,180,197,203,209,231,235,245,248,307,315,320,395,342,345,361,363,385,390,391,420,421,442
342:19,27,155,178,184,238,241,243,246,296,306,307,312,322,330,334,341,419,355,358,360,361,367,406,407,421,436,445
343:6,59,74,98,145,150,157,161,170,277,293,309,322,333,433,374,383,411,420,427
344:28,31,38,54,80,112,123,124,165,178,198,211,212,226,256,276,296,305,323,368,403,411,414
345:1,3,35,49,62,79,84,97,137,172,176,180,185,204,205,206,252,278,284,332,341,354,346,348,372,378,389,410,439,447
346:0,18,24,38,47,49,57,84,116,124,147,160,162,216,251,263,270,306,307,311,317,339,345,381,350,357,373,386,390,422,431,446
347:0,21,55,95,116,120,121,153,188,191,218,222,224,232,241,243,286,314,326,335,389,352,356,357,362,401,412,440,445
348:12,33,35,83,84,89,106,121,127,128,144,170,176,180,186,256,260,263,276,285,298,299,301,303,306,307,319,333,345,394,361,370,373,378,424,425,448
349:5,14,23,68,76,86,89,111,134,160,182,196,204,230,235,246,281,304,314,352,369,377,379,399,405,419,425,433
350:43,56,76,95,150,230,232,236,251,268,280,285,304,305,318,322,346,364,399,407,418,425,442,445
351:9,18,49,52,56,57,71,76,92,117,128,147,166,172,184,197,211,214,223,234,238,244,289,290,299,313,321,322,335,383,403,408,410,411,445
352:3,34,54,55,79,129,147,161,216,223,226,243,244,265,279,283,303,309,315,347,349,357,359,369,374,394,423,443,444
353:21,37,40,46,50,72,80,86,91,106,119,131,132,137,144,153,163,180,210,219,245,275,284,290,291,295,306,308,313,320,326,376,356,444
354:30,37,53,57,71,72,73,83,168,170,177,189,193,198,202,207,217,227,255,345,416,360,364,377,390,396,399,432,433,443,444
355:4,7,14,22,39,71,87,113,160,163,245,277,289,312,322,331,342,408,361,374,385,386,402,416,425
356:9,11,91,98,121,135,156,160,161,169,178,183,198,218,226,259,267,273,285,291,296,297,309,323,347,353,377,365,376,392,403,430,437
357:2,19,29,45,98,108,110,122,148,149,158,183,196,229,236,246,257,264,268,269,274,285,315,316,346,347,352,413,359,378,404,409
358:65,69,74,110,115,134,137,144,159,165,168,213,218,227,243,259,267,277,324,333,335,337,342,421,363,385,407,426,430,433
359:20,56,75,113,117,129,133,136,176,197,198,213,244,249,258,286,287,305,315,324,337,352,357,379,370,399,420,423
360:0,18,40,61,64,91,102,113,118,123,130,144,165,167,170,172,202,205,222,225,232,251,266,282,306,311,314,339,340,342,354,418,366,384,405,410,413,433
361:20,21,34,37,47,60,73,92,109,123,179,180,183,241,247,251,256,266,298,311,325,341,342,348,355,405,362,368,397,414,418,436,437,444
362:3,27,29,32,43,44,49,51,65,69,80,95,102,125,132,138,147,173,182,193,202,217,257,271,322,328,347,361,443,382,401,425
363:6,19,32,118,130,144,146,150,162,163,180,181,192,200,209,217,233,237,244,249,257,280,292,294,298,317,319,321,332,341,358,431,368,391,395,410,424,447
364:32,38,51,62,66,111,146,147,169,171,195,209,218,229,234,258,260,261,267,288,316,350,354,385,413,416,439
365:18,37,45,59,63,96,107,120,149,155,163,178,203,219,231,233,240,289,292,300,309,314,318,321,324,331,340,356,424,379,389,390,392,397,401
366:57,84,97,104,123,125,142,156,183,194,238,268,293,330,360,367,368,376,389,433,435
367:2,9,27,29,63,75,107,108,112,146,148,173,205,241,243,273,285,306,311,325,334,342,366,439,396,403
368:25,27,29,40,56,57,112,122,132,136,148,168,192,232,240,254,258,266,271,278,283,295,298,317,339,340,344,361,363,366,447,381,400,415,426,443
369:0,33,40,56,60,84,104,107,112,131,141,187,224,244,252,270,278,287,290,292,298,299,340,349,352,421,410,427,430,431,434,440,446
370:16,77,78,91,164,168,171,180,229,230,258,273,278,286,290,311,348,359,383,378,406,422
371:61,67,68,70,84,85,87,102,124,137,150,166,173,239,250,263,272,280,293,309,328,411,372,373,442
372:12,30,56,80,96,105,136,184,186,200,216,230,243,286,317,333,345,371,441,392,411,428
373:3,20,66,100,111,131,141,146,156,190,193,204,210,223,237,246,260,266,272,276,282,289,296,311,313,346,348,371,385,397,414,429,447
374:15,16,44,52,59,67,90,91,135,142,144,186,242,268,290,321,330,332,336,343,352,355,418,379,383,384,395,430,436,441
375:16,17,28,72,73,101,104,113,121,133,144,147,179,184,212,227,234,257,268,284,291,301,310,316,319,339,436,390,399,409,415,417,424,433,440
376:6,22,46,56,78,101,106,123,140,146,182,199,204,209,216,218,237,255,258,261,275,278,312,324,353,356,366,378,382,383,415,421
377:22,33,49,54,69,102,118,121,134,140,153,156,172,188,201,232,257,258,275,298,308,312,315,326,349,354,356,397,381,414,417,437
378:7,19,21,23,26,62,69,72,106,135,136,176,184,193,202,206,224,248,271,276,278,291,298,327,336,340,345,348,357,370,376,407,399,419,422,428
379:40,46,66,72,115,135,147,151,155,168,172,176,225,234,236,263,268,295,297,312,323,326,349,359,365,374,380,383,386,434,436,448
380:36,48,73,79,90,100,125,128,142,183,285,291,293,379,439,416,420,426,435,443
381:13,45,48,77,78,81,100,121,147,166,170,191,195,240,256,309,346,368,377,382,383,435,444
382:10,63,104,111,189,210,216,240,265,277,285,292,312,329,362,376,381,429,390,399,407,409,441
383:16,27,37,40,42,44,58,65,79,89,93,102,106,107,127,143,150,157,179,255,267,280,305,330,340,343,351,370,374,376,379,381,437,385,388,399,400,402
384:18,28,35,78,81,95,104,152,170,248,249,255,279,286,310,322,339,360,374,397,391,400,416
385:8,10,33,35,41,51,67,94,102,114,118,135,151,155,157,203,219,244,254,269,280,284,305,318,332,341,355,358,364,373,383,409,405,415,421
386:32,34,44,59,69,100,114,123,129,133,148,166,179,208,300,332,346,355,379,441,409,425,442,447
387:18,19,44,67,70,73,75,121,146,151,152,170,174,178,188,258,262,266,268,290,313,320,437,433,435
388:2,9,29,64,101,110,124,140,154,163,166,179,196,200,203,234,268,279,281,300,324,335,339,383,411,392,395,421,439
389:12,36,45,56,57,65,83,106,163,195,204,209,231,235,236,251,255,333,345,347,365,366,418,395,407,431,444
390:5,19,25,55,74,85,88,95,142,143,151,157,203,207,229,230,243,289,301,305,332,336,341,346,354,365,375,382,412,393,397,400
391:6,27,28,46,71,75,111,137,157,166,198,199,205,212,217,230,241,248,264,274,284,294,304,319,325,341,363,384,428,394,399,411,436,447
392:12,15,25,46,56,64,111,127,159,165,172,185,192,214,224,227,243,244,260,356,365,372,388,448,412,438
393:1,28,34,59,75,116,122,126,129,206,216,226,231,235,240,251,263,278,291,294,295,297,302,317,329,390,446,442
394:0,21,25,40,59,68,76,108,124,135,139,157,186,188,191,201,205,213,254,257,286,311,336,348,352,391,419,431,434
395:1,9,14,27,28,31,35,70,79,81,83,86,98,111,136,148,166,178,183,205,242,250,296,304,313,319,333,341,363,374,388,389,411,405,431,437
396:0,37,66,76,96,111,121,126,142,147,156,175,177,190,207,211,220,246,250,256,258,292,303,311,315,323,328,333,354,367,410,401,432,446
397:24,66,76,82,89,153,200,212,226,229,235,243,247,280,286,310,311,318,322,326,333,361,365,373,377,384,390,418,399,400,447
398:14,37,38,40,52,56,57,62,67,69,89,95,106,139,149,150,166,192,193,203,219,231,252,253,275,276,278,290,294,306,311,412,420,425,439,443
399:23,32,33,43,70,83,98,130,160,167,215,239,274,286,295,349,350,354,359,375,378,382,383,391,397,431,401,403,417,420,433
400:33,39,45,67,86,101,106,110,126,151,164,171,177,196,218,240,249,251,258,275,322,326,368,383,384,390,397,423,402,436
401:1,6,17,41,55,70,72,131,154,159,200,221,247,282,299,300,304,347,362,365,396,399,434,408,424,425
402:0,25,49,55,58,60,86,137,167,188,190,206,211,215,216,228,238,244,263,303,316,355,383,400,416,430
403:17,52,132,188,189,191,231,257,260,281,292,307,323,331,344,351,356,367,399,440
404:3,10,34,73,83,101,103,106,116,141,143,151,161,188,205,208,210,255,280,295,328,357,415,416,418,435
405:10,42,44,74,85,90,104,124,160,166,177,180,197,225,256,267,274,290,297,335,349,360,361,385,395,442,421,431,436,449
406:16,66,70,107,109,115,127,145,166,173,194,207,210,213,233,239,281,287,298,326,342,370,429,417,418,447
407:23,24,43,70,73,88,91,175,185,211,214,234,236,239,269,290,325,330,336,338,342,350,358,378,382,389,410
408:6,15,18,28,33,41,42,43,72,89,99,106,110,144,167,178,199,210,220,225,266,271,283,293,351,355,401,435,432,443,447
409:6,18,26,61,107,119,124,132,137,160,162,168,223,250,253,266,275,286,298,357,375,382,385,386,428,411,433
410:25,39,92,93,95,115,137,146,164,189,209,215,224,227,270,299,320,334,336,345,351,360,363,369,396,407,429,416
411:31,48,81,94,98,113,147,149,152,153,154,176,206,211,231,238,246,247,252,268,270,273,281,297,329,343,344,351,371,372,388,391,395,409,415,417,418,423,442
412:6,16,28,33,45,49,51,59,98,101,128,131,141,171,192,226,228,229,236,261,310,334,347,390,392,398,449,425,436
413:23,63,86,91,114,188,220,242,316,319,323,357,360,364,415,420
414:2,3,7,15,47,84,125,213,267,269,282,290,303,329,344,361,373,377,444,420,421,443
415:8,15,18,19,23,43,51,70,77,104,105,116,134,147,157,166,172,190,195,196,220,222,223,249,264,265,286,368,375,376,385,404,411,413,424,428
416:10,47,55,83,118,121,132,144,165,201,274,279,305,354,355,364,380,384,402,404,410,426,440,447
417:31,66,68,69,140,145,155,161,168,190,219,256,263,288,327,332,375,377,399,406,411,445,421,423,439,442
418:29,36,45,47,48,71,96,103,104,108,122,132,133,135,172,175,192,198,250,254,273,288,296,317,350,360,361,374,389,397,404,406,411,440,429,449
419:13,16,21,22,25,41,102,149,153,206,213,223,230,238,245,247,251,266,273,280,284,303,316,342,349,378,394,446
420:28,90,92,114,136,146,149,161,165,170,216,246,248,262,269,290,297,301,310,312,334,341,343,359,380,398,399,413,414,447,425,444,445
421:8,44,47,58,60,61,66,68,75,80,88,97,102,123,151,177,193,232,263,297,341,342,358,369,376,385,388,405,414,417,430,437
422:25,47,54,74,88,107,129,142,150,166,189,206,229,269,340,346,370,378,428
423:12,54,59,78,85,99,119,123,142,150,158,170,183,187,199,206,242,243,247,252,300,302,337,352,359,400,411,417,445,441,444
424:14,26,70,74,98,127,143,161,174,198,208,213,218,231,239,248,252,290,292,296,316,348,363,365,375,401,415,444,428,435,447
425:2,7,13,22,24,28,70,78,88,105,138,157,182,215,222,230,241,245,267,279,348,349,350,355,362,386,398,401,412,420,441,448
426:7,8,11,27,43,45,71,82,100,102,107,131,156,178,185,187,205,274,290,292,298,306,315,324,358,368,380,416,433
427:44,74,118,146,150,161,165,236,243,253,278,326,343,369,433,442
428:5,30,50,63,64,68,98,142,159,172,173,181,195,196,198,200,216,229,236,251,264,285,314,323,331,333,372,378,391,409,415,422,424,436
429:17,62,68,88,100,104,124,159,161,165,172,178,192,204,210,287,304,321,329,330,373,382,406,410,418,433
430:5,23,79,93,123,130,145,159,173,222,233,234,265,267,281,282,299,325,328,329,356,358,369,374,402,421,448,445
431:5,8,26,39,49,50,59,61,101,124,163,170,187,204,228,269,281,293,299,320,326,346,363,369,389,394,395,399,405,441
432:16,32,73,136,168,189,192,194,209,228,239,245,252,276,285,293,298,300,304,307,309,317,321,327,329,332,336,354,396,408,443,439,445
433:11,35,50,52,69,79,115,117,133,141,148,151,170,172,177,178,227,232,238,260,271,272,289,291,320,333,343,349,354,358,360,366,375,387,399,409,426,427,429,445,443,449
434:12,13,35,43,44,47,63,83,110,130,148,194,227,238,255,304,313,333,335,369,379,394,401,447
435:7,17,22,33,37,53,77,102,116,167,169,176,180,181,196,209,246,249,259,276,308,366,380,381,387,404,408,424,445
436:23,42,56,59,70,106,107,108,122,145,162,177,178,183,184,199,242,255,258,261,292,308,309,310,326,336,338,342,361,374,375,379,391,400,405,412,428,440
437:41,43,68,70,80,96,162,189,222,229,243,250,284,288,314,315,319,323,356,361,377,383,387,395,421,448,449
438:8,28,41,45,70,77,81,87,91,167,178,187,198,208,209,212,216,230,232,247,248,253,281,296,314,325,326,329,392,446
439:9,26,39,54,67,85,89,93,102,115,162,174,178,211,235,243,244,269,286,288,296,340,345,364,367,380,388,398,417,432,441,443
440:4,32,37,59,101,143,152,164,184,193,208,221,222,233,234,242,255,262,280,283,294,300,306,347,369,375,403,416,418,436,442
441:5,13,15,49,58,102,104,105,113,114,116,119,121,125,132,146,154,168,184,185,232,237,245,248,254,262,265,288,305,329,372,374,382,386,423,425,431,439,449,444,448
442:48,61,113,115,142,164,169,172,180,188,203,205,241,276,287,297,310,312,335,341,350,371,386,393,405,411,417,427,440,447
443:4,16,88,108,117,153,169,236,258,270,297,332,333,337,352,354,362,368,380,398,408,414,432,433,439,446
444:24,25,43,75,86,92,95,101,120,131,135,169,250,264,270,283,286,298,315,328,352,353,354,361,381,389,414,420,423,424,441,449
445:6,11,62,90,105,124,151,153,171,181,186,189,192,220,271,274,290,300,322,342,347,350,351,417,420,423,430,432,433,435,447,449
446:41,65,87,91,105,157,158,201,209,231,252,279,310,311,346,369,393,396,419,438,443,449
447:16,43,44,70,100,106,111,120,127,141,148,150,154,156,179,199,203,211,218,254,256,262,263,264,274,296,308,322,325,335,345,363,368,373,386,391,397,406,408,416,420,424,434,442,445,449
448:7,16,29,52,72,77,102,145,148,165,183,188,226,269,282,297,306,320,348,379,392,425,430,437,441,449
449:15,63,83,92,94,135,140,148,157,179,212,220,226,231,265,281,286,300,327,405,412,418,433,437,441,444,445,446,447,448
