0:37,5,27,75,78,100,105,112,156,178,202,217,226,235,237,238,257,261,281,289,301,302,368,393,433,446,458
1:323,3,28,40,64,67,78,87,99,109,110,134,141,142,161,162,169,177,200,213,232,249,264,268,277,307,344,360,366,387,397,406,425,445,456,462,468,474,478
2:365,9,59,60,63,64,65,85,91,105,114,121,123,139,146,153,167,177,178,189,195,206,219,223,232,257,319,326,351,363,370,373,391,395,415,442,453
3:1,374,37,51,81,82,87,107,108,174,176,178,184,196,223,225,234,261,262,311,313,320,326,353,354,361,375,382,398,400,413,430,436,464,470
4:271,5,40,56,59,65,83,103,113,133,137,151,153,178,189,194,205,215,239,277,282,308,316,329,355,380,381,402,432,438,443,449,453,457,469,470,474
5:0,4,201,20,32,35,60,73,83,84,85,101,128,141,143,158,179,186,194,203,206,217,221,231,244,247,250,264,270,295,304,311,314,345,368,370,382,401,405,445,464
6:194,8,12,27,44,66,69,77,79,99,107,111,119,132,145,154,159,176,182,188,191,193,207,210,214,221,234,253,282,293,304,305,306,315,327,334,337,339,347,353,391,396,401,408,411,416,422,427,449,460,467
7:228,16,29,74,75,90,91,92,105,122,123,136,169,172,199,222,230,237,244,275,294,299,301,331,340,407,417,460,475
8:6,85,20,24,41,48,59,70,75,86,87,98,108,115,116,117,127,136,137,168,170,182,192,194,205,209,217,248,263,265,268,303,311,318,325,355,372,390,406,419,422,449,472,476,479
9:2,420,28,34,44,52,55,62,64,68,106,112,117,125,135,143,162,166,192,196,203,221,233,256,257,269,299,321,345,351,359,361,375,387,416,424,427,444,454,478
10:240,31,33,36,39,42,71,92,95,96,103,106,124,125,166,169,179,187,198,218,219,230,235,245,262,283,299,313,314,317,322,341,342,366,373,389,402,407,414,419,439,449,457,469
11:435,55,71,101,119,126,128,134,172,195,197,206,214,221,233,241,286,291,292,338,340,357,359,412,427,428,441,450,453,459,463,472
12:6,126,15,22,59,61,87,96,118,122,146,219,222,229,236,265,268,294,306,314,317,323,325,328,370,398,422,431,436,449,465
13:106,17,32,34,87,88,94,101,111,120,146,161,174,192,194,197,210,216,219,248,251,272,298,333,334,341,360,369,393,409,422,425,434,435,439,467
14:112,25,29,62,87,89,95,96,104,123,139,140,144,145,157,173,175,186,201,218,222,237,250,255,290,317,326,329,334,338,342,365,372,373,377,382,386,395,451,476
15:12,234,37,69,82,86,99,103,124,132,162,165,182,198,207,210,212,223,233,244,250,260,280,289,298,304,308,325,328,330,355,376,390,402,407,415,419,422,427,443,451,454,457,469
16:7,77,24,26,37,48,56,69,75,76,92,104,117,124,147,161,168,179,202,209,265,279,280,302,341,353,364,368,375,376,412,414,427,447,462,467,470,474,476,479
17:13,75,38,74,82,106,109,120,121,130,146,149,151,189,210,214,225,240,267,338,339,344,366,396,397,415,451
18:338,42,54,55,59,78,79,87,114,137,140,158,188,200,219,235,238,239,241,249,258,263,275,280,303,307,312,334,350,358,376,420,435,437,441,454,467,478
19:461,53,64,73,75,79,86,93,122,126,172,188,199,203,205,209,213,231,250,257,263,266,274,285,290,292,303,314,323,324,331,343,351,361,363,366,381,401,403,407,411,412,414,420,465,476,478
20:5,8,60,88,89,113,115,124,134,141,145,152,161,162,177,188,215,227,230,250,265,268,277,279,281,331,362,373,388,396,407,421,423,438,441,447
21:288,34,39,45,48,53,57,72,82,94,135,141,158,163,167,175,180,181,198,223,234,251,265,266,273,289,293,328,349,357,359,428,430,451,454,457,467,468
22:12,387,31,39,56,57,59,69,72,79,88,90,98,104,105,112,114,138,160,191,200,202,211,213,231,259,271,277,287,349,355,390,394,458,469
23:277,32,46,50,53,69,71,80,106,110,120,122,145,166,169,173,202,204,216,247,250,259,291,302,323,324,326,368,370,376,429,462,476
24:8,16,362,28,59,62,86,89,97,101,128,136,154,162,169,215,221,222,226,284,296,311,321,329,337,343,346,351,371,379,389,392,396,400,405,415,416,421,452,453,459,461,463,477
25:14,67,34,49,60,63,69,77,79,80,87,102,106,114,123,140,186,191,201,207,216,217,247,256,259,268,296,320,327,339,354,365,367,372,385,405,425,451,469,478
26:16,213,47,78,79,104,119,125,132,147,170,183,184,187,197,214,247,270,271,296,301,314,334,359,421,423,447,461
27:0,6,45,28,50,70,93,97,105,114,124,153,178,181,203,205,207,240,272,276,278,284,286,296,299,319,323,327,330,342,365,368,378,421,424,434,439,455,456,475,478
28:1,9,24,27,206,31,36,52,55,85,126,137,143,155,203,216,233,246,258,265,268,338,343,360,385,388,403,415,424,442,446,447,466,467,478
29:7,14,166,36,94,110,137,145,170,180,181,215,225,233,236,242,255,262,265,282,304,313,335,355,365,386,395,404,439,444,455,458,467
30:262,48,50,52,70,82,92,95,96,105,109,124,132,135,139,178,185,214,222,224,230,257,287,294,297,298,307,314,326,345,358,374,375,378,384,394,411,430,472,475
31:10,22,28,312,35,37,39,82,91,95,100,109,146,179,182,185,203,217,223,227,245,266,267,270,279,311,326,328,330,352,376,380,381,395,397,422,436,448,452,455,460
32:5,13,23,132,38,50,58,60,83,90,125,127,131,145,171,181,202,210,217,226,230,235,236,243,245,256,257,261,273,274,276,279,292,322,340,371,382,385,390,402,416,419,429,430,434,435,464,477
33:10,347,62,64,77,106,133,144,167,177,209,233,270,275,276,292,297,306,323,349,350,352,360,377,385,388,389,390,405,409,419,422,445,473,478
34:9,13,21,25,243,38,42,65,80,81,88,126,142,157,163,164,168,173,184,197,219,248,266,278,291,304,330,341,343,371,372,403,419,423,431,446,454,472
35:5,31,106,43,69,73,76,77,94,99,111,122,137,153,164,165,201,208,217,219,246,254,256,289,293,295,308,325,351,354,361,363,365,373,376,395,399,400,431,433,440,441
36:10,28,29,390,75,121,127,128,132,137,147,148,195,207,219,236,238,250,254,257,276,280,291,298,330,361,386,388,393,395,423,460,472
37:0,3,15,16,31,219,39,54,63,64,75,87,95,100,111,114,117,139,140,152,158,186,190,192,193,212,224,232,233,240,288,323,332,335,355,367,370,380,397,402,423,427,429,446,453,455,474
38:17,32,34,144,56,71,73,82,94,100,101,116,130,141,160,189,192,199,203,247,248,269,273,274,278,302,310,317,331,353,358,361,364,365,388,399,439,440,454,455,478
39:10,21,22,31,37,214,51,54,68,69,109,117,122,128,163,175,181,182,216,246,255,268,285,300,340,378,410,443,451,452,459
40:1,4,168,44,52,55,62,76,85,87,92,105,118,128,138,146,174,195,205,225,237,246,267,268,274,275,279,317,342,363,367,397,424,427,431,435,437,448,450,454,457,459,469,472,475,477,479
41:8,435,56,65,69,84,91,100,103,112,117,118,138,145,148,162,191,201,209,217,223,235,241,252,265,288,289,301,305,310,321,367,368,372,373,383,407,408,412,417,423,465,472,477
42:10,18,34,123,44,46,63,97,103,105,134,141,145,153,158,165,188,189,226,261,262,272,277,314,325,334,335,336,354,358,360,369,375,376,421,434,451,453,454,458,463,471
43:35,79,62,71,72,93,101,112,119,125,132,150,156,171,173,189,199,248,269,285,303,307,329,376,385,391,394,407,450
44:6,9,40,42,157,46,69,82,89,98,106,114,131,132,201,213,278,284,287,292,295,336,344,350,381,384,398,399,404,407,409,415,419,423,434,436,452
45:21,27,265,51,71,80,86,89,97,98,124,129,136,144,146,153,155,156,163,181,189,227,229,230,247,263,271,275,313,315,321,335,359,360,364,372,382,392,395,426,428,429,452,453,471
46:23,42,44,296,59,69,74,78,94,100,103,148,160,172,181,184,186,193,228,274,280,301,340,346,355,356,358,364,367,373,375,376,396,424,448,452,457
47:26,81,49,62,70,96,112,121,126,128,139,164,182,193,213,231,252,261,283,293,335,344,365,371,398,447,474
48:8,16,21,30,186,50,65,77,85,87,88,132,146,167,172,180,182,192,208,210,216,220,245,290,317,342,360,380,392,394,403,407,421,424,428,435,448,461,469
49:25,47,153,58,60,87,90,112,118,132,136,143,146,164,167,178,190,213,214,219,243,261,291,296,305,308,311,316,338,404,420,421,439
50:23,27,30,32,48,117,54,57,58,68,81,87,90,106,123,153,164,174,183,184,188,237,253,264,275,306,309,321,325,331,360,361,395,399,425,428,438,468,470
51:3,39,45,182,76,97,99,103,111,115,130,132,149,168,206,214,228,247,254,263,269,275,311,328,331,342,344,347,408,415,417,433,448,453,458,465,471
52:9,28,30,40,369,56,64,87,108,128,142,157,158,176,177,179,188,189,201,226,227,233,253,256,282,319,326,332,361,364,381,383,396,430,432,452,467,473,478
53:19,21,23,265,70,71,86,89,116,121,136,165,174,181,200,204,211,213,217,218,224,229,237,250,288,309,331,335,342,344,354,374,383,394,436,447,451,457,472
54:18,37,39,50,166,69,102,106,119,124,135,137,140,154,158,162,182,183,199,200,206,209,242,243,276,285,289,336,343,348,367,389,390,394,407,421,424,429,475
55:9,11,18,28,40,70,67,71,73,86,97,99,215,231,243,244,271,278,288,302,308,310,315,344,347,350,353,380,383,397,432,436,442,448,450,451,453,454,464
56:4,16,22,38,41,52,292,88,97,106,111,135,160,194,201,202,215,226,237,248,252,257,281,289,291,322,324,339,365,372,375,390,392,396,424,431,440,454,478
57:21,22,50,310,59,65,69,70,88,91,93,94,97,112,153,154,160,162,166,167,174,192,252,268,271,284,291,293,297,324,338,347,351,353,357,392,402,416,418,425,426,429,434,477
58:32,49,50,126,114,134,137,138,140,146,158,169,178,182,191,232,248,255,291,297,305,311,312,342,379,398,409,412,413,431,433,437,442,449,468
59:2,4,8,12,18,22,24,46,57,379,68,77,79,92,109,117,122,150,158,162,164,216,229,237,240,250,255,265,270,285,296,321,330,334,340,346,351,357,368,378,402,433,442,466,467,473
60:2,5,20,25,32,49,159,70,82,83,107,140,166,201,202,203,218,222,236,249,256,288,298,299,306,315,318,331,339,342,343,392,413,441,443,461,472,479
61:12,476,64,65,90,97,100,107,127,184,201,206,220,233,254,259,277,281,298,309,323,333,350,353,367,370,393,395,406,433,453,459,467,471
62:9,14,24,33,40,43,47,151,67,100,102,110,136,138,154,215,220,229,232,239,248,250,258,259,268,279,280,323,334,362,363,366,403,416,425,435,452,457,465,469,475,479
63:2,25,37,42,179,69,70,71,98,113,136,142,151,180,181,183,203,247,268,269,270,272,293,294,326,327,331,354,365,369,390,394,401,438,458,465,472,478
64:1,2,9,19,33,37,52,61,122,104,141,142,144,146,164,195,202,203,242,246,266,295,315,319,323,332,333,344,355,374,377,394,405,411,419,420,422,426,445,446,447,462,469,479
65:2,4,34,41,48,57,61,148,66,88,94,104,117,120,124,130,153,182,192,195,201,202,203,206,213,216,259,312,324,341,346,374,377,382,426,427,432,460,475
66:6,65,197,79,88,118,125,150,158,168,216,219,222,226,242,275,283,314,322,338,358,359,362,364,366,378,387,403,405,422,441,446,455,473
67:1,25,55,62,171,75,76,111,112,114,137,149,153,155,157,174,178,189,195,218,219,227,228,231,237,253,277,303,304,307,317,321,322,326,330,335,348,352,356,368,377,418,434,436,448
68:9,39,50,59,384,72,75,79,81,84,105,117,135,138,147,150,154,155,166,167,184,188,191,229,247,264,271,299,307,319,326,333,356,370,399,405,407,423,429,437,453,472,473
69:6,15,16,22,23,25,35,39,41,44,46,54,57,63,371,83,97,129,134,136,146,151,156,163,204,251,262,271,276,306,314,324,346,383,385,388,394,397,407,417,421,434
70:8,27,30,47,53,55,57,60,63,329,76,85,97,101,103,138,164,165,179,201,216,222,223,225,238,242,257,262,263,271,276,305,316,320,321,322,336,349,378,380,381,398,405,407,408,421,425,457,458,476,478,479
71:10,11,23,38,43,45,53,55,63,353,93,118,133,149,162,174,207,213,220,232,257,264,266,279,280,282,347,352,366,380,394,409,410,422,428,467,472,477
72:21,22,43,68,126,137,147,159,182,187,189,196,203,214,235,237,238,240,268,272,288,292,300,319,351,356,362,374,382,400,413,414,460,465,466,469,479
73:5,19,35,38,55,202,118,132,135,145,147,150,163,165,173,174,208,217,228,229,237,250,255,311,317,338,342,392,404,409,413,422,447,463,468
74:7,17,46,323,109,124,128,148,152,153,154,156,177,181,189,195,202,224,236,239,240,253,276,293,306,314,366,368,401,404,407,410,426,437,441,455,466
75:0,7,8,16,17,19,36,37,67,68,455,78,92,111,124,128,129,145,146,169,170,179,188,189,196,220,227,232,253,281,287,292,312,330,331,382,397,401,404,422,477
76:16,35,40,51,67,70,132,84,92,139,188,200,207,211,223,232,234,249,262,263,271,278,283,294,368,400,434,451,455,460,462,473,475
77:6,16,25,33,35,48,59,424,106,138,145,157,160,173,180,219,224,228,255,297,301,329,336,341,378,383,386,411,415,418,428,431,436,437,445,467,472,473,474
78:0,1,18,26,46,75,238,83,102,112,148,170,172,179,186,190,197,231,240,259,262,279,293,300,322,338,340,362,369,373,381,386,396,418,436,438,461,464,468
79:6,18,19,22,25,26,43,59,66,68,384,93,96,117,133,146,183,190,199,223,233,238,259,267,273,277,303,305,336,339,361,392,416,439,441,444,445,446,474,477
80:23,25,34,45,110,82,92,94,96,101,102,106,114,133,140,141,162,176,206,235,242,247,267,295,300,316,317,327,358,374,383,395,424,458,460,463,472
81:3,34,47,50,68,300,84,120,139,143,149,160,174,214,241,253,257,298,299,310,343,357,390,443,452,462
82:3,15,17,21,30,31,38,44,60,80,174,128,132,148,151,158,162,163,173,199,224,235,241,280,291,296,306,313,316,317,336,341,344,346,351,362,364,369,385,407,412,428,430,438,441,452,462,478
83:4,5,32,60,69,78,224,84,91,99,111,128,132,133,143,154,161,181,190,207,208,223,233,239,248,268,269,276,293,322,338,352,356,359,371,410,432,439,450,457,459
84:5,41,68,76,81,83,267,101,121,138,142,155,158,165,169,174,194,215,253,263,274,287,316,327,329,332,334,335,346,361,379,383,419,438,447,461,463,476
85:2,5,8,28,40,48,70,111,114,123,132,141,162,170,191,202,244,254,269,278,279,316,366,367,416,426,427,466,469,478
86:8,15,19,24,45,53,55,103,88,96,107,114,122,148,157,163,178,179,194,200,201,204,205,219,223,242,244,275,282,288,292,296,300,302,318,323,333,344,362,365,371,397,438,447,451,458
87:1,3,8,12,13,14,18,25,37,40,48,49,50,52,161,101,113,117,119,129,144,147,162,175,181,184,200,234,246,250,273,288,291,293,299,322,324,334,335,339,366,368,383,389,400,403,408,420,429,443,460,461,463
88:13,20,22,34,48,56,57,65,66,86,274,96,98,111,120,140,151,164,191,204,210,223,252,266,268,273,278,284,289,290,329,346,362,364,409,411,415,422,436,443,451,463
89:14,20,24,44,45,53,418,94,97,112,118,142,147,149,171,186,216,217,278,319,335,369,375,376,384,407,419,426,434,438,455,461,477
90:7,22,32,49,50,61,406,98,108,112,117,125,126,152,191,205,255,270,274,286,323,333,366,370,399,408,439,449,464
91:2,7,31,41,57,83,289,98,115,129,145,148,163,166,207,210,212,215,216,219,221,224,231,235,249,261,273,290,320,341,380,387,390,430,460,477
92:7,10,16,30,40,59,75,76,80,154,105,107,115,134,143,164,185,202,206,210,224,226,247,252,257,258,283,291,312,318,327,342,348,356,367,374,383,385,406,443,450,461,476
93:19,27,43,57,71,79,253,116,128,135,139,144,154,156,186,192,194,210,258,262,270,283,287,290,296,301,314,323,336,347,350,370,378,391,399,406,413,433,438
94:13,21,29,35,38,46,57,65,80,89,172,108,112,147,161,174,176,194,201,207,229,232,252,264,265,282,312,323,347,362,380,394,395,408,428,448,460,463
95:10,14,30,31,37,219,109,112,116,117,124,144,146,147,150,188,217,238,240,262,275,284,317,332,335,346,358,392,405
96:10,12,14,30,47,79,80,86,88,132,98,117,118,131,149,155,164,188,199,205,225,252,261,273,289,296,307,322,328,342,347,353,354,396,406,447,452,462,477
97:24,27,42,45,51,55,56,57,61,69,70,89,423,113,151,162,178,191,194,203,218,223,235,271,289,291,310,316,335,346,350,375,379,386,388,391,406,411,450,456,464,470,476
98:8,22,44,45,63,88,90,91,96,160,103,108,120,128,141,148,157,178,179,184,190,197,198,204,206,221,231,240,248,281,284,286,290,299,308,332,339,341,352,371,397,404,408,409,410,413,414,453,461,463,476
99:1,6,15,35,51,55,83,144,115,128,132,136,145,172,191,206,207,220,228,254,255,256,268,275,284,288,303,313,356,370,396,402,410,415,419,450,453,462,469,471
100:0,31,37,38,41,46,61,62,308,165,171,197,215,231,239,291,294,305,319,329,353,385,396,400,424,432,436,442,444,466,474
101:5,11,13,24,38,43,70,80,84,87,467,153,160,163,167,188,191,199,256,273,274,280,293,298,305,326,345,352,354,365,371,374,377,383,391,412,419,441,450,465,469
102:25,54,62,78,80,315,115,130,167,175,198,205,212,227,232,260,319,331,339,340,355,364,368,376,378,392,446,453,457
103:4,10,15,41,42,46,51,70,86,98,438,104,112,121,131,156,159,172,180,188,215,216,219,222,238,256,259,264,266,272,273,290,295,303,307,328,340,348,366,387,392,405,412,420,426,433,435,451,467,468,477
104:14,16,22,26,64,65,103,474,134,145,155,157,166,186,187,191,203,218,226,231,248,249,270,281,294,310,321,331,339,345,349,357,358,373,377,378,379,382,387,393,408,410,416,448,462,475
105:0,2,7,22,27,30,40,42,68,92,289,107,142,161,177,179,181,182,196,198,247,260,281,307,329,333,341,350,353,399,416,424,435,453,462,463,471
106:9,10,13,17,23,25,33,35,44,50,54,56,77,80,217,109,132,146,149,177,194,196,215,218,220,243,269,283,289,291,308,321,336,427,435,438,445,457
107:3,6,60,61,86,92,105,331,118,123,136,149,159,169,172,206,215,223,230,232,244,266,277,292,299,302,305,332,345,346,359,362,367,370,383,387,400,401,417,420,425,435,437,444,453,460,468,473,479
108:3,8,52,90,94,98,193,111,113,162,169,179,213,216,236,237,244,247,255,258,260,262,269,270,272,298,303,304,309,319,332,339,348,355,371,377,378,380,385,403,419,424,451,474
109:1,17,30,31,39,59,74,95,106,298,114,118,128,141,159,170,206,215,235,237,245,256,260,272,275,276,302,306,330,335,339,367,376,394,408,410,468
110:1,23,29,62,80,339,117,150,161,164,195,209,221,247,264,266,271,275,280,281,297,312,315,316,341,354,388,399,408,413,420,433,450,453,463,469,473,477,479
111:6,13,35,37,51,56,67,75,83,85,88,108,288,117,120,132,134,138,140,148,152,158,193,229,232,235,248,268,282,283,286,299,300,304,305,366,367,374,380,390,398,418,430,434,437,458,470,474
112:0,9,14,22,41,43,47,49,57,67,78,89,90,94,95,103,356,122,150,155,157,161,196,221,257,282,284,285,288,305,317,328,352,357,382,419,424,437,450,458
113:4,20,63,87,97,108,131,125,141,149,155,209,210,212,242,269,301,324,325,331,344,354,363,375,395,404,428,429,437,464,477
114:2,18,22,25,27,37,44,58,67,80,85,86,109,153,116,124,127,144,159,167,169,173,176,181,183,184,188,192,194,200,201,209,221,226,227,244,259,268,313,321,352,356,367,375,388,394,400,421,442,476
115:8,20,51,91,92,99,102,330,123,144,156,187,194,199,214,224,229,230,233,257,259,265,270,277,297,305,311,313,326,332,343,349,352,359,363,365,400,410,442,443,449,454,470,471,476,479
116:8,38,53,93,95,114,138,122,145,148,161,168,186,187,194,215,217,240,278,317,330,337,371,381,385,397,411,418,421,423,437,438,441,461,473
117:8,9,16,37,39,41,50,59,65,68,79,87,90,95,96,110,111,136,140,156,158,182,191,202,220,221,252,263,266,281,284,306,310,312,320,328,335,339,365,391,426,436,442,473,475
118:12,40,41,49,66,71,73,89,96,107,109,414,120,128,139,168,176,187,189,199,205,217,220,251,253,260,266,296,307,332,340,343,360,369,371,398,399,428,446,462,464
119:6,11,26,43,54,87,206,127,137,143,159,175,176,194,210,213,225,232,246,253,262,283,284,298,303,304,339,344,355,356,360,382,383,410,428,433,443
120:13,17,23,65,81,88,98,111,118,196,129,133,136,141,154,161,178,186,203,212,213,219,233,236,254,268,284,290,304,318,332,368,371,410,417,421,424,454,479
121:2,17,36,47,53,84,103,457,127,132,135,136,197,230,236,245,258,263,269,285,290,294,304,314,344,345,346,371,376,385,399,414,428,430,432,442,447,451,465,472,475
122:7,12,19,23,35,39,59,64,86,112,116,159,125,130,139,144,178,181,197,213,218,238,243,267,278,284,291,297,315,317,334,348,359,394,399,406,443,459,479
123:2,7,14,25,42,50,85,107,115,475,145,148,185,199,213,255,257,266,275,282,286,294,300,301,309,312,335,346,347,348,419,423,432,442,450,454,459,466,471
124:10,15,16,20,27,30,45,54,65,74,75,95,114,369,132,134,178,181,186,187,194,213,215,229,244,279,301,304,306,360,368,377,381,382,406,411,412,415,441,469
125:9,10,26,32,43,66,90,113,122,186,129,153,155,171,176,209,228,237,238,267,272,285,297,308,310,314,315,316,339,343,358,359,364,369,380,383,388,418,423,437,447,458,464,472,473,474,478
126:11,12,19,28,34,47,58,72,90,327,128,150,159,184,189,218,233,235,236,262,280,284,288,290,305,313,314,316,325,329,336,341,366,382,383,387,392,397,398,405,439,447,461
127:8,32,36,61,114,119,121,468,145,148,151,157,165,171,188,189,192,194,204,213,253,256,264,272,274,284,288,296,312,333,340,370,393,403,405,417,436,438,457,458,464
128:5,11,24,36,39,40,47,52,74,75,82,83,93,98,99,109,118,126,218,135,140,145,151,154,158,185,207,214,221,224,256,258,292,295,303,324,328,329,344,345,352,362,455,474
129:45,69,75,87,91,120,125,346,140,143,159,161,192,205,217,240,247,263,280,293,299,301,306,312,332,334,358,373,376,379,381,404,466,470,476
130:17,38,51,65,102,122,309,174,176,183,193,194,197,200,211,230,236,253,264,267,272,281,284,292,320,328,348,352,362,375,377,385,406,407,417,434,464,474,476
131:32,44,96,103,113,421,134,136,170,173,197,218,245,268,283,286,315,317,360,372,393,411,413,416,427,442,452,470
132:6,15,26,30,32,36,43,44,48,49,51,73,76,82,83,85,96,99,106,111,121,124,286,149,152,153,170,176,181,270,283,293,294,297,307,312,313,329,336,363,369,371,375,390,393,395,418,442,453,475
133:4,33,71,79,80,83,120,192,156,217,220,232,238,246,248,251,257,258,263,273,294,296,304,315,342,345,359,369,394,400,409,416,422,435,443,460,470
134:1,11,20,42,58,69,92,104,111,124,131,253,137,153,161,163,169,176,199,206,215,277,278,300,317,322,335,353,354,359,366,388,400,403,404,412,417,423,425,427,442,449,467,474
135:9,21,30,54,56,68,73,93,121,128,214,157,177,200,220,232,237,241,247,260,263,288,355,369,373,375,378,394,395,440,473
136:7,8,24,45,49,53,62,63,69,99,107,117,120,121,131,301,137,163,220,222,238,249,274,284,294,302,305,307,312,322,328,329,330,365,373,393,395,398,403,422,449,467
137:4,8,18,28,29,35,36,54,58,67,72,119,134,136,232,144,151,160,166,171,198,234,236,250,307,318,323,325,327,338,345,352,361,380,390,403,414,440,469
138:22,40,41,58,62,68,70,77,84,111,116,350,140,144,146,175,176,184,186,189,195,197,216,251,266,272,275,278,283,294,338,367,417,422,431,441
139:2,14,30,37,47,76,81,93,118,122,382,142,149,154,174,179,184,198,207,208,222,246,250,265,280,283,293,298,308,313,326,330,332,352,366,373,388,443,457,469
140:14,18,25,37,54,58,60,80,88,111,117,128,129,138,170,153,155,159,160,167,169,186,213,232,237,252,264,272,275,277,279,305,306,314,318,319,334,335,342,355,370,376,384,386,392,393,395,396,411,427,442,478
141:1,5,20,21,38,42,64,80,85,98,109,113,120,288,145,147,246,254,260,265,280,286,287,296,297,300,303,305,311,319,321,326,327,331,340,367,369,390,396,400,406,412,418,431,463,467,474
142:1,34,52,63,64,84,89,105,139,385,158,190,196,202,214,218,229,233,244,255,259,260,278,297,316,344,345,375,393,416,440
143:5,9,28,49,81,83,92,119,129,426,149,163,167,172,183,202,245,263,264,284,286,301,320,322,332,339,350,354,355,363,373,390,397,417,438,443,444,456,461
144:14,33,38,45,64,87,93,95,99,114,115,122,137,138,153,157,164,186,189,199,200,211,215,219,227,243,248,252,260,266,284,292,307,313,325,327,328,339,353,360,382,408,411,423,427,428,439,441,442,444,457
145:6,14,20,23,29,32,41,42,73,75,77,91,99,104,116,123,127,128,141,233,146,169,184,194,210,211,222,232,254,262,285,298,308,331,348,361,362,369,372,410,413,423,459,463,466,476,478
146:2,12,13,17,31,40,45,48,49,58,64,69,75,79,95,106,138,145,445,148,175,186,187,198,210,221,224,233,234,240,255,258,268,271,275,277,283,300,302,315,325,348,350,356,368,384,385,387,393,395,400,422,440,444,452,473,478
147:16,26,36,68,72,73,87,89,94,95,141,310,173,189,198,224,234,258,259,264,290,314,354,362,364,380,397,399,403,416,442
148:36,41,46,65,74,78,82,86,91,98,111,116,123,127,146,262,175,181,189,202,234,236,267,287,306,317,360,363,370,374,377,404,405,411,421,459
149:17,51,67,71,81,89,96,106,107,113,132,139,143,396,187,212,233,262,266,312,344,369,374,387,390,397,415,420,424,426,429,430,442,455,470
150:43,59,66,68,73,95,110,112,126,423,166,175,197,247,255,261,263,279,283,288,291,304,308,345,356,379,406,432,460,477
151:4,17,62,63,69,82,88,97,127,128,137,469,165,166,173,185,192,226,237,241,246,259,279,287,307,311,318,332,347,363,389,408,418,460,470,475,476,478
152:20,37,74,90,111,132,355,154,161,165,195,202,237,240,261,266,278,286,314,315,370,381,396,404,413,438,453
153:2,4,27,35,42,45,49,50,57,65,67,74,101,114,125,132,134,140,144,185,178,182,192,200,219,239,252,255,262,270,302,310,314,325,331,346,350,366,371,377,379,385,386,396,413,414,420,465,466
154:6,24,54,57,62,68,74,83,92,93,120,128,139,152,238,157,158,173,193,203,204,215,261,268,270,293,299,301,303,306,307,323,330,335,340,351,357,358,374,387,393,397,421,424,453,457,464,474
155:28,45,67,68,84,96,104,112,113,125,140,179,156,163,164,166,167,173,184,189,205,215,222,234,256,279,280,294,305,327,337,360,364,373,388,397,402,404,410,425,428,441,476
156:0,43,45,69,74,93,103,115,117,133,155,284,192,208,216,225,237,249,250,253,259,261,268,275,297,335,357,358,365,408,422,424,442,453,455,461,475
157:14,34,44,52,67,77,86,98,104,112,127,135,144,154,245,240,256,269,309,320,336,356,358,362,379,381,392,401,407,410,411,416,434,438,445,448,467
158:5,18,21,37,42,52,54,58,59,66,82,84,111,117,128,142,154,382,166,170,174,177,178,181,187,195,218,239,244,273,293,303,308,316,340,353,360,369,372,392,411,439,452,465
159:6,60,72,103,107,109,114,119,122,126,129,140,279,163,166,191,197,202,212,237,251,265,284,300,302,303,322,324,375,380,403,406,410,419,440
160:22,38,46,56,57,77,81,98,101,137,140,168,184,193,214,234,243,253,266,269,298,357,361,375,393,400,411,414,417,439,442,449
161:1,13,16,20,83,87,94,105,110,112,116,120,129,134,152,194,166,187,198,221,225,227,246,261,274,276,291,308,310,317,349,379,382,383,384,387,394,399,416,423,433,443,452,458,460,461
162:1,9,15,20,24,41,54,57,59,71,80,82,85,87,97,108,328,193,205,216,227,229,241,246,261,282,288,295,304,312,314,336,342,348,359,364,378,383,417,436,455,479
163:21,34,39,45,69,73,82,86,91,101,134,136,143,155,159,288,171,181,200,201,206,227,239,257,258,265,285,298,300,309,312,324,335,338,357,370,376,389,443,453,476
164:34,35,47,49,50,59,64,70,88,92,96,110,144,155,392,177,185,187,204,206,210,222,232,242,297,299,300,313,327,329,332,356,375,376,378,382,393,411
165:15,35,42,53,70,73,84,100,127,151,152,470,169,203,213,219,221,223,236,248,262,272,275,290,313,328,348,358,361,366,373,377,384,390,404,421,430,435,454,471
166:9,10,23,29,54,57,60,68,91,104,137,150,151,155,158,159,161,341,178,179,186,191,196,201,204,240,248,250,260,263,282,292,294,300,312,315,329,331,332,343,368,380,388,402,414,425,427,429,473,479
167:2,21,33,48,49,57,68,101,102,114,140,143,155,448,195,202,205,210,271,294,320,324,329,363,366,383,385,400,425,427,436,437,457,467,476
168:8,16,34,40,51,66,116,118,160,401,169,178,187,236,237,243,244,270,285,298,299,307,328,339,359,381,382,398,410,411,445,456,469
169:1,7,10,23,24,58,75,84,107,108,114,134,140,145,165,168,290,187,190,192,204,217,237,243,245,296,301,338,348,357,365,387,402,435,440,449,459,472,475
170:8,26,29,75,78,85,109,131,132,140,158,271,179,180,219,221,249,266,296,312,348,360,366,381,385,386,419,426,434,463,470,473,477
171:32,43,67,89,100,125,127,137,163,383,183,195,213,225,236,240,262,277,295,297,305,310,320,337,339,344,356,373,391,400,430,437,445,448,452,454,456,461,464,469
172:7,11,19,46,48,78,94,99,103,107,143,267,177,182,196,203,208,225,227,234,236,248,268,278,284,298,299,303,321,345,386,389,390,395,424,431,438,442,474
173:14,23,34,43,73,77,82,114,131,147,151,154,155,434,178,186,189,195,206,208,217,246,258,281,302,314,327,335,339,348,350,356,359,371,377,379,407,417,428,439,440,443,444,449,475,477
174:3,13,40,50,53,57,67,71,73,81,82,84,94,130,139,158,182,183,187,203,226,228,237,239,253,275,286,305,314,326,344,351,353,362,363,371,373,374,391,400,406,411,415,422,436,479
175:14,21,39,87,102,119,138,146,148,150,341,186,193,201,208,212,219,251,258,263,268,315,319,366,372,383,388,397,402,405,419,422,429,431,439,441,443,465
176:3,6,52,80,94,114,118,119,125,130,132,134,138,341,179,182,184,206,217,223,239,245,253,260,282,293,296,354,358,367,384,398,402,418,423,434,437,446,455,461,468,469
177:1,2,20,33,52,74,105,106,135,158,164,172,278,181,193,195,202,204,212,217,221,244,253,258,268,282,296,299,303,343,352,361,370,383,385,389,429,430,445,448,471,475
178:0,2,3,4,27,30,49,58,67,86,97,98,120,122,124,153,158,166,168,173,476,193,204,215,236,262,274,284,298,307,354,371,383,390,393,398,405,409,415,425,428,447,457,467
179:5,10,16,31,52,63,70,75,78,86,98,105,108,139,155,166,170,176,389,193,194,204,206,207,211,218,223,227,230,238,294,299,303,311,313,333,336,349,368,383,390,397,439,448,454,461,462,463,465
180:21,29,48,63,77,103,170,479,205,219,231,242,253,257,261,267,279,281,283,313,318,322,358,365,418,453,461
181:21,27,29,32,39,45,46,53,63,74,83,87,105,114,122,124,132,148,158,163,177,317,185,190,194,203,211,213,225,235,244,250,267,280,289,312,350,387,403,410,415,422,426,433,440,448,450,458,466,473
182:6,8,15,31,39,47,48,51,54,58,65,72,105,117,153,172,174,176,442,204,228,236,244,251,252,259,266,277,288,293,303,332,370,376,378,391,395,421,426,440,441,448,466,469,471,476
183:26,50,54,63,79,114,130,143,171,174,256,190,191,192,201,204,230,245,275,305,306,321,331,390,417,454
184:3,26,34,46,50,61,68,87,98,114,126,138,139,145,155,160,176,401,188,190,233,247,253,266,281,335,341,343,346,360,370,374,375,387,397,402,405,414,417,420,421,426,428,453,454,456,460,465,476
185:30,31,92,123,128,151,153,164,181,458,198,216,224,236,238,261,263,267,287,288,292,294,309,317,318,320,323,328,342,393,399,472,478,479
186:5,14,25,37,46,48,78,89,93,104,116,120,124,125,138,140,144,146,166,173,175,238,202,236,254,257,276,280,296,298,325,341,342,351,382,392,395,396,398,418,431,433,447,464
187:10,26,72,104,115,116,118,124,146,149,158,161,164,168,169,174,402,192,194,216,219,224,236,247,256,274,292,307,327,330,334,350,358,384,386,414,418,444,455,459,465,466,469
188:6,18,19,20,42,50,52,68,75,76,95,96,101,103,114,127,184,207,205,238,243,251,281,301,306,315,321,323,334,343,365,374,381,398,410,413,414,441,443
189:2,4,17,38,42,43,45,52,67,72,74,75,118,126,127,138,144,147,148,155,173,282,194,201,220,238,244,251,258,259,261,268,272,275,291,293,313,330,332,341,361,362,369,377,386,393,409,422,448,451
190:37,49,78,79,83,98,142,169,181,183,184,321,195,208,240,254,276,279,292,317,320,330,343,344,355,366,370,371,376,394,398,405,443,453
191:6,22,25,41,58,68,85,88,90,97,99,101,104,117,159,166,183,467,198,199,203,206,212,217,238,252,281,287,305,321,323,328,332,335,346,379,394,401,402,422,454,469,474,476,477
192:8,9,13,37,38,48,57,65,93,114,127,129,133,151,153,156,169,183,187,401,198,201,204,207,231,238,264,283,318,319,322,328,354,370,375,382,388,404,405,414,436,446,468,472
193:6,37,46,47,108,111,130,154,160,162,175,177,178,179,304,221,260,286,287,312,320,322,337,346,356,358,361,363,394,395,432,434,435,448,449,464,475
194:4,5,6,8,13,56,84,86,93,94,97,106,114,115,116,119,124,127,130,145,161,179,181,187,189,463,196,224,227,242,244,273,292,294,311,350,364,383,386,401,405,411,414,432,446,453,466,471
195:2,11,36,40,64,65,67,74,110,138,152,158,167,171,173,177,190,268,201,274,286,292,308,318,323,342,357,361,363,366,368,375,376,404,438,445,448,469,471
196:3,9,72,75,105,106,112,120,142,166,172,194,251,198,214,216,220,224,252,291,295,303,322,333,342,352,397,401,409,430,434,443,446,448,453,462,469,472,475,478
197:11,13,26,34,66,78,98,100,121,122,130,131,138,150,159,283,208,215,216,219,312,334,340,341,343,362,373,381,385,409,441,468
198:10,15,21,98,102,105,137,139,146,147,161,185,191,192,196,307,232,235,254,282,288,303,316,352,377,382,387,403,438,448,454,475,476
199:7,19,38,43,54,79,82,96,101,115,118,123,134,144,191,415,221,239,246,294,297,299,301,306,324,345,358,360,387,391,419,466,474,475
200:1,18,22,53,54,76,86,87,114,130,135,144,153,163,445,208,230,251,262,274,282,317,333,337,340,354,363,364,370,380,390,394,397,419,424,428,430,432,438,442,453,459,470,479
201:5,14,25,35,41,44,52,56,60,61,65,70,86,94,114,163,166,175,183,189,192,195,204,218,224,226,238,239,258,260,263,264,265,272,336,346,356,371,380,382,389,391,393,440,443,461
202:0,16,22,23,32,56,60,64,65,73,74,85,92,117,142,143,148,152,159,167,177,186,379,215,228,234,239,250,262,280,294,306,307,324,338,340,374,385,400,418,441,457,479
203:5,9,19,27,28,31,38,60,63,64,65,72,97,104,120,154,165,172,174,181,191,211,206,208,230,233,265,267,287,293,330,334,344,351,366,372,383,411,430,434,444,445,457,475,478
204:23,53,69,86,88,98,127,154,164,166,169,177,178,179,182,183,192,201,323,210,224,228,232,244,258,259,261,282,308,309,312,335,339,341,362,364,369,396,401,414,420,423,457,471,472
205:4,8,19,27,40,86,90,96,102,118,129,155,162,167,180,188,241,218,225,227,245,257,260,275,280,289,313,316,326,347,349,379,392,401,409,440,449,479
206:2,5,11,28,51,54,61,65,80,92,98,99,107,109,119,134,163,164,173,176,179,191,203,338,230,235,240,249,251,253,255,274,276,313,317,333,377,381,411,456,459
207:6,15,25,27,36,71,76,83,91,94,99,128,139,179,188,192,213,226,239,244,250,273,278,286,294,302,336,359,361,362,372,380,387,389,391,399,409,413,441,456,470,476,477,478
208:35,48,73,83,139,156,172,173,175,190,197,200,203,270,239,255,267,293,295,308,328,332,340,366,370,391,431,432,436,437,441,445,468,474,477
209:8,16,19,33,41,54,110,113,114,125,245,210,241,250,252,296,318,338,351,364,399,429,456,465,471
210:6,13,15,17,32,48,88,91,92,93,113,119,145,146,164,167,204,209,344,219,261,302,315,325,333,395,396,398,404,413,420,450,469,475
211:22,53,76,130,144,145,179,181,203,222,216,220,226,233,242,248,249,284,297,330,338,346,350,354,356,360,371,388,407,418,446,463,474,479
212:15,37,91,102,113,120,149,159,175,177,191,217,238,258,285,296,298,309,315,316,322,324,325,327,346,352,362,375,383,385,395,398,437,454
213:1,19,22,26,44,47,49,53,65,71,108,119,120,122,123,124,127,140,165,171,181,207,280,218,229,289,310,325,326,395,432,435,437,443,444,461,462,468,474
214:6,11,17,26,30,39,49,51,72,81,115,128,135,142,160,196,358,228,234,237,244,247,277,282,284,288,305,313,315,319,397,401,427,445,466
215:4,20,24,29,55,56,62,84,91,100,103,106,107,109,116,124,134,144,154,155,178,197,202,375,237,245,257,260,262,282,283,293,309,320,334,358,359,386,390,404,411,414,423,445,450,451,462
216:13,23,25,28,39,48,59,65,66,70,89,91,103,108,138,156,162,185,187,196,197,211,464,220,228,230,289,297,305,318,333,335,340,362,368,372,421,440,445,458,468,469,474,476
217:0,5,8,25,31,32,35,41,53,73,89,95,106,116,118,129,133,169,173,176,177,191,212,340,218,240,242,250,261,270,274,279,281,284,299,305,307,312,315,316,333,335,339,363,369,377,394,396,403,406,408,427,429,447,454,461
218:10,14,53,60,67,97,104,106,122,126,128,131,142,158,179,201,205,213,217,362,246,249,260,271,283,311,323,331,332,339,375,389,427,433,438
219:2,10,12,13,18,34,35,36,37,49,66,67,77,86,91,95,103,120,144,153,165,170,175,180,187,197,210,418,229,240,249,261,271,272,273,283,293,298,307,317,339,346,353,354,383,384,403,421,426,434,438,445,455
220:48,61,62,71,75,99,106,117,118,133,135,136,189,196,211,216,314,228,271,295,307,315,319,322,331,348,351,363,364,366,368,384,402,404,406,410,413,424,444,451,471
221:5,6,9,11,24,91,98,110,112,114,117,128,146,161,165,170,177,193,199,364,274,284,361,363,423,439,456,466,469,473,475
222:7,12,14,24,30,60,66,70,103,136,139,145,155,164,211,290,265,266,273,286,310,332,337,361,384,402,420,427,429,431,436,440,450,459,461,464,468,479
223:2,3,15,21,31,41,70,76,79,83,86,88,97,107,165,176,179,362,239,240,252,261,273,274,294,316,319,323,326,335,336,356,359,387,389,408,422,427,448,450,460
224:30,37,53,74,77,82,83,91,92,115,128,146,147,185,187,194,196,201,204,299,225,235,244,251,252,253,262,296,316,330,332,338,343,346,350,367,372,379,398,404,426,428,432,435,464,472,474,476
225:3,17,29,40,70,96,119,156,161,171,172,181,205,224,362,226,252,298,315,330,341,368,382,400,427,430,431,444,452,470,476
226:0,24,32,42,52,56,66,92,104,114,151,174,201,207,211,225,259,229,236,238,242,264,310,315,317,333,343,373,381,391,394,434,437,438,459,469
227:20,31,45,52,67,75,102,114,144,161,162,163,172,179,194,205,394,235,241,255,262,264,292,294,317,318,319,347,354,363,365,376,399,410,420,433,446
228:7,46,51,67,73,77,99,125,174,182,202,204,214,216,220,254,264,276,280,293,303,312,316,336,358,386,411,416,427,428,440,441,452,455,462,471
229:12,45,53,59,62,68,73,94,111,115,124,142,162,213,219,226,478,243,250,260,261,265,266,295,302,318,366,388,389,436,438,463
230:7,10,20,30,32,45,107,115,121,130,179,183,200,203,206,216,435,238,251,258,266,270,284,286,331,337,358,364,376,388,396,431,442,446,457,466
231:5,19,22,47,55,67,78,91,98,100,104,180,192,298,240,249,254,272,315,320,376,379,389,393,407,409,420,421,426,443,461
232:1,2,37,58,62,71,75,76,94,102,107,111,119,133,135,137,140,145,164,198,204,322,247,253,259,281,297,298,338,343,349,373,376,385,393,425,441,450,452,459,471
233:9,11,15,28,29,33,37,52,61,79,83,115,120,126,142,145,146,149,184,203,211,276,234,238,239,246,277,286,295,305,307,322,327,339,352,353,354,374,380,396,405,416,423,427,443,462,469,470,471
234:3,6,15,21,76,87,137,146,147,148,155,160,172,202,214,233,328,238,274,281,284,290,309,325,347,350,362,366,368,373,385,387,390,400,433,434,456,465,468,479
235:0,10,18,32,41,72,80,82,91,97,109,111,126,181,198,206,224,227,253,237,292,300,317,340,364,369,376,387,403,413,424,444,445,450,453,466,479
236:12,29,32,36,60,74,108,120,121,126,130,137,148,165,168,171,172,178,182,185,186,187,226,476,255,257,268,276,288,340,355,357,360,393,423,435,473
237:0,7,14,40,50,53,56,59,67,72,73,108,109,125,135,140,151,152,156,159,168,169,174,214,215,235,414,245,247,248,254,268,332,370,412,434,452,455,456,467
238:0,18,36,70,72,78,79,95,103,122,125,133,136,154,179,185,186,188,189,191,192,201,212,226,230,233,234,320,243,247,252,277,279,288,313,317,323,337,343,345,346,362,364,369,378,386,400,412,417,421,462,467,474,476,478,479
239:4,18,62,74,83,100,153,158,163,174,176,199,201,202,207,208,223,233,241,244,246,261,272,279,280,297,322,355,385,387,392,415,417,420,430,437,478
240:10,17,27,37,59,72,74,78,95,98,116,129,146,152,157,166,171,190,206,217,219,223,231,285,249,251,268,302,310,324,336,383,400,405,420,421,425,436,442,450
241:11,18,41,81,82,135,151,162,205,209,227,239,368,256,260,273,276,294,303,308,314,318,327,328,337,357,358,362,391,397,417,448
242:29,54,64,66,70,80,86,113,164,180,194,211,217,226,443,278,333,336,337,338,344,345,354,363,392,411,412,430,441,452,453,464,473
243:32,34,49,54,55,106,122,144,160,168,169,188,229,238,269,251,266,283,293,294,312,359,388,398,428,432,461
244:5,7,15,55,85,86,107,108,114,124,142,158,168,177,181,182,189,194,204,207,214,224,239,432,256,258,276,298,315,349,358,360,364,365,370,372,390,410,412,413,415,447,459,472
245:10,31,32,48,109,121,131,143,157,169,176,183,205,209,215,237,413,265,268,294,317,318,321,329,355,359,360,378,386,395,433,445
246:28,35,39,40,64,87,119,133,139,141,151,161,162,173,199,218,233,239,262,250,251,260,269,274,286,305,313,334,338,342,351,353,354,384,388,393,416,428,432,438,439,466,470
247:5,23,25,26,38,45,51,63,68,80,92,105,108,110,129,135,150,184,187,214,232,237,238,309,286,294,315,338,346,362,371,379,391,395,445,451,456,472
248:8,13,34,38,43,56,58,62,83,98,104,111,133,144,165,166,172,211,237,371,251,280,282,293,294,322,342,347,356,383,386,390,439,440,459,460,465,476,478
249:1,18,60,76,91,104,136,156,170,206,211,218,219,231,240,262,256,278,284,289,291,308,324,329,352,359,369,370,379,409,411,419,426,431,435,446,459
250:5,14,15,19,20,23,36,53,59,62,73,87,137,139,156,166,181,202,207,209,217,229,246,294,257,262,280,285,288,289,292,301,332,357,380,382,386,389,392,401,419,443,446,455,456,457,477
251:13,21,69,118,133,138,159,175,182,188,189,196,200,206,224,230,240,243,246,248,457,258,260,268,288,293,299,310,314,316,321,341,351,352,371,379,382,389,401,421,436,463,472,477
252:41,47,56,57,88,92,94,96,117,140,144,153,182,191,196,209,223,224,225,238,293,288,300,325,330,336,344,364,369,407,411,416,417,421,423,427,430,456
253:6,50,52,67,74,75,81,84,93,118,119,127,130,134,156,160,174,176,177,180,184,206,224,232,235,404,285,311,312,325,326,328,329,369,373,381,424,426,445,462,464,469,476
254:35,36,51,61,85,99,120,141,145,186,190,198,228,231,237,458,256,261,269,278,302,314,324,333,352,358,359,374,400,406,412,421,437,441,442,448,461
255:14,29,39,58,59,73,77,90,99,108,123,142,146,150,153,206,208,227,236,336,275,283,291,313,315,354,362,368,381,386,390,396,397,433,438,448,452,462,467,471
256:9,25,32,35,52,60,99,101,103,109,127,128,155,157,183,187,241,244,249,254,339,274,276,293,298,313,374,382,412,421,445,461,463,465,467,470
257:0,2,9,19,30,32,36,56,70,71,81,92,112,115,123,133,163,180,186,205,215,236,250,307,272,278,283,284,290,293,304,324,335,342,343,379,391,414,415,430,466,475,476
258:18,28,62,92,93,108,121,128,133,146,147,163,173,175,177,189,201,204,212,230,244,251,281,259,286,321,354,363,384,398,414,422,425,448
259:22,23,25,61,62,65,78,79,103,114,115,142,147,151,156,182,189,204,226,232,258,286,260,268,328,335,340,343,367,375,384,394,412,416,443,451,468,472
260:15,102,105,108,109,118,135,141,142,144,166,176,193,201,205,215,218,229,241,246,251,259,349,262,276,279,286,291,301,312,316,321,322,324,330,345,350,351,364,369,380,408,420,422,423,436,443,469,475
261:0,3,32,42,47,49,91,96,150,152,154,156,161,162,180,185,189,204,210,217,219,223,229,239,254,350,288,290,294,311,331,333,346,348,389,393,400,403,406,414,434,453,465,469,473,479
262:3,10,29,30,42,69,70,76,78,93,95,108,119,126,145,148,149,153,165,171,178,200,202,215,224,227,246,249,250,260,474,265,270,288,319,332,337,338,341,347,349,350,351,354,377,381,391,404,441,465,469,477
263:8,18,19,45,51,70,76,84,117,121,129,133,135,143,150,166,175,185,201,274,267,270,277,284,297,330,333,338,342,353,358,370,371,372,383,396,399,405,411,421,430,431,439,462
264:1,5,50,68,71,94,103,110,127,130,140,143,147,192,201,226,227,228,320,266,284,288,290,305,306,307,327,358,361,384,389,391,394,411,428,429,443,454
265:8,12,16,20,21,28,29,41,45,53,59,94,115,139,141,159,163,201,203,222,229,245,262,273,300,302,311,315,345,348,351,366,415,439,450,466,467,470,477,478
266:19,21,31,34,64,71,88,103,107,110,117,118,123,138,144,149,152,160,170,182,184,222,229,230,243,264,466,277,283,303,331,350,387,398,399,420,431,449,461,474
267:17,31,40,79,80,84,122,125,130,148,172,180,181,185,203,208,263,299,294,316,324,333,334,338,346,363,382,386,390,394,400,416,433,448,456
268:1,8,12,20,25,28,39,40,57,62,63,72,83,88,99,111,114,120,131,146,154,156,172,175,177,189,195,236,237,240,245,251,259,382,277,295,308,319,336,342,350,351,356,374,390,397,423,467,472
269:9,38,43,51,63,83,85,106,108,113,121,157,160,243,246,254,270,279,283,292,311,330,351,363,390,394,414,426,432,436,443,449,452,467
270:5,26,31,33,59,63,90,93,104,108,115,132,153,154,168,208,217,230,262,263,269,465,272,281,287,297,301,302,303,316,346,358,366,370,400,411,418,419,429,435,453,455,458,471,472,476,477
271:4,22,26,45,55,57,68,69,70,76,97,110,146,167,170,218,219,220,425,275,307,310,354,361,375,388,390,394,400,433,434,446,463,466,472
272:13,27,42,63,72,103,108,109,125,127,130,138,140,165,189,201,219,231,239,257,270,388,276,285,304,324,331,340,367,386,414,417,442,445,452,458,469,475
273:21,32,38,79,87,88,91,96,101,103,133,158,194,207,219,222,223,241,265,450,280,282,302,336,348,353,357,394,414,434,436,443,459,479
274:19,32,38,40,46,84,88,90,101,127,136,161,178,187,195,200,206,217,221,223,234,246,256,263,341,280,283,289,298,309,338,357,368,369,370,395,400,424,431,435,436,448,456,472,475
275:7,18,33,40,45,50,51,66,86,95,99,109,110,123,138,140,146,156,165,174,183,189,205,255,271,281,279,283,285,296,298,333,337,363,366,377,396,401,410,412,418,424,427,433,435,445,450,461,476,479
276:27,32,33,36,54,69,70,74,83,109,161,186,190,206,228,233,236,241,244,256,260,272,311,285,290,301,330,353,402,414,464,472
277:1,4,20,22,23,42,61,67,79,107,115,134,140,146,171,182,214,233,238,263,266,268,352,292,298,300,321,322,369,373,383,407,413,419,434,478
278:27,34,38,44,55,76,85,88,89,116,122,134,138,142,152,172,177,207,242,249,254,257,464,316,333,346,356,364,386,395,397,405,417,437,444,457,467
279:16,20,31,32,40,62,71,78,85,124,140,150,151,155,159,180,190,217,238,239,260,269,275,323,290,293,309,319,352,354,356,383,408,437,449,457,475
280:15,16,18,36,46,62,71,82,101,110,126,129,139,141,155,181,186,202,205,213,228,239,248,250,273,274,450,296,298,304,309,310,311,331,344,348,355,368,393,441,447,467,471
281:0,20,56,61,75,98,104,105,110,117,130,173,180,184,188,191,217,232,234,258,270,275,440,312,318,327,373,395,397,408,429,452,453,455,474
282:4,6,29,52,71,86,94,111,112,123,162,166,176,177,189,198,200,204,214,215,248,273,376,320,330,332,336,339,342,352,380,383,387,392,394,396,400,403,444,446,456,463,464,468,472,477
283:10,47,66,76,92,93,106,111,119,131,132,138,139,146,150,180,192,197,215,218,219,243,255,257,266,269,274,275,336,284,289,290,291,298,311,315,327,344,354,356,384,385,388,422,453,455,462
284:24,27,44,57,88,95,98,99,112,117,119,120,122,126,127,130,136,143,144,156,159,172,178,211,214,217,221,230,234,249,257,263,264,283,340,298,308,320,333,345,365,379,394,401,410,427,440,448,454,462,471,476
285:19,39,43,54,59,112,121,125,145,163,168,212,240,250,253,272,275,276,362,303,304,314,322,350,357,365,366,370,403,435,447,457,462,466
286:11,27,90,98,111,123,131,132,141,143,152,174,193,195,207,222,230,233,246,247,258,259,260,291,290,297,306,323,324,329,337,354,355,369,372,381,382,408,411,417,420,424,430,436,460
287:22,30,44,75,84,93,141,148,151,185,191,193,203,270,372,297,315,331,333,337,338,347,350,364,376,391,399
288:21,37,41,53,55,60,72,86,87,99,111,112,126,127,135,141,150,162,163,182,185,198,214,236,238,250,251,252,261,262,264,373,289,296,306,350,375,391,398,406,422,427,458,470,476
289:0,15,21,35,41,54,56,88,91,96,97,105,106,181,205,213,216,249,250,274,283,288,313,311,320,324,328,337,341,372,400,423,433,451,461,464,475
290:14,19,48,88,91,93,98,103,120,121,126,147,165,169,222,234,257,261,264,276,279,283,286,342,291,293,344,351,355,375,389,391,403,422,431,435,451,452,477
291:11,23,34,36,49,56,57,58,82,87,92,97,100,106,122,150,161,189,196,249,255,260,283,286,290,475,296,307,317,326,353,356,368,371,381,393,396,442,443,444,457,459,468
292:11,19,32,33,44,56,72,75,86,107,128,130,144,166,185,187,190,194,195,227,235,250,269,277,435,301,312,315,324,328,340,377,386,393,410,417,418,452,457,471,475
293:6,21,35,47,57,63,74,78,83,87,101,129,132,139,154,158,176,182,189,203,208,215,219,228,243,248,251,252,256,257,279,290,396,294,305,310,311,340,351,359,362,398,406,419,420,434,439,445,453,468,477
294:7,12,30,63,76,100,104,121,123,132,133,136,138,155,166,167,179,185,194,199,202,207,223,227,241,243,245,247,248,250,261,267,293,472,323,329,337,339,341,409,426,450,452,467
295:5,35,44,64,80,103,128,162,171,196,208,220,229,233,268,301,300,314,328,338,339,340,355,391,395,402,421,443,457,459,461,462,464,471,473,475
296:24,25,26,27,46,49,59,82,86,93,96,118,127,133,141,169,170,176,177,186,209,212,224,275,280,288,291,479,298,319,320,326,336,341,354,368,375,403,417,448
297:30,33,57,58,77,110,115,122,125,132,141,142,156,164,171,199,211,216,232,239,263,270,286,287,439,302,303,304,319,376,408,418,437,438,440,466,473,477
298:13,15,30,36,60,61,81,101,108,109,119,139,145,160,163,168,172,178,186,212,219,225,231,232,244,256,274,275,277,280,283,284,296,385,340,346,350,384,404,406,407,408,439,442
299:7,9,10,27,60,68,81,87,98,107,111,129,154,164,168,172,177,179,199,217,224,251,267,339,306,312,330,342,364,368,387,390,399,418,427,436,444,457,463,470,477
300:39,72,78,80,81,86,111,123,134,141,146,159,163,164,166,235,252,265,277,295,380,325,331,336,343,347,352,358,370,371,389,393,415,417,436,439,443,459,468
301:0,7,26,41,46,77,93,113,123,124,129,136,143,154,169,188,199,250,260,270,276,292,295,467,314,335,337,340,367,368,370,375,380,384,398,410,421,429,456,464,479
302:0,16,23,38,55,86,107,109,136,146,153,159,173,207,210,229,240,254,265,270,273,297,436,354,355,372,391,395,400,407,409,421,429,434,441,448,462,479
303:8,18,19,43,67,79,99,103,108,119,128,141,154,158,159,172,177,179,182,196,198,228,241,266,270,285,297,353,308,315,318,342,369,408,410,411,440,441,463,465,478
304:5,6,15,29,34,67,108,111,119,120,121,124,133,150,162,193,257,272,280,285,297,349,345,350,351,361,373,377,381,382,383,389,393,395,396,402,405,419,449,455,463,477
305:6,41,49,58,70,79,100,101,107,111,112,115,126,136,140,141,155,171,174,183,191,214,216,217,233,246,264,293,401,315,316,343,358,361,369,398,412,424,430,435,437,442,446,458,461,470,479
306:6,12,33,50,60,69,74,82,109,117,124,129,140,148,154,183,188,199,202,264,286,288,299,388,321,322,326,334,347,363,376,407,411,412,422,451,474
307:1,18,30,43,67,68,96,103,105,118,132,136,137,144,151,154,168,178,187,198,202,217,219,220,233,257,264,271,291,461,315,344,346,366,394,400,414,437,450,452,454,467
308:4,15,35,49,55,98,100,106,125,139,145,150,158,161,195,204,208,241,249,268,284,303,439,330,359,368,372,375,395,412,420,450,461,468,477
309:50,53,61,108,123,130,157,163,185,204,212,215,234,247,274,279,280,383,312,327,332,338,340,349,359,388,424,435,442,450,458,465,471,478
310:38,41,55,57,81,97,104,117,125,147,153,161,171,213,222,226,240,251,271,280,293,381,312,343,359,374,402,413,419,426,431,459,464,465,474
311:3,5,8,24,31,49,51,58,73,115,141,151,179,194,218,253,261,265,269,276,280,283,289,293,432,313,314,320,329,330,334,335,337,345,352,391,412,447,470
312:18,31,58,65,75,92,94,110,117,123,127,129,132,136,149,162,163,166,170,181,193,197,204,217,228,243,253,260,281,292,299,309,310,441,314,322,326,327,338,344,352,356,359,392,406,424,426,444,461,464,465,468,472
313:3,10,29,45,82,99,114,115,126,132,139,144,164,165,179,180,189,205,206,214,238,246,255,256,289,311,357,328,344,356,364,370,384,391,402,412,414,415,459,473
314:5,10,12,19,26,30,42,66,69,74,93,121,125,126,140,147,152,153,162,173,174,220,241,251,254,285,295,301,311,312,327,321,355,377,387,389,415,430,436,445,447,462,463,471,477
315:6,45,55,60,64,102,110,122,125,131,133,146,152,166,175,188,210,212,214,217,220,225,226,231,244,247,255,265,283,287,292,303,305,307,477,317,333,351,370,375,380,385,394,395,396,401,417,419,446,448,449,454,478
316:4,49,70,80,82,84,85,97,110,125,126,142,158,198,205,212,217,223,224,228,251,260,267,270,278,305,334,317,326,345,346,348,382,400,438,466,470
317:10,12,14,38,40,48,67,73,80,82,95,112,116,122,131,134,148,161,181,185,190,200,206,219,226,227,235,238,245,291,315,316,358,327,330,349,360,363,364,391,413,418,430,452,456,474,476
318:8,60,86,92,120,137,140,151,180,185,192,195,209,216,227,229,241,245,281,303,345,321,322,339,343,344,358,391,417,432,446,460,463,477,478
319:2,27,52,64,68,72,89,100,102,108,140,141,175,192,214,220,223,227,262,268,279,296,297,337,320,326,348,353,355,371,372,373,377,402,421,439,442,447,451
320:3,25,70,91,117,130,143,157,167,171,185,190,193,215,231,238,264,282,284,289,296,311,319,375,327,329,334,376,388,404,407,410,421,461,466,469
321:9,24,41,45,50,59,67,70,104,106,114,141,172,183,188,190,191,245,251,258,260,277,306,314,318,327,324,325,349,362,390,408,417,424,442,457
322:10,32,56,66,67,70,78,83,87,96,134,136,143,159,180,192,193,196,212,220,232,233,239,248,260,277,285,306,312,318,440,353,377,404,413,419,427,441,451
323:1,12,19,23,27,33,37,61,62,64,74,86,90,93,94,137,154,185,188,191,195,204,218,223,238,279,286,294,431,350,358,368,376,384,397,414,419,426,427,433,457,459,464
324:19,23,56,57,65,69,87,113,128,159,163,167,199,202,212,240,249,254,257,260,267,272,286,289,292,321,368,343,369,378,404,408,412,418
325:8,12,15,35,42,50,113,126,137,144,146,153,186,210,212,213,234,252,253,300,321,366,334,347,353,369,382,384,387,414,419,421,428,438,449,452,458,464,466,469,474
326:2,3,14,23,30,31,52,63,67,68,101,115,139,141,174,205,213,223,253,291,296,306,312,316,319,437,351,369,375,399,424,451,454,457,466,478
327:6,25,27,63,80,84,92,126,137,141,144,155,164,173,187,212,233,241,264,281,283,309,312,314,317,320,321,415,360,364,374,383,396,399,436,440,444,454,455,456,458,459,469,471,479
328:12,15,21,31,51,96,103,112,117,128,130,136,144,162,165,168,185,191,192,208,234,241,253,259,289,292,295,313,459,334,337,349,379,387,402,415,421,427,442,468
329:4,14,24,43,70,77,84,88,100,105,126,128,132,136,164,166,167,245,249,253,286,294,311,320,438,352,373,392,405,406,410,411,458,464,472
330:15,27,31,34,36,59,67,75,109,115,116,136,139,154,187,189,190,203,211,224,225,252,260,263,269,276,282,299,308,311,317,414,331,338,344,346,371,390,424,428,435,442,456,457,458,469,471,473
331:7,19,20,38,50,51,53,60,63,75,102,104,107,113,141,145,153,166,183,218,220,230,261,266,272,280,287,300,330,441,349,364,376,381,404,407,410,423,432,445,476
332:37,52,64,84,95,98,107,108,115,118,120,129,139,143,151,164,166,182,189,191,208,218,222,224,237,250,262,282,309,356,359,361,368,392,397,407,412,430,432,445,464,469,474
333:13,61,64,68,86,90,105,127,179,196,200,206,210,216,217,226,242,254,261,263,267,275,278,284,287,315,426,338,369,402,409,427
334:6,13,14,18,26,42,59,62,84,87,122,129,140,187,188,197,203,215,246,267,306,311,316,320,325,328,476,337,341,368,372,377,394,421,438,440,451,455,470
335:29,37,42,45,47,53,67,84,87,89,95,97,109,117,123,134,140,154,156,163,173,184,191,204,216,217,223,257,259,301,311,425,336,370,395,397,407,431,436,446,450,469
336:42,44,54,70,77,79,82,93,106,126,132,157,162,179,201,207,223,228,240,242,252,255,268,273,282,283,296,300,335,454,346,347,350,355,361,372,374,376,391,408,426,430,446,468,473
337:6,24,116,155,171,193,200,222,230,238,241,242,262,275,286,287,289,294,301,311,319,328,334,405,343,354,357,362,364,368,378,381,413,421,456,457,474
338:11,14,17,18,28,49,57,66,73,78,83,137,138,163,169,202,206,209,211,224,232,242,246,247,262,263,267,274,287,295,309,312,330,333,418,358,364,373,374,380,434,445,458
339:6,17,25,56,60,79,87,98,102,104,108,109,110,117,119,125,143,144,168,171,173,204,217,218,219,233,256,282,294,295,299,318,344,347,352,357,364,367,392,400,405,434,435,438,471,475
340:7,11,32,39,46,59,78,102,103,118,127,141,154,158,197,200,202,208,216,217,235,236,259,272,284,292,293,295,298,301,309,469,350,363,377,378,380,387,401,402,404,407,410,425,443,448,476
341:10,13,16,34,65,77,82,91,98,105,110,126,166,175,176,184,186,189,197,204,225,251,262,274,289,294,296,334,470,343,363,373,381,390,400,408,418,453,471
342:10,14,27,40,48,51,53,58,60,73,92,96,133,140,162,185,186,195,196,246,248,257,263,268,282,290,299,303,424,369,370,380,393,414,415,444,445,456,459,464
343:19,24,28,34,54,60,81,115,118,125,166,177,184,188,190,197,224,226,232,238,257,259,300,305,310,318,324,337,341,387,361,363,403,404,418,426,429,439,452,459,465,478
344:1,17,44,47,51,53,55,64,82,86,113,119,121,128,142,149,171,174,190,203,210,242,252,280,283,290,307,312,313,318,330,339,353,358,397,404,418,420,432,454,465
345:5,9,30,101,104,107,121,128,133,137,142,150,172,199,238,242,260,265,284,304,311,316,318,408,350,353,357,375,404,409,444
346:24,46,59,65,69,82,84,88,95,97,107,121,123,129,153,184,191,193,201,211,212,219,224,238,247,261,267,270,278,298,307,316,330,336,369,347,378,429,445,448,460,471,472
347:6,33,51,55,57,71,93,94,96,123,151,205,227,234,248,262,287,300,306,325,336,339,346,466,354,369,386,401,413,464,476,477
348:54,67,92,103,108,122,123,130,145,146,162,165,169,170,173,220,261,265,273,280,316,319,379,354,387,434,436
349:21,22,33,70,104,115,161,179,205,232,244,260,262,304,309,317,321,328,331,458,351,357,391,400,405,407,412,414,428,431,436,455,457,461,472,473
350:18,33,44,55,61,93,97,105,138,143,146,153,173,181,187,194,211,224,234,260,261,262,266,268,285,287,288,298,304,323,336,340,345,466,355,358,359,390,398,399,407,408,427,439,446,473
351:2,9,19,24,35,57,59,72,82,154,174,186,203,209,220,246,251,260,262,265,268,269,290,293,304,315,326,349,379,359,360,365,371,382,409,412,435,464,471,473,479
352:31,33,67,71,83,98,101,112,114,115,128,130,137,139,177,196,198,212,233,249,251,254,277,279,282,300,311,312,329,339,379,364,365,408,441,449,453,473
353:3,6,16,38,55,57,61,71,96,100,105,134,144,158,174,219,233,246,263,273,276,291,303,319,322,325,344,345,407,368,382,399,402,427,441,446,449,453,461,464,471
354:3,25,35,42,53,63,96,101,110,113,134,143,147,176,178,192,200,211,219,227,233,242,246,255,258,262,271,279,283,286,296,302,337,347,348,437,385,403,406,411,431,449,469
355:4,8,15,22,29,37,46,64,102,108,119,135,140,143,152,190,236,239,245,280,286,290,295,302,314,319,336,350,416,369,386,388,392,402,425,432,447,457,459,460,463,467
356:46,67,68,72,83,92,99,112,114,119,146,150,157,164,171,173,193,201,211,223,248,268,278,279,283,291,312,313,332,365,359,367,368,374,397,400,411,430,441,445,457,461,469,473,478
357:11,21,57,59,81,104,112,154,156,160,163,169,195,236,241,250,273,274,285,313,337,339,345,349,457,359,360,379,381,414,436,439,455
358:18,30,38,42,46,66,80,95,104,125,129,154,156,157,165,176,180,187,193,199,214,215,228,230,241,244,254,263,264,270,300,305,317,318,323,338,344,350,429,367,393,400,411,419,421,422,448,449,450,455,472
359:9,11,21,26,45,66,83,107,115,122,125,133,134,162,168,173,207,215,223,243,245,249,254,293,308,309,310,312,332,350,351,356,357,377,369,371,392,417,443,445,449,477,478
360:1,13,28,33,42,45,48,50,118,119,124,131,144,148,155,158,170,184,199,211,236,244,245,317,327,351,357,441,376,381,382,400,403,405,411,452,458,478,479
361:3,9,19,35,36,38,50,52,79,84,137,145,160,165,177,189,193,195,207,221,222,264,271,304,305,332,336,343,396,362,379,412,414,415,418,423,439,460
362:20,24,62,66,72,78,82,86,88,94,107,128,130,145,147,157,174,189,197,204,207,212,216,218,223,225,234,238,241,247,255,285,293,321,337,361,456,387,394,411,419,441,459,466
363:2,19,35,40,62,113,115,132,143,148,151,167,174,193,195,200,217,220,221,227,242,258,267,269,275,306,317,340,341,343,430,365,373,375,390,407,409,415,449,454,471
364:16,38,45,46,52,66,82,88,102,125,147,155,162,194,200,204,209,220,221,230,235,238,244,252,260,278,287,299,313,317,327,331,337,338,339,352,428,366,379,384,391,395,429,431,433,451,471
365:2,14,25,27,29,35,38,47,56,63,86,101,115,117,136,156,169,180,188,227,244,284,285,351,352,356,363,368,373,380,405,423,427,446,467,475,477
366:1,10,17,19,62,66,71,74,85,87,90,103,111,126,134,139,153,165,167,170,175,190,195,203,208,220,229,234,265,270,275,285,307,325,364,447,393,400,407,410,429,448,450
367:25,37,40,41,46,54,61,85,92,107,109,111,114,138,141,176,224,259,272,301,339,356,358,379,375,382,395,414,459
368:0,5,16,23,27,41,59,67,74,76,87,102,120,124,146,166,179,195,216,220,225,234,241,255,274,280,291,296,299,301,308,323,324,332,334,337,353,356,365,454,375,405,406,419,436,437,443,457,460,463,466,472,473
369:13,42,52,63,78,82,89,118,124,125,132,133,135,141,145,149,158,189,204,217,235,238,249,252,253,260,274,277,286,303,305,324,325,326,333,342,346,347,355,359,394,390,410,412,436,454,455,471
370:2,5,12,23,37,61,68,90,93,99,107,127,140,148,152,163,177,182,184,190,192,200,208,237,244,249,263,270,274,285,300,301,313,315,335,342,455,392,398,407,421,425,435,476
371:24,32,34,47,69,83,86,98,101,108,116,118,120,121,132,153,173,174,178,190,201,211,247,248,251,263,291,300,319,330,351,359,441,375,377,381,383,384,391,392,394,401,402,412,422,442,443,456,468,469,472,475
372:8,14,25,34,41,45,56,131,145,158,175,203,207,216,224,244,263,286,287,289,302,308,319,334,336,421,375,387,389,405,416,420,432,435,441,466
373:2,10,14,20,35,41,46,78,104,129,135,136,139,143,155,165,171,174,197,226,232,234,253,277,281,288,304,319,329,338,341,363,365,397,379,393,400,422,436,477
374:3,30,53,64,65,72,80,92,101,111,148,149,154,174,184,188,202,233,254,256,268,310,327,336,338,356,435,376,377,391,410,423,427,434,451,462
375:3,9,16,30,42,46,56,89,97,113,114,130,132,135,142,159,160,164,184,192,195,212,215,218,259,271,288,290,296,301,308,315,320,326,345,363,367,368,371,372,415,386,390,401,416,437,442,450,453,468
376:15,16,18,23,31,35,42,43,46,89,102,109,121,129,140,163,164,182,190,195,227,230,231,232,235,282,287,297,306,320,323,331,336,360,374,460,391,394,401,411,422,427,430
377:14,33,64,65,67,101,104,108,124,130,148,153,165,173,189,198,206,217,262,275,292,304,314,319,322,334,340,359,371,374,403,405,428,452,461,464,474
378:27,30,39,59,66,70,77,93,102,104,108,135,162,164,182,238,245,324,337,340,346,403,380,400,402,408,410,411,447,463,465,479
379:24,58,59,84,97,104,129,150,153,157,161,173,191,202,205,224,231,247,249,251,257,284,328,348,351,352,357,361,364,367,373,399,380,417,430,473
380:4,31,37,48,55,70,71,91,94,108,111,125,137,147,159,166,200,201,207,233,250,260,282,300,301,315,338,340,342,365,378,379,479,419,423,429,430,433,452,465,473
381:4,19,31,44,52,70,78,116,124,129,152,157,168,170,188,197,206,226,253,255,262,286,291,304,310,331,337,341,357,360,371,416,382,393,413,419,421,429,448,450,458,469,471,476
382:3,5,14,32,45,65,72,75,104,112,119,124,126,139,144,158,161,164,168,186,192,198,201,225,250,251,256,267,268,286,304,316,325,351,353,360,367,381,457,385,386,395,396,399,418,426,446,455,463,465,468,469,472,473,479
383:41,52,53,55,69,77,80,84,87,92,101,107,119,125,126,161,162,167,171,175,177,178,179,194,203,212,219,240,248,263,277,279,282,304,309,327,371,385,428,433,467,474,477
384:30,44,68,79,89,140,146,161,165,176,187,219,220,222,246,258,259,264,283,298,301,313,323,325,364,371,470,386,411,417,431,439,461,478
385:25,28,32,33,43,69,82,92,100,108,116,121,130,142,146,153,167,170,177,197,202,212,232,234,239,283,298,315,354,382,383,415,386,388,392,399,406,416,431,438,443,445,462,478
386:14,29,36,77,78,97,140,153,170,172,187,189,194,215,228,238,245,248,250,255,267,272,278,292,347,355,375,382,384,385,460,396,422,446,447,454
387:1,9,22,66,91,103,104,107,126,146,149,154,161,169,181,184,198,199,207,223,234,235,239,266,282,299,314,325,328,340,343,348,362,372,417,395,405,418,432,436,439,448,453
388:20,28,33,36,38,69,97,110,114,125,134,139,155,166,175,192,211,229,230,243,246,271,272,283,306,309,320,355,385,433,416,451,476
389:10,24,33,54,87,151,163,172,177,179,201,207,218,223,229,231,250,251,261,264,290,300,304,314,372,431,396,402,407,411,416,424,425,426,433,437,439,460,479
390:8,15,22,32,33,36,54,56,63,81,91,111,132,137,141,143,149,165,172,178,179,183,200,215,234,244,248,255,267,268,269,271,299,321,330,341,350,363,369,375,417,392,395,421,447,448,451,464
391:2,6,43,93,97,101,117,171,174,182,199,201,207,208,226,241,247,257,262,264,287,288,290,295,302,311,313,317,318,336,349,364,371,374,376,397,429,437,442,444,451
392:24,45,48,56,57,60,73,79,95,102,103,126,140,157,158,164,186,205,239,242,250,282,312,329,332,339,355,359,370,371,385,390,433,401,403,407,416,435,449,455,456,476,479
393:0,13,36,61,104,127,131,132,136,140,142,146,154,160,164,178,185,189,201,231,232,236,246,261,280,291,292,300,304,342,358,366,373,381,406,431,434,445,452
394:22,30,43,48,53,54,63,64,69,71,94,109,114,122,133,135,161,190,191,193,200,217,226,227,259,264,267,269,271,273,282,284,307,315,334,362,369,371,376,477,396,409,436,476
395:2,14,29,31,35,36,45,50,61,80,94,113,132,135,136,140,146,172,182,186,193,210,212,213,245,247,274,278,281,295,302,304,308,315,335,364,367,382,387,390,405,402,415,421,434,446,451,452,459
396:6,17,20,24,46,52,56,78,96,99,100,140,141,149,152,153,186,204,210,217,230,233,255,263,275,282,291,293,304,315,327,361,382,386,389,394,432,398,399,412,421,430,447,457,467,474
397:1,17,31,37,40,55,69,75,86,98,116,126,143,147,149,154,155,175,179,184,196,200,214,241,255,268,278,281,323,332,335,344,356,373,391,421,408,412,414,442,444,446
398:3,12,44,47,58,70,111,118,126,136,168,176,178,186,188,190,210,212,224,243,258,266,288,293,301,305,350,370,396,428,400,401,402,412,449,467,472,478
399:35,38,44,50,68,90,93,105,110,118,121,122,147,161,185,207,209,227,263,266,287,299,326,327,350,353,379,382,385,396,414,475
400:3,24,35,72,76,87,100,107,114,115,133,134,141,146,160,167,171,174,202,225,234,238,240,254,261,267,270,271,274,282,289,302,307,316,339,341,349,356,358,360,366,373,378,398,459,426,452,463,478
401:5,6,19,63,74,75,107,157,168,184,191,192,194,196,204,205,214,250,251,275,284,305,315,340,347,371,375,376,392,398,428,415,416,418,430,436,473
402:4,10,15,32,37,57,59,99,155,166,169,175,176,184,187,191,220,222,276,295,304,310,313,319,328,333,340,353,355,371,378,389,395,398,443,421,466,474
403:19,28,34,48,62,66,87,108,127,134,136,137,147,159,181,198,217,219,235,261,282,285,290,296,343,354,360,377,378,392,452,405,432,437,449,460,463
404:29,44,49,73,74,75,98,113,129,134,148,152,155,165,192,195,210,215,220,224,253,262,298,320,322,324,331,340,343,344,345,475,427,462
405:5,24,25,33,64,66,68,70,95,103,126,127,148,175,178,184,190,192,194,233,240,263,278,304,329,337,339,349,360,365,368,372,377,387,395,403,442,453,460,465,475
406:1,8,61,90,92,93,96,97,122,124,130,141,150,159,174,217,220,254,261,288,293,298,312,329,354,368,385,393,436,416,438,447,450
407:7,10,15,19,20,41,43,44,48,54,68,69,70,74,82,89,130,157,173,211,231,252,277,298,302,306,320,331,332,335,340,349,350,353,363,366,370,389,392,435,415,460,467,472,474
408:6,41,51,70,87,90,94,98,104,109,110,144,151,156,217,223,260,279,281,286,297,298,303,321,324,336,341,345,350,352,378,397,444,422,452,460,462,476,477
409:13,33,44,58,71,73,88,98,133,178,189,196,197,205,207,231,249,294,302,333,345,351,363,394,452,417,420,444,455,463
410:39,71,74,83,98,99,104,109,115,119,120,145,155,157,159,168,181,188,220,227,244,275,284,292,301,303,320,329,331,340,366,369,374,378,439,413,415,422,441,450,456,461,475
411:6,19,30,64,77,88,97,116,124,131,140,144,148,157,158,160,164,168,174,194,203,206,215,228,242,249,252,263,264,270,286,303,306,329,354,356,358,360,362,376,378,384,389,444,428,434,436,439,441,443,458
412:11,16,19,41,58,82,101,103,124,134,141,237,238,242,244,254,256,259,275,305,306,308,311,313,324,332,349,351,361,369,371,396,397,398,421,422,427,439
413:3,58,60,72,73,93,98,110,131,145,152,153,188,207,210,220,235,244,245,277,310,317,322,337,347,381,410,458,417,421,423,436,439,440,466
414:10,16,19,72,98,118,121,137,153,160,166,184,187,188,192,194,204,215,237,257,258,261,269,272,273,276,307,313,323,325,330,342,349,357,361,367,397,399,430,418,419,422,449,451,453,460
415:2,15,17,24,28,44,51,77,88,99,124,149,174,178,181,199,239,244,257,265,300,313,314,327,328,342,361,363,375,385,395,401,407,410,459,421,426,432,435,441,445,468,471
416:6,9,24,32,57,62,79,85,104,105,131,133,142,147,157,161,228,233,246,252,259,267,355,372,375,381,385,388,389,392,401,406,418,452,478,479
417:7,41,51,69,107,120,127,130,134,138,143,160,162,173,183,184,238,239,241,252,272,278,286,292,296,300,315,318,321,359,379,384,387,390,409,413,425,418,424,434,444,451,465
418:57,67,77,78,89,111,116,125,132,141,151,176,180,186,187,202,211,219,270,275,292,297,299,317,324,338,341,343,344,361,382,387,401,414,416,417,476,426,437,443,452,454,465,466,469,472,475
419:8,10,15,32,33,34,44,64,84,89,99,101,108,112,123,159,170,175,199,200,249,250,270,277,293,304,310,315,322,323,325,358,362,368,380,381,414,466,420,422,423,440
420:9,18,19,49,64,87,103,107,110,149,153,184,204,210,222,227,231,239,240,260,266,286,293,308,344,372,409,419,454,469
421:20,24,26,27,42,48,49,54,69,70,114,116,120,131,148,154,165,182,184,216,219,231,238,240,251,252,254,256,263,295,301,302,319,320,325,328,334,337,358,370,372,381,390,395,396,397,402,412,413,415,474,429,431,436,453,478
422:6,8,12,13,15,31,33,64,66,71,73,75,88,133,136,138,146,156,174,175,181,189,191,223,258,260,283,288,290,306,358,371,373,376,386,408,410,412,414,419,439,431,438,458
423:20,26,34,36,37,41,44,68,97,116,123,125,134,144,145,150,161,176,204,215,221,233,236,252,260,268,289,331,361,365,374,380,413,419,445,427,440,466,467,471,475,477
424:9,27,28,40,46,48,54,56,77,80,100,105,108,112,120,149,154,156,172,200,220,235,253,274,275,286,305,309,312,321,326,330,342,389,417,438,427,450,453,455,457,472,477
425:1,13,25,50,57,62,70,107,134,155,166,167,178,232,240,258,271,335,340,355,370,389,417,455,468
426:45,57,64,65,74,85,89,103,117,143,149,170,181,182,184,219,224,231,249,253,269,294,310,312,323,333,336,343,382,389,400,415,418,443
427:6,9,11,15,16,37,40,65,85,106,131,134,140,144,166,167,214,217,218,222,223,225,228,233,252,275,284,288,299,322,323,328,333,350,353,365,374,376,404,412,423,424,447,452,464,465,474,478
428:11,21,45,48,50,71,77,82,94,113,118,119,121,144,155,173,178,184,200,224,228,243,246,264,325,330,349,364,377,383,398,401,411,475,432,438
429:23,32,37,45,54,57,68,87,113,149,166,175,177,209,217,222,264,270,281,301,302,343,346,358,364,366,380,381,391,421,434,465,467,469
430:3,21,30,32,52,82,91,111,121,149,165,171,177,196,200,203,225,239,242,252,257,263,286,305,314,317,332,336,356,363,376,379,380,396,401,414,473,455,467
431:12,34,35,40,56,58,77,138,141,172,175,186,208,222,225,230,249,263,266,274,290,310,323,335,349,354,364,384,385,389,393,421,422,478,432,444,446,469
432:4,52,55,65,83,100,121,123,150,193,194,200,208,213,224,243,244,246,269,311,318,331,332,344,355,372,387,396,403,415,428,431,458,441,445,463,477
433:0,35,51,58,59,61,93,103,110,119,161,181,186,218,227,234,245,255,267,271,275,289,323,364,380,383,388,389,392,435,438,440,444,466
434:13,27,32,42,44,57,67,69,76,89,111,130,157,170,173,176,193,196,203,219,226,234,237,261,271,273,277,293,302,338,339,348,374,393,395,411,417,429,478,440,447,453,459,472,479
435:11,13,18,32,40,41,48,62,103,105,106,107,133,165,169,193,213,224,230,236,249,270,274,275,285,290,292,305,309,330,339,351,370,372,374,392,407,415,433,454,437,448,450,451
436:3,12,31,44,53,55,67,77,78,88,100,117,127,162,167,174,192,208,222,229,240,251,260,269,273,274,286,299,300,302,314,327,335,348,349,357,368,369,373,387,394,401,406,411,413,421,466,437,454,465,471,475,478,479
437:18,40,58,68,74,77,107,111,112,113,116,125,167,171,176,208,212,213,226,239,254,278,279,297,305,307,326,354,368,375,389,391,403,418,435,436,476,441,450,474,477
438:4,20,50,63,78,82,84,86,89,93,103,106,116,127,143,152,157,172,195,198,200,218,219,226,229,246,255,297,316,325,329,334,339,385,406,422,424,428,433,453,465,475
439:10,13,27,29,38,49,79,83,90,126,144,158,160,173,175,179,221,246,248,263,265,293,297,298,300,308,319,343,350,357,361,384,387,389,410,411,412,413,422,455,447,450,457,460,462,463,464
440:35,38,56,135,137,142,146,159,169,173,181,182,201,205,216,222,228,248,281,284,297,303,322,327,334,413,419,423,433,434,476,462,468
441:11,18,20,35,60,66,74,79,82,101,116,124,138,144,155,175,182,188,197,202,207,208,228,232,242,254,262,280,302,303,312,322,331,352,353,356,360,362,371,372,410,411,415,432,437,452,444,446,448,475
442:2,28,55,58,59,100,114,115,117,121,123,131,132,134,140,144,147,149,156,160,172,182,200,230,240,254,272,291,298,305,309,319,321,328,330,371,375,391,397,405,463,448,465,466,474
443:4,15,39,60,81,87,88,92,115,119,122,133,139,143,161,163,173,175,188,190,196,201,213,231,233,242,250,259,260,264,269,273,291,295,300,340,359,368,371,385,402,411,418,426,454,456,468,479
444:9,29,79,100,107,143,144,146,173,187,203,213,220,225,235,278,282,291,299,312,327,342,345,391,397,408,409,411,417,431,433,441,476,447,457,459,465,466
445:1,5,33,64,77,79,106,146,157,168,171,177,195,200,203,208,214,215,216,219,235,245,247,253,256,272,275,293,314,331,332,338,342,346,356,359,385,393,415,423,432,473,451,460,470,475
446:0,28,34,37,64,66,79,102,118,176,192,194,196,211,227,230,249,250,271,282,305,315,318,335,336,350,353,365,382,386,395,397,431,441,475,453,478
447:16,20,26,28,47,53,64,73,84,86,96,121,125,126,178,186,217,244,280,285,311,314,319,355,366,378,386,390,396,406,427,434,439,444,464,470
448:31,40,46,48,51,55,67,94,104,157,167,171,177,179,181,182,189,193,195,196,198,223,241,254,255,258,267,274,284,296,302,315,340,346,358,366,381,387,390,435,441,442,467
449:4,6,8,10,12,58,90,115,134,136,160,169,173,193,205,266,269,279,304,315,325,352,353,354,358,359,363,392,398,403,414,462,470,479
450:11,40,43,55,83,92,97,99,101,110,112,123,181,210,215,222,223,232,235,240,265,273,275,280,294,307,308,309,335,358,366,375,381,406,410,424,435,437,439,462,474
451:14,15,17,21,25,39,42,53,55,76,86,88,103,108,121,189,215,220,247,259,289,290,306,319,322,326,334,364,374,388,390,391,395,414,417,435,445,476,463,464,470
452:24,31,39,44,45,46,52,62,81,82,96,131,146,158,161,171,225,228,232,237,242,255,269,272,281,290,292,294,307,317,325,343,360,377,380,393,395,400,403,408,409,416,418,427,441,462,472,475
453:2,4,11,24,37,42,45,51,55,61,68,98,99,102,105,107,110,132,152,154,156,163,180,184,190,194,196,200,235,242,261,270,281,283,293,341,352,353,375,387,405,414,421,424,434,438,446,467,472,476
454:9,15,18,21,34,38,40,42,55,56,115,120,123,165,171,179,183,184,191,198,212,217,264,284,307,315,326,327,336,344,363,368,369,386,418,420,435,436,443,456,461,479
455:27,29,31,37,38,66,74,75,76,89,128,149,156,162,176,187,219,228,237,250,270,281,283,304,327,334,349,357,358,369,370,382,392,409,424,425,430,439,463,456,458
456:1,27,97,143,168,171,184,206,207,209,221,234,237,247,250,252,267,274,282,301,317,327,330,337,342,362,371,392,410,443,454,455,471,470,478
457:4,10,15,21,40,46,53,62,70,83,102,106,121,127,139,144,154,167,178,202,203,204,230,250,251,278,279,285,291,292,295,299,321,323,326,330,337,349,355,356,357,368,382,396,424,439,444,475
458:0,22,29,42,51,63,70,80,86,111,112,125,127,161,181,185,216,254,270,272,288,305,309,325,327,329,330,338,349,360,381,411,413,422,432,455,459
459:11,24,39,40,61,83,122,123,145,148,169,187,200,206,222,226,232,244,248,249,273,291,295,300,310,313,323,327,328,342,343,355,362,367,395,400,415,434,444,458,466,463
460:6,7,31,36,65,72,76,80,87,91,94,107,133,150,151,161,184,223,248,286,318,346,355,361,368,376,386,389,403,405,407,408,414,439,445,474,469,470,471
461:19,24,26,48,60,78,84,87,89,92,98,116,126,143,156,161,171,176,179,180,201,213,217,222,231,243,254,256,266,275,289,295,305,307,308,312,320,349,353,356,377,384,410,454,478,465,475
462:1,16,23,64,76,81,82,96,99,104,105,118,179,196,213,215,228,233,238,253,255,263,283,284,285,295,302,314,374,385,404,408,439,440,449,450,452,469,468
463:11,24,42,73,80,84,87,88,94,98,105,110,141,145,170,179,194,211,229,251,256,271,282,299,303,304,314,318,355,368,378,382,400,403,409,432,439,442,451,455,459,471,466,468
464:3,5,32,55,78,90,97,113,118,125,127,130,154,171,186,193,216,222,224,242,253,276,278,282,289,295,301,310,312,323,325,329,332,342,347,351,353,377,390,427,439,447,451,477,470,478,479
465:12,19,41,51,62,63,72,101,121,153,158,175,179,184,187,209,234,248,256,261,262,270,303,309,310,312,343,344,378,380,382,405,417,418,427,429,436,438,442,444,461,472,479
466:28,59,72,74,85,100,123,129,145,153,181,182,187,194,199,214,221,230,235,246,257,265,266,271,285,297,316,320,325,326,347,350,362,368,372,402,413,418,419,423,433,436,442,444,459,463,474,478
467:6,13,16,18,21,28,29,52,59,61,71,77,101,103,134,136,141,157,167,178,191,237,238,255,256,265,268,269,278,280,294,301,307,355,365,383,396,398,407,423,429,430,448,453,475
468:1,21,50,58,73,78,103,107,109,127,176,192,197,208,213,216,222,234,259,282,291,293,300,308,312,328,336,371,375,382,415,425,440,443,462,463,475
469:4,10,15,22,25,40,48,62,64,72,85,99,101,110,124,137,139,151,168,171,176,182,187,191,195,196,210,216,221,226,233,253,260,261,262,272,320,325,327,330,332,335,340,354,356,371,381,382,418,420,429,431,460,462,471,479
470:3,4,16,50,97,111,115,129,131,133,149,151,165,170,200,207,225,233,246,256,265,288,299,305,311,316,334,341,384,445,447,449,451,456,460,464,479,473
471:42,45,51,61,99,105,115,123,165,177,182,194,195,204,209,220,228,232,233,255,270,280,284,292,295,309,314,327,330,339,341,346,351,353,363,364,369,381,415,423,436,456,460,463,469,472
472:8,11,30,34,36,40,41,53,60,63,68,71,77,80,121,125,169,185,192,196,204,224,244,247,251,259,268,270,271,274,276,282,294,312,329,346,349,358,368,371,382,398,407,418,424,434,452,453,465,471,479
473:33,52,59,66,68,76,77,107,110,116,117,125,135,146,166,170,181,221,236,242,261,295,297,313,330,336,349,350,351,352,356,368,379,380,382,401,430,445,470,479,476
474:1,4,16,37,47,77,79,100,104,108,111,125,128,130,134,141,154,172,191,199,208,211,213,216,224,238,262,266,281,306,310,317,325,332,337,377,383,396,402,407,421,427,437,442,450,460,466,478,479
475:7,27,30,40,54,62,65,76,104,117,121,123,132,151,156,169,173,177,193,196,198,199,203,210,221,257,260,272,274,279,289,291,292,295,339,365,371,399,404,405,410,418,423,428,436,438,441,445,446,452,457,461,467,468,478,476
476:8,14,16,19,23,61,70,84,92,97,98,114,115,129,130,145,151,155,163,167,178,182,184,191,198,207,216,224,225,236,238,248,253,257,270,275,284,288,317,331,334,340,347,370,381,388,392,394,408,418,437,440,444,451,453,473,475,478,479
477:24,32,40,41,57,71,75,79,89,91,96,103,110,113,150,170,173,191,207,208,250,251,262,265,270,282,290,293,297,299,304,308,314,315,318,347,359,365,373,383,394,408,423,424,432,437,464,479
478:1,9,18,19,25,27,28,33,38,52,56,63,70,82,85,125,140,145,146,151,185,196,203,207,229,238,239,248,265,277,303,309,315,318,326,343,356,359,360,384,385,398,400,416,421,427,431,434,436,446,456,461,464,466,474,475,476,479
479:8,16,40,60,62,64,70,72,107,110,115,120,122,162,166,174,180,185,200,202,205,211,222,234,235,238,261,273,275,296,301,302,305,327,351,360,378,380,382,389,392,416,434,436,443,449,454,464,465,469,470,472,473,474,476,477,478
