0:206,2,9,52,67,75,89,95,101,105,110,138,140,142,149,151,188,215,221,228,229,279,303,320,335,352,379,388,389,405,414,430,444,467,470
1:314,12,23,38,90,112,115,134,140,141,162,165,173,183,193,211,224,234,256,262,291,292,317,322,338,339,342,345,354,358,403,446,456,471,473
2:0,410,4,16,24,46,50,65,66,73,87,92,102,106,107,119,177,179,193,194,196,212,227,243,265,282,292,295,302,323,339,341,358,367,376,383,384,388,395,405,414,416,440,458,464
3:433,11,23,26,30,31,48,60,62,78,82,86,97,99,109,132,142,143,145,148,164,165,172,190,208,221,235,251,254,289,320,341,342,344,351,356,357,360,372,373,385,386,387,396,430,465,468,477,478
4:2,305,6,16,20,39,81,90,120,128,177,218,219,222,228,231,249,260,286,287,294,329,341,342,344,366,371,372,377,415,441
5:441,21,22,30,42,51,76,81,93,131,138,155,160,164,167,183,184,188,190,191,195,223,226,230,231,266,270,299,307,346,352,357,360,361,364,379,389,390,438,440,444,470,475
6:4,167,11,17,48,63,95,142,145,149,184,187,197,210,237,255,259,265,270,320,324,336,352,357,364,367,382,383,408,420,449,453
7:155,104,106,122,125,138,160,171,196,201,214,226,227,228,231,259,308,311,319,334,368,377,390,411,414,426,454,459,469
8:268,16,21,27,33,37,41,64,76,79,80,91,96,157,171,181,192,197,244,249,271,289,292,303,314,327,352,358,373,381,389,404,423,436,438,445,455,469,471,479
9:0,461,18,22,56,65,74,79,85,99,107,121,124,155,183,187,193,241,246,254,273,274,277,278,293,307,309,322,328,357,364,380,381,438,460,474
10:217,12,17,40,70,75,77,124,145,149,159,162,206,218,223,234,243,247,253,259,276,280,344,358,361,366,397,423,439,441,443,448,449,454,458
11:3,6,442,18,28,30,41,48,64,66,71,79,81,89,110,131,136,138,143,144,151,160,165,170,183,186,190,193,197,199,210,218,258,273,279,283,291,301,309,313,337,351,356,359,375,382,411,414,431,468,470
12:1,10,442,15,20,31,36,40,45,72,79,81,89,109,120,136,164,182,192,205,217,247,254,271,280,286,312,315,340,349,355,380,381,406,417,425,438,448,453,464
13:304,79,88,89,97,110,113,118,130,131,143,177,191,215,223,231,232,248,249,250,260,268,292,298,299,303,323,324,328,333,344,348,370,389,403,416,440,450
14:117,22,74,76,77,79,80,84,105,121,127,139,140,142,146,148,155,157,173,177,199,207,211,223,231,258,260,261,263,270,271,286,310,358,360,368,376,383,384,389,411,413,421,424,425,435,462,463,469,474
15:12,75,17,94,96,98,104,108,129,130,134,143,174,184,212,218,220,224,252,259,265,279,280,293,329,338,345,351,359,361,363,372,386,387,398,402,406,412,426,434,437,439,449,458,464,471,472
16:2,4,8,54,20,38,56,61,83,93,106,121,125,127,129,145,170,184,186,196,200,212,215,216,217,225,236,241,256,268,277,280,286,305,310,317,335,357,398,414,415,416,417,418,432,463,479
17:6,10,15,349,28,41,47,58,68,73,75,119,122,149,162,192,203,212,214,217,230,260,263,272,275,286,316,342,351,405,420,437,446,470
18:9,11,352,40,46,59,72,81,84,97,122,146,153,154,183,202,211,222,226,265,291,294,299,306,307,315,338,347,348,357,361,365,368,405,445,451,453
19:237,43,46,51,62,71,157,187,191,211,218,224,235,293,305,306,311,316,324,355,357,386,388,411,429,431,434,468,473
20:4,12,16,160,21,33,59,88,94,96,104,106,107,158,183,194,195,211,216,218,226,238,242,262,272,308,310,311,315,320,321,334,353,356,364,367,370,387,401,403,428,469
21:5,8,20,59,47,51,52,68,70,85,92,118,198,207,214,222,226,256,281,284,287,289,293,309,310,332,334,349,360,376,381,385,404,421,427,430,444,454,455,466
22:5,9,14,439,32,42,68,72,75,92,98,105,114,124,201,224,272,276,278,328,331,342,346,358,367,369,377,392,395,397,408,413,435,437,468
23:1,3,468,26,37,50,53,55,58,79,80,84,98,118,136,140,184,212,221,227,236,241,270,271,284,289,297,308,310,313,315,326,328,355,362,365,373,388,408,424,428,430,448,457,466
24:2,324,52,61,64,79,81,82,89,91,95,118,138,146,157,163,171,181,182,216,220,245,257,268,279,297,306,336,347,353,416,419,421,422,432,437,438,468,476
25:137,37,87,89,107,117,122,131,169,182,190,203,206,208,219,226,259,266,280,296,321,339,340,342,344,356,357,359,368,378,391,400,422,449,455,457,474
26:3,23,72,77,85,90,100,101,102,109,126,185,202,203,220,225,241,255,260,271,280,283,318,326,327,407,437,451,463,467
27:8,320,36,43,52,57,74,80,115,116,120,173,177,185,191,209,223,235,236,265,280,285,294,324,335,343,352,358,363,365,398,400,402,425,428,435,459
28:11,17,283,43,50,56,86,104,131,153,162,171,188,215,225,237,242,246,248,256,269,278,312,314,329,351,369,382,392,393,395,399,405,415,425,462,463,465,472,474,477,478
29:212,32,34,38,43,79,122,136,149,161,188,192,216,233,234,239,245,253,261,283,300,303,306,308,321,331,333,342,349,356,359,398,403,423,436,440,445,463,466,475
30:3,5,11,278,32,42,62,76,89,101,123,124,149,151,160,164,167,182,196,203,206,211,216,232,265,275,299,310,341,343,370,380,387,400,407,410,414,429,433,440,445,448,453,460,462,469,475
31:3,12,102,54,75,93,100,112,135,166,169,198,203,212,214,234,235,245,269,289,308,317,321,326,337,338,343,351,354,357,363,370,385,389,400,407,424,456,462,469,476
32:22,29,30,62,33,42,68,77,79,91,136,140,166,169,177,186,193,214,224,229,240,258,297,307,312,314,326,331,344,347,350,359,378,383,387,396,457
33:8,20,32,413,55,58,61,77,109,110,111,113,118,120,125,126,145,149,151,155,164,179,186,196,210,236,238,245,249,253,256,278,294,296,299,305,324,336,344,358,377,386,395,396,400,403,406,409,423,444,445,453,460,466,472
34:29,477,37,96,97,109,113,140,148,150,158,177,187,194,199,200,213,216,221,225,226,227,279,280,305,313,324,352,356,365,369,412,427,447,451,461
35:185,39,45,49,59,76,98,111,121,126,127,150,159,160,179,190,199,214,216,234,237,238,258,284,314,352,358,364,385,389,398,422,427,456,479
36:12,27,235,64,75,77,78,81,125,135,145,163,171,177,184,190,192,200,216,229,234,243,270,306,327,338,346,363,394,395,400,404,407,412,418,422,439,444,455,469,478
37:8,23,25,34,361,95,96,106,124,130,180,189,195,216,219,221,224,235,243,255,258,262,276,279,280,286,291,317,351,360,363,375,383,388,396,414,416,426,457,461,475
38:1,16,29,376,45,46,53,77,78,97,109,113,152,156,187,208,232,237,241,275,283,295,302,307,317,323,324,327,339,359,374,380,421,425,457,459,474,475,477
39:4,35,87,45,57,72,77,103,110,134,154,172,174,177,183,186,206,212,216,218,249,275,278,325,337,353,368,373,375,380,383,386,403,405,415,430,440,441,449,457
40:10,12,18,337,45,58,73,86,111,116,120,124,138,178,179,183,192,199,205,238,240,256,269,275,310,323,328,342,347,348,377,385,395,407,438,452,474,478
41:8,11,17,73,59,63,68,69,102,104,105,114,116,122,124,157,163,186,191,238,241,246,261,263,266,269,279,297,316,322,335,350,362,367,377,381,386,388,389,406,410,424,443,452,457,469
42:5,22,30,32,285,43,55,56,70,85,90,102,105,106,123,132,136,152,154,160,161,186,258,259,262,263,265,277,291,295,302,306,307,312,316,319,341,372,382,400,405,414,433,456,464,476
43:19,27,28,29,42,145,49,51,65,81,82,96,109,110,123,146,148,150,194,199,204,232,241,246,250,254,271,279,303,323,355,386,415,456,459,474
44:317,48,53,78,85,114,116,132,152,170,194,225,227,237,238,241,242,254,268,269,283,294,295,304,309,315,326,334,339,341,343,344,375,396,404,432,445,478
45:12,35,38,39,40,185,77,78,91,108,120,150,166,199,219,222,225,231,247,256,265,281,292,306,316,317,318,359,386,398,416,435,444,475
46:2,18,19,38,224,53,78,131,133,141,200,210,211,291,301,327,340,360,373,388,391,408,425,427,459,460
47:17,21,314,52,57,58,95,104,116,117,119,138,161,182,186,195,198,199,205,209,225,229,235,237,243,245,250,254,264,267,281,291,326,337,339,348,359,372,380,402,421,432,449,456,464
48:3,6,11,44,73,58,68,105,115,138,198,231,238,244,251,258,274,275,321,335,351,363,371,387,390,392,393,421,425,450,453,476
49:35,43,283,57,59,79,91,106,108,132,161,162,173,183,188,198,201,203,208,217,231,264,271,279,281,287,311,346,367,368,407,422,443,459,469
50:2,23,28,228,61,62,87,94,109,113,115,122,163,185,190,208,213,217,220,239,303,315,322,340,348,352,357,375,382,415,416,426,449,464,468,470,472,477
51:5,19,21,43,439,71,76,78,82,99,169,171,175,190,197,241,260,261,271,280,303,309,340,368,387,388,395,408,414,441,443,448
52:0,21,24,27,47,96,72,74,93,101,127,128,137,139,151,163,168,192,197,215,234,249,271,274,289,305,337,340,345,349,350,358,452,474,476,479
53:23,38,44,46,212,72,94,95,110,117,132,137,161,166,167,204,213,219,242,247,261,272,283,310,325,342,350,353,355,360,388,400,411,428,438,440,441,442,445,446,450,462,472
54:16,31,411,63,66,107,122,133,143,176,178,204,211,220,233,253,265,270,271,284,303,306,318,327,329,331,343,347,353,363,365,387,404,424,426,428,429,430,440,468,470
55:23,33,42,352,58,64,66,68,76,83,84,94,106,131,146,148,150,162,202,211,213,219,221,237,243,262,269,274,278,298,299,302,305,310,314,323,331,336,357,367,369,379,381,418,444,448,452,464,467,471,476,478
56:9,16,28,42,398,60,65,69,87,89,92,110,113,124,137,145,153,161,173,178,183,196,212,222,223,232,235,245,256,298,322,349,357,380,404,418,425,444,447,472
57:27,39,47,49,201,65,81,83,85,90,100,128,133,140,155,158,164,169,175,192,227,235,242,259,262,270,280,291,297,337,366,368,390,393,408,457,465,474,475
58:17,23,33,40,47,48,55,179,77,84,86,87,103,104,111,132,137,194,195,196,199,205,237,241,258,261,267,296,304,306,314,325,353,356,376,383,388,397,403,407,415,433,456,463,469
59:18,20,21,35,41,49,336,85,107,131,158,159,161,187,228,238,240,242,282,288,290,335,350,351,377,383,387,404,414,443,448,451,473,474,479
60:3,56,394,63,72,81,87,96,111,118,124,125,127,130,136,139,152,171,194,198,217,240,249,264,267,268,278,294,295,314,315,325,326,332,343,363,364,374,377,381,382,384,425,466,477
61:16,24,33,50,255,67,71,89,126,137,141,166,180,199,208,227,245,276,296,324,340,352,355,376,391,397,404,410,413,416,424,438,453,460,461
62:3,19,30,32,50,154,74,78,91,106,146,167,179,191,193,205,207,239,242,250,252,255,270,271,292,295,334,341,344,351,364,376,378,408,422,456,473,477
63:6,41,54,60,181,74,87,110,116,126,138,176,202,204,212,218,228,245,268,276,287,289,313,314,321,339,351,362,373,382,389,392,397,399,417,418,421,450,455,463,469
64:8,11,24,36,55,230,77,88,124,130,136,137,141,146,154,195,208,212,247,256,259,263,297,337,342,350,365,370,385,400,417,446,465,468
65:2,9,43,56,57,115,69,79,130,144,146,171,196,200,201,223,279,309,316,322,328,330,337,352,376,389,394,404,408,437,444,450
66:2,11,54,55,457,69,74,89,92,93,128,138,151,170,184,197,200,211,216,218,223,272,274,289,293,343,344,352,373,374,386,409,420,435,445,446,461,462,478
67:0,61,197,89,96,115,116,135,136,137,149,162,164,165,187,201,215,231,237,273,280,285,287,300,304,344,346,389,441,468
68:17,21,22,32,41,48,55,339,81,112,122,140,141,153,156,161,171,185,212,226,232,236,243,282,286,304,307,310,326,342,350,354,376,379,385,405,414,426,430,442,446,458,468,470,478
69:41,56,65,66,189,93,119,133,150,157,197,198,204,209,247,254,271,279,284,285,291,304,324,332,348,364,380,381,382,385,393,394,400,407,408,416,418,441,445,459,476
70:10,21,42,340,79,99,102,106,116,117,133,138,155,156,175,178,194,200,222,223,235,236,247,249,258,276,280,285,286,315,317,321,324,328,330,335,337,342,360,373,376,389,401,409,441,449,454,459,464
71:11,19,51,61,377,91,99,100,128,134,138,145,160,165,177,181,182,185,201,204,214,229,230,232,234,237,258,264,271,328,351,361,378,400,416,418,449,465,470,475
72:12,18,22,26,39,52,53,60,367,84,98,104,105,115,120,137,143,153,168,176,185,187,196,197,214,220,224,238,251,260,265,267,270,276,294,299,302,303,326,345,347,373,376,391,392,421,425,455,463,473
73:2,17,40,41,48,185,74,75,89,94,100,101,111,116,120,137,138,143,153,160,177,199,204,209,217,233,246,257,262,266,270,284,286,291,296,304,330,337,373,377,397,405,407,421,425,451,457,459,465
74:9,14,27,52,62,63,66,73,453,87,96,103,104,115,136,137,146,168,197,199,234,241,261,269,279,280,319,327,330,338,341,343,355,360,362,370,374,379,392,398,416,423,457,459,470,473
75:0,10,15,17,22,31,36,73,312,80,110,131,148,155,212,216,226,228,236,242,244,254,264,296,345,358,361,374,386,393,399,430,455,468
76:5,8,14,30,35,51,55,368,83,85,89,102,115,139,144,148,149,164,166,174,185,194,196,216,226,238,249,261,266,268,278,299,306,349,363,365,369,376,388,400,418,423,443,444,449,450,455,475
77:10,14,26,32,33,36,38,39,45,58,64,374,80,81,97,104,108,115,119,126,133,162,165,194,199,261,277,291,302,303,329,334,339,343,359,367,375,379,380,413,438,442
78:3,36,38,44,45,46,51,62,474,80,93,110,114,120,122,148,160,171,174,192,194,202,249,256,269,270,282,287,295,301,322,329,342,362,375,389,399,401,408,414,448,457,462,479
79:8,9,11,12,13,14,23,24,29,32,49,65,70,174,83,93,107,122,151,182,185,193,194,207,227,228,258,289,315,321,350,367,370,387,390,410,421,422,434,440,445,454,469
80:8,14,23,27,75,77,78,138,92,112,124,129,134,151,153,162,183,194,199,201,203,245,257,292,302,304,312,316,317,327,345,351,355,357,388,389,410,429,432
81:4,5,11,12,18,24,36,43,57,60,68,77,378,99,121,123,157,171,175,180,187,196,210,223,241,249,269,284,286,292,294,299,300,308,322,332,337,348,363,395,412,416,417,420,432,433,454,472
82:3,24,43,51,179,87,121,128,165,181,204,205,227,231,248,254,256,259,289,298,312,314,335,348,370,378,420,452,457,465
83:16,55,57,76,79,312,92,97,110,166,173,176,179,187,189,200,203,213,214,231,240,287,290,297,299,300,306,314,319,331,352,367,375,383,403,408,416,421,438,452,453
84:14,18,23,55,58,72,85,87,131,132,160,193,207,209,217,233,247,270,273,274,276,286,287,290,304,305,315,370,377,380,384,393,394,395,405,408,414,422,428,437,450,462,479
85:9,21,26,42,44,57,59,76,84,211,147,148,149,151,173,186,196,203,217,234,275,330,361,374,418,447,458,462,475,478
86:3,28,40,58,162,98,109,132,144,146,151,167,168,173,200,216,221,265,291,337,349,351,370,376,377,387,394,420,431,445
87:2,25,39,50,56,58,60,63,74,82,84,153,95,98,126,133,178,210,213,215,227,236,252,256,258,259,277,279,284,290,293,307,309,315,329,349,406,411,412,413,427,431,437,448,454,461,472
88:13,20,64,434,102,109,116,121,122,151,162,179,183,190,191,204,206,211,223,225,232,261,268,277,285,317,334,342,345,358,365,377,379,387,399,416,436,476,478
89:0,11,12,13,24,25,30,56,61,66,67,73,76,113,100,109,116,124,149,155,166,176,182,245,253,258,260,274,294,322,331,337,357,373,387,392,403,412,419,435,451,454,460,467,471,472,476
90:1,4,26,42,57,348,116,124,127,138,144,154,155,159,168,177,240,259,274,286,297,327,334,362,373,375,376,394,403,428,452,460,474,478
91:8,24,32,45,49,62,71,159,93,104,116,119,122,123,143,152,196,207,209,240,244,260,264,278,323,331,355,356,358,360,403,438,451,469
92:2,21,22,56,66,80,83,175,110,143,146,151,167,183,194,210,212,216,220,261,270,310,314,334,341,346,348,354,375,376,410,477
93:5,16,31,52,66,69,78,79,91,271,111,131,169,182,202,215,234,238,243,251,255,262,289,292,309,321,348,353,365,373,380,383,446,476
94:15,20,50,53,55,73,441,102,117,124,126,134,138,158,178,185,197,204,227,229,237,251,254,255,264,267,270,280,289,313,323,326,328,357,360,371,399,404,412,429,432,467,472
95:0,6,24,37,47,53,87,263,104,118,120,159,172,199,201,218,248,259,271,272,278,294,313,332,338,347,349,371,459,464,471,473,476,478
96:8,15,20,34,37,43,52,60,67,74,186,107,117,128,130,131,140,145,177,181,182,189,202,226,239,311,323,329,337,340,349,356,371,379,385,393,398,399,407,420,429,432,433,465
97:3,13,18,34,38,77,83,377,99,106,111,118,119,163,175,180,184,199,218,221,225,228,243,251,254,271,295,296,297,317,318,320,326,329,343,348,359,361,363,366,372,375,380,384,400,403,425,426,460,464,469,476
98:15,22,23,35,72,86,87,122,114,127,144,159,162,163,173,176,194,275,301,305,313,319,322,329,331,359,380,395,403,414,421,423,435,449,456,457,463,469
99:3,9,51,70,71,81,97,316,100,107,110,117,123,127,146,157,159,160,170,206,229,239,271,273,278,289,312,339,357,376,381,398,404,414,431,436,444,460,474,475
100:26,31,57,71,73,89,99,236,102,152,186,202,212,235,264,267,268,276,304,325,341,361,385,391,402,412,457,470,473
101:0,26,30,52,73,402,103,119,128,148,170,213,215,221,233,234,244,246,250,257,259,263,264,271,277,302,314,319,354,367,376,379,390,391,412,419,426,434,444,457,477
102:2,26,31,41,42,70,76,88,94,100,304,114,121,124,129,136,149,180,192,202,222,256,268,290,299,308,322,323,325,326,343,356,358,372,373,387,395,415,434,459,460,463,465,479
103:39,58,74,101,373,115,126,133,162,175,181,207,227,228,245,251,262,288,293,294,300,335,338,357,404,421,434,441,448,455,469,470,479
104:7,15,20,28,41,47,58,72,74,77,91,95,330,120,132,146,186,194,195,213,215,223,250,254,267,315,327,344,353,361,367,370,375,383,408,412,441,466
105:0,14,22,41,42,48,72,385,109,111,115,116,126,127,130,157,161,166,172,175,220,223,231,243,276,282,290,299,305,327,330,356,365,371,395,399,431,432,435,473
106:2,7,16,20,37,42,49,55,62,70,97,231,110,122,136,138,154,157,166,194,200,269,281,286,338,350,398,403,407,409,446,453,466
107:2,9,20,25,54,59,79,96,99,199,108,115,135,145,172,181,189,267,271,275,299,309,313,314,349,359,365,379,394,403,405,413,414,421,422,425,431,450
108:15,45,49,77,107,328,116,141,173,196,204,216,250,318,344,347,415,432,437,444,455
109:3,12,26,33,34,38,43,50,86,88,89,105,319,113,117,127,128,130,176,187,200,211,216,223,247,295,311,329,339,343,347,363,374,380,385,388,399,406,430,465
110:0,11,13,33,39,43,53,56,63,75,78,83,92,99,106,166,119,129,137,156,158,160,168,180,181,197,205,224,244,256,265,278,285,297,322,337,362,374,382,384,388,391,415,427,443,457
111:33,35,40,58,60,73,93,97,105,211,112,117,130,133,134,145,213,247,249,263,275,299,304,317,332,344,357,367,387,398,418,422,438,443,444,445,461,471,474
112:1,31,68,80,111,269,117,122,125,129,167,169,178,199,200,202,229,235,244,301,305,314,334,335,369,377,378,387,397,414
113:13,33,34,38,50,56,89,109,250,116,118,120,124,130,191,199,202,218,222,233,287,301,314,325,362,375,390,396,417,424,446,453,454
114:22,41,44,78,98,102,185,129,133,147,167,168,172,182,194,207,216,223,224,232,233,254,260,263,270,271,274,285,292,293,297,315,326,330,345,372,375,406,416,425,438,443,456,470
115:1,27,48,50,65,67,72,74,76,77,103,105,107,341,129,144,145,148,155,190,193,194,249,258,259,294,299,303,330,336,340,354,380,387,396,399,409,434,435,447,448,478
116:27,40,41,44,47,63,67,70,73,88,89,90,91,105,108,113,267,128,132,139,147,156,184,197,201,222,248,261,262,284,287,309,310,316,325,337,355,357,377,385,401,454,472,478,479
117:14,25,47,53,70,94,96,99,109,111,112,313,118,128,133,141,143,152,160,174,185,207,214,222,229,262,304,309,311,318,324,327,332,334,339,351,370,381,387,394,406,423,426,452,453,468,469
118:13,21,23,24,33,60,95,97,113,117,228,126,127,128,155,198,207,213,229,235,254,259,281,297,312,334,335,345,353,379,392,394,453,468
119:2,17,47,69,77,91,97,101,110,303,138,148,152,157,158,161,178,206,215,228,244,255,286,324,325,329,348,362,364,417,453,458
120:4,12,27,33,40,45,72,73,78,95,104,113,274,123,133,148,155,158,169,178,187,191,193,195,198,201,231,253,270,271,283,299,331,336,345,358,363,369,382,384,391,409,420,436,454,456,469,476
121:9,14,16,35,81,82,88,102,229,127,131,132,134,136,156,164,171,175,188,198,200,204,240,255,262,276,284,340,388,394,397,418,423,428,433,448,452,466,468
122:7,17,18,25,29,41,50,54,68,78,79,88,91,98,106,112,150,133,155,168,169,184,191,197,208,221,232,241,242,244,260,261,269,282,307,320,325,339,342,363,366,373,402,407,429,435,452,460,479
123:30,42,43,81,91,99,120,277,127,128,134,136,167,177,193,200,202,207,233,256,289,320,351,369,382,394,395,408,413,420,462,472,473
124:9,10,22,30,37,40,41,56,60,64,80,89,90,94,102,113,257,157,164,175,177,186,189,190,192,193,211,213,233,243,251,262,283,296,315,318,321,322,325,332,338,339,357,366,370,373,382,383,394,415,418,419,445,468,472,476,479
125:7,16,33,36,60,112,201,126,127,133,142,185,191,215,226,230,231,253,266,274,281,295,296,299,313,314,348,354,377,401,417,424,437,438,439,445,451,453,465
126:26,33,35,61,63,77,87,94,103,105,118,125,367,139,140,149,155,157,163,201,236,241,267,278,289,297,323,336,352,383,396,408,421,425,438,440
127:14,16,35,52,60,90,98,99,105,109,118,121,123,125,241,182,184,187,230,248,250,256,260,270,304,311,326,339,352,373,392,417,440,447,451,452,479
128:4,52,57,66,71,82,96,101,109,116,117,118,123,261,151,164,173,175,177,211,218,242,258,260,285,287,299,305,307,308,312,319,338,373,382,388,400,404,408,409,416,471
129:15,16,80,102,110,112,114,115,361,132,218,222,228,240,245,285,296,299,322,337,346,367,376,397,403,419,425,432,454,466,468
130:13,15,37,60,64,65,96,105,109,111,113,281,145,155,191,200,238,239,242,245,246,251,261,273,292,293,312,317,334,335,336,339,349,359,365,373,382,391,396,401,410,420,428,434,438,440,478
131:5,11,13,25,28,46,55,59,75,84,93,96,121,461,157,183,184,187,193,214,215,217,221,226,232,266,282,289,295,296,297,345,350,359,368,385,397,404,425,429,454,462,474,476
132:3,42,44,49,53,58,84,86,104,116,121,129,162,139,140,160,170,171,179,197,199,214,231,238,267,271,272,309,321,332,354,369,381,390,398,400,407,409,410,414,431,432,438,439,461,469,475
133:46,54,57,69,70,77,87,103,111,114,117,120,122,125,262,134,144,146,150,161,173,179,202,210,215,241,243,259,272,286,295,315,350,358,368,370,393,394,418,424,432,439,450,452,462,473,478
134:1,15,39,71,80,94,111,121,123,133,476,139,142,150,158,161,167,170,172,184,207,231,236,252,264,266,282,286,295,306,313,314,326,328,331,335,347,370,376,382,433,456,462,467,472,473,474
135:31,36,67,107,391,140,142,150,157,160,161,177,193,197,218,246,287,316,341,345,358,366,367,382,395,405,406,407,429,450,451,457
136:11,12,23,29,32,42,60,64,67,74,102,106,121,123,399,138,150,152,163,193,215,224,230,256,265,272,278,283,294,305,307,317,323,341,349,355,386,397,413,426,431,438,444,459,463,473
137:25,52,53,56,58,61,64,67,72,73,74,110,204,140,143,146,154,162,163,165,188,191,196,202,220,247,269,292,299,302,305,310,348,362,370,377,403,430,431,435,436,454,472,475
138:0,5,7,11,24,40,47,48,63,66,70,71,73,80,90,94,106,119,136,216,144,153,160,175,178,198,201,209,234,235,239,266,270,292,298,312,332,338,359,363,384,388,416,419,426,429,472
139:14,52,60,76,116,126,132,134,382,153,154,166,173,182,194,201,205,230,234,239,240,254,260,273,280,292,299,308,336,340,345,364,366,374,375,385,392,395,399,406,408,415,426,435,438,445,469
140:0,1,14,23,32,34,57,68,96,126,132,135,137,229,177,191,208,209,211,233,248,263,268,275,280,285,308,311,320,324,328,349,350,359,370,376,386,392,394,437,462,468,470,474,476,477
141:1,46,61,64,68,108,117,223,167,169,177,182,207,209,225,229,243,248,250,259,276,278,304,310,326,333,367,372,385,390,392,419,420,433,437,449,451,478
142:0,3,6,14,125,134,135,197,143,160,191,210,221,224,228,234,255,265,270,287,288,303,316,321,334,336,337,360,365,373,378,416,425,462,473
143:3,11,13,15,54,72,73,91,92,117,137,142,296,145,164,201,205,218,238,249,265,267,268,269,290,301,304,305,312,329,357,364,383,403,406,423,427,432,433,456,465,473,478
144:11,65,76,86,90,98,115,133,138,278,151,165,172,188,195,223,233,246,255,258,262,276,277,279,282,294,309,326,344,346,347,354,358,374,390,392,400,406,410,424,425,442,454
145:3,6,10,16,33,36,43,56,71,96,107,111,115,130,143,147,152,168,169,175,192,209,224,241,244,251,321,332,355,360,380,381,384,386,402,423,460
146:14,18,24,43,55,62,64,65,74,86,92,99,104,133,137,263,174,180,203,206,210,233,238,246,265,280,282,311,320,326,376,380,413,420,433,437,441,451
147:85,114,116,145,179,176,180,200,205,206,220,229,234,260,265,274,276,283,289,294,305,307,309,322,363,374,381,395,421,427,442,468
148:3,14,34,43,55,75,76,78,85,101,115,119,120,218,183,204,224,235,241,249,260,271,300,312,327,331,350,382,393,431,432,434,435,441,465
149:0,6,10,17,29,30,33,67,76,85,89,102,126,477,155,157,185,188,190,209,211,226,242,245,246,255,275,313,355,368,389,407,409,419,432
150:34,35,43,45,55,69,122,133,134,135,136,344,160,167,178,184,187,208,217,220,224,230,245,253,266,268,281,283,290,295,318,322,323,338,356,364,367,369,374,405,424,426,428,444,452,469,470,473
151:0,11,30,33,52,66,79,80,85,86,88,92,128,144,304,158,173,174,190,196,203,214,223,230,232,243,244,293,320,321,326,336,337,355,360,379,393,404,434,450,461,467,478
152:38,42,44,60,91,100,117,119,136,145,228,155,167,175,177,187,191,201,202,247,251,263,283,288,293,323,327,331,332,333,340,358,364,368,380,397,401,420,425,436,473,478
153:18,28,56,68,72,73,80,87,138,139,173,154,155,179,180,190,194,220,248,251,252,254,262,263,270,271,279,288,291,295,310,321,328,331,335,336,357,403,429,433,446,449,461,462,463,468
154:18,39,42,62,64,90,106,137,139,153,193,172,182,186,220,243,271,292,299,314,341,354,357,358,393,419,423,429,436,459
155:5,7,9,14,33,57,70,75,89,90,115,118,120,122,126,130,149,152,153,391,168,181,188,208,229,269,280,290,291,292,300,306,320,346,359,360,367,369,387,406,434,451,460,463,469,473,474
156:38,68,70,110,116,121,395,157,203,216,249,257,264,276,278,283,293,315,317,336,354,371,375,386,404,405,411,420,430,434,436,442,443,445,463
157:8,14,19,24,41,69,81,99,105,106,119,124,126,131,135,149,156,340,176,191,200,202,203,215,241,286,292,300,307,309,333,335,374,376,401,407,418,423,444,447,450,457,474,476
158:20,34,57,59,94,110,119,120,134,151,167,164,176,182,184,196,197,201,207,217,224,234,256,270,278,279,301,342,354,358,359,360,369,381,392,393,436,441,452
159:10,35,59,90,91,95,98,99,255,188,235,261,318,349,366,380,407,419,435,445,446,456,458
160:5,7,11,20,30,35,42,71,73,78,84,99,110,117,132,135,138,142,150,185,199,209,210,215,232,235,240,241,253,254,255,301,307,311,314,323,326,353,400,404,432,460,466,470,473
161:29,42,47,49,53,56,59,68,105,119,133,134,135,472,166,192,193,197,207,210,222,236,240,241,269,292,308,309,313,329,338,339,340,350,359,369,418,433,446,460,461,464,470,474,476
162:1,10,17,28,49,55,67,77,80,86,88,98,103,132,137,164,172,178,184,195,205,208,222,228,230,246,249,278,282,323,336,360,363,368,375,379,402,413,417,431,469,475,478
163:24,36,41,50,52,97,98,126,136,137,227,205,206,209,241,264,270,282,287,294,296,306,323,339,343,344,350,364,371,375,379,381,411,423,426,434,447,455,461
164:3,5,12,30,33,57,67,76,121,124,128,143,158,162,321,174,190,202,224,227,234,266,269,274,306,322,329,339,364,405,407,414,433,453,460,463,472
165:1,3,11,67,71,77,82,137,144,379,172,195,206,208,234,243,244,248,249,266,267,271,274,277,286,303,308,324,325,345,352,375,387,400,405,409,414,439,447,459,470
166:31,32,45,53,61,76,83,89,105,106,110,139,161,336,168,178,203,205,209,211,237,247,248,267,282,292,297,311,317,319,334,344,369,393,397,403,416,430,432,459,471,474
167:5,6,30,53,62,86,92,112,114,123,134,141,150,152,158,384,173,183,184,193,198,210,217,239,262,302,324,329,331,340,346,347,370,373,385,398,403,404,407,423,456,461,475
168:52,72,74,86,90,110,114,122,145,155,166,223,190,196,221,259,272,275,280,294,325,329,331,352,364,366,367,372,390,421,429,437,438,439,444,457,467,472
169:25,31,32,51,57,93,112,120,122,141,145,243,174,178,195,197,223,242,248,258,275,277,289,344,370,384,385,390,392,442,445,452,457
170:11,16,44,66,99,101,132,134,210,177,187,209,220,239,290,297,327,331,333,357,358,375,376,384,397,400,419,432,438,459,475
171:7,8,24,28,36,51,60,65,68,78,81,121,132,373,206,241,248,258,265,274,287,340,352,357,387,397,403,408,416,429,430,449,462,469,478
172:3,39,95,105,107,114,134,144,154,162,165,239,183,189,234,252,274,279,293,300,307,321,329,338,341,350,369,378,383,388,408,413,420,432,448,458
173:1,14,27,49,56,83,85,86,98,108,128,133,139,151,153,167,311,176,178,202,235,239,245,251,253,257,262,286,296,305,310,332,347,351,375,396,397,437
174:15,39,76,78,79,117,146,151,164,169,447,189,202,206,222,231,234,238,251,253,270,302,323,327,334,349,358,367,393,400,401,428,438,452,455,459,474,479
175:51,57,70,81,92,97,103,105,121,124,128,138,145,152,477,181,189,191,192,201,202,210,211,214,217,218,231,247,254,269,273,277,328,342,379,394,400,404,411,421,426,454,461,475
176:54,63,72,83,89,98,109,147,157,158,173,396,180,186,193,197,206,235,240,242,250,257,263,283,290,318,366,370,407,411,413,421,430,445,451,457,458,463,474,477
177:2,4,13,14,27,32,34,36,39,71,73,90,96,123,124,128,135,140,141,152,170,188,180,184,211,215,224,225,228,232,233,282,296,297,321,344,349,352,356,366,376,395,403,420,422,424,433,453,458,469,478
178:40,54,56,70,87,94,112,119,120,138,150,162,166,169,173,234,202,204,270,271,277,282,288,303,319,336,338,352,354,375,389,401,403,419,432,433
179:2,33,35,40,58,62,82,83,88,132,133,147,153,221,186,191,192,200,204,213,217,218,219,231,242,245,257,271,296,307,313,318,356,357,399,413,426,441,463
180:37,61,81,97,102,110,146,147,153,176,177,181,202,206,237,241,247,263,273,278,295,315,341,351,365,368,369,384,422,426,443,444,445,446,464
181:8,24,63,71,82,96,103,107,110,155,175,180,391,182,184,192,199,206,207,226,228,255,256,267,297,308,310,316,320,330,351,353,362,383,386,394,396,402,403,407,408,421,424,453,468,473
182:12,24,25,30,47,71,79,89,93,96,114,127,139,141,154,158,181,257,201,202,205,207,216,240,262,271,283,303,329,358,369,417,420,441,443,462,470,474
183:1,5,9,11,18,20,39,40,49,56,80,88,92,131,148,167,172,307,188,209,223,226,233,236,248,250,255,261,294,299,302,305,334,336,371,381,384,396,402,444,448,453,464
184:5,6,15,16,23,36,66,97,116,122,127,131,134,150,158,162,167,177,181,400,193,203,212,218,231,232,256,270,286,299,369,380,381,383,384,392,422,443,457
185:26,27,35,45,50,68,71,72,73,76,79,94,114,117,125,149,160,431,204,205,209,217,219,245,248,266,270,288,301,304,305,308,317,318,327,329,332,352,363,369,398,406,413,430,432,433,458,466,468,469,470
186:11,16,32,33,39,41,42,47,85,96,100,104,124,154,176,179,400,212,219,232,256,291,307,363,369,370,375,385,398,427,429,430,435,436,438,439,450,455,459,464,466
187:6,9,19,34,38,59,67,72,81,83,109,120,127,131,150,152,170,239,190,195,202,238,262,273,298,300,301,304,324,331,337,338,340,356,367,378,390,399,427,430,434,462,467,475
188:0,5,28,29,49,121,137,144,149,155,159,177,183,288,200,202,208,237,263,270,310,332,334,353,357,362,384,396,404,428,440,457,470,476
189:37,69,83,96,107,124,172,174,175,347,193,206,213,226,239,241,249,254,259,271,278,310,316,317,319,324,343,350,353,354,359,360,374,392,441,447,458
190:3,5,11,25,35,36,50,51,88,115,124,149,151,153,164,168,187,261,213,229,247,248,252,263,274,277,298,306,316,349,353,372,406,418,450,464
191:5,13,19,27,41,62,88,113,120,122,125,130,137,140,142,152,157,175,179,454,198,203,210,211,215,220,222,239,251,252,272,288,298,317,332,375,378,387,405,412,435,439,444,464,476
192:8,12,17,29,36,40,52,57,78,102,124,145,161,175,179,181,375,213,237,239,241,245,255,258,266,278,295,298,324,366,371,376,388,413,427,434,447,457,460,461,463,471,473,475,478
193:1,2,9,11,32,62,79,84,115,120,123,124,131,135,136,154,161,167,176,184,189,459,205,209,215,218,221,240,250,264,282,283,313,316,317,334,338,392,407,414,422,434,435,436,450,453
194:2,20,34,43,44,58,60,70,76,77,78,79,80,92,98,104,106,114,115,139,153,250,201,204,211,226,246,254,265,289,337,345,346,350,359,368,371,375,393,394,410,415,418,428,436,443,454
195:5,20,37,47,58,64,104,120,144,162,165,169,187,224,223,234,258,276,279,287,299,325,329,333,349,350,358,388,404,405,415,424,437,438,440,442,456
196:2,7,16,30,33,56,58,65,72,76,81,85,91,108,137,151,158,168,404,200,204,209,210,212,234,240,243,246,249,250,289,292,333,340,354,359,361,363,370,392,400,412,424,433,434,440,465
197:6,8,11,51,52,66,67,69,72,74,94,110,116,122,132,135,142,158,161,169,176,428,198,220,222,241,245,253,270,279,286,301,336,338,354,356,369,392,403,407,409,414,424,429,444,454,472,473,474,475
198:21,31,47,48,49,60,69,118,120,121,138,167,191,197,463,204,212,216,222,227,237,242,256,262,267,271,277,278,290,293,300,304,314,315,317,326,339,343,359,363,373,386,393,397,399,400,407,409,413,416,422,431,462
199:11,14,34,35,40,43,45,47,58,61,73,74,77,80,95,97,107,112,113,132,160,181,216,214,217,235,242,246,253,290,292,296,300,306,315,330,340,342,356,361,362,373,386,392,415,418,467,476,477
200:16,34,36,46,65,66,70,83,86,106,109,112,121,123,130,147,157,179,188,196,246,234,239,243,274,277,278,293,304,315,326,374,388,403,429,430,436,441,451,463,469
201:7,22,49,57,65,67,71,80,95,116,120,125,126,138,139,143,152,158,175,182,194,355,221,244,267,311,323,344,370,403,411,421,429,452,453,461,462,465,477
202:18,26,55,63,78,93,96,100,102,112,113,123,133,137,152,157,164,173,174,175,178,180,182,187,188,266,205,209,223,250,257,265,281,291,312,313,318,325,328,362,363,394,425,430,431,442,467
203:17,25,26,30,31,49,80,83,85,146,151,156,157,166,184,191,257,207,214,239,286,296,300,315,322,323,333,353,357,368,370,421,423,439,465,468,472
204:43,53,54,63,69,71,73,82,88,94,108,121,137,148,178,179,185,194,196,198,421,206,212,215,238,252,272,276,329,352,382,387,393,402,405,412,414,433,437,440,449,452,469,471,478
205:12,40,47,58,62,82,110,139,143,147,162,163,166,182,185,193,202,281,216,217,225,229,239,253,261,293,310,320,350,364,373,377,426,428,442,443,454,466,471
206:0,10,25,30,39,88,99,119,146,147,163,165,171,174,176,180,181,189,204,432,217,223,231,249,253,259,266,276,289,313,328,346,356,379,396,398,401,419,430
207:14,21,62,79,84,91,103,114,117,118,123,134,141,158,161,181,182,203,236,213,215,217,230,267,305,308,324,331,347,360,394,409,416,441
208:3,25,38,49,50,61,64,122,140,150,155,162,165,188,437,230,236,239,257,273,286,312,314,317,322,323,324,326,342,343,344,350,355,358,361,362,365,385,413,445,449,450
209:27,47,69,73,84,91,138,140,141,145,149,160,163,166,170,183,185,193,196,202,233,211,212,213,242,261,267,268,277,288,300,308,309,311,326,357,374,387,396,399,412,431,463,464,478
210:6,11,33,46,81,87,92,133,142,146,160,161,167,170,175,191,196,312,211,212,214,244,278,292,301,325,328,345,347,368,395,397,421,425,428,431,435,450
211:1,14,18,19,20,30,46,54,55,66,85,88,109,111,124,128,140,149,166,175,177,191,194,209,210,430,214,222,246,259,280,287,299,303,312,319,324,345,346,351,358,365,377,380,400,401,405,435,438,439,441,451,460,463,469,473
212:2,15,16,17,23,29,31,39,53,56,63,64,68,75,92,100,184,186,196,198,204,209,210,455,221,227,233,241,252,259,271,280,305,312,325,327,332,341,342,361,364,388,403,407,411,440,442,458,459
213:34,50,53,55,83,87,101,104,111,118,124,179,189,190,192,207,209,219,216,218,235,239,241,244,255,256,269,275,290,297,312,323,326,331,337,340,355,371,386,397,404,406,410,434,445,452,464
214:7,17,21,31,32,35,71,72,83,117,131,132,151,175,199,203,210,211,222,218,219,248,276,283,285,287,299,323,339,341,360,385,393,416,447,451,473,474
215:0,13,16,28,52,67,87,93,101,104,119,125,131,133,136,157,160,177,191,193,204,207,357,223,226,238,242,258,290,311,314,317,321,324,332,340,354,396,399,431,437,458,459,468
216:16,20,24,29,30,34,35,36,37,39,66,75,76,86,92,108,109,114,138,156,182,198,199,205,213,224,236,249,274,281,297,304,312,320,338,346,355,357,362,363,382,391,399,404,409,411,423,434,437,458,460
217:10,12,16,17,49,50,60,73,84,85,131,150,158,167,175,179,185,199,205,206,207,478,222,256,262,281,288,300,309,335,354,358,360,367,368,397,418,452,453,455,470,476
218:4,10,11,15,19,20,39,63,66,95,97,113,128,129,135,143,148,175,179,184,193,213,214,291,227,229,250,254,273,274,281,302,320,327,338,362,371,372,385,398,439,472
219:4,25,37,45,53,55,179,185,186,213,214,312,229,252,255,288,299,315,330,340,343,344,353,356,363,380,384,396,426,427,438,446,457,459
220:15,24,26,50,54,72,92,105,137,147,150,153,154,170,191,197,425,272,303,308,319,321,327,340,342,363,397,399,406,431,452,474
221:0,3,23,34,37,55,86,97,101,122,131,142,168,179,193,201,212,259,222,227,249,261,264,282,299,303,349,355,373,376,382,388,390,399,406,415,424,432,436,441,449
222:4,18,21,45,56,70,102,113,116,117,129,161,162,174,191,197,198,211,214,217,221,311,224,243,246,259,272,285,312,330,334,339,343,346,347,353,359,368,379,392,407,417,421
223:5,10,13,14,27,56,65,66,70,81,88,104,105,109,114,141,144,151,168,169,183,195,202,206,215,438,226,230,234,247,271,299,324,345,351,353,355,358,365,369,396,434,440
224:1,15,19,22,32,37,46,72,110,114,136,142,145,148,150,158,164,177,195,216,222,379,226,245,247,257,264,272,280,285,289,321,328,336,349,350,354,385,390,400,409,413,417,436,449,474
225:16,26,28,34,44,45,47,88,97,141,177,205,383,229,249,265,278,295,301,328,329,331,340,354,359,366,393,406,430,436,439,446,459,464,468
226:5,7,18,20,21,25,34,68,75,76,96,125,131,149,181,183,189,194,215,223,224,337,229,245,256,258,262,286,293,297,300,307,312,329,348,354,363,366,371,374,419,423,432,434,437,459,470,471,473
227:2,7,23,34,44,57,61,79,82,87,94,103,163,164,198,212,218,221,371,230,232,271,284,291,314,319,329,339,377,378,385,387,392,403,413,439,446,452
228:0,4,7,50,59,63,75,79,97,103,118,119,129,142,152,162,177,181,328,232,237,252,254,281,284,290,301,304,315,319,320,321,345,370,386,409,415,448,462,463
229:0,32,36,47,71,94,99,112,117,118,121,140,141,147,155,190,205,218,219,225,226,415,233,268,374,408,433,435,436,454
230:5,17,64,71,125,127,136,139,150,151,162,207,208,223,227,271,238,244,261,265,267,304,330,337,360,367,381,385,390,409,413,417,431,435,437,442,453,462,470
231:4,5,7,13,14,45,48,49,67,82,83,105,106,120,125,132,134,174,175,179,184,206,283,234,239,246,263,273,282,314,315,322,326,328,359,360,362,367,383,384,388,399,417,429,430,456,460
232:13,30,38,43,56,68,71,88,114,122,131,151,160,177,184,186,227,228,412,250,267,273,291,296,306,308,322,326,333,344,347,366,371,389,401,421,422,439,459
233:29,54,73,84,101,113,114,123,124,140,144,146,177,183,209,212,229,361,238,281,283,285,327,337,338,346,367,378,380,383,386,390,393,403,405,409,457,461
234:1,10,29,31,35,36,52,71,74,85,93,101,138,139,142,147,158,164,165,172,174,178,195,196,200,223,231,432,255,260,266,275,283,286,292,319,327,332,341,343,357,379,394,395,399,447,458
235:3,19,27,31,36,37,47,56,57,70,100,112,118,138,148,159,160,173,176,199,213,461,248,256,257,275,286,292,299,325,332,338,352,383,398,401,406,408,416,421,422,426,427,434,464,475
236:16,23,27,33,68,70,75,87,100,126,134,161,183,207,208,216,470,253,256,271,272,274,296,307,317,318,322,350,392,408,429,430,447,449,461,462,474
237:6,19,28,35,38,44,47,55,58,67,71,94,166,180,188,192,198,228,358,247,270,275,278,282,284,296,314,331,335,364,372,378,411,414,416,420,421,435,460,472
238:20,33,35,40,41,44,48,59,72,76,93,130,132,143,146,174,187,204,215,230,233,244,252,263,273,279,295,296,300,316,327,328,347,351,352,354,359,362,370,372,376,377,378,394,398,408,422,440,443,446,450,454,457,473,476
239:29,50,62,96,99,130,138,139,167,170,172,173,187,189,191,192,200,203,205,208,213,231,342,253,267,328,365,380,417,449,454,466
240:32,40,59,60,83,90,91,121,129,139,160,161,176,182,193,196,428,254,265,285,301,325,344,366,387,390,400,402,412,419,448,449,459,471
241:9,16,23,26,38,41,43,44,51,58,74,81,122,126,127,133,145,148,157,160,161,163,171,180,189,192,197,212,213,384,242,246,250,263,264,274,275,281,282,296,302,321,323,358,361,375,412,423,433,434,439,443,474
242:20,28,44,53,57,59,62,75,122,128,130,149,169,176,179,198,199,209,215,241,248,267,269,270,279,302,311,315,321,334,342,371,390,405,442,456,461,462,475
243:2,10,36,37,47,55,68,93,97,105,124,133,141,151,154,165,169,196,200,222,289,258,286,327,328,349,358,366,368,370,377,382,433,458,473
244:8,48,75,91,101,110,112,119,122,145,151,165,201,210,213,230,238,329,249,254,258,269,271,272,273,274,290,296,308,322,362,369,388,420,435,464
245:24,29,31,33,47,56,61,63,80,89,103,129,130,149,150,173,179,185,192,197,224,226,290,246,250,267,268,278,314,316,320,363,373,408,422,435,457,468
246:9,28,41,43,73,101,130,135,144,146,149,162,194,196,199,200,211,222,231,241,245,431,265,276,289,296,297,309,328,342,392,398,420,435,444,475,477
247:10,12,45,53,64,69,70,84,109,111,137,152,166,175,180,190,223,224,237,277,255,260,272,273,279,301,328,334,337,342,356,418,427,443,444,450,453,473
248:13,28,82,95,116,127,140,141,153,165,166,169,171,183,185,190,214,235,242,362,260,262,279,283,290,295,303,335,340,345,357,358,360,361,368,369,374,409,419,422,424,440,446,450,461
249:4,8,13,33,39,52,60,70,76,78,81,111,115,143,148,156,162,165,189,196,206,216,221,225,244,304,330,373,383,386,411,414,456,460,462,476,478,479
250:13,43,47,62,101,104,108,113,127,141,176,183,193,194,196,202,218,232,241,245,299,275,278,309,312,335,337,345,359,366,369,399,423,446,448,450,477
251:3,48,72,93,94,97,103,124,130,145,152,153,173,174,191,439,253,263,282,285,312,327,330,341,348,372,373,386,404,413,415,416,417,464,467,468
252:15,62,87,134,153,172,190,191,204,212,219,228,238,438,260,278,331,334,351,362,366,376,390,392,400,408,410,418,431,436,464,471
253:10,29,33,54,89,120,125,150,160,173,174,197,199,205,206,236,239,251,448,268,273,277,279,283,302,308,319,344,349,351,360,364,366,379,404,438,440
254:3,9,12,43,44,47,69,75,82,94,97,104,114,118,139,153,160,175,189,194,218,228,240,244,395,268,269,292,298,314,350,355,358,362,363,368,383,386,392,405,407,412,421,437,440,444,445,449,456,457,458,468,472,476
255:6,26,37,61,62,93,94,119,121,142,144,149,159,160,181,183,192,213,219,234,247,298,266,268,271,291,309,314,320,330,350,355,376,414,417,423,426,444,476
256:1,16,21,28,33,40,45,56,64,78,82,87,102,110,123,127,136,158,181,184,186,198,213,217,226,235,236,277,261,265,276,287,300,327,347,374,386,435,450,460,476
257:24,73,80,101,124,156,173,176,179,182,202,203,208,224,235,306,261,265,281,295,308,369,396,398,441,442,444,479
258:11,14,32,35,37,42,48,58,70,71,79,87,89,115,128,144,169,171,192,195,215,226,243,244,398,266,282,287,301,331,344,346,431,438,449,452,467,469,478
259:6,7,10,15,25,42,57,64,82,87,90,95,101,115,118,133,141,168,189,206,211,212,221,222,299,282,286,288,305,306,313,328,335,341,419,428
260:4,13,14,17,26,51,72,89,91,114,122,127,128,139,147,148,234,247,248,252,392,270,284,295,334,374,379,385,386,427,434,450,455,472,474
261:14,29,41,51,53,58,74,76,77,88,92,116,122,128,130,159,183,190,205,209,221,230,256,257,300,267,309,313,318,324,339,357,361,368,414,433,435,436,439,448,474
262:1,20,37,42,55,57,73,93,103,116,117,121,124,133,144,153,167,173,182,187,198,217,226,248,318,303,334,341,343,344,356,357,360,370,392,400,426,427,445,448,478
263:14,17,41,42,64,95,101,111,114,140,146,152,153,176,180,188,190,231,238,241,251,388,266,269,273,274,286,311,326,338,343,351,353,356,381,386,390,400,418,447,451,459,465
264:47,49,60,71,75,91,94,100,101,134,156,163,193,221,224,241,385,267,306,309,351,370,389,398,438,452,463,474
265:2,6,15,18,27,30,42,45,54,72,86,110,136,142,143,146,147,171,194,202,225,230,240,246,256,257,312,270,278,307,317,319,353,376,379,384,393,397,401,415,423,439,442,461
266:5,25,41,73,76,125,131,134,138,150,164,165,185,192,202,206,234,255,258,263,280,300,305,313,329,346,353,377,398,406,413,418,427,429,453,464
267:47,58,60,72,94,100,104,107,116,126,132,143,165,166,181,198,201,207,209,230,232,239,242,245,261,264,374,299,312,318,319,331,332,344,350,352,368,382,424,446
268:8,13,16,24,44,60,63,76,88,100,102,140,143,150,209,229,245,253,254,255,398,277,278,295,300,315,323,334,344,347,350,361,387,419,476,479
269:28,31,40,41,44,55,74,78,81,106,112,122,137,143,155,161,164,175,213,242,244,254,263,359,278,313,352,376,392,399,401,404,419,437,452,454
270:5,6,14,23,36,54,57,62,72,73,78,84,92,94,114,120,127,138,142,153,158,163,174,178,184,185,188,197,237,242,260,265,358,275,282,286,302,306,333,347,350,356,360,362,385,386,390,391,399,402,404,417,425,464,465
271:8,12,14,23,26,43,49,51,52,54,62,69,71,93,95,97,99,101,107,114,120,132,148,153,154,165,178,179,182,189,198,212,223,227,230,236,244,255,314,275,280,288,296,327,328,350,365,366,383,413,428,429,443,455,462
272:17,20,22,53,66,95,132,133,136,168,191,204,220,222,224,236,244,247,448,277,317,327,344,349,355,357,377,391,392,413,435,442,450
273:9,11,67,84,99,130,139,175,180,187,208,218,231,232,238,244,247,253,263,345,286,311,314,332,349,350,357,367,374,379,395,407,418,432,436,439,442,444,447,461,462,475,477,479
274:9,48,52,55,66,84,89,90,114,120,125,147,164,165,171,172,190,200,216,218,236,241,244,263,322,282,285,305,324,328,341,349,354,360,364,379,380,381,413,452,461,468
275:17,30,38,39,40,48,85,98,107,111,140,149,168,169,213,234,235,237,241,250,270,271,421,284,295,304,312,323,327,356,451,454,460
276:10,22,37,61,63,70,72,84,100,105,121,141,144,147,156,195,204,206,214,246,256,469,285,297,308,340,342,354,356,360,397,410,425,446,456,470
277:9,16,42,77,87,88,101,123,144,165,169,175,178,190,198,200,209,247,253,256,268,272,452,281,293,302,303,305,333,378,381,383,386,403,406,412,423,430,445,447,469
278:9,22,28,30,33,39,55,60,76,91,95,99,110,126,136,141,144,156,158,162,180,189,192,198,200,210,225,237,245,250,252,265,268,269,454,329,359,362,367,369,378,391,392,393,410,411,415,436,437,439,441,449,459,471
279:0,11,15,24,34,37,41,43,49,65,69,74,87,144,153,158,172,195,197,238,242,247,248,253,433,296,302,327,332,349,350,355,385,430,461
280:10,12,15,16,25,26,27,34,37,51,57,67,70,74,94,139,140,146,155,168,211,212,224,266,271,446,286,293,304,319,349,351,362,364,365,369,375,385,421,428,436,448,449,455,461,462,469,471,474
281:21,45,47,49,106,118,125,130,150,202,205,216,217,218,228,233,241,257,277,418,287,295,297,304,311,332,344,369,374,378,386,392,397,411,415,422,423,434,439,465,473,476
282:2,59,68,78,105,122,131,134,144,146,162,163,166,177,178,193,221,231,237,241,251,258,259,270,274,394,315,318,332,378,392,393,407,418,440,446,468
283:11,26,28,29,38,44,49,53,120,124,136,147,150,152,156,176,182,193,214,231,233,234,248,253,352,305,343,362,364,426,437,447,467,474,477
284:21,23,35,54,69,73,81,87,116,121,227,228,237,260,275,381,297,308,314,324,328,337,338,341,353,363,388,390,400,403,407,459,473,474
285:27,42,67,69,70,88,110,114,128,129,140,214,222,224,233,240,251,274,276,292,296,308,309,310,331,360,367,371,394,408,418,419,442,451,454,459,461
286:4,12,14,16,17,37,68,70,73,81,84,90,106,119,133,134,157,165,173,184,197,203,208,226,234,235,243,259,263,270,273,280,454,298,306,311,333,338,364,400,401,415,424,431,450,477
287:4,21,49,63,67,78,83,84,113,116,128,135,142,163,171,195,211,214,256,258,281,367,305,307,334,354,366,371,395,414,434,438,440,443,466,473
288:59,103,142,152,153,178,185,188,191,209,217,219,259,271,449,305,306,311,316,317,322,329,378,380,393,404,407,426,429,442,451,462,464
289:3,8,21,23,31,52,63,66,79,82,93,94,99,123,126,131,147,169,194,196,206,224,243,246,312,313,332,341,348,388,419,422,425,436,462
290:59,83,84,87,102,105,143,150,155,170,176,198,199,213,215,228,244,245,248,328,291,296,318,327,332,341,356,366,368,378,382,396,405,426,434,445,476
291:1,11,18,37,42,46,47,57,69,73,77,86,153,155,186,202,218,227,232,255,290,315,292,343,373,374,398,410,422,428,432,434,452,455,462
292:1,2,8,13,45,62,80,81,93,114,130,137,138,139,154,155,157,161,166,196,199,210,234,235,254,285,291,348,294,303,305,321,326,369,415,418,423,425,439,442,453,457
293:9,15,19,21,66,87,103,114,130,151,152,156,172,198,200,205,226,277,280,397,301,319,329,333,338,351,359,374,388,395,430,443,446
294:4,18,27,33,44,60,72,81,89,95,103,115,136,144,147,163,168,183,292,393,307,314,316,319,335,347,348,366,377,404,420,424,426,428,432,438,443,448,457,478
295:2,38,42,44,60,62,78,97,109,125,131,133,134,150,153,180,192,225,238,248,257,260,268,275,281,369,312,335,340,367,393,396,399,406,424,450
296:25,33,58,61,73,75,97,124,125,129,131,143,163,173,177,179,199,203,232,236,237,238,241,244,246,271,279,285,290,407,298,300,301,302,319,321,325,424,436,438,449,454,477
297:23,24,32,41,57,64,83,90,97,110,114,118,126,131,166,170,177,181,213,216,226,246,276,281,284,362,312,366,383,411,420,427,441,451
298:13,55,56,82,138,187,190,191,192,254,255,286,296,380,309,318,337,338,347,352,366,372,379,386,390,420,426,460,463,464
299:5,13,18,30,33,55,72,76,81,83,102,105,107,111,115,120,125,128,129,137,139,154,183,184,195,211,214,219,221,223,235,250,259,267,355,310,317,336,337,351,363,369,409,413,420,428,434,440,446,447
300:29,67,81,83,103,148,155,157,172,187,198,199,203,209,217,226,238,256,261,266,268,296,381,314,323,382,393,396,398,401,404,407,409,412,423,431,437,454,457,470,473,476
301:11,46,78,98,112,113,143,158,160,185,187,197,210,225,228,240,247,258,293,296,474,307,317,320,324,326,332,336,345,349,360,368,392,411,413,431,433,454,457,469
302:2,38,42,55,72,77,80,101,137,167,174,183,218,241,242,253,270,277,279,296,332,308,309,317,323,369,383,429,437,445,449,450,468,476
303:0,8,13,29,43,50,51,54,72,77,115,119,142,165,178,182,211,220,221,248,262,277,292,329,327,344,350,352,378,400,402,423,430,432,446,461,465
304:13,44,58,67,68,69,73,80,84,100,102,111,117,127,141,143,151,185,187,198,200,216,228,230,249,275,280,281,392,317,321,334,340,346,349,351,377,388,438,452,462,474,478
305:4,16,19,33,34,52,55,84,98,105,112,128,136,137,143,147,173,183,185,207,212,259,266,274,277,283,287,288,292,423,323,338,345,364,383,395,413,426,445
306:18,19,24,29,36,42,45,54,58,76,83,134,155,163,164,190,199,232,257,259,264,270,286,288,376,326,327,328,347,350,356,372,374,386,387,398,403,412,418,444
307:5,9,18,32,38,42,68,87,122,128,136,147,157,160,172,179,183,186,226,236,265,287,294,301,317,319,328,332,347,392,395,396,403,407,417,460,476,478
308:7,20,23,29,31,81,102,128,139,140,161,165,181,185,207,209,220,232,244,253,257,276,284,285,302,310,311,318,319,354,366,384,401,402,429,447,453,458,478
309:9,11,21,44,51,65,87,93,107,116,117,132,144,147,157,161,209,217,246,250,255,261,264,285,298,302,361,315,327,349,356,363,375,379,387,394,427,431,435,448,453,478,479
310:14,16,20,21,23,30,40,53,55,68,92,116,137,141,153,173,181,188,189,205,285,299,308,448,315,330,343,348,370,372,380,383,386,388,424,436,454,457,476
311:7,19,20,49,96,109,117,127,140,146,160,166,173,201,209,215,222,242,263,273,281,286,288,308,353,312,317,318,337,350,362,366,385,386,390,399,416,421,447,448,454,473,478
312:12,28,32,42,75,80,82,83,99,118,128,130,138,143,148,202,208,210,211,212,213,216,219,222,226,250,251,265,267,275,289,295,297,311,366,313,338,344,345,359,362,363,368,385,401,422,429,438,442,447
313:11,23,34,63,94,95,98,107,117,125,134,149,161,179,193,202,206,259,261,266,269,289,312,413,335,361,369,394,407,408,411,422,440,447,459,468,469,472,473
314:1,8,28,32,35,47,55,58,60,63,82,83,92,101,107,112,113,125,134,154,160,198,208,215,227,231,237,245,254,255,271,273,284,294,300,326,364,384,389,390,399,417,426,454,458,467,471
315:12,18,20,23,44,50,60,70,79,84,87,104,114,124,133,156,180,198,199,200,203,219,228,231,242,268,282,291,309,310,319,326,341,347,352,353,369,375,378,401,407,412,436,440,457,458
316:17,19,41,42,45,65,80,99,116,135,142,181,189,190,193,238,245,288,294,401,332,400,411,426,443,445
317:1,16,31,37,38,44,45,70,80,88,97,111,130,136,156,166,185,189,191,193,198,208,215,236,265,272,288,299,301,302,304,307,311,350,330,352,353,368,370,390,397,417,432,433,469,477
318:26,45,54,97,108,117,124,150,159,176,179,185,202,236,261,262,267,282,290,298,308,311,369,325,326,334,335,360,362,368,381,395,408,418,434,438,444,451,464,465,471,473,479
319:7,42,74,83,98,101,109,128,166,178,189,211,220,227,228,234,253,265,267,280,293,294,296,307,308,315,367,328,334,351,352,355,375,379,384,392,401,409,421,423,425,441,464,465,477
320:0,3,6,20,27,97,122,123,140,146,151,155,181,205,216,218,228,245,255,301,418,342,359,361,366,373,387,389,415,421,430,458
321:20,25,29,31,48,63,70,79,93,124,132,142,145,151,153,164,172,177,215,220,224,228,241,242,292,296,304,364,326,333,342,346,349,353,355,389,410,412,416,446,465,469,471,474,476
322:1,9,41,50,56,65,78,81,89,98,102,110,124,129,147,150,164,203,208,231,232,236,244,274,288,375,328,346,362,384,394,399,410,414,438,451,453,472
323:2,13,38,40,43,55,91,94,96,102,126,136,150,152,160,162,163,174,201,203,208,213,214,241,268,275,300,302,305,343,325,353,363,388,413,426,436,454,458,472
324:6,13,19,24,27,33,34,38,61,69,70,117,119,140,165,167,187,189,192,207,208,211,215,223,261,274,284,301,331,340,342,349,351,373,376,378,397,402,414,447,451,459,478,479
325:39,53,58,60,100,102,113,116,119,122,124,165,168,195,202,210,212,235,240,296,318,323,458,337,340,345,351,358,372,376,395,398,400,405,416,439,441,461,462
326:23,26,31,32,44,47,60,68,72,94,97,102,114,127,134,141,144,146,151,160,198,200,208,209,213,231,232,263,292,301,306,314,315,318,321,409,342,350,379,380,392,402,420,425,436,449,463,479
327:8,26,36,38,46,54,74,80,90,104,105,117,148,152,170,174,185,212,218,220,233,234,238,243,251,256,271,272,275,279,290,303,306,309,409,329,333,338,340,355,357,359,392,394,422,442,444,448
328:9,13,22,23,40,65,70,71,94,108,134,140,153,175,202,206,210,224,225,228,231,238,239,243,246,247,259,271,274,284,290,306,307,319,322,332,336,340,345,350,358,364,367,384,386,390,392,399,403,419,439,447,465,468
329:4,15,28,54,77,78,87,96,97,98,109,119,143,161,164,167,168,172,182,185,195,204,225,226,227,244,266,278,288,293,303,327,411,338,342,345,359,389,422,429,448,457,478
330:65,70,73,74,85,104,105,114,115,181,199,219,222,230,249,251,255,310,317,387,333,338,340,349,354,367,395,414,432,436,441,443,454,459,473
331:22,29,32,54,55,83,89,91,98,120,134,148,152,153,167,168,170,187,207,213,225,237,252,258,267,285,324,386,334,339,351,355,399,421,455,466,470
332:21,60,69,81,95,111,117,124,132,138,145,152,173,185,188,191,212,215,234,235,267,273,279,281,282,289,290,301,302,307,316,328,404,356,369,371,409,413,419,423,425,428,434,440,443,444,472,478
333:13,29,141,152,157,170,195,196,203,232,270,277,286,293,321,327,330,338,346,349,360,362,374,397,407,411,423,425,438,450,474
334:7,20,21,44,62,77,88,90,92,112,117,118,130,142,166,174,183,188,193,222,242,247,252,260,262,268,287,304,318,319,331,353,366,375,376,386,387,392,403,405,413,414,426,432,443,448,458
335:0,16,27,41,48,59,70,82,103,112,118,130,134,153,157,217,237,248,250,259,294,295,313,318,346,345,361,367,369,376,378,385,389,417,433,437,440,449,453,455,472,475
336:6,24,33,55,59,115,120,126,130,139,142,151,153,156,162,166,178,183,197,224,299,301,328,446,342,369,387,408,415,431,449,451,455,463,476,479
337:11,31,39,40,47,52,57,64,65,70,73,81,86,89,96,110,116,129,142,151,187,194,213,226,230,233,247,250,284,298,299,311,325,445,344,368,375,381,383,389,392,397,415,427,428,429,435,471,474
338:1,15,18,31,36,74,95,103,106,124,128,138,150,161,172,178,187,193,197,216,218,233,235,263,284,286,293,298,305,312,327,329,330,333,406,352,353,373,393,403,421,426,433,456
339:1,2,25,38,44,47,63,68,77,99,109,117,122,124,127,130,161,163,164,198,214,222,227,261,331,347,350,351,355,360,369,378,383,418,432,440,448,475,477
340:12,25,46,50,51,52,61,70,96,115,121,139,152,157,161,167,171,187,196,199,213,215,219,220,225,248,276,295,304,324,325,327,328,330,441,358,366,393,394,395,411,440,454,460
341:2,3,4,30,42,44,62,74,92,100,115,135,136,154,172,180,212,214,234,251,259,262,274,284,289,290,315,414,343,353,379,382,408,429,434,454,458,460
342:1,3,4,17,22,25,29,40,53,64,68,70,78,88,122,158,175,199,208,212,220,239,242,246,247,276,320,321,324,326,329,336,470,356,359,361,367,395,397,419,435,437,442,452,479
343:27,30,31,44,54,60,66,74,77,97,102,109,163,189,198,208,219,222,234,262,263,283,291,310,323,341,355,358,361,388,428,438,443,444,448,467,474
344:3,4,10,13,25,32,33,44,62,66,67,104,108,111,144,150,163,166,169,177,201,208,219,232,240,253,258,262,267,268,272,281,303,312,337,456,352,367,374,425,426,429,430,435,461,468,474
345:1,15,52,72,75,80,88,114,118,120,131,135,139,165,194,210,211,223,228,248,250,273,301,305,312,325,328,329,335,378,360,367,374,379,382,420,425,429
346:5,22,36,49,67,92,129,144,155,167,194,206,211,216,222,233,258,266,304,321,322,333,335,458,347,355,361,389,392,401,411,416,420,425,435,440
347:18,24,32,40,54,72,95,108,109,134,144,167,173,189,207,210,222,232,238,256,268,270,294,298,306,307,315,339,346,349,367,378,389,409,423,445,453,466
348:13,18,40,47,50,69,81,82,90,92,93,97,119,125,137,226,251,289,292,294,310,370,365,387,388,423,444,467
349:12,17,21,29,52,56,76,86,87,95,96,107,130,136,140,159,174,177,190,195,221,224,243,253,272,273,274,279,280,301,304,309,321,324,330,333,347,388,365,366,373,389,395,436,456,460
350:32,41,52,53,59,64,68,79,106,131,133,140,148,161,163,172,189,194,195,205,208,224,236,254,255,267,268,270,271,273,279,303,306,311,317,326,328,339,375,357,358,364,374,383,389,394,395,462
351:3,11,15,17,28,31,37,48,59,62,63,71,80,86,117,123,173,180,181,211,223,238,252,253,263,264,280,293,299,304,319,324,325,331,339,408,355,357,367,370,371,373,378,381,401,404,407,416,437,440,443,471
352:0,5,6,8,18,27,34,35,50,55,61,65,66,83,126,127,165,168,171,177,178,185,204,235,238,267,269,283,298,303,315,317,319,338,344,392,360,391,398,410,471,474
353:20,24,39,53,54,58,93,104,118,160,181,188,189,190,203,219,222,223,263,265,266,284,311,315,317,321,323,334,338,341,410,374,445,450,463,473,478
354:1,31,68,92,101,115,125,132,144,154,156,158,178,189,196,197,215,217,224,225,226,238,274,276,287,308,330,426,364,366,370,397,410,416,448,458,477,479
355:12,19,23,43,53,61,74,80,91,116,136,145,149,151,201,208,213,216,221,223,254,255,272,279,299,319,321,327,331,339,343,346,351,364,360,378,384,389,401,404,430,431
356:3,11,20,25,29,34,58,91,96,102,105,150,177,179,187,197,199,206,219,247,262,263,270,275,276,290,306,309,332,342,362,367,369,391,398,401,407,420,436,445,454,456,457,468
357:3,5,6,9,16,18,19,25,31,50,55,56,80,89,94,99,103,111,116,124,143,153,154,170,171,179,188,203,209,215,216,234,248,261,262,272,273,327,350,351,417,369,376,380,383,412,416,421,444,448,466,475
358:1,2,8,10,14,22,27,33,35,52,75,88,91,102,120,133,135,144,152,154,158,170,174,182,195,208,211,217,223,237,241,243,248,254,270,325,328,340,343,350,392,362,379,397,417,419,420,431,433,436,443,452
359:11,15,25,29,32,38,45,47,77,97,98,107,130,131,138,140,155,158,161,189,194,196,198,222,225,231,238,250,269,278,293,312,320,327,329,342,388,364,371,378,387,392,402,418,422,463,477
360:3,5,14,21,37,46,53,70,74,91,94,142,145,151,155,158,162,189,207,214,217,230,231,248,253,262,270,274,276,285,301,318,333,339,345,352,355,430,366,405,454,456,466
361:5,10,15,18,37,71,75,85,97,100,104,129,196,199,208,212,233,241,248,261,268,309,313,320,335,342,343,346,451,362,368,383,391,395,396,397,410,416,420,461,478
362:23,41,63,74,78,90,110,113,119,137,181,188,199,202,208,216,218,231,238,244,248,252,254,270,278,280,283,297,311,312,318,322,333,356,358,361,401,379,391,413,423,436,442,478
363:15,27,31,36,37,48,54,60,76,81,97,109,120,122,138,147,162,185,186,196,198,202,216,219,220,226,245,254,284,299,309,312,323,463,396,417,437,465,474
364:5,6,9,20,35,60,62,69,119,139,143,150,152,163,164,168,205,212,237,253,274,280,283,286,305,314,321,328,350,354,355,359,440,380,384,394,399,404,411,415,434,464
365:18,23,27,34,54,64,76,88,93,105,107,130,142,180,208,211,223,239,271,280,348,349,384,406,438,440,444,445,478
366:4,10,57,97,122,124,135,139,159,168,176,177,192,225,226,232,240,243,250,252,253,271,287,290,294,297,298,308,311,312,320,334,340,349,354,360,394,378,390,391,400,407,437,473,476
367:2,6,20,22,41,49,55,72,77,79,83,101,104,111,126,129,135,141,150,155,168,174,187,217,230,231,233,273,278,285,287,295,319,328,330,335,342,344,345,347,351,356,414,392,393,411,423,450,463
368:7,14,18,25,39,49,51,57,76,131,133,149,152,162,180,194,203,210,217,222,243,248,254,261,267,290,301,312,317,318,337,361,423,376,400,406,411,430
369:22,28,34,55,76,112,120,123,132,150,155,158,161,166,172,180,182,184,185,186,197,223,244,248,250,257,278,280,281,292,295,299,302,313,315,318,332,335,336,339,356,357,467,392,399,400,401,402,422,448,457,479
370:13,20,30,31,64,74,79,82,84,86,104,117,124,133,134,137,140,167,169,176,186,196,201,203,228,238,243,262,264,310,317,348,351,354,434,394,400,408,424,449,464,476
371:4,48,94,95,96,105,156,163,183,192,194,213,218,226,227,232,242,285,287,332,351,359,443,372,398,403,406,422,428,432,439,440,444,461,466
372:3,4,15,42,47,97,102,114,141,168,190,218,237,238,251,298,306,310,325,371,407,377,381,388,405,406,419,453,474
373:3,8,23,39,46,63,66,70,72,73,89,90,93,102,103,122,124,127,128,130,142,167,171,198,199,205,221,245,249,251,291,320,324,338,349,351,391,413,421,436,440,443,448,457,467,474
374:38,60,66,74,75,77,85,109,110,139,144,147,150,157,189,200,209,226,229,248,256,260,267,273,281,291,293,306,333,344,345,350,353,465,407,424,452,467,471,472,478
375:11,37,39,44,50,77,78,83,90,92,97,104,113,114,139,156,162,163,165,170,173,178,186,191,192,194,241,280,309,315,319,322,334,337,350,408,419,426,455,470,472,478
376:2,14,21,38,58,61,62,65,68,70,72,76,86,90,92,99,101,129,134,140,146,157,170,177,192,221,238,252,255,265,269,306,324,325,334,335,357,368,419,387,393,400,401,405,407,415,416,428,431,434,445
377:4,7,22,33,40,41,59,60,71,73,84,86,88,97,112,116,125,137,205,211,227,238,243,266,272,294,304,372,476,378,406,426,428,430,433,434,441,445,460,461,477
378:25,32,62,71,81,82,112,142,172,187,191,227,233,237,238,277,278,281,282,288,290,303,315,324,335,339,345,347,351,355,359,366,377,420,391,400,413,414,425,465,467,468,473,477
379:0,5,55,68,74,77,88,96,101,107,118,151,162,163,165,175,206,222,224,234,253,260,265,273,274,298,309,319,326,341,345,358,362,385,394,398,400,402,410,431,439,445,453,459,461,462,466
380:9,12,30,38,39,47,56,69,77,84,93,97,98,109,115,145,146,152,159,184,211,219,233,239,274,288,298,310,326,357,364,455,391,405,413,418,432,448,456,468,479
381:8,9,12,21,41,55,60,69,99,117,132,145,147,158,163,183,184,230,263,274,277,284,300,318,337,351,372,453,390,391,412,426,427,450,460,463
382:6,11,28,42,50,60,63,69,110,120,123,124,128,130,134,135,139,148,204,216,221,243,267,290,300,341,345,387,383,411,422,425,438,440,474
383:2,6,14,32,37,39,58,59,83,93,104,124,126,143,172,181,184,225,231,233,235,249,254,271,277,297,302,305,310,337,339,350,357,361,382,450,401,411,423,429,436,448,461,462,469,476,477
384:2,14,60,84,97,110,120,138,145,167,169,170,180,183,184,188,219,231,241,265,308,314,319,322,328,355,364,365,418,400,424,428,438,465
385:3,21,31,35,40,64,68,69,96,100,105,109,116,131,139,141,167,169,186,208,214,218,224,227,230,260,264,270,279,280,311,312,335,379,403,397,406,437,441
386:3,15,19,33,39,41,43,45,66,75,136,140,145,156,181,198,199,213,228,233,249,251,254,256,260,263,270,277,281,298,306,310,311,328,331,334,456,397,405,430,461,464,470,475
387:3,15,20,30,32,48,51,54,59,79,86,88,89,102,111,112,115,117,155,165,171,191,204,209,227,240,268,306,309,320,330,334,336,348,359,376,382,427,407,408,414,416,420,425,454,462,475,476
388:0,2,19,23,37,41,46,51,53,58,76,80,109,110,121,128,138,172,192,195,200,212,221,231,244,263,284,289,293,304,310,323,343,348,349,359,372,395,389,396,397,410,412,424,430,468
389:0,5,8,13,14,31,35,41,63,65,67,70,78,80,149,178,232,264,314,320,321,329,335,337,346,347,349,350,355,388,420,407,408,413,426,446,452,475
390:5,7,48,57,79,101,113,132,141,144,168,169,187,221,224,230,233,240,242,252,263,270,284,298,311,314,317,328,366,381,437,405,408,420,421,444,449,452
391:25,46,61,72,100,101,110,120,130,135,155,181,216,270,272,278,352,356,361,362,366,373,378,380,381,457,397,412,421,429,432,450,455,472,473
392:22,28,48,63,72,74,89,118,127,139,140,141,144,158,169,184,189,193,196,197,199,222,227,236,246,252,254,260,262,269,272,278,281,282,301,304,307,319,326,327,328,334,337,346,352,358,359,367,369,420,404,407,416,427,432,435,437,441,466,471
393:28,48,57,69,75,84,96,133,148,151,154,158,166,174,194,198,204,214,225,233,265,278,282,288,294,295,300,338,340,367,376,470,465,472
394:36,60,65,69,84,86,90,107,117,118,121,123,124,133,140,175,181,194,202,207,234,238,282,285,309,313,322,327,340,350,364,366,370,379,410,403,404,440,470,475
395:2,22,28,33,36,40,51,81,84,98,102,105,123,135,139,147,156,177,210,234,254,273,287,293,305,307,318,325,330,340,342,349,350,361,388,397,400,412,416,425,444,476,479
396:3,32,33,37,44,113,115,126,130,173,176,181,183,188,206,209,215,219,223,257,290,295,300,307,361,363,388,415,405,427,442,458,461,477
397:10,22,58,61,63,73,112,121,129,131,136,152,166,170,171,173,198,210,213,217,220,265,276,281,293,317,324,333,337,342,354,358,361,385,386,388,391,395,413,418,421,432,446,449,464,468,477
398:15,16,27,29,35,45,56,74,96,99,106,111,132,167,185,186,206,218,235,238,246,257,258,264,266,268,291,300,306,325,352,356,371,379,433,406,407,413,436,437,451
399:28,63,75,78,88,94,96,105,109,115,136,139,179,187,198,209,215,216,220,221,231,234,250,269,270,295,311,314,322,328,331,364,369,408,412,417,427,438,439,449,457,467
400:25,27,30,31,33,36,42,53,64,69,71,76,97,128,132,144,160,165,170,174,175,184,186,196,198,211,224,240,252,262,263,284,286,303,316,325,366,368,369,370,376,378,379,384,395,451,468,472,476,479
401:20,70,78,116,125,130,152,157,174,178,206,211,232,235,265,269,286,300,308,312,315,316,319,346,351,355,356,362,369,376,383,448,402,409,411,418,478
402:15,27,47,100,101,122,145,162,181,183,204,240,270,303,308,324,326,359,369,379,401,456,415,427,431,435,439,454,458,461,469
403:1,13,20,29,33,39,58,83,89,90,91,97,98,106,107,129,137,143,153,166,167,171,177,178,181,197,200,201,212,227,233,277,284,306,307,328,334,338,371,385,394,407,423,445,455,458,459,464,470,471
404:8,21,36,44,54,56,59,61,65,94,99,103,128,131,151,156,160,167,175,188,195,196,213,216,251,253,269,270,288,294,300,332,351,355,364,392,394,429,435,452,471,475
405:0,2,17,18,28,39,42,68,73,84,107,135,150,156,164,165,191,195,204,211,233,242,254,290,325,334,360,372,376,380,386,390,396,460,412,413,419,424,436,440,441,445
406:12,15,33,41,87,109,114,117,135,139,143,144,155,185,190,213,220,221,225,235,266,277,295,338,365,368,371,372,377,385,398,417,415,430,456
407:26,30,31,36,40,49,58,69,73,96,106,122,132,135,149,157,159,164,167,176,181,193,197,198,212,222,254,273,282,284,288,296,300,307,313,315,333,351,356,366,372,374,376,387,389,392,398,403,470,417,419,433,437,461,462,467
408:6,22,23,46,51,57,62,65,69,78,83,84,104,123,126,128,139,171,172,181,229,235,236,238,245,252,285,313,318,336,341,351,370,375,387,389,390,399,443,416,427,456,468
409:33,66,70,106,115,120,128,132,149,165,197,198,207,216,224,228,230,233,248,299,300,319,326,327,332,347,401,444,427,439,455
410:2,30,41,61,79,80,92,130,132,144,194,213,252,276,278,291,321,322,352,353,354,361,379,388,394,430,417,422,427,429,443,462
411:7,11,14,19,53,54,87,156,163,175,176,201,212,216,237,249,278,281,297,301,313,316,329,333,340,346,364,367,368,382,383,401,418,414,436,446,459,478
412:15,34,36,81,87,89,94,100,101,104,191,196,204,209,232,240,241,254,277,300,306,315,321,357,381,388,391,395,399,405,449,414,436,461
413:14,22,33,61,77,87,107,123,136,146,162,172,176,179,185,192,198,208,224,227,230,251,266,271,272,274,299,301,305,313,323,332,334,362,373,378,380,389,397,398,405,451,417,418,473
414:0,2,7,11,16,30,37,42,51,59,68,78,84,98,99,107,112,132,164,165,193,197,204,237,249,255,261,287,322,324,330,334,341,367,378,387,411,412,431,424,435,446,447
415:4,16,28,39,43,50,58,102,108,110,124,139,194,195,199,221,228,229,251,265,278,281,286,292,320,336,337,364,376,396,402,406,450,422,426,455,460
416:2,13,16,24,37,45,50,61,69,71,74,81,83,88,114,128,138,142,166,171,198,207,214,235,237,251,311,321,325,346,351,354,357,361,376,387,392,395,408,470,417,429,450,463
417:12,16,63,64,81,113,119,125,127,162,182,222,224,230,231,239,251,255,270,307,314,317,335,357,358,363,399,406,407,410,413,416,430,419,470
418:16,36,55,56,63,69,71,76,85,111,121,124,133,157,161,190,194,199,217,247,252,263,266,273,281,282,285,292,306,318,320,339,359,380,384,397,401,411,413,419,420,421,427,457,460,467,472
419:24,89,101,124,129,138,141,149,154,159,170,178,206,226,240,248,259,268,269,285,289,328,332,342,358,372,375,376,405,407,417,418,441,420,430
420:6,17,66,81,82,86,96,120,123,130,141,146,152,156,172,177,182,237,244,246,294,297,298,299,326,345,346,356,358,361,378,387,389,390,392,418,419,456,427,453,454,467,475
421:14,21,24,38,47,48,63,72,73,79,83,98,103,107,126,147,168,175,176,181,201,203,204,210,222,232,235,237,254,275,280,311,319,320,331,338,357,373,390,391,397,418,452,430,458,467,468,475
422:24,25,35,36,49,62,79,84,107,111,177,180,184,193,198,232,235,238,245,248,281,289,291,312,313,327,329,359,369,371,382,410,415,458,424,435,437,439,449,472,477
423:8,10,29,33,74,76,98,117,121,143,145,154,157,163,167,203,216,226,241,250,255,265,277,281,292,300,303,305,319,332,333,347,348,362,367,368,383,403,447,425,449,477
424:14,23,31,41,54,61,113,125,133,144,150,177,181,195,196,197,221,248,267,286,294,295,296,310,370,374,384,388,405,414,422,451,450,456,471,475
425:12,14,27,28,38,46,48,56,60,72,73,97,107,114,126,129,131,142,144,152,202,210,220,270,276,289,292,319,326,332,333,344,345,346,378,382,387,395,423,449,441
426:7,15,37,50,54,68,97,101,117,136,138,139,150,163,175,179,180,205,219,235,255,262,283,288,290,294,298,305,314,316,323,334,338,344,354,375,377,381,389,415,462,434,445,461,463,474
427:21,34,35,46,87,110,143,147,186,187,192,219,235,247,260,262,266,297,309,337,381,387,392,396,399,402,408,409,410,418,420,431,439,447,454,456,463,479
428:20,23,27,53,54,84,90,121,130,150,174,188,194,197,205,210,240,259,271,280,291,294,299,332,337,343,371,376,377,384,436,429,458,475
429:19,30,54,80,94,96,122,131,135,138,153,154,168,171,186,197,200,201,231,236,266,271,288,302,308,312,329,337,341,344,345,383,391,404,410,416,428,464,431,441,442,463
430:0,3,21,23,39,54,68,75,109,137,156,166,171,176,185,186,187,200,202,206,211,225,231,236,277,279,293,303,320,344,355,360,368,377,386,388,406,410,417,419,421,447,446,448,453,459,472
431:11,19,86,87,99,105,107,132,136,137,148,162,185,198,202,209,210,215,220,230,246,252,258,286,300,301,309,336,355,358,376,379,402,414,427,429,461,437,453,455,465,477
432:16,24,44,47,80,81,94,96,105,108,129,132,133,143,148,149,160,166,170,172,178,185,206,221,226,234,273,291,294,303,317,330,334,339,371,380,391,392,397,446,440,453,459,477
433:3,30,42,58,81,96,121,134,141,143,146,153,161,164,177,178,185,196,204,229,241,243,261,279,301,317,335,338,358,377,398,407,441,434,444,451,461,479
434:15,19,79,88,101,102,103,115,130,148,151,155,156,163,187,192,193,196,213,216,223,226,235,241,260,281,287,290,291,299,318,332,341,364,370,376,377,426,433,479,447,450,453,476
435:14,22,27,45,66,89,98,105,115,122,137,139,148,159,186,191,193,210,211,229,230,237,244,245,246,256,261,272,309,337,342,344,346,392,402,404,414,422,450,437,462,472
436:8,29,88,99,120,137,152,154,156,158,186,193,194,200,221,224,225,229,252,261,273,278,280,289,296,310,315,323,326,330,349,356,358,362,373,383,398,405,411,412,428,438,443,444,445,446,465,474
437:15,17,22,24,26,65,84,87,108,125,140,141,146,168,173,195,204,208,215,216,226,230,254,269,278,283,300,302,335,342,351,363,366,385,390,392,398,407,422,431,435,469,453,466,472,473
438:5,8,9,12,24,40,53,61,77,83,91,111,114,125,126,130,132,136,139,168,170,174,186,195,211,219,223,252,253,258,264,287,294,296,304,312,318,322,333,343,365,382,384,399,436,468,448,479
439:10,15,22,36,51,125,132,133,165,168,186,191,203,211,218,225,227,232,241,251,261,265,273,278,281,292,325,328,371,379,399,402,409,422,427,447,441,461,468
440:2,5,13,29,30,39,53,54,79,126,127,130,188,195,196,204,212,223,238,248,253,254,282,287,299,313,315,332,335,339,340,346,351,364,365,371,373,382,394,405,432,458,467,468,473
441:4,5,10,39,51,53,67,69,70,94,103,104,146,148,158,179,182,189,200,207,211,221,257,278,297,319,325,330,340,377,385,392,405,419,425,429,433,439,470,445,447,463
442:11,12,53,68,77,144,147,156,169,195,202,205,212,230,242,257,265,272,273,285,288,292,312,327,342,362,396,429,472,451,458,460,462
443:10,41,49,51,59,76,110,111,114,156,180,182,184,194,205,238,241,247,271,287,293,294,316,330,332,334,343,351,358,371,373,408,410,436,466,453,454,473,478
444:0,5,21,33,36,45,55,56,65,76,99,101,108,111,136,150,157,168,180,183,191,197,246,247,254,255,257,273,306,318,327,332,343,348,357,365,371,390,395,409,433,436,479,452,459,463,465,477
445:8,18,29,30,33,44,53,66,69,79,86,111,124,125,139,156,159,169,176,180,208,213,254,262,277,290,302,305,316,337,347,353,356,365,376,377,379,403,405,426,436,441,467,462,470,472
446:1,17,53,64,66,68,93,106,113,153,159,161,180,219,225,227,238,248,250,267,276,280,282,293,299,303,321,336,389,397,411,414,430,432,436,470
447:34,56,85,115,127,157,163,165,174,189,192,214,234,236,263,273,277,283,299,308,311,312,313,324,328,414,423,427,430,434,439,441,453,462,471
448:10,12,23,30,51,55,59,78,87,103,115,121,172,183,228,240,250,253,261,262,272,280,294,309,310,311,327,329,334,339,343,354,357,369,373,380,383,401,430,438,471,450,451,458,466
449:6,10,15,25,39,47,50,70,71,76,98,141,153,171,204,208,221,224,236,239,240,254,258,278,280,288,296,302,326,335,336,370,390,397,399,412,422,423,425,461,469,472
450:13,48,53,63,65,76,84,107,133,135,151,157,186,190,193,208,210,238,247,248,250,256,260,272,286,295,302,333,353,367,381,383,391,415,416,424,434,435,448,468,455
451:18,26,34,59,73,89,91,125,127,135,141,146,155,176,200,211,214,263,275,285,288,297,318,322,324,336,361,398,400,413,424,433,442,448,466,453,458,478
452:40,41,52,55,82,83,90,117,121,122,127,133,150,158,169,174,201,204,213,217,220,227,258,264,269,274,277,291,304,342,358,374,389,390,404,421,444,467,454,475,476
453:6,12,18,30,33,48,61,74,83,106,113,117,118,119,125,164,177,181,183,193,201,217,230,247,266,292,308,309,322,335,347,372,379,381,420,430,431,432,434,437,443,447,451,454
454:7,10,21,70,79,81,87,89,113,116,120,129,131,137,144,175,191,194,197,205,229,238,239,269,275,278,285,286,296,300,301,310,311,314,323,330,340,341,356,360,387,402,420,427,443,452,453,473,455,477
455:8,21,25,36,63,72,75,76,103,108,163,174,186,212,217,260,271,280,291,331,335,336,375,380,391,403,409,415,431,450,454,479,458
456:1,31,35,42,43,47,58,62,98,114,120,134,143,159,167,195,231,242,249,254,276,338,344,349,356,360,380,386,402,406,408,420,424,427,461,465,474
457:23,25,32,37,38,39,41,57,66,73,74,78,82,98,100,101,110,135,157,168,169,176,184,188,192,219,233,238,245,254,292,294,300,301,310,315,329,356,369,373,391,399,418,477,466
458:2,10,15,68,85,119,159,172,176,177,185,189,212,215,216,234,243,254,308,314,315,320,323,325,334,341,346,354,396,402,403,421,422,428,440,442,448,451,455,470,462,469,477
459:7,27,38,43,46,49,69,70,73,74,95,102,136,154,165,166,170,174,186,193,212,215,219,225,226,232,240,263,278,284,285,313,324,330,379,403,411,430,432,444,463,462,478
460:9,30,33,46,61,89,90,97,99,102,122,145,155,160,161,164,192,211,216,231,237,249,256,275,298,307,340,341,349,377,381,405,415,418,442,479,464
461:9,34,37,61,66,87,111,131,132,151,153,161,163,167,175,192,201,233,235,236,242,248,265,273,274,279,280,285,303,325,344,361,371,377,379,383,386,396,402,407,412,426,431,433,439,449,456,472,470,471,474,478
462:14,28,30,31,53,66,78,84,85,123,131,133,134,140,142,153,171,182,187,198,201,228,230,236,242,249,271,273,280,288,289,291,304,325,350,379,383,387,407,410,426,435,442,445,447,458,459,465,463
463:14,16,26,28,29,58,63,72,98,102,136,153,155,156,164,176,179,192,198,200,209,211,228,264,298,326,336,353,359,363,367,381,416,426,427,429,441,444,459,462,475,472
464:2,12,15,42,47,50,55,70,95,97,161,180,183,186,190,191,209,213,225,235,244,251,252,266,270,288,298,318,319,364,370,386,397,403,429,460,474,478
465:3,28,57,64,71,73,82,96,102,109,125,143,148,196,201,203,263,270,281,303,318,319,321,328,363,374,378,384,393,431,436,444,456,462,474,468,470,477
466:21,23,29,33,60,104,106,121,129,160,185,186,205,239,287,331,347,357,360,371,379,392,437,443,448,451,457,473,470
467:0,26,55,89,94,134,151,168,187,199,202,251,258,283,314,343,348,369,373,374,378,399,407,418,420,421,440,445,452,473,474
468:3,11,19,22,23,24,50,54,64,67,68,75,117,118,121,124,129,140,147,153,181,185,203,215,225,245,251,254,274,282,302,313,328,344,356,378,380,388,397,400,408,421,438,439,440,450,465,478,471,473,475,476,477
469:7,8,14,20,30,31,36,41,49,58,63,79,91,97,98,103,117,120,132,139,150,155,162,171,177,185,200,204,211,258,276,277,280,301,313,317,321,383,402,437,449,458,473,478
470:0,5,11,17,50,54,68,71,74,100,103,114,140,150,160,161,165,182,185,188,217,226,230,236,276,300,331,342,375,386,393,394,403,407,416,417,441,445,446,458,461,465,466,479
471:1,8,15,55,89,95,111,128,166,192,204,205,226,240,252,278,280,314,318,321,337,351,352,374,392,403,404,424,447,448,461,468,475,473,478
472:15,28,33,50,53,56,81,87,89,94,116,123,124,134,137,138,161,164,168,197,203,218,237,254,260,313,322,323,332,335,374,375,391,393,400,418,422,430,435,437,442,445,449,461,463,473
473:1,19,59,62,72,74,95,100,105,123,133,134,136,142,143,150,152,155,160,181,192,197,211,214,226,238,243,247,281,284,287,300,311,313,318,330,353,366,378,391,413,437,440,443,454,466,467,468,469,471,472,478
474:9,14,25,28,38,40,43,52,57,59,78,90,99,111,131,134,140,155,157,161,166,174,176,182,197,214,220,224,236,241,260,261,264,280,283,284,301,304,321,333,337,343,344,352,363,372,373,382,426,436,456,461,464,465,467,477
475:5,29,30,37,38,45,57,71,76,85,99,132,137,162,167,170,175,187,192,197,235,242,246,273,335,339,357,386,387,389,394,404,420,421,424,428,452,463,468,471,478,477
476:24,31,42,48,52,55,69,88,89,93,95,97,120,124,131,134,140,157,161,188,191,199,217,238,249,254,255,256,268,281,290,300,302,307,310,321,336,366,370,377,383,387,395,400,434,452,468,479
477:3,28,34,38,50,60,62,92,101,140,149,175,176,199,201,246,250,273,283,286,296,317,319,339,354,359,377,378,383,396,397,422,423,431,432,444,454,457,458,465,468,474,475,478
478:3,28,36,40,44,55,66,68,85,88,90,95,115,116,130,133,141,143,151,152,162,171,177,192,204,209,217,249,258,262,294,304,307,308,309,311,324,329,332,353,361,362,365,374,375,401,411,443,451,459,461,464,468,469,471,473,475,477,479
479:8,16,35,52,59,78,84,102,103,116,122,124,127,174,249,257,268,273,309,318,324,326,336,342,354,369,380,395,400,427,433,434,438,444,455,460,470,476,478
