0:119,4,11,15,17,18,30,43,48,56,57,75,85,90,97,103,105,116,129,148,152,154,189,194,195,215,217,219,220,226,236,240,255,258,281,287,288,290,295,296,300,312,319,324,326,327,328,340,342,359,360,365,366,371,373,374,375,376,387,400,403,407,412,415,416
1:189,2,7,12,17,18,39,40,48,49,53,62,64,69,72,76,78,79,85,104,111,130,135,141,158,161,164,169,179,181,182,187,193,205,209,240,243,256,290,295,307,311,329,341,342,368,377,380,383,401,403,408,412,418
2:1,3,4,11,12,25,27,28,29,30,44,68,72,73,82,102,113,115,116,150,151,162,163,165,179,185,189,191,194,196,199,222,225,229,248,251,255,259,261,262,267,272,274,275,288,292,298,302,303,307,317,321,323,324,351,354,357,365,366,374,379,381,382,389,391,417,423,429
3:2,238,8,16,18,32,35,36,65,69,86,90,116,118,121,136,137,144,147,150,152,160,161,164,170,185,196,203,214,221,224,230,232,237,259,261,270,277,294,302,317,326,328,329,330,336,344,347,370,396,406,424
4:0,2,365,5,18,42,47,56,57,58,63,67,73,75,109,112,118,119,134,146,157,158,160,181,193,197,199,203,210,211,216,222,239,247,259,265,269,284,289,293,299,301,302,305,306,317,337,343,345,348,357,370,371,387,398,423
5:4,71,7,12,50,53,54,59,61,62,66,73,78,80,87,96,103,115,118,119,126,131,133,143,145,158,163,164,176,184,189,192,196,221,245,255,260,262,272,275,290,305,306,313,332,347,354,356,358,361,366,368,369,370,385,405,417,423,425,429
6:312,26,29,38,41,43,50,68,82,89,92,101,111,119,125,126,127,129,132,133,139,146,165,170,171,184,196,219,221,224,232,241,244,251,260,267,270,275,281,290,296,311,329,331,342,343,346,347,351,352,354,356,386,389,394,398,401,407,408,410,411
7:1,5,411,8,16,23,26,27,40,42,51,52,59,61,66,81,83,92,94,97,99,103,120,121,125,126,139,212,215,216,247,249,255,256,288,294,297,301,319,327,330,335,343,365,374,375,383,393,421,427
8:3,7,318,11,22,40,49,55,75,94,95,96,111,150,155,165,178,197,206,223,229,234,261,278,284,289,294,295,296,301,306,307,317,323,324,331,335,337,340,348,361,366,382,388,410,419,425,428
9:263,57,59,71,79,84,85,91,107,126,127,132,133,138,145,160,164,166,169,182,185,193,194,209,211,231,232,245,251,256,258,262,269,277,282,288,291,292,308,310,314,323,324,327,335,343,350,352,353,360,367,371,380,381,385,397,405,410,426,427
10:98,19,35,39,44,60,63,64,68,77,97,103,116,119,125,142,150,159,166,169,170,171,179,183,193,198,213,219,224,244,247,259,269,271,281,284,293,297,301,302,309,330,343,345,350,356,367,370,372,384,393,404,406,407,416
11:0,2,8,337,13,21,28,40,64,71,77,87,94,98,101,103,124,126,137,141,149,150,156,161,164,165,169,173,175,181,184,186,187,191,205,213,220,223,236,247,261,281,292,297,304,312,314,319,321,324,330,338,339,347,368,372,381,389,391,399,402,403,405,407,412,415,420
12:1,2,5,18,14,15,22,44,57,71,75,77,109,111,135,136,140,147,152,167,171,173,175,197,218,219,221,224,233,235,238,265,288,294,298,302,303,305,321,344,359,375,384,401,406,408,414,418,422,425
13:11,110,20,25,41,43,48,49,61,69,70,78,79,81,85,88,96,104,106,109,125,126,140,144,153,155,164,169,172,177,183,189,215,236,244,246,249,252,257,261,267,269,271,278,279,287,295,297,307,317,325,332,336,338,341,354,370,376,393,403
14:12,169,35,40,42,62,63,74,76,78,82,87,90,95,99,133,140,143,150,182,183,214,221,224,236,289,314,323,326,327,335,339,345,365,371,372,375,378,392,395,411,412,425
15:0,12,390,24,35,36,38,39,40,43,45,46,47,53,60,62,67,69,72,74,75,79,85,87,88,90,106,113,114,123,144,151,152,159,160,161,165,169,179,192,198,205,206,218,224,226,255,257,259,267,273,277,280,288,309,310,312,313,314,336,345,358,359,369,375,392,402,405,406,413,428,429
16:3,7,156,25,29,39,55,59,77,95,121,136,161,189,192,202,203,209,217,219,233,240,244,254,258,271,272,275,277,280,293,303,306,308,310,318,326,331,333,336,338,348,351,358,362,373,396,405,406,408,411,427
17:0,1,231,19,32,47,50,58,61,68,94,107,108,109,111,115,118,137,140,152,172,175,179,180,181,183,185,190,205,223,243,256,257,271,282,294,301,302,317,327,333,335,338,341,343,346,354,356,367,376,378,381,385,410,416,417,424,428
18:0,1,3,4,12,97,33,35,40,52,68,73,78,85,86,92,95,98,100,101,126,142,146,151,162,164,168,177,179,187,188,191,192,193,203,205,211,225,226,234,236,244,252,261,272,280,283,285,314,325,335,360,361,364,371,400,409
19:10,17,132,25,31,35,43,45,47,53,55,57,61,77,79,81,82,89,96,104,124,128,138,139,144,149,170,172,174,175,182,187,192,196,197,201,204,217,220,221,229,231,234,238,243,246,257,261,264,283,293,294,302,305,325,326,339,348,352,367,368,399,402,421
20:13,160,29,30,42,43,47,53,59,61,68,71,84,95,100,108,113,117,120,125,126,129,147,159,167,170,173,179,182,183,185,195,199,205,208,212,227,228,238,239,254,280,285,296,299,300,309,321,330,339,372,380,400,410,425
21:11,254,26,28,32,37,43,45,46,51,53,56,57,60,92,96,97,105,128,133,141,148,150,167,178,201,203,204,210,214,224,225,234,238,247,248,252,260,264,279,280,282,298,299,300,336,367,378,381,389,397,408,409,415
22:8,12,93,32,49,74,81,83,86,99,113,132,133,136,150,155,158,161,166,168,169,204,223,226,238,255,256,274,278,285,286,292,293,296,298,305,318,329,330,341,344,346,349,356,361,377,382,401,421
23:7,189,30,54,60,67,68,71,77,85,101,102,103,104,110,116,127,145,149,150,152,162,184,187,196,205,229,237,242,244,246,247,249,250,259,274,280,282,285,303,312,320,321,326,332,336,364,365,367,371,382,384,398,399,405,420
24:15,370,33,36,40,41,44,51,56,57,61,65,76,77,78,79,87,90,93,106,119,123,128,130,132,134,145,146,147,149,161,168,176,177,191,197,212,232,236,239,242,251,252,264,269,282,284,288,291,293,294,297,318,319,326,327,339,345,349,350,358,368,372,386,387,396,400,407,411,413
25:2,13,16,19,165,29,34,46,48,51,57,66,85,94,98,100,105,106,115,118,124,129,143,146,148,158,175,193,221,224,230,232,252,253,256,258,271,273,288,316,317,322,345,361,371,392,427,429
26:6,7,21,396,39,49,50,51,54,75,90,109,116,121,132,134,143,144,157,173,178,201,203,207,212,213,226,228,230,239,248,258,259,266,271,273,276,277,279,281,285,287,290,292,303,305,315,323,327,329,330,337,339,349,366,379,387,388,390,395,397,399
27:2,7,360,29,48,52,71,78,82,86,96,100,111,122,133,140,145,150,155,156,158,166,177,181,184,191,193,224,236,249,266,268,279,283,285,294,301,310,319,327,340,350,351,375,392,393,396,428,429
28:2,11,21,216,34,35,49,52,60,62,63,66,76,86,88,92,93,101,115,137,139,141,151,184,188,236,242,252,280,286,290,292,299,317,323,346,359,376,383,396,405,421,424
29:2,6,16,20,25,27,232,30,43,46,50,54,57,72,82,85,87,108,113,123,131,132,138,153,168,184,225,230,236,240,242,263,277,287,302,315,344,353,364,377,379,386,389,390,406,408,415,423
30:0,2,20,23,29,420,44,47,60,69,121,131,142,143,167,177,179,181,184,190,199,203,212,213,234,238,241,257,274,277,290,301,312,314,326,328,330,343,351,360,361,369,374,401,410,412,415
31:19,287,43,47,50,55,73,75,77,81,82,93,95,97,107,110,113,124,133,147,148,157,164,193,197,199,203,204,215,232,247,254,258,276,292,293,298,304,316,317,318,326,332,334,344,347,348,354,358,381,383,385,387,389,395,416,425,429
32:3,17,21,22,86,40,43,44,46,49,52,65,66,77,80,88,101,114,130,141,143,167,179,181,182,186,189,190,192,202,206,218,224,225,228,231,235,236,279,281,301,305,313,324,339,348,351,352,367,368,379,391,393,399,407
33:18,24,168,45,54,59,67,73,83,90,102,129,137,161,179,182,189,209,210,219,222,225,227,230,269,272,278,289,303,308,312,315,320,323,333,363,364,386,400,402,403,422
34:25,28,417,37,39,53,58,69,70,110,119,122,130,159,162,164,171,184,190,195,205,213,221,240,253,254,266,280,281,287,292,298,312,315,328,355,362,364,366,374,377,380,389,399,410,418,421
35:3,10,14,15,18,19,28,239,48,57,58,67,70,71,76,84,97,99,103,106,122,131,132,141,149,180,187,204,209,247,260,268,277,290,317,320,322,340,347,348,351,356,362,386,404,414,422,425
36:3,15,24,329,38,45,46,51,66,68,100,106,114,137,155,156,167,169,171,177,185,193,225,235,240,241,246,248,250,256,258,260,262,272,277,286,287,327,350,362,366,367,368,372,388,392,397,408,418,425
37:21,34,272,38,42,50,62,66,71,72,75,82,101,102,109,132,133,134,156,157,158,168,174,177,184,185,190,210,218,232,244,278,279,288,303,307,310,320,326,327,330,332,363,370,374,387,392,393,396,397,402,414,416
38:6,15,36,37,323,44,45,57,68,76,81,93,100,101,114,128,130,143,166,175,176,185,187,194,196,219,224,229,232,235,246,250,279,282,283,288,293,294,296,305,310,317,331,351,355,365,373,391,393,394,400,401,402,407,422
39:1,10,15,16,26,34,196,54,71,77,93,95,98,118,124,126,129,135,140,141,151,160,167,169,171,173,174,179,186,188,192,205,206,212,221,234,240,246,249,265,274,284,285,287,300,301,302,307,321,326,329,337,339,357,361,364,379,398,401,406,412,428
40:1,7,8,11,14,15,18,24,32,318,43,64,66,67,72,76,78,87,102,107,110,116,125,147,149,172,184,203,213,214,229,233,238,239,244,245,257,261,273,282,285,287,288,291,297,300,326,344,346,354,359,362,382,389,408,413,417
41:6,13,24,97,48,56,72,81,96,129,133,141,151,158,160,163,178,179,185,188,192,202,214,216,223,225,236,239,240,248,251,275,276,286,288,311,318,335,337,347,348,352,362,386,396,411,414
42:4,7,14,20,37,100,46,47,48,76,77,92,126,136,141,160,178,204,212,222,223,228,245,252,266,300,313,314,316,320,334,337,341,351,358,362,379,382,383,391,399,410,414
43:0,6,13,15,19,20,21,29,31,32,40,356,44,54,63,64,69,79,84,86,112,113,117,135,140,146,149,150,156,164,177,181,190,216,221,225,236,239,240,241,248,257,266,271,279,284,292,303,314,322,329,342,347,352,354,372,375,393,394,396,403,421
44:2,10,12,24,30,32,38,43,410,46,51,62,63,72,74,82,84,87,100,102,114,130,131,144,145,149,150,178,187,191,214,215,228,243,261,265,275,276,283,293,298,302,321,324,350,361,370,376,382,388,390,393,398,412,419,425
45:15,19,21,33,36,38,317,74,104,123,143,148,154,155,167,170,171,206,213,215,216,218,230,233,235,261,262,277,281,285,287,296,318,327,343,344,349,357,364,378,379,382,387,388,401,416,420,425,428
46:15,21,25,29,32,36,42,44,352,49,54,56,57,63,70,78,92,94,105,112,117,122,137,154,155,164,167,176,196,221,226,229,234,240,242,252,253,258,265,270,280,291,318,335,336,353,356,362,376,379,391,409,416,420,425,427
47:4,15,17,19,20,30,31,42,394,59,62,68,74,86,89,101,102,108,116,120,132,140,148,151,155,158,159,160,170,194,196,205,214,223,225,228,230,240,241,247,248,252,270,273,274,282,293,299,308,313,318,336,339,350,351,352,361,368,374,385,387,395,409
48:0,1,13,25,27,35,41,42,76,55,57,68,70,81,85,90,92,105,110,119,136,138,145,159,162,183,189,191,197,199,200,205,208,210,220,226,231,238,263,273,276,277,280,281,299,310,317,345,349,353,369,372,378,386,391,398,403,408,410,418,419,427
49:1,8,13,22,26,28,32,46,260,58,63,71,73,80,108,123,127,129,132,142,148,158,180,194,195,197,200,210,221,223,232,261,262,268,272,277,282,295,305,310,317,319,339,341,342,344,345,352,357,359,365,378,383,395,403,404,408,413
50:5,6,17,26,29,31,37,162,66,74,75,77,84,88,92,95,97,103,109,138,150,158,183,193,202,207,214,223,246,259,260,268,282,283,287,291,295,300,303,310,315,317,322,330,332,336,350,351,364,368,375,385,390,396,398,400,409,414,424
51:7,21,24,25,26,36,44,81,58,60,67,74,75,86,89,122,123,137,142,143,144,156,171,178,192,203,205,212,214,229,234,244,254,264,268,272,275,291,297,301,302,311,332,338,340,362,369,373,376,385,403,405,420,421
52:7,18,27,28,32,303,54,66,67,68,69,74,79,84,96,103,113,114,118,119,122,124,125,148,149,150,151,165,175,188,193,196,199,205,209,210,213,229,231,233,253,256,260,300,301,311,312,314,320,326,329,336,340,347,351,359,362,363,367,372,374,376,377,383,384,386,402,403,407,426
53:1,5,15,19,20,21,34,58,68,89,90,104,124,137,142,159,163,166,171,178,179,186,189,200,207,211,216,221,226,227,235,242,252,270,272,288,306,317,320,330,346,354,361,364,367,368,384,386,397,404,410,411,416,428
54:5,23,26,29,33,39,43,46,52,195,61,65,78,99,102,105,121,124,125,135,150,151,158,166,168,170,173,188,194,210,211,217,221,239,245,247,250,253,255,261,270,276,284,302,306,310,333,334,352,361,363,389,409,418,424,427
55:8,16,19,31,48,379,74,91,94,102,104,105,114,127,132,134,153,156,160,163,189,194,200,208,213,224,232,238,246,247,251,253,254,259,267,281,289,306,309,322,333,342,348,354,370,372,376,382,384,399,406,410,417,418,425,426
56:0,4,21,24,41,46,323,62,98,99,109,113,116,125,133,155,160,166,167,171,190,191,197,200,202,205,221,267,268,271,274,286,287,300,303,305,306,314,315,321,329,330,336,345,347,356,373,375,376,391,400,407,409,419,420,421,423,425,427
57:0,4,9,12,19,21,24,25,29,35,38,46,48,229,64,65,70,77,87,95,97,131,156,158,163,164,165,172,198,212,226,228,232,234,236,251,253,257,259,261,264,277,282,288,291,295,311,316,319,332,334,336,338,344,348,351,362,367,371,376,381,395,413,427
58:4,17,34,35,49,51,53,422,61,62,66,74,83,87,104,111,115,155,179,182,195,199,212,231,233,234,238,251,256,259,260,268,282,284,291,298,301,313,316,319,321,332,335,354,358,391,412,424,425
59:5,7,9,16,20,33,47,427,79,80,84,88,93,120,126,137,161,164,165,167,176,185,188,195,198,201,203,211,216,221,222,229,230,233,238,249,252,261,276,283,288,290,308,323,325,331,332,333,334,335,345,350,354,358,372,376,377,388,390,392,396,402,408,411,413,416,423,424
60:10,15,21,23,28,30,51,146,63,65,81,83,90,92,93,99,109,111,116,127,128,131,139,151,152,172,174,191,192,199,208,211,213,223,231,235,249,252,258,269,274,276,277,285,294,296,309,316,320,321,327,334,342,344,347,352,355,390,394,401,410,414,417,422,428
61:5,7,13,17,19,20,24,54,58,160,62,67,70,73,79,82,83,85,99,104,108,110,115,117,126,137,140,155,156,158,161,168,178,180,199,203,204,215,222,232,240,241,245,250,261,265,266,281,283,310,317,318,328,338,345,353,358,359,364,366,377,398,406,409,418,420
62:1,5,14,15,28,37,44,47,56,58,61,113,65,81,84,96,100,106,110,138,179,182,184,185,202,206,216,230,248,253,255,264,273,280,288,292,299,305,312,318,324,328,336,341,357,359,364,370,383,387,389,390,400,407,411,412,421
63:4,10,14,28,43,44,46,49,60,308,66,73,74,75,95,105,117,127,129,138,154,173,175,177,180,181,187,190,196,202,204,224,240,243,246,248,262,266,288,290,296,304,305,306,310,314,321,322,339,353,354,360,365,368,369,375,390,392,396,403,404,420
64:1,10,11,40,43,57,388,69,75,80,85,91,105,108,112,119,127,139,154,156,169,172,175,178,186,195,205,211,212,221,236,241,258,262,263,281,292,293,295,306,335,345,349,365,372,377,380,384,397,406,413
65:3,24,32,54,57,60,62,196,74,88,91,101,104,106,107,114,117,118,122,124,129,146,151,160,165,170,184,199,208,215,219,220,224,229,233,243,249,276,277,283,287,296,297,312,314,325,332,350,372,392,403,413
66:5,7,25,28,32,36,37,40,50,52,58,63,389,69,87,88,93,98,100,125,128,142,152,167,174,179,183,191,200,204,210,212,222,226,229,230,245,252,255,268,274,287,301,306,317,321,330,361,362,378,394,403,404,414,415
67:4,15,23,33,35,40,51,52,61,137,70,74,75,90,99,108,110,118,123,126,144,149,161,166,174,189,206,209,222,224,239,245,246,248,253,257,262,267,271,273,286,287,312,314,326,328,331,335,345,349,351,357,360,363,378,400,406,415,427
68:2,6,10,17,18,20,23,36,38,47,48,52,53,123,76,95,99,104,119,135,140,154,157,159,165,167,171,182,194,195,197,212,213,214,218,228,237,245,247,257,261,263,272,278,289,291,293,300,320,325,327,332,341,343,348,388,400,402,405,415,416
69:1,3,13,15,30,34,43,52,64,66,264,83,84,85,86,103,105,112,124,142,150,152,153,165,167,176,186,195,198,209,212,221,225,226,230,239,243,245,250,259,272,274,287,292,298,302,319,342,345,348,374,377,381,396,402,404
70:13,34,35,46,48,57,61,67,104,82,88,99,109,110,113,115,122,126,133,140,146,148,151,155,175,185,187,192,209,210,215,226,232,236,255,263,274,276,284,287,291,292,299,303,324,326,328,345,354,356,363,371,386,390,405,409,412,414,416,418,419,427
71:5,9,11,12,20,23,27,35,37,39,49,171,72,75,90,132,155,158,162,166,170,175,183,197,212,239,252,259,264,284,288,291,313,314,319,321,323,326,340,343,345,349,360,365,386,387,389,400
72:1,2,15,29,37,40,41,44,71,109,82,83,88,93,94,96,101,103,104,107,121,122,123,126,129,146,169,194,207,221,224,226,227,230,246,248,249,261,262,267,269,270,287,300,302,306,307,308,321,322,324,330,331,344,356,357,359,360,361,369,373,379,383,395,406,417,418,421
73:2,4,5,18,31,33,49,61,63,147,74,86,88,95,123,124,174,178,187,188,199,210,211,213,215,221,222,226,228,242,247,249,251,260,275,282,291,299,309,312,331,336,351,354,372,375,379,381,390,404,411,429
74:14,15,22,44,45,47,50,51,52,55,58,63,65,67,73,303,75,88,97,100,108,116,130,134,135,151,161,162,167,169,170,176,192,204,208,225,232,238,241,250,254,258,269,278,280,300,302,309,312,313,318,348,368,369,371,375,379,402,405,407,410,418,420,428
75:0,4,8,12,15,26,31,37,50,51,63,64,67,71,74,262,83,91,92,96,99,129,145,146,147,148,175,185,187,189,190,193,211,213,222,223,224,235,250,256,271,274,277,280,281,284,286,288,300,314,318,325,342,345,346,349,360,364,366,371,389,408,428
76:1,14,24,28,35,38,40,42,48,68,219,83,87,89,111,116,123,127,129,131,137,148,194,197,203,204,210,214,224,227,263,264,273,283,285,288,296,300,312,316,320,321,322,325,326,349,364,393,401,424,425
77:10,11,12,16,19,23,24,31,32,39,42,50,57,142,85,88,96,109,118,119,133,140,144,148,152,164,175,179,182,183,193,195,197,212,213,214,241,257,262,263,285,312,313,316,323,326,335,336,347,380,388,391,393,396,426
78:1,5,13,14,18,24,27,40,46,54,225,99,103,114,128,130,143,162,168,173,178,184,206,208,210,218,231,266,275,279,305,313,320,323,325,334,339,346,353,361,380,392,401,412,418
79:1,9,13,15,19,24,43,52,59,61,407,88,90,94,101,104,106,108,110,117,124,127,128,137,141,144,149,161,163,164,169,187,189,192,202,209,210,222,239,260,265,267,279,285,292,301,306,308,312,315,330,331,336,360,363,365,366,368,371,375,376,388,406,418
80:5,32,49,59,64,165,102,117,136,141,161,171,185,194,199,221,226,230,237,266,274,283,291,304,305,321,324,325,328,332,340,342,347,359,382,400,403,414,416,424
81:7,13,19,22,31,38,41,48,51,60,62,255,84,95,114,119,129,134,142,155,156,181,190,195,214,220,226,229,234,237,243,246,254,259,261,276,277,295,299,302,309,310,317,320,321,340,347,348,349,352,380,383,395,397,411
82:2,6,14,19,27,29,31,37,44,61,70,72,350,83,87,94,97,105,132,133,138,143,154,158,178,199,207,208,210,211,213,214,223,227,236,242,260,297,301,308,309,319,325,351,352,354,356,357,369,387,391,398,406,413,414
83:7,22,33,58,60,61,69,72,75,76,82,356,111,120,122,125,133,146,151,155,156,157,165,168,178,199,207,214,215,218,219,236,242,249,266,268,294,296,298,307,314,324,326,327,337,345,347,352,354,358,359,363,365,385,386,403,405,422,425
84:9,20,35,43,44,50,52,59,62,69,81,114,92,97,98,99,102,108,110,119,126,127,128,144,154,159,163,164,170,179,184,196,201,228,233,241,244,257,264,278,282,289,298,310,328,338,342,356,372,385,386,393,397,402,403,407
85:0,1,9,13,15,18,23,25,29,48,61,64,69,77,358,92,99,124,138,141,143,146,160,188,189,192,204,217,224,234,235,236,237,239,255,290,292,296,307,308,311,313,314,316,328,329,364,368,370,375,394,401,406,410,412,413,421
86:3,18,22,27,28,32,43,47,51,69,73,364,92,113,122,127,131,137,156,160,166,172,176,192,194,218,219,220,221,224,239,243,248,260,263,270,273,275,276,277,282,283,314,323,329,337,344,373,381,383,400,402,404,409,410,412
87:5,11,14,15,24,29,40,44,57,58,66,76,82,123,89,94,95,112,114,124,140,145,165,167,187,188,208,218,226,239,245,247,252,253,260,273,281,296,299,326,332,357,360,367,368,380,391,401,407,418,425,429
88:13,15,28,32,50,59,65,66,70,72,73,74,77,79,212,94,96,98,100,115,127,138,143,145,148,152,187,189,200,209,211,229,238,239,244,245,248,253,255,273,281,285,301,311,313,322,329,350,352,363,367,388,395,398,408,428
89:6,19,47,51,53,76,87,199,94,104,124,133,141,153,161,163,181,190,194,196,213,219,220,269,281,295,296,297,320,331,335,346,353,356,359,366,375,413,417,422,427
90:0,3,14,15,24,26,33,48,53,60,67,71,79,395,107,115,116,119,140,149,158,162,164,167,174,180,183,186,189,203,218,227,235,239,240,242,248,259,261,278,289,301,303,306,311,312,315,324,325,340,341,380,386,388,411,413
91:9,55,64,65,75,134,101,105,117,128,131,152,158,163,166,181,184,187,203,204,218,224,226,239,254,257,268,286,296,302,333,338,347,351,362,372,400,402,408,415
92:6,7,18,21,28,42,46,48,50,60,75,84,85,86,313,94,103,124,126,141,142,146,149,151,155,161,167,176,182,207,236,250,252,262,282,290,316,324,341,343,347,361,369,370,374,391,398,407,411,425
93:22,24,28,31,38,39,59,60,66,72,393,104,107,110,116,130,137,144,153,158,176,177,191,193,195,197,214,216,219,230,233,235,252,255,258,287,290,291,313,324,331,361,378,384,386,387,395,398
94:7,8,11,17,25,46,55,72,79,82,87,88,89,92,418,110,120,129,132,139,140,143,146,148,160,183,184,186,187,192,193,208,209,213,222,232,235,241,269,278,282,296,303,310,314,320,347,362,373,379,384,394,403,404,405,406
95:8,14,16,18,20,31,39,50,57,63,68,73,81,87,320,101,104,117,120,131,137,138,139,140,141,151,168,169,174,180,189,192,194,202,224,225,243,248,279,300,302,308,334,337,349,357,382,393,395,400,410,411,413,422
96:5,8,13,19,21,27,41,52,62,72,75,77,88,353,98,105,108,112,119,120,136,145,155,156,173,181,184,194,196,199,226,229,232,233,234,238,244,255,257,258,265,274,283,284,285,288,290,292,295,297,305,308,316,324,329,341,351,371,388,390,403,407,412
97:0,7,10,18,21,31,35,41,50,57,74,82,84,109,100,105,114,124,127,140,182,190,212,220,223,234,250,259,260,267,268,280,294,299,301,303,307,315,337,341,355,368,372,375,384,388,392,414,427,429
98:10,11,18,25,39,56,66,84,88,96,103,116,117,127,135,138,139,145,159,161,176,177,187,212,213,215,218,226,229,239,240,244,254,285,289,297,298,299,315,321,329,336,343,353,364,367,373,375,377,381,386,392,394,397,406,415,417,425,429
99:7,14,22,35,54,56,60,61,67,68,70,75,78,84,85,247,108,116,127,129,131,151,158,163,170,174,183,191,206,212,214,224,238,242,280,281,284,285,316,318,320,322,330,344,378,394,396,397,406,415,416,422,428
100:18,20,25,27,36,38,42,44,62,66,74,88,97,167,105,110,111,117,127,143,145,154,164,168,174,186,193,218,220,227,228,245,252,289,291,297,305,308,310,313,324,329,334,339,357,365,370,371,373,376,378,386,405,416,419,427,428
101:6,11,18,23,28,32,37,38,47,65,72,79,91,95,405,103,106,111,116,120,125,127,131,143,194,195,200,209,210,218,261,265,272,292,310,314,318,321,335,343,371,384,387,388,403,424,425
102:2,23,33,37,40,44,47,54,55,80,84,319,109,118,126,132,134,135,139,152,156,157,161,163,169,183,187,190,191,201,205,208,222,224,237,251,272,274,281,289,297,307,317,330,331,348,359,366,372,377,381,387,388,394,408,409,419
103:0,5,7,10,11,23,35,50,52,69,72,78,92,98,101,420,112,113,114,115,120,125,131,134,166,167,168,178,179,189,195,221,246,247,248,254,269,270,274,279,283,302,304,305,309,318,320,330,331,332,334,352,360,365,369,371,379,388,399,404,411,416,417,424,427,428
104:1,13,19,23,45,53,55,58,61,65,68,70,72,79,89,93,95,233,108,114,123,130,133,138,139,151,157,159,163,190,197,200,208,213,218,220,227,231,232,234,246,249,250,262,273,288,302,320,334,339,340,342,343,344,347,353,362,364,367,371,378,398,400,420,424,425,428
105:0,21,25,46,48,54,55,63,64,69,82,91,96,97,100,148,128,130,132,133,152,175,179,186,190,201,207,215,225,227,229,245,263,265,273,306,307,325,333,338,340,346,349,351,368,377,385,394,403,421
106:13,15,24,25,35,36,62,65,79,101,345,140,158,159,160,168,173,176,184,185,188,196,200,216,238,245,256,263,264,270,281,298,299,300,301,304,308,311,320,328,331,333,334,340,348,350,362,364,372,382,383,389,395,401,402,417
107:9,17,31,40,65,72,90,93,277,108,110,112,121,124,132,134,137,138,143,148,152,160,162,163,165,180,188,190,205,218,221,238,245,248,253,254,257,261,272,274,279,283,290,292,306,342,352,353,354,377,378,382,386,389,404,415,420,429
108:17,20,29,47,49,61,64,67,74,79,84,96,99,104,107,366,112,130,137,138,146,168,196,224,227,228,238,243,252,255,261,271,275,276,282,297,304,305,320,322,335,336,347,353,359,381,383,384,385,399,403,404,409,411,418,424
109:4,12,13,17,26,37,50,56,60,70,72,77,97,102,154,110,113,117,120,122,168,173,193,211,214,215,216,223,229,231,238,239,242,244,245,256,259,261,273,282,283,285,295,309,310,319,326,335,336,341,346,348,349,350,359,363,372,398,419
110:13,23,31,34,40,48,61,62,67,70,79,84,93,94,100,107,109,399,113,131,150,156,160,163,165,167,187,199,248,260,271,277,284,289,293,295,312,314,326,327,351,369,378,381,382,383,384,387,389,391,393,413,415,416,423,425,427,428
111:1,6,8,12,17,27,58,60,76,83,100,101,401,117,118,120,132,140,159,161,169,171,186,194,207,208,209,215,218,226,238,242,257,279,288,291,295,305,307,314,318,322,323,336,337,343,360,372,376,390,402,403,415,416,419
112:4,43,46,64,69,87,96,103,107,108,350,115,125,126,155,161,168,177,178,181,185,189,202,208,219,224,226,241,242,244,247,256,267,276,277,309,316,328,331,336,338,349,355,358,396,404,412,417
113:2,15,20,22,29,31,43,52,56,62,70,86,103,109,110,371,118,120,124,140,149,162,173,180,186,195,220,222,233,239,245,256,257,260,269,271,275,277,291,300,308,310,319,322,337,341,374,383,387,389,398,414,417,421
114:15,32,36,38,44,52,55,65,78,81,84,87,97,103,104,429,120,121,143,157,162,166,172,178,183,197,198,200,202,210,212,223,227,232,242,250,253,267,275,278,279,288,302,313,316,320,334,348,353,369,373,374,382,384,396,415,417
115:2,5,17,25,28,58,61,70,88,90,103,112,321,118,128,146,147,180,181,193,199,209,210,211,213,233,240,255,264,266,282,286,294,296,298,308,315,318,320,322,327,328,341,355,359,386,387,390,393,398,401
116:0,2,3,10,23,26,40,47,56,60,74,76,90,93,98,99,101,268,117,119,121,135,139,151,160,183,189,191,196,214,215,223,224,229,245,248,253,254,286,308,319,323,345,367,373,384,389,396,411,426
117:20,43,46,61,63,65,79,80,91,95,98,100,109,111,116,382,123,125,133,135,150,155,163,166,169,170,183,186,190,192,194,198,235,237,239,247,256,274,278,307,314,320,327,328,330,336,344,347,350,354,369,376,381,385,388,413
118:3,4,5,17,25,39,52,65,67,77,102,111,113,115,381,124,137,144,146,152,158,163,189,192,205,206,217,242,246,251,264,276,279,282,287,296,304,310,320,331,337,351,357,362,366,379,386,391,396,399,401,403,410,426
119:0,4,5,6,10,24,34,48,52,64,68,77,81,84,90,96,116,231,137,144,146,147,148,163,169,170,182,191,198,204,208,222,228,235,243,248,249,257,261,278,285,291,299,305,312,316,317,322,323,345,359,360,382,387,396,400,405,408
120:7,20,47,59,83,94,95,96,101,103,109,111,113,114,413,136,137,147,204,207,212,224,225,231,238,242,244,245,264,265,268,274,327,330,337,338,350,352,372,384,394,395,401
121:3,7,16,26,30,54,72,107,114,116,338,130,145,156,158,168,170,175,189,195,197,204,206,209,210,225,235,240,241,244,248,291,295,300,301,303,313,355,366,372,389,400
122:27,34,35,46,51,52,65,70,72,83,86,109,391,123,132,133,135,143,148,155,161,163,169,178,198,200,201,202,215,221,226,238,240,252,261,273,281,285,290,303,310,312,317,331,332,364,366,371,372,377,387,393,399,408,419
123:15,24,29,45,49,51,67,68,72,73,76,87,104,117,122,280,125,129,135,138,149,154,155,162,164,178,181,193,216,224,225,227,251,253,275,277,283,284,285,298,304,309,311,314,335,341,343,349,372,388,396,398,399,415,426,429
124:11,19,25,31,39,52,53,54,65,69,73,79,85,87,89,92,97,107,113,118,221,129,142,143,152,153,154,161,170,180,187,191,193,195,226,228,229,233,236,238,241,262,271,275,289,292,300,304,315,323,324,338,344,362,421,429
125:6,7,10,13,20,40,52,54,56,66,83,101,103,112,117,123,252,127,130,131,138,141,148,155,157,172,175,176,179,182,187,197,198,199,200,210,212,214,216,218,221,229,232,237,242,246,255,271,275,276,280,307,318,319,322,344,354,360,363,373,386,397,398,408,421
126:5,6,7,9,11,13,18,20,39,42,59,61,67,70,72,84,92,102,112,373,131,135,139,159,164,170,201,204,223,233,240,242,244,245,262,284,285,292,303,304,305,321,323,325,327,338,344,345,358,361,380,394,400,404,414,418,419,429
127:6,9,23,49,55,60,63,64,76,79,84,86,88,97,98,99,100,101,125,412,130,132,140,156,163,167,168,169,184,185,196,209,226,233,251,254,256,287,288,294,299,306,311,316,317,319,325,326,351,353,373,391,402,403,407,409,421
128:19,21,24,38,60,66,78,79,84,91,105,115,401,134,136,144,146,165,175,199,205,208,215,231,246,248,266,279,280,297,305,321,344,352,366,373,377,391,392,395,398,406,421,425
129:0,6,20,25,33,39,41,49,63,65,72,75,76,81,94,99,123,124,245,131,136,146,159,169,174,176,186,188,195,207,213,216,226,243,266,274,276,282,283,284,285,287,290,305,306,309,316,317,323,324,331,355,372,387,400,402,414,419,421
130:1,24,32,34,38,44,74,78,93,104,105,108,121,125,127,335,134,144,148,150,151,161,163,167,174,197,199,220,223,226,233,241,243,248,256,269,280,286,298,301,305,307,310,315,317,320,329,337,347,356,363,379,383,385,396,403,404,406,413,414,422
131:5,29,30,35,44,57,60,76,86,91,95,99,101,103,110,125,126,129,369,135,141,160,165,173,174,179,181,187,188,193,201,205,219,220,224,230,232,234,237,243,254,257,265,290,291,292,294,296,297,305,310,312,320,328,337,341,359,366,375,376,377,385,395,397,403,420,424
132:6,9,19,22,24,26,29,35,37,47,49,55,71,82,94,102,105,107,111,122,127,296,135,137,154,157,172,177,190,191,193,205,209,220,225,230,243,244,263,286,288,289,294,308,328,329,351,361,399,404,405,407,413,416
133:5,6,9,14,21,22,27,31,37,41,56,70,77,82,83,89,104,105,117,122,311,136,139,140,144,162,165,166,173,174,177,179,181,191,192,201,206,208,212,221,247,251,263,268,271,280,289,297,304,322,325,326,333,337,348,349,350,361,362,365,367,370,372,380,385,392,402,407,415,418,419,426,427
134:4,24,26,37,55,74,81,91,102,103,107,128,130,380,137,145,154,155,158,162,163,169,171,183,186,188,206,221,223,228,231,236,252,255,259,277,289,290,296,298,302,311,314,317,320,324,326,341,346,354,356,359,365,377,381,399,401,408,413,426
135:1,12,39,43,54,68,74,98,102,116,117,122,123,126,131,132,160,137,139,156,157,158,176,186,193,195,198,200,223,224,238,240,243,250,261,280,287,292,304,307,316,328,333,350,351,352,354,366,393,401,409,415,424,427
136:3,12,16,22,42,48,80,96,120,128,129,133,311,151,162,166,174,187,195,202,210,237,244,245,265,266,267,272,292,307,310,326,341,342,343,352,357,359,371,384,398,400,413,420
137:3,11,17,28,33,36,46,51,53,59,61,67,76,79,86,93,95,107,108,118,119,120,132,134,135,208,143,153,158,160,170,174,176,182,197,211,216,236,248,259,275,276,278,283,289,291,294,301,311,326,337,341,357,371,373,376,387,388,394,399,401,402,404,407,412,413,415
138:9,19,29,48,50,62,63,82,85,88,95,98,104,107,108,123,125,239,158,165,175,182,202,204,205,214,215,221,222,224,226,235,240,241,248,253,258,264,271,287,299,304,314,330,334,336,344,351,352,357,363,366,369,373,374,376,395,402,411,416,429
139:6,7,19,28,60,64,94,95,98,102,104,116,126,133,135,341,140,147,152,158,159,160,163,170,176,177,178,181,183,193,195,201,210,217,221,223,225,233,244,266,267,268,283,288,293,309,310,313,321,333,350,361,371,376,386,391,397,399,402,411,412
140:12,13,14,17,27,39,43,47,61,68,70,77,87,90,94,95,97,106,111,113,127,133,139,207,141,149,152,157,159,169,176,184,190,195,199,211,215,223,226,232,235,236,237,246,248,253,267,275,277,278,287,304,311,325,333,335,347,350,358,359,361,371,380,405,407,410,416,427
141:1,11,21,28,32,35,39,41,42,79,80,85,89,92,95,125,131,140,180,149,159,162,169,191,198,204,205,210,219,230,236,238,255,263,268,270,282,288,299,309,313,318,336,338,346,349,350,354,359,362,377,379,388,391,397,398
142:10,18,30,49,51,53,66,69,77,81,92,124,178,145,148,161,163,166,167,171,174,177,193,194,209,210,211,212,224,225,231,244,248,249,250,252,260,263,266,277,287,289,290,291,296,299,316,325,327,330,334,337,346,347,360,361,386,405,406,418,424,428
143:5,14,25,26,30,32,38,45,51,78,82,85,88,94,100,101,107,114,122,124,137,279,144,153,162,163,171,177,180,185,187,193,212,214,218,219,226,227,228,231,240,252,254,258,306,316,337,340,346,361,371,375,381,383,384,387,389,391,403,422,425,426
144:3,13,15,19,26,44,51,67,77,79,84,93,118,119,128,130,133,143,370,145,146,147,149,177,183,184,188,193,195,214,216,218,222,235,236,245,246,249,257,264,266,268,269,273,283,298,304,322,330,355,368,369,380,384,392,395,408,414,429
145:5,9,23,24,27,44,48,75,87,88,96,98,100,121,134,142,144,387,147,149,152,156,164,190,210,211,217,226,228,229,231,261,264,265,274,277,293,296,304,314,315,341,343,351,359,361,379,382,393,405,407,410,414,418,420,421,425
146:4,6,18,24,25,43,60,65,70,72,75,83,85,92,94,108,115,118,119,128,129,144,314,177,184,206,228,229,241,246,258,261,270,285,286,290,296,305,309,311,312,315,319,327,333,336,342,348,361,362,363,366,375,383,386,395,410,415,423
147:3,12,20,24,31,40,73,75,115,119,120,139,144,145,307,150,159,161,165,167,170,178,182,185,201,208,216,217,219,223,248,256,265,269,271,298,301,325,327,341,348,361,366,367,382,384,397,399,408,410,412,413,414,417,418,419,421,428
148:0,21,25,31,45,47,49,52,70,75,76,77,88,94,105,107,119,122,125,130,142,349,151,167,168,174,175,180,192,194,195,198,212,220,234,237,246,247,255,270,275,278,282,287,290,323,359,367,370,395,396,397,398,401,413,420,425,429
149:11,19,23,24,35,40,43,44,52,67,79,90,92,113,123,140,141,144,145,183,155,180,182,202,211,213,235,236,250,270,274,283,297,300,304,327,367,380,386,408,428
150:2,3,8,10,11,14,21,22,23,27,43,44,50,52,54,69,110,117,130,147,350,154,159,160,172,175,203,205,210,218,222,232,248,250,276,279,293,297,307,310,317,327,331,333,337,338,341,347,349,383,389,392,396,406,428
151:2,15,18,28,39,41,47,52,54,60,65,70,74,83,92,95,99,104,116,130,136,148,368,157,159,162,205,213,216,237,249,267,287,301,373,380,386,394,395,408,428,429
152:0,3,12,15,17,23,60,66,69,77,88,91,102,105,107,118,124,139,140,145,187,157,166,186,192,196,200,201,206,212,216,218,229,257,258,259,264,273,284,286,292,300,307,312,314,320,322,324,342,360,362,380,391,401,407,410,411,419,428
153:13,29,55,69,89,93,124,137,143,320,170,179,194,197,215,224,229,232,241,253,255,260,268,277,280,300,301,336,345,346,367,379,382,384,387,395,409,415,416,423,428
154:0,45,46,63,64,68,82,84,100,109,123,124,132,134,150,410,183,188,189,207,209,211,229,234,236,264,274,280,285,293,303,305,313,317,319,323,332,338,342,380,385,391,397,402,405,407,422
155:8,13,22,27,36,45,46,47,56,58,61,70,71,81,83,92,96,112,117,122,123,125,134,149,350,163,171,180,195,196,203,204,208,215,254,263,269,285,293,304,306,309,312,313,316,324,330,332,336,337,353,354,355,380,382,388,395,409,420
156:11,16,27,36,37,43,51,55,57,61,64,81,83,86,96,102,110,121,127,135,145,254,166,167,189,195,199,221,229,232,242,257,260,271,277,289,295,303,311,327,346,352,358,360,383,406,407,424
157:4,26,31,37,68,83,102,104,114,125,132,135,140,151,152,198,159,160,170,172,175,179,186,189,190,221,236,239,247,250,253,257,267,271,272,273,274,291,300,302,303,307,309,321,333,358,360,400,403,405,410,427
158:1,4,5,22,25,27,37,41,47,49,50,54,57,61,71,82,90,91,93,99,106,118,121,134,135,137,138,139,396,172,174,177,205,212,226,232,234,238,245,253,267,288,298,307,315,320,328,342,347,352,355,358,366,369,378,382,394,401,406,408,411,418,424
159:10,15,20,34,47,48,53,68,84,98,104,106,111,126,129,139,140,141,147,150,151,157,279,167,174,191,202,207,209,219,231,251,255,265,273,290,303,307,311,319,327,336,340,355,375,381,384,390,391,400,402,407
160:3,4,9,15,20,39,41,42,47,55,56,61,65,85,86,94,106,107,110,116,131,135,137,139,150,157,276,164,166,170,179,184,187,188,189,190,209,210,213,216,224,228,234,239,249,251,259,269,273,283,284,288,292,299,300,310,313,321,324,330,332,347,348,349,352,363,367,372,379,384,392,398,408,414
161:1,3,11,15,16,22,24,33,59,61,67,74,79,80,89,92,98,102,111,112,122,124,130,142,147,212,169,176,177,188,194,197,198,222,223,225,245,247,249,258,261,264,283,298,299,300,302,309,331,333,349,357,361,365,380,385,387,389,425,428
162:2,18,23,34,48,50,71,74,78,90,107,113,114,123,133,134,136,141,143,151,194,165,166,173,191,198,239,243,264,267,269,273,276,280,281,286,296,299,308,310,320,321,342,356,358,371,372,375,377,386,391,393,421
163:2,5,41,53,55,57,79,84,89,91,99,102,104,107,110,117,118,119,122,127,130,134,139,142,143,155,429,167,170,171,192,200,212,220,226,251,262,264,289,294,299,303,309,315,316,336,347,351,355,383,399,402,406,416,422,428
164:1,3,5,9,11,13,18,31,34,43,46,57,59,77,79,84,90,100,123,126,145,160,244,167,168,171,183,186,199,204,211,217,218,224,232,249,255,268,274,279,299,300,309,312,317,320,323,368,380,389,395,400,402,413,419
165:2,6,8,11,15,25,52,57,59,65,68,69,80,83,87,107,110,128,131,133,138,147,162,247,172,180,198,201,207,218,221,232,235,254,270,272,278,279,281,284,291,294,299,309,311,315,343,348,355,366,385,396,397,406,429
166:9,10,22,27,38,53,54,56,67,71,86,91,103,114,117,133,136,142,152,156,160,162,346,176,182,187,203,211,215,224,225,227,235,263,267,268,271,279,281,284,298,302,304,318,322,323,325,329,330,331,340,342,344,353,362,366,368,371,405,417,420
167:12,20,21,30,32,36,39,45,46,56,59,66,68,69,74,87,90,92,100,103,110,127,130,142,147,148,156,159,163,164,315,169,181,188,194,197,204,206,207,209,218,221,227,235,245,253,267,273,274,280,281,291,293,294,296,297,301,309,313,329,331,339,355,356,368,373,375,380,385,395,396,400,404,405,407
168:18,22,24,29,33,37,54,61,78,83,95,100,103,106,108,109,112,121,127,148,164,351,171,180,181,183,185,188,189,193,195,199,221,226,231,233,246,251,256,258,262,279,280,293,294,295,296,309,312,323,335,336,337,338,344,358,376,377,383,385,387,388,394,410,418,421
169:1,9,10,11,13,14,15,22,36,39,64,72,74,79,95,102,111,117,119,122,127,129,134,140,141,161,167,185,175,176,181,182,187,188,221,225,230,237,239,258,276,312,324,328,340,342,347,348,349,351,358,362,368,369,395,414,420,426,427
170:3,6,10,19,20,45,47,54,65,71,74,84,99,117,119,121,124,126,137,139,147,153,157,160,163,351,178,184,185,186,192,207,208,217,237,243,276,280,285,294,301,303,325,328,341,346,350,357,363,366,369,384,387,394,400,419,426
171:6,10,12,34,36,39,45,51,53,56,68,71,80,111,134,142,143,155,163,164,168,324,194,195,197,224,226,228,238,246,274,281,293,302,314,320,327,340,352,366,367,391,392,414,415,416,423
172:13,17,19,40,57,60,64,86,114,125,132,150,157,158,165,325,188,192,193,201,206,208,216,220,227,229,234,255,281,284,297,308,319,321,324,336,387,392,399,406,424,428
173:11,12,20,26,39,54,63,78,96,106,109,113,131,133,162,229,183,188,197,199,201,217,219,221,238,240,249,250,258,259,278,285,292,298,302,311,315,316,321,323,335,347,357,365,366,381,396,400,417,424,427
174:19,37,39,60,66,67,73,90,95,99,100,129,130,131,133,136,137,142,148,158,159,251,195,198,202,219,226,234,240,244,249,256,259,262,263,285,310,321,335,343,350,361,362,365,390,405,412,416,422,428
175:11,12,17,19,25,38,52,63,64,70,71,75,77,105,121,125,128,138,148,150,157,169,381,178,182,189,197,210,221,238,242,257,258,262,263,273,293,299,304,330,331,336,340,358,366,368,388,389,394,397,407,429
176:5,24,38,46,59,69,74,86,92,93,98,106,125,129,135,137,139,140,161,166,169,356,187,188,205,206,212,215,216,220,238,250,253,254,261,269,272,277,282,291,295,299,301,310,311,316,321,333,337,342,348,363,365,376,392,403,420,429
177:13,18,24,27,30,36,37,43,63,93,98,112,132,133,139,142,143,144,146,158,161,262,182,183,195,242,251,255,263,271,279,281,323,325,339,345,346,347,362,372,381,391,392,394,407,409,418,420,424
178:8,21,26,41,42,44,51,53,61,64,73,78,82,83,103,112,114,122,123,139,142,147,170,175,268,183,184,201,220,225,227,232,240,244,253,257,259,266,290,312,336,339,345,346,360,371,380,382,383,385,390,400,405,406,419
179:1,2,10,15,17,18,20,30,32,33,39,41,53,58,62,66,77,84,103,105,125,131,133,153,157,160,191,194,200,202,203,209,215,219,220,239,242,243,248,250,252,255,258,260,270,285,298,301,304,319,320,341,347,358,369,380,383,384,394,408,411,414,419,428
180:17,35,49,61,63,90,95,107,113,115,124,141,143,148,149,155,165,168,370,182,191,198,214,228,234,237,238,279,283,293,298,304,307,320,325,330,339,344,369,373,389,392,398,409,411,417
181:1,4,11,17,27,30,32,43,63,81,89,91,96,112,115,123,131,133,139,167,168,169,421,183,186,196,209,218,224,250,272,276,278,285,292,296,304,307,310,312,325,333,357,373,376,381,391,392,393,396,402,418
182:1,9,14,19,20,32,33,58,62,68,77,92,97,119,125,137,138,147,149,166,169,175,177,180,239,187,188,194,196,198,205,207,211,217,234,235,242,243,245,249,272,281,290,298,301,307,309,315,320,329,339,356,358,363,364,365,366,378,389,390,394,399,405,410,411
183:10,13,14,17,20,48,50,66,71,77,90,94,99,102,114,116,117,134,139,144,149,154,164,168,173,177,178,181,208,189,209,224,250,259,270,276,280,287,303,328,333,334,350,374,377,378,383,386,391,393,395,402,406,414,419
184:5,6,11,23,27,28,29,30,34,37,40,62,65,78,84,91,94,96,106,127,140,144,146,160,170,178,361,195,197,203,208,209,213,235,240,252,253,270,271,275,278,291,293,298,309,310,313,314,320,324,332,337,339,358,362,365,369,380,384,389,390,395,402,404,415
185:2,3,9,17,20,36,37,38,41,59,62,70,75,80,106,112,127,143,147,168,169,170,308,189,190,199,205,207,211,219,230,239,243,254,271,280,281,290,295,296,299,329,342,347,358,376,378,381,386,396,405,413,421
186:11,32,39,53,64,69,90,94,100,105,111,113,117,129,134,135,152,157,164,170,181,300,188,191,193,195,196,198,204,213,214,228,231,239,248,251,264,269,277,283,284,289,291,294,297,298,305,315,326,336,340,345,347,373,378,393,425
187:1,11,18,19,23,35,38,44,63,70,73,75,79,87,88,91,94,98,102,110,124,125,131,136,143,152,160,166,169,176,182,242,205,210,220,248,256,263,267,272,286,306,312,317,335,346,351,354,361,369,375,384,405,407,408,414,419
188:18,28,39,41,52,54,59,73,85,87,106,107,129,131,134,144,154,160,161,167,168,169,172,173,176,182,186,328,189,193,198,200,205,210,234,240,248,250,265,269,270,283,292,295,307,313,322,342,348,367,400,404,405,406,415,421
189:0,1,2,5,13,16,23,32,33,48,53,55,67,75,79,85,88,90,95,103,112,116,118,121,154,156,157,160,168,175,183,185,188,406,228,232,236,243,245,251,265,267,277,292,312,314,322,329,337,348,354,358,359,367,375,376,394,409,411,412,414,418,421,429
190:17,30,32,34,37,43,56,63,75,81,89,97,102,104,105,107,117,132,140,145,157,160,185,308,209,210,217,221,231,241,250,259,263,265,287,301,316,321,325,326,329,341,343,345,366,367,378,388,389,406,420,421,423,425,427
191:2,11,18,24,27,44,48,56,60,66,93,99,102,116,119,124,132,133,141,159,162,179,180,186,335,206,208,217,221,246,248,285,301,307,334,339,345,346,354,357,358,366,367,368,369,370,386,387,391,404,414,416,424,429
192:5,15,16,18,19,32,39,41,51,60,70,74,79,85,86,94,95,117,118,133,148,152,163,170,172,250,204,206,208,218,228,233,251,258,260,269,270,277,278,282,283,287,298,316,318,320,322,329,339,341,390,394,397,414,417
193:1,4,9,10,18,25,27,31,36,50,52,75,77,93,94,100,109,115,123,124,131,132,135,139,142,143,144,168,172,186,188,258,197,203,206,211,248,269,282,289,297,300,307,314,317,320,323,324,325,326,333,350,351,357,369,370,374,375,386,397,400,403,405,415,428
194:0,2,9,38,47,49,54,55,68,72,76,80,86,89,95,96,101,111,117,142,148,153,161,162,167,171,179,182,367,197,202,211,216,219,228,231,237,243,252,260,261,262,267,277,294,303,304,312,313,322,327,352,366,378,388,393,403,412,416,419,425
195:0,20,34,49,54,58,59,64,68,69,77,81,93,101,103,113,121,124,129,135,136,139,140,144,148,155,156,168,171,174,177,184,186,352,198,214,219,227,245,247,250,256,263,264,268,277,289,291,294,295,302,315,317,320,323,326,337,342,353,363,370,372,378,385,388,392,393,403,415,425,426
196:2,3,5,6,19,23,38,39,46,47,52,63,65,84,89,96,106,108,116,127,152,155,181,182,186,395,197,205,211,228,236,238,245,251,258,267,295,303,311,324,325,342,366,367,374,378,379,383,394,396,416,423,426,429
197:4,8,12,19,24,31,48,49,56,68,71,76,77,93,104,114,121,125,130,137,153,161,167,171,173,175,184,193,194,196,213,204,221,225,247,252,267,276,290,298,303,306,316,333,335,339,375,398,404,429
198:10,15,57,59,69,114,117,119,122,125,135,141,148,157,161,162,165,174,180,182,186,188,195,418,203,205,208,217,226,229,235,241,243,249,254,278,290,297,307,310,321,334,339,342,350,351,355,360,361,371,375,382,393,398,416,419,420
199:2,4,20,30,31,48,52,58,60,61,65,73,80,82,83,89,96,110,115,125,128,130,140,156,164,168,173,185,336,228,235,267,268,271,272,273,296,310,314,318,326,332,347,350,358,373,381,383,397,401,408,413,414,424
200:48,49,53,55,56,66,88,101,104,106,114,122,125,135,152,163,179,188,216,202,214,218,220,228,240,252,260,263,274,291,306,317,324,326,327,344,350,351,356,358,386,391,392,399,402,419
201:19,21,26,59,84,102,105,122,126,131,133,139,147,152,165,172,173,178,413,204,207,208,215,226,237,238,241,263,269,276,288,300,307,308,330,336,345,348,354,382,387,415,416
202:16,32,41,50,56,62,63,79,95,112,114,122,136,138,149,159,174,179,194,200,408,205,206,214,217,228,232,274,282,291,295,298,302,304,309,316,322,324,333,338,360,377,380,382,390,396,405,407,426,428
203:3,4,16,18,21,26,30,31,40,51,59,61,76,90,91,150,155,166,179,184,193,198,331,206,209,211,212,215,230,233,237,251,264,266,274,275,276,290,294,324,325,327,332,335,357,362,364,370,403,410,425,429
204:19,21,22,31,35,42,61,63,66,74,76,85,91,119,120,121,126,138,141,155,164,167,186,192,197,201,290,207,217,222,224,230,233,234,235,247,251,253,254,259,269,274,282,301,303,325,342,353,363,403,415,427,429
205:1,11,15,17,18,20,23,34,39,47,48,51,52,56,64,102,107,118,128,131,132,138,141,150,151,158,176,182,185,187,188,196,198,202,231,206,218,222,223,232,247,256,257,276,299,301,313,318,320,323,326,334,362,400,407,417,419,422
206:8,15,32,39,45,62,67,78,99,118,121,133,134,146,152,167,172,176,191,192,193,202,203,205,271,209,221,230,231,233,234,237,244,252,265,270,293,299,307,318,322,330,345,352,355,391,394,403,410,426
207:26,50,53,72,82,83,92,105,111,120,129,140,154,159,165,167,170,182,185,201,204,317,209,223,235,240,248,250,255,258,266,268,277,289,319,329,346,353,356,359,362,373,378,382,385,396,405,407,428
208:20,48,55,60,65,74,78,82,87,94,102,104,111,112,119,128,133,137,147,155,170,172,183,184,191,192,198,201,249,212,233,234,238,250,254,256,257,277,280,281,287,289,296,313,314,317,318,320,333,353,359,360,372,396,400,405,406,410,412,414,423
209:1,9,16,33,35,52,67,69,70,79,88,94,101,111,115,121,127,132,142,154,159,160,167,179,181,183,184,190,203,206,207,348,217,222,226,227,240,252,277,292,293,303,319,323,325,340,355,366,368,373,391,398,403,407
210:4,21,33,37,48,49,52,54,66,70,73,76,78,79,82,101,114,115,121,125,136,139,141,142,145,150,160,175,187,188,190,224,211,212,214,215,218,230,258,261,262,284,286,299,301,305,311,314,326,338,352,363,372,378,382,386,396,397,404,406,409,411,412,414,417,419,420,429
211:4,9,18,53,54,59,60,64,73,75,82,88,109,115,137,140,142,145,149,154,164,166,182,185,193,194,196,203,210,327,213,220,222,228,243,255,263,277,310,315,336,353,356,364,374,383,406,414,422,424,429
212:7,20,24,26,30,39,42,51,57,58,64,66,68,69,71,77,88,97,98,99,114,120,125,133,142,143,148,152,158,161,163,176,203,208,210,298,216,232,238,244,247,248,253,257,262,275,277,282,289,291,294,297,302,307,312,315,316,318,321,323,326,329,357,359,363,377,383,398,409,425,426
213:10,11,26,30,34,40,45,52,55,60,68,73,75,77,82,89,94,98,104,115,129,149,151,160,184,186,197,211,380,214,215,238,243,244,250,258,259,271,314,340,341,343,359,388,411,418,420,423,427
214:3,14,21,40,41,44,47,50,51,68,76,77,81,82,83,93,99,109,116,125,138,143,144,180,186,195,200,202,210,213,320,215,216,235,236,237,247,249,263,280,282,307,317,322,324,331,348,369,376,407,411,414,421,425
215:0,7,13,31,44,45,61,65,70,73,83,98,105,109,111,116,122,128,138,140,153,155,166,176,179,201,203,210,213,214,415,218,220,225,231,239,241,251,262,275,299,301,304,308,326,340,356,378,383,422,424
216:4,7,28,41,43,45,53,59,62,93,106,109,123,125,129,137,144,147,151,152,160,172,176,194,200,212,214,305,217,234,242,251,255,259,260,263,279,289,296,324,343,347,368,373,391,397,413,421,422,427,429
217:0,16,19,54,85,118,139,145,147,164,170,173,182,190,191,198,202,204,209,216,249,224,225,227,234,244,250,260,270,277,294,302,312,326,334,337,342,343,350,351,359,360,363,365,403,407,415,428
218:12,15,32,37,45,68,78,83,86,87,90,91,98,100,101,104,107,111,125,143,144,150,152,164,165,167,181,192,200,205,210,215,427,223,224,233,244,250,254,267,271,279,288,289,290,310,312,323,326,331,355,357,364,367,371,376,391,393,413
219:0,6,10,12,16,33,38,65,76,83,86,89,93,112,131,141,143,147,159,173,174,179,185,194,195,415,223,225,227,230,233,236,248,294,298,305,315,327,328,345,378,381,386,394,396,411,422,423
220:0,11,19,48,65,81,86,89,97,100,104,113,130,131,132,148,163,172,176,178,179,187,200,211,215,282,225,243,246,264,265,270,272,275,288,289,293,306,313,314,323,336,342,351,354,374,376,388,392,397,404,412,415,427
221:3,5,6,12,14,19,25,34,39,43,46,49,53,54,56,59,64,69,72,73,80,86,103,107,122,124,125,133,134,138,139,156,157,165,167,168,169,173,175,190,191,197,206,368,225,241,253,262,265,291,292,301,311,337,351,361,377,392,395,398,411,425
222:2,4,33,42,59,61,66,67,73,75,79,94,102,113,119,138,144,150,161,204,205,209,211,313,232,250,276,287,303,305,312,316,324,338,339,346,348,358,365,367,368,385,389,394,395,416,420
223:8,11,17,22,41,42,47,49,50,60,75,82,97,109,114,116,126,130,134,135,139,140,147,161,205,207,218,219,261,224,232,247,276,287,322,340,345,347,348,364,373,376,380,387,392,406,415,416,427
224:3,6,10,12,14,15,21,25,27,32,38,55,63,65,67,72,75,76,85,86,91,95,99,102,108,112,116,120,123,131,135,138,142,153,160,164,166,171,181,183,204,210,217,218,223,389,235,241,249,258,265,273,288,297,330,333,343,390,393,395,399,406,409,415,422
225:2,18,21,29,32,33,36,41,43,47,69,74,78,95,105,120,121,123,132,139,142,161,166,169,178,197,215,217,219,220,221,359,226,232,252,262,266,267,274,276,277,281,283,295,298,305,310,322,325,329,330,332,356,365,371,381,383,388,401,403
226:0,15,18,22,26,46,48,53,57,66,69,70,72,73,80,81,87,91,96,98,111,112,122,124,127,129,130,138,140,143,145,158,163,168,171,174,198,201,209,225,373,232,235,237,242,251,257,271,276,288,295,301,315,320,325,327,328,335,341,345,348,359,361,377,398,401,409,410,412,414
227:20,33,53,72,76,82,90,100,104,105,108,114,123,143,166,167,172,178,195,209,217,219,352,240,242,250,254,262,275,294,306,321,332,338,342,379,390,392,397,415,417,421,427,429
228:20,26,32,42,44,47,57,68,73,84,100,108,119,124,134,143,145,146,160,171,180,186,189,192,194,196,199,200,202,211,390,235,241,243,244,254,263,284,292,294,305,310,317,319,322,330,341,352,362,368,370,378,392,398,405,406,414,418,419,421
229:2,8,19,23,38,40,46,51,52,57,59,65,66,81,88,96,98,105,109,116,124,125,145,146,152,153,154,156,172,173,198,327,236,241,253,255,257,272,285,305,307,310,320,340,357,368,369,374,382,392,401,407
230:3,25,26,29,33,45,47,59,62,66,69,72,80,93,131,132,141,169,185,203,204,206,210,219,251,231,236,246,247,254,265,273,288,293,296,302,308,311,320,321,324,325,337,338,344,362,363,365,369,376,385,387,405,406,410,414,416,417,418,419,423
231:9,17,19,32,48,52,58,60,78,104,109,119,120,128,134,142,143,145,159,168,186,190,194,205,206,215,230,259,236,242,253,273,290,291,298,306,319,324,325,328,329,331,332,341,346,358,370,385,395,407,415,423
232:3,6,9,24,25,29,31,37,38,49,55,57,61,70,74,94,96,104,114,125,131,140,150,153,156,158,164,165,178,189,202,205,212,222,223,225,226,262,236,252,264,268,269,271,280,288,290,291,300,307,336,338,339,342,346,374,397,402,410,425
233:12,16,40,45,52,58,59,65,84,93,96,104,113,115,124,126,127,130,139,168,192,203,204,206,208,218,219,391,239,248,254,264,265,271,276,279,284,287,296,312,315,319,325,341,347,350,364,371,386,399,414
234:8,18,19,21,30,39,46,51,57,58,81,85,96,97,104,131,148,154,158,160,172,174,180,182,188,204,206,208,216,217,428,244,252,285,293,295,303,309,318,322,323,338,349,350,353,362,380,383,385,427
235:12,32,36,38,45,53,60,75,85,90,93,94,117,119,121,138,140,144,149,165,166,167,182,184,198,199,204,207,214,224,226,228,259,248,251,274,280,283,297,299,300,312,316,324,327,332,355,358,363,385,389,410,420
236:0,11,13,14,18,24,27,28,29,32,41,43,57,64,70,82,83,85,92,124,134,137,140,141,144,149,154,157,189,196,214,219,229,230,231,232,429,249,251,258,264,270,271,286,292,302,310,337,344,345,369,382,383,396,407,412,422,424
237:3,23,68,80,81,85,102,117,125,131,136,140,148,151,169,170,180,194,201,203,206,214,226,297,240,255,259,275,284,294,299,301,304,306,316,320,334,344,354,356,359,370,374,378,379,380,384,389,410,415,418,426
238:3,12,19,20,21,22,30,40,48,55,58,59,74,88,96,99,106,107,108,109,111,120,122,124,135,141,158,171,173,175,176,180,196,201,208,212,213,407,243,254,256,257,266,272,283,291,299,302,316,317,325,353,355,363,369,384,385,389,399,404,415,422,423
239:4,20,24,26,35,40,41,43,54,67,69,71,79,85,86,87,88,90,91,98,109,113,117,138,157,160,162,169,179,182,185,186,215,233,393,248,254,281,293,302,307,325,327,347,350,357,360,385,386,391,398,400,413,417,421
240:0,1,16,29,34,36,39,41,43,46,47,61,63,90,98,115,121,122,126,135,138,143,173,174,178,184,188,200,207,209,227,237,249,256,263,264,267,291,292,301,303,307,311,317,330,332,339,344,363,366,378,379,385,392,396,400,409,419,422
241:6,30,36,43,47,61,64,74,77,84,94,112,121,124,130,138,146,153,190,198,201,215,221,224,228,229,266,251,257,271,279,283,294,298,309,311,315,316,332,337,352,361,363,369,371,378,397,400,405,410,413,414
242:23,24,28,29,46,53,73,82,83,90,99,109,111,112,114,118,120,125,126,156,175,177,179,182,187,216,226,227,231,372,256,270,277,279,281,297,305,309,312,317,322,325,331,338,348,351,355,357,359,362,384,386,392,405,427
243:1,17,19,44,63,65,69,81,86,95,108,119,129,130,131,132,135,162,170,179,182,185,189,194,198,211,213,220,228,238,407,257,258,259,262,272,276,277,283,284,289,308,316,320,323,325,326,335,336,341,348,349,366,393,395,406,417,423
244:6,10,13,16,18,23,37,40,51,84,88,96,98,109,112,120,121,126,132,136,139,142,164,174,178,206,212,213,217,218,228,234,353,261,268,272,276,280,291,296,301,313,324,339,341,345,352,358,361,367,383,403,411,421
245:5,9,40,42,54,61,66,67,68,69,87,88,100,105,106,107,109,113,116,120,126,129,136,144,158,161,167,182,189,195,196,386,257,260,273,284,288,296,301,310,314,315,318,322,331,338,347,353,376,390,391,420,421,422,425
246:13,19,23,36,38,39,50,55,63,67,72,81,103,104,118,125,128,140,144,146,148,168,171,191,220,230,282,257,258,265,270,281,298,327,335,338,341,344,345,352,353,354,360,363,365,381,382,392,397,400,404,406,412
247:4,7,10,11,21,23,31,35,47,54,55,68,73,87,99,103,112,117,133,148,157,161,165,195,197,204,205,212,214,223,230,428,259,260,267,285,286,287,294,301,309,311,314,318,320,332,343,346,355,365,378,381,384,390,391,413,420,423
248:2,21,26,36,41,43,47,62,63,67,72,86,88,90,95,103,107,110,116,119,121,128,130,137,138,140,142,147,150,179,186,187,188,191,193,207,212,219,233,235,239,407,255,280,282,283,288,295,296,299,305,308,320,321,328,335,345,351,359,362,363,364,366,378,381,386,403,405,413,417,422,423
249:7,13,23,27,39,59,60,65,72,73,83,104,119,142,144,151,160,161,164,173,174,182,198,208,214,217,224,236,240,268,273,286,295,300,305,306,308,311,312,319,323,330,333,345,347,349,356,370,375,379,380,384,394,408,423,424
250:23,36,38,54,61,69,74,75,92,97,104,114,135,142,149,150,157,173,176,179,181,183,188,190,192,195,207,208,213,217,218,222,227,272,259,260,265,271,273,275,278,279,280,294,295,304,305,314,326,328,330,331,334,356,374,390,406,419,427
251:2,6,9,24,41,55,57,58,73,102,118,123,127,133,159,160,163,168,174,177,186,189,192,196,203,204,215,216,226,230,235,236,241,372,268,273,277,287,288,290,295,299,300,316,317,328,337,340,341,343,365,380,381,394,404,409,411,429
252:13,18,21,24,25,28,42,46,47,53,59,60,66,71,87,92,93,100,108,122,125,134,142,143,179,184,194,197,200,206,209,225,232,234,334,256,257,260,267,270,282,294,304,314,328,349,350,356,380,388,391,393,396,416,425,427
253:25,34,46,52,54,55,57,62,67,87,88,107,114,116,123,138,140,153,157,158,167,176,178,184,204,212,221,229,231,415,262,267,280,283,294,295,309,322,335,347,349,352,353,358,364,367,370,376,377,378,379,416,419,428
254:16,20,21,31,34,51,55,74,81,91,98,103,107,116,127,131,143,155,156,165,176,185,198,204,208,218,227,228,230,233,238,239,262,255,259,272,291,292,294,297,306,313,325,344,356,359,372,373,376,378,403,405,419
255:0,2,5,7,15,22,54,62,66,70,81,85,88,93,96,108,115,125,134,141,148,153,159,164,172,177,179,207,211,216,229,237,248,254,366,258,274,280,289,293,294,298,309,311,320,323,330,354,357,368,372,386,388,395,409,412
256:1,7,9,17,22,25,36,52,58,75,106,109,112,113,117,127,130,147,168,174,187,195,205,208,238,240,242,252,301,259,262,266,277,280,282,285,293,295,306,310,311,338,342,355,358,362,364,366,378,385,389,397,399,401,423,424
257:13,15,17,19,30,40,43,57,67,68,77,84,91,96,107,111,113,119,131,144,152,156,157,175,178,205,208,212,226,229,238,241,243,245,246,252,413,262,266,275,278,287,293,294,295,304,311,341,365,368,372,390,391,393,395,422,424
258:0,9,16,25,26,31,36,46,60,64,74,93,96,138,143,146,152,161,168,169,173,175,179,192,193,196,207,210,213,224,236,243,246,255,317,259,279,280,285,288,289,291,296,307,309,310,311,312,329,348,356,374,382,384,387,394,395,408,409,415,423
259:2,3,4,10,15,23,26,50,55,57,58,69,71,81,90,97,109,134,137,152,160,173,174,178,183,190,204,213,216,231,235,237,243,247,250,254,256,258,314,261,265,270,294,299,311,316,322,324,326,331,334,358,378,380,384,394,396,397,398,402,404
260:5,6,21,35,36,49,50,52,58,73,79,82,86,87,97,110,113,142,153,156,179,192,194,200,216,217,245,247,250,252,369,285,297,298,310,322,325,345,355,360,362,364,381,389,407,413,419,428
261:2,3,8,11,13,18,19,40,44,45,49,54,57,59,61,68,72,81,90,101,107,108,109,119,122,135,145,146,161,176,194,210,223,244,259,263,278,281,291,293,296,302,303,312,314,331,339,354,359,361,364,370,372,387,389,390,391,392,408,413,428
262:2,5,9,36,45,49,63,64,67,72,75,77,92,104,124,126,163,168,174,175,177,194,210,212,215,221,225,227,232,243,253,254,256,257,409,271,272,299,311,318,335,341,355,360,361,375,378,382,388,392,393,397,403,423,426
263:9,29,48,64,68,70,76,77,86,105,106,132,133,141,142,155,166,174,175,177,187,190,195,200,201,211,214,216,228,240,261,413,270,281,290,299,301,303,312,331,340,345,356,360,370,371,376,377,380,386,395,404,408,417
264:19,21,24,51,57,62,69,71,76,84,106,115,118,120,138,144,145,152,154,161,162,163,186,195,203,220,232,233,236,240,350,266,274,284,288,289,292,297,308,315,328,332,345,365,367,369,373,402,403,413,425,429
265:4,12,39,44,46,61,79,96,101,105,120,131,136,145,147,159,188,189,190,206,220,221,224,230,233,246,250,259,367,273,280,281,283,284,289,292,295,313,332,333,345,346,365,380,385,399,401,404,413,416,425
266:26,27,34,42,43,61,63,78,80,83,115,128,129,136,139,142,144,178,203,207,225,238,241,256,257,264,278,267,272,275,281,288,291,294,297,299,300,311,318,321,326,328,330,333,351,353,366,367,371,374,378,385,388,399,403,410,411,419,420,426,428
267:2,6,13,15,55,56,67,72,79,97,112,114,136,139,140,151,157,158,162,166,167,187,189,194,196,197,199,218,225,240,247,252,253,266,282,268,273,275,279,288,289,290,296,300,310,315,318,319,333,335,341,345,351,352,368,370,406,407,411,418,421,429
268:27,35,49,50,51,56,58,66,83,91,97,116,120,133,139,141,144,153,164,166,178,195,199,207,232,244,249,251,267,311,275,278,296,298,300,301,309,320,331,337,339,341,344,358,368,370,387,400,405,408,410,419,420,424,426
269:4,9,10,13,24,33,60,72,74,89,94,103,113,130,144,147,155,160,162,176,186,188,192,193,201,204,232,301,274,281,282,289,295,318,324,337,350,362,365,366,370,375,376,393,407,420
270:3,6,46,47,53,54,72,86,103,106,141,146,148,149,165,179,183,184,188,192,206,217,220,236,242,246,252,259,263,326,279,280,288,294,295,303,310,312,320,329,330,345,354,373,389,394,401,405,411,421
271:10,13,16,17,25,26,43,56,67,75,108,110,113,124,125,133,138,147,156,157,166,177,184,185,199,206,213,218,226,232,233,236,241,250,262,386,274,276,282,290,292,298,307,315,317,331,335,336,361,365,385,409,411,412,425,426
272:2,5,16,18,33,36,37,49,51,53,68,69,101,102,107,136,157,165,176,181,182,187,199,220,229,238,243,244,250,254,262,266,335,297,307,326,340,341,342,356,361,364,369,376,378,383,389,390,394,405,416,418
273:15,25,26,40,47,48,62,67,76,86,87,88,104,105,109,122,144,152,157,159,160,162,167,175,199,224,230,231,245,249,250,251,265,267,401,287,304,306,311,315,316,321,333,338,339,343,355,360,363,387,388,394,398,409,425,429
274:2,22,23,30,39,47,56,60,66,69,70,75,80,96,102,103,107,117,120,129,145,149,154,157,164,167,171,200,202,203,204,225,235,255,264,269,271,293,277,278,279,289,291,313,326,342,345,350,352,354,356,364,366,372,399,414
275:2,5,6,16,41,44,51,73,78,86,108,113,114,123,124,125,137,140,148,184,203,212,215,220,227,237,250,257,266,267,268,381,278,284,288,289,294,297,298,316,329,333,338,339,349,352,353,357,358,363,366,389,390,392,398,399,404,406,415,424,425,426
276:26,31,41,44,48,54,59,60,65,70,81,86,108,112,118,125,129,137,150,160,162,169,170,181,183,197,201,203,205,222,223,225,226,233,243,244,271,287,281,284,285,296,308,333,334,337,343,347,352,357,362,369,379,382,387,388,404,409,418,426,429
277:3,9,15,16,26,29,30,35,36,45,48,49,57,60,65,75,81,86,107,110,112,113,123,134,140,142,145,153,156,176,186,189,192,194,195,207,208,209,211,212,217,225,242,243,251,256,274,346,296,301,304,314,336,344,347,350,358,372,373,403,411,412
278:8,13,22,33,37,68,74,84,90,94,114,117,119,137,140,148,165,173,181,184,192,198,250,257,261,266,268,274,275,358,286,294,303,312,319,328,331,334,338,344,346,350,352,356,374,379,381,382,389,390,409,411,416,422,425,428
279:13,21,26,27,32,37,38,43,78,79,95,103,107,111,114,118,128,143,150,159,164,165,166,168,177,180,216,218,233,241,242,250,258,267,270,274,302,281,286,314,318,327,328,329,340,341,350,363,379,382,386,392,403,405,408,422
280:15,16,18,20,21,23,28,34,46,48,62,74,75,97,99,123,125,128,130,133,135,153,154,162,167,168,170,183,185,208,214,232,235,244,248,250,253,255,256,258,265,270,331,283,299,300,305,307,316,321,323,335,345,359,362,364,374,388,393,407,411,415
281:0,6,10,11,26,32,34,45,48,55,61,64,75,87,88,89,99,102,106,122,162,165,166,167,171,172,177,182,185,208,225,239,242,246,261,263,265,266,269,276,279,389,285,288,291,306,315,319,330,343,345,359,365,375,385,387,392,395,399,400,403,406,416,421,426
282:9,17,21,23,24,38,40,47,49,50,57,58,73,84,86,92,94,108,109,115,118,129,141,148,176,192,193,202,204,212,214,220,246,248,252,256,267,269,271,316,293,300,302,306,308,311,312,342,344,346,352,359,365,371,378,403,412,418
283:18,19,27,38,44,50,59,61,65,76,80,86,96,103,107,109,123,129,137,139,144,149,160,161,180,186,188,192,225,235,238,241,243,248,253,265,280,331,296,318,320,332,342,372,373,380,384,398,406,412,413,416,428,429
284:4,8,10,24,39,43,54,58,70,71,75,96,99,110,123,126,129,152,160,165,166,172,186,210,228,233,237,243,245,264,265,275,276,405,298,306,319,342,351,356,376,379,387,390,401,407,411,422,425
285:18,20,22,23,26,27,39,40,45,60,76,77,79,88,96,98,99,109,119,122,123,126,129,146,154,155,170,173,174,179,181,191,229,234,247,256,258,260,276,281,364,295,296,298,309,321,322,329,335,339,346,348,351,360,368,369,372,381,383,399,408,413,423,429
286:22,28,36,41,56,67,75,91,115,116,130,132,146,152,162,187,210,236,247,249,278,279,365,296,304,306,309,310,350,354,356,357,387,388,392,399,404,412,417,419,429
287:0,13,26,29,31,34,36,39,40,45,50,56,65,66,67,69,70,72,93,118,127,129,135,138,140,142,148,151,183,190,192,208,222,223,233,247,251,257,273,276,406,288,293,302,316,319,325,333,338,348,361,362,369,372,377,388,396,403,405,409,419,427
288:0,2,7,9,12,15,24,25,37,38,40,41,53,57,59,62,63,71,75,76,96,104,111,114,127,132,139,141,158,160,201,218,220,224,226,230,232,245,248,251,258,264,266,267,270,275,281,287,358,311,324,325,328,333,334,352,355,361,364,368,373,387,393,397,404,421,425
289:4,8,14,33,55,68,84,90,98,100,102,110,124,132,133,134,137,142,156,163,186,193,195,207,208,212,216,218,220,243,255,258,264,265,267,269,274,275,296,297,301,319,323,334,335,351,355,360,364,366,370,381,393,394,405,420,421
290:0,1,5,6,26,28,30,35,59,63,85,92,93,96,107,122,129,131,134,142,146,148,159,178,182,185,197,198,203,204,218,231,232,251,263,267,271,426,292,302,306,314,320,322,327,348,361,377,379,387,411,414,417,419,420,424,429
291:9,24,40,46,50,51,57,58,68,70,71,73,80,93,100,111,113,119,121,131,137,142,157,165,167,176,184,186,195,200,202,212,221,231,232,238,240,244,254,258,261,266,274,281,314,292,305,307,309,317,318,338,343,347,348,350,355,363,364,376,377,378,381,397,408,412,417,419
292:2,9,11,22,26,28,31,34,43,62,64,69,70,79,85,96,101,107,124,126,131,135,136,152,160,173,181,188,189,209,221,228,236,240,254,264,265,271,290,291,429,296,298,303,315,327,328,340,353,357,361,381,391,394,401,407,408,413,425
293:4,10,16,19,22,24,31,38,44,47,64,68,110,139,145,150,154,155,167,168,171,175,180,184,206,209,220,230,234,239,255,256,257,261,274,282,287,373,298,300,304,311,320,321,322,334,356,359,367,375,379,398,417
294:3,7,8,12,17,19,24,27,38,60,83,97,115,127,131,132,137,163,165,167,168,170,186,194,195,203,212,217,219,227,228,237,241,247,250,252,253,254,255,257,259,266,270,275,278,296,298,300,312,315,335,338,342,344,362,371,380,398,404,409,410,419,426
295:0,1,8,13,49,50,57,64,81,89,96,109,110,111,121,156,168,176,185,188,195,196,202,225,226,234,248,249,250,251,253,256,257,265,269,270,285,409,308,309,313,317,340,368,371,372,378,385,387,406,420,429
296:0,6,8,20,22,38,45,60,63,65,76,83,85,87,89,91,94,115,118,131,132,134,142,145,146,162,167,168,181,185,199,208,216,230,233,244,245,248,258,261,267,268,276,277,283,285,286,289,292,294,361,304,309,313,326,336,342,363,373,384,387,400,401,410,417,424
297:7,10,11,13,24,40,51,65,82,89,96,98,100,102,108,128,131,133,149,150,167,172,186,193,198,212,224,235,237,242,254,260,264,266,272,275,289,358,298,303,304,315,342,349,354,359,375,421
298:2,12,21,22,31,34,44,58,69,83,84,98,106,115,123,130,134,144,147,158,161,166,173,179,180,182,184,186,192,197,202,212,219,225,231,241,246,255,260,268,271,275,284,285,292,293,294,297,385,300,303,305,307,335,345,348,351,359,364,366,373,375,390,395,405,410,423
299:4,20,21,28,47,48,62,70,73,81,87,97,98,106,119,127,138,141,142,160,161,162,163,164,165,175,176,185,205,206,210,215,235,237,238,248,251,259,262,263,266,280,368,307,308,313,325,330,336,337,340,346,348,352,358,362,375,390,399,416,424,426
300:0,20,21,39,40,42,50,52,56,68,72,74,75,76,95,106,113,121,124,149,152,153,157,160,161,164,186,193,201,232,235,249,251,266,267,268,280,282,293,294,298,424,301,314,328,339,354,360,399,400,401,402,414,419
301:4,7,8,10,17,27,30,32,39,51,52,58,66,79,82,88,90,97,106,121,130,137,147,151,153,167,170,176,179,182,190,191,204,205,210,215,221,226,237,240,244,245,247,256,263,268,269,277,289,300,311,320,337,347,356,358,378,384,394,408,420
302:2,3,4,10,12,17,19,29,39,44,51,54,69,72,74,81,91,95,103,104,114,134,157,161,166,171,173,195,202,212,217,230,236,238,239,261,279,282,287,290,425,303,305,313,315,320,321,347,349,358,366,371,383,409,414,417,427
303:2,12,16,23,26,33,37,43,50,52,56,70,74,90,94,97,121,122,126,154,156,157,159,163,170,183,194,196,197,204,209,222,234,240,261,263,270,278,292,297,298,302,391,308,311,337,354,356,358,362,385,387,388,420,422
304:11,31,63,80,103,106,108,118,123,124,126,133,135,138,140,144,145,149,155,166,175,179,180,181,194,202,215,237,250,252,257,273,277,286,293,296,297,387,306,313,319,323,325,330,337,343,346,354,355,356,365,368,373,379,391,395,398,401,406,410,418,429
305:4,5,12,19,22,26,32,38,49,56,62,63,78,80,96,100,103,108,111,119,126,128,129,130,131,146,154,186,210,216,219,222,225,228,229,242,248,249,250,280,291,298,302,353,321,324,328,330,348,363,366,370,371,372,383,389,390,392,400,403,407,428,429
306:4,5,8,16,53,54,55,56,63,64,66,72,79,90,105,107,127,129,143,155,187,197,200,220,227,231,237,249,254,256,273,281,282,284,286,290,304,402,307,316,320,331,333,338,355,358,370,371,392,394,398,399,405,411,415
307:1,2,8,13,37,39,72,83,85,97,102,105,111,117,125,130,135,136,147,150,152,157,158,159,180,181,182,188,191,193,198,201,206,212,214,229,232,239,240,258,271,272,280,291,298,299,306,312,326,328,331,333,338,340,341,343,349,364,371,373,375,379,386,387,395,409
308:9,16,33,47,59,63,72,79,82,85,95,96,100,106,113,115,116,132,162,172,185,190,201,215,230,243,248,249,264,276,282,295,299,303,379,314,329,332,333,342,348,357,358,362,375,400,405,407,420,424,425,428
309:10,15,20,55,60,73,74,81,82,103,109,112,123,129,139,141,146,155,157,161,163,164,165,167,168,182,184,202,234,241,242,247,253,255,258,268,285,286,291,295,296,323,313,314,317,330,338,353,358,365,366,376,380,381,390,392,410,422,423
310:9,15,16,27,37,38,48,49,50,54,61,63,81,84,94,100,101,109,113,118,122,130,131,136,139,150,160,162,174,176,181,184,198,199,211,218,225,228,229,236,245,256,258,260,267,270,286,348,315,321,354,369,380,386,392,394,395,401,414,415,429
311:1,6,41,51,52,57,85,88,90,106,123,127,133,134,136,137,140,146,156,159,165,173,176,196,210,221,230,240,241,247,249,255,256,257,258,259,262,266,268,273,282,288,293,301,303,392,312,315,318,323,329,338,341,343,364,368,377,385,394,402,412,414,416
312:0,6,11,15,23,30,33,34,52,62,65,67,73,74,76,77,79,90,110,119,122,131,146,152,155,164,168,169,178,181,187,189,194,212,217,218,222,233,235,242,249,258,261,263,270,278,282,294,307,311,340,315,317,327,335,349,352,362,364,368,375,384,399,401,408,416,419,424
313:5,15,32,42,47,58,71,74,77,78,85,88,92,93,100,114,121,139,141,154,155,160,167,184,188,194,205,208,220,222,244,254,265,274,295,296,299,302,304,309,383,317,318,320,323,324,326,331,333,336,348,349,350,359,371,372,396,399,403,405,417
314:9,11,14,15,18,30,42,43,52,56,63,65,67,71,75,83,85,86,94,101,110,111,117,123,134,138,145,146,152,171,184,189,193,199,208,210,213,220,245,247,250,252,259,261,277,279,290,291,300,308,309,345,331,333,334,340,343,346,349,355,357,366,367,368,369
315:26,29,33,34,50,56,79,90,97,98,115,124,130,145,146,158,163,165,167,173,182,186,195,211,212,219,226,233,241,245,264,267,271,273,281,292,294,297,302,310,311,312,421,343,348,360,366,368,382,387,398,399,415
316:25,31,42,57,58,60,76,77,85,92,96,99,112,114,119,127,129,135,142,143,155,163,173,176,190,192,197,202,212,222,235,237,238,241,243,251,259,273,275,280,282,287,306,351,323,327,334,336,338,342,345,370,374,375,384,392,411,414,425,426
317:2,3,4,8,13,17,25,28,31,35,38,45,48,49,50,53,61,66,81,102,119,122,127,129,130,134,150,154,164,187,193,195,200,207,208,214,228,238,240,242,251,258,271,291,295,309,312,313,381,319,323,325,352,353,380,385,387,403,404,419,427,429
318:8,16,22,24,31,40,41,45,46,47,61,62,74,75,99,101,103,111,115,125,141,166,192,199,205,206,208,212,234,245,247,262,266,267,269,279,283,291,311,313,398,319,328,334,344,346,347,348,352,356,358,362,363,376,403,404,405,426
319:0,7,11,24,27,49,57,58,69,71,82,102,109,113,116,125,127,146,154,159,172,179,207,209,228,231,233,249,267,278,281,284,287,289,304,317,318,404,320,323,325,348,350,353,355,361,366,384,385,391,394,397,409,424
320:23,33,35,37,42,52,53,60,68,76,78,81,89,94,95,99,103,104,106,108,114,115,117,118,130,131,134,152,153,158,162,164,171,179,180,182,184,192,193,195,205,208,214,226,229,230,237,243,247,248,255,268,270,283,290,293,301,302,306,313,319,376,325,328,346,353,372,375,378,385,393,399,409
321:2,11,12,20,23,39,44,56,58,60,63,66,71,72,76,80,81,98,101,115,126,128,139,157,160,162,172,173,174,176,190,198,212,227,230,248,266,273,280,285,293,302,305,310,418,332,346,351,354,362,365,371,376,381,385,387,388,399,414
322:25,35,43,50,55,63,72,76,88,99,108,111,113,115,119,125,133,144,152,166,188,189,192,194,202,206,214,223,225,228,234,242,245,253,259,260,285,290,293,360,323,339,352,354,357,378,384,409,412,413,418,425,428
323:2,8,9,14,26,28,33,38,56,59,71,77,78,86,111,116,119,124,126,129,148,154,164,166,168,173,177,193,195,205,209,212,218,220,234,243,249,255,280,289,304,309,311,313,316,317,319,322,345,324,332,334,338,348,350,363,371,374,381,395,401,404,409
324:0,2,8,9,11,32,44,62,70,72,80,83,90,92,93,96,100,124,129,134,152,155,160,169,171,172,184,193,196,200,202,203,214,216,222,230,231,235,244,259,269,288,305,313,323,371,330,331,333,337,339,346,349,353,354,360,364,366,380,387,392,401,409,415,419,427
325:13,18,19,59,65,68,75,76,78,80,82,90,105,126,127,133,140,142,147,166,170,172,177,180,181,190,193,196,203,204,209,225,226,230,231,233,238,239,242,243,254,260,287,288,299,304,317,319,320,356,328,339,359,368,371,385,393,407,413,415,420
326:0,3,14,16,19,23,24,30,31,37,39,40,52,67,70,71,76,77,83,87,109,110,127,133,134,136,137,186,190,193,195,199,200,205,210,212,215,217,218,243,250,259,266,270,272,274,296,307,313,385,329,340,341,343,345,351,353,371,378,381,388,390,394,395,396
327:0,7,9,14,17,24,26,27,36,37,45,60,68,83,110,115,117,120,126,142,146,147,149,150,156,159,171,194,200,203,211,219,226,229,235,239,246,279,290,292,312,316,423,328,347,349,365,371,382,386,395,401,426
328:0,3,30,34,61,62,67,70,80,84,85,106,112,115,117,131,132,135,158,169,170,183,188,219,226,231,248,250,251,252,264,266,278,279,288,292,300,305,307,318,320,325,327,380,332,340,349,354,356,358,361,389,390,395,396,403,411,416,428
329:1,3,6,22,26,36,39,43,52,56,85,86,88,96,98,100,130,132,166,167,182,185,189,190,192,207,212,225,231,258,270,275,279,285,308,311,326,406,337,352,370,378,379,383,388,392,399,410,416,422,425,426
330:3,7,10,11,20,22,26,30,37,50,53,56,66,72,79,99,102,103,117,120,138,142,144,155,160,166,175,180,201,206,224,225,228,240,249,250,255,266,270,281,299,304,305,309,324,332,334,338,341,342,357,360,361,395,396,399,401,420,423
331:6,8,16,38,59,67,72,73,79,89,93,102,103,106,112,118,122,129,150,161,166,167,175,203,214,218,231,242,245,250,259,261,263,268,271,278,280,283,306,307,313,314,324,389,333,337,341,348,352,364,376,380,386,393,394,398,408,409,417,421,428
332:5,13,23,31,37,50,51,57,58,59,65,68,80,87,103,122,154,155,160,184,199,203,225,227,231,235,240,241,247,264,265,283,308,321,323,328,330,424,333,339,356,380,382,388,405,407,408,410,420
333:16,17,33,54,55,59,91,105,106,133,135,139,140,146,150,157,161,176,181,183,193,197,202,208,224,249,265,266,267,273,275,276,287,288,306,307,308,313,314,324,331,332,359,347,352,353,354,373,386,404,406,414
334:31,42,54,57,59,60,78,95,100,103,104,106,114,138,142,183,191,198,205,217,237,250,252,259,276,278,288,289,293,314,316,318,323,330,341,356,362,364,377,384,396,401
335:7,8,9,14,17,18,41,46,58,59,64,67,77,89,101,108,109,123,130,140,168,173,174,187,191,197,203,226,243,246,248,253,262,267,271,272,280,285,289,294,298,312,411,336,340,350,358,361,362,366,376,384,388,392,395,401
336:3,13,15,16,21,23,46,47,50,52,56,57,62,73,77,79,98,108,109,111,112,117,138,141,146,153,155,159,163,168,172,175,178,186,199,201,211,220,232,243,271,277,296,299,313,316,335,385,340,366,390,393,395,396,408,421
337:4,8,11,26,39,41,42,83,86,95,97,111,113,118,120,130,131,133,137,142,143,150,155,168,176,184,189,195,217,221,230,236,241,251,268,269,276,299,301,303,304,324,329,331,368,349,350,352,359,363,366,398,405,421
338:11,13,16,17,51,57,61,84,91,105,112,120,121,124,126,141,150,154,168,202,210,222,227,230,232,234,242,245,246,256,273,275,278,287,291,294,306,307,309,311,316,323,330,390,340,342,343,347,359,365,378,392,393,410,411,414,416
339:11,14,19,20,24,26,32,39,47,49,63,78,100,104,167,177,178,180,182,184,191,192,197,198,222,232,240,244,261,268,273,275,285,300,322,324,325,332,411,340,343,348,354,356,365,393,417
340:0,8,27,35,51,52,71,80,81,90,104,105,106,143,159,166,169,171,175,186,209,213,215,223,229,251,263,272,279,292,295,299,307,312,314,326,328,335,336,338,339,357,349,352,359,364,367,368,390,397,398,413,423
341:1,13,17,22,42,49,62,68,90,92,96,97,109,113,115,123,131,134,136,137,139,145,147,150,170,179,190,192,213,226,228,231,233,243,244,246,251,257,262,267,268,272,279,307,311,326,330,331,334,354,356,358,359,360,366,368,369,372,376,380,388,391,395,405,421,422
342:0,1,6,43,49,55,60,69,75,80,84,104,107,136,146,152,154,158,162,166,169,176,185,188,195,196,198,204,217,220,227,232,256,272,274,282,283,284,294,296,297,308,316,330,338,343,344,353,355,372,378,385,395,396,419,423,424,425
343:4,6,7,9,10,17,30,45,68,71,92,98,101,104,111,123,136,145,165,174,190,213,216,217,224,247,251,273,276,281,291,304,307,311,314,315,326,338,339,342,363,354,361,372,380,392,415,423
344:3,12,22,29,31,40,45,49,57,60,72,86,99,104,117,124,125,126,128,138,166,168,180,200,230,236,237,240,246,254,268,277,278,282,294,318,342,425,356,366,381,386,419,428
345:4,10,14,15,24,25,48,49,56,59,61,64,67,69,70,71,75,83,106,116,119,126,153,177,178,186,190,191,201,206,219,223,226,236,244,246,248,249,260,263,264,265,267,270,274,280,281,298,314,316,323,326,358,346,355,368,378,382,383,384,390,395,398,399,403,411,413,426
346:6,17,22,28,40,53,75,78,89,105,109,134,141,142,143,153,156,166,170,177,178,187,191,207,222,231,232,247,265,277,278,282,285,299,304,314,318,320,321,324,345,352,348,356,369,381,384,390,391,408,412,416,417,423
347:3,5,6,11,31,35,41,43,52,56,60,77,80,81,83,91,92,94,104,108,117,130,140,142,150,158,160,163,169,173,177,179,185,186,199,216,223,233,239,245,249,253,276,277,291,301,302,318,327,333,338,362,353,377,391,392,396,404,412,425
348:4,8,16,19,31,32,35,41,55,57,68,69,74,81,102,106,109,114,133,146,147,160,165,169,176,188,189,201,209,214,222,223,226,242,243,258,285,287,290,291,298,299,305,308,310,313,315,318,319,323,331,339,346,411,360,364,374,376,388,401,403,416,420,426
349:22,24,26,45,48,64,67,71,75,76,81,95,105,109,112,123,133,141,148,150,160,161,169,234,243,249,252,253,275,297,302,307,312,313,314,324,327,328,337,340,421,351,363,365,375,376,385,387,409,424
350:9,10,24,27,36,44,47,50,59,65,82,88,106,109,112,117,120,133,135,139,140,141,150,155,170,174,183,193,198,199,200,217,233,234,239,252,264,269,274,277,278,279,286,291,313,319,323,335,337,404,353,361,367,377,399
351:2,6,16,27,30,32,35,38,42,47,50,52,57,67,73,82,91,96,105,110,118,127,132,135,138,145,163,168,169,170,187,193,198,200,217,220,221,242,248,266,267,284,285,289,298,316,321,326,349,369,361,362,364,370,385,399,400,407,415,419,422
352:6,9,19,32,41,43,46,47,49,54,60,81,82,83,88,103,107,120,128,135,136,138,156,158,160,171,194,195,206,210,227,228,241,244,246,253,267,274,275,276,278,282,288,299,312,317,318,322,329,331,333,337,340,346,397,374,375,377,390,391,409,418,423
353:9,29,46,48,61,63,78,89,96,98,104,107,108,114,127,155,166,195,204,207,208,211,234,238,244,245,246,253,266,275,292,305,309,317,319,320,324,326,333,342,347,350,404,373,376,378,383,384,394,426
354:2,5,6,13,17,31,40,43,53,55,58,59,63,70,73,82,83,107,117,125,134,135,141,155,187,189,191,201,220,237,246,255,261,270,274,286,297,300,303,304,310,321,322,324,328,333,339,341,343,392,362,411,413,415,417,426
355:34,38,60,97,112,115,121,129,144,155,158,159,163,165,167,198,206,209,218,235,238,242,247,256,260,262,273,288,289,291,304,306,314,319,342,345,401,357,361,376,377,387,388,390,395,406,414,417
356:5,6,10,17,22,35,43,46,56,70,72,82,83,84,89,130,134,162,167,176,182,200,207,211,215,225,237,249,250,252,254,258,263,272,274,278,284,286,293,301,303,304,318,325,328,332,334,339,341,344,346,378,363,368,371,385,395,407,410,416,418,427
357:2,4,39,45,49,62,67,72,82,87,95,100,118,136,137,138,161,170,173,181,191,193,203,212,218,229,239,242,255,275,276,286,292,308,314,322,330,340,355,400,360,361,363,364,371,408,429
358:5,15,16,24,31,42,58,59,61,83,85,112,126,140,156,157,158,162,168,169,175,179,182,184,185,189,191,199,200,222,231,235,244,253,256,259,268,275,277,278,288,297,299,301,302,303,306,308,309,318,328,335,341,345,389,386,390,391,400,409,429
359:0,12,15,28,40,49,52,61,62,72,80,83,89,102,108,109,115,119,131,134,136,140,141,145,148,189,207,208,212,213,217,225,226,237,242,248,254,261,280,281,282,293,297,298,313,325,333,337,338,340,341,379,364,373,374,378,399,406,407
360:0,9,18,27,30,63,67,71,72,75,79,87,103,111,119,125,142,152,156,157,178,198,202,208,217,239,246,260,262,263,273,285,289,300,315,322,324,330,341,348,357,362,364,375,400,410,414,415,423
361:5,8,18,22,25,30,39,44,47,53,54,66,72,78,92,93,126,132,133,139,140,142,143,145,146,147,161,174,184,187,198,221,226,241,244,261,262,271,272,287,288,290,292,296,319,328,330,335,343,350,351,355,357,385,374,386,392,399,404
362:16,34,35,36,40,41,42,46,51,52,57,66,91,94,104,106,118,124,133,141,146,152,166,169,174,177,184,203,205,207,228,230,234,242,248,256,260,269,276,280,287,294,299,303,308,312,318,321,334,335,347,351,354,360,386,375,380,409,410,419
363:33,37,52,54,67,70,79,83,88,109,125,130,138,146,160,170,176,182,195,204,210,212,217,230,235,238,240,241,246,248,273,275,279,291,296,305,318,323,337,343,349,356,357,411,366,384,405,416,419,421
364:18,23,29,33,34,39,45,50,53,61,62,75,76,85,86,98,104,106,122,182,203,211,218,223,233,248,253,256,260,261,272,274,280,285,288,289,291,298,307,311,312,324,331,334,340,348,351,357,359,360,400,382,383,384,393,398,404,421,428,429
365:0,2,4,7,14,23,38,49,63,64,71,79,83,100,103,133,134,161,173,174,176,182,184,217,222,225,230,246,247,251,257,264,265,269,271,281,282,286,304,309,321,327,338,339,349,368,366,371,372,377,396,399,404,408,426,427
366:0,2,5,8,26,34,36,61,75,79,89,102,108,118,121,122,128,131,135,138,146,147,158,165,166,170,171,173,175,182,190,191,194,196,209,240,243,248,255,256,266,269,274,275,289,298,302,305,309,314,315,319,324,335,336,337,341,344,363,365,395,370,372,373,376,386,387,393,397,405,406,412,421,424
367:9,10,17,19,21,23,32,36,52,53,57,87,88,98,104,116,133,147,148,149,153,160,171,188,189,190,191,194,196,218,222,244,253,264,265,266,293,314,340,350,380,394,400,404,414
368:1,5,11,19,24,32,36,47,50,53,63,74,79,85,87,97,105,144,151,164,166,167,169,175,191,209,216,221,222,228,229,255,257,267,268,285,288,295,299,304,311,312,314,315,325,337,340,341,345,356,365,371,382,383,394,404,407,418,420,426,429
369:5,15,30,48,51,63,72,74,82,92,103,110,114,117,131,138,144,158,169,170,179,180,184,187,191,193,214,229,230,236,238,241,260,264,272,276,285,287,310,314,341,346,351,381,377,380,408,413,415,426,429
370:3,4,5,10,13,24,37,44,55,62,85,92,100,133,144,148,180,191,193,195,203,228,231,237,249,253,261,263,267,268,269,289,305,306,316,329,351,366,421,374,377,390,392,394,418,419
371:0,4,9,14,18,23,25,57,70,74,75,79,96,100,101,103,104,113,122,136,137,139,140,143,162,166,178,198,218,225,233,241,263,266,282,294,295,302,305,306,307,313,321,323,324,325,326,327,356,357,365,368,377,386,392,403,404,412,413,416,418
372:10,11,14,20,24,36,43,48,52,55,59,64,65,73,84,91,97,102,106,109,111,120,121,122,123,129,133,160,162,177,195,208,210,242,251,254,255,257,261,274,277,283,285,287,295,305,313,320,341,342,343,365,366,398,374,384,390,399,402,405,409,416,420,421
373:0,16,38,51,56,72,86,94,98,100,114,116,125,126,127,128,137,138,151,167,180,181,186,199,207,209,216,223,226,254,264,270,277,283,288,293,296,298,304,307,333,353,359,366,380,379,385,394,403,411,416,419,429
374:0,2,7,30,34,37,47,52,69,92,113,114,138,183,193,196,211,220,229,232,237,250,258,266,278,280,316,323,348,352,359,361,370,372,415,377,379,384,398
375:0,7,12,14,15,27,43,50,56,63,73,74,79,85,89,97,98,131,143,146,159,162,167,187,189,193,197,198,249,262,269,281,293,297,298,299,307,308,312,316,320,349,352,360,362,415,377,379,381,384,386,389,390,397,402,406,412,421,423,427,428
376:0,13,17,28,44,46,51,52,55,56,57,59,79,100,111,117,131,137,138,139,168,176,181,185,189,214,218,220,223,230,245,253,254,263,269,272,284,291,309,318,320,321,331,335,341,348,349,353,355,366,414,378,379,383,384,394,398,403,410,415,421,427
377:1,22,29,34,52,59,61,64,69,98,102,105,107,122,128,131,134,141,162,168,183,202,212,221,226,253,263,287,290,291,311,334,347,350,352,355,365,369,370,371,374,375,382,405,412,415,424,425
378:14,17,21,45,48,49,66,67,93,99,100,104,107,110,158,182,183,185,186,190,194,195,196,207,210,215,219,228,237,240,241,247,248,253,254,256,259,262,266,272,282,291,295,301,320,322,326,329,338,342,345,353,356,359,376,420,389,399,421,424,427
379:2,26,29,32,39,42,45,46,55,72,73,74,94,103,118,130,141,145,153,160,196,227,237,240,249,253,276,278,279,284,290,293,304,307,308,329,359,373,374,375,376,394,388,398,399,417,421
380:1,9,20,34,64,77,78,81,87,90,126,133,134,140,144,149,151,152,154,155,161,164,167,178,179,184,202,213,223,234,237,249,251,252,259,263,265,283,294,309,310,317,324,328,331,332,341,343,362,367,369,373,422,388,394,399,412,414,424,425
381:2,9,11,17,21,31,57,69,73,86,98,102,108,110,117,118,134,143,159,173,175,177,181,185,199,219,225,246,247,248,251,260,275,278,285,289,291,292,309,317,321,323,326,344,346,369,375,409,385,400,417
382:2,8,22,23,40,42,44,45,55,80,95,106,107,110,114,117,119,145,147,153,155,158,178,198,201,202,207,210,229,236,246,258,262,276,278,279,315,327,332,345,364,368,377,386,389,396,406,410,429
383:1,7,28,31,42,49,52,62,72,81,86,106,108,110,113,130,143,146,150,156,163,168,178,179,183,196,199,211,212,215,225,234,236,244,272,285,302,305,313,329,345,353,364,368,376,417,393,397,399,401,402,409,416
384:10,12,23,52,53,55,64,93,94,97,101,108,110,114,116,120,136,143,144,147,153,159,160,170,179,184,187,237,238,242,247,249,258,259,283,296,301,312,316,319,322,334,335,345,346,353,363,364,372,374,375,376,401,393,414,422
385:5,9,17,31,47,50,51,83,84,105,108,117,130,131,133,154,161,165,167,168,178,195,207,222,230,231,234,235,238,239,240,256,265,266,271,281,295,298,303,311,317,319,320,321,325,326,336,342,349,351,356,361,373,381,395,394,396,417,426
386:6,24,29,33,35,41,48,52,53,70,71,83,84,90,93,98,100,107,115,118,125,139,142,146,149,151,162,183,185,191,193,200,210,219,233,239,242,245,248,255,263,271,279,307,310,327,331,333,344,358,361,362,366,371,375,382,408,399,400,404
387:0,4,24,26,31,37,45,47,62,71,82,93,101,102,110,113,115,119,122,129,137,143,145,153,161,168,170,172,191,201,223,230,258,261,268,273,276,281,284,286,288,290,295,296,303,304,307,315,317,321,324,349,355,366,409,390,403,407,408,425
388:8,26,36,44,45,59,64,68,77,79,88,90,96,97,101,102,103,117,123,137,141,155,168,175,190,194,195,213,220,225,252,255,262,266,273,276,280,286,287,303,321,326,329,332,335,341,348,355,379,380,395,389,396,404,412,420,424,427
389:2,6,11,21,29,31,34,40,54,62,66,71,75,106,107,110,113,116,121,143,150,161,164,175,180,182,184,190,222,224,235,237,238,256,260,261,270,272,275,278,281,305,328,331,358,375,378,382,388,417,390,399,400,405,411,414,418,424
390:15,26,29,44,50,59,60,62,63,70,73,96,111,115,159,174,178,182,184,192,202,224,227,228,245,247,250,257,261,272,275,278,284,298,299,305,309,326,328,336,338,340,345,346,352,355,358,370,372,375,387,389,405,399,406,423,424
391:2,11,32,38,42,46,48,56,58,77,82,87,92,110,118,122,127,128,139,141,143,152,154,159,162,171,177,181,183,191,200,206,209,216,218,233,239,245,247,252,257,261,292,303,304,319,341,346,347,352,358,421,394,401,402,405,410,411,420,427
392:14,15,25,27,36,37,59,63,65,78,97,98,128,133,144,150,160,171,172,176,177,180,181,195,200,220,221,223,227,228,229,240,242,246,261,262,275,279,281,286,305,306,309,310,311,316,324,329,335,338,343,347,354,361,370,371,423,402,405,420,424
393:7,10,13,27,32,37,38,43,44,76,77,84,93,95,110,115,122,135,145,162,181,183,186,194,195,198,218,224,239,243,252,257,262,269,280,288,289,320,325,331,336,338,339,364,366,383,384,405,396,410,412,413,424
394:6,38,43,47,60,66,85,94,98,99,102,105,120,126,137,151,158,168,170,175,177,179,182,189,192,196,206,219,222,249,251,258,259,270,272,273,289,292,301,306,310,311,319,326,331,353,367,368,370,373,376,379,380,385,391,410,403,412,421
395:14,26,31,47,49,57,72,81,88,90,93,95,106,120,128,131,138,144,146,148,151,153,155,164,167,169,183,184,196,221,222,224,231,243,255,257,258,263,281,298,304,307,310,323,326,327,328,330,335,336,341,342,345,355,356,366,385,388,405,396,428
396:3,16,24,26,27,28,37,41,43,50,59,63,69,77,99,112,114,116,118,119,123,130,148,150,158,165,167,173,181,185,196,202,207,208,210,219,236,240,252,259,287,313,326,328,330,334,336,342,347,365,382,385,388,393,395,417,404,412,413,425
397:9,21,26,36,37,53,64,81,84,98,99,125,131,139,141,147,148,154,165,175,192,193,199,210,216,220,227,232,241,246,256,259,262,288,291,319,340,352,366,375,383,422,411,412,416,417,423,427
398:4,6,23,39,44,48,50,61,82,88,92,93,104,109,113,115,123,125,128,136,141,148,160,180,197,198,209,212,221,226,228,239,259,273,275,283,293,294,304,306,315,318,331,337,340,345,364,372,374,376,379,406,404,405,416,420,421
399:11,19,23,26,32,34,42,55,103,108,110,118,122,123,132,134,137,139,147,163,172,182,200,224,233,238,256,265,266,274,275,281,285,286,299,300,306,312,313,315,320,321,329,330,345,350,351,359,361,365,372,378,379,380,383,386,389,390,403,406,409,420
400:0,18,20,24,33,38,50,56,62,67,68,71,80,86,91,95,104,119,121,126,129,136,157,159,164,167,170,173,178,188,193,205,208,239,240,241,246,268,281,296,300,305,308,351,357,358,360,364,367,381,386,389,417,412,419,422,426
401:1,6,12,22,30,38,39,45,60,76,78,85,87,106,111,115,118,120,128,134,135,137,148,152,158,199,225,226,229,256,265,270,273,284,292,296,300,304,310,312,323,324,327,330,334,335,348,355,383,384,391,419,409,410,413,422
402:11,15,19,33,37,38,52,59,68,69,74,84,86,91,106,111,127,129,133,137,138,139,154,159,163,164,181,183,184,200,232,259,264,300,306,311,372,375,383,391,392,419,405,408,412,413,417,422
403:0,1,11,13,33,43,48,49,51,52,63,65,66,80,83,84,94,96,101,105,108,111,118,127,130,131,143,157,176,193,194,195,203,204,206,209,217,225,244,248,254,262,264,266,277,279,281,282,287,305,313,317,318,328,345,348,371,373,376,387,394,399,406,407,414
404:10,35,49,53,63,66,69,73,86,94,103,107,108,112,126,130,132,137,167,184,188,191,197,210,220,238,246,251,259,263,265,275,276,286,288,294,317,318,319,323,333,347,350,353,361,364,365,367,368,371,386,388,396,398,417,407,408,416,419,424,428
405:5,9,11,15,16,23,28,51,68,70,74,83,94,100,101,119,132,140,142,145,154,157,166,167,174,178,182,185,187,188,193,202,207,208,228,230,241,242,248,254,268,270,272,279,284,287,289,298,306,308,313,318,332,337,341,363,366,372,377,389,390,391,392,393,395,398,402,423,408,413,416,419,424,428,429
406:3,10,12,15,16,29,39,55,61,64,67,72,79,82,85,94,98,99,128,130,142,150,156,158,163,165,172,178,183,188,189,190,208,210,211,223,224,228,230,243,246,250,267,275,281,283,287,295,304,329,333,355,359,366,375,382,390,398,399,403,427,409,412,421,426
407:0,6,10,11,24,32,38,52,56,62,74,79,84,87,92,96,127,132,133,137,140,145,152,154,156,159,167,175,177,187,202,205,207,209,214,217,229,231,236,238,243,248,260,267,269,280,284,292,305,308,325,332,351,356,359,368,387,403,404,423,410
408:1,6,12,16,21,29,36,40,48,49,59,75,88,91,102,119,122,125,134,144,147,149,151,158,160,179,187,199,202,249,258,261,263,268,279,285,291,292,301,312,331,332,336,346,357,365,369,386,387,402,404,405,417,426,429
409:18,21,46,47,50,54,56,61,70,86,102,108,127,135,153,155,177,180,189,210,212,224,226,240,251,255,258,262,271,273,276,278,287,294,295,302,307,319,320,322,323,324,331,349,352,358,362,372,381,383,387,399,401,406,417,410,426
410:6,8,9,17,20,30,34,42,44,48,53,55,60,74,85,86,95,118,140,145,146,147,152,154,157,168,182,203,206,208,226,230,232,235,237,241,266,268,294,296,298,304,309,329,332,338,356,360,362,376,382,391,393,394,401,407,409,414,416,418,420,428
411:6,7,14,16,24,41,53,59,62,73,81,90,92,95,103,108,116,138,139,152,158,179,180,182,189,210,213,214,219,221,244,251,266,267,270,271,277,278,280,284,290,306,316,328,335,338,339,345,348,354,363,373,389,391,397,423,414
412:0,1,11,14,30,39,44,58,62,70,78,85,86,96,112,127,137,139,147,174,189,194,208,210,220,226,236,246,255,271,277,282,283,286,291,311,322,346,347,366,371,375,377,380,388,393,394,396,397,400,402,406,424
413:15,24,40,49,57,59,64,65,82,85,89,90,95,110,117,120,130,132,134,136,137,147,148,164,185,199,201,216,218,239,241,247,248,257,260,261,263,264,265,283,285,292,322,325,340,345,354,369,371,393,396,401,402,405,419,416,420
414:12,35,37,41,42,50,60,66,70,80,82,97,113,126,129,130,144,145,147,160,169,171,179,183,187,189,191,192,199,208,210,211,214,226,228,230,233,241,274,290,300,302,310,311,316,321,333,338,355,360,367,376,380,384,389,403,410,411,416,417
415:0,11,21,29,30,66,67,68,91,98,99,107,110,111,114,123,133,135,137,146,153,171,184,188,193,195,201,204,215,217,219,220,223,224,227,231,237,238,253,258,275,280,306,310,315,324,325,343,351,354,360,369,374,375,376,377,418,419,424
416:0,10,17,31,37,45,46,53,59,68,70,80,99,100,103,110,111,132,138,140,153,163,171,174,191,194,196,198,201,222,223,230,252,253,265,272,278,281,283,299,311,312,328,329,338,346,348,356,363,371,372,373,383,397,398,404,405,410,413,414,418
417:2,5,17,34,40,55,60,72,89,98,103,106,112,113,114,147,166,173,180,192,205,210,227,230,239,243,248,263,286,290,291,293,296,302,313,331,339,346,354,355,379,381,383,385,389,396,397,400,402,404,408,409,414,424
418:1,12,34,36,48,54,55,61,70,72,74,78,79,87,94,108,126,133,142,145,147,158,168,177,181,189,198,213,228,230,237,267,272,276,282,304,321,322,352,356,368,370,371,389,410,415,416,429,424
419:8,44,48,56,70,100,102,109,111,122,126,129,133,147,152,164,170,178,179,183,187,194,198,200,205,210,228,230,240,250,253,254,260,266,268,286,287,290,291,294,300,312,317,324,342,344,351,362,363,370,373,400,401,402,404,405,413,415,428
420:11,23,30,45,46,51,56,61,63,74,103,104,107,131,136,145,148,155,166,169,176,177,190,198,210,213,222,235,245,247,266,268,269,289,290,295,301,303,308,325,330,332,348,368,372,378,388,391,392,398,399,410,413,422
421:7,19,22,28,34,43,51,56,62,72,85,105,113,124,125,127,128,129,145,147,162,168,181,185,188,189,190,214,216,227,228,239,244,245,267,270,281,288,289,297,315,331,336,337,341,349,363,364,366,370,372,375,376,378,379,391,394,398,406,424,423,427
422:12,33,35,38,58,60,83,89,95,99,130,143,154,163,174,205,211,215,216,219,224,236,238,240,245,248,257,278,279,284,303,309,329,341,351,380,384,397,400,401,402,420,426,428
423:2,4,5,29,56,59,110,146,153,171,190,196,208,213,219,230,231,238,243,247,248,249,256,258,262,285,298,309,327,330,340,342,343,346,352,360,375,390,392,397,405,407,411,421,428
424:3,17,28,50,54,58,59,76,80,101,103,104,108,131,135,142,156,158,172,173,177,191,199,211,215,236,249,256,257,268,275,290,296,299,300,308,312,319,332,342,349,366,377,378,380,388,389,390,392,393,404,405,412,415,417,418,421,425
425:5,8,12,14,20,31,35,36,44,45,46,55,56,58,76,83,87,92,98,101,104,110,128,143,145,148,161,186,190,194,195,203,212,214,221,232,245,252,264,265,271,273,275,278,284,288,292,302,308,316,322,329,342,344,347,377,380,387,396,424,429,426
426:9,52,55,77,116,118,123,133,134,143,169,170,195,196,202,206,212,237,262,266,268,271,275,276,281,290,294,299,316,318,327,329,345,348,353,354,365,368,369,385,400,406,408,409,422,425,427
427:7,9,16,25,46,48,54,56,57,59,67,70,89,97,100,103,110,133,135,140,157,169,173,190,204,213,216,218,220,223,227,234,242,250,252,287,302,317,324,356,365,375,376,378,388,391,397,406,421,426,429
428:8,15,17,27,39,45,53,60,74,75,88,99,100,103,104,110,142,147,149,150,151,152,153,161,163,172,174,179,193,202,207,217,234,247,253,260,261,266,278,283,305,308,322,328,331,344,364,375,395,404,405,410,419,422,423,429
429:2,5,15,25,27,31,73,87,97,98,107,114,123,124,126,138,144,148,151,163,165,175,176,189,191,196,197,203,204,210,211,216,227,236,251,264,267,273,276,283,285,286,290,292,295,304,305,310,317,357,358,364,368,369,373,382,405,408,418,425,427,428
