0:344,1,3,11,12,16,22,32,35,42,49,55,57,59,61,64,70,83,93,96,102,106,107,134,135,136,137,141,142,144,153,158,164,168,194,195,196,201,204,209,221,248,261,263,276,285,298,302,305,316,321,324,325,343,351,357,370,378,384,387,396,410,424
1:0,95,2,5,16,17,39,55,66,67,72,73,77,78,84,97,125,126,132,133,138,139,140,146,147,163,167,170,184,187,191,202,203,207,215,221,222,224,229,230,236,245,264,266,267,273,286,296,297,298,302,311,326,327,331,336,339,349,353,354,357,373,383,403,414,416,423
2:1,292,5,9,14,15,34,40,43,45,49,52,53,60,75,82,90,93,96,100,101,106,113,117,133,142,143,146,157,160,162,167,178,181,182,183,189,210,212,224,227,243,255,267,271,272,274,280,282,294,305,306,317,324,334,349,355,357,363,383,388,393,408,420,422,423,425
3:0,358,8,14,32,37,42,63,65,68,70,89,93,111,127,128,132,137,145,166,178,186,199,203,212,215,219,229,230,233,240,249,261,276,283,306,308,316,321,331,338,346,351,355,363,367,380,381,388,403,415,418,424
4:52,13,23,26,31,35,40,44,50,56,61,84,101,103,104,121,122,135,136,140,149,155,172,183,210,220,233,243,244,276,282,284,287,302,315,321,322,329,332,344,347,352,353,362,375,386,408,412,423
5:1,2,103,19,21,24,33,37,59,66,67,71,81,82,88,93,101,106,107,109,120,122,125,126,132,140,147,148,150,156,169,171,174,209,218,231,258,271,300,301,311,318,331,336,337,343,345,352,359,360,361,366,370,372,395,404,420,429
6:136,14,17,21,26,29,55,59,61,66,67,74,76,83,93,109,111,117,129,137,141,148,152,167,174,175,176,178,187,191,193,195,197,198,199,226,248,262,281,283,285,288,301,316,332,337,345,349,355,367,371,376,384,391,402
7:204,18,19,23,25,35,45,57,61,83,92,94,95,96,107,109,113,118,131,139,149,152,157,174,177,190,194,197,207,209,216,219,223,225,231,234,240,258,265,274,295,302,304,305,309,315,316,317,334,336,345,348,349,352,354,356,373,387,402,403,404,406,411,424
8:3,45,15,17,24,30,32,33,37,39,43,50,88,89,100,101,107,116,117,124,134,151,179,184,185,192,194,206,224,240,242,244,262,280,294,301,304,308,309,314,315,318,322,326,328,330,331,342,352,355,366,378,381,389,402,418
9:2,403,17,20,27,34,63,72,77,98,115,124,135,137,144,149,153,157,174,192,201,203,228,230,234,236,245,254,271,272,277,340,341,343,346,351,355,361,380,387,392,401,404,406,408,414,416,428
10:120,11,19,20,25,36,48,53,56,58,59,62,67,76,77,89,92,96,97,134,138,154,163,167,179,188,205,210,213,218,229,233,236,237,238,239,240,246,248,258,261,270,277,287,308,310,321,324,337,342,349,358,372,381,385,389,410,414,417,422,426
11:0,10,292,26,33,36,37,43,55,66,74,95,97,113,116,124,131,135,141,142,144,159,166,168,184,186,187,195,196,212,216,222,223,242,247,253,285,300,311,317,325,327,328,331,357,362,384,401,410,419,425
12:0,376,13,16,17,20,27,50,53,60,61,66,69,87,110,116,121,138,139,142,159,175,179,188,189,195,196,206,213,220,223,230,232,234,263,265,282,284,295,318,322,350,351,365,366,373,374,384,391,395,401,421,423
13:4,12,196,26,38,41,48,49,58,61,75,96,98,113,116,122,125,133,141,150,151,152,154,157,159,160,171,179,204,226,228,230,233,234,235,242,245,255,260,263,266,268,276,277,281,287,288,301,303,340,350,354,359,367,370,371,375,379,385,387,389,393,394,395,399,401,402,403,405,418,419,427
14:2,3,6,154,16,27,31,37,39,43,62,67,86,89,90,120,126,128,132,133,164,170,171,174,176,181,201,202,203,211,213,220,224,241,243,245,250,255,256,260,266,273,284,297,303,305,306,328,336,338,346,358,371,374,378,391,392,393,395,400,403,405,406,411,423
15:2,8,277,28,31,35,40,45,52,59,77,83,88,93,96,99,139,142,153,154,161,162,180,186,198,201,207,212,216,262,264,268,279,298,301,308,317,326,343,345,363,368,369,378,399,401,423
16:0,1,12,14,71,25,29,51,56,57,67,84,88,90,96,97,98,106,121,130,145,154,170,174,177,179,193,201,208,219,233,261,263,264,267,269,278,290,301,304,308,309,314,320,322,323,324,341,346,348,361,363,373,375,377,396,398,399,401,408,410,422
17:1,6,8,9,12,409,20,40,53,60,64,73,74,83,96,99,103,107,111,116,126,135,145,157,179,223,224,245,248,268,271,317,327,352,353,366,381,387,400,417,424
18:7,387,26,33,34,35,70,83,90,91,95,102,104,107,111,112,135,151,154,157,179,182,187,188,192,199,202,208,213,214,219,224,227,228,231,237,239,259,262,263,273,275,297,299,307,321,324,327,330,337,340,354,355,393,396,412,417,424
19:5,7,10,412,32,33,43,49,51,58,81,83,84,98,108,114,129,140,151,173,174,188,216,221,224,231,234,243,251,253,262,265,271,274,319,321,331,333,343,345,349,350,356,360,363,388,398,399,409,417,421
20:9,10,12,17,181,32,43,60,68,114,125,131,135,142,157,165,167,177,180,183,207,208,209,214,238,243,246,247,249,256,266,288,296,317,326,331,338,359,379,394,418,425
21:5,6,123,29,34,46,47,53,57,60,78,80,88,114,115,116,117,122,133,137,143,150,167,172,177,183,185,196,205,208,220,226,227,229,231,233,241,258,276,277,298,307,314,337,343,357,367,378,384,385,397,400,401,408,410,412,414,418,424,429
22:0,86,27,29,40,46,50,55,58,59,65,66,94,105,114,117,118,122,123,124,125,131,135,146,157,158,161,175,181,183,184,186,222,223,249,253,255,266,281,284,289,329,371,386,389,404,423
23:4,7,143,28,29,32,39,52,53,59,60,78,81,93,102,106,115,122,133,144,148,161,163,168,171,189,191,210,231,236,241,259,266,274,278,282,285,294,312,319,321,327,367,398,400,411,421,423
24:5,8,50,31,43,52,100,105,108,118,160,196,197,202,206,210,214,246,251,253,255,256,267,273,280,282,285,287,300,313,320,324,334,342,346,353,355,367,377,382,390,398,406,411,421
25:7,10,16,212,29,37,52,64,71,77,89,91,94,109,113,127,156,161,174,178,180,189,190,199,204,219,220,230,231,238,240,241,244,253,254,257,261,265,269,274,281,296,297,303,306,310,332,349,380,384,388,412,413,426
26:4,6,11,13,18,144,40,45,46,54,68,71,75,79,80,88,92,101,116,118,120,138,145,146,148,151,165,168,172,176,177,179,180,182,202,208,210,212,230,241,249,254,271,281,289,297,299,304,313,326,334,336,338,342,346,360,370,375,391,400,410,414,417
27:9,12,14,22,238,35,43,60,66,67,69,98,100,128,130,139,145,149,150,151,153,160,168,187,204,225,245,246,254,268,275,290,295,296,299,305,307,318,351,359,374,376,377,396,408,417
28:15,23,315,55,63,70,76,90,91,109,123,135,151,163,166,169,177,193,214,220,227,229,236,247,258,259,268,271,272,283,293,319,322,328,335,370,389,394,395,415,422,425
29:6,16,21,22,23,25,266,46,53,63,64,68,74,89,95,109,118,120,132,134,153,155,165,166,167,179,186,193,200,203,206,213,214,238,244,245,249,250,257,262,271,277,287,293,302,317,322,323,342,356,358,366,383,392,404,407
30:8,219,40,42,48,68,74,80,82,83,89,104,108,109,116,127,133,146,147,150,153,155,167,168,169,172,193,198,228,251,267,298,303,317,328,338,340,345,351,356,360,364,365,370,377,387,394,411
31:4,14,15,24,303,33,35,41,44,46,47,53,54,63,69,72,74,85,87,93,117,122,129,166,171,173,175,177,185,186,187,189,199,204,211,213,215,217,218,234,240,245,250,253,260,264,268,273,275,284,287,290,294,298,305,308,309,310,312,315,321,324,325,348,355,356,371,380,383,385,408
32:0,3,8,19,20,23,138,39,45,50,58,68,94,103,114,116,117,120,128,129,136,140,160,163,166,196,200,201,213,221,223,245,250,254,264,265,281,282,290,296,300,304,314,315,319,332,336,345,347,359,380,383,386,389,395,396,405,411
33:5,8,11,18,19,31,204,39,49,51,62,73,83,86,99,138,144,150,167,175,189,195,209,232,235,236,243,245,247,250,267,277,290,296,303,306,321,325,329,335,341,342,350,363,365,378,379,380,387,391,397,398,408,412,419,424,427
34:2,9,18,21,247,36,46,51,56,83,84,108,112,114,135,136,138,149,151,154,156,172,174,179,181,189,193,200,210,211,220,224,228,231,238,241,246,257,259,261,268,275,289,301,306,308,310,320,332,337,344,346,349,350,355,356,361,363,367,386,398,405,425
35:0,4,7,15,18,27,31,296,43,79,82,88,90,92,109,111,114,122,126,133,146,147,148,151,160,169,178,182,190,214,241,246,257,259,263,267,302,307,309,310,313,333,335,341,346,349,361,367,380,386,389,402,404,406,416,428
36:10,11,34,281,37,42,44,49,50,56,58,66,67,106,109,128,139,145,148,153,155,156,164,167,170,171,181,185,193,197,221,236,240,241,269,271,275,286,312,321,328,331,337,351,379,384,385,413
37:3,5,8,11,14,25,36,368,39,41,44,47,54,84,95,100,106,120,127,131,132,133,143,146,163,191,216,223,229,240,241,244,275,279,280,284,287,291,317,323,328,331,333,353,362,363,372,377,378,396,400,406,422
38:13,69,50,54,60,67,68,81,90,99,105,111,116,129,130,145,146,151,154,157,166,168,171,207,210,224,226,227,228,253,258,266,307,329,336,342,343,362,364,366,370,389,394,396,412,416,418
39:1,8,14,23,32,33,37,156,58,82,89,93,98,103,119,123,137,157,174,186,188,197,203,210,211,232,236,239,247,256,257,264,267,274,285,296,320,339,347,356,371,383,389,405,406,408,422,424
40:2,4,15,17,22,26,30,47,45,57,58,60,62,65,66,76,83,95,101,103,109,128,134,144,153,155,161,167,178,179,181,183,188,192,196,198,210,225,226,235,256,269,275,285,291,306,310,314,315,328,330,333,342,344,352,354,359,362,366,371,373,386,405,410,416,428
41:13,31,37,281,65,69,87,95,96,103,109,110,116,123,151,155,158,162,163,165,171,186,198,203,223,233,240,254,255,265,275,276,280,289,305,320,325,333,337,345,352,365,374,381,385,396,402,403,415,416
42:0,3,30,36,282,52,54,56,69,72,80,85,98,109,111,112,127,128,135,157,170,179,180,184,198,216,222,229,236,241,245,253,257,258,275,276,277,278,285,291,293,298,303,308,311,319,328,376,386,400,408,413,421
43:2,8,11,14,19,20,24,27,35,340,55,56,60,66,69,71,83,86,97,102,114,116,117,136,140,142,145,148,163,169,170,185,202,210,218,235,237,238,248,279,294,308,313,315,317,325,328,333,336,337,339,346,353,375,382,394,401,403,405,411,424
44:4,31,36,37,285,49,51,60,68,70,75,82,91,98,120,129,133,135,142,153,158,162,171,172,180,183,187,188,189,191,192,196,199,208,219,223,240,242,246,249,251,252,261,263,265,275,287,291,294,296,304,306,319,320,326,340,354,362,370,383,393,395,406,418,425
45:2,7,8,15,26,32,40,395,48,71,93,102,114,123,130,132,138,148,151,156,158,163,164,175,177,190,191,194,203,207,214,224,238,243,244,248,253,270,271,272,273,281,296,309,320,327,328,339,353,361,364,372,375,387,388,390,391,393,396,402
46:21,22,26,29,31,34,124,58,75,81,90,91,94,128,130,133,146,150,155,157,162,166,180,184,191,193,200,203,209,212,230,243,257,264,282,285,299,300,305,327,330,339,342,349,350,363,364,378,389,392,396,402,403,407,424,427
47:21,31,37,40,216,48,49,52,53,64,76,77,86,90,91,130,133,139,153,157,167,180,197,199,206,209,211,218,224,225,234,246,250,251,266,294,295,296,303,334,341,349,350,353,354,389,416
48:10,13,30,45,47,273,49,51,53,67,77,89,91,93,95,98,100,128,133,142,148,160,164,167,193,209,233,234,238,244,248,250,260,264,267,268,271,290,307,315,319,320,324,328,329,354,361,367,376,380,403,427,428
49:0,2,13,19,33,36,44,47,48,185,59,63,78,109,110,120,139,153,173,184,194,195,199,205,206,207,214,222,231,236,250,285,287,293,301,311,312,320,323,341,353,355,357,358,365,374,382,391,392,413,415,422
50:4,8,12,22,24,32,36,38,340,65,70,78,82,86,100,102,109,113,114,128,136,140,149,152,157,163,171,177,180,184,186,187,192,195,207,220,227,233,240,244,251,257,281,306,315,326,331,334,341,348,350,368,371,372,382,384,392,396,413,419
51:16,19,33,34,44,48,236,55,57,67,70,71,77,78,89,115,144,173,180,188,192,194,200,213,215,220,221,222,228,235,245,264,268,293,298,300,322,330,337,350,352,366,368,375,379,387,399,410,419
52:2,4,15,23,24,25,42,47,301,63,67,78,79,82,95,97,102,114,115,116,136,137,139,140,150,156,157,166,173,176,192,193,200,202,234,240,242,258,267,275,280,282,284,289,290,304,329,332,338,345,367,379,383,389,400,404,407,409,410,419,424,425
53:2,10,12,17,21,23,29,31,47,48,387,55,57,58,59,62,64,65,66,78,80,87,91,101,113,116,121,129,138,143,150,152,159,163,169,175,182,206,216,227,231,233,243,255,256,266,267,279,286,291,302,306,331,332,348,349,354,360,366,375,394,412,414,425
54:26,31,37,38,42,112,57,59,60,63,64,66,68,99,105,108,116,118,119,127,129,133,135,136,144,146,158,173,176,183,187,188,198,205,213,216,228,249,255,268,277,279,288,298,305,317,318,319,323,331,333,343,354,361,362,363,365,369,372,390,392,397,401,409,424
55:0,1,6,11,22,28,43,51,53,168,59,61,64,70,90,92,98,99,110,119,120,129,131,136,137,139,140,148,149,178,187,193,224,237,249,256,261,265,268,270,271,273,284,286,293,298,301,324,332,337,347,348,358,359,406,408,410,413
56:4,10,16,34,36,42,43,122,63,77,80,84,102,104,106,116,117,139,148,151,153,157,161,162,165,174,186,189,190,197,201,203,209,211,216,238,242,254,261,263,264,266,272,273,281,283,293,296,305,312,319,349,350,356,370,374,384,409,412,417,419,425
57:0,7,16,21,40,51,53,54,402,63,72,74,81,82,120,140,142,149,150,152,175,177,178,180,184,188,195,204,206,217,218,225,242,244,245,251,252,256,271,277,281,300,308,324,355,357,375,377,409,425
58:10,13,19,22,32,36,39,40,46,53,291,59,70,82,83,100,137,139,178,200,207,216,219,226,232,236,241,256,257,258,276,286,294,299,301,319,328,333,340,361,372,375,386,416,426
59:0,5,6,10,15,22,23,49,53,54,55,58,324,91,112,114,116,120,123,151,167,170,176,191,204,210,217,219,221,231,236,239,240,249,258,268,271,275,278,280,283,294,307,308,325,329,338,348,352,356,369,382,383,398,402,406,407,412,413,417,421,423
60:2,12,17,20,21,23,27,38,40,43,44,54,235,61,78,80,92,97,99,108,109,113,117,127,131,145,150,183,197,207,213,238,246,250,258,265,276,281,283,294,310,322,337,342,353,356,360,361,375,389,402,403,408,416,419
61:0,4,6,7,12,13,55,60,217,69,70,82,83,117,122,130,139,141,147,151,159,171,176,177,180,181,187,194,196,221,237,248,254,269,276,285,287,288,296,313,314,333,370,376,377,378,389,392,402,403,425
62:10,14,33,40,53,377,68,70,71,83,100,102,106,110,115,116,124,130,138,139,140,147,151,154,157,162,164,169,191,212,232,246,249,274,279,300,310,315,318,326,331,339,344,356,357,365,369,376,388,393,394,395,400,405,413,423
63:3,9,28,29,31,49,52,54,56,57,230,68,72,83,88,91,92,101,104,119,121,126,136,176,177,186,190,192,204,214,229,247,263,271,290,293,303,315,330,340,345,367,425,428
64:0,17,25,29,47,53,54,55,409,72,74,79,83,84,86,90,95,96,109,111,125,126,127,133,138,141,143,148,155,165,168,171,180,182,221,232,234,237,251,260,269,272,277,291,303,305,333,355,361,366,382,386,389,397,413,418,419,423
65:3,22,40,41,50,53,318,109,115,127,132,138,142,146,147,148,170,210,213,218,228,233,242,249,261,264,292,311,317,324,330,333,337,355,359,360,366,370,375,376,382,389,390,396,425,426
66:1,5,6,11,12,22,27,36,40,43,53,54,295,80,88,91,92,94,100,103,106,111,115,122,126,127,130,132,133,134,139,142,162,185,195,229,237,238,253,262,301,305,312,316,319,321,326,332,353,365,386,388,389,415,420,425,428
67:1,5,6,10,14,16,27,36,38,48,51,52,241,69,71,77,83,93,95,117,120,139,143,148,149,161,165,168,178,181,182,186,191,208,209,212,219,220,222,233,251,257,259,294,295,298,300,303,304,313,315,319,324,349,361,364,372,379,389,407,420,427
68:3,20,26,29,30,32,38,44,54,62,63,407,73,75,77,81,95,96,100,104,114,120,128,143,146,147,151,157,167,185,204,220,227,234,245,246,259,260,270,289,300,301,318,322,358,364,370,372,373,392,404,409,422,424
69:12,27,31,38,41,42,43,61,67,299,71,73,77,87,114,133,136,179,188,192,198,209,218,226,227,229,238,249,270,290,301,344,349,351,352,359,363,369,376,383,396,403,411,429
70:0,3,18,28,44,50,51,55,58,61,62,381,84,89,103,105,117,141,143,146,160,165,176,178,188,194,196,204,210,215,227,232,242,260,265,276,290,295,305,317,319,320,326,342,344,346,365,373,383,396,398,404,422,429
71:5,16,25,26,43,45,51,62,67,69,291,72,73,76,80,90,92,97,101,108,109,112,120,124,140,155,158,195,208,209,225,238,273,275,276,282,288,304,314,330,334,350,353,372,385,398,401,407,416,421,427,429
72:1,9,31,42,57,63,64,71,217,78,85,87,103,115,123,130,133,136,137,138,168,171,181,201,234,253,256,263,271,281,285,292,308,314,328,331,359,369,377,381,396,399,414,415,429
73:1,17,33,68,69,71,359,90,99,107,114,116,124,134,135,136,141,147,151,154,155,159,169,172,185,189,198,199,200,208,216,218,223,229,246,248,268,274,281,290,305,313,314,324,328,343,346,353,356,367,380,387,397,401,406,413,429
74:6,11,17,29,30,31,57,64,209,76,77,81,85,87,90,100,103,116,117,120,122,124,125,133,144,156,163,175,181,185,186,189,212,225,226,228,243,244,255,260,262,267,281,285,318,319,329,340,344,357,359,364,381,382,384,386,398,402,413,415,426,427,429
75:2,13,26,44,46,68,389,76,78,79,84,103,113,114,120,123,125,130,147,150,171,178,179,180,183,202,203,219,221,224,226,229,250,262,270,281,283,295,303,308,309,310,316,327,329,333,337,340,342,347,354,363,372,379,382,396,423
76:6,10,28,40,47,71,74,75,157,80,85,87,91,92,95,100,104,111,119,122,124,127,131,134,156,158,159,162,165,167,172,174,175,180,181,191,212,216,218,228,237,253,257,275,276,290,292,304,314,328,329,344,358,363,364,366,368,375,383,390,397,402,405
77:1,9,10,15,25,47,48,51,56,67,68,69,74,100,79,93,112,120,122,136,144,159,170,179,181,188,196,197,198,201,206,211,223,234,248,261,272,279,283,287,304,305,309,312,317,325,328,333,340,343,345,351,355,357,361,363,364,393,404,410,416,418,419
78:1,21,23,49,50,51,52,53,60,72,75,282,79,89,105,112,119,131,141,147,157,163,166,168,189,195,197,202,212,232,238,245,246,272,286,292,324,329,361,362,369,376,378,380,383,385,392,411,415,416,417,420,427
79:26,35,52,64,75,77,78,94,81,86,93,102,103,110,126,142,166,174,202,203,215,218,226,230,239,251,256,261,262,270,272,277,278,285,311,314,319,326,330,335,338,344,368,370,372,374,382,385,410,420
80:21,26,30,42,53,56,60,66,71,76,262,91,95,96,108,110,113,128,129,132,144,146,152,162,171,175,191,192,201,205,207,213,219,228,231,239,243,247,248,254,255,258,260,275,296,302,313,329,331,341,346,352,356,362,373,382,385,387,391,394,398,399,411,412
81:5,19,23,38,46,57,68,74,79,287,103,107,129,131,146,156,185,190,206,237,238,240,250,263,296,301,317,320,321,336,341,344,347,349,392,404,416,417,422,424
82:2,5,30,35,39,44,50,52,57,58,61,200,98,99,100,116,122,134,139,143,147,164,178,181,185,187,194,202,204,213,218,221,222,259,264,274,281,286,288,291,330,339,341,345,346,348,355,357,422
83:0,6,7,15,17,18,19,30,33,34,40,43,58,61,62,63,64,67,117,87,89,90,121,139,140,151,164,173,178,187,192,194,199,220,224,239,240,249,251,257,267,276,292,301,303,309,310,331,339,345,349,362,368,376,380,383,387,391,405,406,409,420,425
84:1,4,16,19,34,37,56,64,70,75,192,87,100,103,112,151,154,157,160,172,173,190,199,205,208,211,219,224,225,246,298,309,326,343,350,357,358,361,377,386,395,411,414
85:31,42,72,74,76,245,97,99,108,112,123,126,136,151,155,159,167,175,176,193,210,211,219,232,246,252,259,264,270,274,298,303,306,308,314,336,339,343,345,357,373,377,381,388,394,396,402,403,406,407,410,412,414,417
86:14,22,33,43,47,50,64,79,269,99,100,102,110,113,124,125,131,142,167,169,171,172,187,191,192,214,215,221,225,231,242,245,247,260,263,264,276,288,292,296,306,339,346,367,368,372,373,382,384,385,393,397,402,424
87:12,31,41,53,69,72,74,76,83,84,140,93,95,102,104,112,115,127,137,151,168,173,193,212,223,230,235,237,241,246,250,256,289,303,306,316,325,333,338,343,350,363,375,407,419,422,423
88:5,8,15,16,21,26,35,63,66,240,96,106,109,117,119,122,143,152,165,171,177,178,184,203,216,235,250,257,268,276,286,287,311,312,321,327,329,337,341,343,344,347,349,350,356,367,385,398,405,406,409,417
89:3,8,10,14,25,29,30,39,48,51,70,78,83,291,92,103,108,113,119,122,123,127,134,135,137,142,161,163,197,211,217,223,230,246,267,269,270,289,313,316,318,327,359,362,369,371,372,373,381,391,395,396,400,401,403,404,408,409,423
90:2,14,16,18,28,35,38,46,47,55,64,71,73,74,83,326,96,102,125,126,132,139,147,149,151,154,161,167,171,174,183,188,197,219,224,226,235,243,257,264,266,268,299,301,320,340,342,350,362,390,396,397,402,406,418,426,427
91:18,25,28,44,46,47,48,53,59,63,66,76,80,394,101,108,112,127,128,134,144,146,152,157,164,179,181,183,195,199,200,204,213,215,229,240,249,256,257,263,288,301,302,310,315,330,333,353,361,370,393,408,411,418
92:7,10,26,35,55,60,63,66,71,76,89,370,107,115,117,119,123,124,127,144,147,148,151,158,161,174,180,185,189,194,195,200,201,205,207,217,228,230,238,241,245,247,253,257,261,298,302,305,307,313,335,338,342,354,362,366,369,390,391,392,395,399,401,402,408,417
93:0,2,3,5,6,15,23,31,39,45,48,67,77,79,87,408,94,106,108,118,136,162,174,178,186,197,222,225,236,239,275,294,300,309,343,346,355,357,359,369,378,388,393,404,412,417,423
94:7,22,25,32,46,66,79,93,388,96,97,99,117,123,125,136,152,157,185,193,196,203,209,211,216,235,243,250,252,257,260,262,265,268,271,277,278,281,284,290,294,299,310,320,322,339,349,357,362,372,377,389,391,412,422
95:1,7,11,18,29,37,40,41,48,52,64,67,68,76,80,87,376,99,104,106,111,115,119,121,122,123,127,139,151,152,155,162,164,182,186,191,204,207,220,224,228,240,253,255,256,263,265,270,290,292,294,295,304,305,325,327,328,330,340,350,356,363,366,370,385,407,412,416,425,426
96:0,2,7,10,13,15,16,17,41,64,68,80,88,90,94,150,125,130,134,136,147,165,182,185,190,191,210,238,252,260,262,265,267,274,276,277,295,304,307,312,329,335,341,345,349,353,363,375,380,381,387,390,391,397,401,418,425,426
97:1,10,11,16,43,52,60,71,85,94,380,103,105,118,120,125,142,147,152,165,171,183,184,185,196,199,200,218,219,224,251,260,262,265,269,283,285,309,313,354,361,369,381,392,400,402,421,424,429
98:9,13,16,19,27,39,42,44,48,55,82,413,99,101,110,115,120,123,130,140,142,145,148,174,192,205,207,208,212,229,241,251,269,283,287,295,305,315,316,321,325,326,328,340,355,360,367,371,373,382,399,426
99:15,17,33,38,54,55,60,73,82,85,86,94,95,98,219,104,111,113,119,120,126,132,134,148,151,166,167,172,176,181,190,195,220,223,238,239,246,258,259,272,283,284,285,294,303,305,306,327,339,347,349,361,362,368,370,377,378,397,403,409,429
100:2,8,24,27,37,48,50,58,62,66,68,74,76,77,82,84,86,339,103,105,108,109,110,114,127,128,145,156,159,166,167,169,172,183,193,194,202,221,237,251,253,265,274,276,277,282,289,300,302,315,316,333,334,344,345,351,365,376,381,389,398,407,412,415,416,424
101:2,4,5,8,26,40,53,63,71,91,98,149,102,107,111,112,118,121,133,137,152,158,160,163,185,198,203,215,222,225,232,251,256,260,273,276,279,281,288,289,290,295,304,309,315,316,318,324,337,343,353,363,364,370,374,375,391,408,409,414,426
102:0,18,23,43,45,50,52,56,62,79,86,87,90,101,418,132,140,149,151,157,166,171,175,184,186,197,203,206,211,213,218,220,232,236,244,262,268,272,276,291,294,296,307,308,335,342,355,396,415,416
103:4,5,17,32,39,40,41,66,70,72,74,75,79,81,84,89,97,100,311,106,117,121,125,136,137,161,190,198,209,210,218,219,220,221,229,238,260,268,277,279,281,292,296,303,304,307,317,329,334,338,348,351,379,382,384,386,402,409,417
104:4,18,30,56,63,68,76,87,95,99,126,110,123,125,133,139,140,159,160,175,182,183,186,191,192,199,205,210,219,225,228,229,239,242,248,269,272,275,276,278,282,298,300,311,316,347,348,353,358,367,376,377,396,400,404,412,414
105:22,24,38,54,70,78,97,100,155,108,111,119,123,131,139,140,147,148,150,157,169,174,179,194,222,223,234,253,268,271,301,303,304,308,311,315,321,322,342,346,350,365,367,368,373,384,394,398,409,417,422,428
106:0,2,5,16,23,36,37,56,62,66,88,93,95,103,310,108,109,111,113,126,129,137,142,146,148,149,154,162,165,169,173,192,209,212,213,228,238,244,258,273,285,287,299,315,319,323,327,333,344,347,348,357,360,361,367,395,407,420,428
107:0,5,7,8,17,18,73,81,92,101,128,110,111,115,118,120,122,124,125,131,133,137,140,143,146,152,156,160,189,190,196,203,214,221,233,257,264,269,274,275,286,290,291,292,295,298,301,308,312,313,325,337,343,347,353,354,355,359,360,379,381,392,395,406,414,416
108:19,24,30,34,54,60,71,80,85,89,91,93,100,105,106,234,113,124,125,133,145,151,153,155,157,165,177,191,213,214,222,235,250,260,264,268,269,309,310,341,344,364,391,415,416,419
109:5,6,7,25,28,29,30,35,36,40,41,42,49,50,60,64,65,71,88,100,106,193,117,126,138,139,166,179,185,186,187,191,204,208,210,211,215,219,226,228,236,248,262,264,266,268,280,288,294,310,312,313,315,317,323,329,336,347,357,358,360,370,381,387,401,414
110:12,41,49,55,62,79,80,86,98,100,104,107,411,136,140,141,143,145,156,159,169,171,175,182,189,191,197,198,222,231,237,241,242,255,260,276,280,282,285,286,298,307,309,315,323,345,377,380,383,401,406
111:3,6,17,18,35,38,42,64,66,76,95,99,101,105,106,107,400,115,123,133,142,147,149,152,155,157,164,172,176,191,193,197,208,220,242,245,253,266,303,310,323,324,327,329,335,340,346,349,352,359,368,378,379,383,392,394,399,407,416,427
112:18,34,42,54,59,71,77,78,84,85,87,91,101,345,126,142,145,157,162,165,184,190,198,200,203,211,216,217,218,225,235,237,238,241,245,246,259,262,277,280,298,312,323,324,325,328,331,332,335,337,342,354,373,377,380,405,406,412,413,419
113:2,7,11,13,25,50,53,60,75,80,86,89,99,106,108,392,119,122,128,131,134,136,137,168,174,175,178,188,189,197,198,205,214,215,217,227,232,241,243,248,255,257,282,300,313,314,315,317,343,370,371,398,404,414,429
114:19,20,21,22,32,34,35,43,45,50,52,59,68,69,73,75,100,142,119,124,131,135,146,163,171,174,176,180,188,210,211,248,272,290,301,303,304,305,336,337,341,346,357,369,374,385,390,394,395,406,410,415,417,420
115:9,21,23,51,52,62,65,66,72,87,92,95,98,107,111,186,124,126,128,136,167,168,174,183,187,191,224,232,246,250,252,259,263,266,267,271,272,274,281,284,285,293,298,306,314,322,325,344,348,359,364,379,381,385,390,412,427,428,429
116:8,11,12,13,17,21,26,30,32,38,41,43,52,53,54,56,59,62,73,74,82,350,121,129,134,141,166,173,175,177,197,205,210,211,216,218,228,232,235,244,249,250,254,259,279,281,287,298,300,304,306,308,311,319,336,344,361,362,374,376,381,384,385,399,402,416,429
117:2,6,8,21,22,31,32,43,56,60,61,67,70,74,83,88,92,94,103,109,356,126,135,143,147,150,165,167,176,177,181,203,216,217,222,227,229,232,235,236,248,253,256,268,286,291,301,309,310,314,317,326,357,362,366,368,369,379,390,396,398,400,408,427
118:7,22,24,26,29,54,93,97,101,107,361,125,131,136,155,185,196,202,218,232,236,237,239,247,255,284,295,302,315,324,326,331,338,348,350,356,363,372,377,386,391,407,409,416,417,421,423,425
119:39,54,55,63,76,78,88,89,92,95,99,105,113,114,197,121,122,125,138,140,148,163,189,196,199,210,213,216,224,229,265,271,275,293,297,301,316,317,318,321,328,339,347,348,351,368,378,381,383,387,392,395,397,417,422,426,427
120:5,10,14,26,29,32,37,44,49,55,57,59,67,68,71,74,75,77,97,98,99,107,414,134,149,173,189,191,195,199,204,222,224,225,226,238,240,247,248,260,264,270,276,277,278,279,283,286,294,301,302,305,315,336,364,375,379,390,399,404,420,422
121:4,12,16,53,63,83,95,101,103,116,119,182,122,128,159,160,164,179,201,205,219,228,242,251,269,270,281,283,297,300,315,326,353,361,362,368,388,391,396,404,415,425
122:4,5,13,21,22,23,31,35,56,61,66,74,76,77,82,88,89,95,107,113,119,121,168,124,138,139,141,147,173,177,179,187,192,198,206,208,222,232,233,266,269,270,293,335,340,365,378,408,415
123:21,22,28,39,41,45,59,72,75,85,89,92,94,95,98,104,105,111,309,135,145,155,157,159,160,161,175,179,183,188,190,191,192,197,198,204,211,212,225,231,238,241,247,248,262,270,275,281,282,293,300,312,313,329,338,347,349,360,361,362,363,364,400,406,408,418,427
124:8,9,11,22,46,62,71,73,74,76,86,92,107,108,114,115,122,246,128,138,142,144,147,152,153,156,158,160,164,173,179,186,192,204,226,244,253,254,257,262,271,281,282,283,293,294,295,304,314,317,329,333,362,366,371,380,389,393,403,408,409,419,425,426,427
125:1,5,13,20,22,64,74,75,86,90,94,96,97,103,104,107,108,118,119,422,127,142,143,153,161,162,167,177,186,188,201,203,204,213,239,243,244,247,255,257,258,274,287,288,293,294,296,305,317,339,345,360,369,375,396,426
126:1,5,14,17,35,63,64,66,79,85,90,99,104,106,109,112,115,117,424,130,146,148,158,168,175,195,204,212,215,231,232,235,240,242,250,257,260,262,263,264,278,288,294,295,303,304,315,318,325,358,370,378,384,404,406,407,410,412,419
127:3,25,30,37,42,54,60,64,65,66,76,87,89,91,92,95,100,125,340,129,142,160,164,168,190,201,208,209,213,218,221,237,243,258,273,274,280,282,318,321,326,337,344,350,355,392,393,395,403,413,420,425,429
128:3,14,27,32,36,40,42,46,48,50,68,80,91,100,107,113,115,121,124,276,135,136,138,139,156,160,164,182,183,188,194,202,206,212,221,222,233,235,244,248,253,261,262,269,271,284,290,319,332,352,364,371,394,418,421,426
129:6,19,31,32,38,44,53,54,55,80,81,106,116,127,429,152,153,168,178,184,188,190,196,199,206,211,228,235,238,243,255,257,261,266,270,278,286,290,295,299,309,314,331,332,336,340,350,366,373,376,388,396,397,410,425
130:16,27,38,45,46,47,61,62,66,72,75,96,98,126,339,132,133,137,148,155,158,163,165,180,185,189,215,217,218,220,243,246,262,287,306,308,313,315,318,319,341,346,352,366,373,376,407,422,426
131:7,11,20,22,37,55,60,76,78,81,86,105,107,113,114,118,151,150,155,187,195,211,218,219,227,248,255,267,270,281,290,298,300,305,313,314,319,329,330,333,334,340,341,347,350,386,390,407,415,425,429
132:1,3,5,14,29,37,45,65,66,80,90,99,102,130,207,134,171,175,182,188,200,208,211,213,228,234,247,252,266,268,283,285,302,305,307,309,313,314,326,332,337,341,342,370,372,379,386,388,392,396,397,398,402,410,416,423
133:1,2,13,14,21,23,30,35,37,44,46,47,48,54,64,66,69,72,74,101,104,107,108,111,130,378,142,146,157,169,178,193,197,213,218,223,226,240,242,248,260,265,272,275,296,299,302,307,315,325,330,336,339,344,351,352,358,376,393,395,400,402,404,419
134:0,8,10,29,40,66,73,76,82,89,91,96,99,113,116,120,132,414,136,138,141,144,157,163,172,199,200,213,214,221,238,247,252,273,280,288,289,293,300,319,323,324,326,329,344,348,352,369,372,374,394,395,425,428
135:0,4,9,11,17,18,20,22,28,34,42,44,54,73,89,114,117,123,128,373,166,173,179,192,196,201,213,217,224,240,242,244,249,254,259,261,263,269,273,278,280,285,296,327,330,346,359,372,380,384,386,390,398,403,409,417
136:0,4,6,32,34,43,50,52,54,55,63,69,72,73,77,85,93,94,96,103,110,113,115,118,128,134,364,138,140,145,149,153,181,186,189,207,211,238,262,275,280,313,327,330,342,350,353,367,378,391,392,397,410,417,418
137:0,3,6,9,21,39,52,55,58,72,87,89,101,103,106,107,113,130,363,138,139,143,144,149,155,167,195,196,197,199,201,224,229,232,247,261,269,270,272,278,284,291,311,317,325,328,329,334,345,348,350,353,355,368,370,372,377,380,387,398,417,423,429
138:1,10,12,26,32,33,34,45,53,62,64,65,72,109,119,122,124,128,134,136,137,364,141,147,148,155,172,179,195,197,202,210,214,218,226,242,260,261,273,276,284,287,289,304,321,322,324,333,335,341,366,368,375,398,399,401,405,423,425,428
139:1,7,12,15,27,36,47,49,52,55,56,58,61,62,66,67,82,83,90,95,104,105,109,122,128,137,382,147,148,150,159,165,177,182,186,199,207,209,221,223,232,241,255,266,286,291,292,298,305,307,312,328,333,336,345,349,360,369,371,385,390,393,397,402,412,414,417
140:1,4,5,19,32,43,50,52,55,57,62,71,83,87,98,102,104,105,107,110,119,136,322,143,144,146,151,152,154,157,166,179,182,186,195,197,201,218,220,233,239,243,257,287,313,338,344,352,357,366,367,369,372,394,402,403,407,425
141:0,6,11,13,61,64,70,73,78,110,116,122,134,138,237,142,146,148,150,163,166,167,177,185,186,188,221,227,235,239,243,251,256,266,290,292,296,297,298,299,304,308,309,310,314,320,327,329,336,350,353,371,392,399,404,406,411,422
142:0,2,11,12,15,20,43,44,48,57,65,66,79,86,89,97,98,106,111,112,114,124,125,127,133,141,189,146,152,154,162,174,183,193,197,198,211,215,221,222,225,226,245,251,255,267,283,286,288,292,296,304,319,330,332,362,365,367,371,384,398,399,408,419
143:2,21,23,37,53,64,67,68,70,82,88,107,110,117,125,137,140,360,149,156,158,164,165,169,170,177,190,199,202,205,229,238,245,247,252,255,269,279,282,298,300,309,313,315,316,319,326,328,338,341,342,346,348,376,389,395,408,413,421,426
144:0,9,11,23,26,33,40,51,54,74,77,80,91,92,124,134,137,140,329,151,163,169,170,181,183,190,194,198,204,206,229,246,260,262,264,270,296,304,310,318,338,346,354,357,372,387,398,404,414,422
145:3,16,17,26,27,36,38,43,60,98,100,108,110,112,123,136,354,147,155,156,161,197,203,224,234,259,263,290,298,317,329,331,348,360,364,368,369,383,384,387,427
146:1,2,22,26,30,35,37,38,46,54,65,68,70,80,81,91,106,107,114,126,133,140,141,142,338,149,153,160,171,183,189,192,198,201,214,219,221,226,231,235,243,244,249,254,255,261,266,269,273,277,297,320,325,327,331,337,345,352,354,361,362,379,399,403,406,415
147:1,5,30,35,61,62,65,68,73,75,78,82,90,92,96,97,105,111,117,122,124,138,139,145,224,149,155,167,181,190,193,206,218,241,262,267,271,281,288,292,300,325,327,331,340,346,356,358,364,380,391,407,415,418,424
148:5,6,23,26,35,36,43,45,48,55,56,64,65,67,92,98,99,105,106,119,126,130,138,139,141,307,151,156,165,172,175,176,177,179,189,194,203,206,214,243,253,262,264,268,302,318,320,324,326,338,347,354,359,384,390,395,423,424,428
149:4,7,9,27,34,50,55,57,67,90,101,102,106,111,120,136,137,143,146,147,271,152,154,162,164,168,183,199,208,209,210,214,225,243,246,250,262,295,296,307,309,324,325,338,357,373,383,387,388,397,407,416,421
150:5,13,21,27,30,33,46,52,53,57,60,75,96,105,117,131,139,141,360,164,166,168,169,176,185,235,248,252,253,288,301,302,306,310,322,325,334,338,347,351,355,387,404,405,410,411
151:8,13,18,19,26,27,28,34,35,38,41,45,56,59,61,62,68,73,83,84,85,87,90,92,95,99,102,108,131,140,144,148,403,159,162,170,183,197,199,200,205,228,233,234,236,249,254,259,260,268,273,297,298,303,304,322,333,337,343,344,377,385,391,392,406,428
152:6,7,13,50,53,57,80,88,91,94,95,97,101,107,111,124,129,140,142,149,375,156,161,178,201,214,217,231,234,236,238,260,270,277,278,283,288,304,308,310,316,317,318,327,328,352,353,356,365,368,376,399,422
153:0,9,15,27,29,30,36,40,44,47,49,56,108,124,125,129,136,146,310,159,163,171,172,177,181,185,201,216,217,219,239,241,247,250,251,267,269,270,299,330,331,334,341,345,346,356,364,365,374,384,394,397,400,410,412
154:10,13,14,15,16,18,34,38,62,73,84,90,106,140,142,149,221,156,157,176,195,209,211,214,222,225,229,230,234,262,265,276,287,291,309,313,321,332,343,355,356,357,359,366,370,371,377,378,384,387,389,397,419
155:4,29,30,36,40,41,46,64,71,73,85,95,105,108,111,118,123,130,131,137,138,145,147,197,168,172,174,177,190,193,213,222,244,253,261,277,285,295,296,304,327,334,338,341,354,365,375,382,389,398,406,407,408,429
156:5,25,34,36,39,45,52,74,76,81,100,107,110,124,128,143,145,148,152,154,167,162,172,178,183,189,190,192,208,225,238,240,242,247,252,263,265,288,292,297,298,299,302,306,318,338,340,341,344,366,368,369,374,378,400,418,424,425,427
157:2,7,9,13,17,18,20,22,38,39,42,46,47,50,52,56,62,68,76,78,84,91,94,102,105,108,111,112,123,133,134,140,154,293,162,169,173,175,178,195,198,216,222,226,247,262,292,302,320,323,327,340,351,366,381,388,392,395,399,406,416
158:0,22,41,44,45,54,71,76,92,101,124,126,130,143,249,167,188,193,199,240,258,267,268,294,299,300,303,311,326,335,339,344,349,360,362,363,366,369,409,411,417
159:11,12,13,53,61,73,76,77,85,100,104,110,121,123,139,151,153,382,164,172,180,191,203,215,217,222,228,237,240,242,244,246,248,251,268,274,276,281,284,302,311,316,326,336,339,343,347,369,374,380,381,385,394,404,405,406,417
160:2,13,24,27,32,35,48,70,84,101,104,107,121,123,124,127,128,146,408,165,169,170,172,182,184,199,214,219,234,235,237,244,249,252,258,259,265,289,301,329,331,334,337,343,350,355,360,367,369,374,375,387,388,392,403,416,417,421,427
161:15,22,23,25,40,56,67,89,90,92,103,123,125,145,152,328,169,171,177,192,197,210,215,225,232,234,238,239,244,251,265,276,281,284,291,293,295,307,308,317,323,330,369,386,411,419,420
162:2,15,41,44,46,56,62,66,76,80,93,95,106,112,125,142,149,151,156,157,198,202,203,206,215,221,235,252,286,308,325,331,334,350,359,362,385,388,389,392,398,402,406,412,414,421,427,429
163:1,10,23,28,32,37,41,43,45,50,53,74,78,89,101,114,119,130,134,141,144,153,316,165,173,177,193,203,223,226,246,255,259,260,264,267,269,289,293,296,303,304,313,325,349,351,382,394,395,403,404,405,408,412,426,427
164:0,14,36,45,48,62,82,83,91,95,111,121,124,127,128,143,149,150,159,222,170,173,193,197,198,200,209,214,217,221,227,232,240,244,254,275,283,301,304,317,322,331,335,344,363,377,380,385,386,390,399,401,407,408,409,420
165:20,26,29,41,56,64,67,70,76,88,96,97,106,108,112,117,130,139,143,148,160,163,217,172,182,189,198,200,201,204,205,213,222,229,248,250,251,255,260,287,296,302,303,312,313,318,323,326,348,351,363,364,378,390,417,418,421,423
166:3,11,28,29,31,32,38,46,52,78,79,99,100,102,109,116,135,140,141,150,418,168,171,172,175,183,188,191,199,217,220,225,233,240,242,244,273,287,298,299,310,319,320,325,330,344,346,365,367,375,376,383,387,390,407,410,412,419,422,425
167:1,2,6,10,20,21,29,30,33,36,40,47,48,59,68,76,85,86,90,99,100,115,117,125,137,141,147,156,158,276,178,185,206,217,223,224,227,238,240,255,256,267,271,273,275,288,291,299,313,324,325,328,337,338,352,375,383,386,389,394,402
168:0,11,23,26,27,30,38,55,64,67,72,78,87,113,115,122,126,127,129,149,150,155,166,179,170,174,182,189,190,209,210,216,217,222,223,242,246,253,258,282,290,295,304,309,319,320,325,326,333,336,342,347,360,387,396,415,426
169:5,28,30,35,43,53,62,73,86,100,105,106,110,133,143,144,150,157,160,161,247,171,177,189,192,199,206,216,220,224,239,246,257,278,281,292,294,299,300,303,313,316,326,330,332,337,338,339,344,347,348,372,374,385,388,395,398,403,405,413,414,423,427
170:1,14,16,36,42,43,59,65,77,143,144,151,160,164,168,227,182,184,185,209,217,231,237,241,242,257,272,279,296,300,302,303,327,329,335,347,350,352,368,413,415,417,424,427
171:5,13,14,23,31,36,38,41,44,50,61,64,72,75,80,86,88,90,97,102,110,114,132,146,153,161,166,169,190,181,195,199,206,208,220,229,246,253,255,272,273,277,279,292,297,300,305,313,338,344,348,350,357,365,374,375,385,414,416,421,426
172:4,21,26,30,34,44,73,76,84,86,99,100,111,134,138,148,153,155,156,159,160,165,166,302,176,179,199,206,210,217,221,228,232,233,239,244,248,274,277,279,296,297,308,319,322,330,336,349,354,367,374,393,397,398,407,417,424
173:19,31,49,51,52,54,83,84,87,106,116,120,122,124,135,157,163,164,380,183,195,201,205,207,215,224,227,237,238,243,244,266,272,277,285,292,298,311,315,324,343,345,354,360,367,371,392,397,406,420
174:5,6,7,9,14,16,19,25,34,39,56,76,79,90,92,93,98,105,113,114,115,142,155,168,226,179,184,196,202,220,222,233,249,253,256,262,270,277,285,287,288,297,298,310,324,337,343,344,346,351,352,373,392,395,397,399,412,415,419,422,424
175:6,12,22,31,33,45,53,57,74,76,80,85,102,104,110,113,116,123,126,132,148,157,166,308,188,195,197,212,213,238,241,242,247,268,269,281,304,333,340,341,349,353,356,364,385,390,393,403,409,411,420
176:6,14,26,52,54,59,61,63,70,85,99,111,114,117,148,150,154,172,258,182,204,223,237,241,248,263,287,311,314,320,331,345,379,389,408,411,415,418,421
177:7,16,20,21,26,28,31,45,50,57,61,63,88,108,116,117,122,125,139,141,143,148,153,155,161,163,169,383,194,199,211,212,226,228,242,247,268,280,285,303,310,316,317,330,338,348,368,369,376,409,419,422,426,428
178:2,3,6,25,35,40,55,57,58,67,70,75,82,83,88,93,113,129,133,152,156,157,167,198,187,190,202,208,209,212,217,226,234,242,249,261,263,265,268,272,273,280,282,288,314,355,360,364,374,378,387,389,394,402,408,409,410,427
179:8,10,12,13,16,17,18,26,29,34,40,42,69,75,77,91,105,109,121,122,123,124,135,138,140,148,168,172,174,418,182,188,191,193,194,196,206,213,222,226,228,230,248,260,279,289,299,306,313,332,335,340,348,356,358,361,366,377,380,383,394,398,400,403,410,428
180:15,20,25,26,42,44,46,47,50,51,57,61,64,75,76,92,114,130,159,387,189,205,210,221,240,249,250,262,267,274,277,281,294,302,323,342,350,364,369,372,375,380
181:2,14,20,22,34,36,40,61,67,72,74,76,77,82,91,99,117,136,144,147,153,171,309,185,193,208,212,214,222,225,233,244,254,258,279,284,291,295,298,303,305,306,307,315,329,333,343,344,359,364,365,393,403,404,408,409,419
182:2,18,26,35,53,64,67,95,96,104,110,121,128,132,139,140,160,165,168,170,176,179,429,187,191,194,205,214,217,218,240,258,269,277,298,299,303,305,306,316,328,333,335,345,353,355,367,376,379,387,400,421,422
183:2,4,20,21,22,40,44,54,60,75,90,91,97,100,104,115,123,128,142,144,146,149,151,156,166,173,386,190,196,199,205,206,207,220,266,268,274,284,302,304,305,306,311,313,324,342,345,358,359,372,375,398,400,407,409,416,419,429
184:1,8,11,22,42,46,49,50,57,88,97,102,112,129,160,170,174,411,191,198,206,210,221,228,230,254,278,285,288,292,296,299,303,324,334,339,343,345,377,404,414,417,420,422,426,428,429
185:8,21,31,36,43,49,66,68,73,74,81,82,92,94,96,97,101,109,118,130,141,150,153,167,170,181,304,190,201,214,222,225,237,246,259,266,267,282,283,284,285,299,312,314,322,327,330,362,365,366,371,386,397,405,408,413,414
186:3,11,15,22,29,31,39,41,50,56,63,67,74,93,95,102,104,109,115,124,125,136,139,140,141,229,188,194,201,215,223,230,231,235,239,246,252,253,257,258,263,267,293,315,317,320,328,329,331,341,342,343,349,365,366,376,379,381,420,423,424,429
187:1,6,11,18,27,31,44,50,54,55,61,82,83,86,109,115,122,131,178,182,322,196,197,209,215,217,218,219,221,229,230,240,244,246,252,277,304,305,308,310,326,348,353,380,387,393,394,396,398,399,405,406,418,421,425
188:10,12,18,19,39,40,44,51,54,57,69,70,77,90,113,114,123,125,128,129,132,141,158,166,175,179,186,189,196,216,220,238,244,252,253,262,277,283,287,308,321,332,336,341,358,361,372,391,392,395,396,399,401,403,406,407,409,411
189:2,12,23,25,31,33,34,44,56,73,74,78,92,107,110,113,119,120,130,136,142,146,148,156,165,168,169,180,188,385,193,208,228,229,235,249,251,252,261,278,289,293,302,321,331,332,343,348,353,371,380,390,394,406,416,422,424,427
190:7,25,35,45,56,63,81,84,96,99,103,107,112,123,127,129,143,144,147,155,156,168,171,178,183,185,420,207,210,216,217,218,228,236,241,247,248,262,263,275,276,285,296,311,314,327,344,352,369,371,375,389,396,404,406,408,416,423,426
191:1,6,23,37,44,45,46,59,62,67,76,80,86,95,96,104,108,109,110,111,115,120,123,159,166,179,182,184,330,193,225,231,268,279,290,304,309,328,341,343,347,351,365,366,368,369,371,376,388,392,398,404,410
192:8,9,18,40,44,50,51,52,63,69,80,83,84,86,98,104,106,122,123,124,135,146,156,161,169,403,201,208,210,211,214,222,223,227,231,235,244,246,247,253,258,261,268,276,307,309,311,312,313,318,321,335,346,351,354,357,364,399,420
193:6,16,28,29,30,34,36,46,48,52,55,85,87,94,100,109,111,133,142,147,155,158,163,164,179,181,189,191,330,196,200,215,219,225,227,235,248,260,261,265,267,275,278,282,296,300,301,302,307,318,328,335,344,357,367,376,383,388,392,402,415,416,418,422,428
194:0,7,8,45,49,51,61,70,82,83,92,100,105,128,144,148,177,179,182,186,273,195,204,207,210,215,217,222,226,236,238,239,245,247,257,263,283,284,289,294,306,310,322,323,330,332,366,372,385,386,391,409,412
195:0,6,11,12,33,49,50,57,66,71,78,91,92,99,120,126,131,137,138,140,154,157,171,173,175,194,383,198,207,210,218,221,225,234,235,252,263,280,285,286,287,296,301,302,311,339,357,377,380,387,389,394,396,404,422,429
196:0,11,12,13,21,24,32,40,44,61,70,77,94,97,107,118,119,129,135,137,174,179,183,187,188,193,286,203,206,207,209,213,226,231,234,238,247,266,269,277,284,293,313,315,316,323,329,345,347,365,371,384,389,390,395,397,400,405,423,425
197:6,7,24,36,39,47,56,60,77,78,89,90,93,102,110,111,113,116,119,123,133,137,138,140,142,145,151,155,161,164,175,187,327,198,204,205,213,221,228,231,242,262,277,292,298,312,313,314,318,321,328,331,336,346,363,364,371,378,383,391,395,403,419
198:6,15,30,40,41,42,54,69,73,77,101,103,110,112,113,122,123,142,144,146,157,162,164,165,178,184,195,197,271,203,207,227,228,235,248,257,261,266,274,281,282,291,301,307,311,313,318,326,336,343,345,351,354,358,362,366,371,387,390,391,392,402,409,417,418
199:3,6,18,25,31,44,47,49,73,83,84,91,97,104,119,120,129,134,137,139,143,149,151,158,160,166,169,171,172,177,183,352,202,209,219,222,239,248,249,251,262,263,277,286,291,294,298,304,310,312,313,315,319,325,329,343,354,360,363,391,393,397,398,400,405,409,418,421
200:29,32,34,46,51,52,58,73,82,91,92,97,112,132,134,151,164,165,193,411,202,204,205,225,232,237,244,245,255,263,268,272,279,290,299,304,313,337,338,349,350,352,367,378,384,385,386,390,392,428
201:0,9,14,15,16,32,56,72,77,80,92,121,125,127,135,137,140,146,152,153,165,173,185,186,192,236,220,222,223,224,237,245,246,257,264,294,301,305,306,309,317,332,363,369,380,382,396,404,405,427,429
202:1,14,18,24,26,43,52,75,78,79,82,100,118,128,138,143,162,174,178,199,200,235,207,208,210,211,212,215,219,220,272,273,280,285,288,289,290,291,294,303,306,313,317,321,329,333,335,337,347,384,386,393,401,421,427
203:1,3,9,14,29,39,41,45,46,56,75,79,88,94,101,102,107,112,117,125,145,148,159,162,163,196,198,237,204,209,230,232,233,269,273,287,288,289,296,300,312,322,333,334,337,350,375,376,383,397,403
204:0,7,13,25,27,31,33,57,59,63,68,70,82,91,95,109,120,123,124,125,126,144,165,176,194,197,200,203,360,210,216,227,239,245,277,278,317,322,333,348,349,357,359,373,377,384,395,398,420,421
205:10,21,49,54,80,84,92,98,104,113,116,121,143,151,165,173,180,182,183,197,200,302,215,216,235,250,257,259,260,284,290,294,304,317,328,332,338,357,363,364,376,393,399,400,418,424
206:8,12,24,29,47,49,53,57,77,81,102,122,128,129,144,147,148,162,167,169,171,172,179,183,184,196,344,208,211,218,223,232,233,235,250,251,252,266,267,271,275,279,286,297,300,301,307,309,315,324,336,356,361,366,370,374,378,380,382,387,391,399,411
207:1,7,15,20,38,45,49,50,58,60,80,92,95,98,132,136,139,173,183,190,194,195,196,198,202,413,229,231,235,248,253,258,265,275,276,281,285,290,291,299,301,305,306,307,309,321,323,342,359,370,372,383,410,412,414,426,427
208:16,18,20,21,26,44,67,71,73,84,98,109,111,122,127,132,149,156,171,178,181,189,192,202,206,391,213,254,256,274,285,289,290,293,306,307,308,330,338,340,358,364,375,385,401,402,412,414,429
209:0,5,7,20,33,46,47,48,56,67,69,71,74,94,103,106,127,139,149,154,164,168,170,178,187,196,199,203,286,215,226,231,246,256,260,302,317,320,328,349,358,371,391,415,420,425,427,429
210:2,4,10,23,24,26,34,38,39,40,43,59,65,70,85,96,103,104,109,114,116,119,138,149,161,168,172,180,184,190,192,194,195,202,204,310,214,219,238,245,253,254,262,266,276,282,296,300,323,331,338,339,349,355,361,364,366,368,375,391,396,402,406,407,409,411,425,428
211:14,31,34,39,47,56,77,84,85,89,94,102,109,112,114,116,123,129,131,132,136,142,154,177,192,202,206,234,226,227,254,265,281,282,305,308,319,321,323,329,331,338,358,379,391,399,404,407,411,412,424
212:2,3,11,15,25,26,46,62,67,74,76,78,87,98,106,123,126,128,175,177,178,181,202,362,249,251,255,260,268,292,323,343,360,368,387,398,399,402,410,420,423,429
213:10,12,14,18,29,31,32,51,54,60,65,80,82,91,102,106,108,119,125,127,132,133,134,135,155,165,175,179,196,197,208,224,218,231,243,247,257,261,270,285,286,288,292,299,309,312,320,325,326,340,347,350,354,356,359,382,386,390,392,407,410,413,415,418,426,427,428
214:18,20,24,28,29,35,45,49,63,86,107,108,113,134,138,146,148,149,152,154,160,164,181,182,185,192,210,364,221,228,232,252,265,271,276,292,308,311,319,326,332,339,343,357,361,369,382,404,407
215:1,3,31,51,70,79,86,91,101,109,113,126,130,142,159,161,162,173,186,187,193,194,202,205,209,338,217,222,239,260,285,287,288,294,299,300,306,308,309,312,326,335,343,352,356,372,381,382,389,398,408,409,410,417
216:7,11,15,19,37,42,47,53,54,56,58,73,76,88,94,112,116,117,119,153,157,168,169,188,190,204,205,410,223,228,232,242,259,275,285,297,300,314,322,324,325,339,341,352,354,376,387
217:31,57,59,61,72,89,92,112,113,117,130,135,152,153,159,164,165,166,167,168,170,172,178,182,187,190,194,215,340,228,229,239,244,254,278,290,308,320,330,369,370,373,374,375,376,377,384,385,394,401,410,420,423,425,428
218:5,10,31,43,47,57,65,69,73,76,79,82,97,102,103,112,116,118,127,130,131,133,138,140,147,182,187,190,195,206,213,277,233,238,241,265,273,288,305,320,361,368,381,401,409,410,428
219:3,7,16,18,25,30,44,58,59,67,75,80,84,85,90,97,99,103,104,109,121,131,146,153,160,187,193,199,202,210,406,228,237,246,255,267,279,300,301,314,348,358,364,373,386,395,399,401,410,418,420,421,426
220:4,12,14,21,25,28,34,50,51,67,68,83,95,99,102,103,111,130,140,166,169,171,174,183,188,201,202,272,241,247,249,252,255,263,267,274,275,295,301,311,315,330,332,347,369,383,384,394,407,412,420,425
221:0,1,19,32,36,51,59,61,64,75,82,86,100,103,107,127,128,134,139,141,142,146,154,162,164,172,180,184,187,195,197,214,396,239,243,248,262,282,290,293,296,318,338,343,349,352,355,359,363,364,368,377,378,381,388,391,403,410,418,420,423
222:1,11,22,42,49,51,67,82,93,101,105,108,110,117,120,122,128,142,154,155,157,159,164,165,168,174,179,181,185,192,194,199,201,215,351,223,224,246,247,284,294,305,306,309,311,316,323,329,363,364,379,383,386,401,403,405,409,410,422
223:7,11,12,17,22,32,37,41,44,73,77,87,89,99,105,133,139,163,167,168,176,186,192,201,206,216,222,362,224,227,229,260,263,265,267,270,277,281,282,290,291,298,300,302,311,313,318,324,329,336,339,360,366,367,385,390,428
224:1,2,8,14,17,18,19,34,38,45,47,55,75,83,84,90,95,97,115,119,120,135,137,145,147,167,169,173,201,213,222,223,354,231,235,238,249,262,265,266,268,269,282,295,313,318,321,326,331,334,353,366,373,388,395,404,406,413,417,422
225:7,27,40,47,57,71,74,84,86,93,101,104,112,120,123,142,149,154,156,161,166,181,185,191,193,195,200,421,236,261,273,285,291,306,317,320,335,337,339,354,359,362,385,390,393,399,401,414,419
226:6,13,21,38,40,58,69,74,75,79,90,109,120,124,133,138,142,146,157,163,174,177,178,179,194,196,209,211,379,227,265,276,301,322,323,327,351,356,365,373,391,406,410,425,428,429
227:2,18,21,28,38,50,53,68,69,70,113,117,131,141,164,167,170,173,192,193,198,204,211,223,226,395,229,236,246,250,252,265,280,292,293,303,311,317,318,321,323,340,344,356,359,371,372,396,407,408,410
228:9,13,18,30,34,38,51,54,65,74,76,80,92,95,104,106,109,116,121,129,132,151,159,172,177,179,184,189,190,197,198,214,216,217,219,398,269,275,276,283,301,308,311,315,319,321,332,340,343,344,353,383,384,391,400,417,422
229:1,3,10,21,28,37,42,63,66,69,73,75,91,98,103,104,117,119,137,143,144,154,165,171,186,187,189,207,217,223,227,403,235,246,272,276,277,279,281,283,287,313,332,334,341,347,348,352,360,381,388,392,398,405,412,419
230:1,3,9,12,13,25,26,46,63,79,87,89,92,154,179,184,186,187,203,386,231,233,254,262,268,272,314,316,326,328,345,347,349,357,361,363,373,385,389,390,408,422,424,425
231:5,7,18,19,21,23,25,34,49,53,59,80,86,110,123,126,146,152,170,186,191,192,196,197,207,209,213,224,230,272,233,268,271,275,280,285,289,304,308,322,326,330,374,387,409,412,423,429
232:12,33,39,58,62,64,70,78,85,101,102,113,115,116,117,118,122,126,137,139,161,164,172,200,203,206,214,216,328,241,245,254,261,267,278,281,282,292,299,311,318,327,332,342,351,366,370,384,394,401,423,426,427
233:3,4,10,13,16,21,41,48,50,53,65,67,107,122,128,140,151,166,172,174,181,203,206,218,230,231,301,236,247,248,254,258,259,269,283,285,292,318,319,327,330,333,352,359,360,370,385,395,401,403,417
234:7,9,12,13,19,31,47,48,52,64,68,72,77,105,108,132,145,151,152,154,160,161,178,195,196,211,409,293,305,310,322,323,327,341,353,362,371,387,395,420,428
235:13,33,40,43,51,60,87,88,90,94,108,112,116,117,126,128,129,141,146,150,160,162,186,189,192,193,195,198,202,205,206,207,224,229,401,239,240,251,271,279,283,285,300,309,316,321,323,324,325,329,338,339,348,354,370,378,392,405,415
236:1,9,10,23,28,33,36,39,42,49,51,58,59,93,102,109,117,118,151,152,190,194,201,225,227,233,371,240,249,250,262,263,265,267,275,282,286,288,291,294,303,308,310,316,329,345,352,355,405,410,412,418
237:10,18,43,55,61,64,66,76,81,87,100,110,112,118,127,141,159,160,170,173,176,185,200,201,203,219,285,248,254,264,269,280,281,287,292,315,318,319,336,342,349,360,366,371,378,392,393,398,399,402,404,413,414,415,426
238:10,20,25,27,29,34,43,45,48,56,60,66,69,71,78,81,92,96,99,103,106,112,120,123,129,134,136,143,152,156,161,167,173,175,188,194,196,210,218,224,346,243,250,251,259,264,270,274,283,289,301,309,310,312,314,338,343,361,375,378,381,383,395,399,405,419
239:10,18,39,59,79,80,83,93,99,104,118,125,140,141,153,161,169,172,186,194,199,204,215,217,221,235,243,244,271,280,283,298,302,310,323,327,345,347,369,385,394,406,418,426,428
240:3,7,8,10,25,31,36,37,41,44,50,52,59,81,83,88,91,95,120,126,133,135,156,158,159,164,166,167,180,182,187,235,236,255,265,267,272,275,282,284,286,299,303,310,320,321,324,327,329,342,346,370,372,374,375,380,381,397,398,414,416,417,419,429
241:14,21,23,25,26,34,35,36,37,42,58,67,87,92,98,110,112,113,123,139,147,153,170,175,176,190,218,220,232,296,253,263,266,267,297,310,318,344,357,362,363,368,376,377,381,400,411,412,415,416,418,420,423
242:8,11,13,44,52,56,57,65,70,86,104,110,111,121,126,133,135,138,156,159,166,168,170,175,177,178,197,216,428,256,278,281,290,292,293,299,302,314,322,326,329,331,338,341,351,356,365,369,394,400,406,408,417,424
243:2,4,14,19,20,33,45,46,53,74,80,90,94,113,125,127,129,130,140,141,146,148,149,173,213,221,238,239,369,277,282,286,289,304,309,315,320,326,337,338,339,341,351,357,367,373,382,402,403,407,415
244:4,8,25,29,37,45,48,50,57,74,102,106,116,124,125,128,135,146,155,159,160,161,164,166,172,173,181,187,188,192,200,217,239,254,245,246,248,251,259,268,285,286,287,294,295,300,311,316,319,324,325,331,343,352,353,367,383,388,396,397,420,421,427
245:1,9,13,14,17,27,29,31,32,33,42,51,57,68,78,85,86,92,111,112,142,143,194,200,201,204,210,232,244,412,250,255,256,257,276,294,297,306,316,332,348,350,351,356,360,366,378,379,399,418,422,425,427
246:10,20,24,27,34,35,44,47,60,62,68,73,78,84,85,87,89,99,112,115,124,130,144,149,159,163,168,169,171,185,186,187,192,201,209,219,222,227,229,244,333,284,285,307,316,318,321,323,327,336,342,348,354,355,356,372,373,384,395,407,427,429
247:11,20,28,33,34,39,63,80,86,92,118,120,123,125,132,134,137,143,153,156,157,169,175,177,190,192,194,196,213,220,222,233,421,303,310,311,338,343,381,383,386,425
248:0,6,10,17,43,45,48,61,73,77,80,104,109,113,114,117,120,123,128,131,133,150,159,165,172,176,179,190,193,198,199,207,221,233,237,244,372,250,277,287,289,299,304,328,330,338,339,343,352,362,363,367,371,377,385,398,404,407,415
249:3,20,22,26,29,44,54,55,59,62,65,69,83,91,116,135,146,151,158,160,174,178,180,189,199,212,220,224,236,271,250,255,267,269,278,284,287,289,296,299,301,302,308,324,345,368,374,378,392,398,401,403,405,410,415,418,420,423,429
250:14,29,31,32,33,47,48,49,60,75,81,87,88,94,108,115,116,126,149,153,165,180,205,206,227,236,238,245,248,249,285,255,262,267,276,279,280,287,311,330,336,343,344,347,390,402,410
251:19,24,30,44,47,50,57,64,67,79,83,97,98,100,101,121,141,142,153,159,161,165,189,199,206,212,235,238,244,372,261,267,271,290,293,299,305,307,311,318,327,334,375,382,385,387,391,392,425,426,428
252:44,57,85,94,96,115,132,134,143,150,156,160,162,186,187,188,189,195,206,214,220,227,265,264,277,279,280,292,294,306,307,313,316,320,335,337,344,360,363,366,367,373,374,376,380,381,392,395,397,405,408,411,413,415,416,422
253:11,19,22,24,25,31,38,42,45,66,72,76,92,95,100,105,111,117,124,128,148,150,155,168,171,174,186,188,192,207,210,241,374,265,272,286,289,297,298,301,316,348,352,353,354,361,365,371,373,401,402,404,424,426
254:9,25,26,27,32,41,56,61,80,116,124,135,146,151,164,181,184,208,210,211,217,230,232,233,237,244,304,264,267,281,282,284,286,290,301,325,336,341,344,361,362,370,380,385,390,406,409,422,427,429
255:2,13,14,22,24,41,53,54,74,80,95,110,113,118,125,129,131,139,142,143,146,163,165,167,171,200,212,219,220,240,245,249,250,406,259,275,283,302,303,304,338,342,381,398,403,405,409,412,418,422,425
256:14,20,24,39,40,53,55,57,58,72,79,87,91,95,101,117,141,167,174,208,209,242,245,399,262,282,291,302,303,312,313,314,315,319,321,330,332,337,344,348,358,364,379,380,394,396,422,429
257:25,29,34,35,39,42,46,50,58,67,76,83,88,90,91,92,94,107,113,124,125,126,129,140,169,170,186,194,198,201,205,213,245,280,261,263,264,277,286,288,291,292,297,298,306,310,314,316,354,365,375,388,392,393,412,416,419,420
258:5,7,10,21,28,38,42,52,58,59,60,80,99,106,125,127,158,160,168,176,181,182,186,192,207,233,423,259,267,273,278,283,286,292,321,329,332,333,334,346,353,354,360,365,369,380,381,413,418,422,424,429
259:18,23,28,34,35,67,68,82,85,99,112,115,116,135,145,151,160,163,185,205,216,233,238,244,255,258,304,261,266,267,272,274,277,283,291,295,299,305,308,314,318,336,343,353,359,361,364,373,381,383,387,393,396,398,399,405,409,416,421,428
260:13,14,31,48,64,68,70,74,80,86,94,96,97,101,103,108,110,120,126,133,138,144,151,152,163,165,179,193,205,209,212,215,223,395,270,273,278,281,284,293,302,309,314,333,353,356,357,360,368,372,374,375,380,382,384,385,388,392,394,404,415,423
261:0,3,10,16,25,34,44,55,56,65,77,79,92,128,129,135,137,138,146,155,178,189,192,193,198,213,225,232,251,257,259,343,270,278,282,293,302,337,357,365,372,375,378,392,405,406,407
262:6,8,15,18,19,29,66,74,75,79,80,94,96,97,102,109,112,123,124,126,128,130,136,144,147,148,149,154,157,174,180,188,190,197,199,210,221,224,230,236,250,256,392,266,268,280,291,302,308,311,312,316,322,332,336,338,348,356,368,372,390,399,414,415,416,419,426
263:0,12,13,16,18,35,44,56,63,72,81,86,91,95,115,126,135,145,156,176,178,186,190,194,195,199,200,220,223,236,241,257,398,273,283,290,305,306,327,342,343,349,358,370,373,377,380,394,408,417,425
264:1,15,16,31,32,39,46,48,51,56,65,82,85,86,90,107,108,109,120,126,144,148,163,201,237,238,252,254,257,302,266,267,274,281,283,311,322,330,337,339,340,362,365,398,401,403,407,421,422,428
265:7,12,19,25,32,41,44,55,60,70,94,95,96,97,100,119,133,154,156,160,161,178,193,207,211,214,218,223,224,226,227,236,240,252,253,354,267,272,276,277,283,285,286,300,304,307,318,321,326,339,366,370,380,394,397,412,422
266:1,13,14,20,22,23,29,38,47,53,56,90,109,111,115,122,129,132,139,141,146,173,183,185,196,198,206,210,224,241,259,262,264,354,269,276,302,307,311,315,317,319,329,330,356,363,391,393,396,403,407,416,427
267:1,2,16,24,30,33,35,39,48,52,53,74,83,89,96,115,131,142,147,153,158,163,167,180,185,186,193,206,219,220,223,232,236,240,241,249,250,251,254,258,259,264,265,351,270,272,274,278,284,293,304,311,312,324,327,348,358,366,367,382,400,404,406,411,420,421
268:13,15,17,27,28,31,34,48,51,54,55,59,73,88,90,94,102,103,105,108,109,117,132,148,151,158,159,175,177,178,183,191,192,200,212,224,230,231,244,262,404,270,278,284,319,325,327,330,339,350,352,357,363,376,397,399,402,403,417,418,421,424
269:16,25,36,40,61,64,86,89,97,98,104,107,108,121,122,128,135,137,143,146,153,163,175,182,196,203,224,228,233,237,249,266,328,276,289,296,301,326,334,336,337,344,346,350,363,372,377,389,390,399,413,418,421
270:10,45,55,68,69,75,79,85,89,95,120,121,122,123,129,131,137,144,152,153,174,213,223,238,260,261,267,268,279,282,296,301,303,314,317,322,329,333,340,356,377,381,392,407,410,417,420
271:2,5,9,17,19,26,28,29,36,45,48,55,57,59,63,72,94,105,115,119,124,128,147,149,167,198,206,214,231,235,239,249,251,417,283,284,288,292,294,297,306,309,312,332,358,359,364,366,391,395
272:2,9,28,45,56,64,77,78,79,99,102,104,114,115,133,137,170,171,173,178,200,202,220,229,230,231,240,253,259,265,267,401,273,288,290,306,309,319,330,333,356,383,384,392,406,426
273:1,14,18,24,31,45,48,55,56,71,101,106,127,134,135,138,146,151,166,167,171,178,194,202,203,218,225,258,260,263,272,404,279,280,281,301,303,305,307,323,336,358,399,407,428
274:2,7,19,23,25,39,62,73,82,85,96,100,107,115,125,127,159,172,180,183,198,208,220,238,259,264,267,337,286,289,290,296,297,301,321,324,328,332,341,348,349,358,360,363,377,387,391,400,406,416,425
275:18,27,31,34,36,37,40,41,42,44,52,59,71,76,80,93,104,107,119,123,133,136,164,167,190,193,206,207,216,220,228,231,236,240,255,415,287,293,312,321,329,333,334,350,354,358,375,382,393,395,406,411,416
276:0,3,4,13,21,41,42,58,60,61,70,71,76,83,86,88,96,100,101,102,104,110,120,128,138,154,159,161,167,190,192,207,210,214,226,228,229,245,250,265,266,269,382,277,279,281,283,285,287,300,301,312,325,327,358,369,371,377,417,424,425
277:9,10,13,15,21,29,33,42,54,57,64,79,94,96,100,103,112,120,146,152,155,171,172,173,174,180,182,187,188,196,197,199,204,218,223,229,243,248,252,257,259,265,276,340,279,281,284,291,321,344,349,356,387,405,416,417
278:16,23,42,59,79,94,104,120,126,129,135,137,152,169,184,189,193,204,217,232,242,249,258,260,261,267,268,334,283,302,307,315,318,321,326,333,339,345,350,356,368,390,392,400,401,405,406,411,414,421,425
279:15,37,43,53,54,62,77,101,103,116,120,143,170,171,172,179,181,191,200,206,219,229,235,250,252,270,273,276,277,406,280,285,292,309,311,315,321,350,360,400,407,417,422
280:2,8,24,37,41,52,59,109,110,112,127,134,135,136,177,178,195,202,227,231,237,239,250,252,257,262,273,279,343,292,301,311,333,346,350,352,353,363,369,371,377,383,387,395,408,428
281:6,13,22,25,26,32,36,41,45,50,56,57,60,72,73,74,75,82,94,101,103,115,116,121,123,124,131,147,159,161,169,175,180,198,207,211,223,229,232,237,242,254,260,264,273,276,277,426,290,293,301,302,333,340,351,364,371,385,393,403,421,429
282:2,4,12,23,24,32,42,46,52,71,78,100,104,110,113,123,124,127,143,168,178,185,193,198,210,211,221,223,224,232,236,240,243,254,256,261,270,362,292,299,303,335,367,371,379,383,384,411,413,416,419
283:3,6,28,56,59,60,75,77,97,98,99,120,121,124,132,142,152,164,185,188,194,228,229,233,235,238,239,255,258,259,263,264,265,271,276,278,390,290,317,319,322,350,368,374,381,388
284:4,12,14,22,31,37,52,55,94,99,115,118,128,137,138,159,161,181,183,185,194,196,205,222,240,246,249,254,260,267,268,271,277,323,286,291,292,297,304,310,325,330,332,343,362,366,383,392,404,417,420,427
285:0,6,11,23,24,39,40,42,44,46,49,61,72,74,79,97,99,106,110,115,132,135,155,173,174,177,184,185,190,195,202,207,208,213,215,216,225,231,233,235,237,244,246,250,265,276,279,344,292,296,300,304,325,329,332,333,339,350,359,368,370,371,372,374,384,392,396,402,406,417,425,426
286:1,36,53,55,58,78,82,88,107,110,117,120,129,139,142,162,195,196,199,206,209,213,236,240,243,244,253,254,257,258,265,274,284,300,301,306,347,351,369,374,381,396,412,415,416
287:4,10,13,24,29,31,37,44,49,61,77,81,88,98,106,116,125,130,138,140,154,165,166,174,176,188,195,203,215,229,237,244,248,249,250,275,276,342,300,301,304,331,343,351,352,353,360,361,366,373,375,379,381,389,390,391,411,419,426
288:6,13,20,54,61,71,82,86,91,101,109,125,126,134,142,147,150,152,156,167,174,178,184,202,203,213,215,218,236,257,271,272,293,309,312,324,340,343,346,366,382,400,415,422
289:22,26,34,41,52,68,87,89,100,101,134,138,160,163,179,189,194,202,203,208,231,238,243,248,249,253,269,274,325,290,292,303,311,322,326,334,348,349,359,370,374,394,397,398,402,410,415,417,418,422,426
290:16,27,31,32,33,48,52,63,69,70,73,76,94,95,101,107,114,128,129,131,141,145,168,191,200,202,205,207,208,217,221,223,242,251,254,263,272,274,281,283,289,410,304,332,336,339,345,349,373,399,402,404,411,418,421,423,426
291:37,40,42,44,53,58,64,71,82,89,102,107,117,137,139,154,161,167,181,198,199,202,207,223,225,236,256,257,259,262,277,284,299,317,321,330,344,356,362,365,367,368,376,379,389,404,414,427
292:2,11,65,72,76,78,83,86,95,103,107,139,141,142,147,156,157,169,171,173,184,197,212,213,214,227,232,233,237,242,252,257,258,271,279,280,282,284,285,289,401,338,344,345,350,353,364,372,381,383,389,390,393,407,408,412,415,423
293:28,29,42,49,51,55,56,63,115,119,122,123,124,125,134,157,161,163,186,189,196,208,221,227,234,242,251,260,261,267,275,281,288,428,296,321,329,331,338,343,350,372,376,391,393,396,398,401,410,413,416,424,425
294:2,8,23,31,43,44,47,58,59,60,67,93,94,95,99,102,109,120,124,125,126,158,169,180,194,199,201,202,205,215,222,236,244,245,252,271,348,300,329,336,345,362,367,377,399,400,402,417,420
295:7,12,27,47,66,67,70,75,95,96,98,101,107,118,124,126,129,149,155,161,168,181,220,224,244,259,342,312,317,336,338,341,343,356,375,386,387,418,420
296:1,20,25,27,32,33,35,39,44,45,47,56,61,80,81,86,102,103,125,133,135,141,142,144,149,155,163,165,170,172,184,190,193,195,203,210,221,241,249,269,270,274,285,293,407,300,301,321,325,347,349,352,365,367,372,376,380,383,387,388,391,394,395,396,397
297:1,14,18,25,26,119,121,141,146,151,156,171,172,174,206,216,241,245,253,257,271,274,284,364,298,301,315,317,332,360,365,367,369,376,378,380,382,387,411,413,421
298:0,1,15,21,30,31,42,51,54,55,67,84,85,92,104,107,110,112,115,116,131,139,141,143,145,151,156,166,173,174,181,182,197,199,223,239,253,257,297,370,315,316,320,346,351,366,375,400
299:18,26,27,46,58,69,90,94,106,129,133,141,153,156,158,166,167,169,179,182,184,185,200,207,213,215,232,240,242,248,249,251,259,282,291,340,319,328,332,337,353,354,358,367,373,374,385,393,405,408,419,423,429
300:5,11,24,32,46,51,57,62,67,68,93,100,104,113,116,121,123,131,134,143,147,158,169,170,171,193,203,206,210,215,216,219,223,235,244,265,276,285,286,287,294,296,343,308,311,313,361,362,366,368,377,378,384,398,405,409,415,416,419,427
301:5,6,8,13,15,16,34,49,52,55,58,66,68,69,81,83,90,91,105,107,114,117,119,120,150,160,164,193,195,198,201,206,207,219,220,226,228,233,238,249,253,254,269,270,273,274,276,280,281,286,287,296,297,428,338,339,341,368,373,383,395,402,408,416,420,423
302:0,1,4,7,29,35,53,80,91,92,100,118,120,132,133,148,150,156,157,159,165,170,172,180,183,189,193,195,205,209,223,239,242,249,255,256,260,261,262,264,266,278,281,351,306,309,318,336,342,348,368,370,391,402,403,411,417,427
303:13,14,25,30,31,33,42,47,63,64,67,75,83,85,87,99,103,105,111,114,126,151,158,163,165,169,170,177,181,182,184,202,227,236,240,247,255,256,270,273,282,289,423,309,314,323,324,325,346,349,357,359,361,363,365,376,379,382,395,400,407,414,418
304:7,8,16,26,32,44,52,67,71,76,77,95,96,101,103,105,114,116,124,126,138,141,142,144,151,152,155,163,164,168,175,183,185,187,191,199,200,205,231,243,248,254,255,259,265,267,284,285,287,290,350,323,332,352,357,363,366,380,388,421,422,429
305:0,2,7,14,27,31,41,46,54,56,64,66,70,73,77,92,95,98,99,114,120,125,131,132,139,171,181,182,183,187,201,207,211,218,222,234,251,259,263,273,346,314,347,356,363,378,379,391,415
306:2,3,14,25,33,34,40,44,50,53,85,86,87,99,115,116,130,150,156,179,181,182,183,194,201,202,207,208,215,222,225,245,252,257,263,271,272,286,302,330,322,323,326,337,345,347,351,355,363,368,372,381,390,398,400,412,420,422,426
307:18,21,27,35,38,48,59,92,96,102,103,110,132,133,139,148,149,161,181,192,193,198,206,207,208,246,251,252,265,266,273,278,346,310,329,330,332,338,340,348,350,374,389,392,394,403,407,415,429
308:3,8,10,15,16,31,34,42,43,57,59,72,75,85,102,105,107,116,130,141,152,161,162,172,175,187,188,208,211,214,215,217,228,231,236,249,259,262,300,404,309,311,313,319,326,328,337,340,345,347,362,363,368,382,383,395,405,411,412,413
309:7,8,16,31,35,45,75,77,83,84,93,97,101,108,110,117,123,129,132,141,143,149,154,168,181,191,192,201,206,207,213,215,222,235,238,243,260,271,272,279,288,302,303,308,426,321,330,346,347,348,353,354,361,370,377,395,398,425,428
310:10,25,31,34,35,40,60,62,75,83,91,94,106,108,109,111,117,141,144,150,152,153,166,174,177,187,194,199,210,234,236,238,239,240,241,247,257,284,307,407,313,315,317,319,320,322,333,336,342,343,355,356,373,379,391,395,408,411,425
311:1,5,11,42,49,65,79,88,103,104,105,116,137,158,159,173,176,183,190,192,195,198,214,220,222,223,227,228,232,244,247,250,251,262,264,266,267,279,280,289,300,308,317,312,314,315,325,327,329,333,336,348,354,361,367,370,372,378,399,404,407,409,419,420,425
312:23,31,36,49,56,66,77,88,96,107,109,112,123,139,165,185,192,197,199,203,213,215,238,256,262,267,271,275,276,288,295,311,412,313,314,318,323,328,333,335,339,395,425
313:24,26,35,43,61,67,73,80,89,92,97,107,109,113,123,130,131,132,136,140,143,154,163,165,167,169,171,179,183,192,196,197,198,199,200,202,223,224,229,252,256,300,308,310,312,338,315,326,332,337,342,343,359,364,369,394,402,405
314:8,16,21,32,40,61,71,72,73,76,79,85,113,115,117,124,129,131,132,141,176,178,185,190,197,216,219,230,238,242,256,257,259,260,270,303,305,311,312,389,319,324,325,329,346,347,363,365,372,381,385,396,402,408,421
315:4,7,8,28,31,32,40,43,48,50,62,63,67,91,98,100,101,105,106,109,110,113,118,120,121,126,130,133,143,173,181,186,196,199,206,220,228,237,243,256,266,278,279,297,298,310,311,313,373,320,323,337,340,343,344,345,360,374,386,388,389,403,411,414,428
316:0,3,6,7,66,75,87,89,98,100,101,104,119,143,152,159,163,169,177,182,196,222,230,235,236,244,245,246,252,253,257,262,298,401,321,329,331,341,343,346,355,368,377,380,390,397,405,411,415,428
317:2,7,11,15,17,20,29,30,37,43,54,65,70,77,81,103,109,113,117,119,124,125,137,145,152,161,164,177,186,201,202,204,205,209,225,227,266,270,283,291,295,297,310,311,334,325,332,359,370,380,383,384,397,407,420,423
318:5,8,12,27,54,62,65,68,74,89,101,119,126,127,130,144,148,152,156,165,192,193,197,198,221,223,224,227,232,233,237,241,246,251,259,265,278,302,312,366,328,335,355,365,380,383,400,417
319:19,23,28,32,42,44,48,54,56,58,66,67,70,74,79,106,116,128,130,131,134,142,143,166,168,172,199,211,214,228,233,237,244,256,266,268,272,283,299,308,310,314,395,334,345,346,354,356,358,360,365,372,375,381,382,411,416,421,422
320:16,24,34,39,41,44,45,48,49,70,81,90,94,141,146,148,157,166,168,176,186,209,213,217,218,225,240,243,252,298,310,315,387,321,355,357,365,395,409
321:0,3,4,10,18,19,23,31,33,36,66,81,88,98,105,119,127,138,154,188,189,192,197,202,207,211,224,227,228,235,240,246,256,258,265,274,275,277,278,279,291,293,296,309,316,320,341,326,332,342,353,355,360,364,367,370,385,391,392,410,429
322:4,8,12,16,28,29,51,60,68,94,105,115,138,140,150,151,164,172,185,187,194,203,204,216,226,231,234,242,262,264,270,283,289,306,310,412,355,359,360,378,383,398,399,420,424
323:16,29,37,49,54,106,109,110,111,112,134,157,161,165,180,194,196,207,210,211,212,222,226,227,234,235,239,246,273,284,303,304,306,312,315,366,336,343,344,358,363,370,380,388,389,400,409,419,425,427
324:0,2,10,16,18,24,31,48,55,57,59,65,67,73,78,101,111,112,118,134,138,148,149,167,173,174,183,184,206,216,223,235,240,244,249,267,274,288,303,314,420,344,351,353,356,369,381,382,386,393,399,400,404,409,418,419,426,428
325:0,11,31,33,41,43,59,77,87,95,98,107,112,115,126,133,137,146,147,149,150,162,163,166,167,168,199,213,216,235,244,254,268,276,284,285,289,296,303,311,314,317,346,340,361,379
326:1,8,15,20,26,44,50,62,66,70,79,84,90,98,117,118,121,127,132,134,143,148,158,159,165,168,169,187,198,213,214,215,224,230,231,242,243,265,269,278,289,306,308,313,321,397,328,329,334,339,360,365,366,382,394,399,402,406,417,422,428
327:1,11,17,18,23,45,46,75,88,89,95,99,106,111,135,136,141,146,147,152,155,157,170,185,190,197,226,232,233,234,239,240,246,251,263,267,268,276,311,337,339,343,344,347,350,354,362,364,366,391,392,394,396,404,426,427
328:8,11,14,28,30,36,37,40,42,43,45,48,58,72,73,76,77,95,98,112,119,137,139,143,152,161,167,182,186,191,193,197,205,209,230,232,248,269,274,299,308,312,318,326,329,336,340,347,361,370,379,402,410,413,416,418
329:4,22,33,38,48,52,59,74,75,76,78,80,88,96,103,109,111,123,124,131,134,137,141,144,145,160,170,181,186,196,199,202,211,222,223,235,236,240,242,258,266,270,275,285,293,294,307,311,314,316,326,328,359,330,339,356,358,364,366,375,382,384,389,396,415
330:8,18,40,46,51,63,65,71,79,82,91,95,131,133,135,136,142,153,161,166,169,172,177,185,191,193,194,208,217,220,231,233,248,250,256,264,266,268,272,284,291,306,307,309,329,369,333,343,352,364,390,397,410,423
331:1,3,5,8,11,19,20,36,37,50,53,54,62,72,80,83,112,118,129,145,146,147,153,160,162,164,176,186,189,197,210,211,224,242,244,287,293,316,418,335,339,350,358,368,374,381,385,388,393,415,428
332:4,6,25,32,34,52,53,55,66,112,128,129,132,142,154,169,179,188,189,194,201,205,214,220,228,229,232,245,256,258,262,271,274,284,285,290,297,299,304,307,313,317,321,403,333,337,346,356,359,378,382,399,402,418
333:19,35,37,40,41,43,54,58,61,64,65,75,77,87,91,100,106,124,131,138,139,151,168,175,181,182,202,203,204,233,246,258,260,270,272,275,278,280,281,285,310,311,312,330,332,408,336,345,351,352,354,374,378,382,390,397,398,399,404,418,424,429
334:2,7,24,26,47,50,71,100,103,131,137,150,153,155,160,162,184,203,224,229,251,258,269,275,278,289,317,319,326,368,338,343,346,353,359,362,370,371,373,389,394,403,414
335:28,33,35,79,92,96,102,111,112,122,138,158,164,170,179,182,192,193,202,215,225,252,282,312,318,331,416,338,347,348,349,352,354,358,375,396,419
336:1,5,7,14,26,32,38,43,81,85,109,114,116,120,129,133,139,141,159,168,172,188,197,198,206,223,237,246,250,254,259,262,269,273,290,294,295,302,310,311,323,328,333,406,341,343,344,377,385,400,419
337:5,6,10,18,21,34,36,41,43,51,55,60,65,75,88,101,107,112,114,127,132,146,151,160,167,169,174,200,202,203,225,243,252,256,261,264,269,274,299,306,308,313,315,327,332,391,343,348,360,366,369,370,371,376,392,401,416,429
338:3,14,20,26,30,52,59,79,87,92,103,118,123,140,143,144,146,148,149,150,155,156,167,169,171,177,200,205,208,210,211,215,221,235,238,242,243,247,248,255,262,292,293,295,301,307,313,334,335,403,346,362,364,373,375,385,392,399,404,407,409,410,420,422
339:1,39,43,45,46,62,82,83,85,86,94,99,100,119,125,130,133,158,159,169,184,195,210,214,216,223,225,235,243,248,264,265,268,278,285,290,301,312,326,327,329,331,394,349,363,369,378,390,418,420
340:9,13,18,30,43,44,50,58,63,74,75,77,90,95,98,111,122,127,129,131,147,156,157,175,179,208,213,217,227,228,264,270,277,281,288,299,307,308,315,325,328,353,343,352,363,365,367,372,377,383,387,407,414,417
341:9,16,33,35,47,49,50,80,81,82,88,96,108,114,130,131,132,138,143,153,155,156,175,186,188,191,216,229,234,242,243,254,274,295,301,316,321,336,363,343,347,349,350,353,357,371,385,390,399,408,411,422
342:8,10,24,26,29,33,38,40,46,60,70,75,90,92,102,105,112,132,136,143,168,180,183,186,207,232,237,240,246,255,263,287,295,302,310,313,321,383,349,350,351,355,362,367,368,371,374,386,387,397,400,412,414
343:0,5,9,15,19,21,38,54,73,77,84,85,87,88,93,101,107,113,151,154,159,160,173,174,181,184,186,189,191,198,199,212,214,215,221,228,238,244,247,248,250,259,261,263,280,284,287,288,293,295,300,310,313,315,316,323,327,330,334,336,337,340,341,418,367,369,370,371,375,387,408,412,416,428
344:0,4,34,40,62,69,70,74,76,79,81,88,100,106,108,115,116,127,133,134,140,151,156,158,164,166,169,171,174,181,190,193,206,227,228,241,250,252,254,256,269,277,285,291,292,315,323,324,327,336,347,349,354,356,364,368,369,370,373,378,379,396,399,404,409,416,421,424,426
345:5,6,7,15,19,30,32,41,52,63,77,82,83,85,96,100,110,112,125,137,139,146,153,173,176,182,183,184,196,198,230,236,239,249,278,290,292,294,306,308,315,319,333,409,348,357,360,361,365,378,395,406,412,415,418
346:3,9,14,16,24,26,34,35,43,70,73,80,82,86,93,105,111,114,130,135,143,144,147,153,166,174,192,197,238,240,258,269,280,288,298,303,305,307,309,314,316,319,325,332,334,338,408,350,351,352,355,357,360,363,368,370,377,380,390,411,426
347:4,32,39,55,75,81,88,99,104,106,107,109,119,123,131,148,150,159,168,169,170,191,196,202,213,220,229,230,239,250,286,296,305,306,308,309,314,327,328,335,341,344,424,351,361,376,391,394,397,405,408,414,421
348:7,16,31,50,53,55,59,82,103,104,106,115,118,119,134,137,143,145,165,169,171,177,179,187,189,204,219,229,235,245,246,253,256,262,267,274,289,294,302,307,309,311,335,337,345,397,350,352,367,369,381,382
349:1,2,6,7,10,19,25,34,35,46,47,53,56,67,69,81,83,88,94,96,99,111,123,139,158,163,172,175,186,200,204,209,210,221,230,237,263,274,277,289,290,296,303,335,339,341,342,344,350,351,355,362,378,386,416,421
350:12,13,19,33,34,46,47,50,51,56,71,84,87,88,90,95,105,116,118,127,129,131,136,137,141,160,162,170,171,180,200,203,213,245,268,269,275,278,279,280,283,285,292,293,304,307,327,331,341,342,346,348,349,405,352,355,356,361,363,367,372,378,390,399,408,426
351:0,3,9,12,27,30,36,69,77,100,103,119,133,150,157,163,165,174,191,192,198,222,226,232,242,243,245,267,281,286,287,298,302,306,324,333,342,346,347,349,364,355,358,381,388,389,395,403,414,417
352:4,5,7,8,17,40,41,51,59,69,80,111,128,130,133,134,140,146,152,167,170,174,190,199,200,215,216,221,229,233,236,244,248,253,268,280,287,296,304,330,333,335,340,346,348,350,394,353,360,364,372,373,378,399,401,408,422,423
353:1,4,17,24,37,43,45,47,49,60,66,71,73,91,96,101,104,107,121,136,137,141,152,175,182,187,189,224,228,234,244,253,258,259,260,280,287,292,299,309,321,324,334,340,341,352,384,357,365,389,390,404,406,414,418,423
354:1,7,13,18,40,44,47,48,53,54,75,92,97,107,112,144,145,146,148,155,172,173,192,198,199,213,216,224,225,235,246,253,257,258,265,266,275,299,309,311,319,327,333,335,344,386,364,369,370,377,378,391,425,426
355:2,3,6,8,9,18,24,31,34,49,57,64,65,77,82,93,98,102,107,127,137,150,154,160,178,182,210,221,236,246,306,310,316,318,320,321,322,342,346,349,350,351,412,361,372,375,382,392,404,406,419
356:7,19,29,30,31,34,39,56,59,60,62,73,80,88,95,117,118,147,152,153,154,175,179,206,213,215,226,227,242,245,246,260,262,266,270,272,277,278,291,295,305,310,319,324,329,332,344,350,389,360,394,395,399,400,415,423,426
357:0,1,2,11,21,49,57,62,74,77,82,84,85,93,94,106,109,114,117,140,144,149,154,171,192,193,195,204,205,214,230,241,243,260,261,268,303,304,320,341,345,346,353,398,371,372,379,381,394,411,414,417,421,423
358:3,10,14,29,49,55,68,76,84,104,109,126,133,147,179,183,188,198,208,209,211,219,256,263,267,271,273,274,275,276,299,319,323,329,331,335,351,394,362,365,367,369,382,383,388,391,395,404
359:5,13,20,27,32,40,55,65,69,72,73,74,89,93,107,111,115,135,148,154,162,181,183,204,207,213,221,225,227,233,259,271,285,289,303,313,317,322,329,332,334,428,390,397,398,402,414,418,423,425
360:5,19,26,30,53,60,65,98,106,107,109,123,125,139,143,145,150,158,160,168,173,178,199,204,212,223,229,233,237,245,252,258,260,274,279,287,297,315,319,321,322,326,337,345,346,352,356,417,365,386,393,400,403,415,419,426
361:5,9,16,34,35,45,48,54,58,60,64,67,77,78,84,91,97,99,106,116,118,121,123,146,179,188,206,210,214,218,230,238,253,254,259,287,300,303,309,311,325,328,345,347,350,355,381,368,373,393,407,408,409,418,424
362:4,11,37,38,40,44,54,78,80,83,89,90,92,94,99,116,117,121,123,124,142,146,158,162,185,198,212,223,225,234,241,248,254,264,282,284,291,294,300,308,327,334,338,342,349,358,402,363,388,397,416,429
363:2,3,15,16,19,33,34,37,46,54,69,75,76,77,87,95,96,101,118,123,137,158,164,165,197,199,201,205,221,222,230,241,248,252,266,268,269,274,280,303,304,305,306,308,314,323,339,340,341,346,350,362,420,384,399,401,414,418,421,428
364:30,38,45,46,67,68,74,76,77,101,108,115,120,123,128,136,138,145,147,153,165,175,178,180,181,192,197,205,208,210,214,219,221,222,256,259,271,281,292,297,313,321,327,329,330,338,344,351,352,354,425,375,376,381,384,385,387,398,405,421
365:12,30,33,41,49,54,62,66,70,100,105,122,142,152,153,155,166,171,181,185,186,191,196,226,242,253,257,258,261,264,291,296,297,303,314,318,319,320,326,340,345,353,358,360,402,366,382,383,392,396,406,418,425,428
366:5,8,12,17,29,38,40,51,53,64,65,76,92,95,117,124,129,130,138,140,154,156,157,158,179,185,186,191,194,198,206,210,223,224,232,237,245,252,265,267,271,284,287,288,298,300,304,318,323,326,327,329,337,365,428,367,371,372,375,377,379,384,397,399,406,410,415,418,419,425
367:3,6,13,21,23,24,34,35,48,52,63,73,86,88,98,104,105,106,136,140,142,160,166,172,173,182,193,200,223,243,244,248,252,267,282,291,294,296,297,299,311,321,340,342,343,348,350,358,366,386,373,376,415,419
368:15,37,50,51,76,79,83,86,99,105,111,117,119,121,137,138,145,152,156,170,177,191,210,212,218,221,241,249,260,262,278,283,285,291,300,301,302,306,308,316,331,334,342,344,346,361,386,405,406,415,425,429
369:15,54,59,62,69,72,78,89,92,93,97,114,117,125,134,139,140,145,156,158,159,160,161,177,180,190,191,201,214,217,220,239,242,243,258,276,280,286,297,313,324,330,337,339,343,344,348,354,358,394,376,395,397,406,419
370:0,5,13,26,28,30,38,44,56,61,65,68,79,91,92,95,99,101,109,113,126,132,137,154,206,207,217,232,233,235,240,254,263,265,285,289,298,302,309,311,317,321,323,328,334,337,343,344,346,354,380,376,393,397,400,417
371:6,13,14,22,31,39,40,50,89,98,113,124,128,139,141,142,154,173,185,189,190,191,196,197,198,209,227,234,236,237,248,253,276,280,281,282,285,334,337,341,342,343,357,366,413,374,379,384,402,414,422,424
372:5,10,37,45,50,54,58,67,68,71,75,79,86,89,94,118,132,134,135,137,140,144,169,180,183,188,194,207,215,227,240,246,248,251,260,261,262,269,285,292,293,296,306,311,314,319,340,350,352,355,357,366,401,375,376,378,380,400,406,419,422,427
373:1,7,12,16,40,68,70,80,85,86,89,98,105,112,129,130,135,149,174,204,217,219,224,226,230,243,246,252,253,259,263,287,290,299,301,310,315,334,338,344,352,361,367,425,388,392,393,397,399,407
374:12,14,27,41,49,56,79,101,114,116,134,153,156,159,160,169,171,172,178,206,217,231,240,249,252,253,260,283,285,286,289,299,307,315,331,333,342,371,408,391,400,403,409,412,425
375:4,13,16,26,43,45,51,53,57,58,60,65,76,87,96,101,120,125,138,152,155,160,166,167,171,180,183,190,203,208,210,217,238,240,251,257,260,261,275,287,295,298,319,329,335,338,343,355,364,366,372,381,377,378,387,389,397,398,400,401,404,408
376:6,12,27,42,48,61,62,65,69,78,83,95,100,104,116,129,130,133,143,152,166,177,182,186,191,193,203,205,216,217,241,252,268,291,293,296,297,303,337,347,364,367,369,370,372,413,379,381,385,392,393,404,407,426,427
377:16,24,27,30,37,57,61,62,72,84,85,94,99,104,110,112,118,137,151,154,164,179,184,195,204,217,221,241,248,263,269,270,274,276,280,294,300,309,316,336,340,346,354,366,375,417,380,395,406,425,426
378:0,8,14,15,21,33,37,46,61,78,93,99,111,119,122,126,133,136,154,156,165,178,197,200,206,221,235,237,238,245,249,261,297,300,305,311,322,332,333,339,344,345,349,350,352,354,372,375,384,391,428
379:13,20,33,36,51,52,67,75,103,107,111,115,117,120,132,146,176,182,186,211,222,226,245,256,282,287,291,303,305,310,325,328,344,357,366,371,376,405,381,387,401,412,414,421,427,428,429
380:3,9,25,31,32,33,35,48,73,78,83,96,97,110,112,124,135,137,147,159,164,173,179,180,187,189,195,201,206,240,252,254,256,258,260,263,265,296,297,304,316,317,318,323,346,370,372,377,399,397,398,402,414,417,420,425,427
381:3,8,10,17,41,70,72,74,85,89,96,97,100,107,109,115,116,119,157,159,186,215,218,221,229,238,240,241,247,252,255,258,259,270,283,286,287,292,306,314,319,324,331,348,351,357,361,364,375,376,379,384,395,401,409,414
382:24,43,49,50,59,64,65,74,75,79,80,86,98,103,139,155,159,163,201,206,213,214,215,243,251,260,267,275,276,288,297,303,308,319,324,326,329,332,333,348,355,358,365,397,386,391,400,407,409,420,424
383:1,2,29,31,32,39,44,52,59,69,70,76,78,83,110,111,119,145,149,166,167,177,179,193,195,197,203,207,220,222,228,238,244,247,259,272,280,282,284,292,296,301,308,317,318,322,340,342,358,365,408,386,391,398,401,407,422
384:0,6,11,12,21,25,36,50,56,74,86,103,105,116,126,135,142,145,148,153,154,196,200,202,204,217,220,228,232,246,260,272,282,285,300,317,329,353,363,364,366,371,378,381,413,388,398,412,418
385:10,13,21,31,36,41,71,78,79,80,86,88,95,114,115,116,139,151,159,162,164,169,171,175,189,194,200,208,217,223,225,230,233,239,248,251,254,260,281,299,314,321,331,336,338,341,364,376,411,388,416,417,427,428
386:4,22,32,34,35,40,42,58,64,66,74,84,103,118,131,132,135,161,164,167,183,185,194,200,202,213,219,222,230,247,295,315,324,342,349,354,360,367,368,382,383,387,418,426,428
387:0,7,9,13,17,18,30,33,45,51,53,73,80,83,96,109,119,137,144,145,149,150,154,160,166,168,178,180,182,187,195,198,206,212,216,231,234,251,259,274,277,280,295,296,297,320,340,342,343,364,375,379,386,401,396,398,406,408,411,412,420,429
388:2,3,19,25,45,62,66,85,93,94,121,129,132,149,157,160,162,169,191,193,221,224,229,244,257,260,283,296,304,315,323,331,351,358,362,373,384,385,424,398,400,414
389:8,10,13,22,28,32,35,38,39,46,47,52,60,61,64,65,66,67,75,94,100,124,143,154,155,162,167,176,178,190,195,196,215,230,269,287,291,292,307,314,315,323,329,334,351,353,356,375,405,391,403,416,417,420,424,425
390:24,45,54,65,76,90,92,96,114,115,117,120,131,135,139,148,164,165,166,175,189,196,198,200,213,223,225,230,250,254,262,269,278,283,287,292,306,316,330,333,339,341,346,350,353,359,417,397,399,404,408,415,419,426
391:6,12,14,26,33,45,49,80,83,89,92,94,96,101,108,118,121,136,147,151,188,194,197,198,199,206,208,209,210,211,221,226,228,251,266,271,274,287,293,296,302,305,310,321,327,337,347,354,358,374,378,382,383,389,409,397,407
392:9,14,29,46,49,50,54,61,68,78,81,92,97,107,111,113,119,127,132,136,141,151,157,160,162,173,174,188,191,193,198,200,213,229,235,237,249,251,252,257,260,261,262,270,272,278,284,285,307,321,327,337,338,355,365,373,376,424,402,416
393:2,13,14,18,44,45,62,77,86,91,93,124,127,133,139,172,175,181,187,199,202,205,225,237,257,259,266,275,281,292,293,299,324,331,360,361,370,373,376,412,402,410,416,421
394:13,20,28,30,38,43,53,62,80,85,91,105,111,114,128,134,140,153,159,163,167,178,179,187,189,195,217,220,232,239,242,256,260,263,265,289,296,307,313,326,327,334,339,347,352,356,357,358,369,414,398,401,402,404,421
395:5,12,13,14,28,32,44,45,62,84,89,92,106,107,114,119,127,133,134,143,148,157,163,169,174,188,196,197,204,219,224,227,233,234,238,246,252,260,271,275,280,296,301,303,308,309,310,312,319,320,345,351,356,358,369,377,381,402,403,408,409,411,422,425,426,428
396:0,16,18,27,32,37,38,41,45,46,50,65,69,70,72,75,85,89,90,102,104,117,121,125,129,132,168,187,188,190,195,201,210,221,227,244,256,259,266,285,286,293,296,314,327,329,335,344,365,387,412,402,409,416,423,425
397:21,33,54,64,73,76,86,90,96,99,119,129,132,136,139,149,153,154,172,173,174,185,196,199,203,240,244,252,265,268,289,296,316,317,326,330,333,342,347,348,359,362,366,369,370,373,375,380,382,390,391,425,403,407,413,414,427
398:16,19,23,24,33,34,59,70,71,74,80,88,100,105,113,117,132,135,137,138,142,144,155,162,169,172,179,183,187,191,199,204,212,215,228,229,237,240,248,249,255,259,263,264,289,293,300,306,309,322,333,357,359,364,375,380,383,384,387,388,394,415,407,410,421,428
399:13,15,16,19,51,72,80,92,98,111,116,120,138,141,142,146,152,157,164,174,187,188,192,205,206,211,212,219,225,237,238,245,256,259,262,268,269,273,290,294,311,322,324,326,332,333,338,341,344,350,352,356,363,366,373,380,390,407,413,422,424,425
400:14,17,21,23,26,37,42,52,62,89,97,104,111,117,123,133,153,156,179,182,183,196,199,205,228,241,242,267,274,278,279,288,294,298,303,306,318,323,324,336,342,356,360,370,372,374,375,382,388,419
401:9,11,12,13,15,16,21,43,54,71,73,89,92,96,109,110,138,164,188,202,208,217,218,219,222,225,232,233,235,249,253,264,272,278,292,293,316,337,352,363,372,375,379,381,383,387,394,406,408,413,415,419,421,424
402:6,7,8,13,35,41,45,46,57,59,60,61,74,76,85,86,90,92,97,103,116,132,133,139,140,162,167,178,193,198,208,210,212,237,243,250,253,268,285,289,290,294,301,302,313,314,326,328,332,359,362,365,371,380,392,393,394,395,396,419,409,422,423
403:1,3,7,9,13,14,41,43,46,48,60,61,69,85,89,99,124,127,135,140,146,151,160,163,169,175,179,181,188,192,197,203,221,222,229,233,243,249,255,264,266,268,281,302,307,315,332,334,338,351,360,374,389,395,397,404
404:5,7,9,22,29,35,52,68,70,77,81,89,93,104,113,120,121,126,133,141,144,150,159,163,181,184,190,191,195,201,211,214,224,237,248,253,260,267,268,273,284,290,291,308,311,324,327,333,338,344,353,355,358,375,376,390,394,403,428,422
405:13,14,32,34,39,40,43,62,76,83,88,112,138,150,159,163,169,185,187,196,199,201,222,229,235,236,238,249,252,255,259,261,277,278,299,300,308,313,316,347,350,364,368,379,389,422,410,421,427
406:7,9,14,24,35,37,39,44,55,59,73,83,85,88,90,107,110,112,114,123,126,141,146,151,155,157,159,162,173,187,188,189,190,210,219,224,226,239,242,254,255,261,267,272,274,275,278,279,285,326,336,345,353,355,365,366,368,369,372,377,387,401,413,408,414,417,418,427
407:29,46,52,59,67,68,71,85,87,95,100,106,111,118,126,130,131,140,147,149,155,164,166,172,183,188,210,211,213,214,220,227,243,246,248,261,264,266,270,273,279,292,296,303,307,310,311,317,338,340,361,373,376,382,383,391,397,398,399,423,424
408:2,4,9,16,21,27,31,33,39,42,55,60,89,91,92,93,101,117,122,123,124,142,143,155,160,163,164,176,178,181,185,190,215,227,230,242,252,263,280,292,299,301,310,314,333,341,343,346,347,350,352,361,374,375,383,387,390,395,401,406,412,422,424
409:17,19,52,54,56,57,64,68,83,88,89,99,101,103,105,118,124,135,158,164,175,177,178,181,183,188,194,198,199,210,215,218,222,231,234,254,255,259,300,311,320,323,324,338,344,345,361,374,381,382,391,395,396,402,421,417,427
410:0,10,11,16,21,26,40,51,52,55,77,79,85,114,126,129,132,136,150,153,166,178,179,191,207,212,213,215,216,217,218,219,221,222,226,227,236,249,250,270,289,290,293,321,328,330,338,366,393,398,405,413,411,424,426,429
411:7,14,23,24,30,32,43,69,78,80,84,91,110,141,150,158,161,175,176,184,188,200,206,210,211,241,252,267,275,278,282,287,290,297,302,308,310,315,316,319,341,346,357,385,387,395,410,424
412:4,18,19,21,25,33,38,53,56,59,80,85,93,94,95,100,104,112,115,126,139,153,162,163,166,174,194,207,208,211,220,229,231,236,241,245,255,257,265,286,292,306,308,312,322,342,343,345,355,374,379,384,387,393,396,408,416,417,419,421,424,425
413:25,36,42,49,50,55,59,62,64,73,74,98,112,127,143,169,170,185,207,213,224,237,252,258,269,282,293,297,308,328,371,376,384,397,399,401,406,410,419,423
414:1,9,10,21,26,53,72,84,85,101,104,107,109,113,120,134,139,144,162,169,171,184,185,207,208,225,237,240,262,278,291,303,315,334,340,342,347,351,353,357,359,363,371,379,380,381,388,394,397,406,415,427
415:3,28,41,49,66,72,74,78,100,102,108,114,121,122,131,146,147,168,170,174,176,193,209,213,235,237,241,243,248,249,252,260,262,275,286,288,289,292,300,305,307,316,329,331,345,356,360,366,367,368,390,398,401,414,418
416:1,9,35,38,40,41,47,58,60,71,77,78,81,95,100,102,107,108,111,116,118,132,149,157,160,171,183,189,190,193,240,241,252,257,259,262,266,274,275,277,282,286,293,300,301,319,328,335,337,343,344,349,362,385,389,392,393,396,412,427,423,425,426
417:10,17,18,19,26,27,56,59,78,81,85,88,92,93,103,105,114,118,119,135,136,137,139,158,159,160,165,170,172,184,198,215,224,228,233,240,242,263,268,270,271,276,277,279,284,285,289,294,302,318,326,340,351,357,360,370,377,380,385,389,390,406,409,412,419,429
418:3,8,13,20,21,38,44,64,77,90,91,96,102,123,128,136,147,156,165,166,176,179,187,193,198,199,205,213,219,221,236,239,241,245,249,255,258,268,269,289,290,295,303,324,328,331,332,333,339,343,345,353,359,361,363,365,366,384,386,406,415,420
419:11,13,33,50,51,52,56,60,64,77,87,108,112,124,126,133,142,154,161,166,174,177,181,183,197,225,229,238,240,257,262,282,287,299,300,311,323,324,335,336,355,360,366,367,369,372,390,400,401,402,412,413,417,422
420:2,5,66,67,78,79,83,106,114,120,127,161,164,173,175,184,186,190,192,204,209,212,217,219,220,221,234,241,244,249,257,267,270,284,294,295,301,306,311,317,322,324,338,339,363,380,382,387,389,418,422,421
421:12,19,23,24,42,59,71,97,118,128,143,149,160,162,165,171,176,182,187,199,202,204,219,225,244,247,259,264,267,268,269,278,281,290,297,304,314,319,344,347,349,357,363,364,379,393,394,398,401,405,409,412,420,425
422:2,10,16,28,37,39,49,68,70,81,82,87,94,105,119,120,125,130,141,144,152,166,174,177,182,184,189,193,195,222,224,228,230,245,252,254,255,256,258,264,265,279,288,289,304,306,319,326,338,341,352,371,372,383,395,399,402,404,405,408,419,420,428,423
423:1,2,4,12,14,15,22,23,59,62,64,75,87,89,93,118,132,137,138,148,165,169,186,190,196,212,217,221,231,232,241,249,258,260,290,292,299,301,303,317,330,352,353,356,357,359,396,402,407,413,416,422,425
424:0,3,7,17,18,21,33,39,43,46,52,54,68,81,86,97,100,126,147,148,156,170,172,174,186,189,205,211,230,242,253,258,268,276,293,322,333,344,347,361,371,382,388,389,392,399,401,407,408,410,411,412,429
425:2,11,20,28,34,44,52,53,56,57,61,63,65,66,83,95,96,118,121,124,127,129,131,134,138,140,156,166,187,196,209,210,217,220,226,230,245,247,251,255,263,274,276,278,285,293,309,310,311,312,323,354,359,364,365,366,368,373,374,377,380,389,395,396,397,399,412,416,421,423,427
426:10,25,58,65,74,90,95,96,98,101,119,124,125,128,130,143,163,168,171,177,184,190,207,213,219,232,237,239,251,253,262,272,281,285,287,289,290,306,309,324,327,344,346,350,354,356,360,376,377,386,390,395,410,416,429
427:13,33,46,48,67,71,74,78,90,111,115,117,119,123,124,145,156,160,162,163,169,170,178,189,201,202,207,209,213,232,244,245,246,254,266,284,291,300,302,323,327,372,376,379,380,385,397,405,406,409,414,416,425,429
428:9,35,40,48,63,66,105,106,115,134,138,148,151,177,179,184,193,200,210,213,217,218,223,226,234,239,242,251,259,264,273,280,293,301,309,315,316,324,326,331,343,359,363,365,366,378,379,385,386,395,398,404,422,429
429:5,21,69,70,71,72,73,74,97,99,113,115,116,127,129,131,137,155,162,182,183,184,186,195,201,208,209,212,226,231,240,246,249,254,256,258,281,299,304,307,321,333,337,362,368,379,387,410,417,424,426,427,428
