0:54,6,17,40,61,70,77,113,114,118,130,157,196,204,215,232,277,299,313,322,347,409,434
1:185,16,17,57,103,107,128,195,200,233,366
2:131,30,34,61,69,72,100,142,206,215,287,296,322,359,387,417
3:34,87,224,232,257,258,320,356,363,368,382,389,427
4:360,8,48,93,143,145,200,221,242,282,319,378,395,404,411
5:317,24,82,91,95,141,194,219,237,246,309,367,384,426
6:0,64,101,143,159,171,199,232,337,374,377
7:231,22,25,28,62,70,92,167,196,241,291,294,305,325,327,374,378,388,398,405,413,421,426
8:4,239,39,56,77,84,93,132,147,173,211,272,283,315,317,393,401,411,420,429
9:161,14,131,166,186,190,206,260,298,312,336,365,376,417,423
10:326,62,72,83,90,111,185,191,204,214,216,248,256,270,292,302,315,362,392
11:101,113,134,171,179,212,233,238,345,389,419,432
12:21,39,52,77,176,177,195,260,273,328,373,423,430
13:250,154,159,174,209,255,278,298,318,340,344,415,425
14:9,278,51,54,92,120,125,126,144,162,168,193,210,337,376
15:148,62,80,136,181,249,253,296,352,360,368,380,425
16:1,320,59,111,136,169,209,223,231,261,328,425
17:0,1,168,26,40,62,142,150,190,194,245,250,272,340,346,360,377,402,405
18:305,55,80,116,144,167,174,208,216,231,238,246,291,341,353,380,402
19:105,24,89,101,124,180,197,264,326,333,340,385,427
20:130,29,79,117,163,174,202,223,283,293,386,392,422
21:12,203,29,39,62,76,101,122,143,155,158,173,210,280,300,347,350,420,439
22:7,266,33,48,146,153,160,179,229,240,263,298,356,430
23:360,41,65,142,171,187,211,233,254,259,324,333,361,376,377,379,387,424,436
24:5,19,128,37,56,142,156,170,194,200,247,288,294,306,315,358,373,391,407
25:7,28,41,57,61,85,86,122,146,148,159,255,292,411
26:17,169,76,120,125,149,178,251,256,282,288,295,309,334,340,363,390,437
27:373,29,30,64,68,80,83,88,155,166,181,198,201,208,213,222,248,295,307,311,339,345,422
28:7,25,92,33,36,41,74,86,109,193,203,210,298,304,321,323,330,341,356,360,436
29:20,21,27,152,91,122,157,161,184,212,274,286,318,422,430,434,435
30:2,27,368,62,167,183,203,229,253,260,263,265,294,313,317,371,393,406,415,425
31:255,43,64,74,77,92,106,190,214,226,245,303,359,376,380,398,404,435
32:313,51,64,94,98,101,113,129,151,152,172,188,191,195,199,269,273,284,321,337,412
33:22,28,323,39,45,47,59,69,110,118,148,198,217,222,236,264,281,312,353,362,368,377,430
34:2,3,67,38,52,122,184,201,208,221,253,320,423
35:86,48,65,133,150,152,216,291,333,377
36:28,332,61,112,144,149,172,229,304,361,367,376,391,398,407,432
37:24,246,92,136,194,317,320,332,335,368,417,434
38:34,380,83,109,145,202,204,225,286,294,307,319,376,414,421
39:8,12,21,33,344,60,62,65,80,110,125,130,177,357,369,420
40:0,17,161,41,95,105,109,128,170,208,211,249,251,403,407,429,438
41:23,25,28,40,249,68,75,88,93,131,139,148,174,179,237,238,246,293,391,404,420
42:181,109,140,166,215,249,277,279,317,357,367,368,398
43:31,71,97,99,178,193,319,321,333,338,352,380,391,411
44:59,63,64,70,85,89,91,92,105,133,147,165,239,279,329,335,436
45:33,289,52,75,93,104,139,173,193,246,306,326,329,365,419,437
46:151,51,98,114,127,144,169,234,252,285,391
47:33,243,62,66,85,126,140,160,199,232,239,254,260,278,291,302,336,365,411,422,424
48:4,22,35,174,70,80,82,86,89,109,131,181,218,227,230,290,298,313,315,320,353,358,418
49:310,69,72,83,88,112,118,183,187,227,233,252,258,318,340,348,396,424
50:252,66,73,131,145,181,273,303,310,331,365,413,415
51:14,32,46,142,64,69,121,127,133,134,147,151,171,179,182,185,212,244,292,305,328,406,428
52:12,34,45,159,94,115,117,164,184,212,324,334,348,388,400,421,424
53:408,99,148,203,258,278,291,343,373,433,437
54:0,14,224,68,85,134,141,166,176,183,246,272,284,286,287,291,299,328,404
55:18,360,63,83,125,129,165,184,190,213,219,239,242,260,332,380,385,401,407,415,424,425
56:8,24,300,185,193,199,219,250,263,279,357,374
57:1,25,365,78,120,153,247,266,267,274,302,366,405,417
58:190,71,82,87,159,165,209,212,276,278,288,341,357,399,420,431
59:16,33,44,290,60,197,215,285,295,340,394
60:39,59,420,219,242,356,394,409
61:0,2,25,36,225,68,79,80,289,324,338,411,432,438,439
62:7,10,15,17,21,30,39,47,187,63,65,72,88,134,153,197,211,213,233,252,255,259,269,289,304,310,333,350,437
63:44,55,62,71,66,73,89,106,107,115,117,122,125,160,181,188,192,205,280,285,344,347,429
64:6,27,31,32,44,51,271,116,143,166,184,185,202,219,230,242,243,268,282,295,305,331,333,371,427
65:23,35,39,62,320,95,168,323,359,363,372,378,383,408,414
66:47,50,63,222,75,173,230,266,271,285,358,362,384,410,424,439
67:34,224,95,109,131,162,165,195,239,372,381,403,426,429
68:27,41,54,61,387,77,151,162,201,241,289,376,404,418
69:2,33,49,51,378,99,119,138,161,196,201,209,253,260,271,280,296,315,316,320,331,332,346,381,409
70:0,7,44,48,172,115,168,259,265,266,278,282,337,338,358,413
71:43,58,63,203,74,95,122,264,319,355,373,387,388,399,416,432
72:2,10,49,62,299,135,170,178,257,261,263,286,297,311,382,385
73:50,63,124,84,157,178,186,189,220,280,300,302,390,409,416,419,421,423
74:28,31,71,214,102,170,198,202,316,338,352
75:41,45,66,90,89,150,196,215,218,240,329,428
76:21,26,212,110,126,170,188,192,236,245,302,310,313,380,399,401,405,425,433,437
77:0,8,12,31,68,292,80,136,153,180,222,228,264,280,329,364,372,377,413
78:57,131,114,124,169,181,194,307,353,381,398,415
79:20,61,120,82,102,123,141,157,175,178,200,209,210,236,282,289,292,314,317,353
80:15,18,27,39,48,61,77,189,153,319,325,348,352,369,427,439
81:361,99,130,134,203,213,218,220,257,258,274,290,295,296,301,349,355,394,421
82:5,48,58,79,422,133,136,138,144,155,182,211,240,292,298,320,367,384,390,399,403
83:10,27,38,49,55,434,109,154,162,180,269,314,338,371,376
84:8,73,295,155,164,265,271,347,364,429,433
85:25,44,47,54,224,122,219,272,313,343,363,367,420
86:25,28,35,48,202,178,185,210,223,263,275,280,334,338,342,386,413
87:3,58,226,117,206,221,265,269,273,275,286,316,338,367,418
88:27,41,49,62,159,103,105,211,237,240,268,286,292,317,321,334,354,357,372,421,430
89:19,44,48,63,75,370,101,208,220,258,282,299,307,355,367
90:10,75,133,136,138,166,172,180,203,208,209,243,288,330,428,429,434
91:5,29,44,435,111,115,216,225,253,273,295,299,376,423
92:7,14,28,31,37,44,263,129,170,200,214,224,235,242,257,327,347,360,394,406,413,439
93:4,8,41,45,354,132,175,351,377,384,401,412
94:32,52,281,135,167,185,192,219,253,284,299,319,332,333,413
95:5,40,65,67,71,269,109,122,137,154,173,239,397,408
96:256,163,187,205,220,268,278,292,345,362,367
97:43,170,99,110,129,134,144,154,174,190,206,207,215,217,233,261,279,304,315,317,341,358,384,422,423
98:32,46,302,122,185,200,215,234,353,372,373,426
99:43,53,69,81,97,387,137,141,162,207,229,257,370
100:2,146,124,156,254,290,305,306,315,316,363,421,437
101:6,11,19,21,32,89,129,217,244,293,343,349,366,367,380
102:74,79,201,130,174,188,192,228,238,244,282,299,315,320,332,415,417,422,439
103:1,88,366,143,165,179,181,182,187,196,216,240,272,312,375,380,410,420
104:45,424,172,242,266,273,295,354,388,398
105:19,40,44,88,248,108,137,158,333,355,376,423
106:31,63,305,175,181,202,249,260,327,342,353
107:1,63,350,131,133,173,223,259,275,343,396,418
108:105,278,157,162,184,252,411
109:28,38,40,42,48,67,83,95,230,150,158,263,271,276,285,296,298,334,374,389,394,399
110:33,39,76,97,420,123,133,160,210,269,275,282,304,336,395,421,429
111:10,16,91,382,240,245,255,307,338,370,395,408,413,425,426,433,438
112:36,49,146,144,215,216,227,235,321,376,380,414,421,428
113:0,11,32,314,125,196,205,229,319,327,351,358,378,387,403,410
114:0,46,78,257,117,124,177,283,309,312,316,333,355,356,369,380,402
115:52,63,70,91,149,304,319,322,333,354,413,417,430
116:18,64,432,191,249,254,276,310,348,354,368,379,398,406,408,429
117:20,52,63,87,114,270,179,233,237,245,246,284,362,382,393
118:0,33,49,323,124,159,180,209,222,230,305,337,397,406
119:69,306,133,160,199,206,211,235,242,292,318,385,408
120:14,26,57,79,282,144,171,184,208,222,290,300,317,318,328,341,342,378,380,389,435
121:51,208,219,233,255,283,338,344,364,410
122:21,25,29,34,63,71,85,95,98,243,130,141,154,211,225,266,299,315,328,380,419
123:79,110,414,176,185,229,260,322,346
124:19,73,78,100,114,118,149,178,188,195,231,320,339,344,349,391,436
125:14,26,39,55,63,113,189,213,234,236,274,295,307,323,330,367,376,411
126:14,47,76,143,160,162,183,185,194,271,332,356,407
127:46,51,395,169,205,261,293,294,340,345,384,402,406
128:1,24,40,138,154,220,239,247,318,325,372,399,406,426,433
129:32,55,92,97,101,136,163,187,262,287,392,419
130:0,20,39,81,102,122,407,139,148,182,214,258,270,283,338,349,361,386,387,393
131:2,9,41,48,50,67,78,107,254,259,273,321,328,357,385,386,390,393,430
132:8,93,260,164,193,210,240,255,258,313,324,374,395
133:35,44,51,82,90,107,110,119,229,200,236,243,305,314,358,381,385,391,432
134:11,51,54,62,81,97,397,171,234,305,326,335,358,366
135:72,94,157,215,218,225,307,373
136:15,16,37,77,82,90,129,275,149,214,234,310,314,347,382,386,387,392,398,399,420
137:95,99,105,373,145,146,153,167,177,216,275,277,317,439
138:69,82,90,128,218,148,149,231,251,258,263,292,297,305,312,316,357,365,373,393,425
139:41,45,130,146,148,191,213,223,229,253,335,354,357,396,413,432
140:42,47,342,170,206,223,243,284,294,346,356,363,382,407,411
141:5,54,79,99,122,372,219,233,234,239,285,295,351,354,384,396,415,424,427
142:2,17,23,24,51,409,147,177,191,200,206,207,212,213,270,273,300,334,387,392,393,411,424
143:4,6,21,64,103,126,183,152,267,301,340,345,348,351,359,376,397,419
144:14,18,36,46,82,97,112,120,191,183,187,243,255,259,268,291,294,317,363,383,406
145:4,38,50,137,439,154,199,206,216,330,348,350,398,427
146:22,25,100,112,137,139,348,179,181,237,259,360,372,428
147:8,44,51,142,339,209,217,245,299,307,376,397,427,430
148:15,25,33,41,53,130,138,139,203,164,224,252,263,313,314,334,340,395,412,420,436
149:26,36,115,124,136,138,229,199,208,226,262,275,283,287,305,311,332,354,378,381,384,394,412
150:17,35,75,109,180,201,220,231,389,395,438
151:32,46,51,68,332,274,276,288,292,328,334,378,384,399,405,415,418
152:29,32,35,143,226,158,165,194,253,282,310,317,366,387,418
153:22,57,62,77,80,137,375,166,170,203,216,273,276,286,294,314,316,368,383,410,415,432
154:13,83,95,97,122,128,145,395,162,167,222,263,264,318,325,331,369,370
155:21,27,82,84,413,170,173,187,216,225,229,246,276,388,400
156:24,100,331,187,189,253,308,322,338,358,378,434
157:0,29,73,79,108,135,289,172,183,204,265,266,269,288,297,313,331,333,418,437
158:21,105,109,152,337,229,240,279,294,303,374,415
159:6,13,25,52,58,88,118,269,173,209,213,233,268,326,359,398,404,426
160:22,47,63,110,119,126,429,184,186,339,356,410,416
161:9,29,40,69,377,212,240,249,263,276,317,329,435
162:14,67,68,83,99,108,126,154,364,178,187,268,277,287,339,342,368,382,384,428,431
163:20,96,129,346,164,176,187,214,219,220,229,230,251,317,404,420,426
164:52,84,132,148,163,428,218,222,259,275,390,410,417
165:44,55,58,67,103,152,234,195,201,225,271,434
166:9,27,42,54,64,90,153,272,168,181,211,246,252,313,341,343,345,346,415
167:7,18,30,94,137,154,192,174,215,299,318,336,358,380,382,393
168:14,17,65,70,166,342,200,242,275,300,310,349,355,412
169:16,26,46,78,127,189,173,247,259,273,274,290,291,365,373,388,416,432
170:24,40,72,74,76,92,97,140,153,155,320,202,297,303,337,345,370,380
171:6,11,23,51,120,134,302,172,242,250,348,388,411,422
172:32,36,70,90,104,157,171,315,264,281,287,312,355,435
173:8,21,45,66,95,107,155,159,169,175,188,189,190,191,218,266,309,347,425
174:13,18,20,41,48,97,102,167,439,206,221,306,311,323,336,349,396,411,418
175:79,93,106,173,200,183,184,193,221,281,299,321,336,340,378,407
176:12,54,123,163,180,195,219,230,242,254,257,280,338,407
177:12,39,114,137,142,204,202,240,388,416,419,434
178:26,43,72,73,79,86,124,162,183,270,283,303,343,359,365,385,395,415,417
179:11,22,41,51,103,117,146,377,193,200,241,280,302,322,335,343,367,402,403,421,426
180:19,77,83,90,118,150,176,330,206,218,243,260,268,269,280,329,331,364,410,416,431
181:15,27,42,48,50,63,78,103,106,146,166,340,191,229,248,282,299,303,394,422
182:51,82,103,130,310,193,214,221,231,248,287,352,372,383,394,410,431
183:30,49,54,126,143,144,157,175,178,390,312,369,379,386,411,419,436
184:29,34,52,55,64,108,120,160,175,432,206,219,278,312,323,338,344,358,400,415
185:1,10,51,56,64,86,94,98,123,126,220,225,293,299,323,328,332,366,416
186:9,73,160,383,205,253,261,268,287,296,381,400,410,437
187:23,49,62,96,103,129,144,155,156,162,163,239,193,202,230,274,321,340,351,391,397
188:32,63,76,102,124,173,317,209,263,303,333,357,385,389
189:73,80,125,156,169,173,316,211,230,236,254,256,337,365,369,406,423
190:9,17,31,55,58,97,173,319,205,233,267,268,327,348,421
191:10,32,116,139,142,144,173,181,250,200,266,270,282,332,365,409,410,413
192:63,76,94,102,167,282,228,240,248,339,343,399,408
193:14,28,43,45,56,132,175,179,182,187,364,202,227,230,262,359,361,396,411
194:5,17,24,37,78,126,152,294,232,336,362,428,431
195:1,12,32,67,124,165,176,348,268,325,335,360,372,430
196:0,7,69,75,103,113,411,199,257,302,319,343,351,354,356,425,428
197:19,59,62,373,207,218,228,244,369,385,421
198:27,33,74,418,209,235,252,266,276,280,281,379,383,439
199:6,32,47,56,119,145,149,196,214,251,268,292,311,381,416,438
200:1,4,24,79,92,98,133,142,168,175,179,191,226,224,244,246,249,253,267,268,290,324,377,416,431
201:27,34,68,69,102,150,165,229,224,228,255,266,355,369,373,378,395,436
202:20,38,64,74,86,106,170,177,187,193,408,230,256,293,323,327,388,425
203:21,28,30,53,71,81,90,148,153,430,212,219,235,258,327,329,360
204:0,10,38,157,177,268,289,337,364,365,398,399,403,424
205:63,96,113,127,186,190,432,206,208,221,264,280,291,294,356
206:2,9,87,97,119,140,142,145,174,180,184,205,435,223,224,276,282,306,313,353,401
207:97,99,142,197,216,234,247,262,309,320,345,358,369,372
208:18,27,34,40,89,90,120,121,149,205,214,213,217,231,239,254,259,265,276,297,396,407
209:13,16,58,69,79,90,118,147,159,188,198,215,312,346,413,423
210:14,21,28,79,86,110,132,415,264,302,346,352,363,364,371,414,417
211:8,23,40,62,82,88,119,122,166,189,332,221,235,274,372,407
212:11,29,51,52,58,76,142,161,203,430,221,243,250,382,404,406,424,428
213:27,55,62,81,125,139,142,159,208,242,270,271,274,344,376,407,429
214:10,31,74,92,130,136,163,182,199,208,286,220,253,330,409
215:0,2,42,59,75,97,98,112,135,167,209,303,226,244,288,304,316,329,334,383,408,409
216:10,18,35,91,103,112,137,145,153,155,207,370,229,236,242,290,299,326,327,334,350,356,371,398,404,433,439
217:33,97,101,147,208,288,220,224,234,272,282,295,309,315,319,320,321,324,327,359,420
218:48,75,81,135,138,164,173,180,197,389,221,248,253,265,283,288,326,346,383,401,404,418,437
219:5,55,56,60,64,85,94,121,141,163,176,184,203,272,230,246,258,273,362,393
220:73,81,89,96,128,150,163,185,214,217,244,240,250,308,326,329,360,395
221:4,34,87,174,175,182,205,211,212,218,432,237,244,256,322,323,352,367,401,436
222:27,33,66,77,118,120,154,164,365,253,277,292,309,325,336,362,374,379,380,418
223:16,20,86,107,139,140,206,394,235,345,351,373,435
224:3,54,67,85,92,148,200,201,206,217,291,255,261,278,287,293,294,321,349,377,384,394
225:38,61,91,122,135,155,165,185,355,230,234,247,314,349,390,410,429
226:31,87,149,152,200,215,292,279,407,419,426,433
227:48,49,112,193,331,240,388,410
228:77,102,192,197,201,363,326,353,368,382,417
229:22,30,36,99,113,123,133,139,149,155,158,163,181,201,216,344,296,301,315,345,367,374,376,396,403,406
230:48,64,66,109,118,163,176,187,189,193,202,219,225,284,294,319,380,410,437
231:7,16,18,124,138,150,182,208,378,238,264,295,316,337,353,413,439
232:0,3,6,47,194,361,261,262,288,293,316,331,350,359,364,407,409
233:1,11,23,49,62,97,117,121,141,159,190,248,250,271,287,301,311,384,400,416,428,429
234:46,98,125,134,136,141,165,207,217,225,439,315,353,383
235:92,112,119,198,203,211,223,269,262,299,336,358,400,416
236:33,76,79,125,133,189,216,279,277,292,308,378,400,401,404,418,422
237:5,41,88,117,146,221,255,260,264,294,342,353,430,439
238:11,18,41,102,231,307,246,256,260,263,281,282,286,291,315,330,354,361,399,437
239:8,44,47,55,67,95,128,141,187,208,402,260,317,329,395,410,421
240:22,75,82,88,103,111,132,158,161,177,192,220,227,310,245,280,295,303,304,312,382,430
241:7,68,179,399,313,334,366,408,418
242:4,55,60,64,92,104,119,168,171,176,213,216,286,254,265,293,314,328,379,410,425,429,434,437
243:47,64,90,122,133,140,144,180,212,425,271,344,356,367,369,389
244:51,101,102,197,200,215,220,221,247,259,265,310,326,330,344,377,401,404,424,437
245:17,31,76,111,117,147,240,319,273,313,328,333,379,399,425
246:5,18,37,41,45,54,117,155,166,200,219,238,254,249,324,335,337,339,376
247:24,57,128,169,207,225,244,375,248,272,295,350,353,369,372,397,401
248:10,27,105,181,182,192,218,233,247,268,362,376,392
249:15,40,41,42,106,116,161,200,246,254,260,273,337,389,432
250:13,17,56,171,191,212,220,233,366,275,318,409
251:26,40,138,163,199,362,286,297,300,398,437
252:46,49,50,62,108,148,166,198,359,305,334,349,373,416,423,431
253:15,30,34,69,91,94,139,152,156,186,200,214,218,222,295,271,315,323,331,340,389,412,417,439
254:23,47,100,116,131,176,189,208,242,246,249,311,296,302,321,326,401,430
255:13,25,31,62,111,121,132,144,201,224,237,431,283,338,344,348,369,380,432,437
256:10,26,96,189,202,221,238,296,265,283,295,332,339,363,409,410,428
257:3,72,81,92,99,114,176,196,346,259,268,281,312,317,438
258:3,49,53,81,89,130,132,138,203,219,378,259,272,280,282,288,304,389,429
259:23,62,70,107,131,144,146,164,169,208,244,257,258,352,270,397,420
260:9,12,30,47,55,69,106,123,132,180,237,238,239,249,342,298,305,323,336,340,344,362,398,426
261:16,72,97,127,186,224,232,378,285,294,301,303,335,346,375,393,417
262:129,149,193,207,232,235,309,325,366,373,396,420
263:22,30,56,72,86,92,109,138,148,154,161,188,238,412,289,292,377,379,431
264:19,33,71,77,154,172,205,210,231,237,374,303,311,383,407,409,422,436
265:30,70,84,87,157,208,218,242,244,256,391,285,314,319,320,370,427,428,436
266:22,57,66,70,104,122,157,173,191,198,201,268,329,336,363,414,432
267:57,143,190,200,270,292,306,332,335,344,346,364
268:64,88,96,144,159,162,180,186,190,195,199,200,204,248,257,266,360,284,292,294,375,424
269:32,62,83,87,95,110,157,159,180,235,330,280,311,378,386
270:10,117,130,142,178,191,213,259,267,396,278,299,318,325,394,397,411,412
271:64,66,69,84,109,126,165,213,233,243,253,290,336,396,404
272:8,17,54,85,103,166,217,219,247,258,285,331,358,408
273:12,32,50,87,91,104,131,142,153,169,219,245,249,436,301,328,386,391,414,439
274:29,57,81,125,151,169,187,211,213,429,284,292,293,337,338,410,423,428
275:86,87,107,110,136,137,149,164,168,250,402,279,280,285,315,318,323,338,344,354,377,382,390,399,431
276:58,109,116,151,153,155,161,198,206,208,295,308,310,373,413,423
277:0,42,137,162,222,236,320,283,292,297,315,348,395,408,423,430
278:13,14,47,53,58,70,96,108,184,224,270,427,323,339,417
279:42,44,56,97,158,226,236,275,410,303,387,388
280:21,63,69,73,77,86,176,179,180,198,205,240,258,269,275,427,301,321,331,355,439
281:33,94,172,175,198,238,257,429,311,315,326,371,388,417,426,436
282:4,26,64,70,79,89,102,110,120,152,181,191,192,206,217,238,258,428,304,321,327,328,332,345,366,390,399,412,418,431
283:8,20,114,121,130,149,178,218,255,256,277,287,342,345,350,367,420,428
284:32,54,94,117,140,230,268,274,334,295,337,348,354,364,373,377,399,429,437
285:46,59,63,66,109,141,261,265,272,275,399,296,340,366,408
286:29,38,54,72,87,88,153,214,238,242,251,421,290,378,390,411,414
287:2,54,129,149,162,172,182,186,224,233,283,330,318,340,388,415,428
288:24,26,58,90,151,157,215,217,218,232,258,353,298,369,375,381,395,408,435
289:45,61,62,68,79,157,204,263,356,322,324,328,368,377,400,435
290:48,59,81,100,120,169,200,216,271,286,325,292,354,359,367
291:7,18,35,47,53,54,144,169,205,224,238,379,303,311,350,361,376
292:10,25,51,77,79,82,88,96,119,138,151,199,222,226,236,263,267,268,274,277,290,379,355,383,437
293:20,41,101,127,185,202,224,232,242,274,406,298,337,402,425,429
294:7,24,30,38,127,140,144,153,158,194,205,224,230,237,261,268,427,338,347,349,369,377,390,421
295:26,27,59,64,81,84,91,104,125,141,217,231,240,247,253,256,276,284,385,319,346,347,384,402,424
296:2,15,69,81,109,186,229,254,256,285,404,352,409,415,421,439
297:72,138,157,170,208,251,277,343,383,431,438
298:9,13,22,28,48,82,109,260,288,293,422,405,429,432,435
299:0,54,72,89,91,94,102,122,147,167,175,181,185,216,235,270,432,313,328,341,344,421,433
300:21,56,73,120,142,168,251,396,306,313,329,352,363,393
301:81,143,229,233,261,273,280,405,435
302:10,47,57,73,76,98,171,179,196,210,254,407,344,366,387,425
303:31,50,158,170,178,181,188,215,240,261,264,279,291,411,313,334,335,369,394
304:28,36,62,97,110,115,215,240,258,282,391,321,324,333,356,379,404
305:7,18,51,64,100,106,118,133,134,138,149,252,260,310,373,436,439
306:24,45,100,119,174,206,267,300,310,307,312,318,322,383
307:27,38,78,89,111,125,135,147,238,306,314,334,366,388,438
308:156,220,236,276,334,318,380,388,397,398,415,423,424
309:5,26,114,173,207,217,222,262,371,353,359,376,387,389
310:49,50,62,76,116,136,152,168,182,240,244,276,305,306,337,345,347,364,380,407,419,430,436
311:27,72,149,174,199,233,254,264,269,281,291,409,324,371,375,377,384
312:9,33,103,114,138,172,183,184,209,240,257,306,337,377
313:0,30,32,48,76,85,132,148,157,166,206,241,245,299,300,303,400,352,360,387,402,406
314:79,83,113,133,136,148,153,225,242,265,307,361,364,384,418
315:8,10,24,48,69,97,100,102,122,172,217,229,234,238,253,275,277,281,390,316,391,398,418,419,427,431
316:69,74,87,100,114,138,153,189,215,231,232,315,372,334,335,347,373,381,394,407
317:5,8,30,37,42,79,88,97,120,137,144,152,161,163,188,239,257,431,323,379,413
318:13,29,49,119,120,128,154,167,250,270,275,287,306,308,348,328,329,428
319:4,38,43,71,80,94,113,115,190,196,217,230,245,265,295,343,326,335,342,376,386
320:3,16,34,37,48,65,69,82,102,124,170,207,217,265,277,366,335,356,358,365,378,398,402,415
321:28,32,43,88,112,131,175,187,217,224,254,280,282,304,362,352,420,422
322:0,2,115,123,156,179,221,289,306,358,357,383,424,430
323:28,33,65,118,125,174,184,185,202,221,253,260,275,278,317,389,340,352,373,379,404,407,428
324:23,52,61,132,200,217,246,289,304,311,389,351,366,382,431,434,436
325:7,80,128,154,195,222,262,270,290,365,330,333,342,382
326:10,19,45,134,159,216,218,220,228,244,254,281,319,336,344,365,393,397,406,412,418,437
327:7,92,106,113,190,202,203,216,217,282,431,352,354,397,418,429
328:12,16,51,54,120,122,131,151,185,242,245,273,282,289,299,318,381,329,352,424
329:44,45,75,77,161,180,203,215,220,239,266,300,318,328,381,372,379,388,406,408
330:28,90,125,145,180,214,238,244,269,287,325,427,345,350,362,377,384,399
331:50,64,69,154,156,157,180,227,232,253,272,280,389,369,428,438
332:36,37,55,69,94,102,126,149,151,185,191,211,256,267,282,375,353,367,373,415,421
333:19,23,35,43,62,64,94,105,114,115,157,188,245,304,325,352,339,340,341,384,385,393
334:26,52,86,88,109,142,148,151,215,216,241,252,284,303,307,308,316,428,355,369,388,391,400
335:37,44,134,139,179,195,246,261,267,303,316,319,320,339,354,370,374,389,397
336:9,47,110,167,174,175,194,222,235,260,266,271,326,387,347,349,351,380,410,417,420
337:6,14,32,70,118,158,170,189,204,231,246,249,274,284,293,310,312,365,346,349
338:43,61,70,74,83,86,87,111,121,130,156,176,184,255,274,275,294,375,355,399,435
339:27,124,147,160,162,192,246,256,278,333,335,341,356,358,405,413
340:13,17,19,26,49,59,127,143,148,175,181,187,253,260,285,287,323,333,384,398,405
341:18,28,58,97,120,166,299,333,339,360,386,432,434
342:86,106,120,140,162,168,237,260,283,319,325,431,344,347,370,421
343:53,85,101,107,166,178,179,192,196,297,319,351,392,397,410,413
344:13,39,63,121,124,184,213,229,243,244,255,260,267,275,299,302,326,342,420,421
345:11,27,96,127,143,166,170,207,223,229,282,283,310,330,384,376,381,383,391,421
346:17,69,123,140,163,166,209,210,218,257,261,267,295,337,432,351,359,393,415,419,439
347:0,21,63,84,92,136,173,294,295,310,316,336,342,387,392,394,399
348:49,52,80,116,143,145,146,171,190,195,255,277,284,318,375,353,377,411
349:81,101,124,130,168,174,224,225,252,294,336,337,435,385
350:21,62,107,145,216,232,247,283,291,330,422,354,409
351:93,113,141,143,187,196,223,324,336,343,346,397,418,422,435
352:15,43,74,80,182,210,221,259,296,300,313,321,323,327,328,333,399,403,433
353:18,33,48,78,79,98,106,206,228,231,234,237,247,288,309,332,348,374,369,417
354:88,93,104,115,116,139,141,149,196,238,275,284,290,327,335,350,421
355:71,81,89,105,114,168,172,201,225,280,292,334,338,390,387,424
356:3,22,28,60,114,126,140,160,196,205,216,243,289,304,320,339,372,357,368,413,421,423
357:39,42,56,58,88,131,138,139,188,322,356,420,360,408,427
358:24,48,66,70,97,113,133,134,156,167,184,207,235,272,320,322,339,391,360,437
359:2,31,65,143,159,178,193,217,232,252,290,309,346,390,426,431,432
360:4,15,17,23,28,55,92,146,195,203,220,268,313,341,357,358,401,381
361:23,36,81,130,193,232,238,291,314,438,386
362:10,33,66,96,117,194,219,222,248,251,260,321,330,438,402,432
363:3,26,65,85,100,140,144,210,228,256,266,300,421,383,392,403
364:77,84,121,162,180,193,204,210,232,267,284,310,314,415,401,426,431
365:9,45,47,50,57,138,169,178,189,191,204,222,320,325,326,337,424,369,386,411
366:1,57,101,103,134,152,185,241,250,262,282,285,302,307,320,324,369,402,405,415,419
367:5,36,42,82,85,87,89,96,101,125,179,221,229,243,283,290,332,389,379
368:3,15,30,33,37,42,116,153,162,228,289,356,373,417
369:39,80,114,154,183,189,197,201,207,243,247,255,288,294,303,331,334,353,365,366,415,398
370:89,99,111,154,170,216,265,335,342,439,407
371:30,64,83,210,216,281,309,311,377,404,419
372:65,67,77,88,98,128,141,146,182,195,207,211,247,316,329,356,401,377,389,435
373:12,24,27,53,71,98,135,137,138,169,197,201,223,252,262,276,284,305,316,323,332,368,388,378,381,400,429,436
374:6,7,56,109,132,158,222,229,264,335,353,399
375:103,153,247,261,268,288,311,332,338,348,395,414
376:9,14,23,31,36,38,68,83,91,105,112,125,143,147,213,229,246,248,291,309,319,345,436,421
377:6,17,23,33,35,77,93,161,179,200,224,244,263,275,284,289,294,311,312,330,348,371,372,378,431,436
378:4,7,65,69,113,120,149,151,156,175,201,231,236,258,261,269,286,320,373,377,425,415,418
379:23,116,183,198,222,242,245,263,291,292,304,317,323,329,367,415,380,386,422
380:15,18,31,38,43,55,76,101,103,112,114,120,122,167,170,222,230,255,308,310,336,379,438
381:67,69,78,133,149,186,199,288,316,328,329,345,360,373,392,387
382:3,72,111,117,136,140,162,167,212,228,240,275,324,325,418,390,411,413,426
383:65,144,153,182,186,198,215,218,234,264,292,297,306,322,345,363,404,419,431
384:5,66,82,93,97,127,141,149,151,162,224,233,295,311,314,330,333,340,345,431,398,401,412,422
385:19,55,72,119,131,133,178,188,197,295,333,349,413,389,416
386:20,86,130,131,136,183,269,273,319,341,361,365,379,399,419
387:2,23,68,71,99,113,130,136,142,152,279,302,309,313,336,347,355,381,425,395
388:7,52,71,104,155,169,171,177,202,227,279,281,287,307,308,329,334,373,412,397
389:3,11,109,120,150,188,218,243,249,253,258,309,323,324,331,335,367,372,385,391
390:26,73,82,131,164,183,225,275,282,286,294,315,355,359,382,407,397,419
391:24,36,41,43,46,124,133,187,265,273,304,315,334,345,358,389,401,408,424
392:10,20,129,136,142,248,343,347,363,381,406,425
393:8,30,117,130,131,138,142,167,219,261,300,326,333,346,434
394:59,60,81,92,109,149,181,182,223,224,270,303,316,347,414,416,424,427
395:4,110,111,127,132,148,150,154,178,201,220,239,277,288,375,387,398
396:49,107,139,141,174,193,208,229,262,270,271,300,422
397:95,118,134,143,147,187,247,259,270,308,326,327,335,343,351,388,390,409,408
398:7,31,36,42,78,104,116,136,145,159,204,216,251,260,308,315,320,340,369,384,395,404,436
399:58,71,76,82,109,128,136,151,192,204,238,241,245,275,282,284,285,330,338,347,352,374,386,413,402,439
400:52,155,184,186,233,235,236,289,313,334,373,406,409
401:8,55,76,93,206,218,221,236,244,247,254,360,364,372,384,391,405,414,418
402:17,18,114,127,179,239,275,293,295,313,320,362,366,399,432,403,417,419
403:40,67,82,113,179,204,229,352,363,402,431
404:4,31,41,54,68,159,163,212,216,218,236,244,271,296,304,323,371,383,398,429
405:7,17,57,76,151,298,301,339,340,366,401,416,424
406:30,51,92,116,118,127,128,144,189,212,229,293,313,326,329,392,400,425
407:24,36,40,55,126,130,140,175,176,208,211,213,226,232,264,302,310,316,323,370,390,439
408:53,65,95,111,116,119,192,202,215,241,272,277,285,288,329,357,391,397,417,412
409:0,60,69,73,142,191,214,215,232,250,256,264,296,311,350,397,400,418,434
410:66,103,113,121,153,160,164,180,182,186,191,225,227,230,239,242,256,274,279,336,343,414
411:4,8,25,43,47,61,108,125,140,142,171,174,183,193,196,270,286,303,348,365,382,424,438
412:32,93,148,149,168,253,263,270,282,326,384,388,408,436,431
413:7,50,70,77,86,92,94,111,115,139,155,191,209,231,276,317,339,343,356,382,385,399,415
414:38,65,112,123,210,266,273,286,375,394,401,410,421
415:13,30,50,55,78,102,141,151,153,158,166,178,184,210,287,296,308,320,332,346,364,366,369,378,379,413,429,436
416:71,73,160,169,177,180,185,199,200,233,235,252,385,394,405,439
417:2,9,37,57,102,115,164,178,210,228,253,261,278,281,336,353,368,402,408,432,436
418:48,68,87,107,151,152,157,174,198,218,222,236,241,282,314,315,326,327,351,378,382,401,409,428
419:11,45,73,122,129,143,177,183,226,310,315,346,366,371,383,386,390,402,424,432,433,439
420:8,21,39,41,58,60,85,103,110,136,148,163,217,259,262,283,321,336,344,357,421
421:7,38,52,73,81,88,100,110,112,179,190,197,239,286,294,296,299,332,342,344,345,354,356,363,376,414,420,432
422:20,27,29,47,82,97,102,171,181,236,264,298,321,350,351,379,384,396,427,423,429,430
423:9,12,34,73,91,97,105,189,209,252,274,276,277,308,356,422,424
424:23,47,49,52,55,66,104,141,142,204,212,244,268,295,308,322,328,355,365,391,394,405,411,419,423,437
425:13,15,16,30,55,76,111,138,173,196,202,242,243,245,293,302,378,387,392,406,432
426:5,7,67,98,111,128,159,163,179,226,260,281,359,364,382,430
427:3,19,64,80,141,145,147,265,278,280,294,315,330,357,394,422,434,428
428:51,75,90,112,146,162,164,194,196,212,233,256,265,274,282,283,287,318,323,331,334,418,427,431
429:8,40,63,67,84,90,110,116,160,213,225,233,242,258,274,281,284,293,298,327,373,404,415,422,430
430:12,22,29,33,88,115,131,147,195,203,212,237,240,254,277,310,322,422,426,429,431,436
431:58,162,180,182,194,200,252,255,263,275,282,297,315,317,324,327,342,359,364,377,383,384,403,412,428,430,434
432:11,36,61,71,116,133,139,153,169,184,205,221,249,255,266,298,299,341,346,359,362,402,417,419,421,425,436
433:53,76,84,111,128,216,226,299,352,419,437
434:0,29,37,83,90,156,165,177,242,324,341,393,409,427,431,439
435:29,31,91,120,161,172,206,223,288,289,298,301,338,349,351,372,436,437
436:23,28,44,124,148,183,201,221,264,265,273,281,305,310,324,373,376,377,398,412,415,417,430,432,435,438
437:26,45,53,62,76,100,157,186,218,230,238,242,244,251,255,284,292,326,358,424,433,435,438
438:40,61,111,150,199,257,297,307,331,361,362,380,411,436,437,439
439:21,61,66,80,92,102,137,145,174,198,216,231,234,237,253,273,280,296,305,346,370,399,407,416,419,434,438
