0:95,1,6,8,28,33,34,51,53,56,60,80,104,105,136,170,187,194,216,217,218,221,228,248,259,261,264,275,292,296,312,320,326,343,344,367,379,381,386,420,427,436
1:0,78,4,6,9,27,66,79,94,111,115,119,128,135,140,151,154,156,169,187,193,198,220,223,228,229,233,236,240,243,249,265,268,269,274,276,282,288,295,306,318,329,342,353,355,357,363,368,372,375,379,381,395,398,407,412,419,422,427,437
2:437,8,9,21,39,47,57,61,101,102,106,128,143,155,159,165,166,183,210,214,219,237,244,245,252,270,275,281,341,345,349,357,363,374,377,393,418,422,425,440,443
3:377,23,30,34,51,72,75,84,102,110,112,125,139,152,163,176,181,183,197,201,263,264,276,280,282,291,297,299,309,310,317,320,322,333,340,341,354,388,392,416,423,425,426
4:1,426,8,13,19,28,30,35,36,47,61,77,79,81,89,114,146,165,178,184,188,194,199,201,204,209,219,224,235,238,250,253,273,282,285,288,293,326,330,333,334,343,345,379,380,393,397,421
5:190,13,18,24,26,39,52,56,58,60,67,70,84,89,90,96,99,102,104,117,120,128,143,147,148,153,179,186,187,229,235,251,255,258,261,266,280,284,293,327,332,352,375,376,386,393,396,425,446,449
6:0,1,11,16,33,51,54,66,74,83,84,87,91,92,102,108,114,121,146,148,154,160,181,187,208,213,232,245,268,273,283,297,305,331,333,334,343,345,374,381,388,403,412,416,431
7:110,17,22,24,40,52,60,76,77,78,82,107,116,122,142,143,144,147,151,167,181,182,183,188,190,193,201,205,235,236,238,243,255,259,272,277,280,299,324,347,350,352,353,361,369,391,402,412,413,422,424,431,435,438,440
8:0,2,4,170,12,56,59,63,70,74,78,79,82,93,112,122,131,133,136,141,143,165,171,191,198,203,209,219,234,242,245,251,254,263,278,279,302,308,310,314,321,325,331,358,382,392,409,427,435
9:1,2,206,20,24,35,36,39,44,57,81,85,91,101,103,114,116,120,130,152,193,200,214,222,280,293,309,318,323,346,350,351,353,366,369,396,403,420,425,432,438,443
10:305,13,25,28,31,33,37,38,43,47,48,51,54,56,95,105,115,130,131,143,148,160,185,201,214,218,239,251,258,272,274,278,281,283,300,314,343,379,383,401,418,428,430
11:6,348,33,34,39,52,54,61,80,87,88,110,111,115,125,131,143,162,168,179,194,235,271,277,281,293,301,310,312,327,336,339,363,366,389,417,425,444
12:8,425,17,24,25,35,37,72,82,99,109,110,121,123,128,136,154,155,156,157,166,172,174,189,192,193,197,224,239,249,266,271,291,294,314,326,378,388,390,409,416
13:4,5,10,208,19,21,22,30,31,32,35,44,48,53,59,65,71,81,91,102,113,114,119,130,162,170,173,177,191,193,226,230,231,234,269,272,285,291,314,330,337,348,350,354,364,371,377,383,384,387,393,408,433,435,437
14:340,26,28,48,50,63,86,95,103,105,111,118,120,125,138,139,163,196,199,208,210,231,232,245,257,281,291,297,323,333,335,336,337,339,351,372,389,390,404,406,421,426,432,435,436,439,446,449
15:73,22,35,36,39,46,51,76,79,85,86,88,95,105,113,139,154,157,160,168,179,184,188,190,198,200,208,216,229,236,242,270,283,284,287,314,324,334,341,351,396,414,448
16:6,280,40,91,92,104,112,117,136,162,189,195,203,207,213,222,234,238,274,276,288,292,323,357,358,365,392,415,421,434
17:7,12,46,28,33,52,65,70,77,93,105,115,119,122,124,131,140,146,153,162,169,187,189,197,203,212,213,235,238,249,250,278,279,314,317,368,376,377,384,386,387,405,412,417,429,449
18:5,344,32,34,37,44,92,100,101,103,107,114,120,140,171,174,178,185,198,208,210,212,252,255,264,266,271,272,292,307,318,322,336,361,371,372,374,375,377,393,406,422,429,432,442,445,448
19:4,13,316,23,41,75,79,85,91,97,122,150,162,184,205,237,240,252,258,261,271,273,285,290,303,308,313,323,324,328,333,337,350,383,395,398,400,411,420,432
20:9,205,23,24,60,68,84,85,102,144,156,160,169,174,180,218,221,240,242,243,245,246,249,261,267,274,276,294,312,320,330,338,349,372,381,401,404,417,426,443
21:2,13,276,23,31,35,51,60,70,71,86,100,102,137,142,149,197,198,203,206,221,224,235,255,267,271,277,293,295,307,339,345,354,364,373,378,385,420,427,428,430,436,440,445,446
22:7,13,15,319,40,46,75,78,84,85,89,94,103,106,109,118,122,136,142,143,170,188,198,203,208,210,211,221,224,234,264,268,269,281,283,299,303,323,324,329,334,343,374,382,391,404,409,427,430,433,434
23:3,19,20,21,218,24,34,36,38,40,44,55,57,63,65,73,86,87,100,116,142,152,156,254,266,288,321,327,328,354,369,371,384,390,394,395,396,414,440,444
24:5,7,9,12,20,23,444,32,37,43,45,63,65,70,81,90,91,99,100,116,123,131,136,138,142,190,195,222,229,241,250,275,285,330,332,352,376,378,386,412,416,437
25:10,12,33,35,65,78,85,91,106,110,114,119,121,123,124,139,152,165,174,195,198,200,206,209,228,231,244,258,261,266,292,298,305,316,318,325,341,361,371,372,374,381,386,388,396,398,403,406,415,434,435,445
26:5,14,138,46,51,56,64,67,77,90,116,119,149,169,171,183,185,193,198,202,205,208,216,229,233,250,261,266,267,279,285,288,291,316,331,343,365,376,383,386,406,408,422,423
27:1,420,34,37,48,52,58,97,103,108,113,122,123,124,130,152,164,178,181,201,208,213,218,222,234,242,260,268,273,301,303,306,309,314,316,321,337,348,364,365,368,369,383,386,389,413,417,425,435,438,445
28:0,4,10,14,17,418,42,70,124,155,183,193,197,201,203,215,221,229,234,244,246,258,281,295,301,307,310,340,342,354,365,382,385,394,405,421,437
29:290,36,43,48,55,80,108,133,143,146,163,199,225,238,256,276,286,316,317,323,336,361,363,392,396,406,410,412,415,426,440,441
30:3,4,13,134,59,64,66,85,114,127,129,136,137,138,159,160,165,183,195,216,234,235,239,248,263,273,285,289,298,300,305,321,339,343,346,364,378,399,417,420,421,423,449
31:10,13,21,222,46,48,53,55,58,59,61,69,86,91,102,107,117,132,144,153,179,187,190,197,204,268,269,282,293,302,311,318,345,347,349,374,387,388,389,398,419,425,430,435,446
32:13,18,24,305,60,72,82,89,98,101,109,119,130,138,169,175,177,180,182,183,190,205,206,219,241,248,252,269,273,309,346,347,372,391,432,434,435,439,449
33:0,6,10,11,17,25,321,35,45,62,66,67,73,79,88,89,106,114,127,129,148,149,183,218,223,229,242,254,259,274,275,312,328,349,353,361,384,388,389,395,396,406,420,435,448
34:0,3,11,18,23,27,62,56,57,70,76,89,96,97,111,134,143,150,159,162,171,229,241,248,249,262,270,274,294,317,326,327,330,332,340,353,364,370,372,379,385,393,398,415,420,426,432,435
35:4,9,12,13,15,21,25,33,186,42,54,59,69,70,74,79,89,117,126,129,160,168,177,180,184,187,200,202,226,227,274,281,283,315,317,318,319,322,329,339,341,361,374,382,394,415,427
36:4,9,15,23,29,193,37,42,64,77,88,94,107,110,126,142,144,158,166,168,169,181,205,215,232,241,250,251,256,268,278,281,296,303,309,310,324,333,372,387,395,408,421,422,445
37:10,12,18,24,27,36,353,55,56,64,69,81,95,96,101,102,112,130,142,143,154,157,159,172,176,186,190,192,205,213,224,234,242,251,252,304,305,311,313,323,339,343,347,351,363,368,387,389,402,406,440
38:10,23,284,52,76,87,108,126,137,146,193,197,204,220,250,270,288,305,319,324,336,341,368,380,442,448
39:2,5,9,11,15,58,42,56,63,89,91,93,99,100,102,114,127,142,154,157,176,185,196,202,203,242,249,260,282,291,302,344,367,369,382,383,396,405,413,419,427,428
40:7,16,22,23,173,52,68,73,79,93,110,114,116,140,155,157,165,171,176,190,196,223,236,248,301,337,392,403,415
41:19,278,66,71,87,88,93,109,110,116,124,130,142,143,154,194,198,211,233,243,255,282,292,302,307,316,337,342,351,359,362,379,385,391,403,416,419,420,430,446,448,449
42:28,35,36,39,441,53,66,67,75,77,85,116,133,149,153,159,164,165,171,194,205,207,208,211,216,217,218,220,221,223,230,241,274,276,283,285,286,305,327,330,337,339,340,365,375,396,422,430,433,440,447
43:10,24,29,260,56,66,78,87,88,101,104,112,114,116,118,136,166,167,187,190,198,211,217,235,237,239,242,244,263,267,278,293,346,347,369,391,408,416,422,423,442,444
44:9,13,18,23,89,49,51,72,87,91,93,103,105,112,124,127,129,132,136,150,155,158,171,192,216,229,231,251,272,284,296,297,299,301,311,316,325,334,337,341,374,382,383,385,392,402,410,417,420,425,430,448
45:24,33,327,53,57,60,66,83,95,98,101,112,114,124,137,146,151,153,161,194,208,218,240,253,261,275,277,302,324,336,348,366,380,387,391,392,397,404,410,425,434,437,445,447
46:15,17,22,26,31,196,65,91,95,102,103,141,148,195,207,217,230,238,247,286,290,300,342,350,358,361,415,419,435,437,440
47:2,4,10,98,52,80,85,94,97,116,119,122,140,143,164,173,176,204,205,235,237,273,278,291,297,299,317,321,324,334,338,342,370,378,380,396,408,413,417,419,426
48:10,13,14,27,29,31,253,51,61,66,77,78,86,113,116,130,168,169,174,184,193,197,203,215,225,234,235,241,271,286,292,306,320,325,352,357,368,371,384,394,399,404,406,410,411,413,415,427,435,439,442
49:44,171,53,62,65,71,73,87,93,107,146,147,150,163,165,189,202,203,206,207,223,234,240,249,251,257,274,297,298,307,311,315,318,320,336,350,357,358,361,372,375,381,410,448
50:14,149,56,58,73,110,117,119,127,132,137,139,146,158,180,192,199,228,233,244,249,271,293,296,315,324,325,355,357,400,402,403,418,437,438,440,447
51:0,3,6,10,15,21,26,44,48,105,75,79,107,171,185,195,204,216,227,233,269,270,349,374,397,403,409,413,418,425,435,441,449
52:5,7,11,17,27,38,40,47,323,119,124,129,147,190,198,217,228,259,262,269,272,276,279,289,330,368,397,403,419,420,434,439,443,446
53:0,13,31,42,45,49,337,70,80,98,113,130,143,150,161,175,177,186,203,207,225,238,244,253,256,269,271,273,280,299,320,333,336,355,360,375,380,410,422,431,434,436
54:6,10,11,35,416,61,67,77,95,101,106,114,118,125,126,129,163,174,181,213,247,253,260,266,268,272,280,285,299,306,334,348,353,367,378,387,388,400,408,424,426
55:23,29,31,37,109,56,64,68,69,78,82,88,94,113,136,145,160,167,170,193,210,218,239,246,263,274,282,294,299,321,323,329,334,357,374,384,389,390,393,397,408,423,449
56:0,5,8,10,26,34,37,39,43,50,55,100,71,88,89,93,110,138,148,151,158,159,165,168,180,194,200,207,213,216,225,226,234,235,244,260,262,267,287,308,319,333,335,336,368,395,437,440,446
57:2,9,23,34,45,119,60,85,87,101,113,120,124,126,129,142,147,162,166,173,178,179,193,203,207,210,212,215,216,225,243,267,271,297,301,316,319,323,327,362,363,368,397,398,400,403,404,429,432,439,449
58:5,27,31,39,50,401,70,89,120,122,150,155,161,169,181,184,191,196,203,204,207,215,219,222,224,225,257,282,339,341,357,364,371,381,407,408,423,439
59:8,13,30,31,35,245,75,116,119,129,157,174,179,180,183,210,218,222,226,243,274,275,284,290,318,321,341,347,362,392,419,426,427
60:0,5,7,20,21,32,45,57,269,104,110,114,120,129,136,139,149,154,162,166,176,189,196,205,212,213,229,242,248,266,279,305,312,317,325,330,333,341,356,359,368,381,382,414,416,419,433,441,449
61:2,4,11,31,48,54,112,72,77,90,92,100,101,105,124,129,131,137,168,170,174,195,206,215,224,240,261,265,297,310,329,332,336,362,370,375,379,386,391,446,448
62:33,34,49,135,79,87,89,94,98,99,115,127,131,132,142,146,169,172,195,201,218,242,255,257,274,295,298,302,307,309,312,316,334,351,360,363,364,370,378,379,387,401,435,442
63:8,14,23,24,39,154,98,128,142,143,153,211,238,242,245,249,250,258,287,291,319,324,368,369,391,397,399,401,414,420,444
64:26,30,36,37,55,196,72,73,94,96,109,117,119,120,122,126,133,134,139,143,144,146,147,167,173,180,183,204,225,258,261,267,269,282,287,302,309,332,340,380,387,394,397,401,405,444,447
65:13,17,23,24,25,46,49,399,67,69,76,93,94,104,110,111,112,115,119,133,152,190,197,198,200,209,211,214,223,224,228,230,263,268,283,301,318,332,333,334,341,353,356,361,366,377,392,408,431,434,439,446
66:1,6,30,33,41,42,43,45,48,139,67,68,69,77,97,117,129,131,144,148,194,199,203,208,239,255,265,300,314,317,340,347,350,352,390,393,394,407,414,434,438
67:5,26,33,42,54,65,66,85,73,76,119,122,135,150,163,165,195,239,243,244,253,262,264,270,280,290,292,293,307,320,321,331,357,371,376,379,383,385,396,397
68:20,40,55,66,289,73,82,84,95,97,105,110,116,117,124,132,142,143,158,162,166,173,176,179,183,192,193,205,231,237,250,266,268,285,290,295,322,337,347,351,352,367,377,379,422,430,431,446
69:31,35,37,55,65,66,74,79,91,111,112,113,120,126,127,146,149,165,174,181,222,238,250,275,282,302,306,328,358,369,375,397,401,408,410,420,421,423,430,446
70:5,8,17,21,24,28,34,35,53,58,253,73,85,97,99,116,132,133,137,138,151,157,161,164,168,178,181,210,216,223,225,226,237,242,256,260,267,269,280,283,284,294,307,313,319,341,360,363,386,388,402,404,412,413,424,427,437,441,445
71:13,21,41,49,56,343,90,96,97,109,112,114,126,132,140,149,159,166,168,170,173,174,177,204,212,214,240,243,245,248,250,255,259,263,264,277,287,301,308,310,315,340,356,371,378,383,385,386,390,401,405,407,416,429
72:3,12,32,44,61,64,178,110,119,125,130,132,134,136,138,141,143,167,180,190,194,209,232,244,282,287,329,332,340,351,356,361,375,383,389,391,392,402,407,411,422,424,427,439
73:15,23,33,40,49,50,64,67,68,70,251,95,98,100,113,118,127,133,134,138,146,158,160,162,164,177,178,184,197,201,202,224,238,255,310,314,317,324,326,344,372,398,399,406,427,433,448
74:6,8,35,69,394,75,89,95,119,120,122,183,188,202,212,213,217,238,251,255,304,311,323,358,376,403,412,427,431,438
75:3,19,22,42,51,59,74,279,77,83,85,103,125,156,169,189,193,208,232,236,256,257,266,303,317,345,356,362,366,367,405,407,408,441,447
76:7,15,34,38,65,67,408,77,79,88,89,95,103,130,131,146,148,153,167,168,170,185,186,198,212,219,221,223,238,242,277,288,289,297,302,305,314,321,359,367,371,375,387,390,392,404,414,415,431,439,446
77:4,7,17,26,36,42,48,54,61,66,75,76,220,78,81,89,109,111,129,133,150,158,171,182,185,204,212,216,222,225,235,249,255,258,259,272,276,278,282,283,304,307,310,323,325,329,332,333,341,357,364,370,372,379,388,390,407,424,433,438
78:1,7,8,22,25,43,48,55,77,170,84,101,103,105,107,149,150,173,180,184,208,209,225,229,262,264,271,276,279,285,286,293,302,305,306,309,310,316,337,363,368,371,373,391,394,404,405,406,427,433
79:1,4,8,15,19,33,35,40,51,62,69,76,114,93,95,109,121,128,140,141,156,208,218,220,296,298,303,317,319,322,371,373,378,381,386,410,427,434,437
80:0,11,29,47,53,337,87,92,93,107,123,127,146,147,175,176,221,223,225,236,248,252,257,261,276,289,293,301,302,331,338,343,360,384,400,411,448
81:4,9,13,24,37,77,418,84,87,96,101,114,124,130,139,140,147,149,158,162,167,170,184,189,193,195,205,211,235,297,302,305,328,342,355,358,361,364,365,371,387,388,393,395,403,421,426,429,440
82:7,8,12,32,55,68,151,117,120,122,132,142,147,148,152,156,158,159,175,176,178,181,186,217,232,249,251,264,273,274,275,297,308,310,320,321,322,336,351,359,388,405,407,410,425,442
83:6,45,75,308,91,109,110,111,122,137,141,146,147,151,153,180,187,201,218,222,231,241,259,286,324,332,341,345,366,374,385,396,399,406,423,427,434,436,438,439,446
84:3,5,6,20,22,68,78,81,306,89,95,100,123,137,155,179,184,190,192,196,204,208,221,222,229,231,241,253,279,286,308,310,354,355,361,373,375,414,415,419,426,429,439,443,446
85:9,15,19,20,22,25,30,42,47,57,67,70,75,350,94,102,105,107,125,126,135,140,162,174,205,208,218,235,247,251,262,277,302,320,323,331,343,363,364,375,388,406,419,448
86:14,15,21,23,31,48,403,107,117,126,129,143,145,157,160,164,171,174,185,186,190,196,212,224,234,247,250,252,256,279,283,287,292,300,311,318,324,356,358,362,363,373,385,394,397,399,402,411,428,432
87:6,11,23,38,41,43,44,49,57,62,80,81,349,95,146,167,172,178,179,211,224,228,233,253,259,267,268,305,312,332,333,340,344,370,380,381,385,388,390,395,407,409,423,424,429
88:11,15,33,36,41,43,55,56,76,296,95,102,103,127,133,141,174,176,182,218,222,236,264,281,283,288,297,300,301,303,320,322,333,334,335,340,346,359,364,365,370,385,433,442,449
89:4,5,22,32,33,34,35,39,44,56,58,62,74,76,77,84,296,91,114,117,121,123,125,141,149,153,156,160,167,189,197,227,228,241,264,273,278,279,293,300,318,323,332,335,349,356,359,363,377,411,417,421
90:5,24,26,61,71,157,97,152,153,167,170,190,199,202,203,245,252,257,268,270,278,285,288,290,304,314,315,330,333,338,339,344,348,354,368,374,406,426,439,445
91:6,9,13,16,19,24,25,31,39,44,46,69,83,89,425,103,114,121,124,127,136,147,162,171,190,199,205,209,231,233,239,258,261,262,296,304,308,316,330,339,342,352,367,369,370,389,394,398,446,447
92:6,16,18,61,80,238,104,122,124,142,144,147,149,174,181,182,207,211,232,235,243,244,262,269,282,297,311,329,343,344,351,352,355,359,360,362,369,374,386,391,415,429,435
93:8,17,39,40,41,44,49,56,65,79,80,379,94,97,114,120,152,176,201,203,224,228,243,259,264,271,282,286,287,296,302,305,315,323,327,336,347,385,395,398,416,440
94:1,22,36,47,55,62,64,65,85,93,202,97,112,125,133,138,144,153,154,162,172,186,197,203,209,215,222,264,268,269,282,286,295,332,345,357,373,375,385,407,420,421,439,440
95:0,10,14,15,37,45,46,54,68,73,74,76,79,84,87,88,273,97,106,120,153,176,184,195,198,211,228,230,260,271,278,297,302,325,326,328,333,346,356,365,367,376,393,400,404,408,419,439,446,449
96:5,34,37,64,71,81,280,111,135,141,158,174,187,199,200,206,230,237,262,274,289,302,309,312,328,340,342,353,354,369,379,394,405,408,425
97:19,27,34,47,66,68,70,71,90,93,94,95,282,100,153,154,168,170,178,201,204,218,222,225,226,256,289,301,322,326,327,355,370,372,386,389,398,406,416,419,420,434,440,445
98:32,45,47,53,62,63,73,201,122,135,155,157,166,173,175,180,186,200,222,231,241,257,263,268,280,287,301,316,321,327,338,346,349,350,369,372,373,378,390,440,445,448
99:5,12,24,39,62,70,225,111,126,150,158,169,170,196,209,217,227,256,257,258,265,277,299,300,303,308,314,318,346,347,375,398,399,422,435
100:18,21,23,24,39,56,61,73,84,97,447,110,120,122,125,162,173,181,182,186,197,209,215,220,225,231,232,236,238,246,247,248,252,257,267,268,295,298,314,316,348,353,371,379,387,445,446
101:2,9,18,32,37,43,45,54,57,61,78,81,326,126,148,156,161,168,170,172,175,196,201,209,211,221,222,230,233,238,244,254,271,278,284,297,298,304,321,336,345,367,373,376,380,385,390,402,417,421,425,441
102:2,3,5,6,13,20,21,31,37,39,46,85,88,425,113,116,127,143,160,173,175,184,209,211,213,215,225,231,234,237,251,252,254,260,283,286,295,315,327,341,348,359,360,388,392,411,422,423,424,441,442
103:9,14,18,22,27,44,46,75,76,78,88,91,275,106,107,114,134,145,156,192,224,226,237,238,246,280,285,287,292,297,302,309,326,332,371,392,408,438
104:0,5,16,43,60,65,92,258,109,142,147,181,188,197,219,220,224,228,230,240,245,250,255,262,276,277,284,285,289,302,313,322,336,338,352,370,374,411,421,433
105:0,10,14,15,17,44,51,61,68,78,85,157,106,134,138,141,145,149,162,181,185,186,191,197,219,232,234,245,248,252,257,283,287,299,324,328,348,349,365,376,393,414
106:2,22,25,33,54,95,103,105,231,111,123,128,133,142,159,163,168,176,180,207,212,223,224,225,227,229,232,236,240,260,263,270,280,282,316,325,336,340,352,378,384,396,409,421,422,427,438
107:7,18,31,36,49,51,78,80,85,86,103,179,118,140,148,153,182,204,208,215,225,233,241,244,245,251,257,267,276,291,303,309,318,343,347,349,387,391,398,403,410,415,430,438,439
108:6,27,29,38,286,112,133,157,163,164,168,170,204,227,234,243,244,267,297,308,327,345,348,355,387,389,392,401,408,415,421,444,449
109:12,22,32,41,55,64,71,77,79,83,104,229,110,111,112,125,126,142,151,190,200,218,233,235,256,257,260,273,292,293,299,301,335,338,339,342,344,360,368,379,393,398,399,427,432,436,439,443,447
110:3,7,11,12,25,36,40,41,50,56,60,65,68,72,83,100,109,290,129,138,146,161,162,172,173,180,182,215,228,232,237,273,278,298,322,325,360,370,376,383,392,398,399,408,409,413,430,435
111:1,11,14,34,65,69,77,83,96,99,106,109,320,114,133,139,146,172,175,179,180,198,202,214,219,228,243,248,288,292,294,342,343,347,352,361,362,377,395,402,412,422,441,444
112:3,8,16,37,43,44,45,61,65,69,71,94,108,109,246,116,118,120,129,132,141,147,159,164,186,188,195,198,212,222,223,224,232,235,239,258,267,279,290,303,305,323,329,334,338,345,363,368,386,424,431,445
113:13,15,27,48,53,55,57,69,73,102,140,141,149,158,163,175,182,184,196,200,228,238,254,288,290,301,336,358,384,387,399,423,430,438,440
114:4,6,9,13,18,25,30,33,39,40,43,45,54,60,71,79,81,89,91,93,103,111,233,116,118,120,124,127,132,134,137,146,149,162,172,184,202,224,228,264,278,283,285,312,322,337,412,415,431,432,446
115:1,10,11,17,62,65,142,127,128,137,144,145,146,150,155,196,210,214,215,236,240,241,268,292,303,331,348,358,362,370,377,387,391,395,396,416,427
116:7,9,23,24,26,40,41,42,43,47,48,59,68,70,102,112,114,411,120,127,134,146,161,169,172,199,203,221,230,240,263,286,304,307,315,335,338,361,390,397,402,404,409,418
117:5,16,31,35,50,64,66,68,82,86,89,387,119,147,159,168,172,177,186,188,229,238,241,244,245,247,257,262,291,293,297,305,322,341,343,353,354,371,377,394,443
118:14,22,43,54,73,107,112,114,119,129,132,169,175,176,180,208,212,228,231,269,293,317,322,331,348,349,356,369,372,379,388,398,399,400,416,418,437,443
119:1,13,17,25,26,32,47,50,52,57,59,64,65,67,72,74,117,118,317,152,156,159,160,197,209,223,236,238,250,256,265,270,288,295,301,302,340,364,368,372,374,382,384,395,400,412,425,438,449
120:5,9,14,18,57,58,60,64,69,74,82,93,95,100,112,114,116,259,125,127,147,163,174,176,182,184,189,190,216,222,225,246,261,265,292,299,311,325,345,350,366,374,375,379,400,426,427,441,445
121:6,12,25,79,89,91,395,124,148,152,160,181,182,188,221,228,234,250,254,263,308,321,350,355,359,360,388,398,419,430,433,435
122:7,8,17,19,22,27,47,58,64,67,74,82,83,92,98,100,224,130,136,140,148,158,167,171,174,187,188,211,212,217,235,247,268,270,273,279,285,303,323,325,329,332,334,338,341,349,354,357,404,405,406,420,424,435,437,445,446
123:12,24,25,27,80,84,89,106,367,124,125,132,134,140,155,168,180,182,188,199,201,217,242,254,259,268,270,274,301,313,315,323,348,353,357,364,366,368,374,379,388,396,422,424,436,449
124:17,25,27,28,41,44,45,52,57,61,68,81,91,92,114,121,123,440,152,186,189,208,209,214,220,231,236,253,257,269,271,276,278,285,291,295,315,319,340,350,353,354,362,366,370,390,421,438,439,445,447
125:3,11,14,54,72,75,85,89,94,100,109,120,123,419,136,140,160,171,179,182,185,192,212,230,236,239,254,255,263,276,278,291,294,299,314,324,325,330,331,395,408,417,428,435,440
126:35,36,38,54,57,64,69,71,85,86,99,101,109,135,129,131,149,151,198,204,214,217,219,245,274,278,300,323,325,326,329,344,375,380,389,397,406,409,410,415,421,423,428,432
127:30,33,39,44,50,62,69,73,80,88,91,102,114,115,116,120,188,128,144,168,185,197,198,202,211,213,214,226,228,229,230,236,253,275,276,306,316,318,323,330,336,337,352,361,367,372,380,404,410,415,438
128:1,2,5,12,63,79,106,115,127,177,162,165,170,172,180,194,199,200,202,231,235,237,247,253,263,274,282,284,289,292,293,294,310,317,323,326,332,345,364,372,390,392,412,434,435,437
129:30,33,35,44,52,54,57,59,60,61,66,77,86,110,112,118,126,334,145,158,186,187,195,199,200,209,212,229,239,250,256,263,268,274,280,300,301,302,306,307,319,337,343,369,371,379,397,408
130:9,10,13,27,32,37,41,48,53,72,76,81,122,170,131,161,163,184,186,190,205,209,216,220,222,231,249,255,288,291,301,308,314,352,359,363,373,378,398,417,433,441
131:8,10,11,17,24,61,62,66,76,126,130,254,136,139,145,167,179,185,195,200,210,223,224,234,256,260,275,287,291,297,301,306,309,315,327,338,356,357,360,365,374,381,389,418,430,434,438
132:31,44,50,62,68,70,71,72,82,112,114,118,123,386,157,175,181,193,196,206,213,224,227,263,271,277,279,283,284,299,302,305,309,315,328,330,341,350,351,372,375,400,403,426,427,444
133:8,29,42,64,65,70,73,77,88,94,106,108,111,321,144,147,182,184,194,202,216,233,249,250,256,259,262,283,312,329,332,352,359,371,388,433,441,442
134:30,34,64,72,73,103,105,114,116,123,400,137,138,166,194,198,213,231,232,235,236,250,259,263,272,279,292,297,308,314,329,368,370,371,375,408,439
135:1,62,67,85,96,98,126,431,151,156,159,162,168,201,222,242,247,260,262,268,274,280,281,299,308,317,325,351,370,374,376,385,424,429,433
136:0,8,12,16,22,24,30,43,44,55,60,72,91,122,125,131,218,162,173,195,197,204,211,223,232,238,243,271,275,287,291,295,300,305,314,315,322,326,329,330,334,337,342,363,370,384,412,433,437,441,442
137:21,30,38,45,50,61,70,83,84,114,115,134,337,150,183,194,224,230,232,250,257,260,294,314,315,336,338,346,348,349,373,386,392,393,397,402,418,427,433,435
138:14,24,26,30,32,56,70,72,73,94,105,110,134,158,139,147,148,153,159,162,169,170,190,197,202,213,220,227,240,250,271,275,289,300,305,308,313,321,322,341,389,394,396,400,402,410,411,415,419,432,443,445,448
139:3,14,15,25,50,60,64,66,81,111,131,138,403,140,165,183,190,218,234,237,239,242,244,263,268,275,283,294,312,319,324,328,330,343,351,358,382,391,408,410,437,443,447
140:1,17,18,40,47,71,79,81,85,107,113,122,123,125,139,282,146,183,186,201,209,215,224,240,253,257,258,271,281,292,312,317,323,324,327,329,360,388,390,413,415,425,446
141:8,46,72,79,83,88,89,96,105,112,113,248,148,162,168,196,203,204,210,216,218,226,247,254,270,272,273,274,306,307,342,343,348,373,381,384,399,415,421,444
142:7,21,22,23,24,36,37,39,41,57,62,63,68,82,92,104,106,109,115,428,149,154,182,187,212,216,219,222,224,230,251,252,256,262,273,286,294,295,296,298,304,307,322,327,345,360,365,370,397,398,406,412,415,432,444
143:2,5,7,8,10,11,22,29,34,37,41,47,53,63,64,68,72,86,102,254,148,162,175,186,195,197,201,213,214,245,258,291,294,302,303,314,321,325,327,341,351,364,399,409,416,419,426,433,440
144:7,20,31,36,64,66,92,94,115,127,133,355,148,150,156,159,179,188,189,190,217,224,226,239,243,245,247,258,263,270,288,293,296,300,317,328,347,351,354,375,381,387,394,395,396,398,420,423
145:55,86,103,105,115,129,131,288,162,174,178,180,183,195,200,208,215,217,230,234,239,249,256,264,265,273,274,278,285,287,300,305,309,316,328,346,354,362,366,377,405,422,431,439,443
146:4,6,17,29,38,45,49,50,62,64,69,73,76,80,83,87,110,111,114,115,116,140,351,148,153,155,165,186,216,225,230,232,239,243,254,271,274,288,293,297,316,322,325,353,356,377,421,438
147:5,7,49,52,57,64,80,81,82,83,91,92,104,112,117,120,133,138,214,173,191,196,206,207,211,212,238,250,257,258,260,266,267,278,284,285,295,300,308,319,336,338,340,348,354,357,362,371,385,416,422,431,449
148:5,6,10,33,46,56,66,76,82,101,107,121,122,138,141,143,144,146,200,160,175,180,189,190,212,218,225,240,261,276,278,284,309,310,328,330,335,336,340,341,350,361,372,388,390,401,408,416
149:21,26,33,42,50,60,69,71,78,81,89,92,105,113,114,126,142,196,155,167,169,170,172,183,187,201,206,214,219,240,244,245,250,269,271,283,287,291,294,300,302,306,319,328,349,376,410,415,419,421,432,433,438,446
150:19,34,44,49,53,58,67,77,78,99,115,137,144,361,165,166,168,169,176,177,180,188,189,197,202,225,226,227,244,288,307,314,334,367,368,370,393,414,419,426,434,445
151:1,7,45,56,70,82,83,109,126,135,345,158,166,171,181,184,191,223,225,230,257,259,267,282,291,292,298,312,342,373,374,376,380,411,412,416,428
152:3,9,23,25,27,65,82,90,93,119,121,124,298,154,162,172,174,177,179,215,220,223,229,230,233,265,269,273,279,306,309,312,322,338,354,358,359,360,366,396,407,413,423,437,449
153:5,17,31,42,45,63,76,83,89,90,94,95,97,107,138,146,403,165,191,198,204,214,222,231,255,280,281,286,287,288,295,296,310,322,324,326,332,335,341,344,353,356,357,360,367,382,388,393,406,410,447,449
154:1,6,12,15,37,39,41,60,63,94,97,142,152,447,194,198,223,226,227,232,242,243,247,259,261,266,267,276,282,326,332,343,364,368,377,388,403,411,417,418,423,445
155:2,12,28,40,44,58,84,98,115,123,146,149,174,163,172,190,212,245,274,283,284,305,315,323,342,360,365,391,396,400,407,410,413,425,431,433
156:1,12,20,23,75,79,82,89,101,103,119,135,144,440,160,162,169,207,209,248,250,254,258,263,277,278,281,294,309,310,336,351,373,392,398,415,419,429,432,433,435,449
157:12,15,37,39,40,59,70,86,90,98,105,108,132,177,165,166,179,186,192,203,205,215,235,242,244,245,248,255,256,257,267,301,308,312,320,336,350,368,395,403,426,443
158:36,44,50,56,68,73,77,81,82,96,99,113,122,129,138,151,384,165,173,180,183,189,192,193,195,197,200,204,205,209,210,221,225,284,296,300,305,308,317,344,360,392,397,402,407,409,416,420,428,431,433,439,440,445
159:2,30,34,37,42,56,71,82,106,112,117,119,135,138,144,227,173,178,185,192,193,214,231,248,264,277,282,284,289,299,313,329,343,361,368,371,373,380,392,415,425
160:6,10,15,20,30,35,55,73,86,89,102,119,121,125,148,156,288,168,194,202,210,224,238,260,264,287,299,311,330,340,346,368,389,391,394,407,423,428,432,436,440,449
161:45,53,58,70,101,110,116,130,240,172,178,192,198,204,207,211,222,229,236,242,249,252,269,288,297,301,302,310,312,313,336,349,369,385,406,409,425,427,429,435,438,439,443,449
162:11,13,16,17,19,34,57,60,68,73,81,85,91,94,100,105,110,114,128,135,136,138,141,143,145,152,156,353,178,182,191,196,202,206,212,232,234,258,270,274,277,290,303,304,307,309,311,318,324,329,330,332,352,356,360,364,371,376,380,397,407,412,438,439
163:3,14,29,49,54,67,106,108,113,120,130,155,282,168,169,172,175,181,182,195,210,246,263,267,301,324,339,342,365,370,372,379,383,388,395,400,401,407,430,437,439,440
164:27,42,47,70,73,86,108,112,272,188,195,205,209,237,241,252,255,275,276,287,294,312,321,360,377,391,397,408,412,413,441,442
165:2,4,8,25,30,40,42,49,56,67,69,128,139,146,150,153,157,158,428,168,170,173,174,175,198,207,209,218,237,244,250,255,256,260,266,300,307,315,319,327,374,380,382,396,416,421,426,437,443,449
166:2,12,36,43,57,60,68,71,98,134,150,151,157,317,203,216,218,219,222,242,287,293,298,323,346,353,354,360,376,395,399,407,419,424,435,442,449
167:7,43,55,64,72,76,81,87,89,90,122,131,149,445,175,177,180,203,205,212,233,250,252,260,263,276,278,282,298,310,317,367,381,382,420,429,438,442
168:11,15,35,36,48,56,61,70,71,76,97,101,106,108,117,123,127,135,141,150,160,163,165,207,171,192,194,205,218,239,247,248,266,274,282,310,322,328,334,347,350,353,357,375,378,379,410,421,443
169:1,17,20,26,32,36,48,58,62,75,99,116,118,138,149,150,156,163,345,186,187,200,216,218,220,266,283,286,291,301,307,309,323,328,333,337,350,360,415,416,419,432,433
170:0,8,13,22,55,61,71,76,78,81,90,97,99,101,108,128,130,138,149,165,298,176,197,209,218,226,254,256,268,269,270,287,295,337,348,351,403,409,418,423,427,428,429,436,439,446
171:8,18,26,34,40,42,44,49,51,77,86,91,122,125,151,168,288,186,207,213,214,222,234,239,243,244,247,251,254,263,268,278,280,285,292,299,306,350,359,360,375,379,384,392,393,396,415,420,435
172:12,37,62,87,94,101,110,111,114,116,117,128,149,152,155,161,163,438,176,188,203,219,224,237,240,248,254,256,284,294,299,308,313,319,325,329,332,335,358,362,392,400,402,410,435,447
173:13,40,47,57,64,68,71,78,98,100,102,110,136,147,158,159,165,312,175,189,197,199,205,206,217,222,244,251,261,263,272,273,277,292,309,310,311,316,323,326,349,367,377,383,395,412,414,418,419,424,439
174:12,18,20,25,48,54,59,61,69,71,85,86,88,92,96,120,122,145,152,155,165,367,175,176,180,181,182,188,191,210,213,234,243,252,264,281,288,303,318,319,326,354,377,378,391,408,432
175:32,53,80,82,98,101,102,111,113,118,132,143,148,163,165,167,173,174,305,183,184,191,192,194,199,218,221,222,227,228,235,239,244,254,278,280,301,327,328,340,345,347,349,352,375,380,394,406,417,425,446
176:3,37,39,40,47,60,68,80,82,88,93,95,106,118,120,150,170,172,174,205,177,183,198,207,216,225,246,279,281,288,292,311,325,332,347,350,359,375,389,398,410,425,447
177:13,32,35,53,71,73,117,128,150,152,157,167,176,359,178,187,192,224,236,240,245,246,253,270,278,285,291,295,346,395,396,401,427,434,447
178:4,18,27,57,70,72,73,82,87,97,145,159,161,162,177,377,188,192,206,223,226,237,239,247,252,268,283,293,349,359,362,370,376,390,392,412,418,419,427
179:5,11,15,31,57,59,68,84,87,107,111,125,131,144,152,157,235,191,194,199,206,218,233,263,274,301,303,307,325,329,333,334,345,349,351,358,359,363,370,376,377,379,389,399,408,417,421,422,428,447
180:20,32,35,50,56,59,64,72,78,83,98,106,110,111,118,123,128,145,148,150,158,167,174,234,182,191,219,227,233,241,249,257,261,274,286,292,305,308,316,335,351,364,375,399,400,419,424,425
181:3,6,7,27,36,54,58,69,70,82,92,100,104,105,121,132,151,163,174,218,188,191,194,206,224,252,256,259,290,322,339,365,379,382,384,385,388,401,409,415,418,424
182:7,32,77,88,92,100,107,110,113,120,121,123,125,133,142,162,163,174,180,364,185,193,203,224,252,265,269,273,303,317,324,325,330,360,379,381,392,395,402,404,421,435,437,439,441,445
183:2,3,7,26,28,30,32,33,59,64,68,74,137,139,140,145,149,158,175,176,244,189,200,254,278,285,287,289,291,294,298,314,334,338,340,357,366,388,402,412,420,421,423,429,435,440
184:4,15,19,35,48,58,73,78,81,84,95,102,113,114,120,130,133,151,175,330,220,223,225,231,265,274,281,285,312,321,323,325,339,344,345,349,352,354,356,370,373,390,420,427,430,448
185:10,18,26,39,51,76,77,86,105,125,127,131,159,182,246,186,198,214,224,240,244,251,265,284,307,321,337,348,369,371,378,402,409,442,446
186:5,35,37,53,76,82,86,94,98,100,105,112,117,124,129,130,140,143,146,157,169,171,185,440,187,196,206,224,239,241,246,260,261,270,274,284,294,315,326,328,329,343,357,360,395,399,401,411,414,420,448
187:0,1,5,6,17,31,35,43,83,96,122,129,142,149,169,177,186,288,198,199,203,229,244,270,272,310,311,312,321,327,344,350,362,381,382,387,391,393,405,408,409,412,429,430,438
188:4,7,15,22,74,104,112,117,121,122,123,127,144,150,164,172,174,178,181,436,219,220,228,238,240,242,248,265,267,277,279,286,305,309,320,324,325,327,330,347,369,390,395,398,399,401,408,410,414,422,423,425,428,429,431,434,437,445
189:12,16,17,49,60,75,81,89,120,124,144,148,150,158,173,183,191,201,208,225,226,291,303,324,326,338,371,394,397,406,411,417,429,439,444,445,448
190:5,7,15,24,31,32,37,40,43,52,65,72,84,86,90,91,109,120,130,138,139,144,148,155,364,202,220,223,241,242,248,260,273,275,311,312,323,328,350,352,357,361,365,372,373,380,381,388,395,399,405,422,449
191:8,13,58,105,147,151,153,162,174,175,179,180,181,189,400,196,205,210,267,268,276,292,313,317,320,347,367,384,389,396,399,414
192:12,37,44,50,68,84,103,125,157,158,159,161,168,175,177,178,274,193,227,229,237,238,242,248,263,302,310,332,346,351,356,360,364,370,372,375,376,377,380,388,413,430,440,448
193:1,7,9,12,13,26,28,36,38,48,55,57,68,75,81,132,158,159,182,192,336,200,207,220,222,223,229,235,249,277,282,291,315,327,338,340,368,371,373,379,407,417,424,432,440,446
194:0,4,11,41,42,45,56,66,72,128,133,134,137,154,160,168,175,179,181,230,200,202,213,221,231,235,236,247,248,250,252,253,281,284,291,295,346,363,381,385,396,429,431
195:16,24,25,30,46,51,61,62,67,81,95,112,129,131,136,143,145,158,163,164,290,204,208,233,239,242,263,264,274,276,287,288,309,314,324,340,343,349,359,373,376,384,386,394,413,421,426,440,442
196:14,39,40,46,58,60,64,84,86,99,101,113,115,132,141,147,149,162,186,191,370,205,218,223,242,248,267,274,284,313,319,320,331,345,382,402,404,406,416,429,445,447
197:3,12,17,21,28,31,38,48,65,73,89,94,100,104,105,119,127,136,138,143,150,158,170,173,221,201,240,258,260,285,296,297,308,312,318,328,344,351,355,371,372,380,391,400,402,406,407,413,414,446,447
198:1,8,15,18,21,22,25,26,41,43,52,65,76,95,111,112,126,127,134,153,154,161,165,176,185,187,370,206,209,221,257,268,273,287,292,295,307,311,322,323,326,328,331,344,367,372,376,394,401,423,429,432
199:4,14,29,50,66,90,91,96,116,123,128,129,173,175,179,187,270,204,215,226,228,230,239,243,254,260,272,274,275,280,287,305,320,327,335,338,374,375,380,388,391,409,410,424,441
200:9,15,25,35,56,65,96,98,109,113,128,129,131,145,148,158,169,183,193,194,335,233,245,251,260,264,267,269,285,286,287,308,315,318,320,323,327,330,365,366,380,388,394,395,402,426,430,434
201:3,4,7,10,27,28,62,73,83,93,97,98,101,123,135,140,143,149,189,197,283,222,231,264,295,297,336,338,341,377,390,408,420,425
202:26,35,39,49,73,74,90,94,111,114,127,128,133,138,150,160,162,190,194,219,217,225,227,242,250,260,293,295,298,309,319,330,335,339,345,356,365,379,384,396,404,410,418,425,428,429,432,435,442
203:8,16,17,21,22,28,39,48,49,53,57,58,66,90,93,94,116,141,157,166,167,172,182,187,212,206,222,225,228,234,240,244,247,291,293,295,301,305,306,317,326,328,332,336,342,345,348,352,364,376,386,397,429,444,448
204:4,31,38,47,51,58,64,71,77,84,97,107,108,126,136,141,153,158,161,195,199,272,224,238,239,251,273,278,282,285,290,294,334,335,345,363,388,395,416,420,431,446,448
205:7,19,20,26,32,36,37,42,47,60,68,81,85,91,130,157,158,164,167,168,173,176,191,196,238,227,259,280,281,283,300,305,321,354,371,377,391,394,398,407,428,430,433,436,438,439,440,445
206:9,21,25,32,49,61,96,132,147,149,162,173,178,179,181,186,198,203,233,209,217,222,225,228,229,246,252,265,268,275,276,298,300,306,315,317,354,380,392,403,405,409,416,417,425,430,444,445
207:16,42,46,49,53,56,57,58,92,106,147,156,161,165,168,171,176,193,279,215,224,239,240,241,269,270,306,311,344,346,354,372,373,392,411,430,446,447
208:6,13,14,15,18,22,26,27,42,45,66,75,78,79,84,85,107,118,124,145,189,195,277,216,218,221,223,229,250,251,254,255,287,301,312,316,332,335,349,358,373,383,389,396,406,419,421,427,439,443
209:4,8,25,65,72,78,91,94,99,100,101,102,119,124,129,130,140,156,158,164,165,170,198,206,267,219,236,250,253,254,274,283,299,310,312,316,323,374,386,387,388,393,409,410,430,440,442,443
210:2,14,18,22,55,57,59,70,115,131,141,158,160,163,174,191,398,225,235,244,256,262,264,280,281,316,317,341,349,357,358,363,370,416,419,433,441,445
211:22,41,42,43,63,65,81,87,92,95,101,102,122,127,136,147,161,395,217,219,227,229,231,234,237,241,255,266,275,291,304,405,409,411,438,447,448
212:17,18,57,60,71,74,76,77,86,106,112,118,122,125,129,142,147,148,155,162,167,203,396,215,222,236,253,268,295,302,305,309,312,318,353,371,391,400,403,411,425,435,443,444,447
213:6,16,17,27,37,54,56,60,74,102,127,132,134,138,143,171,174,194,383,224,241,252,265,275,293,294,295,298,304,307,323,328,339,347,364,378,408,413,415,420,425,440
214:2,9,10,65,71,111,115,124,126,127,143,147,149,153,159,171,185,399,234,243,247,252,254,259,271,286,289,293,312,321,342,352,404,416,423,430
215:28,36,48,57,58,61,94,100,102,107,110,115,140,145,152,157,199,207,212,366,219,240,257,262,267,268,282,288,296,312,315,325,359,373,376,377,381,384,389,405,420,429
216:0,15,26,30,42,44,51,56,57,70,77,120,130,133,141,142,146,166,169,176,208,314,221,225,233,247,253,258,287,299,309,331,340,343,352,366,376,382,387,389,407,426,427,438,441,444
217:0,42,43,46,52,74,82,99,122,123,126,144,145,173,202,206,211,446,223,243,259,262,278,283,284,288,292,296,297,300,310,316,328,341,343,345,351,355,369,370,374,402,403,410,414,438
218:0,10,20,23,27,33,42,45,55,59,62,79,83,85,88,97,109,136,139,141,148,165,166,168,169,170,175,179,181,196,208,334,227,229,231,234,251,255,261,262,267,271,284,285,288,293,309,317,318,337,367,375,381,390,422,437,448
219:2,4,8,32,58,76,104,105,111,126,142,149,166,172,180,188,202,209,211,215,361,222,238,247,256,275,276,299,302,311,312,321,322,337,343,347,348,350,351,352,354,369,374,378,380,392,393,398,401,413,417,428,448
220:1,38,42,77,79,100,104,124,130,138,152,169,184,188,190,193,418,221,223,226,254,263,273,279,297,307,314,315,334,348,349,362,371,377,381,423
221:0,20,21,22,28,42,76,80,84,101,116,121,158,175,194,197,198,208,216,220,404,234,248,289,308,345,364,365,377,382,385,389,391,394,397,398,400,411,437,438
222:9,16,24,27,31,58,59,69,77,83,84,88,94,97,98,101,112,120,130,135,142,153,161,166,171,173,175,193,201,203,206,212,219,401,223,226,229,231,233,235,239,244,268,277,287,316,319,321,332,355,358,381,386,395,400,405,408,432,439,441,446
223:1,33,40,42,49,65,70,76,80,106,112,119,131,136,151,152,154,178,184,190,193,196,208,217,220,222,358,232,260,263,280,281,283,301,306,309,315,324,332,344,345,354,364,366,368,380,395,402,424,427,446
224:4,12,21,22,37,58,61,65,73,86,87,93,103,104,106,112,114,122,131,132,137,140,142,144,160,172,177,181,182,185,186,204,207,213,413,226,249,251,262,263,273,277,312,317,320,322,332,336,369,374,402,408,422,424
225:29,48,53,56,57,58,64,70,77,78,80,97,99,100,102,106,107,120,146,148,150,151,158,176,184,189,202,203,206,210,216,332,232,249,254,286,303,315,316,319,322,331,335,338,351,355,372,378,395,415,421,427,428,433,438
226:13,35,56,59,70,97,103,127,141,144,150,154,170,178,189,199,220,222,224,238,239,248,261,281,296,301,321,359,366,373,386,447
227:35,51,89,99,106,108,132,138,150,154,159,175,180,192,202,205,211,218,353,243,253,265,272,275,281,283,284,320,325,341,349,351,356,371,375,382,384,395,400,401,406,418,420,421,422,424,431,435,439
228:0,1,25,50,52,65,87,89,93,95,104,110,111,113,114,118,121,127,175,188,199,203,206,298,237,246,276,287,288,296,302,304,312,315,318,322,323,332,334,350,371,390,395,399,401,409,416,418,420,424,427,431
229:1,5,15,24,26,28,33,34,44,60,78,84,106,109,117,127,129,152,161,187,192,193,206,208,211,218,222,386,244,245,249,253,259,296,302,306,336,337,342,344,362,369,377,383,389,396,402,426,440
230:13,42,46,65,95,96,101,104,116,125,127,137,142,145,146,151,152,194,199,421,237,269,270,276,295,306,356,404,412,419,430,438,448
231:13,14,25,44,68,83,84,91,98,100,102,106,118,124,128,130,134,153,159,184,194,201,211,218,222,308,238,252,263,279,290,301,320,323,352,356,371,373,379,382,384,392,401,404,427,434
232:6,14,36,72,75,82,92,100,105,106,110,112,134,136,137,146,154,162,223,225,369,235,245,247,257,297,303,333,357,360,367,371,377,390,429
233:1,26,41,50,51,87,91,101,107,109,114,133,152,167,179,180,195,200,206,216,222,256,240,244,258,260,265,280,307,313,314,317,318,324,332,334,366,380,383,393,402,414,438,445
234:8,13,16,22,27,28,30,37,48,49,56,86,102,105,108,121,131,139,145,162,171,174,180,203,211,214,218,221,285,235,254,256,264,273,275,284,286,303,307,313,316,330,332,348,357,373,376,379,382,391,408,415,427,433,444,448
235:4,5,7,11,17,21,30,43,47,48,56,77,81,85,92,109,112,122,128,134,157,175,179,193,194,210,222,232,234,339,238,245,248,256,257,263,296,302,324,334,336,380,383,393,399,402,406,419,421,449
236:1,7,15,40,75,80,88,100,106,115,119,124,125,127,134,161,177,194,209,212,392,252,261,267,275,276,287,300,314,331,360,380,386,400,401,420,437
237:2,19,43,47,68,70,96,102,103,110,128,139,164,165,172,178,192,211,228,230,344,240,256,268,270,274,280,290,296,325,352,353,355,364,373,377,378,394,397,399,405,411,427,432,443
238:4,7,16,17,29,46,53,63,69,73,74,76,92,100,101,103,113,117,119,136,147,160,188,192,204,205,219,226,231,235,252,244,256,261,264,266,290,304,305,313,323,325,327,337,338,339,347,361,367,371,382,396,409,416,425,432,435,442,449
239:10,12,30,43,55,66,67,91,112,125,129,139,144,145,146,168,171,175,178,186,195,199,204,207,222,226,425,245,250,256,258,259,269,276,278,284,331,332,367,369,379,440,445,446,447,449
240:1,19,20,45,49,61,71,104,106,115,116,138,140,148,149,161,172,177,185,188,197,203,207,215,233,237,389,242,276,280,281,294,327,329,340,341,361,366,387,388,392,393,409,426
241:24,32,34,36,42,48,83,84,89,98,107,115,117,164,180,186,190,207,211,213,370,251,259,261,277,280,287,301,306,315,316,321,336,351,367,417,430,432,434
242:8,15,20,27,33,37,39,43,60,62,63,70,76,123,135,139,154,157,161,166,188,190,192,195,196,202,240,431,250,257,261,276,278,294,304,309,312,318,322,328,334,342,378,379,434,438
243:1,7,20,41,57,59,67,71,92,93,108,111,136,144,146,154,171,174,199,214,217,227,319,266,270,280,295,304,328,329,342,347,361,383,396,399,410,413,428,447,448
244:2,25,28,43,50,53,56,67,72,92,101,107,108,117,139,149,150,157,165,171,173,175,183,185,187,203,210,222,229,233,238,256,251,257,264,277,283,301,302,311,325,341,345,354,356,387,396,398,400,405,409,415,427,436
245:2,6,8,14,20,59,63,71,90,104,105,107,117,126,143,144,149,155,157,177,200,229,232,235,239,413,250,254,260,281,283,287,289,302,315,321,338,348,376,378,391,396,402,429
246:20,28,55,100,103,112,120,163,176,177,185,186,206,228,390,269,281,299,305,317,337,342,349,368,392,394,416,426,429,431,436
247:46,54,85,86,100,117,122,128,135,141,144,154,168,171,178,194,203,214,216,219,232,361,259,260,261,262,274,276,291,329,346,359,360,366,371,378,382,387,392,399,401,424,430,433,434,444,449
248:0,30,32,34,40,60,71,80,100,105,111,141,156,157,159,168,172,188,190,192,194,196,221,226,235,296,257,258,262,266,273,277,278,292,300,309,313,317,329,335,351,373,388,395,411,434,443,444,449
249:1,12,17,20,34,39,49,50,63,77,82,130,133,145,161,180,193,224,225,229,354,254,277,279,284,296,300,313,319,338,350,374,384,385,403,415,419,437,442
250:4,17,24,26,36,38,63,68,69,71,86,104,119,121,129,133,134,137,138,147,149,156,165,167,194,202,208,209,239,242,245,341,268,269,272,283,298,303,315,336,349,351,387,389,391,393,397,425,449
251:5,8,10,36,37,44,49,73,74,82,85,102,107,142,171,173,185,200,204,208,218,224,241,244,351,253,273,280,303,326,337,346,349,364,371,379,389,404,409,413,427,430,432,443
252:2,18,19,32,37,80,86,90,100,102,105,142,161,164,167,174,178,181,182,194,206,213,214,231,236,238,383,257,263,273,283,284,303,346,351,354,360,369,421,425,427
253:4,45,48,53,54,67,70,84,87,124,127,128,140,177,194,209,212,216,227,229,251,288,255,262,275,289,300,310,313,314,320,322,338,351,361,362,367,378,389,395,407,417,428,430,446,447
254:8,23,33,101,102,113,121,123,125,131,141,143,146,156,170,171,172,175,183,199,208,209,214,220,225,234,245,249,373,257,258,273,279,320,336,344,352,357,372,388,395,408,411,431,435
255:5,7,18,21,41,62,66,71,73,74,77,104,125,130,153,157,164,165,208,211,218,253,449,259,263,265,269,270,276,278,280,289,290,292,293,315,333,344,346,350,351,362,367,390,404,415,418,424,425,431,440,444
256:29,36,53,70,75,86,97,99,109,119,129,131,133,142,145,157,165,170,172,181,210,219,233,234,235,237,238,239,244,399,271,273,275,276,294,296,313,314,317,331,342,344,347,352,354,356,391,394,398,406,443,444,445
257:14,49,58,62,75,80,90,98,99,100,105,107,109,117,124,137,140,147,151,157,180,198,215,232,235,242,244,248,252,254,333,265,300,344,349,371,389,393,394,395,399,431,432,439,440
258:5,10,19,25,28,63,64,77,91,99,104,112,140,143,144,147,156,162,197,216,233,239,248,254,403,283,312,325,343,361,370,373,391,402,412,420
259:0,7,33,52,71,77,83,87,93,120,123,133,134,151,154,181,205,214,217,229,239,241,247,255,401,261,266,270,271,272,281,283,284,287,308,318,325,327,337,355,366,373,376,378,382,388,394,399,440
260:27,39,43,54,56,70,95,102,106,109,131,135,137,147,160,165,167,186,190,197,199,200,202,223,233,245,247,280,264,275,316,326,368,388,394,402,405,410,414,442,443,448
261:0,5,19,20,25,26,45,61,64,80,91,120,148,154,173,180,186,218,226,236,238,241,242,247,259,325,281,297,311,326,331,332,362,365,377,387,409,412,416,417,421,426,429
262:34,52,56,67,78,85,91,92,96,104,117,133,135,142,210,215,217,218,224,247,248,253,282,263,264,318,331,332,337,343,344,350,352,361,362,364,366,382,386,391,402,412,421,425,439
263:3,8,30,43,55,65,71,98,106,116,121,125,128,129,132,134,139,144,156,163,167,171,173,179,192,195,220,223,224,231,235,252,255,262,346,265,284,288,290,292,315,318,319,321,325,369,373,392,397,404,409,410,421
264:0,3,18,22,67,71,78,82,88,89,93,94,114,145,159,160,174,195,200,201,210,234,238,244,260,262,323,269,272,276,298,310,318,324,367,371,374,378,389,401,416,418,420,422,447
265:1,61,66,99,119,120,145,152,182,184,185,188,206,213,227,233,255,257,263,293,268,272,279,306,324,334,359,366,389,392,408,417,429,449
266:5,12,18,23,25,26,54,60,68,75,147,154,165,168,169,211,238,243,248,259,372,274,276,282,298,299,315,321,322,325,355,361,385,393,395,407,415,428
267:20,21,26,43,56,57,64,70,87,100,107,108,112,147,151,154,157,163,188,191,196,200,209,215,218,236,339,273,275,276,302,303,307,320,330,337,347,365,369,389,390,393,397,404,418,419,437
268:1,6,22,27,31,36,54,65,68,87,90,94,98,100,115,122,123,129,135,139,170,171,178,191,198,206,212,215,222,237,250,265,321,272,276,290,294,300,307,320,332,335,341,350,362,366,379,394,401,402,404,407,410,418,426,429,432,440,446
269:1,13,22,31,32,51,52,53,60,64,70,92,94,118,124,149,152,161,170,182,200,207,230,239,246,250,255,264,306,272,276,313,314,316,321,330,356,360,372,390,401,405,407,421,424,432
270:2,15,34,38,51,67,90,106,119,122,123,141,144,162,170,177,186,187,199,207,230,237,243,255,259,377,271,274,282,285,289,313,333,338,345,347,359,362,369,419,435,443
271:11,12,18,19,21,48,50,53,57,78,93,95,101,124,132,136,138,140,146,149,214,218,256,259,270,369,300,309,314,330,334,344,362,363,366,391,403,424,432,433,440,441,445,446
272:7,10,13,18,44,52,54,77,134,141,164,173,187,199,204,227,250,259,264,265,268,269,293,281,283,284,287,290,312,315,319,325,342,344,347,370,375,418,422,428
273:4,6,19,27,30,32,47,53,82,89,95,109,110,122,141,142,145,152,173,182,190,198,204,220,224,234,248,251,252,254,256,267,341,276,280,283,302,304,307,323,332,347,373,376,382,416,422,424,427,434,438,441
274:1,10,16,20,33,34,35,42,49,55,59,62,82,96,123,126,128,129,135,141,145,146,155,162,168,179,180,184,186,192,195,196,199,209,237,247,266,270,420,288,300,302,331,342,343,352,355,357,385,387,388,401,419,421
275:0,2,24,33,45,59,69,82,103,127,131,136,138,139,164,190,199,206,211,213,219,227,234,236,253,256,260,267,276,293,304,309,310,313,315,333,345,349,351,360,376,387,389,414,419,433,445
276:1,3,16,20,21,29,42,52,77,78,80,104,107,124,125,127,148,154,164,167,191,195,206,219,228,230,236,239,240,242,247,255,256,264,266,267,268,269,273,275,302,279,281,324,326,329,346,353,385,398,424,435,440
277:7,11,21,45,71,76,85,99,104,132,156,159,162,173,188,193,208,222,224,241,244,248,249,380,290,293,296,306,308,323,343,346,354,356,357,360,369,375,383,393,412,424,433,438,441
278:8,10,17,36,41,43,47,77,89,90,95,101,110,114,124,125,126,145,147,148,156,167,171,175,177,183,204,217,239,242,248,255,334,287,294,299,317,324,335,341,359,365,384,385,394,399,427,428,432,441,444,445
279:8,17,26,52,60,75,78,84,86,89,112,122,132,134,152,176,188,207,220,231,249,254,265,276,343,280,291,296,299,324,331,335,338,340,350,358,367,372,375,401,410,423,429,433,442
280:3,5,7,9,16,53,54,67,70,96,98,103,106,129,135,153,171,175,199,205,210,223,233,237,240,241,243,251,255,260,273,279,376,284,290,294,304,312,320,344,352,365,375,402,412,413
281:2,10,11,14,22,28,35,36,88,135,140,153,156,174,176,184,194,205,210,223,226,227,240,245,246,259,261,272,276,393,315,322,325,332,336,357,359,388,397,399,420,426,427,428,435,439
282:1,3,4,31,39,41,55,58,64,69,72,77,92,93,94,97,106,128,140,151,154,159,163,167,168,193,204,215,262,266,270,421,331,334,340,345,347,361,367,368,370,373,380,394
283:6,10,15,22,35,42,65,70,77,86,88,102,105,114,132,133,139,149,155,169,178,201,205,209,217,223,227,244,245,250,252,258,259,272,273,334,287,298,312,315,335,344,346,380,396,402,405,412,421,424,425,439,449
284:5,15,38,44,59,70,101,104,128,132,147,148,155,158,159,172,185,186,194,196,217,218,227,234,239,249,252,259,263,272,280,373,292,298,302,310,326,327,348,354,357,382,389,392,393,396,400,414,418,424,434,440,445
285:4,13,19,24,26,30,42,54,68,78,90,103,104,114,122,124,145,147,171,177,183,184,197,200,204,218,234,270,301,315,323,326,328,335,357,385,387,406,424,427,430,434,436,439,449
286:29,42,46,48,78,83,84,93,94,102,108,116,142,153,169,180,188,200,214,225,234,371,298,304,322,337,351,353,358,359,365,366,374,377,386,402,406,430
287:15,56,63,64,71,72,86,93,98,103,105,131,136,145,149,153,160,164,166,170,183,195,198,199,200,208,216,222,228,236,241,245,259,272,278,283,364,322,324,329,334,353,356,368,386,395,425,434,444
288:1,4,16,23,26,38,76,88,90,111,113,119,130,144,145,146,150,153,160,161,171,174,176,187,195,215,217,218,228,253,263,274,356,291,295,301,308,311,320,322,338,342,368,393,415,419,429,439,444
289:30,52,68,76,80,96,97,104,128,138,159,183,214,221,245,253,255,270,414,290,326,328,335,337,338,341,349,373,383,397,405,412,434,437,441,446,448
290:19,29,46,59,67,68,90,110,112,113,162,181,195,204,231,237,238,255,263,268,272,277,280,289,354,308,329,335,337,349,352,353,370,377,383,385,387,392,410,415,420,422,429,436
291:3,12,13,14,26,39,47,63,107,117,124,125,130,131,136,143,149,151,169,177,183,189,193,194,203,211,247,279,288,432,295,299,304,319,335,343,351,369,389,410,430,433,437,446
292:0,16,18,25,41,48,67,86,103,109,111,115,120,128,134,140,151,171,173,176,180,191,198,217,248,255,263,284,311,295,296,316,324,325,330,333,340,343,355,365,368,374,385,417,418,420,431
293:4,5,9,11,21,31,43,50,67,78,80,89,109,117,118,128,144,146,166,178,202,203,213,214,218,255,265,272,275,277,336,322,325,337,343,351,363,378,381,389,394,411,417,424,429,430,436
294:12,20,34,55,70,111,125,128,137,139,142,143,149,156,164,172,183,186,204,213,240,242,256,268,278,280,357,302,304,315,316,317,323,324,333,349,358,361,385,391,401,410,427,430,445
295:1,21,28,62,68,94,100,102,119,124,136,142,147,153,170,177,194,198,201,202,203,212,213,230,243,288,291,292,422,297,318,339,347,359,379,381,425,426,435,446
296:0,36,44,50,79,88,89,91,93,142,144,153,158,197,215,217,226,228,229,235,237,248,249,256,277,279,292,367,299,309,322,348,353,354,359,360,393,399,415,420,428,431,446,448
297:3,6,14,44,47,49,57,61,76,81,82,88,92,95,101,103,108,117,131,134,146,161,197,201,217,220,232,261,295,373,308,340,345,351,365,387,392,406,412,434,437
298:25,30,49,62,79,100,101,110,142,151,152,166,167,170,183,202,206,213,228,250,264,266,283,284,286,332,314,315,323,350,362,380,404,422,432,440
299:3,7,22,44,47,53,54,55,99,105,109,120,125,132,135,159,160,171,172,209,216,219,246,266,278,279,291,296,300,305,318,322,342,346,374,385,387,405,422
300:10,30,46,66,86,88,89,99,126,129,136,138,144,145,147,149,158,165,205,206,217,236,248,249,253,257,268,271,274,299,399,303,313,317,321,349,358,366,370,384,389,390,405,416,424,425,426,443,445
301:11,27,28,40,44,57,65,71,80,88,97,98,109,113,119,123,129,130,131,157,161,163,169,175,179,203,208,223,226,231,241,244,285,288,355,315,321,323,327,340,343,348,360,364,366,386,439,443
302:8,31,39,41,45,62,64,69,76,78,80,81,85,93,95,96,103,104,119,129,132,143,149,161,192,212,219,228,229,235,244,245,267,273,274,276,284,294,314,303,306,308,313,319,341,343,349,360,365,374,389,393,402,404,421,449
303:19,22,27,36,75,79,88,99,107,112,115,122,143,162,174,179,182,189,225,232,234,250,251,252,267,300,302,396,310,316,330,345,361,362,365,375,400,403,419,429,435,444
304:37,74,77,90,91,101,116,142,162,211,213,228,238,242,243,273,275,280,286,291,294,349,308,318,338,395,415,426,428,430,436
305:6,10,25,30,32,37,38,42,60,76,78,81,87,93,112,117,132,136,138,145,155,158,175,180,188,199,203,205,212,238,246,299,387,354,356,374,388,416,420,422,427,435,448
306:1,27,48,54,69,78,84,127,129,131,141,149,152,171,203,206,207,223,229,230,241,265,269,277,302,436,307,318,338,341,342,352,358,359,368,396,401,410,413,414,420,427,441,445
307:18,21,28,41,49,62,67,70,77,116,129,141,142,150,162,165,169,179,185,198,213,220,233,234,267,268,273,306,418,308,316,345,349,353,389,391,395,406,426,438,448
308:8,19,56,71,82,83,84,91,99,108,121,130,134,135,138,147,157,158,172,180,197,200,221,231,259,277,288,290,297,302,304,307,392,317,332,338,342,360,367,375,399,411,414,436,445
309:3,9,27,32,36,62,64,78,96,103,107,131,132,145,148,152,156,162,169,173,188,195,202,212,216,218,223,242,248,271,275,296,381,315,318,332,345,353,367,369,374,375,377,392,413,435
310:3,8,11,28,36,61,71,73,77,78,82,84,128,148,153,156,161,167,168,173,187,192,209,217,253,264,275,284,303,362,315,326,357,379,388,390,393,399,405,409,421,428,429,440
311:31,37,44,49,74,86,92,120,160,162,173,176,187,190,198,207,219,244,261,288,292,359,312,314,334,337,343,358,364,371,380,387,399,400,403,412,414,422,430
312:0,11,20,33,60,62,87,96,114,133,139,140,151,152,157,161,164,173,184,187,190,197,208,209,212,214,215,219,224,228,242,258,272,280,283,311,361,316,317,319,324,335,346,347,364,380,387,401,406,410,414,435,436
313:19,37,70,104,123,138,159,161,172,191,196,233,234,238,248,249,253,256,269,270,275,300,302,315,323,324,327,336,363,374,385,394,417,423,426,430,432,446
314:8,10,12,13,15,17,27,66,73,76,90,99,100,125,130,134,136,137,143,150,183,195,216,220,233,236,253,256,269,271,298,302,311,361,346,359,372,386,395,410,449
315:35,49,50,71,90,93,102,116,123,124,131,132,136,137,155,165,186,193,200,206,215,220,223,225,228,241,245,250,255,263,266,272,275,281,283,285,294,298,301,309,310,313,436,320,330,345,370,374,383,384,387,397
316:19,25,26,27,29,41,44,57,62,78,91,98,100,106,127,145,146,173,180,208,209,210,217,222,225,234,241,260,269,292,294,303,307,312,429,322,329,337,342,350,354,355,379,383,390,392,394,395,400,415,427,436,441,442
317:3,17,29,34,35,47,60,66,73,75,79,118,119,128,135,140,144,158,166,167,182,191,203,206,210,218,224,233,246,248,256,278,294,300,308,312,404,327,329,333,335,351,355,358,368,379,409,436,441
318:1,9,18,25,31,35,49,59,65,86,89,99,107,127,162,174,197,200,212,218,228,233,242,259,262,263,264,295,299,304,306,309,325,345,360,375,376,391,396,404,414,426,435,442,448,449
319:22,35,38,56,57,63,70,79,124,129,139,147,149,165,172,174,196,202,222,225,243,249,263,272,291,302,312,391,347,352,356,364,365,368,417,418,422,441,444,449
320:0,3,20,48,49,53,67,82,85,88,111,157,188,191,196,199,200,224,227,231,253,254,267,268,280,288,315,341,325,326,359,363,378,390,402,412,423,424,428,437,449
321:8,23,27,30,33,47,55,59,67,76,82,98,101,121,133,138,143,164,184,185,187,205,214,219,222,226,241,245,263,266,268,269,300,301,414,345,351,389,400,404,407,441,449
322:3,18,35,68,79,82,88,97,104,110,114,117,118,136,138,142,146,152,153,168,181,198,219,224,225,228,242,253,266,281,286,287,288,293,296,299,316,437,338,342,350,370,372,383,390,397,410,419,424,434,439,449
323:9,14,16,19,22,29,37,52,55,57,74,77,85,89,93,112,122,123,126,127,128,140,155,166,169,173,184,190,198,200,209,213,228,231,238,264,273,277,285,294,298,301,313,380,331,350,362,365,387,410,415,416,429,442
324:7,15,19,22,36,38,45,47,50,63,73,83,86,105,125,139,140,153,162,163,182,188,189,195,223,233,235,264,265,276,278,279,287,292,294,312,313,424,325,327,330,332,340,345,351,370,372,393,395,407,409,444,447,448
325:8,25,44,48,50,60,77,95,106,110,120,122,125,126,135,143,146,172,176,179,182,184,188,215,227,237,238,244,258,259,261,263,266,272,281,292,293,318,320,324,385,328,332,333,338,340,348,354,360,372,378,400,402,415,442,445
326:0,4,12,34,73,95,97,101,103,126,128,136,153,154,173,174,186,189,198,203,251,260,261,276,284,285,289,310,320,425,341,352,361,383,400,402,409,415,421,438,449
327:5,11,23,34,42,45,57,93,97,98,102,108,131,140,142,143,165,175,187,188,193,199,200,238,240,259,284,301,313,317,324,363,338,341,370,380,394,400,421,441,446
328:19,23,33,69,81,95,96,105,132,139,144,145,148,149,168,169,175,186,190,197,198,203,213,217,242,243,285,289,325,438,330,334,349,355,356,363,370,371,374,398,407,442
329:1,22,35,55,61,72,77,92,112,122,126,133,134,136,140,159,162,172,179,186,240,243,247,248,276,287,290,316,317,416,331,346,354,358,367,371,372,376,381,398,400,442
330:4,13,20,24,34,42,52,60,90,91,125,127,132,136,139,148,160,162,182,184,188,200,202,234,267,269,271,292,303,315,324,328,335,342,348,352,353,356,362,389,392,400,403,404,413,415,416,428
331:6,8,26,67,80,85,115,118,125,196,198,216,225,236,239,256,261,262,274,279,282,323,329,396,335,350,354,359,392,397,410,412,418,422,437,441,446
332:5,24,34,61,64,65,72,77,83,87,89,94,103,122,128,133,153,154,162,172,176,192,203,208,222,223,224,225,228,233,234,239,261,262,268,273,281,298,308,309,324,325,378,340,356,417,431,437,439,441
333:3,4,6,14,19,36,53,56,60,65,77,87,88,90,95,169,179,232,255,257,270,275,292,294,317,325,424,339,360,367,398,399,438,440,442,449
334:4,6,15,22,44,47,54,55,62,65,88,112,122,129,136,150,168,179,183,204,218,220,228,233,235,242,265,271,278,282,283,287,311,328,431,340,356,358,361,363,375,382,387,390,422
335:14,56,88,89,109,116,148,153,172,180,199,200,202,204,208,225,248,268,278,279,283,285,289,290,291,312,317,330,331,358,343,347,348,352,376,405,409,410,415,417,440,442,447
336:11,14,18,29,38,45,49,53,56,61,82,93,101,104,106,113,127,137,147,148,156,157,161,193,201,203,224,229,235,241,250,254,281,293,313,419,345,353,372,373,396,427
337:13,14,19,27,40,41,42,44,53,68,78,80,114,127,129,136,137,169,170,185,218,219,229,238,246,251,259,262,267,286,289,290,293,311,316,381,338,344,355,400,413,438,447
338:20,47,80,90,98,104,109,112,116,122,131,137,147,152,183,189,193,199,201,225,238,245,249,253,270,279,288,289,304,306,308,322,325,327,337,361,341,352,379,381,383,400,416,422,424,426,428,436
339:11,14,21,30,35,37,42,58,90,91,109,163,181,184,202,213,235,238,267,295,333,401,351,359,363,368,384,409,420,422,429,432,433,435,439
340:3,14,28,34,42,64,66,71,72,87,88,96,106,119,124,147,148,160,175,183,193,195,216,240,279,282,292,297,301,324,325,332,334,400,343,349,350,353,407,409,413,418,431,444
341:2,3,15,25,35,38,44,58,59,60,65,70,77,83,102,117,122,132,138,143,148,153,201,210,217,227,240,244,250,268,273,278,289,302,306,320,326,327,338,382,354,390,400,410,414,423,432,449
342:1,28,41,46,47,81,91,96,109,111,136,141,151,155,163,203,214,229,242,243,246,256,272,274,288,299,306,308,316,322,330,380,374,379,388,403,430
343:0,4,6,10,22,26,30,37,71,80,85,92,107,111,117,129,139,141,154,159,186,195,216,217,219,258,262,274,277,279,291,292,293,301,302,311,335,340,386,348,362,409,413,417,434,445,447
344:0,18,39,73,87,90,92,109,126,153,158,184,187,197,198,207,223,229,237,254,255,256,257,262,271,272,280,283,337,360,351,363,364,374,387,416,418,419,422,431,432,438,449
345:2,4,6,21,31,75,83,94,101,108,112,120,128,142,151,169,175,179,184,196,202,203,204,217,221,223,244,270,275,282,297,303,307,309,315,318,321,324,336,367,348,356,357,368,377,383,407,427,434,438
346:9,30,32,43,88,95,98,99,137,145,160,166,177,192,194,207,247,251,252,255,263,276,277,283,299,312,314,329,385,358,380,381,388,395,422,423,428,429,436,446
347:7,31,32,37,43,59,66,68,93,99,107,111,144,168,175,176,188,191,213,219,238,243,256,267,270,272,273,282,295,312,319,335,413,355,363,364,368,403,414,416,439,440,443,447
348:11,13,27,45,54,90,100,102,105,108,115,118,123,137,141,147,170,185,203,219,220,234,245,284,296,301,325,330,335,343,345,425,351,355,356,358,362,368,381,390,414,417,434,441,444
349:2,20,31,33,51,87,89,98,105,107,118,122,137,149,161,173,175,178,179,184,195,208,210,220,227,246,250,251,257,275,289,290,294,300,302,304,307,328,340,352,353,368,369,370,376,378,395,404,409,411,425,430
350:7,9,13,19,46,49,66,85,98,120,121,124,132,148,157,168,169,171,176,187,190,219,228,249,255,262,268,279,298,316,322,323,331,340,390,352,396,397,420,424,429,439,444,445
351:9,14,15,37,41,62,68,72,82,92,132,135,139,143,144,146,156,170,179,180,192,197,217,219,225,227,241,248,250,251,252,253,255,275,286,291,293,297,317,321,324,339,344,348,403,358,366,369,393,397,402,422,423,427,430,434,443
352:5,7,24,48,66,68,91,92,104,106,111,127,130,133,162,175,184,190,203,214,216,219,231,237,254,256,262,274,280,290,306,319,326,330,335,338,349,350,400,359,360,380,408,414,425,427,429,441,448,449
353:1,7,9,33,34,37,54,65,96,100,117,123,124,146,153,162,166,168,212,227,237,276,286,287,290,296,307,309,330,336,340,349,407,376,384,403,410,416,441
354:3,13,21,23,28,84,90,96,117,122,124,144,145,147,152,166,174,184,205,206,207,219,223,244,249,252,256,277,284,290,296,305,316,325,329,331,341,374,372,384,391,408,418,428,446
355:1,50,53,81,84,92,97,108,121,144,197,217,222,225,237,259,266,274,292,301,316,317,328,337,347,348,446,378,379,397,427
356:60,65,71,72,75,86,89,95,118,131,146,153,162,184,192,202,227,230,231,244,256,269,277,287,288,305,319,328,330,332,334,345,348,387,357,359,361,362,401,406,417,420,436,437
357:1,2,16,48,49,50,55,58,67,77,94,122,123,131,147,153,168,183,186,190,210,232,234,254,274,277,281,284,285,294,310,345,356,361,369,370,378,382,387,396,399,403,422,423,428,433
358:8,16,46,49,69,74,81,86,113,115,139,152,172,179,208,210,222,223,279,286,294,300,306,311,317,329,334,335,346,348,351,391,398,413,415,427,448
359:41,60,76,82,88,89,92,102,121,130,133,152,171,176,177,178,179,195,215,226,247,265,270,278,281,286,295,296,306,311,314,320,331,339,352,356,370,367,376,378,381,390,394,401,408,413,438
360:53,62,70,80,92,102,109,110,121,131,140,142,152,153,155,158,162,164,166,169,171,182,186,192,232,236,247,252,269,275,277,296,301,302,308,318,325,333,344,352,369,361,362,374,381,382,388,398,413,420,424,433
361:7,18,25,29,33,35,46,49,65,72,81,84,111,116,127,148,150,159,190,219,238,240,243,247,253,258,262,266,282,294,303,312,314,326,334,338,356,357,360,443,368,373,383,385,392,400,401,407,408,419,432,440,448
362:41,57,59,61,75,86,92,111,115,124,145,147,172,178,187,220,229,253,255,261,262,268,270,271,298,303,310,323,330,343,348,356,360,372,366,371,380,382,385,386,388,397,403,412,425,427,438,445
363:1,2,11,29,37,57,62,70,78,85,86,89,112,130,136,179,194,204,210,271,293,313,320,327,328,334,339,344,347,437,373,374,382,385,396,398,406,413,448
364:13,21,27,30,34,58,62,77,81,85,88,119,123,128,143,154,162,180,182,190,192,203,213,221,223,237,251,262,287,301,311,312,319,344,347,445,369,374,394,396,408,419,420,423,427,432,439
365:16,26,27,28,42,81,88,95,105,131,142,155,163,181,190,200,202,221,261,267,278,280,286,292,297,302,303,319,323,444,369,373,388,390,402,416
366:9,11,45,65,75,83,120,123,124,145,152,183,200,215,216,223,226,233,240,247,259,262,265,268,271,286,300,301,351,362,447,371,373,377,378,380,381,383,387,405,412,433,442,445
367:0,39,54,68,75,76,91,95,101,123,127,150,153,167,173,174,191,198,218,232,238,239,241,253,255,264,279,282,296,308,309,329,333,345,359,409,373,394,401,433,434,435,447,448
368:1,17,27,37,38,48,52,56,57,60,63,78,90,109,112,119,123,134,150,154,157,159,160,193,223,246,260,282,287,288,292,306,317,319,339,345,347,348,349,361,391,376,380,384,422,425,431,435,438,440,445,446
369:7,9,23,27,39,43,63,69,91,92,96,98,118,129,161,185,188,217,219,224,229,232,239,252,263,267,270,271,277,291,309,349,351,357,360,364,365,431,370,375,391,409,410,413,433,439,441
370:34,47,61,62,77,87,88,91,97,104,110,115,124,134,135,136,142,150,163,178,179,184,192,196,198,210,217,241,258,272,282,290,300,315,322,324,327,328,349,357,359,369,448,392,396,418,426,445
371:13,18,23,25,48,58,67,71,76,78,79,81,100,103,117,129,133,134,147,159,162,185,189,193,197,205,212,220,227,228,231,232,238,247,251,257,264,286,311,328,329,362,366,407,374,381,399,429
372:1,14,18,20,25,32,34,36,49,73,77,97,98,118,119,127,128,132,148,163,190,192,197,198,207,225,254,266,269,279,314,322,324,325,329,336,354,362,409,373,379,380,389,400,425,432
373:21,78,79,84,86,94,98,101,130,137,141,151,156,159,184,190,193,195,207,208,215,226,231,234,237,248,254,258,259,263,273,282,284,289,297,336,361,363,365,366,367,372,403,384,392,408,420,424,440,442,444,448
374:2,6,18,22,25,31,35,44,51,55,83,90,92,104,119,120,123,131,135,151,165,199,209,217,219,224,249,264,286,292,299,302,305,309,313,315,328,342,344,354,360,363,364,371,379,376,392,406,419,442
375:1,5,18,42,49,53,61,69,72,76,84,85,94,99,120,126,132,134,144,168,171,175,176,180,192,199,218,227,272,277,279,280,303,308,309,318,334,369,420,381,403,404,407,421
376:5,17,24,26,67,74,95,101,105,110,135,149,151,162,166,178,179,192,195,198,203,215,216,234,245,259,273,275,280,318,329,335,349,353,359,368,374,381,449
377:2,3,13,17,18,65,68,89,111,115,117,145,146,154,164,173,174,178,179,192,201,205,215,220,221,229,232,237,261,270,286,290,309,345,366,416,386,387,400,415,439
378:12,21,24,30,47,54,62,71,79,98,106,130,168,174,185,213,219,225,237,242,245,247,253,259,264,293,320,325,332,349,355,357,359,366,391,406,414,431,441
379:0,1,4,10,34,41,61,62,67,68,77,93,96,100,109,118,120,123,129,163,168,171,179,181,182,193,202,231,234,239,242,251,268,295,310,316,317,338,342,355,372,374,435,405,408,412,419,434,437,441,442,444
380:4,38,45,47,53,64,87,101,126,127,151,159,162,165,175,190,192,197,199,200,206,219,223,233,235,236,277,282,283,298,311,312,323,327,342,346,352,362,366,368,372,431,384,389,400,420,436,437,442
381:0,1,6,20,25,49,58,60,79,87,131,141,144,167,182,187,190,194,215,218,220,222,293,295,309,329,337,338,346,348,359,360,366,371,375,376,442,383,388,395,404,409,432,435
382:8,22,28,35,39,44,60,119,139,153,165,167,181,187,196,216,221,227,231,234,238,247,259,262,273,284,334,341,357,360,362,363,441,392,398,430,442,444
383:10,13,19,26,27,39,44,67,71,72,110,163,173,208,213,229,233,235,243,252,277,289,290,315,316,322,326,338,345,361,366,381,418,384,393,405,413,428,434,438,439,442,443
384:13,17,23,33,48,55,80,106,113,119,136,141,158,171,181,191,195,202,215,227,231,249,278,300,315,339,353,354,368,373,380,383,426,387,410,421,434
385:21,28,34,41,44,67,71,83,86,87,88,93,94,101,135,147,161,181,194,221,249,266,274,276,278,285,290,292,294,299,313,325,346,361,362,363,433,396,403,419,421,435,448,449
386:0,5,17,24,25,26,27,61,70,71,79,92,97,112,132,137,195,203,209,222,226,229,236,262,286,287,301,314,343,362,377,444,391,395,403,405,416,427,441
387:13,17,31,36,37,45,54,62,64,76,81,100,107,108,113,115,117,144,187,209,216,240,244,247,250,261,274,275,285,290,297,299,305,311,312,315,323,334,344,356,357,366,377,384,390,398,401,404,438,440,446
388:3,6,12,25,31,33,54,70,77,81,82,85,87,102,118,121,123,133,140,148,153,154,163,181,183,190,192,199,200,204,209,240,248,254,259,260,274,281,305,310,342,346,360,362,365,381,389,391,398,413,414,428,429
389:11,14,27,31,33,37,55,72,91,97,108,126,131,138,160,176,179,191,208,215,216,221,229,240,250,251,253,257,264,265,267,275,284,291,293,300,302,307,321,330,372,380,388,412,407,417,435,439
390:12,14,23,55,66,71,76,77,87,98,101,116,124,128,140,148,178,184,188,201,218,228,232,246,255,267,269,300,310,316,320,322,334,341,348,350,359,365,387,397,391,395,398,422,424,426,433,435,437,443
391:7,22,32,41,43,45,61,63,72,78,92,107,115,139,155,160,164,174,187,197,199,205,212,221,234,245,250,256,258,262,271,294,307,318,319,354,358,368,369,378,386,388,390,396,403,413,421,440,445,446,449
392:3,8,16,29,40,44,45,59,65,72,76,102,103,108,110,128,137,156,158,159,171,172,178,182,206,207,219,231,236,240,246,247,263,265,284,290,297,308,309,316,330,331,361,370,373,374,382,406,398,412,425,431,442
393:2,4,5,13,18,34,55,66,81,95,105,109,137,150,153,171,187,209,219,233,235,240,250,257,266,267,277,281,284,288,296,302,310,324,351,383,445,408,413,416,427,441,442
394:23,28,35,48,64,66,74,78,86,91,96,117,138,144,160,175,189,195,198,200,205,221,237,246,256,257,259,260,268,278,282,293,313,316,327,359,364,367,412,400,429
395:1,19,23,33,36,56,81,87,93,111,115,119,121,125,144,157,163,166,173,177,182,186,188,190,200,204,211,222,223,225,227,228,248,253,254,257,266,287,304,307,314,316,324,346,349,381,386,390,430,399,413,415,427,446,448
396:5,9,15,23,25,29,33,39,42,47,67,83,106,115,123,138,144,152,155,165,171,177,191,194,202,208,212,229,238,243,244,245,283,284,303,306,318,331,336,350,357,363,364,370,385,391,442,397,407,418,420,440
397:4,45,51,52,55,57,63,64,67,69,86,116,126,129,137,142,158,162,164,189,203,221,237,250,263,267,281,289,315,322,331,350,351,355,362,390,396,430,400,412,447
398:1,19,25,31,34,57,73,91,93,97,99,107,109,110,118,121,130,142,144,156,176,188,205,210,219,221,244,256,276,328,329,333,358,360,363,382,387,388,390,392,423,406,430,444
399:30,48,63,65,73,83,86,99,109,110,113,118,141,143,166,179,180,186,188,190,191,214,228,235,237,243,247,256,257,259,278,281,296,300,308,310,311,333,357,371,395,403,419,423,424
400:19,50,54,57,80,95,118,119,120,132,134,138,155,163,172,180,191,197,212,221,222,227,236,244,284,303,311,316,321,325,326,327,329,330,337,338,340,341,352,361,372,377,380,394,397,439,402,412,449
401:10,20,58,62,63,64,69,71,108,148,163,177,181,186,188,198,219,222,227,228,231,236,247,259,264,268,269,274,279,294,306,312,339,356,359,361,367,387,410,423
402:7,37,44,50,70,72,86,101,111,116,137,138,158,172,182,183,185,196,197,200,217,223,224,229,233,235,245,258,260,262,268,280,283,286,302,320,325,326,351,365,400,414
403:6,9,25,40,41,50,51,52,57,74,81,86,107,132,139,153,154,157,170,206,212,217,249,258,271,303,311,330,342,347,351,353,357,362,373,375,385,386,391,399,444,411,413,414,422,427,440,449
404:14,20,22,45,48,57,70,76,78,95,116,122,127,182,196,202,214,221,230,231,251,255,263,267,268,298,302,317,318,321,330,349,375,381,387,421,411,415,417,424,426
405:17,28,39,64,71,75,78,82,96,122,145,187,190,206,211,215,222,237,244,260,269,283,289,299,300,310,335,366,379,383,386,438,407,412,416,421
406:14,18,25,26,29,33,37,48,73,78,83,85,90,97,122,126,142,153,161,175,189,196,197,208,227,235,256,285,286,297,307,312,356,363,374,378,392,398,431,417,422,435,437,438,444
407:1,58,66,71,72,75,77,82,87,94,152,155,158,160,162,163,166,193,197,205,216,253,266,268,269,321,324,328,340,345,353,361,371,375,389,396,405,434,414,420,438
408:13,26,36,43,47,54,55,58,65,69,75,76,95,96,103,108,110,125,129,134,139,148,164,174,179,187,188,201,213,222,224,234,254,265,352,354,359,361,364,373,379,393,434,412,416
409:8,12,22,51,87,106,110,116,126,143,158,161,170,181,185,187,199,206,209,211,228,238,240,244,251,261,263,310,317,324,326,335,339,340,343,349,367,369,372,381,442,411,427,432,449
410:29,44,45,48,49,53,69,79,82,107,126,127,138,139,149,153,155,168,172,176,188,199,202,209,217,243,260,263,268,279,290,291,294,306,312,314,322,323,331,335,341,353,369,384,401,442,426
411:19,48,72,80,86,89,102,104,116,138,151,154,186,189,207,211,212,221,237,248,254,293,308,349,403,404,409,426,442,448
412:1,6,7,17,24,29,70,74,111,114,119,128,136,142,151,162,164,173,178,183,187,230,258,261,262,277,280,283,289,297,311,320,331,362,366,379,389,392,394,397,400,405,408,441,413,440
413:7,27,39,47,48,51,70,110,140,152,155,164,192,195,197,213,219,224,243,245,251,280,306,309,330,337,340,343,347,358,359,360,363,369,383,388,391,393,395,403,412,415,419,420,432,436,440
414:15,23,60,63,66,76,84,105,150,173,186,188,191,197,217,233,260,275,284,289,306,308,311,312,318,321,341,347,348,352,378,388,402,403,407,444,426,438,439
415:16,25,29,34,35,40,46,48,76,84,92,107,108,114,126,127,138,140,141,142,149,156,159,169,171,181,213,225,234,244,249,255,266,288,290,296,304,316,323,325,326,330,335,358,377,395,404,413,422,428,433,445,448
416:3,6,12,24,41,43,54,60,71,93,97,115,118,143,147,148,151,158,165,169,196,204,206,210,214,228,238,246,261,264,273,300,305,323,329,330,338,344,347,353,365,377,386,393,405,408,427,434,440,441,442
417:11,17,20,27,30,44,47,89,101,125,130,154,175,179,189,193,206,219,241,253,261,265,292,293,313,319,332,335,343,348,356,389,404,406,439,419,442,444
418:2,10,28,50,51,81,116,118,131,137,154,170,173,178,181,202,220,227,228,255,264,267,268,272,284,292,307,319,331,340,344,354,370,383,396,423,421,431,438
419:1,31,39,41,46,47,52,59,60,84,85,95,97,121,125,138,143,149,150,156,166,169,173,178,180,208,210,230,235,249,267,270,274,275,288,303,322,336,344,361,364,374,379,385,399,413,417,433,424,425,435,447
420:0,9,19,21,27,30,33,34,41,44,52,63,69,94,97,122,144,158,167,171,183,184,186,201,204,213,215,227,228,236,258,264,274,281,290,292,296,305,306,339,350,356,360,364,373,375,380,396,407,413,437,423,429,442,447,448
421:4,14,16,28,30,36,69,81,89,94,101,104,106,108,124,126,141,146,149,165,168,179,182,183,195,208,225,227,230,235,252,261,262,263,269,274,282,283,302,310,326,327,375,384,385,391,404,405,418,438,432,448
422:1,2,7,18,26,36,42,43,53,68,72,99,102,106,111,123,145,147,179,188,190,218,224,227,264,272,273,290,295,298,299,305,311,319,331,334,338,339,344,346,351,357,368,390,403,406,415,426,427,430
423:3,26,30,43,55,58,69,83,87,102,113,126,144,152,154,160,170,183,188,198,214,220,279,313,320,341,346,351,357,364,398,399,401,418,420,435
424:7,54,70,72,77,87,102,112,122,123,135,166,173,180,181,193,199,223,224,227,228,247,255,269,271,273,276,277,283,284,285,293,300,320,322,324,333,338,350,360,373,390,399,404,419,438,430,446
425:2,3,5,9,11,12,27,31,44,45,51,82,91,96,101,102,119,140,155,159,161,175,176,180,188,201,202,206,212,213,238,239,250,252,255,262,283,287,295,300,326,348,349,352,362,368,372,392,419,431,430,442
426:3,4,14,20,29,34,47,54,59,81,84,90,120,132,143,150,157,165,195,200,216,229,240,246,261,268,281,295,300,304,307,313,318,338,370,384,390,404,410,411,414,422,449,431
427:0,1,8,21,22,35,39,48,59,70,72,73,74,78,79,83,106,109,115,120,132,137,161,170,177,178,184,208,216,223,225,228,231,234,237,244,251,252,273,278,281,285,294,305,306,316,336,345,351,352,355,358,362,364,386,393,395,403,409,416,422,449,429,431
428:10,21,39,86,125,126,142,151,158,160,165,170,179,188,202,205,219,225,243,253,266,272,278,281,296,304,310,320,330,338,346,354,357,383,388,415,439,433,436,442,445
429:17,18,57,71,81,84,87,92,135,156,161,167,170,183,187,188,189,194,196,198,202,203,215,232,245,246,261,265,268,279,288,290,293,303,310,316,323,339,346,350,352,371,388,394,420,427,441,434
430:10,21,22,31,41,42,44,68,69,107,110,113,121,131,163,184,187,192,200,205,206,207,209,214,230,241,247,251,253,285,286,291,293,294,304,311,313,342,349,351,382,395,397,398,422,424,425,445,448
431:6,7,53,65,68,74,76,112,114,135,145,147,155,158,188,194,204,227,228,242,246,254,255,257,292,296,332,334,340,344,368,369,378,380,392,406,418,425,426,427,438,447
432:9,14,18,19,32,34,57,86,109,114,126,138,142,149,156,160,169,174,193,198,202,222,237,238,241,251,257,268,269,271,278,291,298,313,339,341,344,361,364,372,381,409,413,421,442,439,441,443,444,448
433:13,22,42,60,73,77,78,88,104,121,130,133,135,136,137,143,149,155,156,158,169,205,210,225,234,247,271,275,277,279,291,339,357,360,366,367,369,385,390,415,419,428,441
434:16,22,25,32,45,52,53,65,66,79,83,97,128,131,150,177,188,200,231,241,242,247,248,273,284,285,287,289,297,322,343,345,348,351,367,379,383,384,407,408,416,429,436,440,444
435:7,8,13,14,25,27,31,32,33,34,46,48,51,62,92,99,110,121,122,125,128,137,156,161,166,171,172,182,183,202,212,227,238,254,270,276,281,295,303,305,309,312,318,339,367,368,379,381,385,389,390,406,419,423,442,439
436:0,14,21,53,83,109,123,160,170,188,205,244,246,285,290,293,304,306,308,312,315,316,317,338,346,356,380,413,428,434,443,437
437:1,2,13,24,28,45,46,50,56,70,79,118,122,128,136,139,152,163,165,182,188,218,221,236,249,267,289,291,297,320,322,331,332,356,363,379,380,390,406,420,436,438
438:7,9,27,50,66,74,77,83,103,106,107,113,119,124,127,131,146,149,161,162,167,172,187,205,211,216,217,221,225,230,233,242,273,277,307,326,328,333,337,344,345,359,362,368,383,387,405,406,407,414,418,421,424,431,437,448
439:14,32,48,52,57,58,65,72,76,83,84,90,94,95,107,109,124,134,145,158,161,162,163,170,173,182,189,205,208,222,227,257,262,281,283,285,288,301,322,332,339,347,350,364,369,377,383,389,400,414,417,428,432,435,447,443,449
440:2,7,21,23,29,37,42,46,50,56,81,93,94,97,98,113,124,125,143,156,158,160,163,183,186,192,193,195,205,209,213,229,239,255,257,259,268,271,276,284,298,310,333,335,347,361,368,373,387,391,396,403,412,413,416,434,446,444,447
441:29,42,51,60,70,75,101,102,111,120,130,133,136,164,182,199,210,216,222,271,273,277,278,289,306,316,317,319,321,327,331,332,348,352,353,369,378,379,382,386,393,412,416,429,432,433,449
442:18,38,43,48,62,82,88,102,133,136,164,166,167,185,195,202,209,238,249,260,279,316,318,323,325,328,329,333,335,366,373,374,379,380,381,382,383,392,393,396,409,410,411,416,417,420,425,428,432,435,448
443:2,9,20,52,84,109,117,118,138,139,145,157,161,165,168,208,209,212,237,248,251,256,260,270,300,301,347,351,361,383,390,432,436,439,448
444:11,23,24,43,63,64,108,111,132,141,142,189,203,206,212,216,234,247,248,255,256,278,287,288,303,319,324,340,348,350,365,373,379,382,386,398,403,406,414,417,432,434,440,447
445:18,21,25,27,36,45,70,90,97,98,100,112,120,122,124,138,150,154,158,167,182,188,189,196,205,206,210,233,239,256,271,275,278,284,294,300,306,308,325,343,350,362,364,366,368,370,391,393,415,428,430,449
446:5,14,21,31,41,52,56,61,65,68,69,76,83,84,91,95,100,114,122,140,149,170,175,185,193,197,204,207,217,222,223,239,253,268,271,289,291,295,296,313,327,331,346,354,355,368,387,391,395,424,440,448
447:42,45,50,64,75,91,100,109,124,139,153,154,172,176,177,179,196,197,207,211,212,226,239,243,253,264,324,335,337,343,347,366,367,397,419,420,431,439,440,444,448
448:15,18,33,38,41,44,49,61,73,80,85,98,138,184,186,189,192,203,204,211,218,219,230,234,243,260,289,296,305,307,318,324,352,358,361,363,367,370,373,385,395,411,415,420,421,430,432,438,442,443,446,447,449
449:5,14,17,30,32,41,51,55,57,60,88,95,108,119,123,147,152,153,156,160,161,165,166,190,235,238,239,247,248,250,255,265,283,285,302,314,318,319,320,321,322,326,333,341,344,352,376,385,391,400,403,409,426,427,439,441,445,448
