0:71,58,78,88,102,123,128,130,194,230,246,287,300,304
1:67,33,39,61,125,192,204,218,288,293
2:209,5,22,71,96,110,133,308
3:292,16,21,84,85,87,88,222,226,233,260,264,279,319
4:283,17,45,52,104,116,168,184,220,238,258,273,287
5:2,218,30,52,68,85,89,91,120,154,159,165,212,227,233,294,299,313,318
6:40,15,26,55,57,60,61,129,175,227,241,251,306,308
7:246,22,28,85,98,104,160,169,189,210,270,315
8:125,13,37,42,55,105,171,197,210,255,278
9:262,20,89,90,96,117,127,135,167,203,231,243
10:149,13,37,109,114,189,283,313
11:109,20,34,141,145,173,204,228,243,253,257,282
12:151,21,43,99,144,169,208,261,297,298,304
13:8,10,315,17,114,148,160,164,179,227,233,234,255,277,297
14:230,29,38,65,110,112,125,182,189,194,212,236,275,284,286,306,312
15:6,266,20,21,46,65,92,157,185,244,261,275,290,294,310
16:3,58,29,71,96,100,159,197,240,310,312,314
17:4,13,159,59,77,81,89,90,104,115,129,188,191,233,268,275
18:296,26,47,84,106,122,129,162,170,210,214,228,238,252,278,292,302,311
19:239,142,151,158,159,198,222,261,292,297
20:9,11,15,154,33,44,53,62,100,124,165,177,194,215,226,239,244,256,289,299
21:3,12,15,142,33,61,126,136,178,193,196,212,238
22:2,7,248,39,61,80,193,196,198,212,226,270
23:70,153,155,192,199,202,304,306,317
24:65,71,100,131,214,225,227,265,271,277,291
25:221,29,58,92,118,163,186,210,241,250,274,313,319
26:6,18,176,43,77,101,120,132,149,186,203,224,310
27:274,32,51,94,95,100,107,128,146,208,256,277,280,311
28:7,249,34,64,65,82,140,141,172,198,204,219,234,267,289
29:14,16,25,129,78,93,100,135,158,167,235,249,288
30:5,284,39,52,74,120,155,215,226,236,256,261,278,286
31:41,37,42,49,62,130,131,202,231,253,258,301,314
32:27,306,115,123,304
33:1,20,21,78,81,116,121,170,178,223,287,313
34:11,28,116,104,124,159,172,210,239,309
35:195,40,84,102,140,183,201,250,257,260,287,312
36:104,42,92,101,153,180,194,243
37:8,10,31,58,108,114,115,165,175,207,209,238,239,284,286,287
38:14,151,49,162,179,188,222,262,300
39:1,22,30,259,65,146,166,179,217,238,313
40:6,35,194,80,90,112,171,218,250,277,304,306,312,313
41:31,67,45,48,80,88,119,120,122,143,174,176,197,203,250,251,264,270,278,318
42:8,31,36,168,50,54,55,65,69,93,120,163,190,283,314
43:12,26,197,54,71,75,95,189,231,269,283,288
44:20,96,88,94,97,106,111,136,144,158,201,221,223,233,238,277,286,304
45:4,41,148,117,121,151,162,188,215,218,225,231,232,242,253,266,274,276,310
46:15,88,102,117,126,137,171,290,302
47:18,160,64,112,116,164,206,223,238,255,257,294,301,305
48:41,177,50,75,86,101,103,105,149,158,170,211,214,233,238,239,292,294
49:31,38,273,60,66,98,103,114,185,190,202,206,275
50:42,48,159,52,77,85,105,114,132,148,200,208,274,289
51:27,242,55,93,149,213,224
52:4,5,30,50,229,61,99,103,144,202,207,234,236
53:20,108,74,101,115,120,121,125,166,176,177,178,183,235,285,300
54:42,43,225,59,149,163,174,216,243,266,289,290,293,303,315
55:6,8,42,51,303,65,74,83,86,173,182,183,186,266,296,319
56:137,102,109,121,134,186,197,208,209,215,223,229,240
57:6,181,65,71,87,99,111,129,144,156,160,204,243,290,294,301
58:0,16,25,37,104,145,182,186,187,199,204,254,259,306
59:17,54,314,103,108,198,215,265,284,298
60:6,49,212,77,87,103,104,125,157,264,282,296
61:1,6,21,22,52,256,103,125,140,236,253,283
62:20,31,206,83,109,119,125,129,130,257,296
63:157,77,83,96,132,148,232,273,289
64:28,47,191,65,112,130,151,166,208,233,240,242,267,276,302,313
65:14,15,24,28,39,42,55,57,64,182,104,110,125,131,132,163,190,192,205,220,237,256,276,293,300
66:49,108,68,88,148,177,206,219,236,258,307
67:1,41,173,115,117,119,122,126,153,253,282
68:5,66,287,89,98,104,118,148,162,190,195,234,240,255,277,304
69:42,287,171,189,231,248,315
70:23,194,117,135,152,157,184,252,254,269,270,283,284,295,304
71:0,2,16,24,43,57,79,156,180,184,233,244,267,295
72:178,86,138,140,154,216,219,234,240,250,267,302
73:193,88,92,140,142,187,214,248,272,291,294
74:30,53,55,246,78,87,88,114,124,169,178,188,237,255,286,293,319
75:43,48,120,101,111,130,138,162,184,193,216,225,229,247,280
76:211,84,195,196,207,235
77:17,26,50,60,63,79,98,176,199,255,279,298,319
78:0,29,33,74,225,98,99,111,128,140,157,164,179,213,222,240,269,283
79:71,77,256,109,116,142,143,166,198,240,252,258,274,297,316
80:22,40,41,138,133,149,182,214,242,273,311
81:17,33,168,84,88,103,152,159,181,189,198,211,291,309
82:28,111,86,89,94,112,154,164,173,176,185,223,227,254,297,306
83:55,62,63,273,89,101,105,109,137,142,157,179,186,191,209,232,314
84:3,18,35,76,81,255,128,153,180,224,226,242,248,296,319
85:3,5,7,50,295,192,253,297,301
86:48,55,72,82,262,103,126,165,218,220,222,251,254,260
87:3,57,60,74,183,119,171,187,188,195,207,230,245
88:0,3,41,44,46,66,73,74,81,127,102,103,132,150,198,212,219,227,241,274,281
89:5,9,17,68,82,83,220,119,158,181,219,227,240,259,282,286,318
90:9,17,40,319,110,199,209,210,214,216,302,305,317
91:5,192,93,116,117,140,197,204,208,215,217,264,276
92:15,25,36,73,258,127,130,135,142,143,163,174,177,184,205,228,278
93:29,42,51,91,118,102,105,117,151,174,194,216,235,262,264
94:27,44,82,120,133,186,245,282
95:27,43,113,108,118,125,130,155,230,306
96:2,9,16,44,63,283,103,131,144,149,155,156,175,189,236,267,312
97:44,219,117,153,170,174,198,199,231,283,284,308
98:7,49,68,77,78,316,146,170,188,269,271,274
99:12,52,57,78,295,108,113,131,167,184,204,226,229,256,285,286,300,303,305
100:16,20,24,27,29,124,106,115,134,152,162,181,189,197,235,254,265,297,306
101:26,36,48,53,75,83,114,109,116,119,122,128,140,153,158,162,218,240
102:0,35,46,56,88,93,164,114,178,198,238,245,273,291,297
103:48,49,52,59,60,61,81,86,88,96,212,138,140,165,171,194,200,208,222,224,237,247,258,299,303,310
104:4,7,17,34,36,58,60,65,68,299,111,147,161,168,200,201,211,238,242,272,290,301,316
105:8,48,50,83,93,110,124,265,270,294,311
106:18,44,100,122,180,200,203,204,217,226,241,263,264,292,312
107:27,309,134,162,184,186,201,216,229,242
108:37,53,59,66,95,99,215,167,170,257,263,293,303
109:10,11,56,62,79,83,101,203,110,115,125,127,158,176,183,206,212,220,258,277,293
110:2,14,65,90,105,109,159,197,221,290,305,309
111:44,57,75,78,82,104,214,172,183,194,206,276
112:14,40,47,64,82,157,180,216,220,241,293,298
113:95,99,128,201,206,238,245,247,259,261,274,288,297,308
114:10,13,37,49,50,74,101,102,158,143,160,198,208,218,242,247,255
115:17,32,37,53,67,100,109,176,127,138,142,144,158,279
116:4,33,34,47,79,91,101,281,177,181,195,203,246,254
117:9,45,46,67,70,91,93,97,282,118,125,169,195,205,219,236,251,259,267,300
118:25,68,93,95,117,262,119,122,126,140,184,204,207,238,246,249,286
119:41,62,67,87,89,101,118,189,137,151,182,225,233,235,236,239,244,245,262,264,268
120:5,26,30,41,42,53,75,94,148,133,191,211,213,248,258,268,287,294,314
121:33,45,53,56,193,137,163,255,299,307
122:18,41,67,101,106,118,296,136,176,206,215,218,237,258,302
123:0,32,179,132,151,163,209,218,253,258,282,308
124:20,34,74,100,105,211,162,166,197,244,271
125:1,8,14,53,60,61,62,65,95,109,117,205,126,211,222,284,288,313
126:21,46,67,86,118,125,159,141,143,157,178,183,209,217,221,231,258,304,319
127:9,88,92,109,115,200,129,135,155,158,160,175,186,193,227,238,269,284,297
128:0,27,78,84,101,113,211,132,140,158,196,221,227,229,237,266,277
129:6,17,18,29,57,62,127,230,157,178,179,184,193,240,261
130:0,31,62,64,75,92,95,281,203,274,278
131:24,31,65,96,99,242,161,179,187,210,239,302
132:26,50,63,65,88,123,128,222,157,209,241,249,251,271,305,313
133:2,80,94,120,245,153,171,211,215,224,250,265,304
134:56,100,107,228,140,144,153,209,224,233,246,287,309,315
135:9,29,70,92,127,283,178,201,221,235,242,261,288
136:21,44,122,188,179,189,190,197,213,218,221,227,252,253
137:46,56,83,119,121,310,146,158,181,239,254,290,313
138:72,75,80,103,115,295,183,212,218,244,263,276,299
139:307,145,175,177,181,194,231,251,282
140:28,35,61,72,73,78,91,101,103,118,128,134,244,176,177,187,193,237,298,310,311
141:11,28,126,221,220,250,260,296,299,314
142:19,21,73,79,83,92,115,147,230,231,256,267,292
143:41,79,92,114,126,229,203,220,235,247,308
144:12,44,52,57,96,115,134,275,170,190,196,198,244,247
145:11,58,139,312,186,246,259,298,304,305
146:27,39,98,137,247,210,229,233,236,242,244,289,291
147:104,142,311,165,194,240,256,281,284,308
148:13,45,50,63,66,68,120,161,173,198,225,238,271,292,310,313
149:10,26,48,51,54,80,96,293,155,174,204,258,260,263,296
150:88,283,182,201,215,226,319
151:12,19,38,45,64,93,119,123,195,177,178,196,219,251,260,261,300,312
152:70,81,100,182,175,184,192,249,260,267,281,304,314
153:23,36,67,84,97,101,133,134,158,163,172,212,237,272,289,299
154:5,20,72,82,279,164,176,211,215,275,287,303
155:23,30,95,96,127,149,310,174,183,188,199,221,245,267
156:57,71,96,280,161,203,212,263,268,271,274,276,284
157:15,60,63,70,78,83,112,126,129,132,301,191,211,249,274,279
158:19,29,44,48,89,101,109,114,115,127,128,137,153,298,182,219,220,235,247,258,259
159:5,16,17,19,34,50,81,110,126,187,168,296,297
160:7,13,47,57,114,127,235,162,166,202,309
161:104,131,148,156,275,183,190,273,286,290,302
162:18,38,45,68,75,100,101,107,124,160,210,177,191,198,215,218,229,235,245,298
163:25,42,54,65,92,121,123,153,175,183,189,243,250,274,301
164:13,47,78,82,102,154,235,192,218,255,260,262,278
165:5,20,37,86,103,147,281,174,184,213,216,239,294,300
166:39,53,64,79,124,160,168,177,184,236,248,283
167:9,29,99,108,302,176,195,213,276
168:4,42,81,104,159,166,250,173,181,210,252,258,294,298,315
169:7,12,74,117,173,183,286,301
170:18,33,48,97,98,108,144,215,176,198,200,243,244
171:8,40,46,69,87,103,133,246,213,279,293
172:28,34,111,153,296,195,204,211,237,269,284,293
173:11,55,67,82,148,168,169,264,185,210,217,221,223,254,261,282
174:41,54,92,93,97,149,155,165,282,175,202,222,266,296
175:6,37,96,127,139,152,163,174,289,185,246
176:26,41,53,77,82,109,115,122,140,154,167,170,208,215,230,258,281,285
177:20,48,53,66,92,116,139,140,151,162,166,285,191,201,240,286,306
178:21,33,53,72,74,102,126,129,135,151,229,209,230,264,274,312
179:13,38,39,78,83,123,129,131,136,293,204,214,218,220,223,251,260,262
180:36,71,84,106,112,241,188,257,301
181:57,81,89,100,116,137,139,168,191,185,218,236,278,307
182:14,55,58,65,80,119,150,152,158,308,191,229,235
183:35,53,55,87,109,111,126,138,155,161,163,169,230,194,233,242,256,303
184:4,70,71,75,92,99,107,118,129,152,165,166,268,210,214,230,243,255,307
185:15,49,82,173,175,181,222,252,291
186:25,26,55,56,58,83,94,107,127,145,241,202,203,218,250,262,268,301,308,311
187:58,73,87,131,140,159,226,219,224,227,238,245,263,312
188:17,38,45,74,87,98,136,155,180,314,213,232,242,263,284,290
189:7,10,14,43,69,81,96,100,119,136,163,305,195,246,253,269,271,307,314,318
190:42,49,65,68,136,144,161,205,204,212,239,244,268,280
191:17,64,83,120,157,162,177,181,182,270,197,222,276,278,283,293,297
192:1,23,65,85,91,152,164,273,211,224,225,227,235,248
193:21,22,73,75,121,127,129,140,197,198,202,266,284,285
194:0,14,20,36,40,70,93,103,111,139,147,183,257,240,255,258,273
195:35,68,76,87,116,117,151,167,172,189,276,241,248,260,268,277,304
196:21,22,76,128,144,151,208,202,213,289,300
197:8,16,41,43,56,91,100,110,124,136,191,193,252,225,270,271,282,297
198:19,22,28,59,79,81,88,97,102,114,144,148,162,170,193,224,203,236,296,299,311
199:23,58,77,90,97,155,235,207,224,252,275,278,283,305
200:50,103,104,106,127,170,232,238,253,307,308,314
201:35,44,104,107,113,135,150,177,240
202:23,31,49,52,160,174,186,193,196,234,214,262,269
203:9,26,41,106,109,116,130,143,156,186,198,217,206,212,214,221,262,266,270,302,317
204:1,11,28,57,58,91,99,106,118,149,172,179,190,319,227,247,255,286,292,314
205:65,92,117,125,190,223,219,245,262,270,277,305
206:47,49,62,66,109,111,113,122,203,313,226,238,281,291,312
207:37,52,76,87,118,199,242,222,233,303,308
208:12,27,50,56,64,91,103,114,176,196,233,223,229,268
209:2,37,56,83,90,123,126,132,134,178,230,218,222
210:7,8,18,25,34,90,131,146,162,168,173,184,232,228,265,269,301,302
211:48,76,81,104,120,124,125,128,133,154,157,172,192,216,221,269,279,318
212:5,14,21,22,60,88,103,109,138,153,156,190,203,318,246,280,281,289
213:51,78,120,136,165,167,171,188,196,222,245,262,292,307
214:18,24,48,73,80,90,111,179,184,202,203,311,269,271,294,299,301
215:20,30,45,56,59,91,108,122,133,150,154,162,170,176,264,217,276,284,286,288,293,306
216:54,72,75,90,93,107,112,165,211,260,239,257,294,295,296,300,306
217:39,91,106,126,173,203,215,266,251,267,294,305
218:1,5,40,45,86,101,114,122,123,136,138,162,164,179,181,186,209,250,234,241,245,246,286,288,289,291
219:28,66,72,88,89,97,117,151,158,187,205,245,236,274,286,296,319
220:4,65,86,89,109,112,141,143,158,179,230,268,279,304
221:25,44,110,126,128,135,136,141,155,173,203,211,267,222,249,264,282,296,314
222:3,19,38,78,86,103,125,132,174,185,191,207,209,213,221,238,235,252,277
223:33,44,47,56,82,173,179,205,208,305,291,316
224:26,51,84,103,133,134,187,192,198,199,253,301
225:24,45,54,75,78,119,148,192,197,226,255,300
226:3,20,22,30,84,99,106,150,187,206,225,238,285,293,298,319
227:5,6,13,24,82,88,89,127,128,136,187,192,204,235,238,292
228:11,18,92,134,210,233,264,273,301,302
229:52,56,75,99,107,128,143,146,162,178,182,208,319,254,281,306,308
230:0,14,87,95,129,142,176,178,183,184,209,220,306,237,238,251,258,307,311
231:9,31,43,45,69,97,126,139,142,235,257,278,304,309,316
232:45,63,83,188,200,210,307,316
233:3,5,13,17,44,48,64,71,119,134,146,183,207,208,228,275,240,263,284,288
234:13,28,52,68,72,202,218,244,249,251,262,300
235:29,53,76,93,100,119,135,143,158,160,162,164,182,192,199,222,227,231,272,246,276,277,285
236:14,30,52,61,66,96,117,119,146,166,181,198,219,304,244,248,262,276,287,289,301
237:65,74,103,122,128,140,153,172,230,307,287,293
238:4,18,21,37,39,44,47,48,102,104,113,118,127,148,187,200,206,222,226,227,230,286
239:19,20,34,37,48,119,131,137,165,190,216,296,243,297
240:16,56,64,68,72,78,79,89,101,129,147,177,194,201,233,284,268,292,296,306
241:6,25,88,106,112,132,180,186,195,218,290,255,259,275,280
242:45,51,64,80,84,104,107,114,131,135,146,183,188,207,292,252,257,273,276
243:9,11,36,54,57,163,170,184,239,287,246,269,316
244:15,20,71,119,124,138,140,144,146,170,190,234,236,263,248,268,296,303
245:87,94,102,113,119,133,155,162,187,205,213,218,219,295,271,280,285,307,313
246:0,7,74,116,118,134,145,171,175,189,212,218,235,243,285
247:75,103,113,114,143,144,146,158,204,265,248,276,293,311,313
248:22,69,73,84,120,166,192,195,236,244,247,263
249:28,29,118,132,152,157,221,234,278,259,260,261,276,319
250:25,35,40,41,72,133,141,163,168,186,218,276,278,283,302,316
251:6,41,86,117,132,139,151,179,217,230,234,310,312
252:18,70,79,136,168,185,197,199,222,242,291,260,267
253:11,31,45,61,67,85,123,136,189,200,224,263,268,289,293,296,310
254:58,70,82,86,100,116,137,173,229,293,285
255:8,13,47,68,74,77,84,114,121,164,184,194,204,225,241,296,273,280,307
256:20,27,30,61,65,79,99,142,147,183,267,257
257:11,35,47,62,108,180,194,216,231,242,256,305,264,287,304
258:4,31,66,79,92,103,109,120,122,123,126,149,158,168,176,194,230,314,286,288
259:39,58,89,113,117,145,158,241,249,261,273,288,315
260:3,35,86,141,149,151,152,164,179,195,216,249,252,290,262,264,296
261:12,15,19,30,113,129,135,151,173,249,259,267,315
262:9,38,86,93,118,119,164,179,186,202,203,205,213,234,236,260,298
263:106,108,138,149,156,187,188,233,244,248,253,271,277,285,305
264:3,41,60,91,93,106,119,173,178,215,221,228,257,260,303
265:24,59,100,105,133,210,247,314,279,313
266:15,45,54,55,128,174,193,203,217,267,275,276,291,297,300,314
267:28,64,71,72,96,117,142,152,155,217,221,252,256,261,266,319
268:17,119,120,156,184,186,190,195,208,220,240,244,253,298,295,317
269:43,70,78,98,127,172,189,202,210,211,214,243,299,304,317
270:7,22,41,70,105,191,197,203,205,316,282,296,298,304,305,312
271:24,98,124,132,148,156,189,197,214,245,263,313,279,284,312
272:73,104,153,235,293,305
273:4,49,63,80,83,102,161,192,194,228,242,255,259,301,277,282,303,310,312
274:25,27,45,50,79,88,98,113,130,156,157,163,178,219,296,275
275:14,15,17,49,144,154,161,199,233,241,266,274,281,283,287,303,310
276:45,64,65,91,111,138,156,167,191,195,215,235,236,242,247,249,250,266,287,280,288
277:13,24,27,40,44,68,109,128,195,205,222,235,263,273,304,279,282
278:8,18,30,41,92,130,164,181,191,199,231,249,250,315,308
279:3,77,115,154,157,171,211,220,265,271,277,301,307
280:27,75,156,190,212,241,245,255,276,287,307,318
281:88,116,130,147,152,165,176,206,212,229,275,313,286,287
282:11,60,67,89,94,117,123,139,173,174,197,221,270,273,277,315,283,286,297
283:4,10,42,43,61,70,78,96,97,135,150,166,191,199,250,275,282,292
284:14,30,37,59,70,97,125,127,147,156,172,188,193,215,233,240,271,297,301
285:53,99,176,177,193,226,235,245,246,254,263,289,300
286:14,30,37,44,74,89,99,118,161,169,177,204,215,218,219,238,258,281,282,312,310
287:0,4,33,35,37,68,69,120,134,154,236,237,243,257,275,276,280,281,293
288:1,29,43,113,125,135,215,218,233,258,259,276,307,297,309
289:20,28,50,54,63,146,153,175,196,212,218,236,253,285,292
290:15,46,54,57,104,110,137,161,188,241,260,297,294,304
291:24,73,81,102,146,185,206,218,223,252,266,299,311
292:3,18,19,48,106,142,148,204,213,227,240,242,283,289,314,306,317
293:1,54,65,74,108,109,112,149,171,172,179,191,215,226,237,247,253,254,272,287,319,318
294:5,15,47,48,57,73,105,120,165,168,214,216,217,290,295
295:70,71,85,99,138,216,245,268,294,318
296:18,55,60,62,84,122,141,149,159,172,174,198,216,219,221,239,240,244,253,255,260,270,274,306
297:12,13,19,79,82,85,100,102,113,127,159,191,197,239,266,282,284,288,290,319,313
298:12,59,77,112,140,145,158,162,168,226,262,268,270,314
299:5,20,103,104,121,138,141,153,198,214,269,291,310
300:0,38,53,65,99,117,151,165,196,216,225,234,266,285,318
301:31,47,57,85,104,157,163,169,180,186,210,214,224,228,236,273,279,284,310,302
302:18,46,64,72,90,122,131,161,167,203,210,228,250,301,319,314
303:54,55,99,103,108,154,183,207,244,264,273,275,318
304:0,12,23,32,40,44,68,70,126,133,145,152,195,220,231,236,257,269,270,277,290,313,315
305:47,90,99,110,132,145,189,199,205,217,223,257,263,270,272,307
306:6,14,23,32,40,58,82,95,100,177,215,216,229,230,240,292,296,314,308
307:66,121,139,181,184,189,200,213,230,232,237,245,255,279,280,288,305,319,310
308:2,6,97,113,123,143,147,182,186,200,207,229,278,306,319,315
309:34,81,107,110,134,160,231,288,317
310:15,16,26,45,103,137,140,148,155,251,253,273,275,286,299,301,307,314
311:18,27,80,105,140,147,186,198,214,230,247,291,316
312:14,16,35,40,96,106,145,151,178,187,206,251,270,271,273,286,318
313:5,10,25,33,39,40,64,125,132,137,148,206,245,247,265,271,281,297,304,319,318
314:16,31,42,59,83,120,141,152,188,189,200,204,221,258,265,266,292,298,302,306,310,319
315:7,13,54,69,134,168,259,261,278,282,304,308,316
316:79,98,104,223,231,232,243,250,270,311,315,317
317:23,90,203,268,269,292,309,316,318
318:5,41,89,189,211,212,280,293,295,300,303,312,313,317,319
319:3,25,55,74,77,84,90,126,150,204,219,226,229,249,267,293,297,302,307,308,313,314,318
