0:378,2,4,27,31,42,74,90,197,198,209,222,245,328,342,346,368,372
1:73,3,12,30,96,107,132,144,165,172,207,223,241,244,261,271,285,317,332,339,351
2:0,107,80,89,136,137,164,165,180,183,198,202,219,247,257,259,261,303,318,353
3:1,85,13,76,82,109,127,147,158,209,212,221,262,269,290,300,314,319,334
4:0,148,22,36,40,75,88,95,96,145,157,175,183,203,208,219,246,269,284,310,325,356,367,375
5:214,7,9,80,91,96,117,125,129,285,291,305,331,344,354,376
6:78,46,56,66,73,112,133,159,174,179,204,231,237,248,315,325,341,353,386
7:5,360,21,32,58,60,120,130,155,209,216,238,268,270,295,337
8:220,60,78,83,87,97,113,131,154,192,193,199,219,221,243,250,252,278,311,319,365
9:5,74,15,25,46,60,81,84,109,131,146,201,204,232,240,262,271,331,338,359,375
10:373,36,43,56,80,92,120,143,215,239,243,253,306,383
11:160,26,44,50,69,73,76,87,101,109,114,133,141,161,162,165,177,205,221,273,279,280,284,343,360,374
12:1,231,18,43,91,97,101,156,160,183,195,201,208,217,221,240,276,317,351,359,385
13:3,113,29,46,80,94,95,123,148,182,276,294,296,301,350,371,377,379,385
14:229,30,32,45,64,82,111,132,188,259,265,280,327,383
15:9,109,64,78,93,176,178,199,214,252,260,265,282,299,316
16:236,30,75,77,84,97,155,170,190,209,222,228,264,277,301,325,334,339,345,356,373
17:89,34,59,65,115,128,148,157,166,213,222,242,244,256,341,367
18:12,185,19,23,61,92,104,112,131,138,139,142,171,222,228,332,339,370,378
19:18,188,21,25,28,53,115,125,126,130,134,160,161,162,176,184,199,202,208,229,246,273,278,289,292,354
20:371,29,40,43,53,58,72,95,111,139,140,145,203,220,223,233,238,243,252,260,299,305,340,350,352,381
21:7,19,175,22,24,31,78,79,94,97,148,171,182,190,192,197,226,259,260,279,351,363,367
22:4,21,78,62,66,73,120,139,144,166,169,187,192,218,234,319,345,347,377
23:18,262,92,97,119,136,184,187,241,248,252,280,309,354,373,386
24:21,290,84,99,139,151,161,177,183,218,229,231,238,261,286,293,357,373,380
25:9,19,377,62,85,102,127,132,163,176,180,190,192,230,236,253,263,266,269,302,308,312,344,362
26:11,73,35,60,66,94,103,108,116,121,144,154,181,199,224,257,276,292,313,315,341,349,355,359,379,381
27:0,216,35,43,46,75,86,93,105,177,187,197,201,205,228,276,302,305,314,330,350,383
28:19,276,59,68,75,117,127,142,169,208,231,234,244,265,273,284,316,317,388
29:13,20,163,59,69,71,72,84,125,180,208,237,246,254,287,288,292,309,316,329,354,371,378,388
30:1,14,16,218,51,57,76,83,90,92,129,141,151,160,170,219,233,256,274,279,280,299,304,315,326,331,342,344
31:0,21,64,48,69,74,91,95,138,156,176,207,216,221,252,256,281,307,320,333,366
32:7,14,335,40,44,56,76,80,86,100,120,133,143,149,154,166,168,180,195,213,250,275,276,282,322,369
33:74,88,89,90,166,183,189,216,278,280,305,321,371
34:17,258,44,47,57,73,118,121,122,163,189,217,263,290,339,369
35:26,27,387,64,80,90,98,130,174,190,225,236,267,303,356
36:4,10,150,73,76,90,102,124,163,192,207,235,259,265,281,310,351,362,371
37:146,41,51,58,68,72,82,137,139,170,175,193,201,202,211,249,268,278,382
38:291,39,47,50,78,82,109,110,127,225,227,254,263,268,281,340,341
39:38,297,42,66,68,224,227,231,232,242,246,253,263,287,289,294,305,321,322,325,328,339,352,369,375
40:4,20,32,307,42,51,57,73,107,126,138,155,163,176,196,198,202,212,243,310,327,368,384
41:37,322,59,79,94,100,120,148,149,173,186,213,229,274,314,374,380
42:0,39,40,100,84,90,114,121,132,159,234,236,339,340,372
43:10,12,20,27,134,91,115,124,142,152,181,184,211,215,247,264,285,309,313,333,334,344,378
44:11,32,34,330,50,52,63,72,83,89,110,132,146,156,171,208,251,252,278,279,286,337,351,352,372
45:14,348,61,73,78,96,114,124,125,198,239,257,274,279,285,317,323,378,383
46:6,9,13,27,221,52,71,128,150,186,204,232,241,252,305,351,362
47:34,38,92,110,132,165,227,228,282,285,298,355,360,378,379,380
48:31,182,55,70,77,121,141,149,154,198,231,338,346,348,366,389
49:373,57,97,112,138,155,177,218,253,321,337,339
50:11,38,44,214,51,98,99,109,158,184,186,230,239,257,259,262,266,272,293,307,323,354
51:30,37,40,50,340,65,80,132,151,154,190,207,208,211,215,220,307,317,325
52:44,46,108,67,99,101,113,114,139,157,174,180,183,186,187,215,266,300,306,322,330
53:19,20,327,61,69,81,83,87,96,106,109,131,170,179,250,271,288,295,315,325,367
54:286,61,74,79,89,90,138,159,172,212,221,232,262,278,281,339,383
55:48,96,74,91,117,125,134,151,172,180,199,245,252,262,270,305,333
56:6,10,32,368,98,114,137,155,156,170,179,185,189,191,193,276,304,345,353,357,365,373
57:30,34,40,49,243,73,115,126,140,144,146,148,157,175,214,219,229,242,260,312,337
58:7,20,37,216,103,106,107,131,133,135,142,215,232,240,249,277,280,284,310,314,319,380
59:17,28,29,41,96,75,76,108,147,165,181,185,194,228,234,238,257,278,299,319,353,363,367
60:7,8,9,26,385,75,93,99,107,110,119,147,167,209,230,240,280,296,297,306,347,376
61:18,45,53,54,92,102,106,157,169,250,252,293,302,324,353,357,359,367,388
62:22,25,241,75,94,96,104,124,249,266,346,348,352,365,370,375
63:44,222,70,80,99,134,137,160,169,192,254,258,259,264,272,279,283,301,304,350
64:14,15,31,35,291,81,90,118,129,153,183,188,191,207,221,222,238,270,298,311,329,388
65:17,51,312,80,140,147,187,223,231,238,269,270,278,282,311,315,328,353,371,384,386,388
66:6,22,26,39,102,84,110,159,243,244,255,267,343,373,378,382
67:52,256,79,86,89,91,92,123,135,185,217,229,262,292,350,352
68:28,37,39,348,83,98,109,153,174,195,199,203,207,221,240,257,270,284,287,313
69:11,29,31,53,373,97,125,127,146,148,149,172,186,192,228,231,247,295,300,365,378,383
70:48,63,210,95,96,100,108,110,133,158,171,181,192,219,231,242,275,279,288,323,346,351,375,379,389
71:29,46,368,79,82,94,99,107,118,122,148,207,236,241,242,255,258,263,278,284,332,362,366,378,386
72:20,29,37,44,102,95,104,105,111,114,155,218,219,222,240,269,316,330
73:1,6,11,22,26,34,36,40,45,57,375,75,124,135,172,250,335,343,363,377,387
74:0,9,31,33,54,55,297,100,112,117,132,150,174,203,231,239,281,299,314,385
75:4,16,27,28,59,60,62,73,312,97,116,124,143,181,206,218,254,266,274,307,322,354,370
76:3,11,30,32,36,59,191,80,118,120,164,169,193,197,222,234,262,287,288,293,294,316,357,377
77:16,48,137,79,89,104,106,108,111,112,125,151,179,221,239,256,283,306,357,361,368,371
78:6,8,15,21,22,38,45,235,100,191,214,233,276,281,321,332,350,361,367,383
79:21,41,54,67,71,77,245,84,125,138,170,196,202,212,219,320,363,386
80:2,5,10,13,32,35,51,63,65,76,374,101,121,159,170,200,214,215,233,240,268,282,293,295,344,352,354,368
81:9,53,64,295,134,146,156,162,205,222,225,256,277,310,333,349,382
82:3,14,37,38,71,278,127,132,147,246,268,283,293,309,329,352,372
83:8,30,44,53,68,175,89,92,103,138,164,237,247,285,360,367,372
84:9,16,24,29,42,66,79,330,109,130,162,219,264,274,300,342,348,353,357,371,374,388
85:3,25,337,87,96,108,249,317,340,346,361,373,375,378
86:27,32,67,193,87,125,147,162,175,204,245,267,297,300,301,362,373,388
87:8,11,53,85,86,315,91,122,133,138,173,190,195,212,229,235,256,257,284,313,318,323,330,351,365,369,374
88:4,33,303,166,190,225,233,252,279,293,316,322,332,375
89:2,17,33,44,54,67,77,83,147,114,129,149,168,179,185,241,248,254,269,270,287,295,349,360,380,385
90:0,30,33,35,36,42,54,64,175,114,116,124,154,225,239,281,283,309,322,324,356,363,368
91:5,12,31,43,55,67,87,161,97,101,127,189,222,239,259,266,277,302,315,328,375,384
92:10,18,23,30,47,61,67,83,256,97,106,117,132,173,176,249,271,315,330,349,376
93:15,27,60,257,200,212,227,258,265,310,319,369,385
94:13,21,26,41,62,71,134,100,150,160,173,196,216,243,261,266,278,286,296,300,307,311,316,325,354,363
95:4,13,20,31,70,72,181,126,127,152,159,168,191,204,232,233,237,238,243,248,264,289,361,374
96:1,4,5,45,53,55,59,62,70,85,262,109,167,172,177,185,186,196,207,208,249,256,261,282,287,294,299,306,344,379,385
97:8,12,16,21,23,49,69,75,91,92,344,98,106,120,122,128,134,138,150,158,179,184,185,208,210,215,218,283,287,292,303,306,311
98:35,50,56,68,97,268,117,126,129,136,168,173,250,251,256,261,271,294,299,308,317,329,334,346,378,387
99:24,50,52,60,63,71,269,127,248,266,310,311,316,322,352
100:32,41,42,70,74,78,94,348,111,139,143,146,148,232,283,293,335,338,343,349,350,377
101:11,12,52,80,91,202,113,125,145,157,171,207,213,241,269,322,355
102:25,36,61,66,72,343,117,142,150,177,190,202,208,209,212,215,243,244,255,271,377
103:26,58,83,371,113,116,169,185,200,208,319,343,350,354,368
104:18,62,72,77,186,105,169,211,224,230,247,276,277,295,318,359,384
105:27,72,104,192,116,122,155,160,167,187,191,193,211,235,248,343,371
106:53,58,61,77,92,97,127,145,170,173,174,205,230,231,233,251,252,267,277,298,338,363
107:1,2,40,58,60,71,273,139,149,154,163,170,221,222,245,275,289,298,316,330,332,345,351,379
108:26,52,59,70,77,85,352,109,165,179,204,252,267,326,358
109:3,9,11,15,38,50,53,68,84,96,108,322,110,116,132,149,157,158,185,228,290,300,324,349,352,364,388
110:38,44,47,60,66,70,109,211,135,142,192,233,252,270,274,278,285,290,292,352
111:14,20,72,77,100,124,116,120,123,151,172,238,242,245,303,307,348,369
112:6,18,49,74,77,388,121,129,155,176,182,183,187,188,202,225,243,256,267,279,293,340,348,374,386
113:8,13,52,101,103,385,152,182,187,196,206,210,265,268,290,293,372,373
114:11,42,45,52,56,72,89,90,153,119,180,186,203,237,248,264,273,294,298,320,349,377
115:17,19,43,57,240,120,154,159,263,270,277,287,314,343,349,351,353,366,388
116:26,75,90,103,105,109,111,382,142,145,232,239,252,297,304,324,337,373,378
117:5,28,55,74,92,98,102,242,171,188,195,203,232,258,270,294,295,317,326,331,337,349,356
118:34,64,71,76,194,132,133,155,168,182,187,190,250,253,262,287,294,297,317,347,351,362,386,388
119:23,60,114,345,142,144,148,165,186,198,332,359
120:7,10,22,32,41,76,97,111,115,334,167,211,223,247,257,263,282,302,303,324,326,329,331,332,336,340,348,349
121:26,34,42,48,80,112,282,123,125,139,200,229,234,251,263,312,344,353,354,371
122:34,71,87,97,105,255,133,161,163,176,181,192,213,220,239,247,248,278,286,290,295,296,315,339,376,388
123:13,67,111,121,256,142,209,270,326,359,371
124:36,43,45,62,73,75,90,111,125,161,180,187,198,218,241,289,309,333,341,351,355,357,366,367,374
125:5,19,29,45,55,69,77,79,86,101,121,124,259,147,150,152,161,168,203,205,230,302,320,341,350,386
126:19,40,57,95,98,232,162,186,205,237,261,275,280,282,317
127:3,25,28,38,69,82,91,95,99,106,370,150,164,177,192,208,230,237,253,302,320,343,353,374
128:17,46,97,181,131,132,204,235,240,251,301,366,380,381
129:5,30,64,89,98,112,268,147,151,186,205,214,238,251,286,307,310,329,352
130:7,19,35,84,143,131,135,140,149,174,182,241,247,252,260,305,322,332,357,371,377,378
131:8,9,18,53,58,128,130,334,142,164,169,177,186,212,216,276,283,288,297,300,319,327,340,344,347,377
132:1,14,25,42,44,47,51,74,82,92,109,118,128,240,144,177,231,244,285,306,313,359
133:6,11,32,58,70,87,118,122,364,146,163,186,195,198,204,225,229,232,235,261,311,316,329,348,353,361,371,386
134:19,43,55,63,81,94,97,225,197,211,245,253,262,285,286,336,385,386
135:58,67,73,110,130,355,196,199,251,274,285,298,321,343,345,351,366
136:2,23,98,351,143,146,148,164,187,203,237,238,256,267,288,291,308,346,354
137:2,37,56,63,77,223,190,193,195,255,288,312,314,334,360
138:18,31,40,49,54,79,83,87,97,273,141,175,187,245,247,252,261,267,272,291,295,304,313,324,347,352,376
139:18,20,22,24,37,52,100,107,121,241,183,192,194,277,290,322
140:20,57,65,130,332,180,185,206,232,237,266,299,300,321,325,326,349,365,369,378
141:11,30,48,138,240,188,232,254,289,346,347,382
142:18,28,43,58,102,110,116,119,123,131,214,147,160,181,203,271,281,288,302,310,312,317,318,340,361,388
143:10,32,75,100,130,136,361,163,172,173,175,197,198,214,228,280,282,301,302,304,311,341,359,372
144:1,22,26,57,119,132,242,189,208,211,221,244,267,286,300,316,329,330,363,365,387
145:4,20,101,106,116,353,149,167,194,225,230,236,288,339,358
146:9,37,44,57,69,81,100,133,136,256,150,153,166,170,192,208,212,215,225,233,299,315,333,378
147:3,59,60,65,82,86,89,125,129,142,316,148,160,203,211,231,243,246,263,292,297,301,306,334,364,365
148:4,13,17,21,41,57,69,71,100,119,136,147,304,192,197,205,228,271,282,283,309,323,325,336,340,351,360,366
149:32,41,48,69,89,107,109,130,145,250,197,217,218,225,253,269,286,290,312,313,381
150:36,46,74,94,97,102,125,127,146,383,163,197,259,260,261,304,330,350,351,357,380
151:24,30,51,55,77,111,129,196,187,275,308,313,325,365
152:43,95,113,125,381,209,211,221,234,284,333,363,378
153:64,68,114,146,327,174,216,230,231,240,264,273,278,300,305,360,363
154:8,26,32,48,51,90,107,115,290,162,175,179,224,229,231,247,258,280,284,305,356,379
155:7,16,40,49,56,72,105,112,118,311,176,191,193,259,262,306,322,335,346,369,378,387
156:12,31,44,56,81,242,183,192,239,248,273,298,313,324,347,350,353,356,374
157:4,17,52,57,61,101,109,216,158,159,181,194,207,224,225,242,256,284,291,306,309,317,332,355,365
158:3,50,70,97,109,157,326,163,187,199,230,247,253,297,299,317,322,337,350,363,370,372
159:6,42,54,66,80,95,115,157,164,167,184,191,239,251,304,306,332,341,381
160:11,12,19,30,63,94,105,142,147,310,222,229,234,249,250,261,281,300,332,338,343
161:11,19,24,91,122,124,125,250,199,209,228,229,230,232,240,247,295,348,349,368,370
162:11,19,81,84,86,126,154,200,167,184,199,233,267,271,297,319,328,344,350,358,384,385
163:25,29,34,36,40,107,122,133,143,150,158,276,167,170,200,209,223,253,289,311,328,330,339,342
164:2,76,83,127,131,136,159,312,170,176,196,202,255,260,264,270,290,311,327,333,376
165:1,2,11,47,59,108,119,305,166,189,257,307,345,346,368,373
166:17,22,32,33,88,146,165,356,171,235,244,245,276,287,299,317,321,346,348,350,383
167:60,96,105,120,145,159,162,163,204,173,181,182,206,229,234,270,277,330,343,374
168:32,89,95,98,118,125,180,207,216,234,254,264,281,290,334,340,347,348,371,377
169:22,28,61,63,76,103,104,131,215,173,179,186,202,258,271,320,359,377
170:16,30,37,53,56,79,80,106,107,146,163,164,352,172,185,199,212,230,232,293,297,311,326,344
171:18,21,44,70,101,117,166,172,186,246,257,289,290,325,372
172:1,54,55,69,73,96,111,143,170,171,174,207,274,306,324,333,370,371,372
173:41,87,92,94,98,106,143,167,169,267,177,181,201,204,206,269,291,296,329,331,344,354
174:6,35,52,68,74,106,130,153,172,313,200,201,207,217,224,238,241,257,271,278,294,295,305,319,330
175:4,21,37,57,83,86,90,138,143,154,304,191,219,255,270,278,343,358,361,367
176:15,19,25,31,40,92,112,122,155,164,299,186,221,271,275,281,297,301,304,316,342,346,356,370
177:11,24,27,49,96,102,127,131,132,173,326,188,193,207,216,233,240,254,273,306,307,322,329,342,350,364,366,376
178:15,184,219,231,261,265,268,283,301,311,322,325,329,330,332,339,358
179:6,53,56,77,89,97,108,154,169,271,197,204,216,220,251,308,352,376
180:2,25,29,32,52,55,114,124,140,168,264,215,250,260,278,335,346,355
181:26,43,59,70,75,95,122,128,142,157,167,173,267,202,259,260,285,298,347,374,379
182:13,21,48,112,113,118,130,167,209,188,213,241,289,303,313,315,324,366
183:2,4,12,24,33,52,64,112,139,156,375,185,201,283,285,295,299,300,305,317,345,355,370,379,382
184:19,23,43,50,97,159,162,178,341,216,251,274,275,332,381
185:18,56,59,67,89,96,97,103,109,140,170,183,329,197,207,209,234,260,266,287,311,331
186:41,46,50,52,69,96,104,114,119,126,129,131,133,169,171,176,309,228,249,254,271,274,277,288,328,334,387
187:22,23,27,52,65,105,112,113,118,124,136,138,151,158,213,191,232,233,234,242,244,266,277,312,332,333,341,354
188:14,19,64,112,117,141,177,182,368,219,220,247,248,251,278,316,322,335,344,350,359,370
189:33,34,56,91,144,165,255,190,191,206,241,272,273,292,294,302,304,314,337,341,363,377,380
190:16,21,25,35,51,87,88,102,118,137,189,223,192,218,228,261,275,293,294,346,363
191:56,64,76,78,95,105,155,159,175,187,189,218,204,221,228,249,250,268,290,306,318,347,352,360,388
192:8,21,22,25,36,63,69,70,105,110,122,127,139,146,148,156,190,387,211,216,248,262,263,318,340,378,384
193:8,37,56,76,86,105,137,155,177,328,224,240,244,251,256,273,290,322,369,372,381
194:59,118,139,145,157,255,227,228,254,268,270,288,300,310,336,341,351,355,375,382
195:12,32,68,87,117,133,137,370,202,217,225,247,257,260,276,288,293,358
196:40,79,94,96,113,135,151,164,278,205,215,220,284,298,341,345
197:0,21,27,76,134,143,148,149,150,179,185,298,215,229,232,235,245,260,265,267,315,372,386
198:0,2,40,45,48,119,124,133,143,380,215,217,237,242,267,287,321,348,350
199:8,15,19,26,55,68,135,158,161,162,170,218,211,227,239,254,290,296,306,312,315,326,366,377
200:80,93,103,121,162,163,174,233,208,220,229,230,258,262,281,311,319,330,357,360,372,388
201:9,12,27,37,173,174,183,256,260,265,292,294,307,348,380,383
202:2,19,37,40,79,101,102,112,164,169,181,195,343,210,228,248,264,296,308,330,333,334,379
203:4,20,68,74,114,117,125,136,142,147,313,209,210,258,261,317,321,323,334,362,373,385
204:6,9,46,86,95,108,128,133,167,173,179,191,292,208,232,235,250,258,275,317
205:11,27,81,106,125,126,129,148,196,256,213,258,270,301,342,367,368,382
206:75,113,140,167,173,189,211,209,239,244,270,273,291,312,340,366,372,373
207:1,31,36,51,64,68,71,96,101,157,168,172,174,177,185,213,217,219,222,247,268,272,337,354
208:4,12,19,28,29,44,51,96,97,102,103,127,144,146,200,204,301,217,226,261,274,279,306,362,371,380,386
209:0,3,7,16,60,102,123,152,161,163,182,185,203,206,253,232,234,256,284,312,362,364,380
210:70,97,113,202,203,222,212,235,243,262,280,283,284,295,312,339,348,372,387
211:37,43,51,104,105,110,120,134,144,147,152,192,199,206,245,244,258,267,286,306,324,343,346,353
212:3,40,54,79,87,93,102,131,146,170,210,319,220,279,293,339,345,348,353,359,361,382
213:17,32,41,101,122,182,187,205,207,361,242,279,298,369,386
214:5,15,50,57,78,80,129,142,143,270,247,256,278,323,335,336,343,363
215:10,43,51,52,58,80,97,102,146,169,180,196,197,198,300,217,220,233,254,262,276,280,345,368,370,372,383
216:7,27,31,33,58,94,131,153,157,168,177,179,184,192,342,234,235,288,311,318,326,348
217:12,34,67,149,174,195,198,207,208,215,268,235,298,299,325,327,339,351,355,366
218:22,24,30,49,72,75,97,124,149,190,191,199,313,264,291,325,345,359,367,374,381,382
219:2,4,8,30,57,70,72,79,84,175,178,188,207,366,220,240,244,247,273,288,292,307,318,349,353,372
220:8,20,51,122,179,188,196,200,212,215,219,326,258,267,275,314,336,368,375,385,388
221:3,8,11,12,31,46,54,64,68,77,107,144,152,176,191,336,238,251,268,269,273,277,301,312,357,365,381,386,388
222:0,16,17,18,63,64,72,76,81,91,107,160,207,210,316,226,239
223:1,20,65,120,137,163,190,259,232,276,282,287,294,344,364,371
224:26,39,104,154,157,174,193,230,283,288,314,325,334,378
225:35,38,81,88,90,112,133,134,145,146,149,157,195,378,262,263,284,306,367
226:21,208,222,387,250,256,282,303,362
227:38,39,47,93,194,199,304,243,265,269,279,300,315,318,351
228:16,18,27,47,59,69,109,143,148,161,186,190,191,194,202,364,248,266,273,303,305,323,326,375
229:14,19,24,41,57,67,87,121,133,154,160,161,167,197,200,232,242,250,253,350,357,376,383
230:25,50,60,104,106,125,127,145,153,158,161,170,200,224,347,249,270,297,308,320,322,337,339,371
231:6,12,24,28,39,48,65,69,70,74,106,132,147,153,154,178,263,243,246,312,314,348,349
232:9,39,46,54,58,95,100,116,117,126,133,140,141,161,170,187,197,204,209,223,229,325,258,298,323
233:20,30,78,80,88,95,106,110,146,162,177,187,200,215,387,252,256,261,273,290,322,353
234:22,28,42,59,76,121,152,160,167,168,185,187,209,216,304,236,244,286,313,325,326,334,353,356,370,376
235:36,78,87,105,128,133,166,197,204,210,216,217,358,270,276,280,297,376,384
236:16,25,35,42,71,145,234,292,258,265,268,272,275,286,372,385
237:6,29,83,95,114,126,127,136,140,198,263,243,249,252,258,260,303,348,354,369,370
238:7,20,24,59,64,65,95,111,129,136,174,221,331,241,252,255,270,290,297,334,342,360,374,378
239:10,45,50,74,77,90,91,116,122,156,159,199,206,222,283,272,294,300,351,368,389
240:9,12,58,60,68,72,80,115,128,132,141,153,161,177,193,219,268,306,346,351,379,387
241:1,23,46,62,71,89,101,124,130,139,174,182,189,238,348,244,354,356,363,377
242:17,39,57,70,71,111,117,144,156,157,187,198,213,229,368,271,278,374,377,382
243:8,10,20,40,57,66,94,95,102,112,147,210,227,231,237,290,270,298,308,349,359,360
244:1,17,28,66,102,132,144,166,187,193,206,211,219,234,241,269,246,369
245:0,55,79,86,107,111,134,138,166,197,211,345,288,356,363
246:4,19,29,39,82,147,171,231,244,272,251,281,302,304,308,323,340
247:2,43,69,83,104,120,122,130,138,154,158,161,188,195,207,214,219,350,257,289,300,302,309,321,344,371,386,387
248:6,23,89,95,99,105,114,122,156,188,192,202,228,339,262,274,305,325,330,363,372
249:37,58,62,85,92,96,160,186,191,230,237,339,296,311,333
250:8,32,53,61,73,98,118,149,160,161,180,191,204,226,229,283,266,282,319,366,384
251:44,98,106,121,128,129,135,159,179,184,188,193,221,246,317,295,363
252:8,15,20,23,31,44,46,55,61,88,106,108,110,116,130,138,233,237,238,313,268,339,340,342,383
253:10,25,39,49,118,127,134,149,158,163,209,229,291,259,261,285,292,295,300,309,318,343,357,364,365
254:29,38,63,75,89,141,168,177,186,194,199,215,341,255,342,344,350,351,380
255:66,71,102,122,137,164,175,189,194,238,254,287,265,269,274,277,297,314,331,337,343,344
256:17,30,31,67,77,81,87,92,96,98,112,123,136,146,157,193,201,205,209,214,226,233,308,274,276,298,310,329,330,332,345
257:2,26,45,50,59,68,87,93,120,165,171,174,195,247,303,283,346,350,354,370,380
258:34,63,71,93,117,154,169,200,203,204,205,211,220,232,236,237,367,268,317,336
259:2,14,21,36,50,63,91,125,150,155,181,223,253,340,264,276,280,297,357,375,385,389
260:15,20,21,57,130,150,164,180,181,185,195,197,201,237,366,261,287,315,349,361
261:1,2,24,94,96,98,126,133,138,150,160,178,190,203,208,233,253,260,327,262,268,315
262:3,9,23,50,54,55,67,76,96,118,134,155,192,200,210,215,225,248,261,272,268,274,286,291,330,340,341,347,374,377,384,389
263:25,34,38,39,71,115,120,121,147,192,225,231,237,368,264,266,271,285,318,327,334,336,340,342,373,389
264:16,43,63,84,95,114,153,164,168,180,202,218,259,263,362,269,279,282,288,381
265:14,15,28,36,93,113,178,197,201,227,236,255,354,284,330
266:25,50,52,62,75,91,94,99,140,185,187,228,250,263,367,309,350,372
267:35,66,86,106,108,112,136,138,144,162,173,181,197,198,211,220,324,283,310,313,316,331,348,363,383,385,388
268:7,37,38,80,82,98,113,129,178,191,194,207,217,221,236,240,252,258,261,262,311,277,282,292,303,324,358,377,378
269:3,4,25,65,72,89,99,101,149,173,221,227,244,255,264,270,304,350,379
270:7,55,64,65,68,89,110,115,117,123,164,167,175,194,205,206,214,230,235,238,243,269,325,288,294,322,328,338,343,356,359
271:1,9,53,92,98,102,142,148,162,169,174,176,179,186,242,263,362,274,285,289,312,316,325,340,343,355,363,376,387
272:50,63,138,189,207,236,239,246,262,377,327,341,361,385
273:11,19,28,107,114,138,153,156,177,189,193,206,219,221,228,233,378,320,360
274:30,41,45,75,84,110,135,172,184,186,208,248,255,256,262,271,350,337
275:32,70,107,126,151,176,184,190,204,220,236,337,294,295,300,340,356,380
276:12,13,26,27,28,32,56,78,104,131,163,166,195,215,223,235,256,259,372,278,293,294,316,325,356,378
277:16,58,81,91,104,106,115,139,167,186,187,221,255,268,278,301,326,330,337,343,384
278:8,19,33,37,44,54,59,65,71,82,94,110,122,153,174,175,180,188,196,214,242,276,277,378,282,308,312,345,381
279:11,21,30,44,45,63,70,88,112,208,212,213,227,264,326,294,310,332,333,343,348,360,369,382,383
280:11,14,23,30,33,58,60,126,143,154,210,215,235,259,305,296,298,306,320,324,378,382,385
281:31,36,38,54,74,78,90,142,160,168,176,200,246,377,350,358,363,366,376
282:15,32,47,65,80,96,120,121,126,143,148,223,226,250,264,268,278,284,307,315,324,351,352,373,383
283:63,77,82,90,97,100,131,148,178,183,210,224,239,250,257,267,388,354,382,385
284:4,11,28,58,68,71,87,152,154,157,196,209,210,225,265,282,384,304,321,325,336,346,350
285:1,5,43,45,47,83,110,132,134,135,181,183,253,263,271,338,315,372,382
286:24,44,54,94,122,129,134,144,149,211,234,236,262,349,315,331,354,370,376,381,382,387
287:29,39,68,76,89,96,97,115,118,166,185,198,223,255,260,362,293,302,330,350,374
288:29,53,70,76,131,136,137,142,145,186,194,195,216,219,224,245,264,270,336,326,329,345,349,380,386
289:19,39,95,107,124,141,163,171,182,247,271,314,339,341,346,352
290:3,24,34,109,110,113,122,139,149,154,164,168,171,191,193,199,233,238,243,326,294,309,327,342,358,368,381
291:5,38,64,136,138,157,173,206,218,253,262,334,299,302,322,324,333,376,379,386
292:19,26,29,67,97,110,147,189,201,204,219,236,253,268,305,302,303,314,316,319,370
293:24,50,61,76,80,82,88,100,112,113,170,190,195,212,276,287,309,336,384
294:13,39,76,96,98,114,117,118,174,189,190,201,223,239,270,275,276,279,290,339,335,350,387
295:7,53,69,80,81,89,104,117,122,138,161,174,183,210,251,253,275,344,317,318,322,323,355,365,382
296:13,60,94,122,173,199,202,249,280,327,309
297:39,60,74,86,116,118,131,147,158,162,170,176,230,235,238,255,259,336,299,316,373,384
298:47,64,106,107,114,135,156,181,196,197,213,217,232,243,256,280,389,316,336,337,344
299:15,20,30,59,74,96,98,140,146,158,166,176,183,217,291,297,324,303,305,310,350
300:3,52,69,84,86,94,109,131,140,144,153,160,183,194,215,227,239,247,253,275,345,344,352,358,380
301:13,16,63,86,128,143,147,176,178,205,208,221,277,373,365,380
302:25,27,61,91,120,125,127,142,143,189,246,247,287,291,292,318,319,328,333
303:2,35,88,97,111,120,182,226,228,237,257,268,292,299,379,337,355,358,384
304:30,56,63,116,138,143,148,150,159,175,176,189,227,234,246,269,284,379,316,327,334,335,356,383
305:5,20,27,33,39,46,55,130,153,154,165,174,183,228,248,280,292,299,365,370,375,381
306:10,52,60,77,96,97,132,147,155,157,159,172,177,191,199,208,211,225,240,280,361,344,369,371,373,376
307:31,40,50,51,75,94,111,129,165,177,201,219,282,345,314,317,318,324,356,370,379,383
308:25,98,136,151,179,202,230,243,246,256,278,366,327,338,357,363,364,376
309:23,29,43,82,90,124,148,157,186,247,253,266,290,293,296,385,365,384,386,388
310:4,36,40,58,81,93,99,129,142,160,194,256,267,279,299,315,323,335,357,370
311:8,64,65,94,97,99,133,143,155,163,164,170,178,185,200,216,249,268,370,315,342,350,365,388
312:25,57,65,75,121,137,142,149,164,187,199,206,209,210,221,231,271,278,367,313,317,318,345,357,361
313:26,43,68,87,132,138,149,151,156,174,182,203,218,234,252,267,312,314,316,318,331,358,362,365,385,389
314:3,27,41,58,74,115,137,189,220,224,231,255,289,292,307,313,366,336,337,349,354,376
315:6,26,30,53,65,87,91,92,122,146,182,197,199,227,260,261,282,285,286,310,311,371,335,362,378,384,388
316:15,28,29,72,76,88,94,99,107,133,144,147,176,188,222,267,271,276,292,297,298,304,313,368
317:1,12,28,45,51,85,98,117,118,126,142,157,158,166,183,203,204,251,258,295,307,312,325,335,348,385
318:2,87,104,142,191,192,216,219,227,253,263,295,302,307,312,313,376,327,339,345,347,374
319:3,8,22,58,59,93,103,131,162,174,200,212,250,292,302,381,321,330
320:31,79,114,125,127,169,230,273,280,349,322,368,381,383
321:33,39,49,78,135,140,166,198,203,247,284,319,364,337,338,349,365,369,371,374
322:32,39,41,52,75,88,90,99,101,109,130,139,155,158,177,178,188,193,230,233,270,291,295,320,340,336,350,360
323:45,50,70,87,148,203,214,228,232,246,295,310,328,325,359,372,380,387
324:61,90,109,116,120,138,156,172,182,211,267,268,280,282,291,299,307,332,331,365
325:4,6,16,39,51,53,94,140,148,151,171,178,217,218,224,232,234,248,270,271,276,284,317,323,373,331,335,353,362,371
326:30,108,117,120,123,140,158,170,177,199,216,220,228,234,277,279,288,290,334,355,356
327:14,40,53,131,153,164,217,261,263,272,290,296,304,308,318,347,344,351,360,369,384
328:0,39,65,91,162,163,186,193,270,302,323,363,341,384
329:29,64,82,98,120,129,133,144,173,177,178,185,256,288,342,339,344,349,352,360,365
330:27,44,52,72,84,87,92,107,144,150,163,167,174,178,200,202,248,256,262,265,277,287,319,386,343
331:5,9,30,117,120,173,185,238,255,267,286,313,324,325,349,361,372,377,379,389
332:1,18,71,78,88,107,119,120,130,140,157,159,160,178,184,187,256,279,324,348,343,344,359
333:31,43,55,81,124,146,152,164,172,187,202,249,279,291,302,341,346,363,365,372
334:3,16,43,98,120,131,137,147,168,186,202,203,224,234,238,263,291,304,326,384,360,371,378,382
335:32,73,100,155,180,188,214,294,304,310,315,317,325,344,336,337,383
336:120,134,148,194,214,220,221,258,263,284,288,293,297,298,314,322,335,356,366
337:7,44,49,57,85,116,117,158,189,207,230,255,274,275,277,298,303,314,321,335,377,350,360,380
338:9,48,100,106,160,270,285,308,321,341,387
339:1,16,18,34,39,42,49,54,122,145,163,178,210,212,217,230,248,249,252,289,294,318,329,382,343,356,360
340:20,38,42,51,85,112,120,131,142,148,168,192,206,246,252,259,262,263,271,275,322,342,348,358,363,366,381
341:6,17,26,38,124,125,143,159,184,187,189,194,196,254,262,272,289,328,333,338,380,350,369,370
342:0,30,84,163,176,177,205,216,238,252,254,263,290,311,329,340,376,346,378,385
343:11,66,73,100,102,103,105,115,127,135,160,167,175,202,211,214,253,255,270,271,277,279,330,332,339,354
344:5,25,30,43,80,96,97,121,131,162,170,173,188,223,247,254,255,295,298,300,306,327,329,332,335,382,359,362,387
345:16,22,56,107,119,135,165,183,196,212,215,218,245,256,278,288,300,307,312,318,350,366
346:0,48,62,70,85,98,136,141,155,165,166,176,180,190,211,240,257,284,289,333,342,349,348,350,351,362,373
347:22,60,118,131,138,141,156,168,181,191,230,262,318,327,353,372,373,379,381,384
348:45,48,62,68,84,100,111,112,120,133,161,166,168,198,201,210,212,216,231,237,241,267,279,317,332,340,346,388,361,366,385
349:26,81,89,92,100,109,114,115,117,120,140,161,219,231,243,260,286,288,314,320,321,329,331,346,365,359,363,369
350:13,20,27,63,67,78,100,103,125,150,156,158,162,166,177,188,198,229,247,254,257,266,269,274,281,284,287,294,299,311,322,337,341,345,346,368,356
351:1,12,21,36,44,46,70,87,107,115,118,124,135,136,148,150,194,217,227,239,240,254,282,327,346,358,357,389
352:20,39,44,62,67,80,82,99,108,109,110,129,138,170,179,191,282,289,300,329,371,367
353:2,6,56,59,61,65,84,115,121,127,133,145,156,211,212,219,233,234,325,347,365,356,383
354:5,19,23,29,50,75,80,94,103,121,136,173,187,207,237,241,257,265,283,286,314,343,388,377
355:26,47,101,124,135,157,180,183,194,217,271,295,303,326,373,357,362,370,374
356:4,16,35,90,117,154,156,166,176,234,241,245,270,275,276,304,307,326,336,339,350,353,371,388
357:24,56,61,76,77,84,124,130,150,200,221,229,253,259,308,310,312,351,355,365,380
358:108,145,162,175,178,195,235,268,281,290,300,303,313,340,351,378,375,377,384
359:9,12,26,61,104,119,123,132,143,169,188,212,218,243,270,323,332,344,349,375,361,362,379,388
360:7,11,47,83,89,137,148,153,191,200,238,243,273,279,322,327,329,334,337,339,388
361:77,78,85,95,133,142,143,175,212,213,260,272,306,312,331,348,359,389,383
362:25,36,46,71,86,118,203,208,209,226,264,271,287,313,315,325,344,346,355,359,363,367,369,374,380
363:21,59,73,79,90,94,106,144,152,153,158,189,190,214,241,245,248,251,267,271,281,308,328,333,340,349,362,370,384,386
364:109,133,147,177,209,223,228,253,308,321,384,376
365:8,56,62,69,87,140,144,147,151,157,221,253,295,301,305,309,311,313,321,324,329,333,349,353,357,386,380
366:31,48,71,115,124,128,135,148,177,182,199,206,217,219,250,260,281,308,314,336,340,345,348,375,377,381,388
367:4,17,21,53,59,61,78,83,124,175,205,218,225,258,266,312,352,362,376,372
368:0,40,56,71,77,80,90,103,161,165,188,205,215,220,239,242,263,290,316,320,350,374,377
369:32,34,39,87,93,111,140,155,193,213,237,244,279,306,321,327,341,349,362,383
370:18,62,75,127,158,161,172,176,183,188,195,215,234,237,257,286,292,305,307,310,311,341,355,363,386
371:13,20,29,33,36,65,77,84,103,105,121,123,130,133,168,172,208,223,230,247,306,315,321,325,334,352,356,381
372:0,42,44,82,83,113,143,158,171,172,193,197,200,206,210,215,219,236,248,266,276,285,323,331,333,347,367,375,383
373:10,16,23,24,49,56,66,69,85,86,113,116,165,203,206,263,282,297,301,306,325,346,347,355,388
374:11,41,80,84,87,95,112,124,127,156,167,181,218,238,242,262,287,318,321,355,362,368,379
375:4,9,39,62,70,73,85,88,91,183,194,220,228,259,305,358,359,366,372,383,376,381,384
376:5,60,92,122,138,164,177,179,229,234,235,271,281,286,291,306,308,314,318,342,364,367,375,377
377:13,22,25,73,76,100,102,114,130,131,168,169,189,199,241,242,262,268,272,281,331,337,354,358,366,368,376,389
378:0,18,29,43,45,47,66,69,71,85,98,116,130,140,146,152,155,192,224,225,238,268,273,276,278,280,315,334,342,358,382,385
379:13,26,47,70,96,107,154,181,183,202,240,269,291,303,304,307,331,347,359,374,385,381,386
380:24,41,47,58,89,128,150,189,198,201,208,209,254,257,275,288,300,301,323,337,341,357,362,365,385
381:20,26,128,149,152,159,184,193,218,221,264,278,286,290,305,319,320,340,347,366,371,375,379,385
382:37,66,81,116,141,183,194,205,212,218,242,279,280,283,285,286,295,334,339,344,378,386
383:10,14,27,45,54,69,78,150,166,201,215,229,252,267,279,282,304,307,320,335,353,361,369,372,375,386
384:40,65,91,104,162,192,235,250,262,277,284,293,297,303,309,315,327,328,334,347,358,363,364,375,387
385:12,13,60,74,89,93,96,113,134,162,203,220,236,259,267,272,280,283,309,313,317,342,348,378,379,380,381,387
386:6,23,65,71,79,112,118,125,133,134,197,208,213,221,247,288,291,309,330,363,365,370,379,382,383,387
387:35,73,98,144,155,186,192,210,226,233,240,247,271,286,294,323,338,344,384,385,386,388
388:28,29,61,64,65,84,86,109,112,115,118,122,142,191,200,220,221,267,283,309,311,315,348,354,356,359,360,366,373,387,389
389:48,70,239,259,262,263,298,313,331,351,361,377,388
