0:3,11,14,15,19,42,44,55,65,88,101,117,126,128,129,136,171,174,182,184,191,193,228,247,249,266,272,287,289,326,354,364
1:180,16,35,61,71,73,77,95,120,121,144,156,164,173,218,220,236,241,255,271,272,273,299,318,327,343
2:324,9,10,14,31,56,57,90,135,143,145,146,156,183,239,280,282,291,293,295,299,300,333,345,347,360
3:0,7,5,19,20,32,35,43,59,71,91,98,103,120,144,162,198,222,231,255,265,268,297,314,316,335,337,339,341,342,355,357
4:277,12,19,21,24,36,37,38,42,43,44,70,83,92,101,103,108,111,141,142,144,169,171,191,197,205,219,225,230,255,256,291,302,310,322,343,359,366
5:3,326,12,15,20,28,49,61,74,96,111,149,161,185,194,221,224,231,273,295,347,357,358
6:232,7,11,21,45,111,115,150,155,167,179,191,230,247,252,273,279,333,345,347,365
7:3,6,355,14,18,34,37,93,100,134,153,157,165,166,170,181,185,189,192,202,216,224,230,243,255,270,274,317,327,340,358
8:358,12,17,62,67,93,99,110,149,187,215,257,260,263,295,303,314,317,323,344,356
9:2,341,36,45,46,52,71,86,90,97,126,129,140,160,167,170,179,188,232,243,249,261,273,279,310,315,330,360,364,367
10:2,159,18,46,50,55,56,81,111,113,131,144,146,157,196,197,198,204,214,218,256,260,268,273,281,285,299,337,345,365
11:0,6,324,16,29,44,67,86,88,94,110,114,130,142,167,170,183,201,208,214,224,253,257,259,282,287,291,293,300,330,336,338,360,362
12:4,5,8,27,16,22,46,47,49,54,59,70,72,85,90,101,114,153,159,192,193,216,218,234,238,241,251,265,278,287,302,305,322,337,360,363,365
13:219,22,28,30,34,44,80,115,126,130,151,161,162,199,204,209,231,243,267,288,294,303,308,310,314,325,328,330,337,343,354
14:0,2,7,352,41,56,59,68,79,90,147,157,179,180,193,194,202,203,214,215,270,283,294,353,365
15:0,5,65,35,54,59,82,90,93,97,114,121,134,163,180,191,201,204,211,225,240,266,275,279,282,293,301,304,320,322,328,334,340
16:1,11,12,46,22,32,33,48,53,56,79,98,102,111,114,117,155,162,163,192,199,207,243,248,249,265,366
17:8,283,31,37,40,110,116,128,134,135,166,170,189,224,237,246,250,273,276,285,306,359
18:7,10,78,28,34,52,62,91,107,154,155,160,201,215,233,246,250,283,305,312,317,340
19:0,3,4,38,43,65,71,75,87,119,130,175,178,195,204,210,215,221,226,245,257,261,266,303,305,313,332,360
20:3,5,232,26,54,58,61,66,94,102,111,115,131,134,136,139,156,161,189,202,228,239,244,248,268,269,277,281,318,332,367,368
21:4,6,190,38,57,63,86,131,137,140,154,172,201,202,222,242,249,265,296,303,306,317,325,330,349,356,358
22:12,13,16,208,73,93,118,129,130,168,200,218,253,257,260,263,266,275,293,296,313,343,351,361,364
23:111,28,55,76,124,138,141,145,147,149,158,168,175,195,227,233,250,284,296,303,311,314,348,353
24:4,142,36,46,53,55,62,77,90,112,125,130,151,163,191,232,239,248,249,251,252,292,299,311,313,320,342,343,350,351,358
25:80,26,37,38,39,42,43,46,67,73,76,83,88,89,97,125,155,157,164,176,199,202,205,222,227,232,235,260,277,288,316,317,321,327,335,338,346,357,358,361,365,369
26:20,25,237,34,41,95,97,98,127,129,137,139,143,148,174,184,190,214,218,219,227,244,257,259,328,333,334,338,353,359
27:12,173,34,45,48,51,57,72,107,111,140,142,148,150,156,160,163,186,187,191,207,218,248,250,252,257,258,277,286,289,360
28:5,13,18,23,261,42,44,50,53,67,69,103,112,124,134,161,176,186,190,215,222,226,232,242,247,249,260,274,294,301,303,306,316,319,328
29:11,162,33,44,46,65,69,93,105,114,115,121,133,139,144,148,193,206,213,237,239,245,248,265,266,269,283,286,288,290,330,343,344,356,367
30:13,289,40,52,69,80,97,121,129,132,138,141,143,145,172,173,176,192,238,244,255,273,291,309,328,339,350,352,361,363,364
31:2,17,47,58,62,90,92,97,150,216,224,232,236,245,256,269,275,295,297,298,299,302,304,322,341,348,354,369
32:3,16,127,34,37,78,82,87,88,110,116,121,132,134,155,185,199,202,211,214,233,242,243,245,251,276,286,302,304,305,311,312,319,344,345,354,355,360
33:16,29,355,55,56,64,85,88,89,111,128,134,141,148,163,211,245,255,269,285,295,296,300,308,336,346,364
34:7,13,18,26,27,32,201,55,67,68,75,91,95,149,159,160,188,195,228,244,250,267,268,287,297,326,327,335,337,343,350,363
35:1,3,15,339,44,56,71,79,84,96,104,112,117,122,127,130,132,136,157,167,170,186,206,222,228,259,283,287,330,352,368
36:4,9,24,277,62,83,115,137,161,173,178,184,199,225,226,227,258,262,296,307,343
37:4,7,17,25,32,249,53,64,67,73,79,80,104,115,142,147,158,180,182,209,226,230,240,273,275,293,301,323,333,335,339,341,358
38:4,19,21,25,80,57,63,66,74,126,131,138,158,200,216,232,246,247,254,278,305,312,321,327,329
39:25,264,95,98,104,115,116,131,136,137,145,150,158,162,179,196,205,207,211,223,276,298,310,311,318,358,365
40:17,30,157,68,92,95,143,154,178,187,192,207,218,226,261,273,300,312,324,332,354,358
41:14,26,249,91,99,102,113,116,118,151,158,160,163,210,225,250,252,271,288,316,317,328,333,338,342
42:0,4,25,28,262,46,48,65,106,118,147,148,169,170,178,180,184,198,234,238,253,271,313,325
43:3,4,19,25,68,46,53,59,72,74,104,132,137,138,139,141,153,157,164,193,224,227,238,253,255,276,280,286,298,308,318,323,327,328,331,351,365
44:0,4,11,13,28,29,35,66,55,61,84,91,95,104,114,115,135,138,158,166,194,201,203,213,221,237,250,253,258,278,279,280,295,315,352,361
45:6,9,27,286,54,56,74,91,101,132,161,185,189,190,197,198,203,215,265,288,292,298,307,312,322,325,333,345,368
46:9,10,12,16,24,25,29,42,43,272,73,77,83,99,102,106,117,124,129,146,163,168,180,183,189,199,202,208,214,216,217,224,230,248,289,317,343
47:12,31,304,55,86,121,122,124,129,158,183,189,237,243,256,280,298,299,300,307,309,312,336,338,346,349,350
48:16,27,42,167,61,103,110,124,155,164,180,200,201,235,251,260,266,290,302,315,320,342,343,346,361,364
49:5,12,189,81,88,94,105,153,155,187,213,215,234,268,277,291,292,309,339,349,350,353,357,363,365
50:10,28,253,58,65,78,92,108,129,141,147,189,200,220,225,237,241,257,258,300,302,321,322,328,344,354,356
51:27,301,59,85,86,107,109,134,137,140,141,148,184,196,199,206,212,232,237,250,273,310,311,350
52:9,18,30,348,65,68,71,83,84,101,104,105,110,137,144,156,166,169,174,196,200,217,218,219,233,238,239,242,255,260,266,273,280,305,333,342,345,347
53:16,24,28,37,43,142,59,121,124,133,138,144,153,159,161,172,179,219,222,238,243,246,252,258,262,264,305,325,355,359
54:12,15,20,45,194,55,62,64,73,93,94,98,114,117,124,127,150,153,170,186,213,219,245,253,266,267,282,305,311,345,359
55:0,10,23,24,33,34,44,47,54,266,66,71,72,79,117,118,151,171,200,203,204,220,222,226,233,244,254,270,284,288,289,315,341
56:2,10,14,16,33,35,45,246,77,116,119,125,131,134,147,163,167,178,188,219,221,231,232,257,276,287,296,297,298,317,331,348
57:2,21,27,38,316,59,60,132,150,160,181,182,193,220,234,267,275,284,292,293,320,321,329,331,354,366
58:20,31,50,140,65,93,99,154,161,162,178,180,188,196,215,231,238,257,261,268,271,277,282,286,315,339,355,359,367
59:3,12,14,15,43,51,53,57,210,61,71,72,95,99,100,115,119,128,133,172,277,285,287,294,311,321,332,335,359
60:57,239,76,90,107,133,149,176,185,196,201,225,232,253,270,277,282,297,301,304,306,307,328,330,350,357,362,368
61:1,5,20,44,48,59,361,116,164,171,183,200,208,211,226,245,275,283,284,288,314,363
62:8,18,24,31,36,54,159,84,109,125,127,143,179,207,244,258,259,281,283,285,295,296,302,316,341,349,359,365
63:21,38,321,69,78,89,100,102,108,139,149,153,161,166,195,196,208,216,217,245,247,265,267,299,304,336
64:33,37,54,355,71,87,110,112,115,131,133,143,160,207,208,212,221,223,228,272,273,276,284,301,319,331,334,348
65:0,15,19,29,42,50,52,58,229,70,89,108,150,176,181,207,215,240,248,294,305,324,328,347,355,367
66:20,38,44,55,310,82,93,97,100,112,146,163,177,181,193,205,227,230,248,256,274,285,302,316,318,333,336,339
67:8,11,25,28,34,37,291,68,71,75,101,104,127,137,146,153,158,160,168,185,187,189,203,210,221,223,258,269,278,284,290,303,337,341,346,355,360,361
68:14,34,40,43,52,67,317,80,114,116,137,147,185,202,249,258,261,293,297,327,335,340,350,353,354
69:28,29,30,63,143,72,81,91,104,108,109,113,120,123,127,151,152,165,168,170,176,180,188,202,205,255,268,278,288,299,301,320,329,350,363
70:4,12,65,278,75,76,97,114,119,126,171,199,206,209,216,222,226,233,283,284,289,306,318,325,347,354,358
71:1,3,9,19,35,52,55,59,64,67,241,76,89,96,115,128,157,160,171,185,200,206,207,243,269,306,317,323,327,333,338,348
72:12,27,43,55,59,69,341,76,79,102,117,128,130,139,142,146,149,209,214,236,246,252,264,288,295,298,301,328,329,336,348
73:1,22,25,37,46,54,367,107,123,150,219,238,245,277,285,337,341,358,361
74:5,38,43,45,299,106,109,112,113,136,140,148,179,203,213,215,220,227,238,275,286,291,293,297,300,348
75:19,34,67,70,126,83,108,110,111,135,162,171,215,225,228,243,254,257,282,293,306,325,326,354,355
76:23,25,60,70,71,72,302,108,109,110,121,133,141,148,155,161,167,185,197,201,224,248,269,290,298,309,315,320,322,340,341,352
77:1,24,46,56,318,79,83,95,113,119,133,141,153,154,165,177,185,188,220,239,265,329,330,348
78:18,32,50,63,291,83,94,96,113,118,138,149,151,160,194,210,234,237,238,249,252,261,263,264,267,271,276,286,294,309,319,320,331,362
79:14,16,35,37,55,72,77,358,128,138,145,193,197,218,221,254,280,282,283,291,293,299,316,345,346,353,354,362
80:13,25,30,37,38,68,335,81,103,124,131,156,181,201,203,225,255,256,261,292,305,319,326
81:10,49,69,80,170,82,89,93,104,131,137,142,149,184,202,214,236,239,240,244,251,257,284,285,308,323,330
82:15,32,66,81,366,94,105,106,129,156,160,162,209,216,235,238,241,303,349,361
83:4,25,36,46,52,75,77,78,174,92,94,102,104,110,116,136,146,178,182,225,238,245,265,295,322,343,365,366
84:35,44,52,62,85,105,118,144,145,151,181,201,203,218,237,241,246,263,264,268,280,303,328,333,360,367
85:12,33,51,84,156,94,97,103,105,126,150,154,191,193,197,205,210,231,235,240,256,266,267,268,305,314,321,335,360,363,366
86:9,11,21,47,51,334,101,103,115,135,141,143,163,169,171,177,202,205,229,230,245,247,256,263,266,271,278,286,293,360,368
87:19,32,64,266,91,110,126,136,148,156,159,168,172,197,206,208,211,250,256,260,261,268,288,322,332,363,369
88:0,11,25,32,33,49,369,109,112,119,126,145,150,152,153,217,230,250,261,265,277,281,287,364
89:25,33,63,65,71,81,110,98,114,134,156,194,206,226,236,254,313,364
90:2,9,12,14,15,24,31,60,229,117,134,145,148,161,163,166,209,215,220,245,248,267,286,298,300,303,321,327,331,353,366
91:3,18,34,41,44,45,69,87,239,120,142,174,178,183,187,194,216,231,316,329,343,352,364,366
92:4,31,40,50,83,191,93,99,103,130,133,149,152,156,159,162,163,167,171,195,206,207,225,242,254,290,291,303,343,349,357
93:7,8,15,22,29,54,58,66,81,92,206,95,124,128,132,141,156,159,169,175,179,183,185,200,224,231,252,253,276,294,305,333,336,341,343,347,369
94:11,20,49,54,78,82,83,85,170,99,112,158,167,169,191,195,225,234,242,285,296,308,322,324,325,348
95:1,26,34,39,40,44,59,77,93,236,104,110,113,116,118,133,134,135,137,169,182,194,207,216,222,232,239,253,286,301,306,308,332
96:5,35,71,78,297,114,115,175,200,207,233,236,240,258,264,274,283,292,333,337,365
97:9,15,25,26,30,31,66,70,85,195,106,125,160,170,189,205,214,239,289,309,314,343
98:3,16,26,39,54,89,106,138,142,146,173,186,189,199,220,229,234,246,255,257,279,287,294,328,333,335,341,354
99:8,41,46,58,59,92,94,338,126,173,180,192,235,238,249,262,263,269,274,289,298,357
100:7,59,63,66,103,123,141,143,163,178,179,195,196,197,202,234,254,266,270,283,284,286,321,322,326,335,366
101:0,4,12,45,52,67,86,302,108,116,146,149,150,151,200,220,266,280,282,289,293,294,310,320,355,362
102:16,20,41,46,63,72,83,132,106,112,121,155,158,166,167,199,223,266,295,320,335,343,366,367
103:3,4,28,48,80,85,86,92,100,297,152,157,160,195,196,218,259,319,326,327,341,353
104:35,37,39,43,44,52,67,69,81,83,95,198,125,143,166,171,180,189,191,200,226,233,250,265,282,289,327,328,340,347,357,366
105:29,49,52,82,84,85,107,108,123,129,138,143,167,179,190,192,248,253,257,267,268,270,288,297,306,329,330,331,353
106:42,46,74,82,97,98,102,368,121,151,170,185,195,205,223,250,272,279,290,309,327,353,354,361,366
107:18,27,51,60,73,105,223,128,178,180,210,213,233,239,267,273,291,293,298,300,305,311,316,325,327,328,338,340,355,362
108:4,50,63,65,69,75,76,101,105,207,116,119,128,139,142,165,186,193,196,201,227,234,254,276,283,290,295,296,351,366
109:51,62,69,74,76,88,365,111,121,123,125,141,151,154,172,174,185,195,207,228,246,251,253,259,261,268,283,288,300,312,338,351,355,364
110:8,11,17,32,48,52,64,75,76,83,87,89,95,297,130,132,133,158,167,178,205,220,223,228,244,254,261,271,293,298,326,331,340,351,355
111:4,5,6,10,16,20,23,27,33,75,109,234,130,217,236,239,253,266,297,324,325,328,352
112:24,28,35,64,66,74,88,94,102,263,120,121,124,135,142,143,170,177,179,193,215,240,244,251,303,331,346,369
113:10,41,69,74,77,78,95,253,128,149,155,228,230,231,244,273,275,285,309,326,327,342,362
114:11,12,15,16,29,44,54,68,70,89,96,266,116,121,134,138,166,193,200,207,208,231,240,262,286,289,303,306,312,355,356,358
115:6,13,20,29,36,37,39,44,59,64,71,86,96,156,125,129,135,143,163,201,209,215,229,232,244,255,278,285,302,304,331,353,361,365
116:17,32,39,41,56,61,68,83,95,101,108,114,163,118,121,125,132,143,153,165,175,200,202,212,215,221,226,233,275,295,296,342,345,355,358
117:0,16,35,46,54,55,72,90,233,149,152,171,203,209,216,257,261,264,267,269,270,272,283,324,333,361
118:22,41,42,55,78,84,95,116,357,133,150,167,170,178,188,200,233,241,243,251,301,304,340
119:19,56,59,70,77,88,108,127,125,141,205,232,236,248,257,281,283,297,336
120:1,3,69,91,112,315,121,122,149,190,217,233,238,241,254,274,284,305,352,367
121:1,15,29,30,32,47,53,76,102,106,109,112,114,116,120,198,122,137,167,181,186,282,319,321,369
122:35,47,120,121,236,131,144,146,156,165,171,182,183,188,194,220,224,244,248,252,257,260,290,319,344,350,363
123:69,73,100,105,109,264,127,140,158,160,221,263,280,310,316,319,321,329,336,339,344,346,356
124:23,28,46,47,48,53,54,80,93,112,176,125,134,154,163,246,260,269,295,312,316,321,323,350,364
125:24,25,56,62,97,104,109,115,116,119,124,358,174,178,180,185,188,190,191,197,199,211,212,219,228,235,249,256,265,274,286,296,304,307,341,366
126:0,9,13,38,70,75,85,87,88,99,167,148,155,176,178,193,200,203,208,213,219,256,265,271,275,296,299,300,344
127:26,32,35,54,62,67,69,119,123,271,133,137,146,169,171,184,192,209,225,231,246,258,272,276,291,333,336,340,363
128:0,17,33,59,71,72,79,93,107,108,113,152,146,147,157,187,191,201,205,209,244,266,278,285,293,311,314,319,325,328,334,345
129:0,9,22,26,30,46,47,50,82,105,115,352,134,160,167,169,178,194,195,198,213,219,224,241,247,269,278,288,303,306,336
130:11,13,19,22,24,35,72,92,110,111,154,144,149,180,185,189,205,230,278,283,294,295,322,329,332,350
131:10,20,21,38,39,56,64,80,81,122,340,149,180,183,184,202,203,211,232,253,257,258,268,278,279,302,304,345,350
132:30,32,35,43,45,57,93,102,110,116,143,138,149,160,161,166,172,183,190,196,237,267,282,283,294,302,316,317
133:29,53,59,60,64,76,77,92,95,110,118,127,155,138,146,164,172,176,194,208,229,232,246,255,322,364,365
134:7,15,17,20,28,32,33,51,56,89,90,95,114,124,129,362,153,183,196,224,232,236,250,255,266,290,295,302,329,346,349,360
135:2,17,44,75,86,95,112,115,347,149,181,186,191,210,223,258,264,293,296,316,343,368
136:0,20,35,39,74,83,87,319,138,153,154,157,160,172,213,255,269,281,289,326,332,340
137:21,26,36,39,43,51,52,67,68,81,95,121,127,197,152,157,190,203,213,226,228,243,252,271,295,296,302,304,305,310,325,330,352
138:23,30,38,43,44,53,78,79,98,105,114,132,133,136,185,140,156,160,175,177,181,218,249,262,265,276,277,283,284,289,315,318,330,336,346,349
139:20,26,29,43,63,72,108,164,156,158,173,185,205,211,226,239,241,245,258,268,285,286,287,307,309,353,355,367
140:9,21,27,51,58,74,123,138,181,145,174,175,180,186,191,195,205,217,219,228,259,269,295,314,323
141:4,23,30,33,43,50,51,76,77,86,93,100,109,119,196,148,164,202,220,229,230,243,247,253,254,257,272,274,290,302,314,318,321,366
142:4,11,24,27,37,53,72,81,91,98,108,112,319,144,151,179,216,226,228,250,259,361,365
143:2,26,30,40,62,64,69,86,100,104,105,112,115,116,132,265,169,242,246,255,256,275,279,284,290,298,311,321,337,344,364,369
144:1,3,4,10,29,52,53,84,122,130,142,184,148,161,181,193,217,229,233,264,273,277,282,283,303,350,362,366
145:2,23,30,39,79,84,88,90,140,177,147,154,162,188,194,232,241,252,257,269,294,315,324,332,333,337,341,357,361,365
146:2,10,46,66,67,72,83,98,101,122,127,128,133,206,157,158,194,198,199,218,220,223,226,290,291,294,310,314,321,336,341,343,360
147:14,23,37,42,50,56,68,128,145,201,150,174,209,230,231,234,238,240,291,298,328,333,335,346,356,366
148:26,27,29,33,42,51,74,76,87,90,126,141,144,266,150,155,182,222,230,260,282,283,302,305,320,342,353,360
149:5,8,23,34,60,63,72,78,81,92,101,113,117,120,130,131,132,135,164,158,177,214,229,243,253,275,278,279,292,331,335,346,358
150:6,27,31,39,54,57,65,73,85,88,101,118,147,148,312,156,160,167,181,190,191,194,218,226,236,240,245,295,313,315,321,347,349,353,359
151:13,24,41,55,69,78,84,101,106,109,142,231,152,175,185,191,193,194,228,244,258,264,281,283,316,343,353,366
152:69,88,92,103,117,128,137,151,159,174,189,202,218,242,243,347,349,367
153:7,12,43,49,53,54,63,67,77,88,116,134,136,285,168,169,172,188,190,246,254,272,273,274,281,290,354
154:18,21,40,58,77,85,109,124,130,136,145,274,200,222,249,265,269,277,284,298,303,305,333,350,360
155:6,16,18,25,32,48,49,76,102,113,126,133,148,158,160,177,217,221,227,241,243,248,250,253,264,269,283,299,307,325,343,350
156:1,2,20,27,52,80,82,85,87,89,92,93,115,122,138,139,150,236,170,185,187,219,247,261,270,292,307,314,327,340,358
157:7,10,14,25,35,40,43,71,103,128,136,137,146,296,170,172,179,182,191,196,213,238,240,243,253,262,305,320,325,342,348,354,361,364
158:23,37,38,39,41,44,47,67,94,102,110,123,139,146,149,155,308,161,186,207,212,213,231,232,242,260,267,277,279,291,316,346,347,351,368
159:10,12,34,53,62,87,92,93,152,194,184,186,195,212,215,231,304,312,323,325,339,348
160:9,18,27,34,41,57,64,67,71,78,82,97,103,123,129,132,136,138,150,155,287,193,207,212,215,240,249,273,290,297,316,340,346
161:5,13,20,28,36,45,53,58,63,76,90,132,144,158,345,167,200,203,221,228,239,248,281,346,363
162:3,13,16,29,39,58,75,82,92,145,191,178,181,245,246,249,255,282,321,346
163:15,16,24,27,33,41,46,56,66,86,90,92,100,115,116,124,233,165,181,245,246,257,271,344,349,356
164:1,25,43,48,61,133,139,141,149,230,178,267,295,303,304,310,317,335,341,349,368
165:7,69,77,108,116,122,163,353,172,208,219,221,222,228,234,258,267,281,293,298,299,310,334,349
166:7,17,44,52,63,90,102,104,114,132,285,172,184,186,196,203,214,226,235,249,254,260,278,298,307,309,329
167:6,9,11,35,48,56,76,92,94,102,105,110,118,121,126,129,150,161,324,173,194,197,237,241,247,250,251,264,269,286,296,345,357
168:22,23,46,67,69,87,153,313,183,211,213,229,239,258,275,294,317,334,335,336,338,339
169:4,42,52,86,93,94,95,127,129,143,153,321,192,193,202,227,243,258,260,266,271,313,335,354
170:7,9,11,17,35,42,54,69,81,94,97,106,112,118,156,157,288,171,194,205,258,263,270,280,281,315,323,347
171:0,4,55,61,70,71,75,86,92,104,117,122,127,170,176,189,190,198,200,203,234,262,263,270,274,309,350,353,365,367
172:21,30,53,59,87,109,132,133,136,153,157,165,166,187,173,180,186,197,205,214,226,228,231,236,239,242,269,280,281,289,296
173:1,27,30,36,98,99,139,167,172,257,177,183,188,204,215,226,231,234,253,270,278,292,293,309,310,316,333
174:0,26,52,83,91,109,125,140,147,152,276,186,196,220,242,244,285,298,307,308,314,323,325,328,331,332,341,344,352,369
175:19,23,93,96,116,138,140,151,202,186,228,246,287,301,304,308,309,310,343,364,367
176:25,28,30,60,65,69,124,126,133,171,201,187,196,200,218,225,259,279,292,293,333,334,339
177:66,77,86,112,138,145,149,155,173,244,180,187,206,217,240,248,250,256,266,274,283,292,333,338,345,347,365,366
178:19,36,40,42,56,58,83,91,100,107,110,118,125,126,129,162,164,293,180,187,192,206,210,213,245,254,273,296,306,321,334,339,351
179:6,9,14,39,53,62,74,93,100,105,112,142,157,192,180,182,196,210,227,239,241,270,276,284,315,337,360,361
180:1,14,15,37,42,46,48,58,69,99,104,107,125,130,131,140,172,177,178,179,345,193,208,214,218,224,226,252,264,272,276,319,328,329,334
181:7,57,65,66,80,84,121,135,138,140,144,150,162,163,299,188,195,204,220,251,259,272,293,306,346
182:0,37,57,83,95,122,148,157,179,246,191,217,250,271,298,306,325,349,355,360
183:2,11,46,47,61,91,93,122,131,132,134,168,173,356,189,193,201,208,237,251,252,256,268,271,297,304,310,331,332,344
184:0,26,36,42,51,81,127,131,144,159,166,308,256,261,276,299,304,332,352,359,366
185:5,7,32,45,60,67,68,71,76,77,93,106,109,125,130,138,139,151,156,263,198,205,213,221,228,229,239,255,258,277,299,306,333
186:27,28,35,54,98,108,121,135,140,158,159,166,172,174,175,336,191,192,221,237,244,263,264,266,308,337,348
187:8,27,40,49,67,91,128,156,172,176,177,178,267,189,228,229,239,247,274,282,294,312,368
188:9,34,56,58,69,77,118,122,125,145,153,173,181,240,216,237,265,266,285,294,311,317,320,325,329,337,343
189:7,17,20,45,46,47,49,50,67,97,98,104,130,152,171,183,187,264,192,199,209,215,223,227,243,244,291,294,298,307,309,327,328,346,357,359,361
190:21,26,28,45,105,120,125,132,137,150,153,171,244,195,197,215,241,251,293,299,318,319,345,347,369
191:0,4,6,15,24,27,85,92,94,104,125,128,135,140,150,151,157,162,182,186,297,210,213,217,263,279,315,317,342,347
192:7,12,16,30,40,99,105,127,169,178,179,186,189,292,194,198,260,262,276,297,308,313,333,335,347,355
193:0,12,14,29,43,57,66,79,85,108,112,114,126,144,151,160,169,180,183,201,216,241,245,254,259,263,270,280,283,292,305,369
194:5,14,44,54,78,89,91,95,122,129,133,145,146,150,151,159,167,170,192,319,207,224,234,235,241,247,266,271,281,298,309,324,341
195:19,23,34,63,92,94,97,100,103,106,109,129,140,159,181,190,292,222,238,246,296,298,304,311,318,330,352,365,367
196:10,39,51,52,58,60,63,100,103,108,132,134,141,157,166,174,176,179,308,198,201,211,216,253,278,293,307,340,352,365
197:4,10,45,76,79,85,87,100,125,137,167,172,190,198,202,214,235,240,244,256,257,262,265,268,294,307,312,342,351,362,367
198:3,10,42,45,104,121,129,146,171,185,192,196,197,284,202,206,222,261,264,297,308,315,344,351
199:13,16,25,32,36,46,51,70,98,102,125,146,189,316,209,210,212,214,215,216,217,230,261,270,278,279,303,317,318,323,327,338,355,369
200:22,38,48,50,52,55,61,71,93,96,101,104,114,116,118,126,154,161,171,176,324,241,267,291,297,301,320,321,346,359
201:11,15,18,21,34,44,48,60,76,80,84,108,115,128,147,176,183,193,196,295,220,225,238,243,272,284,293,306,309,316,320,339,353
202:7,14,20,21,25,32,46,68,69,81,86,100,116,131,141,152,169,175,197,198,289,216,222,239,260,271,275,286,287,307,330,341,343,367,368
203:14,44,45,55,67,74,80,84,117,126,131,137,161,166,171,359,222,234,253,254,276,284,308,311,326,330,345,349
204:10,13,15,19,55,173,181,344,212,221,241,245,263,268,274,291,341,351,368
205:4,25,39,66,69,85,86,97,106,110,119,128,130,139,140,170,172,185,353,208,230,231,243,244,252,258,270,286,298,321,322,359
206:29,35,51,70,71,87,89,92,93,146,177,178,198,314,228,231,233,255,276,278,292,295,299,324,333,335,336,348,364,367
207:16,27,39,40,62,64,65,71,92,95,96,108,109,114,158,160,194,369,212,236,246,259,263,288,294,324,341,355,359,366
208:11,22,46,61,63,64,87,114,126,133,165,180,183,205,293,209,254,283,284,289,326,331,350,355,362
209:13,37,70,72,82,90,115,117,127,128,147,189,199,208,276,216,218,230,293,308,313,324,328,333,341,350,353
210:19,41,59,67,78,85,107,135,178,179,191,199,315,215,217,247,254,271,281,295,319,320,327
211:15,32,33,39,61,87,125,131,139,168,196,299,228,233,244,270,272,275,320,324,337,355,361,366
212:51,64,116,125,158,159,160,199,204,207,340,216,226,233,241,245,250,253,274,302,326,338,348,359,364
213:29,44,49,54,74,107,126,129,136,137,157,158,168,178,185,191,249,267,274,283,299,330,351,359,369
214:10,11,14,26,32,46,72,81,97,149,166,172,180,197,199,293,216,227,229,245,281,301,315,347,348
215:8,14,18,19,28,45,49,58,65,74,75,90,112,115,116,159,160,173,189,190,199,210,296,229,244,249,260,263,273,276,280,300,305,309,312,313,323,333,342,349,358
216:7,12,31,38,46,63,70,82,91,95,117,142,188,193,196,199,202,209,212,214,258,221,264,304,310,324,340,343,350
217:46,52,63,88,111,120,140,144,155,177,182,191,199,210,256,237,240,271,272,290,329,338,355,358,366
218:1,10,12,22,26,27,40,52,79,84,103,138,146,150,152,176,180,209,350,222,252,281,319,327,328,337,347,351
219:4,13,26,52,53,54,56,73,125,126,129,140,156,165,295,230,247,257,259,265,304,317,328,354,363
220:1,50,55,57,74,77,90,98,101,110,122,141,146,174,181,201,224,221,233,261,279,294,308,313,319,336,337,369
221:5,19,44,56,64,67,79,116,123,155,161,165,185,186,204,216,220,222,230,243,252,286,287,296,301,318,324,361
222:3,21,25,28,35,53,55,70,95,148,154,165,195,198,202,203,218,221,307,237,284,286,288,300,309,310,311,322,330,331,334,343,361
223:39,64,67,102,106,107,110,135,146,189,296,271,274,276,286,308,333,344,352,353,364,369
224:5,7,11,17,31,43,46,76,93,122,129,134,180,194,220,294,249,271,277,302,309,328,363
225:4,15,36,41,50,60,75,80,83,92,94,127,176,201,315,262,264,265,267,283,289,336,353
226:19,28,36,37,40,55,61,70,89,104,116,137,139,142,146,150,166,172,173,180,212,301,235,286,294,297,306,312,343,346,357,358
227:23,25,26,36,43,66,74,108,155,169,179,189,214,347,236,246,268,283,293,337,342,349,354
228:0,20,34,35,64,75,109,110,113,125,137,140,142,151,161,165,172,175,185,187,206,211,290,232,248,256,284,287,312,323,342,360
229:65,86,90,98,115,133,141,144,149,168,185,187,214,215,281,237,242,256,268,293,309,327,333,365
230:4,6,7,37,46,66,86,88,113,130,141,147,148,164,199,205,209,219,221,331,285,287,302,305,320,326,337,357,360
231:3,5,13,56,58,85,91,93,113,114,127,147,151,158,159,172,173,205,206,285,237,238,246,254,258,268,271,292,309,310,323,355
232:6,9,20,24,25,28,31,38,51,56,60,95,115,119,131,133,134,145,158,228,368,239,243,272,274,285,286,306,310,323,328,334,357
233:18,23,32,52,55,70,96,104,107,116,117,118,120,144,163,206,211,212,220,368,239,241,244,248,257,263,267,273,285,291,307,313,326,334,362,363
234:12,42,49,57,78,94,98,100,108,111,147,165,171,173,194,203,319,261,266,278,287,295,300,305,321,336,344
235:25,48,82,85,99,125,166,194,197,226,261,263,270,271,276,287,292,321,353,367,368
236:1,31,72,81,89,95,96,111,119,122,134,150,156,172,207,227,347,249,283,288,289,320,330,354
237:17,26,29,44,47,50,51,78,84,132,167,183,186,188,217,222,229,231,339,239,240,246,255,268,272,277,278,280,282,296,315,330,331,334,342,345,352
238:12,30,42,43,52,53,58,73,74,78,82,83,99,120,147,157,195,201,231,257,277,278,290,291,300,304,320,347,356,362,363,367
239:2,20,24,29,52,60,77,81,91,95,97,107,111,139,161,168,172,179,185,187,202,232,233,237,260,259,262,268,279,293,302,315,318,327,328,330,341,350,358
240:15,37,65,81,85,96,112,114,147,150,157,160,177,188,197,217,237,272,241,246,264,275,278,295,310,312,313,321
241:1,12,50,71,82,84,118,120,129,139,145,155,167,179,190,193,194,200,204,212,233,240,330,249,260,271,272,273,274,283,288,319,320,324,333,360,361
242:21,28,32,52,92,94,143,152,158,172,174,229,356,249,276,307,335,340,344,348
243:7,9,13,16,32,47,53,71,75,118,137,141,149,152,155,157,169,189,201,205,221,232,350,251,270,283,292,302,303,310,365,369
244:20,26,30,34,55,62,81,110,112,113,115,122,128,151,174,177,186,189,190,197,205,211,215,233,306,274,287,301,302,322,345,351,367
245:19,29,31,32,33,54,61,63,73,83,86,90,139,150,162,163,178,193,204,212,214,315,255,272,292,296,317,321,338,350,352,367
246:17,18,38,53,56,72,84,98,109,124,127,133,143,153,162,163,175,182,195,207,227,231,237,240,338,265,274,284,289,314,324,334,344
247:0,6,28,38,63,86,129,141,156,167,187,194,210,219,343,256,261,263,279,281,286,296,297,321,325,327,341,345,348,352
248:16,20,24,27,29,46,65,66,76,90,105,119,122,155,161,177,228,233,325,320,329,342
249:0,9,16,21,24,28,37,41,68,78,99,125,138,154,160,162,166,213,215,224,236,241,242,368,255,258,265,279,287,289,292,305,306,311,316,328,357,365
250:17,18,23,27,34,41,44,51,87,88,104,106,134,142,155,167,177,182,212,311,257,269,279,283,320,328
251:12,24,32,48,81,109,112,118,167,181,183,190,243,314,254,271,286,291,295,296,316,317,335,343,353,355
252:6,24,27,41,53,72,78,93,122,137,145,180,183,205,218,221,364,265,271,275,276,301,306,309,320,325,334
253:11,22,42,43,44,50,54,60,93,95,105,109,111,113,131,141,149,155,157,173,196,203,212,334,266,350,361
254:38,55,75,79,89,92,100,108,110,120,141,153,166,178,193,203,208,210,231,251,368,288,300,303,312,320,326,363,366
255:1,3,4,7,30,33,43,52,69,80,98,115,133,134,136,143,162,185,206,237,245,249,321,268,272,292,335
256:4,10,31,47,66,80,85,86,87,125,126,143,177,183,184,197,217,228,229,247,309,258,265,275,283,292,293,304,312,326,328,334,346,354,369
257:8,11,19,22,26,27,50,56,58,75,81,98,105,117,119,122,131,141,145,163,173,197,219,233,238,250,278,284,294,309,322,334,343,347,352,360
258:27,36,44,50,53,62,67,68,96,127,131,135,139,151,165,168,169,170,185,205,216,231,249,256,291,267,278,288,306,325,341,345,348
259:11,26,35,62,103,109,140,142,176,181,193,207,219,239,331,293,313,328,329,338,358,361,364,368,369
260:8,10,22,25,28,48,52,87,122,124,148,158,166,169,192,202,215,239,241,329,297,302,328,361,362
261:9,19,28,40,58,68,78,80,87,88,109,110,117,156,184,198,199,220,234,235,247,337,293,302
262:36,42,53,99,114,138,157,171,192,197,225,239,270,281,287,294,295,299,301,307,331,349,359
263:8,22,78,84,86,99,112,123,170,171,185,186,191,193,204,207,215,233,235,247,296,310,327,355,365
264:39,53,72,78,84,96,117,123,135,144,151,155,167,180,186,189,198,216,225,240,276,272,286,301,309,324,325,328,329,334,336,344,350,351,358
265:3,12,16,21,29,45,63,77,83,88,104,125,126,138,143,154,188,197,219,225,246,249,252,256,302,268,270,289,290,291,317,323,344,345,358,361,366
266:0,15,19,22,29,48,52,54,55,85,86,87,100,101,102,111,114,128,134,148,169,177,186,188,194,234,253,273,278,295,296,303,311,322,333,344,347,364
267:13,34,54,57,63,78,85,90,105,107,117,132,158,164,165,187,200,213,225,233,258,337,269,282,300,307,325,328,356,363,364
268:3,10,20,34,49,58,69,84,85,87,105,109,131,139,183,197,204,227,229,231,237,239,255,265,289,271,298,299,304,309,317,318,325,333,339,359
269:20,29,31,33,67,71,76,99,117,124,129,136,140,145,154,155,167,172,250,267,270,277,317,318,332,337,344,353,362,365,369
270:7,14,55,60,100,105,117,156,170,171,173,179,193,199,205,211,235,243,262,265,269,279,274,277,285,304,312,313,325,368
271:1,41,42,58,78,86,110,126,127,137,163,169,182,183,194,202,210,217,223,224,231,235,241,251,252,268,357,278,301,311,315,329,343
272:0,1,46,64,106,117,127,141,153,180,181,201,211,217,232,237,240,241,245,255,264,365,313,337,338,349
273:1,5,6,9,10,17,30,37,40,51,52,64,107,113,144,153,160,178,215,233,241,266,358,351,361
274:7,28,66,96,99,120,125,141,153,154,171,177,187,204,212,213,223,232,241,244,246,270,331,284,297,307,308,336,340,365
275:15,22,31,37,57,61,74,113,116,126,143,149,168,202,211,240,252,256,317,296,298,305,309,315,318,362,365,369
276:17,32,39,43,56,64,78,93,108,127,138,174,179,180,184,192,203,206,209,215,223,235,242,252,264,313,289,297,311,340
277:4,20,25,27,36,49,58,59,60,73,88,138,144,154,158,185,224,237,238,269,270,313,291,311,340,352
278:12,38,44,67,69,70,86,115,128,129,130,131,149,166,173,196,199,206,234,237,238,240,257,258,266,271,279,292,296,299,326,334,357,358,360,367,368
279:6,9,15,44,98,106,131,143,149,158,176,191,199,220,239,247,249,250,270,278,284,291,323,326,331,348,353,354,364
280:2,43,44,47,52,79,84,101,123,170,172,193,215,237,360,306,317,345,361
281:10,20,62,88,119,136,151,153,161,165,170,172,194,210,214,218,229,247,262,312,288,319,345,358
282:2,11,15,54,58,60,75,79,101,104,121,132,144,148,162,187,237,267,303,311,316,324,334,348,351
283:14,17,18,29,35,61,62,70,79,96,100,108,109,117,119,130,132,138,144,148,151,155,177,193,208,213,225,227,236,241,243,250,256,330,308,333,344,368
284:23,55,57,61,64,67,70,81,100,120,138,143,154,179,198,201,203,208,222,228,246,257,274,279,337,294,297,308,311,327,362
285:10,17,33,59,62,66,73,81,94,113,115,128,139,153,166,174,188,230,231,232,233,270,334,293,310,313,356
286:27,29,32,43,45,58,74,78,86,90,95,100,114,125,139,167,202,205,221,222,223,226,232,247,251,264,288,301,303,330,350,363,364
287:0,11,12,34,35,56,59,88,98,139,160,175,202,221,228,230,234,235,244,249,262,297,288,335,344,366
288:13,25,29,41,45,55,61,69,72,87,105,109,129,170,207,222,236,241,254,258,281,286,287,294,291,296,314,319,339,348,357,359,363
289:0,27,30,46,55,70,97,99,101,104,114,136,138,172,202,208,225,236,246,249,265,268,276,309,294,297,317,329,339,351
290:29,48,67,76,92,106,108,122,134,141,143,146,153,160,217,228,238,265,308,307,323
291:2,4,11,30,49,67,74,78,79,92,107,127,146,147,158,189,200,204,233,238,251,258,265,277,279,288,321,295,303,317,329,348,349
292:24,45,49,57,80,96,149,156,173,176,177,192,193,195,206,231,235,243,245,249,255,256,278,359,323,341,344,366
293:2,11,15,22,37,57,68,74,75,79,86,101,107,110,128,135,165,173,176,178,181,190,196,201,208,209,214,227,229,239,256,259,261,285,311,297,316,322,324,336,359,362
294:13,14,28,59,65,78,93,98,101,130,132,145,146,168,187,188,189,197,207,220,224,226,257,262,284,288,289,302,298,301,307,315,323,332,355
295:2,5,8,31,33,44,62,72,83,102,108,116,124,130,134,137,140,150,164,201,206,210,219,234,240,251,262,266,291,340,318,349,352,355,358
296:21,22,23,33,36,56,62,94,108,116,125,126,135,137,157,167,172,178,195,215,221,223,237,245,247,251,263,266,275,278,288,366,312,323,346,352,363
297:3,31,34,56,60,68,74,96,103,105,110,111,119,160,183,191,192,198,200,226,247,260,274,276,284,287,289,293,343,312,317,321,337,340,349,361
298:31,39,43,45,47,56,72,76,90,99,107,110,143,147,154,165,166,174,182,189,194,195,205,268,275,294,314,305,308,311,312,315,317,319,339,368
299:1,2,10,24,31,47,63,69,74,79,126,155,165,181,184,185,190,206,211,213,262,268,278,315,336,346,349,365
300:2,11,33,40,47,50,74,90,107,109,126,215,222,234,238,254,267,327,321,324,329,331,346
301:15,28,37,51,60,64,69,72,95,118,175,200,214,221,226,244,252,262,264,271,286,294,313,316,336,362,366,369
302:4,12,31,32,48,50,62,66,76,101,115,131,132,134,137,141,148,212,224,230,239,243,244,260,261,265,294,361,306,309,331,342,354,355,364,365,366
303:8,13,19,21,23,28,67,82,84,90,92,112,114,129,144,154,164,199,243,254,266,282,286,291,348,308,340,342,360,368
304:15,31,32,47,60,63,115,118,125,131,137,159,164,175,183,184,195,216,219,238,256,268,270,314,306,337,366
305:12,18,19,32,38,52,53,54,65,80,85,93,107,120,137,148,154,157,193,215,230,234,249,275,298,316,341,364
306:17,21,28,60,70,71,75,95,105,114,129,178,181,182,185,201,226,232,244,249,252,258,280,302,304,312,318,323,355
307:36,45,47,60,125,139,155,156,166,174,189,196,197,202,222,233,242,262,267,274,290,294,367,327,330,340,351,359
308:13,33,43,81,94,95,158,174,175,184,186,192,196,198,203,209,220,223,274,283,284,290,298,303,344,327,330,354
309:30,47,49,76,78,97,106,113,139,166,171,173,175,189,194,201,215,222,224,229,231,252,256,257,264,268,275,289,302,355,316,349,359
310:4,9,13,39,51,66,101,123,137,146,164,165,173,175,183,216,222,231,232,240,243,263,285,363,365
311:23,24,32,39,51,54,59,107,128,143,188,195,203,222,249,250,266,271,276,277,282,284,293,298,339,345,351,364,369
312:18,32,38,40,45,47,109,114,124,150,159,187,197,215,226,228,240,254,256,270,281,296,297,298,306,323,318,329,336,338,347,363
313:19,22,24,42,89,150,168,169,192,209,215,220,233,240,259,270,272,276,277,285,301,344,317,342,364
314:3,8,13,23,61,85,97,128,140,141,146,156,174,206,246,251,288,298,304,331,325,365
315:9,44,48,55,58,76,120,138,145,150,170,179,191,198,210,214,225,237,239,245,271,275,294,298,299,348,319,355,358,366,369
316:3,25,28,41,57,62,66,79,91,107,123,124,132,135,151,158,160,173,199,201,249,251,282,293,301,305,309,367,321,341,350,357,360
317:7,8,18,21,25,41,46,56,68,71,132,164,168,188,191,199,219,245,251,265,268,269,275,280,289,291,297,298,313,320,358
318:1,20,39,43,66,70,77,138,141,190,195,199,221,239,268,269,275,295,306,312,324,333,342,360
319:28,32,64,78,80,103,121,122,123,128,136,142,180,190,194,210,218,220,234,241,281,288,298,315,331,322
320:15,24,48,57,69,76,78,101,102,148,157,188,200,201,210,211,230,236,238,241,248,250,252,254,317,324,353,356,364
321:25,38,50,57,59,63,85,90,100,121,123,124,141,143,146,150,162,169,178,200,205,234,235,240,245,247,255,291,297,300,316,359
322:4,12,15,31,45,50,76,83,87,94,100,130,133,205,222,244,257,266,293,319,346,357
323:8,37,43,71,81,124,140,159,170,174,199,215,228,231,232,265,279,290,292,294,296,306,312,335,326,342,345,349,357
324:2,11,40,65,94,111,117,145,167,194,200,206,207,209,211,216,221,241,246,264,282,293,300,318,320,356,346
325:13,21,42,45,53,70,75,94,107,111,128,137,155,157,159,174,182,188,247,248,252,258,264,267,268,270,314,350,338,364
326:0,5,34,75,80,100,103,110,113,136,203,208,212,230,233,254,256,278,279,323,367,327,341,368
327:1,7,25,34,38,43,68,71,90,103,104,106,107,113,156,189,199,210,218,229,239,247,263,284,300,307,308,326,342,353,360,367
328:13,15,26,28,30,41,43,50,60,65,72,84,98,104,107,111,128,147,174,180,189,209,218,219,224,232,239,249,250,256,259,260,264,267,368,366,369
329:38,57,69,72,77,91,105,123,130,134,166,180,188,217,248,259,260,264,271,289,291,300,312,348,352,369
330:9,11,13,21,29,35,60,77,81,105,137,138,195,202,203,213,222,236,237,239,241,283,286,307,308,337,341,346
331:43,56,57,64,78,90,105,110,112,115,149,174,183,208,222,230,237,259,262,274,279,300,302,314,319,352,341,350
332:19,20,40,59,87,95,130,136,145,174,183,184,269,294,358,334,349,354,355
333:2,6,26,37,41,45,52,66,71,84,93,96,98,117,127,145,147,154,173,176,177,185,192,206,209,215,223,229,241,266,268,283,318,368,352,356
334:15,26,64,86,128,165,168,176,178,180,222,232,233,237,246,252,253,256,257,264,278,282,285,332,339,335,357,358,368
335:3,25,34,37,59,68,80,85,98,100,102,147,149,164,168,169,192,206,242,251,255,287,323,334,342,345,358,361,365
336:11,33,47,63,66,72,93,119,123,127,129,138,146,168,186,206,220,225,234,264,274,293,299,301,312,348,338,342,349
337:3,10,12,13,34,67,73,96,143,145,179,186,188,211,218,220,227,230,261,267,269,272,284,297,304,330,359,354
338:11,25,26,41,47,71,99,107,109,168,177,199,212,217,245,246,259,272,312,325,336,339
339:3,30,35,37,49,58,66,123,159,168,176,178,201,237,268,288,289,298,311,334,338,345,347,353,365
340:7,15,18,68,76,104,107,110,118,127,131,136,156,160,196,212,216,242,274,276,277,295,297,303,307,368
341:3,9,31,37,55,62,67,72,73,76,93,98,103,125,145,146,164,174,194,202,204,207,209,239,247,258,292,305,316,326,330,331,361,342,357,367
342:3,24,41,48,52,113,116,148,157,191,197,215,227,228,237,248,302,303,313,318,323,327,335,336,341,358,348,355,356,360,366
343:1,4,13,22,24,29,34,36,46,48,83,91,92,93,97,102,135,146,151,155,175,188,202,216,222,226,247,251,257,271,297,344,345,348,350,365
344:8,29,32,50,122,123,126,143,163,174,183,198,204,223,234,242,246,264,265,266,269,283,287,292,308,313,343,357,346,352,358,361,362
345:2,6,10,32,45,52,54,79,116,128,131,161,167,177,180,190,203,237,244,247,258,265,280,281,311,323,335,339,343,349,361,366,367
346:25,33,47,48,67,79,112,123,134,138,147,149,158,160,161,162,181,189,200,226,256,296,299,300,322,324,330,344,349,352,363
347:2,5,6,52,65,70,93,104,135,150,152,158,170,177,190,191,192,214,218,227,236,238,257,266,312,339,355,354,363
348:23,31,52,56,64,71,72,74,77,94,157,159,186,206,212,214,242,247,258,279,282,288,291,303,315,329,336,342,343,354
349:21,47,49,62,82,92,134,138,150,152,163,164,165,182,203,215,227,262,272,291,295,297,299,309,323,332,336,345,346,364,368
350:24,30,34,47,49,51,60,68,69,122,124,130,131,144,154,155,171,208,209,216,218,239,243,245,253,264,286,316,325,331,343,367
351:22,24,43,108,109,110,158,178,197,198,204,213,218,244,264,273,282,289,307,311,356
352:14,30,35,44,76,91,111,120,129,137,174,184,195,196,223,237,245,247,257,277,295,296,329,331,333,344,346,362,354
353:14,23,26,49,68,79,90,103,105,106,115,139,148,150,151,165,171,201,205,209,223,225,235,251,269,279,320,327,339,357,367
354:0,13,31,32,40,50,57,68,70,75,79,98,106,153,157,169,219,227,236,256,279,302,308,332,337,347,348,352,368,357
355:3,7,32,33,53,58,64,65,67,75,101,107,109,110,114,116,139,182,192,199,207,208,211,217,231,251,263,294,295,302,306,309,315,332,342,347,363,358,367
356:8,21,29,50,114,123,147,163,183,238,242,267,285,320,324,333,342,351,367
357:3,5,25,49,60,92,99,104,118,145,167,189,226,230,232,249,271,278,288,316,322,323,334,341,344,353,354,361
358:5,7,8,21,24,25,37,39,40,70,73,79,114,116,125,149,156,215,217,226,239,259,264,265,273,278,281,295,315,317,332,334,335,342,344,355,365
359:4,17,26,53,54,58,59,62,150,184,189,200,203,205,207,212,213,262,268,288,292,293,307,309,321,337,369,368
360:2,9,11,12,19,27,32,67,84,85,86,134,146,148,154,179,182,228,230,241,257,278,280,303,316,318,327,342,367
361:22,25,30,44,48,61,67,73,82,106,115,117,142,145,157,179,189,211,221,222,241,253,259,260,265,273,280,297,302,335,341,344,345,357,369
362:11,60,78,79,101,107,113,134,144,197,208,233,238,260,269,275,284,293,301,344,352,369,365
363:12,30,34,49,61,69,85,87,122,127,161,219,224,233,238,254,267,286,288,296,310,312,346,347,355,366
364:0,9,22,30,33,48,88,89,91,109,124,133,143,157,175,206,212,223,252,259,266,267,279,286,302,305,311,313,320,325,349,365
365:6,10,12,14,25,39,43,49,62,83,96,109,115,133,142,145,171,177,195,196,229,243,249,263,269,272,274,275,299,302,310,314,335,339,343,358,362,364,369
366:4,16,57,82,83,85,90,91,100,102,104,106,108,125,141,144,147,151,177,184,207,211,217,254,265,287,292,296,301,302,304,315,328,342,345,363,368,369
367:9,20,29,58,65,73,84,102,120,139,152,171,175,195,197,202,206,235,238,244,245,278,307,316,326,327,341,345,350,353,355,356,360,369
368:20,35,45,60,86,106,135,158,164,187,202,204,232,233,235,249,254,259,270,278,283,298,303,326,328,333,334,340,349,354,359,366,369
369:25,31,87,88,93,112,121,143,174,190,193,199,207,213,220,223,243,256,259,269,275,301,311,315,328,329,359,361,362,365,366,367,368
