0:251,16,30,115,128,154,191,222,229,236,255,272,275,290,298,318,349,357,371,424
1:9,5,63,129,158,159,178,208,219,327
2:171,20,21,99,108,166,241,257,261,287,293,323,352
3:368,48,49,62,71,81,110,120,147,183,188,233,259,294,298,325,346,372,375,389,412,414,434
4:197,11,27,68,115,177,207,258,278,310,315,317,349,351,365,385,413
5:1,100,16,27,46,50,114,141,182,183,240,267,269,291,305,309,323,342,428
6:32,28,52,78,168,175,209,236,241,249,250,276,303,319,323,336,366,371,384
7:225,11,45,128,149,193,207,236,258,277,283,290,323,380,422,428
8:246,15,25,62,126,224,257,284,286,293,301,311,332,335,340,384,409,412
9:1,58,12,51,103,125,152,173,179,193,265,329,357,390,403
10:50,45,57,59,73,111,119,138,139,162,189,210,228,284,298,309,312,335,349,354,386,388,427
11:4,7,110,12,17,31,40,44,58,63,102,156,198,210,221,224,272,287,313,320,365,378,437
12:9,11,175,13,21,72,126,136,204,248,250,258,347
13:12,286,26,27,54,89,133,220,304,316,327,331,386,416
14:408,22,26,52,63,91,128,142,151,182,192,216,223,232,334,354,360,371,375,387,421
15:8,106,34,85,94,146,163,198,239,248,259,343,346,350,355,410,428,439
16:0,5,134,58,89,100,104,136,143,161,192,219,226,312,313
17:11,155,60,66,67,91,164,190,211,270,307,313,321,333,356,371,408
18:409,22,62,108,125,128,138,146,213,269,274,303,309,358,375,382,383,384,393,419,420,432
19:220,50,76,95,170,179,184,218,234,283,317,322,324,350,360
20:2,27,44,61,65,88,94,163,174,187,235,269,286,321,328,337,385,395,405,418
21:2,12,316,24,73,92,96,147,194,221,262,315,363,377,401,417
22:14,18,364,61,72,107,109,171,245,271,291,358,359,397
23:130,43,44,71,79,139,140,147,226,229,254,291,311,356,374,378,432,436
24:21,304,92,126,165,207,209,210,239,261,312,323,342,346,396,414
25:8,54,42,52,101,142,225,245,281,392,438
26:13,14,211,40,44,52,100,144,174,187,231,258,266,277,301,327,341,343,360,400,404,416
27:4,5,13,20,411,94,177,191,213,320,410,430
28:6,436,81,139,183,232,234,253,262,286,370,421
29:66,43,147,271,273,278,281,300,315,367,382,409
30:0,199,108,179,244,248,312,339,350,358,368,372,378,384,413
31:11,337,48,79,83,87,103,109,167,204,213,229,230,243,246,292,298,308,312,327,357,381,386,396,404
32:6,425,173,214,240,259,285,288,290,301,307,318,330,368,394,433
33:248,49,56,100,117,134,155,202,215,279,318,325,339
34:15,230,44,93,97,135,154,183,202,215,227,238,249,316,350,372,406,433,438
35:152,66,79,97,306,358,360,372,383,422
36:216,55,59,66,67,74,87,91,93,145,158,211,239,244,327,372,384,402,409
37:421,58,72,73,136,138,155,206,214,220,246,264,278,285,322,325,341,422,437
38:61,66,91,96,121,141,218,238,246,272,288,310,315,321,353,355,427
39:365,56,65,76,77,80,292,302,320,342,388,399,423
40:11,26,321,57,93,126,164,177,279,298,308,327,365,385,420
41:400,61,82,138,193,195,215,223,234,256,263,264,278,329,351,352,432
42:25,130,61,86,127,184,192,230,259,421,436
43:23,29,358,108,141,182,248,278,327,350,406
44:11,20,23,26,34,251,82,93,120,126,128,139,210,213,311,322,349,372,396
45:7,10,265,49,50,97,153,167,185,236,251,275,276,301,319,328,365,386,415
46:5,314,49,51,91,154,164,200,205,211,289,307,339
47:49,64,75,89,103,104,112,118,131,134,150,168,183,201,231,276,285,345,359,361,368,369,393,414,429,432
48:3,31,135,50,57,69,71,80,89,93,113,133,220,224,239,242,280,292,307,331,369,409,417
49:3,33,45,46,47,286,56,71,72,106,112,171,179,258,303,323
50:5,10,19,45,48,225,96,154,180,222,230,270,296,330,344,367,394,408,412
51:9,46,337,82,84,100,106,116,180,212,239,243,252,276,297,359,363,378,381,421,425
52:6,14,25,26,205,73,77,88,89,102,128,141,157,159,196,223,246,250,259,287,316,327,398,435
53:404,115,122,143,146,160,202,280,308,312,336,340,345,346,403
54:13,25,248,125,167,235,241,250,263,273,287,288,317,320,367,378,385,407,410,416
55:36,414,90,137,152,168,178,241,287,343,354,387
56:33,39,49,183,98,157,177,178,203,211,255,284,315,331,342,429
57:10,40,48,110,99,106,140,166,207,235,241,242,252,278,279,296,301,305,349,397,434
58:9,11,16,37,200,62,84,124,193,284,380,385,422,423,436
59:10,36,436,79,109,164,295,383,391,416,420
60:17,111,81,139,179,246,251,311,314,321,355,392,405,412,425
61:20,22,38,41,42,434,130,162,192,374,380,428,439
62:3,8,18,58,320,66,88,97,137,159,162,163,168,194,201,223,231,254,318,334,336,346,357,376,401
63:1,11,14,436,169,247,267,269,288,344,346,350,353
64:47,148,110,134,147,161,164,170,193,196,223,244,295,340,376,386,434,435
65:20,39,251,144,148,195,217,276,333,368,396,431
66:17,29,35,36,38,62,129,105,185,196,212,223,327,347,374,409,416,428
67:17,36,310,91,100,101,138,144,161,166,265,342,389,420
68:4,163,76,81,104,133,158,244,254,302,349,361,402,438
69:48,297,71,72,74,96,108,173,214,245,276,310,314,320,390,400,405,406
70:88,81,95,97,102,119,194,218,275,284,304,322,352,395,398,406
71:3,23,48,49,69,104,83,100,145,162,165,182,197,214,294,307,368,382,420
72:12,22,37,49,69,156,84,175,197,233,284,316,318,376,385,425,429,437
73:10,21,37,52,85,97,99,132,166,181,187,205,206,264,269,289,328,355,411,427
74:36,69,316,75,108,168,177,228,252,262,275,286,299,406
75:47,74,418,79,81,97,119,155,171,189,233,234,246,258,266,276,426,437
76:19,39,68,195,121,133,194,315,317,323,353,373,390,397
77:39,52,382,98,130,176,183,300,311,316,339,358,378,391,394,410
78:6,175,94,109,112,147,152,157,159,168,197,286,300,303,318,322,386,419,428
79:23,31,35,59,75,349,95,105,112,115,129,148,176,200,206,277,308,322,358,415
80:39,48,153,169,228,243,254,280,294,305,330,401,411,422
81:3,28,60,68,70,75,399,159,202,204,221,224,234,253,257,278,282,315,340,373,392,409,432
82:41,44,51,216,114,121,166,209,292,325,346,369,379,400,413,430
83:31,71,254,105,125,138,155,179,214,243,261,269,299,302,344,377,403,412,433
84:51,58,72,438,92,177,213,242,247,289,298,310,364,421
85:15,73,192,164,218,224,234,317,338,415,436
86:42,230,90,91,127,131,174,181,190,229,253,264,285,290,297,384,424
87:31,36,216,171,223,229,249,251,268,326,332,343,346,379,381
88:20,52,62,70,407,169,187,250,254,429
89:13,16,47,48,52,291,99,169,188,232,239,245,261,265,272,280,288,306,337,352,360,366,379,390,396,399,405,428
90:55,86,120,126,129,136,183,191,196,206,209,254,426
91:14,17,36,38,46,67,86,127,92,93,109,115,159,167,299,332,353,375,404
92:21,24,84,91,210,95,130,132,175,199,240,275,301,308,316,354,376,385,397,400
93:34,36,40,44,48,91,263,122,144,191,217,262,265,267,325,329,367,399,431
94:15,20,27,78,140,108,123,129,161,203,224,282,288,325,377,399,431
95:19,70,79,92,137,260,281,331,340,349,356,433
96:21,38,50,69,404,102,138,284,312,341,345,366,380,412
97:34,35,45,62,70,73,75,163,103,123,124,178,209,232,281,312,315,404,406,414,429,439
98:56,77,386,147,171,172,176,184,212,217,221,300,336,374,433
99:2,57,73,89,223,126,137,164,209,229,258,260,262,271,279,289,310,311,349,368,387
100:5,16,26,33,51,67,71,194,128,140,142,153,164,197,213,225,265,267,272,277,279,308,310,330,334,352,387,409
101:25,67,378,137,194,215,224,228,243,252,273,278,292,294,301,315,318,365,385,416
102:11,52,70,96,416,120,125,240,262,340,342,346
103:9,31,47,97,122,153,167,220,228,360,373,376,394,398,420,432
104:16,47,68,71,307,106,126,128,132,146,218,222,245,249,251,312,320,337,341,345,349,366,413,438
105:66,79,83,389,127,135,147,165,167,174,206,229,240,283,335,385,420,432
106:15,49,51,57,104,401,192,195,231,247,252,253,255,355,369,379,403,408,439
107:22,374,117,127,150,155,310,323,349,360
108:2,18,30,43,69,74,94,346,155,164,172,205,228,246,258,277,293,310,339,397,399
109:22,31,59,78,91,302,112,115,129,150,158,173,304,312,365,432
110:3,11,57,64,128,116,220,237,258,270,274,285,314,323,375
111:10,60,402,151,175,178,202,275,279,322
112:47,49,78,79,109,254,153,184,210,231,264,339,354,414
113:48,138,121,150,166,175,178,212,221,227,287,312,316,351,366,375,396,413,421
114:5,82,174,312,334,345,421
115:0,4,53,79,91,109,286,200,225,234,238,342,387,423
116:51,110,365,172,212,245,250,274,278,371
117:33,107,221,165,175,210,219,261,269,272,342,366,381,407,419
118:47,247,120,133,135,138,281,305,369,371,384,394,408,410
119:10,70,75,228,164,165,171,190,196,202,206,235,259,265,312,343,349,359,363,392,416
120:3,44,90,102,118,253,140,180,275,341,348,369,380,388,390,425
121:38,76,82,113,438,126,127,164,186,231,235,237,286,300,364,415,427
122:53,93,103,361,131,133,134,135,144,155,158,193,202,218,327,363,379,381,419,433
123:94,97,358,148,209,265,331,348,353,379,394
124:58,97,189,166,190,192,209,247,287,292,408,425,426,432
125:9,18,54,83,102,311,154,174,177,204,207,273,287,325,330,358,365,395,396,413,427,435
126:8,12,24,40,44,90,99,104,121,347,133,170,179,185,199,230,278,279,324,341,350,426,428,433
127:42,86,91,105,107,121,285,181,234,279,356,379,391,394,405
128:0,7,14,18,44,52,100,104,110,276,136,196,205,208,213,220,231,240,255,302,358,407
129:1,66,79,90,94,109,331,146,178,210,226,245,247,290,320,326,330,361,364,392,415,429
130:23,42,61,77,92,408,150,224,247,278,375
131:47,86,122,262,177,192,217,218,271,288,289,291,318,332,344,363,411,422,436
132:73,92,104,340,144,150,157,163,200,231,245,277,293,329,352,354,371,385,428,432
133:13,48,68,76,118,122,126,155,141,172,204,210,218,241,262,267,300,335,343,365,367,388,406,407
134:16,33,47,64,122,267,190,251,265,285,296,343,365,378,407
135:34,48,105,118,122,234,181,185,187,204,216,256,280,282,285,302,321,325,357,426
136:12,16,37,90,128,194,166,173,188,198,301,312,365,379,438
137:55,62,95,99,101,398,138,140,167,173,181,233,252,297,364,380,397,412,422,432
138:10,18,37,41,67,83,96,113,118,137,303,146,172,215,226,257,372
139:10,23,28,44,60,379,167,187,199,201,206,222,233,328,347,377,381,420,427
140:23,57,94,100,120,137,405,223,224,275,286,337,341,372,411,418,429
141:5,38,43,52,133,308,205,214,223,309,370,375
142:14,25,100,195,183,201,215,247,264,268,282,350,362,382,403
143:16,53,417,227,268,282,321,326,361,375,382,396
144:26,65,67,93,122,132,206,154,182,196,248,328,348,350,384
145:36,71,292,191,245,249,254,359,408
146:15,18,53,104,129,138,263,157,178,183,252,261,282,331,417,420,438
147:3,21,23,29,64,78,98,105,413,166,196,197,267,338,356,411
148:64,65,79,123,312,157,258,315,318,350,360,417
149:7,325,169,218,247,287,291,336,402,425,437
150:47,107,109,113,130,132,311,176,178,255,265,297,330,353,377
151:14,111,176,157,159,173,252,262,293,299,383,434
152:9,35,55,78,353,170,184,190,266,276,277,292,311,312,336,414,417
153:45,80,100,103,112,175,168,215,322,323,338,361,370
154:0,34,46,50,125,144,375,156,184,233,248,271,296,317,339,389,416
155:17,33,37,75,83,107,108,122,133,254,196,201,204,228,301,325,328,335,374,394,396
156:11,72,154,192,200,239,300,307,318,349,416,420
157:52,56,78,132,146,148,151,176,164,174,202,256,290,313,345,347,360,368,394,396
158:1,36,68,109,122,423,163,198,204,216,225,230,252,311,341,351,361,437
159:1,52,62,78,81,91,151,414,210,226,227,288,320,370,409,439
160:53,203,172,184,244,326,334,388,401,421,430,437
161:16,64,67,94,405,171,178,236,244,280,321,352,355
162:10,61,62,71,184,180,212,218,259,283,291,328,381,415,423,428
163:15,20,62,68,97,132,158,248,190,234,242,247,335,397
164:17,40,46,59,64,85,99,100,108,119,121,157,237,172,194,347,366,381,391
165:24,71,105,117,119,344,220,227,254,295,336,381,401
166:2,57,67,73,82,113,124,136,147,360,217,220,235,263,273,291,331,351,416
167:31,45,54,91,103,105,137,139,354,185,195,203,247,255,299,373,374,401
168:6,47,55,62,74,78,153,338,211,272,318,328,354,373,381,388,394,395,435
169:63,80,88,89,149,411,203,238,265,322,332,348,355
170:19,64,126,152,337,177,228,232,240,244,257,274,322,334,393,416,426
171:2,22,49,75,87,98,119,161,311,187,199,223,224,253,303,325,358,380,391,405,415
172:98,108,116,133,138,160,164,253,206,212,257,272,279,314,334,344,351,399
173:9,32,69,109,136,137,151,407,190,209,281,295,369,397
174:20,26,86,105,114,125,157,192,189,195,216,223,236,260,284,298,308,356,381,384
175:6,12,72,78,92,111,113,117,153,194,184,201,297,329,336,337,348,368,387,394,406,421,430
176:77,79,98,150,151,157,366,190,200,205,250,255,271,276,331,357,364,378,415
177:4,27,40,56,74,84,125,131,170,406,207,208,253,259,283,302,309,323,338,380,410,430
178:1,55,56,97,111,113,129,146,150,161,358,225,243,276,332,346,368,403
179:9,19,30,49,60,83,126,288,181,185,253,290,308,309,321,332,345,381,384,417
180:50,51,120,162,223,206,210,234,239,302,351,369,370,397,429
181:73,86,127,135,137,179,237,183,198,230,232,236,253,267,333,334,365,367,382,422,425,436
182:5,14,43,71,144,208,198,268,276,335,339,363,378,390,420,424
183:3,5,28,34,47,56,77,90,142,146,181,190,271,295,344,360,402
184:19,42,98,112,152,154,160,162,175,274,185,257,309,336,382,389,398,423,428
185:45,66,126,135,167,179,184,226,198,213,286,340,364,378,391,403,426
186:121,266,188,197,199,242,247,254,263,289,308,330,336,375,403
187:20,26,73,88,135,139,171,402,197,260,307,344,397,399
188:3,89,136,186,280,192,199,205,285,376,384,414,415,427
189:10,75,124,174,429,208,220,229,305,352,355,366,395
190:17,86,119,124,134,152,163,173,176,183,299,200,203,220,234,325,411
191:0,27,90,93,145,402,225,252,255,304,316,331,384
192:14,16,42,61,85,106,124,131,156,174,188,278,196,265,274,295,306,371,411
193:7,9,41,58,64,122,252,224,227,273,333,362,377,381,391
194:21,62,70,76,100,101,136,164,175,345,222,236,243,293,294
195:41,65,76,106,142,167,174,341,207,284,333,339,355,414,422
196:52,64,66,90,119,128,144,147,155,192,357,203,210,217,221,270,304,340,358,394,439
197:4,71,72,78,100,147,186,187,377,199,254,293,304,313,322,343,348,414,439
198:11,15,136,158,181,182,185,246,248,264,272,282,303,332,341,356,387,395,428
199:30,92,126,139,171,186,188,197,258,206,235,248,294,323,324,336,435,439
200:46,58,79,115,132,156,176,190,350,310,338,373,411
201:47,62,139,142,155,175,275,221,242,246,264,265,273,283,296,338,401,419,425,433,435
202:33,34,53,81,111,119,122,157,262,208,212,244,310,323,335,338,348,355,358,385
203:56,94,160,167,169,190,196,220,227,281,311,320,338,347,367,368,372,395
204:12,31,81,125,133,135,155,158,429,215,244,273,280,308,311,398,400,424
205:46,52,73,108,128,141,176,188,328,223,260,261,262,266,279,320,373,426,433
206:37,73,79,90,105,119,139,144,172,180,199,252,224,230,241,262,272,330,343,344,424,426
207:4,7,24,57,125,177,195,255,211,283,290,350,351,361,414
208:1,128,177,182,189,202,277,251,255,258,288,319,368,439
209:6,24,82,90,97,99,123,124,173,435,214,231,233,344,354,379,420
210:10,11,24,44,92,112,117,129,133,159,180,196,394,247,304,331,360,362,364,393,411,412,431
211:17,26,36,46,56,168,207,248,240,288,293,353,359,390,433
212:51,66,98,113,116,162,172,202,394,224,233,244,305,310,315,330,344,409,411
213:18,27,31,44,84,100,128,185,297,266,274,301,332,384,403,422,433,439
214:32,37,69,71,83,141,209,300,240,259,314,317,321,333,342,355,414,425
215:33,34,41,101,138,142,153,204,303,239,304,336,391,429
216:14,36,82,87,135,158,174,396,248,257,274,330,343,405,416,418,423
217:65,93,98,131,166,196,231,227,241,282,351,385
218:19,38,70,85,104,122,131,133,149,162,256,229,301,311,312,360,387,389,394
219:1,16,117,253,256,261,282,285,286,288,370,389
220:13,19,37,48,103,110,128,165,166,189,190,203,224,223,225,257,270,290,301,330,391,401,433,434
221:11,21,81,98,113,117,196,201,226,222,229,233,234,257,272,275,277,280,305,366,399
222:0,50,104,139,194,221,439,273,416,420,431
223:14,41,52,62,64,66,87,99,140,141,171,174,180,205,220,225,271,301,373,378,421,429
224:8,11,48,81,85,94,101,130,140,171,193,206,212,220,423,236,278,308,314,333,357,414
225:7,25,50,100,115,158,178,191,220,223,345,269,271,276,282,296,304,308,318,319,411,426
226:16,23,129,138,159,185,221,324,291,333,343,381,411
227:34,113,143,159,165,193,203,217,412,245,249,265,306,310,313,321,327,348,362,373,405
228:10,74,80,101,103,108,119,155,170,393,291,292,364,380,386,428,431
229:0,23,31,86,87,99,105,189,218,221,409,293,341,395,427,431
230:31,34,42,50,86,126,158,181,206,267,296,299,306,311,315,334,392
231:26,47,62,106,112,121,128,132,209,217,297,247,259,266,273,293,298,326,335,354
232:14,28,89,97,170,181,359,281,374,423,431
233:3,72,75,137,139,154,209,212,221,428,244,261,331,350,351,378,402,407
234:19,28,41,75,81,85,115,127,135,163,180,190,221,274,258,281,322,355,356,436
235:20,54,57,119,121,166,199,431,272,296,344,377,408,420,423,435
236:0,6,7,45,161,174,181,194,224,340,275,282,287,339,364,374,397,415
237:110,121,164,181,252,266,273,276,289,321,338,357,368,370,378,403
238:34,38,115,169,284,264,291,303,304,315,319,321,364,370,428
239:15,24,36,48,51,89,156,180,215,282,267,305,333,343,374,381,415
240:5,32,92,102,105,128,170,211,214,286,298,311,314,316,425,430
241:2,6,54,55,57,133,206,217,345,242,252,268,282,285,297,329,351,426,432
242:48,57,84,163,186,201,241,309,244,275,290,292,295,307,361,392,412,421
243:31,51,80,83,101,178,194,292,267,280,287,288,304,359,395
244:30,36,64,68,160,161,170,202,204,212,233,242,346,253,258,283,290,299,367,372,394
245:22,25,69,89,104,116,129,132,145,227,351,251,254,305,343,347,387,421
246:8,31,37,38,52,60,75,108,198,201,405,284,303,316,321,326,382,402,418
247:63,84,106,118,124,129,130,142,149,163,167,186,210,231,375,294,334,351,373,378,405,408
248:12,15,30,33,43,54,144,154,163,198,199,211,216,249,256,306,310,345,356,439
249:6,34,87,104,145,227,248,430,308,339,370,373,402,403,419,435
250:6,12,52,54,88,116,176,427,253,306,329,343,363,365,374,380,382,407,410
251:0,44,45,60,65,87,104,134,208,245,434,276,334,374,388,438
252:51,57,74,101,106,137,146,151,158,191,193,206,237,241,265,307,331,334,370,413,431
253:28,81,86,106,120,171,172,177,179,181,219,244,250,268,287,318,360,407,433,437
254:23,62,68,80,83,88,90,112,145,155,165,186,197,245,406,364,373,379,432,439
255:0,56,106,128,150,167,176,191,207,208,368,284,296,301,303,333,365,400,412,418,420,425,429,433
256:41,135,157,218,219,248,334,269,274,285,352,357,365,385,434
257:2,8,81,138,170,172,184,216,220,221,421,267,348,351
258:4,7,12,26,49,75,99,108,110,148,199,208,234,244,293,264,277,313,325,354,378,412,419
259:3,15,32,42,52,119,162,177,214,231,362,303,316,351,378,412
260:95,99,174,187,205,298,317,338,342,372,375,390
261:2,24,83,89,117,146,205,219,233,385,277,301,323,431
262:21,28,74,93,99,102,131,133,151,202,205,206,370,331,352,379
263:41,54,93,146,166,186,396,339,350,351,405
264:37,41,73,86,112,142,198,201,238,258,291,267,342,368,435
265:9,45,67,89,93,100,119,123,134,150,169,192,201,227,252,311,278,316,345,347,362,364,370,411,421,435
266:26,75,152,186,205,213,231,237,379,289,298,415
267:5,63,93,100,133,134,147,181,230,239,243,257,264,333,332,343,374,385,388,405,434,437
268:87,142,143,182,241,253,269,346,357,413,439
269:5,18,20,63,73,83,117,225,256,268,318,270,303,316,353,355,361
270:17,50,110,196,220,269,435,325,336,366,367,380,409
271:22,29,99,131,154,176,183,223,225,376,291,311,357,373,380,381
272:0,11,38,89,100,117,168,172,198,206,221,235,340,305,313,326,328,339,383,408,410,433
273:29,54,101,125,166,193,201,204,222,231,237,432,315,320,383,420
274:18,110,116,170,184,192,213,216,234,256,405
275:0,45,70,74,92,111,120,140,201,221,236,242,295,322,325,342,360,371,373
276:6,45,47,51,65,69,75,128,152,176,178,182,225,237,251,315,288,312,313,319,322,326,349,377
277:7,26,79,100,108,132,152,208,221,258,261,409,280,284,309,344,352,366,376,398,423
278:4,29,37,41,43,57,81,101,116,126,130,192,224,265,416,308,353,386,405,407,417,439
279:33,40,57,99,100,111,126,127,172,205,428,346,347,352,360,433
280:48,53,80,89,135,161,188,204,221,243,277,415,312,422
281:25,29,95,97,118,173,203,232,234,406,291,298,311,316,409,427,428
282:81,94,135,142,143,146,198,217,219,225,236,239,241,344,304,314,318,393,425
283:7,19,105,162,177,201,207,244,431,300,343,366,426
284:8,10,56,58,70,72,96,174,195,238,246,255,277,370,294,333,381,411,439
285:32,37,47,86,110,127,134,135,188,219,241,256,313,286,287,327,370,381,387,416,432
286:8,13,20,28,49,74,78,115,121,140,185,219,240,285,291,328,337,353,357,389,431
287:2,11,52,54,55,113,124,125,149,236,243,253,285,408,298,328,405,406
288:32,38,54,63,89,94,131,159,179,208,211,219,243,276,363,302,304,317,369,391,402,403,436
289:46,73,84,99,131,186,237,266,387,324,335,339,340,356,378,395,423,429
290:0,7,32,86,129,157,179,207,220,242,244,331,432
291:5,22,23,89,131,149,162,166,226,228,238,264,271,281,286,326,313,323,345,413
292:31,39,48,82,101,124,145,152,228,242,243,342,306,391,396,403,434
293:2,8,108,132,151,194,197,211,229,231,258,383,317,378,379,385
294:3,71,80,101,194,199,247,284,432,312,355,362,373,374,400,417
295:59,64,165,173,183,192,242,275,396,299,332,335,373,413
296:50,57,134,154,201,225,230,235,255,386,311,353,356,360
297:51,69,86,137,150,175,213,231,241,388,329,371,405,434,437
298:0,3,10,31,40,84,174,231,240,260,266,281,287,304,328,374,381,417
299:74,83,91,151,167,190,230,244,295,310,324,331,390,413
300:29,77,78,98,121,133,156,214,283,374,305,306,354,360,376,393,413,431
301:8,26,32,45,57,92,101,136,155,213,218,220,223,255,261,377,350,353,364,374,408
302:39,68,83,109,128,135,177,180,288,320,356,373,386,398,406,439
303:6,18,49,78,138,171,198,215,238,246,255,259,269,362,331,332,386,389
304:13,24,70,109,191,196,197,210,215,225,238,243,282,288,298,349,307,327,346
305:5,57,80,118,189,212,221,239,245,272,300,350,322,375,380,417,425
306:35,89,192,227,230,248,250,292,300,358,311,317,327,427,433,438
307:17,32,46,48,71,104,156,187,242,252,304,313,322,327,331,365,376,384,409
308:31,40,53,79,92,100,141,174,179,186,204,224,225,249,278,325,317,318,324,328,335,362,407,409
309:5,10,18,141,177,179,184,242,277,310,334,359,362,364,385,387,432
310:4,38,67,69,84,99,100,107,108,200,202,212,227,248,299,309,359,353,434
311:8,23,44,60,77,99,125,150,152,158,171,203,204,218,230,240,265,271,281,296,306,320,330,358,434
312:10,16,24,30,31,53,96,97,104,109,113,114,119,136,148,152,218,276,280,294,341,329,359,369,434
313:11,16,17,157,197,227,258,272,276,285,291,307,429,333,349,352,374,400,415
314:46,60,69,110,172,214,224,240,282,399,344,352,380,401,411
315:4,21,29,38,56,76,81,97,101,148,212,230,238,273,276,350,323,349,364
316:13,21,34,52,72,74,77,92,113,191,240,246,259,265,269,281,429,320,356,372,397
317:4,19,54,76,85,154,214,260,288,293,306,308,425,321,322,334,337,346,355,412,424
318:0,32,33,62,72,78,101,131,148,156,168,225,253,269,282,308,328,368,439
319:6,45,208,225,238,276,388,338,420
320:11,27,39,54,62,69,104,129,159,203,205,273,302,311,316,404,323,353,382,383,391,407,414
321:17,20,38,40,60,135,143,161,179,214,227,237,238,246,317,361,413,423,426,439
322:19,37,44,70,78,79,111,153,169,170,197,234,275,276,305,307,317,416,372,390
323:2,5,6,7,24,49,76,107,110,153,177,199,202,261,291,315,320,370,379,388,406,429
324:19,126,199,226,289,299,308,420,391
325:3,33,37,82,93,94,125,135,149,155,171,190,258,270,275,308,379,370,382,395,405,425,429
326:87,129,143,160,231,246,272,276,291,347,332
327:1,13,26,31,36,40,43,52,66,122,227,285,304,306,307,374,336,357,399,435
328:20,45,73,139,144,155,162,168,205,272,286,287,298,308,318,425,342,347,376,378,430
329:9,41,93,132,175,241,250,297,312,398,355,357,376,377
330:32,50,80,100,125,129,150,186,206,212,216,220,311,382,343,396,402,434
331:13,48,56,95,123,129,146,166,176,191,210,233,252,262,290,299,303,307,406,341,351,364,419,429
332:8,87,91,131,169,178,179,198,213,267,295,303,326,374,362,401,439
333:17,65,181,193,195,214,224,226,239,255,267,284,313,393,336,352,353,369,390,421,436
334:14,62,100,114,160,170,172,181,230,247,251,252,256,309,317,421,351,384,431
335:8,10,105,133,155,163,182,202,231,289,295,308,374,362,385
336:6,53,62,98,149,152,165,175,184,186,199,215,270,327,333,431
337:20,31,51,89,104,140,170,175,286,317,434,339,343,378,415,432,437
338:85,147,153,168,177,200,201,202,203,237,260,319,436,348,376,439
339:30,33,46,77,108,112,154,182,195,236,249,263,272,289,337,383,360,362
340:8,53,64,81,95,102,132,185,196,236,272,289,407,358,360,373,412,424,429
341:26,37,96,104,120,126,140,158,195,198,229,312,331,407,344,379
342:5,24,39,56,67,102,115,117,214,260,264,275,292,328,406,345,356,376,419
343:15,26,55,87,119,133,134,197,206,216,226,239,245,250,267,283,330,337,406,358,364,432
344:50,63,83,131,165,172,183,187,206,209,212,235,277,282,314,341,388,357,375,397,402,438
345:47,53,96,104,114,157,179,194,225,241,248,265,291,342,402,405
346:3,15,24,53,62,63,82,87,102,108,178,244,268,279,304,317,381,361,369,394
347:12,66,126,139,157,164,203,245,265,279,326,328,399,361,385,413,426
348:120,123,144,169,175,197,202,227,257,338,389,366,378
349:0,4,10,44,57,68,79,95,99,104,107,119,156,276,304,313,315,363,360,362,372,384
350:15,19,30,34,43,63,126,142,144,148,200,207,233,263,301,305,315,436,367,390,396,411
351:4,41,113,158,166,172,180,207,217,233,241,245,247,257,259,263,331,334,424,398,404,409,421
352:2,41,70,89,100,132,161,189,256,262,277,279,313,314,333,360,370,390,392,396,397,414,430
353:38,63,76,91,123,150,152,211,269,278,286,296,301,310,320,333,355,354,392,404
354:10,14,55,92,112,132,167,168,209,231,258,300,353,368,367,388,422,425,430
355:15,38,60,73,106,161,169,189,195,202,214,234,269,294,317,329,353,377,390,397,408
356:17,23,95,127,147,174,198,234,248,289,296,302,316,342,385,364,374,392,395,415,432,437
357:0,9,31,62,135,176,196,224,237,256,268,271,286,327,329,344,375,359,371,399,404,408,427,430
358:18,22,30,35,43,77,79,123,125,128,171,178,196,202,306,311,340,343,375,367,372
359:22,47,51,119,145,211,232,243,309,310,312,357,433,373,392,414,436
360:14,19,26,35,89,103,107,148,157,166,183,210,218,253,275,279,296,300,339,340,349,352,366
361:47,68,122,129,143,153,158,207,242,269,321,346,347,426,369,398,400,432
362:142,193,210,227,259,265,294,303,308,309,332,335,339,349,427,381,393
363:21,51,119,122,131,182,250,288,349,418,381,415
364:22,84,121,129,137,176,185,210,228,236,238,254,265,301,309,315,331,343,356,371,367,387,389,416
365:4,11,39,40,45,101,109,116,125,133,134,136,181,250,255,256,307,431,387,426
366:6,89,96,104,113,117,164,176,189,221,270,277,283,348,360,398,378,393
367:29,50,54,93,133,181,203,244,270,350,354,358,364,418,377,392,410,428
368:3,30,32,47,65,71,99,157,175,178,203,208,237,255,264,318,354,393,400,437
369:47,48,82,106,118,120,173,180,288,312,333,346,361,414,387,419,422,436,438
370:28,141,153,159,180,219,237,238,249,252,262,265,284,285,323,325,352,418,388,390,431
371:0,6,14,17,116,118,132,192,275,297,357,364,419,375,390,402,436
372:3,30,34,35,36,44,138,140,203,244,260,316,322,349,358,390,380,406
373:76,81,103,167,168,200,205,223,227,247,249,254,271,275,294,295,302,340,359,381,434
374:23,61,66,98,107,155,167,232,236,239,250,251,267,294,298,300,301,313,327,332,335,356,418,407
375:3,14,18,91,110,113,130,141,143,154,186,247,260,305,344,357,358,371,428,400,434
376:62,64,72,92,103,188,271,277,300,307,328,329,338,342,406,390,403,433
377:21,83,94,139,150,193,197,235,276,301,329,355,367,402,382,415
378:11,23,30,51,54,77,101,134,176,182,185,223,233,237,247,258,259,289,293,328,337,348,366,436,396,397,400,409,426
379:82,87,89,106,122,123,127,136,139,209,254,262,266,293,323,325,341,386,397,401,406
380:7,58,61,96,120,137,171,177,228,250,270,271,305,314,372,399,405,416
381:31,51,87,117,122,139,162,164,165,168,174,179,193,226,239,271,284,285,298,346,362,363,373,428,412,426
382:18,29,71,77,142,143,181,184,246,250,320,325,330,377,433,387,413
383:18,35,59,151,272,273,293,320,339,391,389,405
384:6,8,18,30,36,86,118,144,174,179,188,191,213,307,334,349,391,400,404,415,418
385:4,20,40,54,58,72,92,101,105,132,202,217,256,261,267,293,309,335,347,356,416,388,394
386:10,13,31,45,64,78,98,228,278,296,302,303,379,419,414
387:14,55,99,100,115,175,198,218,245,285,289,309,364,365,369,382,417,391,404
388:10,39,120,133,160,168,251,267,297,319,323,344,354,370,385,435,429
389:3,67,105,154,184,218,219,286,303,348,364,383,434
390:9,69,76,89,120,182,211,260,299,322,333,350,352,355,370,371,372,376,422,403,404,439
391:59,77,127,164,171,185,193,215,220,288,292,320,324,383,384,387,396,431
392:25,60,81,119,129,230,242,352,353,356,359,367,428,396,415,422
393:18,47,170,210,228,282,300,333,362,366,368,438,422
394:32,50,77,103,118,123,127,155,157,168,175,196,210,212,218,244,346,385,402,432
395:20,70,125,168,189,198,203,229,243,289,325,356,419,429,431,435
396:24,31,44,65,89,113,125,143,155,157,216,263,292,295,330,350,352,378,391,392,415,407
397:22,57,76,92,108,137,163,173,180,187,236,316,344,352,355,378,379,410,416,427
398:52,70,103,137,184,204,277,302,329,351,361,366,432,427
399:39,81,89,93,94,108,172,187,221,314,327,347,357,380,409,407,408,424
400:26,41,69,82,92,204,255,294,313,361,368,375,378,384,413,401,402
401:21,62,80,106,160,165,167,201,220,314,332,379,400,434,427,431
402:36,68,111,149,183,187,191,233,246,249,288,330,344,345,371,377,394,400,417,432
403:9,53,83,106,142,178,185,186,213,237,249,288,292,376,390,408,409,413,422
404:26,31,53,91,96,97,320,351,353,357,384,387,390,437,415,420
405:20,60,69,89,127,140,161,171,216,227,246,247,263,267,274,278,287,297,325,345,380,383,409,406
406:34,43,69,70,74,97,133,175,177,254,281,287,302,323,331,342,343,372,376,379,405,408
407:54,88,117,128,133,134,173,233,250,253,278,308,320,340,341,374,396,399,435,434
408:14,17,50,106,118,124,130,145,235,247,272,287,301,355,357,399,403,406,411,422,434
409:8,18,29,36,48,66,81,100,159,212,229,270,277,281,307,308,351,378,399,403,405,417,431
410:15,27,54,77,118,177,250,272,367,397,428,437
411:27,73,80,131,140,147,169,190,192,200,210,212,225,226,265,284,314,350,408,436
412:3,8,50,60,83,96,137,210,227,242,255,258,259,317,340,381,427
413:4,30,82,104,113,125,147,252,268,291,295,299,300,321,347,382,400,403,433
414:3,24,47,55,97,112,152,159,188,195,197,207,214,224,320,352,359,369,386,438
415:45,79,85,121,129,162,171,176,188,236,239,266,280,313,337,356,363,377,384,392,396,404,419,436
416:13,26,54,59,66,101,102,119,154,156,166,170,216,222,278,285,322,364,380,385,397,423,431
417:21,48,143,146,148,152,179,278,294,298,305,387,402,409,418,430,431
418:20,75,140,216,246,255,363,367,370,374,384,417,419,428,438
419:18,78,117,122,201,249,258,331,342,369,371,386,395,415,418,425
420:18,40,59,67,71,103,105,139,146,156,182,209,222,235,255,273,319,324,404,433,424
421:14,28,37,42,51,84,113,114,160,175,223,242,245,257,265,333,334,351,438
422:7,35,37,58,80,131,137,181,195,213,280,354,369,390,392,393,403,408,428,427
423:39,58,115,158,162,184,216,224,232,235,277,289,321,416,436,427,432,437
424:0,86,182,204,206,317,340,351,399,420,433
425:32,51,60,72,120,124,149,181,201,214,240,255,282,305,317,325,328,354,419,430,427,435
426:75,90,124,126,135,170,185,205,206,225,241,283,321,347,361,365,378,381,427
427:10,38,73,121,125,139,188,229,250,281,306,357,362,397,398,401,412,422,423,425,426,435
428:5,7,15,61,66,78,89,126,132,162,184,198,228,233,238,279,281,367,375,381,392,410,418,422,437
429:47,56,72,88,97,129,140,180,189,204,215,223,255,289,313,316,323,325,331,340,388,395,434,438
430:27,82,160,175,177,240,249,328,352,354,357,417,425,437
431:65,93,94,210,222,228,229,232,235,252,261,283,286,300,334,336,365,370,391,395,401,409,416,417,432
432:18,23,41,47,81,103,105,109,124,132,137,241,254,273,285,290,294,309,337,343,356,361,394,398,402,423,431,433
433:32,34,83,95,98,122,126,201,205,211,213,220,253,255,272,279,306,359,376,382,413,420,424,432,437
434:3,57,61,64,151,220,251,256,267,292,297,310,311,312,330,337,373,375,389,401,407,408,429,437
435:52,64,125,168,199,201,209,235,249,264,265,270,327,388,395,407,425,427,437
436:23,28,42,58,59,63,85,131,181,234,288,333,338,350,359,369,371,378,411,415,423,439
437:11,37,72,75,149,158,160,253,267,297,337,356,368,404,410,423,428,430,433,434,435,439
438:25,34,68,84,104,121,136,146,251,306,344,369,393,414,418,421,429,439
439:15,61,97,106,159,196,197,199,208,213,222,248,254,268,278,284,302,318,321,332,338,390,436,437,438
