0:478,2,10,40,103,105,108,117,137,145,152,157,162,168,197,203,205,206,214,219,242,251,253,266,299,301,312,330,354,362,368,398,404,435,460,470
1:219,21,70,122,125,133,147,163,186,233,244,248,258,276,313,360,362,447,457
2:0,33,6,14,25,78,93,103,107,159,177,189,202,214,241,250,255,286,321,382,402,411,427,431,432,454,463,467
3:138,22,34,35,62,81,159,180,181,186,189,230,248,268,276,289,304,352,376,386,408,412,428,435,478
4:201,5,14,42,51,65,68,89,101,107,114,116,120,125,165,170,177,181,199,221,261,267,278,295,303,304,318,349,413,418,431,448,449,458,459,467
5:4,18,7,11,28,37,67,73,75,89,98,108,111,120,128,129,148,164,176,189,231,245,252,253,258,269,279,345,368,384,390,406,449,472
6:2,466,7,11,23,60,63,71,72,115,142,166,183,188,209,214,226,236,262,269,326,337,343,365,431,434,442,446,462
7:5,6,205,28,30,38,63,84,91,111,112,118,158,180,182,184,216,238,250,274,281,291,299,321,323,328,347,368,376,377,381,386,396,419,456,460
8:198,14,21,57,96,108,111,128,145,147,150,151,168,176,205,207,208,211,260,284,299,328,329,351,379,380,381,395,420,446,450
9:205,19,34,49,114,115,119,127,138,143,154,165,166,189,191,223,271,285,289,294,299,303,305,310,322,335,343,368,374,413,430,435,440,446,456,459,467,469,470,474
10:0,239,19,21,44,45,54,83,97,115,162,195,210,212,220,227,231,238,260,265,277,297,298,305,325,354,362,375,413,457,462,467,474
11:5,6,352,28,33,52,72,77,85,102,122,124,139,145,148,158,165,173,197,228,299,305,307,316,318,328,339,347,365,384,393,442,454,460,468
12:179,26,36,46,51,62,82,83,117,122,125,130,144,147,155,162,163,166,170,204,208,217,221,243,264,277,294,306,356,366,374,376,383,390,397,438,446,471,473
13:189,18,31,55,68,95,113,154,186,196,208,216,219,223,226,229,234,248,258,267,275,298,317,331,353,374,400,422,430,449,450,473
14:2,4,8,379,33,37,47,49,53,55,82,89,100,101,107,110,125,148,152,175,187,193,196,203,215,219,224,259,272,288,300,310,337,361,371,386,390,392,406,415,418,419,424,429,459,461,467,473
15:272,34,75,84,86,90,108,123,129,132,148,150,161,179,188,200,222,227,238,292,300,301,332,342,350,362,371,399,405,425,432,437,453,463
16:148,30,40,41,73,75,114,117,121,127,130,133,142,170,195,196,200,208,213,225,236,243,253,269,301,305,310,321,340,360,384,415,421,422,424,431,432,452,459,464
17:438,51,69,73,81,93,104,110,126,141,153,157,160,162,206,211,213,218,244,288,296,302,335,344,346,365,374,398,401,402,406,418,425,432,445,455,469
18:5,13,219,36,42,45,58,73,81,96,122,146,147,153,169,171,186,188,201,227,229,231,234,256,265,277,278,290,296,298,305,325,347,366,380,391,416,434,437
19:9,10,235,36,39,52,59,67,82,90,92,101,110,114,128,130,150,156,160,182,204,233,258,294,307,311,333,346,352,359,364,425,429,444
20:279,31,47,51,71,118,142,147,193,217,223,227,228,230,240,242,250,286,288,291,303,308,332,348,356,376,378,387,397,422,433,438,444,447,479
21:1,8,10,476,26,30,39,47,54,55,73,75,90,102,114,130,134,152,155,165,171,172,178,199,207,210,211,212,225,240,250,254,271,311,322,330,335,356,370,416,447,448,459,478
22:3,144,28,44,51,70,92,93,94,100,136,172,184,224,243,245,247,253,266,268,284,285,303,313,314,315,342,353,363,375,405,409,414,426,438,447,460,461,462
23:6,368,24,33,44,50,61,67,74,141,149,178,208,217,230,238,239,241,249,257,267,274,276,280,299,315,327,346,365,387,448,458,477
24:23,447,46,95,111,129,192,217,270,281,283,298,302,305,318,322,325,332,335,339,356,361,402,405,410,413,428,452
25:2,73,34,68,97,101,103,116,129,138,180,196,228,241,244,246,283,320,332,341,351,358,361,385,397,430,451,462
26:12,21,412,65,97,112,132,171,172,206,234,243,288,309,311,335,353,363,376,399,418,425,442,449,470
27:192,42,59,73,77,91,101,103,111,127,133,143,174,177,179,190,198,222,228,230,256,274,320,335,343,360,381,401,405,421,428,439,444,458,462
28:5,7,11,22,59,44,69,73,77,97,99,106,127,132,156,174,198,202,215,230,238,241,245,253,298,309,333,336,341,350,356,387,395,418,454,458
29:445,40,74,80,90,135,149,159,171,175,189,220,224,233,250,255,263,275,294,308,310,323,324,390,397,409,424,425,435,439,459,465
30:7,16,21,458,32,49,72,84,124,140,167,183,184,198,210,214,218,232,250,281,297,380,395,398,415,456
31:13,20,380,66,92,96,119,129,139,143,147,153,167,197,203,216,228,247,256,265,301,304,322,326,331,333,342,355,370,388,407,448,449
32:30,466,61,64,78,106,143,145,155,183,188,225,262,265,272,275,309,337,344,352,372,373,378,384,433,457,460,465,476
33:2,11,14,23,339,46,49,61,85,89,93,94,97,105,127,179,190,196,210,217,246,250,254,279,286,317,340,358,362,365,369,374,410,429,443,448
34:3,9,15,25,171,63,64,76,94,117,138,145,189,215,218,233,236,243,262,277,280,282,286,288,295,302,313,322,344,367,385,391,397,404,415,428,438,444,450,479
35:3,361,46,61,78,138,175,183,186,209,222,223,224,225,228,235,268,283,289,297,306,314,347,351,359,367,385,398,427,460,466
36:12,18,19,211,37,87,107,108,126,128,135,143,147,148,164,165,173,175,184,185,193,233,243,250,255,294,298,327,344,359,366,373,374,383,428,441,476
37:5,14,36,344,44,47,59,108,109,150,185,193,222,229,243,276,280,285,299,307,326,362,374,392,405,426,431,434,443,459,460,464,471
38:7,382,53,71,103,108,112,122,130,131,139,156,158,179,183,186,206,222,243,255,262,268,280,287,290,303,318,322,335,364,422,437,444,446,458,466
39:19,21,174,51,56,64,77,84,88,90,95,101,115,122,127,134,138,148,172,176,179,181,195,210,217,223,240,243,265,268,273,275,276,280,353,373,376,377,383,402,404,439,451,461,467
40:0,16,29,348,67,85,97,114,122,136,151,169,184,191,194,210,221,286,294,303,311,363,386,397,399,446,447,469,477
41:16,313,54,109,120,134,142,167,172,173,184,187,193,203,208,247,252,260,266,270,289,303,304,334,337,376,383,428,436,443,452,463,464,471
42:4,18,27,61,90,114,155,168,170,195,253,254,268,287,298,310,321,342,346,368,389,391,448,463,467
43:322,51,59,80,84,86,99,119,151,180,205,210,211,225,227,232,247,248,262,265,266,273,361,364,372,402,404,414,426,428,434,438,450,463
44:10,22,23,28,37,58,54,69,82,92,95,104,116,137,146,161,172,183,194,195,204,215,220,227,235,257,260,275,282,332,333,344,352,367,368,374,394,403,417,423,424,451,453
45:10,18,172,46,75,81,103,116,117,135,138,152,155,158,160,189,190,229,243,288,325,337,355,366,375,383,423,438,439,442,446,456,478
46:12,24,33,35,45,201,53,61,77,84,105,113,135,136,150,167,170,183,196,203,210,227,232,238,281,298,304,357,383,392,404,405,411,458,477
47:14,20,21,37,73,54,125,126,151,216,217,218,219,266,309,321,393,396,400,436,443,447,454,469,472,476
48:214,50,79,82,97,101,102,105,119,121,134,146,168,172,189,218,269,276,296,321,334,348,349,369,388,399,409,433,435,453,456,466,477
49:9,14,30,33,232,105,114,117,130,134,155,206,216,224,248,270,276,279,280,301,325,327,333,334,354,357,376,392,425,433,459,461
50:23,48,187,57,69,82,85,88,106,119,143,152,183,190,197,199,214,263,278,280,283,306,351,359,373,408,418,446
51:4,12,17,20,22,39,43,398,53,55,63,79,96,99,102,104,113,115,124,128,131,135,203,264,271,278,281,289,311,315,316,319,324,336,345,346,352,358,362,429,471
52:11,19,267,53,73,97,107,119,148,193,199,205,220,244,299,302,311,355,357,367,389
53:14,38,46,51,52,419,82,92,98,112,139,149,159,175,191,208,245,269,277,280,284,296,300,306,319,320,335,340,354,394,401,404,447,452,464
54:10,21,41,44,47,462,56,85,92,126,134,148,155,161,173,185,195,198,205,221,224,234,245,276,283,291,302,308,326,342,350,364,376,380,393,428,436,440,456,460,471,475
55:13,14,21,51,423,69,72,81,82,103,115,135,160,166,177,190,194,212,237,244,269,270,287,289,314,318,329,331,344,354,365,397,399,422,439,464
56:39,54,386,95,96,107,131,132,148,161,162,164,165,171,190,212,213,219,251,281,316,322,341,347,350,351,354,360,383,404,413,416,417,452,457
57:8,50,396,70,96,102,108,148,151,152,156,171,177,190,191,205,209,277,293,298,302,303,337,351,357,432,434,442,465,467,470
58:18,44,129,108,139,163,166,176,190,194,207,211,242,250,268,271,280,309,311,331,348,363,385,393,402,412,420,421,425,429,452,475
59:19,27,28,37,43,120,63,66,73,98,105,112,128,146,166,167,171,189,197,210,217,219,222,226,231,235,247,258,259,287,298,299,302,309,317,341,347,351,363,382,421,425,427,436,440,460
60:6,478,135,143,173,201,222,237,255,278,288,295,307,328,336,369,374,376,389,443,445,454,465
61:23,32,33,35,42,46,174,72,82,94,121,133,152,163,226,227,239,240,264,277,288,295,309,326,331,337,341,352,376,377,458,460
62:3,12,368,89,90,113,127,133,146,226,257,278,282,324,325,327,343,359,367,369,370,393,410,423,450,451,465
63:6,7,34,51,59,422,79,97,113,116,136,159,165,168,169,202,234,271,273,275,289,333,350,354,355,363,394,395,398,429,434,442,446,461
64:32,34,39,275,88,89,110,119,165,166,171,178,204,222,227,240,251,260,267,268,279,297,317,334,354,391,402,404,410,444,455,456,463
65:4,26,146,71,78,82,85,162,176,184,210,228,229,243,278,291,318,322,324,353,361,382,397,415,418,456,464
66:31,59,241,67,113,114,127,176,189,218,220,250,251,274,276,290,291,312,319,321,332,380,387,391,392,403,406,407,408,429,450,456
67:5,19,23,40,66,334,80,87,93,97,108,111,112,132,135,148,175,207,210,214,219,243,247,253,259,260,283,292,305,306,313,318,339,341,395,400,409,445,454,456
68:4,13,25,403,80,117,125,137,172,192,203,217,247,255,261,283,298,308,326,432,436,454
69:17,28,44,50,55,304,72,80,169,208,212,232,267,270,288,306,324,338,345,352,373,393,398,414,421,446
70:1,22,57,331,74,93,106,108,153,167,189,198,208,218,261,264,284,324,329,355,360,387,388,438,462,464,465
71:6,20,38,65,215,100,115,122,146,155,170,173,185,193,211,234,235,260,263,264,270,299,316,322,336,340,375,382,417
72:6,11,30,55,61,69,444,89,92,94,119,130,142,143,169,185,188,192,198,234,260,285,306,310,318,327,333,356,381,385,396,399,409,432,469
73:5,16,17,18,21,25,27,28,47,52,59,144,74,85,93,94,97,104,107,110,119,145,147,170,171,174,178,180,185,191,196,203,207,240,267,287,310,326,339,345,347,362,364,373,387,392,405,428,463,476,477
74:23,29,70,73,198,103,114,119,121,131,136,158,165,192,217,222,234,249,267,274,281,292,300,320,327,342,343,380,396,431,436,468,479
75:5,15,16,21,45,252,77,89,104,107,117,120,157,195,198,244,263,265,284,295,300,302,307,313,331,343,355,366,382,400,408,454
76:34,446,84,87,96,114,118,119,143,176,194,226,228,235,237,238,249,293,301,304,326,328,376,392,454
77:11,27,28,39,46,75,437,85,99,105,153,158,208,232,248,249,264,291,301,302,319,336,341,344,363,377,385,401,444,449,454,461,466,469,471,473,476
78:2,32,35,65,438,96,114,127,146,165,183,199,201,225,232,247,259,262,272,278,290,292,309,310,318,341,350,351,355,385,429,448,456,464,478
79:48,51,63,112,109,122,123,179,185,222,244,278,282,283,292,311,348,357,371,406,419,424,430,444
80:29,43,67,68,69,159,84,109,112,138,206,211,238,246,248,249,251,258,272,287,298,319,328,332,334,352,393,406,416,418,459,464
81:3,17,18,45,55,145,92,141,143,171,179,190,193,199,229,238,261,265,272,293,299,301,303,357,397,410,453,459,472
82:12,14,19,44,48,50,53,55,61,65,406,94,101,103,141,146,147,160,164,168,175,230,235,244,248,293,296,326,338,383,395,403,408,412,416,418,426,458,473
83:10,12,226,89,91,92,113,121,131,145,170,181,192,205,247,266,301,305,318,385,436,462,463
84:7,15,30,39,43,46,76,80,266,88,151,176,195,213,225,236,237,246,248,262,280,287,295,316,322,343,383,389,394,437,467,468,475
85:11,33,40,50,54,65,73,77,175,88,90,92,105,116,125,168,209,212,221,252,254,263,266,306,370,382,396,442,449,457
86:15,43,114,113,131,137,142,148,164,166,171,172,190,209,218,219,222,232,233,242,246,282,284,305,319,325,328,340,370,373,386,399,432,438,444
87:36,67,76,398,88,89,99,122,144,153,161,167,192,204,207,228,229,242,289,296,297,331,348,357,363,371,373,403,407,413,415,436,471
88:39,50,64,84,85,87,240,154,181,204,244,245,256,263,265,272,291,294,303,315,317,341,342,355,358,381,414,416,425,427,428,431,438,443,449,455,471,472,474
89:4,5,14,33,62,64,72,75,83,87,227,96,111,135,136,138,139,140,153,167,190,216,217,218,224,236,242,252,262,276,291,298,302,312,318,320,322,331,350,357,365,369,370,391,407,410,421,428,452,477
90:15,19,21,29,39,42,62,85,269,110,116,120,154,185,246,253,275,314,319,322,323,330,344,350,351,422,426,434
91:7,27,83,417,106,139,160,161,174,188,195,216,234,300,316,319,320,341,348,356,358,362,377,387,413,445,450,452,465
92:19,22,31,44,53,54,72,81,83,85,234,97,110,115,116,124,137,140,163,170,177,179,183,212,217,220,221,233,239,244,265,295,296,305,311,322,324,363,374,395,421,423,436,444,467,471
93:2,17,22,33,67,70,73,329,95,116,124,129,181,196,228,242,255,277,290,296,307,326,342,349,375,383,391,405,408
94:22,33,34,61,72,73,82,183,95,97,104,110,120,151,169,178,185,195,202,203,205,230,247,273,286,298,321,349,358,408,412,414,428,440
95:13,24,39,44,56,93,94,346,106,118,121,132,136,139,159,168,206,228,237,245,267,279,296,308,327,329,338,339,342,350,378,394,418,457,470,474,477
96:8,18,31,51,56,57,76,78,89,347,98,113,119,138,140,156,158,181,217,219,233,238,239,242,271,280,288,292,293,297,300,312,321,335,359,374,416,419,424,431,444,448,451
97:10,25,26,28,33,40,48,52,63,67,73,92,94,473,106,107,112,119,171,183,193,198,206,225,336,345,385,404,413,452,460
98:5,53,59,96,208,118,161,163,168,171,181,192,268,270,282,285,286,347,352,397,410,426,435,463
99:28,43,51,77,87,473,118,201,214,216,302,303,334,364,373,374,429,448,462,470,472
100:14,22,71,370,140,147,157,169,173,186,187,194,232,248,268,270,277,298,335,336,350,351,357,400,423,435,457,460,463,473
101:4,14,19,25,27,39,48,82,289,120,129,152,158,166,180,182,196,263,295,297,302,304,331,338,339,383,390,393,407,437,444,468,469
102:11,21,48,51,57,123,109,115,117,138,140,141,145,163,181,185,191,208,209,213,219,220,227,239,244,255,261,262,296,301,302,324,327,333,342,351,376,395,426,469
103:0,2,25,27,38,45,55,74,82,132,108,121,138,142,146,151,179,180,182,183,200,228,250,275,294,317,339,358,388,396,398,407,445,466
104:17,44,51,73,75,94,261,109,131,136,148,150,152,154,161,173,202,204,213,218,236,239,268,276,277,282,295,304,341,371,407,429,446,449,453,459,462,477
105:0,33,46,48,49,59,77,85,219,125,136,140,174,201,208,225,231,241,248,267,270,294,308,326,347,385,416,425,453,458,470,472
106:28,32,50,70,91,95,97,466,107,111,128,129,138,149,158,184,193,203,206,218,224,241,264,336,353,354,362,377,394,395,437,440,459,463
107:2,4,14,36,52,56,73,75,97,106,211,127,132,166,173,189,193,210,213,215,220,249,253,262,265,291,299,305,358,361,367,389,419,423,436,438,443
108:0,5,8,15,36,37,38,57,58,67,70,103,253,121,139,148,165,205,233,239,260,274,288,292,316,320,322,349,362,364,365,375,433,466
109:37,41,79,80,102,104,379,136,137,142,161,168,176,178,197,212,214,256,263,267,269,272,305,336,343,353,356,402,413,427
110:14,17,19,64,73,90,92,94,240,116,135,139,144,191,215,221,262,271,273,286,296,322,334,342,343,349,352,378,384,424,435,443,453,459
111:5,7,8,24,27,67,89,106,241,133,189,198,225,234,236,252,284,288,297,337,338,352,381,395,404,413,461,473,478
112:7,26,38,53,59,67,79,80,97,269,122,162,182,185,188,193,205,207,229,282,284,288,301,312,317,330,334,336,345,362,385,401,431
113:13,46,51,62,63,66,83,86,96,246,116,122,127,130,169,181,185,195,197,205,209,220,250,251,255,291,305,322,329,354,355,373,397,415,419,429,437,444,449,452,472,476
114:4,9,16,19,21,40,42,49,66,74,76,78,86,294,116,120,121,124,171,203,228,229,238,260,276,287,352,362,375,380,422,454,477,478
115:6,9,10,39,51,55,71,92,102,389,123,181,182,208,233,236,276,299,325,332,352,358,370,410,438,450,479
116:4,25,44,45,63,85,90,92,93,110,113,114,289,143,151,196,206,210,219,224,227,283,288,311,400,410,444,454,478,479
117:0,12,16,34,45,49,68,75,102,329,154,164,170,189,200,213,227,230,243,272,297,328,340,347,367,370,374,399,402,464
118:7,20,76,95,98,99,132,122,146,151,152,159,187,212,280,303,343,347,358,367,370,374,375,385,393,406,419,437,449,474,476,478
119:9,31,43,48,50,52,64,72,73,74,76,96,97,199,147,165,168,177,182,197,232,239,243,254,269,287,308,315,337,340,381,388,392,414,425,442,443,444,445,457,467,476,477
120:4,5,41,59,75,90,94,101,114,423,123,136,165,177,190,217,223,234,241,252,256,260,264,273,285,293,335,337,347,355,358,371,393,402,416,419,433,437,471
121:16,48,61,74,83,95,103,108,114,228,136,143,156,159,183,191,219,227,235,243,245,258,259,262,289,300,322,323,337,340,354,390,399,416,429,431,446,448,478
122:1,11,12,18,38,39,40,71,79,87,112,113,118,307,127,128,136,149,150,181,192,209,227,257,267,289,297,317,341,366,399,408,424,440,450,452,472,474
123:15,79,102,115,120,228,176,177,193,194,222,231,232,255,296,318,319,321,328,332,340,348,394,396,404,418,422,448,450,451,467,471
124:11,30,51,92,93,114,385,129,143,171,177,222,227,255,257,297,301,317,319,320,355,404,406,433,438,448
125:1,4,12,14,47,68,85,105,378,138,141,145,146,168,189,198,199,216,244,253,267,274,278,292,317,345,352,353,370,377,386,402,408,429,441,465
126:17,36,47,54,465,167,187,203,215,247,248,249,251,267,271,290,312,345,347,348,380,385
127:9,16,27,28,33,39,62,66,78,107,113,122,168,166,186,190,217,268,287,293,294,300,308,390,400,408,413,414,418,420,431,475
128:5,8,19,36,51,59,106,122,318,173,191,198,216,226,247,254,283,290,298,306,308,321,323,359,369,378,451,462,466,472
129:5,15,24,25,31,58,93,101,106,124,428,138,202,208,213,274,284,288,296,301,304,305,309,318,363,371,407,440,450,454,456,464,472,477
130:12,16,19,21,38,49,72,113,438,135,158,161,165,170,177,179,192,202,214,237,241,248,271,277,301,322,344,348,352,354,359,360,363,392,414,430,445,449,465
131:38,51,56,74,83,86,104,469,155,165,167,169,195,213,216,242,263,265,274,276,302,325,351,360,364,371,372,384,391,417,441,446,458,471
132:15,26,28,56,67,95,103,107,118,333,158,175,180,192,202,203,247,271,299,310,316,321,342,368,394,415,424,432,454,467
133:1,16,27,61,62,111,221,150,161,180,185,204,207,249,271,346,358,367,378,390,423,453,457,465
134:21,39,41,48,49,54,450,141,164,181,190,197,211,212,255,283,285,288,371,373,391,419,433
135:29,36,45,46,51,55,60,67,89,110,130,378,146,174,185,187,191,193,217,247,257,276,285,294,313,329,347,349,368,376,390,410,415,421,464,476
136:22,40,46,63,74,89,95,104,105,109,120,121,122,432,137,144,145,180,185,231,240,247,263,302,313,346,354,384,427,434,449,464
137:0,44,68,86,92,109,136,305,143,164,189,190,194,206,235,273,289,308,325,411,412,422,435
138:3,9,25,34,35,39,45,80,89,96,102,103,106,125,129,433,140,153,159,174,175,220,242,257,284,311,329,336,340,348,354,371,440,463
139:11,31,38,53,58,89,91,95,108,110,250,149,154,183,238,240,244,261,322,343,385,393,405,425,427,448,454,459,464
140:30,89,92,96,100,102,105,138,207,172,185,187,200,216,220,228,247,255,259,275,286,316,318,320,324,325,330,336,356,362,386,393,404,424,446,458,467,475
141:17,23,81,82,102,125,134,153,144,152,167,168,170,171,191,193,197,202,207,245,246,255,257,282,295,309,313,344,378,388,391,406,417,449,478
142:6,16,20,41,72,86,103,109,226,144,165,186,217,258,304,329,330,340,346,384,385,392,403,439,458
143:9,27,31,32,36,50,60,72,76,81,116,121,124,137,335,181,183,205,209,212,219,232,274,280,284,292,301,325,328,331,337,338,347,372,378,396,412,423,427,453,459,474
144:12,22,73,87,110,136,141,142,244,147,148,191,195,214,219,230,251,258,263,265,296,311,314,361,386,389,401,404,413,418,423,428,430,468,475,477
145:0,8,11,32,34,73,81,83,102,125,136,169,183,189,198,256,257,261,277,302,304,320,325,326,350,383,387,388,391,394,441,448,468
146:18,44,48,59,62,65,71,78,82,103,118,125,135,324,155,171,178,185,207,215,241,252,280,341,356,358,367,381,382,399,405,476,478
147:1,8,12,18,20,31,36,73,82,100,119,144,330,164,178,189,194,199,202,206,221,258,286,296,312,347,367,382,404,413,431,438,445,448,456,466
148:5,11,14,15,16,36,39,52,54,56,57,67,86,104,108,144,265,155,161,167,190,202,207,220,234,235,244,273,291,299,309,315,325,343,358,361,416,426,471,475
149:23,29,53,106,122,139,461,155,161,174,204,206,234,236,238,277,306,325,334,340,363,372,375,378,385,395,399,401,411,439,442,449,450,478
150:8,15,19,37,46,104,122,133,447,163,167,168,211,220,237,269,276,281,294,318,319,339,352,362,381,412,423,430,449,450,451,453,454,470,472
151:8,40,43,47,57,84,94,103,116,118,191,180,184,205,214,252,258,262,270,272,274,281,283,318,354,377,397,400,428,458,463,473,478
152:0,14,21,45,50,57,61,101,104,118,141,426,159,162,175,180,182,192,204,206,210,227,242,282,284,292,302,307,338,343,351,362,381,392,397,400,421,431,443,465
153:17,18,31,70,77,87,89,138,141,269,163,170,177,188,195,202,210,220,221,254,271,290,330,331,345,349,362,385,391,418,435,445,456,471,477
154:9,13,88,90,104,117,139,403,183,194,206,225,254,255,256,286,291,303,320,328,335,350,390,396,430,442,449,460,463,477
155:12,21,32,42,45,49,54,71,131,146,148,149,159,161,162,206,284,303,379,380,384,386,401,430,477
156:19,28,38,57,96,121,342,157,166,168,170,184,192,211,213,225,241,275,284,289,317,345,348,373,395,409,416,433,448,467,469,479
157:0,17,75,100,156,264,169,172,191,195,200,201,222,233,298,299,313,317,321,359,371,378,386,389,417,421,427,429,440
158:7,11,38,45,74,77,96,101,106,130,132,478,180,181,254,351,359,374,379,381,411,414,419,423,429,446
159:2,3,29,53,63,80,95,118,121,138,152,155,474,169,172,180,188,228,229,231,267,269,280,287,288,292,310,346,359,409,410,415
160:17,19,45,55,82,91,292,164,206,234,237,239,255,278,283,295,333,352,365,394,405,425,437,457
161:15,44,54,56,87,91,98,104,109,130,133,148,149,155,206,228,236,269,275,283,288,304,313,318,339,383,385,427,429,437,470,476
162:0,10,12,17,56,65,112,152,155,163,166,167,178,184,189,206,207,208,227,237,241,276,286,300,308,317,325,336,349,400,420,463
163:1,12,58,61,92,98,102,150,153,162,211,177,191,215,242,276,282,288,302,305,308,314,315,360,386,393,450,457,463,475
164:5,36,56,82,86,117,134,137,147,160,459,171,184,188,223,225,230,240,247,253,259,286,292,297,323,327,345,347,374,377,399,404,422,429,430,441,466,469,470
165:4,9,11,21,36,56,63,64,74,78,108,119,120,130,131,142,400,220,223,231,233,239,240,254,256,276,292,294,298,319,338,345,349,417,421,427,434,435,462
166:6,9,12,55,58,59,64,86,101,107,127,156,162,174,202,209,236,258,260,280,282,288,305,327,330,340,342,352,354,359,366,380,393,397,402,457,469
167:30,31,41,46,59,70,87,89,126,131,141,148,150,162,453,174,176,181,194,200,210,239,244,254,267,293,296,314,358,382,386,398,402,403,443,478
168:0,8,42,48,63,82,85,95,98,109,119,125,127,141,150,156,380,169,181,182,220,254,260,265,272,282,303,308,315,333,334,335,338,341,350,393,436,440,447,465
169:18,40,63,69,72,94,100,113,131,145,157,159,168,301,171,179,197,218,222,258,262,278,295,306,319,321,330,337,356,368,372,377,380,383,387,393,403,423,433,437,454,457
170:4,12,16,42,46,71,73,83,92,117,130,141,153,156,245,181,184,216,250,280,296,299,310,315,318,320,331,349,351,366,390,415,417,465,478
171:18,21,26,29,34,56,57,59,64,73,81,86,97,98,114,124,141,146,164,169,478,172,228,233,240,249,275,277,280,287,303,315,336,353,363,374,392,409,411,414,457,462,475
172:21,22,26,39,41,44,45,48,68,86,140,157,159,171,422,204,222,264,282,290,297,330,343,356,378,404,417,448,451,477
173:11,36,41,54,60,71,100,104,107,128,402,206,218,236,240,281,285,289,297,301,311,315,330,347,361,365,385,387,389,403,408,419,431,445,451,464,473
174:27,28,39,61,73,91,105,135,138,149,166,167,474,216,227,240,244,254,259,296,321,324,362,372,387,415,417,430,461,467
175:14,29,35,36,53,67,82,85,132,138,152,418,188,214,220,221,223,226,236,249,250,268,275,283,289,294,318,329,341,344,361,362,368,369,380,386,400,426,462
176:5,8,39,58,65,66,76,84,109,123,167,375,227,235,246,270,271,272,282,293,298,358,366,385,420,421,436,445,452,469
177:2,4,27,55,57,92,119,120,123,124,130,153,163,214,198,212,227,238,245,263,268,271,275,286,288,333,349,352,362,390,392,426,472,478
178:21,23,64,73,94,109,146,147,162,461,194,197,209,226,235,257,268,281,297,307,312,328,389,394,434,468
179:12,15,27,33,38,39,79,81,92,103,130,169,200,182,216,237,266,296,303,320,332,348,379,380,391,446,450,458
180:3,7,25,43,73,101,103,132,133,136,151,152,158,159,438,181,200,210,221,229,240,251,253,265,267,278,289,294,299,350,354,363,397,416,434,451
181:3,4,39,83,88,93,96,98,102,113,115,122,134,143,158,167,168,170,180,288,219,224,246,277,279,303,345,349,364,390,400,404,465
182:7,19,101,103,112,115,119,152,168,179,448,188,189,191,192,204,207,212,228,278,301,304,310,316,327,353,357,358,381,383,395,404,422,443
183:6,30,32,35,38,44,46,50,78,92,94,97,103,121,139,143,145,154,423,196,217,231,249,256,268,274,285,287,350,359,361,372,401,403,422,433,444
184:7,22,30,36,40,41,65,106,151,156,162,164,170,265,188,205,210,236,238,254,267,291,298,353,359,363,369,391,478
185:36,37,54,71,72,73,79,90,94,102,112,113,133,135,136,140,146,314,191,193,195,204,226,229,233,234,241,263,268,328,395,409,413,426,443,446,474
186:1,3,13,18,35,38,100,127,142,477,188,198,225,255,273,287,296,304,309,315,363,370,387,391,393,396,398,417,426,456,464
187:14,41,50,100,118,126,135,140,318,189,217,224,239,248,259,264,273,296,310,311,316,339,349,361,376,383,389,429,468
188:6,15,18,32,72,91,112,153,159,164,175,182,184,186,296,199,215,250,255,271,284,293,311,317,325,326,346,356,362,368,377,380,417,430,444,456,463
189:2,3,5,9,13,29,34,45,48,59,66,70,107,111,117,125,137,145,147,162,182,187,336,191,230,239,243,270,291,302,304,324,354,383,432,460,464
190:27,33,45,50,55,56,57,58,81,86,89,120,127,134,137,148,254,195,196,210,240,242,259,260,275,283,284,292,298,301,331,375,388,389,391,397,401,415,417,440,463,467
191:9,40,53,57,73,102,110,121,128,135,141,144,151,157,163,182,185,189,337,199,232,279,298,311,314,358,377,387,407,408,469
192:24,27,68,72,74,83,87,98,122,130,132,152,156,182,263,200,210,216,228,247,252,254,255,266,287,301,383,386,396,400,440,465,471
193:14,20,36,37,41,52,71,81,97,106,107,112,123,135,141,185,350,200,218,223,264,265,274,314,320,332,333,337,343,344,354,362,365,368,377,396,397,427,433,446,465,478
194:40,44,55,58,76,100,123,137,147,154,167,178,298,198,211,219,248,261,269,276,284,285,312,328,340,342,344,346,353,394,407,438,439,447,465
195:10,16,39,42,44,54,75,84,91,94,113,131,144,153,157,185,190,297,204,234,241,246,249,252,274,287,293,310,312,314,341,369,370,377,382,398,400,421,434,438,461,472
196:13,14,16,25,33,46,73,93,101,116,183,190,299,227,231,233,235,240,255,259,268,282,292,293,298,311,325,329,332,338,362,378,382,395,396,398,423,424,462,475
197:0,11,31,50,59,109,113,119,134,141,169,178,362,201,212,293,297,329,341,407,419,420,445,452
198:8,27,28,30,54,70,72,74,75,97,111,125,128,145,177,186,194,365,225,227,230,231,242,267,282,288,291,306,331,334,344,345,356,364,367,389,399,424,426,430,443,444,450,451
199:4,21,50,52,78,81,119,125,147,188,191,265,204,224,227,231,282,321,323,329,338,339,341,363,373,377,414,453,454,462
200:15,16,103,117,140,157,167,179,180,192,193,203,216,261,262,285,290,297,300,311,318,319,330,331,340,342,346,355,366,395,412,429,447,455,463,470,477
201:4,18,46,60,78,99,105,157,197,428,204,216,230,271,298,308,348,361,372,385,400,417,437,440
202:2,28,63,94,104,129,130,132,141,147,148,153,166,295,208,215,216,237,240,254,261,262,264,271,273,277,281,297,307,311,336,339,340,353,356,362,377,378,383,409,437,439,459,460,461
203:0,14,31,41,46,51,68,73,94,106,114,126,132,200,259,237,250,260,300,313,322,323,340,344,370,395,402,413,423,425,436,440,453,454,465,477
204:12,19,44,64,87,88,104,133,149,152,172,182,185,195,199,201,319,229,238,247,267,277,285,287,305,309,313,342,372,386,394,404,442,455,471
205:0,7,8,9,43,52,54,57,83,94,108,112,113,143,151,184,440,207,215,220,229,252,262,269,272,273,283,293,297,310,321,325,331,367,368,412,432,439,444,457,466,470
206:0,17,26,38,49,80,95,97,106,116,137,147,149,152,154,155,160,161,162,173,279,208,215,240,242,243,254,269,277,293,316,329,341,349,379,425,432,441,445,456,464,468,469
207:8,21,58,67,73,87,112,133,140,141,146,148,162,182,205,248,231,261,267,270,276,279,290,300,351,354,357,402,403,405,417,424,427,447,456
208:8,12,13,16,23,41,53,69,70,77,98,102,105,115,129,162,202,206,473,213,220,243,246,253,257,274,279,295,305,307,312,359,393,395,399,418,461,472,478
209:6,35,57,85,86,102,113,122,143,166,178,303,237,251,256,263,269,273,278,283,287,298,300,356,370,379,391,411,425,433,442,445,452
210:10,21,30,33,39,40,43,46,59,65,67,107,116,152,153,167,180,184,190,192,412,249,254,268,269,329,334,344,352,353,398,406,427,432,438,441
211:8,17,21,36,43,58,71,80,107,134,150,156,163,194,293,252,263,265,310,332,334,358,375,377,392,413,466,475
212:10,21,55,56,69,85,92,109,118,134,143,177,182,197,388,213,238,258,266,301,313,320,322,334,361,362,375,386,405,441,454,472
213:16,17,56,84,102,104,107,117,129,131,156,208,212,277,224,238,248,260,268,273,275,312,330,342,371,372,377,383,423,440,449,459
214:0,2,6,30,48,50,67,99,109,130,144,151,175,177,456,223,228,239,257,281,290,310,332,367,371,407,430,439,452,455,460
215:14,28,34,44,71,107,110,126,146,163,188,202,205,206,316,216,237,241,242,282,287,365,372,377,393,403,404,421,427,445
216:7,13,31,47,49,89,91,99,125,128,131,140,170,174,179,192,200,201,202,215,381,227,230,241,247,266,267,272,289,293,294,308,318,319,325,326,329,341,369,373,397,407,435,456,461,466,478
217:12,20,23,24,33,39,47,59,68,74,89,92,96,120,127,135,142,183,187,272,226,228,231,233,292,302,310,321,336,347,351,365,401,429,445,469
218:17,30,34,47,48,66,70,86,89,104,106,169,173,193,421,219,225,239,244,263,300,308,309,313,320,326,332,335,338,376,392,398,415,422,438,443,457,463,465,470
219:0,1,13,14,18,47,56,59,67,86,96,102,105,116,121,143,144,181,194,218,454,238,240,250,267,278,286,295,331,350,352,361,384,422,459
220:10,29,44,52,66,92,102,107,113,138,140,148,150,153,165,168,175,205,208,281,232,233,236,239,251,259,260,264,279,282,299,370,376,387,409,416,449,451,463,468
221:4,12,40,54,85,92,110,133,147,153,175,180,244,237,288,293,296,321,322,333,357,386,387,411,412,452,475
222:15,27,35,37,38,59,60,64,74,79,86,123,124,157,169,172,257,225,240,273,308,316,317,333,334,350,365,368,425,429,430
223:9,13,20,35,39,120,164,165,175,193,214,451,277,281,288,301,312,323,349,371,386,397,425,426,427,437,438,443,470,471
224:14,22,29,35,49,54,89,106,116,181,187,199,213,345,236,260,263,285,293,314,315,324,388,408,426,434,440
225:16,21,32,35,43,78,84,97,105,111,154,156,164,186,198,218,222,441,230,236,242,244,268,326,330,345,370,372,375,379,394,400,406,411,414,417,432,445,448,460,468,473
226:6,13,59,61,62,76,83,128,142,175,178,185,217,358,235,237,263,270,275,283,306,313,330,360,366,377,389,395,422,423,425,452,455,457,467
227:10,15,18,20,43,44,46,61,64,89,102,116,117,121,122,124,152,162,174,176,177,196,198,199,216,437,232,239,240,253,297,303,321,368,377,383,392,396,399,418,431,433,445,453,463,464
228:11,20,25,27,31,35,65,76,87,93,95,103,114,121,123,140,159,161,171,182,192,214,217,452,231,239,270,279,282,285,298,302,303,316,350,359,402,414,423,432,436,464,465
229:13,18,37,45,65,81,87,112,114,159,180,185,204,205,479,232,251,261,319,384,388,393,403,413,437,455,457,458
230:3,20,23,27,28,82,94,117,144,164,189,198,201,216,225,373,253,261,289,302,312,321,329,334,342,364,365,372,382,437,439
231:5,10,18,59,105,123,136,159,165,183,196,198,199,207,217,228,239,232,241,284,292,293,295,306,319,346,357,359,371,387,388,393,394,405,413,418,437,441,473,474
232:30,43,46,49,69,77,78,86,100,119,123,143,191,220,227,229,231,275,247,255,295,303,307,310,311,358,380,393,397
233:1,19,29,34,36,86,92,96,108,115,157,165,171,185,196,217,220,477,240,241,267,278,280,286,295,314,318,331,335,346,365,374,400,401,428,441,447,453,463,478
234:13,18,26,54,63,71,72,74,91,92,111,120,148,149,160,185,195,239,264,279,280,289,294,311,318,326,341,373,374,381,388,401,409,410,452,454,479
235:19,35,44,59,71,76,82,121,137,148,176,178,196,226,418,249,277,303,334,352,360,369,385,387,396,398,406,422,425,441,446,449,454
236:6,16,34,84,89,104,111,115,149,161,166,173,175,184,220,224,225,328,239,264,302,306,323,336,358,397,401,408,426,436,444,467
237:55,60,76,84,95,130,150,160,162,179,202,203,209,215,221,226,427,267,275,282,296,307,314,315,317,318,346,347,360,364,372,374,389,411,419,422,430,446,459,466
238:7,10,15,23,28,46,76,80,81,96,114,139,149,177,184,204,212,213,219,375,253,254,259,260,291,292,304,322,332,361,382,388,391,395,409,411,421,422,432,463,469
239:10,23,61,92,96,102,104,108,119,160,165,167,187,189,214,218,220,227,228,231,234,236,427,263,272,309,319,336,341,355,358,364,374,376,381,412,442,446,459
240:20,21,39,61,64,73,88,110,136,139,164,165,171,173,174,180,190,196,202,206,219,222,227,233,339,255,264,275,344,350,354,388,400,443
241:2,23,25,28,66,105,106,111,120,130,146,156,162,185,195,215,216,231,233,324,246,253,257,259,261,272,285,292,294,305,333,343,374,378,391,396,438
242:0,20,58,86,87,89,93,96,131,138,152,163,190,198,206,215,225,251,275,277,294,338,340,345,348,349,354,399,400,441,442,443,455,457,473
243:12,16,22,26,34,36,37,38,39,45,65,67,117,119,121,189,206,208,464,250,294,295,319,325,331,335,350,361,365,366,379,403,447,469
244:1,17,25,52,55,75,79,82,88,92,102,125,139,144,148,167,174,218,221,225,287,288,318,333,339,363,386,395,412,413,415,420,423,433,439,443,465,468
245:5,22,28,53,54,88,95,121,141,170,177,273,256,261,268,298,314,342,346,385,438,442,455,466
246:25,33,80,84,86,90,113,141,176,181,195,208,241,349,266,279,283,317,334,351,361,363,379,398,406,419,435,448,476
247:22,31,41,43,59,67,68,78,83,94,126,128,132,135,136,140,164,192,204,216,232,266,275,305,316,319,341,342,352,356,361,374,377,388,405,421,422,425,428,433,465,466,478
248:1,3,13,43,49,77,80,82,84,100,105,126,130,187,194,207,213,400,255,270,273,287,301,321,356,364,370,375,376,392,397,411,447,451,476
249:23,74,76,77,80,107,126,133,171,175,183,195,210,235,400,280,284,299,300,345,348,351,363,386,417,457,468
250:2,7,20,21,29,30,33,36,58,66,103,113,139,170,175,188,203,219,243,478,275,314,319,331,335,362,405,406,410,413,414,428,434,439,455,465,468,475
251:0,56,64,66,80,113,126,144,180,209,220,229,242,462,271,288,374,441,447,449,461,479
252:5,41,75,85,89,111,120,146,151,192,195,205,211,280,256,266,267,274,304,313,332,334,339,351,370,404,413,420,425,444,452,458
253:0,5,16,22,28,42,67,90,107,108,125,164,180,208,227,230,238,241,368,299,322,327,361,390,433,451,457,470,475,479
254:21,33,42,85,119,128,153,154,158,165,167,168,174,184,190,192,202,206,210,238,322,257,261,273,281,284,306,319,363,382,390,408,411,413,418,437,447,454,471
255:2,29,36,38,60,68,93,102,113,123,124,134,140,141,154,160,186,188,192,196,232,240,248,308,264,266,272,275,279,305,320,323,349,375,388,403,447,454,456,467
256:18,27,31,88,109,120,145,154,165,183,209,245,252,408,273,288,298,309,331,341,347,370,379,380,405,406,411,462
257:23,44,62,122,124,135,138,141,145,178,208,214,222,241,254,447,308,309,322,326,348,399,405,438,466,474
258:1,5,13,19,59,80,121,142,144,147,151,166,169,212,268,260,267,278,323,324,336,346,381,382,400,404,409,454,474
259:14,59,67,78,121,140,164,174,187,190,196,203,220,238,241,432,263,313,318,324,334,342,364,392,393,425,451,453,459,461,467
260:8,10,41,44,64,67,71,72,108,114,120,166,168,190,203,213,220,224,238,258,476,284,285,300,306,311,339,346,351,395,425,457,462,473,477
261:4,68,70,81,102,104,139,145,194,200,202,207,229,230,241,245,254,467,266,288,298,304,314,320,345,359,361,369,389,416,425,431,437,438,442,448,470
262:6,32,34,38,43,78,84,89,102,107,110,121,151,169,200,202,205,431,275,291,293,300,364,366,375,386,410,456,460,461
263:29,50,71,75,85,88,101,109,131,136,144,177,185,192,209,211,218,224,226,239,259,352,276,318,325,337,411,413,427,455
264:12,51,61,70,71,77,106,120,157,172,187,193,202,220,234,236,240,255,301,266,273,288,296,318,324,326,352,354,359,366,407,423,429,432,440,450
265:10,18,31,32,39,43,75,81,88,92,107,131,144,148,168,180,184,193,199,211,421,285,295,324,325,328,343,357,362,365,374,376,381,420,441,447,461,463,475,478
266:0,22,41,43,47,83,84,85,179,192,212,216,246,247,252,255,261,264,335,288,293,306,321,334,357,366,370,377,378,384,442,454,456
267:4,13,23,52,64,69,73,74,95,105,109,122,125,126,159,167,180,184,198,204,207,216,219,233,237,252,258,458,275,277,299,307,315,341,345,346,360,375,425,435,437,443,446,474
268:3,22,35,38,39,42,58,64,98,100,104,127,175,177,178,183,185,196,210,213,225,245,258,331,284,299,301,308,315,319,322,335,336,367,375,417,430,449,473
269:5,6,16,48,53,55,90,109,112,119,150,153,159,161,194,205,206,209,210,362,274,281,293,306,308,319,321,403,418,421,429
270:24,41,49,55,69,71,98,100,105,151,176,189,207,226,228,248,281,336,337,353,364,374,376,379,380,403,446,472,479
271:9,21,51,58,63,96,110,126,130,132,133,153,176,177,188,201,202,251,359,272,279,307,323,340,357,369,380,403,416,422,431,467,472
272:14,15,32,78,80,81,88,109,117,151,168,176,205,216,217,239,241,255,271,393,299,311,314,327,371,384,407,410,457,472,476
273:39,43,63,94,110,120,137,148,186,187,202,205,209,213,222,245,248,254,256,264,309,277,279,288,299,330,338,343,370,374,387,391,427,436,446,454,463,468
274:7,23,27,66,74,108,125,129,131,143,151,183,193,195,208,252,269,373,292,301,311,312,316,324,355,357,369,432,434
275:13,29,32,39,44,63,64,90,103,140,156,161,171,175,177,190,213,226,232,237,240,242,247,250,255,262,267,287,281,286,296,329,350,357,363,369,397,398,418,438,457,464,465
276:1,3,23,37,39,48,49,54,66,89,104,114,115,131,135,150,162,163,165,194,207,263,341,285,299,313,324,340,353,365,369,374,375,386,393,403,408,416,422,434,436,448,453,454
277:10,12,18,34,53,57,61,93,100,104,130,145,149,171,181,202,204,206,213,223,235,242,267,273,370,279,291,329,330,346,362,376,384,430,441,460,461,472,475
278:4,18,50,51,60,62,65,78,79,125,160,169,180,182,209,219,233,258,467,284,292,300,312,313,329,344,384,398,409,436,450,451
279:5,20,33,49,64,95,181,191,206,207,208,220,228,234,246,255,271,273,277,359,280,282,286,293,316,322,350,384,390,398,404,411,413,429
280:23,34,37,38,39,49,50,53,58,84,96,118,143,146,159,166,170,171,233,234,249,252,279,407,299,300,368,378,440,444,467
281:7,24,30,46,51,56,74,150,151,173,178,202,214,220,223,254,269,270,275,345,329,397,404,429
282:34,44,62,79,86,98,104,112,141,152,163,166,168,172,176,196,198,199,215,220,228,237,279,341,293,308,323,339,340,354,356,369,388,389,390,403,407,411,417,425,433,450,453,478
283:24,25,35,50,54,67,68,79,116,128,134,151,160,161,175,190,205,209,226,246,322,295,311,347,348,350,363,375,386,397,408,422,432,479
284:8,22,53,70,75,86,111,112,129,138,143,152,155,156,188,190,194,231,249,254,260,268,278,395,286,291,292,297,323,347,354,366,369,376,404,421,433,438,440,457,463,473,477
285:9,22,37,72,98,120,134,135,173,183,194,200,204,224,228,241,260,265,276,288,290,291,298,312,359,389,398,400,404,421,438,472
286:2,20,33,34,40,94,98,110,140,147,154,162,164,177,219,233,275,279,284,414,318,321,330,356,392,425,438,445,452
287:38,42,55,59,73,80,84,114,119,127,159,171,183,186,192,195,204,209,215,244,248,275,476,290,301,325,327,372,392,395,414,425,442,446,450,466
288:14,17,20,26,34,45,60,61,69,96,108,111,112,116,129,134,159,161,163,166,177,181,198,221,223,244,251,256,261,264,266,273,285,444,291,300,324,353,364,380,398,407,438,464
289:3,9,35,41,51,55,63,87,101,116,121,122,137,156,173,175,180,216,230,234,396,298,302,327,330,333,347,360,370,377,389,405,415,421,424,433,474
290:18,38,66,78,93,126,128,153,172,200,207,214,285,287,440,294,304,337,355,389,396,401,418,420,426,432,434,444,472,476
291:7,20,54,65,66,77,88,89,107,113,148,154,184,189,198,238,262,277,284,285,288,393,294,300,308,311,329,354,368,383,403,407,414,415,416,418,420,432,439,459,468
292:15,67,74,78,79,96,108,125,143,152,159,160,164,165,190,196,217,231,238,241,274,278,284,354,326,337,351,352,362,375,380,390,409,419,430,438,459,462,475
293:57,76,81,82,96,120,127,167,176,188,195,196,197,205,206,211,216,221,224,231,262,266,269,279,282,341,297,308,310,314,323,345,356,359,368,375,395,416,423,442,455,457,466,471
294:9,12,19,29,36,40,88,103,105,114,127,135,150,165,175,180,216,234,241,242,243,290,291,340,305,317,321,342,347,383,387,393,396,427,443,462
295:4,34,60,61,75,84,92,101,104,141,160,169,202,208,219,231,232,233,243,265,283,372,311,315,330,337,343,352,353,367,376,378,414,415,424,451,456,464
296:17,18,48,53,82,87,92,93,95,102,110,123,129,144,147,167,170,174,179,186,187,188,221,237,264,275,386,336,342,343,353,401,402,407,417,450
297:10,30,35,64,87,96,101,111,117,122,124,164,172,173,178,195,197,200,202,205,227,284,293,451,328,346,390,392,419,422,450,456,467
298:10,13,18,24,28,36,42,46,57,59,68,80,89,94,100,128,157,165,176,184,190,191,194,196,201,209,228,245,256,261,285,289,329,308,322,325,338,339,342,348,356,365,373,376,391,395,406,418,423,429,466,472
299:0,7,8,9,11,23,37,52,59,71,81,107,115,132,148,157,170,180,196,220,249,253,267,268,272,273,276,280,344,301,309,346,348,357,439
300:14,15,53,74,75,91,96,121,127,162,200,203,207,209,218,249,260,262,278,280,288,291,432,311,364,390,398,448,455,456
301:0,15,16,31,49,76,77,81,83,102,112,124,129,130,143,169,173,182,190,192,212,223,248,264,268,274,287,299,471,314,318,354,359,364,398,401,402,414,458,472,473
302:17,24,34,52,54,57,59,75,77,89,99,101,102,131,136,145,152,163,189,217,228,230,236,289,367,307,351,360,366,373,386,392,406,453,466
303:4,9,20,22,38,40,41,57,81,88,99,118,154,155,168,171,179,181,209,227,228,232,235,452,311,327,351,376,382,391,408,410,429,442,479
304:3,4,31,41,46,69,76,101,104,129,142,145,161,182,186,189,238,252,261,290,362,308,334,341,353,390,404,407,414,439,452
305:9,10,11,16,18,24,67,83,86,92,107,109,113,129,137,163,166,204,208,241,247,255,294,342,313,328,329,356,364,368,371,375,376,389,391,409,410,425,436,449,455
306:12,35,50,53,67,69,72,85,128,149,169,198,226,231,236,254,260,266,269,327,313,317,325,331,335,336,339,353,356,363,396,427,454,475
307:11,19,37,60,75,93,122,152,178,202,208,232,237,267,271,302,403,320,351,362,368,377,383,394,405,415,422,438,446,465
308:20,29,54,68,95,105,119,127,128,137,162,163,168,201,216,218,222,255,257,268,269,282,291,293,298,304,464,309,409,448,467
309:26,28,32,47,58,59,61,78,129,141,148,186,204,218,239,256,257,273,299,308,441,314,328,329,339,365,383,405,422,433,438,443,444,446,450,464,467,470,472
310:9,14,16,29,42,72,73,78,132,159,170,182,187,195,205,211,214,217,232,293,479,340,343,345,349,353,377,385,388,396,397,400,407,414,416,426,431,457,471
311:19,21,26,40,51,52,58,79,92,116,138,144,173,187,188,191,196,200,202,232,234,260,272,274,283,291,295,300,303,454,331,334,342,405,429,437,438
312:0,66,89,96,112,126,147,178,194,195,208,213,223,230,274,278,285,377,321,326,345,354,389,413,426,428,431,448,450,457,478
313:1,22,34,41,67,75,135,136,141,157,161,203,204,212,218,226,252,259,276,278,305,306,455,317,364,381,397,409,424,460
314:22,35,55,90,144,163,167,185,191,193,195,224,233,237,245,250,261,272,293,301,309,391,333,371,377,378,413,439,445,479
315:22,23,51,88,119,148,163,168,170,171,173,186,224,237,267,268,295,410,343,372,407,416,425,431,453,462,475,476
316:11,51,56,71,84,91,108,132,140,182,187,206,215,222,228,247,274,279,333,318,327,339,354,357,367,388,410,463,474
317:13,33,59,64,88,103,112,122,124,125,156,157,162,188,222,237,246,294,306,313,338,320,393,402,407,430,437,464,473,479
318:4,11,24,38,55,65,67,72,78,83,89,123,128,129,140,150,151,161,170,175,187,200,216,233,234,237,244,259,263,264,286,301,316,412,326,330,382,391,410,411,415,467
319:51,53,66,77,80,86,90,91,123,124,150,165,169,200,204,216,229,231,239,243,247,250,254,268,269,383,329,350,375,378,388,407,416,435,437
320:25,27,53,74,89,91,108,124,140,145,154,170,179,193,212,218,255,261,307,317,350,360,367,393,410,431,451,455,463
321:2,7,16,42,47,48,66,94,96,123,128,132,157,169,174,199,205,217,221,227,230,248,266,269,286,294,312,402,346,356,379,403,407,431,440,454,476,477
322:9,21,24,31,34,38,43,56,65,71,84,89,90,92,108,110,113,121,130,139,203,212,221,238,253,254,257,268,279,283,298,328,345,364,368,419,446,447,455,459
323:7,29,90,121,128,164,199,203,223,236,255,258,271,282,284,293,440,362,366,372,381,388,410,418,427,435,438,448,468
324:29,51,62,65,69,70,92,102,140,146,174,189,224,241,258,259,264,265,274,276,288,460,341,399,409,443,475,476
325:10,18,24,45,49,62,86,115,131,137,140,143,145,148,149,162,188,196,205,216,243,263,265,287,298,306,359,380,417,425,433,434
326:6,31,37,54,61,68,73,76,82,93,105,145,188,216,218,225,234,257,264,292,312,318,390,328,346,363,376,393,425,429,434,438,456
327:23,36,49,62,72,74,95,102,164,166,182,253,272,287,289,303,306,316,330,412,424,425,439,441,452,472,476
328:7,8,11,60,76,80,86,117,123,143,154,178,185,194,236,265,297,305,309,322,326,332,338,341,351,360,381,385,389,402,426,428,431,442,451,454
329:8,55,70,93,95,113,117,135,138,142,175,196,197,199,206,210,216,230,275,277,278,281,291,298,305,309,319,358,343,348,353,362,363,374,383,387,398,415,418,419,424,435,442,464
330:0,21,90,112,140,142,147,153,166,169,172,173,200,213,225,226,273,277,286,289,295,318,327,346,353,358,361,371,388,396,408,431,432,439,440,445
331:13,31,55,58,61,70,75,87,89,101,143,153,170,190,198,200,205,219,233,243,250,256,268,306,311,379,354,382,390,410,427,447,458,460,466
332:15,20,24,25,44,66,80,115,123,179,193,196,211,214,218,238,252,328,440,340,344,347,348,360,365,366,369,386,388,411,423,441,449
333:19,28,31,44,49,63,72,102,132,160,168,177,193,221,222,241,244,289,314,316,478,336,337,346,348,358,388,401,411,422,455,468
334:41,48,49,64,67,80,99,110,112,149,168,198,210,211,212,222,230,235,246,252,259,266,304,311,367,375,387,388,415,451,463,476,477
335:9,17,21,24,26,27,38,53,96,100,120,143,154,168,218,233,243,250,266,268,306,403,356,357,416,420,431,462
336:28,51,60,71,77,97,100,106,109,112,138,140,162,171,189,202,217,236,239,258,268,270,296,306,333,444,354,369,417,438,449,461
337:6,14,32,41,45,57,61,111,119,120,121,143,169,191,193,263,270,290,292,295,333,369,347,349,350,352,368,379,409,411,442,453,461,463
338:69,82,95,101,111,143,152,165,168,196,199,218,242,273,298,317,328,376,352,359,360,391,400,408,409,418,453,464,465
339:11,24,33,67,73,95,101,103,150,161,187,199,202,240,244,252,260,282,298,306,309,316,456,343,380,414,460,473
340:16,33,53,71,86,117,119,121,123,138,142,149,166,194,200,202,203,242,271,276,282,294,310,332,388,342,348,359,372,417
341:25,28,56,59,61,67,77,78,88,91,104,122,146,168,175,195,197,199,206,216,234,239,247,256,267,276,282,293,304,324,328,411,351,371,373,380,389,396,404,406,417,430,432,440,448,454,456,460
342:15,22,31,42,54,74,88,93,95,102,110,132,156,166,194,200,204,213,230,245,247,259,294,296,298,305,311,340,477,350,399,414,444,459,466,472,478
343:6,9,27,62,74,75,84,109,110,118,139,148,152,172,193,241,265,273,295,296,310,315,329,339,455,349,370,383,398,404,409,412,425,443,467,478
344:17,32,34,36,37,44,55,77,90,130,141,175,193,194,198,203,210,240,278,299,332,435,357,370,372,379,384,393,396,409,416,436,459,469
345:5,51,69,73,97,112,125,126,153,156,164,165,181,198,224,225,242,249,261,267,281,293,310,312,322,426,356,370,384,412,438,442,454,470,473,474,479
346:17,19,23,42,51,95,133,136,142,159,188,194,200,231,233,237,245,258,260,267,277,297,299,321,326,330,333,398,364,378,384,414,457,466
347:7,11,18,35,56,59,73,96,98,105,117,118,120,126,135,143,147,164,173,217,237,256,283,284,289,294,332,337,369,354,368,372,375,416,443,470
348:20,40,48,58,79,87,91,123,126,130,138,156,179,201,242,249,257,283,298,299,329,332,333,340,370,352,367,368,391,401,403,406,408,434,439,451
349:4,48,93,94,108,110,135,153,162,165,170,177,181,187,206,223,242,246,255,310,337,343,453,387,400,406,446,448,450,451,457,465,470,474
350:15,28,54,56,63,78,89,90,95,100,145,154,168,180,183,193,219,222,228,240,243,275,279,283,319,320,337,342,399,357,362,368,369,387,395,397,407,413,446,448,464,476
351:8,25,35,50,56,57,59,78,90,100,102,131,152,158,170,207,217,246,249,252,260,292,302,303,307,328,341,402,354,392,400,415,427,457,461
352:3,11,19,32,44,51,61,69,80,98,110,111,114,115,125,130,150,160,166,177,210,219,235,247,263,264,292,295,337,338,348,440,363,397,454,460,470
353:13,22,26,39,65,106,109,125,171,182,184,194,202,210,270,276,288,295,296,304,306,310,329,330,459,380,392,402,414,421,445,447,457
354:0,10,49,53,55,56,63,64,106,113,121,130,136,138,151,166,180,189,193,207,240,242,264,282,284,291,292,301,312,316,331,336,347,351,360,380,382,386,398,402,404,407,416,419,430,440,445,451,476
355:31,45,52,63,70,75,78,88,113,120,124,200,239,274,290,359,356,357,373,398,408,426,430,439,469,478
356:12,20,21,24,28,72,91,109,140,146,169,172,188,198,202,209,247,248,282,286,293,298,305,306,321,335,345,355,397,390,422,431,433,452,455,458,474
357:46,49,52,57,79,81,87,89,100,182,207,221,231,265,266,271,274,275,299,316,335,344,350,355,443,377,378,395,410,458,461,465
358:25,33,51,88,91,94,103,107,115,118,120,133,146,148,167,176,182,191,211,226,232,236,239,329,330,333,369,359,366,392,422,446,456,462,472,476
359:19,35,36,50,62,96,128,130,157,158,159,166,183,184,208,228,231,261,264,271,279,285,293,301,325,338,340,355,358,476,370,378,405,409
360:1,16,27,56,70,130,131,163,226,235,237,267,289,302,320,328,332,338,354,394,395,449,469,470
361:14,24,25,35,43,65,107,144,148,173,175,183,187,201,212,219,238,243,246,247,253,261,330,372,364,365,373,376,380,391,412,432,463,471,479
362:0,1,10,15,33,37,51,73,91,106,108,112,114,140,150,152,153,174,175,177,188,193,196,197,202,212,250,265,269,277,292,304,307,323,329,350,395,370,392,417,428,432,447,449,473,478
363:22,26,40,58,59,63,77,87,92,129,130,149,171,180,184,186,199,244,246,249,254,275,283,306,326,329,352,379,364,371,378,398,414,442,461,465,476
364:19,38,43,54,73,99,108,131,181,198,230,237,239,248,259,262,270,288,300,301,305,313,322,346,361,363,422,377,378,384,398,401,408,425,428,451,467,474
365:6,11,17,23,33,55,89,108,160,173,193,198,215,217,222,230,233,243,265,276,298,309,332,361,454,402,425,445,449,478
366:12,18,36,45,75,122,166,170,176,200,226,243,262,264,266,284,302,323,332,358,388,369,394,402,424,461,465
367:34,35,44,52,62,107,117,118,133,146,147,198,205,214,268,295,302,316,320,334,348,469,442,448,470,477
368:0,5,7,9,23,42,44,62,132,135,169,175,188,193,205,222,227,253,280,291,293,305,307,322,337,347,348,350,472,371,378,391,422,433,470,476
369:33,48,60,62,89,128,175,184,195,216,235,261,271,274,275,276,282,284,332,336,337,347,350,358,366,465,382,399,407,413,422,439,470
370:21,31,62,85,86,89,100,115,117,118,125,186,195,203,209,220,225,248,252,256,266,273,277,289,343,344,345,348,359,362,373,380,427,431,436,437,473
371:14,15,79,87,104,120,129,131,134,138,157,213,214,223,231,272,305,314,330,341,363,368,392,386,428,431,443,454
372:32,43,131,143,149,169,174,183,201,204,213,215,225,230,237,287,295,315,323,340,344,347,361,464,381,400,430,440
373:32,36,39,50,69,73,86,87,99,113,134,156,199,216,230,234,274,298,302,341,355,361,370,444,395,417,432,434,449,458,461,465,477
374:9,12,13,17,33,36,37,44,60,92,96,99,117,118,158,164,171,233,234,237,239,241,247,251,265,270,273,276,329,393,388,421,422,423,438,445,464
375:10,22,45,71,93,108,114,118,149,176,190,211,212,225,238,248,255,262,267,268,276,283,292,293,305,319,334,347,455,382,386,404,407,409,436,439
376:3,7,12,20,26,39,41,49,54,60,61,76,102,135,187,218,220,239,248,265,270,277,284,295,298,303,305,326,338,361,410,393,394,405,415,425,427,452,466,470
377:7,39,61,77,91,106,125,151,164,169,188,191,193,195,199,202,211,213,215,226,227,247,266,289,307,310,312,314,357,364,424,397,403,413,426,445,469
378:20,32,95,110,125,128,133,135,141,143,149,157,172,196,202,241,266,280,295,314,319,346,357,359,363,364,368,462,393,405,407,425,441,450,460
379:8,14,109,155,158,179,206,209,225,243,246,256,270,321,331,337,344,363,476,398,406,430,460,467,474
380:8,18,30,31,54,66,74,114,126,155,166,168,169,175,179,188,232,256,270,271,288,292,325,339,341,353,354,361,370,389,382,384,393,395,463
381:7,8,27,72,88,111,119,146,150,152,158,182,216,234,239,258,265,313,323,328,372,396,429,438,444,453
382:2,38,59,65,71,75,85,146,147,167,195,196,230,238,254,258,303,318,331,354,369,375,380,455,397,410,437,438,472
383:12,36,39,41,45,46,56,82,84,93,101,145,161,169,182,187,189,192,202,213,227,291,294,307,309,319,329,343,452,399,406,408,423,438,453,468
384:5,11,16,32,110,131,136,142,155,219,229,266,272,277,278,279,344,345,346,364,380,421,385,386,411,440,445,451,460,471
385:25,34,35,58,72,77,78,83,97,105,112,118,124,126,139,142,149,153,161,173,176,201,235,245,310,328,384,421,422,426,440,441,450,471
386:3,7,14,40,56,86,125,140,144,155,157,163,167,175,192,204,212,221,223,244,249,262,276,283,296,302,332,354,371,375,384,437
387:20,23,28,66,70,73,91,145,169,173,174,186,191,220,221,231,235,273,294,329,334,349,350,403,391,404,426,453,469
388:31,48,70,103,119,141,145,190,212,224,229,231,234,238,240,247,255,282,310,316,319,323,330,332,333,334,340,366,374,450,399,429,436,437,443,455,460,467
389:42,52,60,84,107,115,144,157,173,178,187,190,198,226,237,261,282,285,289,290,305,312,328,341,380,429,393,394,411,428,442,444,448,451,463,466,467,473,477
390:5,12,14,29,101,121,127,133,135,154,170,177,181,253,254,279,282,292,297,300,304,326,331,356,449,391,411,413,414,427,446,451
391:18,34,42,64,66,89,93,131,134,141,145,153,179,184,186,190,209,238,241,273,298,303,305,314,318,338,348,361,368,387,390,454,416,435,439,446,451,471
392:14,37,46,49,66,73,76,119,130,142,152,171,177,211,218,227,248,259,286,287,297,302,351,353,358,362,371,454,409,424,428,441,444,447,478
393:11,47,54,58,62,69,80,101,118,120,139,140,163,166,168,169,186,208,215,229,231,232,259,272,276,291,294,317,320,326,344,374,376,378,380,389,449,397,415,426,436,451,474
394:44,53,63,84,95,106,123,132,145,160,178,194,204,225,231,307,360,366,376,389,425,437,447,469,475,478
395:8,28,30,63,67,82,92,102,106,111,149,156,182,185,196,200,203,208,226,238,244,260,284,287,293,298,350,357,360,362,373,380,446,409,420,447,448,451,461,468
396:7,47,57,72,74,85,103,123,143,154,186,192,193,196,227,235,241,289,290,294,306,310,330,341,344,381,420,411,415,417,433,461
397:12,20,25,29,34,40,55,65,81,98,113,151,152,166,180,190,193,216,223,232,236,248,275,281,283,310,313,350,352,356,377,382,393,456,412,430,435,443,454,462,467
398:0,17,30,35,51,63,69,87,103,167,186,195,196,210,218,235,246,275,278,279,285,288,300,301,329,343,346,354,355,363,364,379,409,402,416,418,421,422,442,453,461,468
399:15,26,40,48,55,72,86,117,121,122,146,149,164,198,208,227,242,257,324,342,350,369,383,388,463,402,412,423,431,434
400:13,47,67,75,100,116,127,151,152,162,165,175,181,192,195,201,225,233,240,242,248,249,258,285,310,338,349,351,372,448,411,445,461
401:17,27,53,77,112,144,149,155,183,190,217,233,234,236,290,296,301,333,348,364,455,402,416,447,450
402:2,17,24,39,43,58,64,109,117,120,125,166,167,173,203,207,228,296,301,317,321,328,351,353,354,365,366,398,399,401,471,403,412,424,430,456,464
403:44,66,68,82,87,142,154,167,169,173,183,207,215,229,243,255,269,270,271,276,282,291,307,321,335,348,377,387,402,409,416,435,446,456,465,470,479
404:0,34,39,43,46,53,56,64,97,111,123,124,140,144,147,164,172,181,182,204,215,252,258,279,281,284,285,304,341,343,354,375,387,466,425,440
405:15,22,24,27,37,46,73,93,139,146,160,207,212,231,247,250,256,257,289,307,309,311,359,376,378,478,417,460,474
406:5,14,17,66,79,80,82,118,124,141,210,225,235,246,250,256,298,302,341,348,349,379,383,460,428,431,478
407:31,66,87,89,101,103,104,129,191,194,197,214,216,264,272,280,282,288,291,296,304,310,315,317,319,321,350,354,369,375,378,416,415,431,441,472
408:3,50,66,75,82,93,94,122,125,127,173,191,224,236,254,256,276,283,303,330,338,348,355,364,383,410,409,412,414,452,453,459,462
409:22,29,48,67,72,156,159,171,185,202,220,234,238,258,278,292,305,308,313,324,337,338,343,344,359,375,392,395,398,403,408,446,447,449,457,478,479
410:24,33,62,64,81,89,98,115,116,135,159,234,250,262,272,303,305,315,316,318,320,323,331,357,376,382,408,443,427,472,476
411:2,46,137,149,158,171,209,221,225,237,238,248,254,256,263,279,282,318,332,333,337,341,384,389,390,396,400,430,423,428,475
412:3,26,58,82,94,137,143,150,200,205,210,221,239,244,318,327,343,345,361,397,399,402,408,448,447,465,468
413:4,9,10,24,56,87,91,97,109,111,127,144,147,185,203,211,229,231,244,250,252,254,263,279,312,314,350,369,377,390,440,435,461
414:22,43,69,88,94,119,127,130,158,171,199,225,228,250,286,287,291,295,301,304,310,339,342,346,353,363,390,408,415,419,422,469,474
415:14,16,30,34,65,87,113,132,135,159,170,174,190,218,244,289,291,295,307,318,329,334,351,376,393,396,407,414,442,426,436,441,447,448,461,471
416:18,21,56,80,82,88,96,105,120,121,148,156,180,220,261,271,276,291,293,310,315,319,335,344,347,354,391,398,401,403,407,420,449,470
417:44,56,71,91,131,141,157,165,170,172,174,186,188,190,201,207,225,249,268,282,296,325,336,340,341,362,373,396,405,420,440,455,463
418:4,14,17,26,28,50,65,80,82,95,123,127,144,153,175,208,227,231,235,254,269,275,290,291,298,323,329,338,398,435,420,466,469
419:7,14,53,79,96,107,113,118,120,134,158,173,197,237,246,292,297,322,329,354,414,476,449,452,466,468
420:8,58,127,162,176,197,244,252,265,290,291,335,395,396,416,417,418,457,431,437,449
421:16,27,58,59,69,89,92,135,152,157,165,176,195,215,218,238,247,265,269,284,285,289,353,374,384,385,398,467,422,425,441,448,450,458
422:13,16,20,38,55,63,90,114,123,137,164,172,182,183,218,219,226,235,237,238,247,271,276,283,297,307,309,333,356,358,364,368,369,374,385,398,414,421,433,427,435,439,442,443,451,467
423:44,45,55,62,92,100,107,120,133,143,144,150,158,169,183,196,203,213,226,228,244,264,293,298,332,374,383,399,411,472,453,457,473,477
424:14,16,29,44,79,96,110,122,132,140,196,198,207,289,295,313,327,329,366,377,392,402,461,432,451,457,464
425:15,17,19,26,29,49,58,59,88,105,119,139,160,203,206,209,222,223,226,235,247,252,259,260,261,267,282,286,287,305,315,325,326,327,343,364,365,376,378,394,404,421,442,444,449,463,467,477
426:22,37,43,82,90,98,102,148,152,175,177,185,186,198,223,224,236,290,310,312,328,345,355,377,385,387,393,415,479,438,441,473
427:2,35,59,88,109,136,139,143,157,161,165,193,207,210,215,223,237,239,263,273,294,306,323,331,351,370,376,390,410,422,473,474
428:3,24,27,34,36,41,43,54,73,88,89,94,129,144,151,201,233,247,250,312,328,362,364,371,389,392,406,411,460,434,466
429:14,19,33,51,58,63,66,78,99,104,113,121,125,157,158,161,164,187,200,217,222,264,269,279,281,298,303,311,326,381,388,389,452
430:9,13,25,79,130,144,150,154,155,164,174,188,198,214,222,237,268,277,292,317,341,354,355,372,379,397,402,411,453,440,471,475
431:2,4,6,16,37,74,88,96,112,121,127,147,152,173,227,261,262,271,310,312,315,320,321,328,330,335,356,370,371,399,406,407,420,471,436,451,456,472
432:2,15,16,17,57,68,72,86,132,136,189,205,206,210,225,228,238,259,264,274,283,290,291,300,330,341,361,362,373,424,438,461
433:20,32,48,49,108,120,124,134,138,156,169,183,193,209,227,244,247,253,282,284,289,309,325,356,368,396,422,438,446,467
434:6,18,37,43,57,63,90,136,165,178,180,195,224,250,274,276,290,325,326,348,373,399,428,458,439,445,454,457
435:0,3,9,29,48,98,100,110,137,153,165,216,246,267,319,323,329,344,391,397,403,413,418,422,441,442,445,447,458
436:41,47,54,59,68,74,83,87,92,107,168,176,203,228,236,273,276,278,305,344,370,375,388,393,415,431,445,444,452,454,467,474,476
437:15,18,38,77,84,101,106,113,118,120,160,161,169,201,202,223,227,229,230,231,254,261,267,311,317,319,370,382,386,388,394,420,440,448,449,450,476
438:12,17,20,22,34,43,45,70,78,86,88,107,115,124,130,147,180,194,195,210,218,223,241,245,257,261,275,284,285,286,288,292,307,309,311,323,326,336,345,374,381,382,383,426,432,433,441,443,475,478
439:27,29,39,45,55,142,149,194,202,205,214,230,244,250,291,299,304,314,327,330,348,355,369,375,391,422,434,460
440:9,54,59,94,106,122,129,138,157,168,190,192,201,203,205,213,224,264,280,284,290,321,323,330,332,341,352,354,372,384,385,404,413,417,430,437,449,448,450,461
441:36,125,131,145,164,206,210,212,225,231,233,235,242,251,265,277,309,327,332,378,385,392,407,415,421,426,435,438,451,459,462,472,475,479
442:6,11,26,45,57,63,85,119,149,154,204,209,239,242,245,261,266,287,293,303,328,329,337,345,363,367,389,398,415,422,425,435,469,456
443:33,37,41,47,60,88,107,110,119,152,167,182,185,198,218,223,240,242,244,267,294,309,324,343,347,357,371,388,397,410,422,438,456,449,458,470
444:19,20,27,34,38,64,72,77,79,86,92,96,101,113,116,119,183,188,198,205,236,252,280,288,290,309,336,342,373,381,389,392,425,436,475,455,459,467
445:17,29,60,67,91,103,119,130,147,153,173,176,197,206,209,215,217,225,227,286,314,330,353,354,365,374,377,384,400,434,435,436,454,455,470,471
446:6,8,9,12,38,40,45,50,63,69,76,104,121,131,140,158,179,185,193,235,237,239,267,270,273,287,307,309,322,349,350,358,390,391,395,403,409,433,477,450
447:1,20,21,22,24,40,47,53,150,168,194,200,207,233,243,248,251,254,255,257,265,322,331,353,362,392,394,395,401,409,412,415,435,448,451,467
448:4,21,23,31,33,42,78,96,99,121,123,124,139,145,147,156,172,182,225,246,261,276,300,308,312,323,341,349,350,367,389,395,400,412,415,421,437,440,447,461,460,478
449:4,5,13,26,31,77,85,88,104,113,118,130,136,141,149,150,154,213,220,235,251,268,305,332,336,360,362,365,373,390,393,409,416,419,420,425,437,440,443,478,464,467
450:8,13,34,43,62,66,91,115,122,123,129,134,149,150,163,179,198,264,278,282,287,296,297,309,312,349,378,385,388,401,421,437,440,446,458,476
451:25,39,44,62,96,123,128,150,172,173,180,198,220,223,248,253,259,278,295,297,320,328,334,348,349,354,364,384,389,390,391,393,395,422,424,431,441,447,455,458,460
452:16,24,41,53,56,58,89,91,97,113,122,176,197,209,214,221,226,228,234,252,286,303,304,327,356,376,383,408,419,429,436,462,459,478
453:15,44,48,81,104,105,110,133,143,150,167,199,203,227,233,259,276,282,302,315,337,338,349,381,383,387,398,408,423,430,460
454:2,11,28,47,60,67,68,75,76,77,114,116,129,132,139,150,169,199,203,212,219,234,235,254,255,258,266,273,276,306,311,321,328,341,345,352,365,371,391,392,397,434,436,445,467,456,479
455:17,64,88,200,204,214,226,229,242,245,250,263,293,300,305,313,320,322,333,343,356,375,382,388,401,417,444,445,451,460,458,477
456:7,9,30,45,48,54,64,65,66,67,78,129,147,153,186,188,206,207,214,216,255,262,266,295,297,300,326,339,341,358,397,402,403,431,442,443,454,463,477
457:1,10,32,56,85,95,100,119,133,160,163,166,169,171,205,218,226,229,242,249,253,260,272,275,284,293,310,312,346,349,351,353,409,420,423,424,434,468
458:4,23,27,28,30,38,46,61,82,105,131,140,142,151,179,229,252,267,301,331,356,357,373,421,434,435,443,450,451,455,472,475
459:4,9,14,16,21,29,37,49,80,81,104,106,110,139,143,164,202,213,219,237,239,259,291,292,322,342,344,353,408,441,444,452,479,461,466,478
460:0,7,11,22,32,35,37,54,59,61,97,100,154,189,202,214,225,262,277,313,324,331,339,341,352,378,379,384,388,405,406,428,439,448,451,453,455,476,471,478
461:14,22,39,49,63,77,111,149,174,178,195,202,208,216,251,259,262,265,277,336,337,351,357,363,366,373,395,396,398,400,413,415,424,432,440,448,459,473
462:6,10,22,25,27,54,70,83,99,104,128,165,171,175,196,199,251,256,260,292,294,315,335,358,378,397,408,441,452,474,473
463:2,15,41,42,43,64,73,83,98,100,106,138,151,154,162,163,188,190,200,218,220,227,233,238,265,273,284,316,320,334,337,361,380,389,399,417,425,456,471,464,466
464:16,37,41,53,55,65,70,78,80,117,129,135,136,139,173,186,189,206,227,228,243,275,288,295,308,309,317,329,338,350,372,374,402,424,449,463,479,467,475
465:29,32,57,60,62,70,91,125,126,130,133,152,168,170,181,192,193,194,203,218,228,244,247,250,275,307,338,349,357,363,366,369,373,403,412,478,474
466:6,32,35,38,48,77,103,106,108,128,147,164,205,211,216,237,245,247,257,287,293,298,302,331,342,346,376,389,404,418,419,428,459,463,477,475,476
467:2,4,9,10,14,39,42,57,84,92,119,123,132,140,156,174,190,226,236,255,259,261,271,278,280,297,308,309,318,343,364,379,388,389,397,421,422,425,433,436,444,447,449,454,464,472
468:11,74,84,101,144,145,178,187,206,220,225,244,249,250,273,291,323,333,383,395,398,412,419,457,472
469:9,17,40,47,72,77,101,102,131,156,164,166,176,191,206,217,238,243,344,355,360,367,377,387,394,414,418,442,476
470:0,9,26,57,95,99,105,150,161,164,200,205,218,223,253,261,309,345,347,349,352,360,367,368,369,376,403,416,443,445,477,479
471:12,37,41,51,54,77,87,88,92,120,123,131,148,153,192,204,223,254,293,301,310,361,384,385,391,402,415,430,431,445,460,463,477,475
472:5,47,81,88,99,105,113,122,128,129,150,177,195,208,212,270,271,272,277,285,290,298,301,309,327,342,358,368,382,407,410,423,431,441,458,467,468,476,478
473:12,13,14,77,82,97,99,100,111,151,173,208,225,231,242,260,268,284,301,317,339,345,362,370,389,423,426,427,461,462,479,476
474:9,10,88,95,118,122,143,159,174,185,231,257,258,267,289,316,345,349,356,364,379,393,405,414,427,436,462,465,479
475:54,58,84,127,140,144,148,163,171,196,211,221,250,253,265,277,292,306,315,324,394,411,430,438,441,444,458,464,466,471,477
476:21,32,36,47,73,77,113,118,119,135,146,161,246,248,260,272,287,290,315,321,324,327,334,350,354,358,359,363,368,379,410,419,436,437,450,460,466,469,472,473,477
477:23,40,46,48,73,89,95,104,114,119,129,144,153,154,155,172,186,200,203,233,260,284,321,334,342,367,373,389,423,425,446,455,456,466,470,471,475,476,478
478:0,3,21,45,60,78,111,114,116,118,121,141,146,149,151,158,167,170,171,177,184,193,208,216,233,247,250,265,282,312,333,342,343,355,362,365,392,394,405,406,409,438,448,449,452,459,460,465,472,477,479
479:20,34,74,115,116,156,229,234,251,253,270,283,303,310,314,317,345,361,403,409,426,441,454,459,464,470,473,474,478
