0:224,8,13,158,202,235,240,252,303,328
1:304,84,112,119,139,183,197,224,290,291
2:108,4,33,38,44,67,97,138,142,156,173,208,232,253,321
3:144,5,12,17,39,49,75,80,83,132,145,149,203,235,299,310,328
4:2,289,6,38,67,68,101,123,191,220,252,261,288,296,298,322,325
5:3,38,44,51,86,92,99,113,118,148,149,185,313
6:4,66,7,33,76,90,92,108,126,152,176,185,194,216,224,238,241,251,306,312
7:6,288,68,73,85,91,106,109,114,153,175,182,193,243,262,269,278
8:0,269,19,87,95,174,175,198,205,224,273,312
9:113,98,110,126,175,197,230,241,276,288,304
10:49,78,125,152,155,169,192,232,233,249,250,260,268,289,305,315
11:89,26,29,49,70,105,132,153,177,259,280,290,325
12:3,272,24,35,82,92,117,119,194,200,243,268,280,282,283,317,322
13:0,123,56,73,85,190,256,295,304,307,314
14:99,30,50,66,87,93,109,165,175,303,327,328
15:126,62,68,103,114,148,165,192,194,200,249,295,317
16:199,61,72,84,122,136,210,270,280,296
17:3,237,61,76,107,162,181,185,208,253,257
18:136,20,32,48,81,99,112,124,133,153,165,257,259,308,309,327
19:8,251,29,42,49,83,98,124,136,244,250,263,311,320
20:18,270,38,63,92,177,213,250,282,283,324
21:108,26,38,104,149,154,158,228,237,253
22:145,27,31,49,126,130,195,202,204,220,234,269,273,299
23:52,82,109,156,181,192,235,260,261,271
24:12,235,37,79,113,126,134,162,171,198,217,224,227,280,297,325
25:88,35,36,42,64,102,110,116,158,164,166,225,234,294,295,328
26:11,21,85,39,47,48,90,122,160,174,195,207,316
27:22,51,39,43,68,118,150,156,238,267
28:132,105,155,158,167,188,299
29:11,19,308,34,103,124,156,176,231,282
30:14,32,51,144,225,252,261,290,296,316
31:22,33,54,103,122,201,225,230,236,253,274,289,305
32:18,30,217,50,76,123,128,133,142,146,160,209,219,268,275,279,309,322
33:2,6,31,190,120,142,292,310
34:29,149,59,60,103,128,133,236,238,244,261,297,301,307,317,318
35:12,25,206,47,59,162,163,190,212,262,288,304,305
36:25,100,76,109,142,282,302,312,325
37:24,270,46,60,73,103,104,227,234,312,325
38:2,4,5,20,21,252,49,62,65,82,117,128,142,153,155,195,217,230,240,270,280
39:3,26,27,42,44,86,125,136,181,202,276
40:69,49,75,150,194,241,280,314
41:245,103,126,157,165,206,240,241,258,286,300,310,312,325
42:19,25,39,195,48,123,141,145,158,200,211,257,266,309,317
43:27,270,65,70,89,125,134,148,154,219,227,247,257,268,276,298
44:2,5,39,57,62,64,75,101,111,116,155,198,203,249,266,269,279,295,310
45:109,84,138,157,211,253,269,273,291,293,295,304
46:37,235,66,173,214,243,245,256,270,281,303,306,320
47:26,35,76,53,61,72,101,108,113,137,153,170,238,257,269,279,289,316
48:18,26,42,321,125,128,134,135,195,257,291,294,313
49:3,10,11,19,22,38,40,184,133,175,211,250,266,319
50:14,32,296,83,102,144,186,214,223,225,229,239,256,303
51:5,27,30,132,54,61,89,97,155,156,165,169,174,185,204,220,254,261,267,290
52:23,75,66,86,105,141,151,187,211,271,327
53:47,83,61,73,110,113,133,147,176,190,199,202,238,248,253,269,306,308,327
54:31,51,133,75,82,113,122,156,169,170,205,206,285,294,302
55:318,134,194,212,217,222,237,238,247,285,308,327
56:13,293,57,99,114,178,192,199,213,328
57:44,56,76,108,122,135,160,196,201,255,257
58:181,83,133,141,144,145,191,239,258,267,269,272,323
59:34,35,83,84,87,96,114,116,117,146,179,226,230,231,250,270,300
60:34,37,313,85,126,145,150,152,157,166,272,273,286
61:16,17,47,51,53,202,98,165,204,227,241,277,290,322
62:15,38,44,237,70,91,120,194,208,234,253,260,277,309
63:20,101,161,168,190,236,242,256,321
64:25,44,231,164,207,258,262,267,284,286,293,301
65:38,43,191,66,112,186,197,223,228,238,259,273
66:6,14,46,52,65,113,74,77,81,92,142,164,179,187,196,207,261,285,320
67:2,4,316,113,148,165,208,226,251,275,297
68:4,7,15,27,286,105,108,118,159,164,182,188,198,201,244,250,265,283,324
69:40,106,96,122,162,163,171,183,205,207,222,230,242,276,278,290,317
70:11,43,62,109,97,158,204,230,307
71:303,134,136,159,162,195,215,238,302,306,323
72:16,47,245,117,136,149,159,184,187,188,196,206,280
73:7,13,37,53,128,82,90,125,160,184,206,255,258,278
74:66,140,80,86,87,92,124,139,162,169,174,175,188,204,223,245,305,311,327
75:3,40,44,52,54,295,82,104,133,150,195,198,203,228,311,319,323,328
76:6,17,32,36,47,57,101,90,94,125,157,192,208,233,262,302,326
77:66,265,91,108,111,113,116,135,176,224,266,283,291,311,314,326,327
78:10,165,105,180,181,229,250,254,305
79:24,224,87,107,195,307
80:3,74,317,105,118,124,131,188,209,221,295
81:18,66,266,102,104,132,159,160,194,198,245,284,311
82:12,23,38,54,73,75,171,96,111,120,134,208,254,284,295,313,328
83:3,19,50,53,58,59,187,109,184,228,276,277,298
84:1,16,45,59,160,88,97,116,246,260
85:7,13,26,60,194,89,193,222,226,295
86:5,39,52,74,176,89,94,101,103,138,184,186,192,222,245,259,275,287
87:8,14,59,74,79,95,121,192,214,237,247,298,307,319
88:25,84,158,170,183,186,190,197,219,240,267,285,318,321
89:11,43,51,85,86,246,92,103,118,129,147,150,177,249,265,269,271,313,322
90:6,26,73,76,300,102,119,134,175,214,246,264,291,298,301,308,319
91:7,62,77,218,118,171,172,191,198,205,210,223,241,257,260,288,306
92:5,6,12,20,66,74,89,192,132,134,178,194,260,261,270,300
93:14,311,158,230,233,247,263,265,283
94:76,86,163,139,188,244,248,259,263,277,278,299,311
95:8,87,136,103,127,193,259,266,283,312
96:59,69,82,250,321
97:2,51,70,84,240,125,160,180,192,232,258,259,272,288,321,323
98:9,19,61,272,120,127,142,148,174,182,191,192,195,227,246,273,309,323
99:5,14,18,56,282,126,132,212,320
100:36,290,116,128,152,198,215,219,223,233,268,281
101:4,44,47,63,76,86,103,171,180,221
102:25,50,81,90,253,107,128,143,147,151,165,230,272
103:15,29,31,34,37,41,86,89,95,101,180,148,157,193,295,302
104:21,37,75,81,203,117,158,213,239,308,329
105:11,28,52,68,78,80,165,182,246,252,272
106:7,69,327,109,125,134,159,192,216,217,281,295
107:17,79,102,294,110,144,146,260,293
108:2,6,21,47,57,68,77,252,116,143,164,232,251,256,271,328
109:7,14,23,36,45,70,83,106,279,125,131,132,236,299,306,308,309
110:9,25,53,107,227,115,153,176,182,184,242,291,296,302,306
111:44,77,82,128,139,202,215,262,273,286,290,307
112:1,18,65,159,117,118,151,164,189,214,215,227,246,261,263,269,283,313,324,326
113:5,9,24,47,53,54,66,67,77,121,158,179,238,244,246,250,252,283
114:7,15,56,59,152,118,121,143,180,191,228,274,302,323
115:110,153,140,146,148,155,203,221,237,312,320
116:25,44,59,77,84,100,108,307,118,139,144,196,209,272,287,322
117:12,38,59,72,104,112,285,136,138,182,229,234,326
118:5,27,68,80,89,91,112,114,116,289,123,147,165,188,201,222,223,229,230,286,317
119:1,12,90,122,153,155,195,209,277,297,301,307,326
120:33,62,82,98,306,128,157,162,182,276,318
121:87,113,114,226,184,194,227,267,269,322,329
122:16,26,31,54,57,69,119,175,123,126,163,228,232,274
123:4,13,32,42,118,122,236,174,184,203,214,248,326
124:18,19,29,74,80,235,188,203,219,282,306
125:10,39,43,48,73,76,97,106,109,245,138,178,219,225,246,275,320
126:6,9,15,22,24,41,60,99,122,225,151,188,194,202,295
127:95,98,229,174,223,231,243,249,295
128:32,34,38,48,73,100,102,111,120,140,129,148,156,185,287,309,312,328
129:89,128,171,132,142,158,176,206,245,273
130:22,143,153,157,171,278,299,322
131:80,109,255,184,187,191,210,214,220,226,237,238,267,284,299,310,328
132:3,11,28,51,81,92,99,109,129,260,159,168,179,227,274,311
133:18,32,34,49,53,54,58,75,301,157,176,196,235,244,249,253,296,309
134:24,43,48,55,71,82,90,92,106,303,141,191,194,210,213,277
135:48,57,77,276,137,156,228,252,291,304,313
136:16,18,19,39,71,72,95,117,280,154,159,178,236,237,248,265
137:47,135,143,210,215,287,298,304
138:2,45,86,117,125,202,147,169,220,239,296
139:1,74,94,111,116,174,187,257,288,311
140:74,115,128,191,160,164,222,227,241,282,293,311
141:42,52,58,134,226,145,154,170,175,186,263
142:2,32,33,36,38,66,98,129,282,165,178,187,236,243,256
143:102,108,114,130,137,235,163,203,214,215,246,255,272,298
144:3,30,50,58,107,116,146,185,198,199,218,263,292
145:3,22,42,58,60,141,267,152,155,201,213,223,253,276,286
146:32,59,107,115,144,206,165,195,326
147:53,89,102,118,138,228,159,163,170,172,191,235,264,302,321
148:5,15,43,67,98,103,115,128,157,234,238,261,268,270
149:3,5,21,34,72,151,161,167,239,318
150:27,40,60,75,89,247,201,209,217,234,273
151:52,102,112,126,149,322,170,207,247,258,278,284,285,287,289,305,307
152:6,10,60,100,114,145,180,166,234,312
153:7,11,18,38,47,110,115,119,130,215,169,173,238,255,283,306,314,317,324
154:21,43,136,141,318,191,220,226,246,297,311,319,322
155:10,28,38,44,51,115,119,145,168,164,234,271,273,283,307,320,328
156:2,23,27,29,51,54,128,135,237,190,209,215,249,295
157:41,45,60,76,103,120,130,133,148,167,187,200,215,279,303
158:0,21,25,28,42,70,88,93,104,113,129,208,163,166,218,229,266,297,310
159:68,71,72,81,106,112,132,136,147,271,202,226,262,298,306
160:26,32,57,73,81,84,97,140,172,180,188,204,256,264,293
161:63,149,310,170,197,222,244,291,305,327
162:17,24,35,69,71,74,120,249,172,183,236,288,307
163:35,69,94,122,143,147,158,282,216,218,269,281,287
164:25,64,66,68,108,112,140,155,247,181,220,255,257,297,328
165:14,15,18,41,51,61,67,78,102,105,118,142,146,283,303
166:25,60,152,158,196,184,189,191,296,303,321
167:28,149,157,301,221,243,253,263,270,286,325
168:63,132,155,314,190,209,301,312,329
169:10,51,54,74,138,153,245,200,275,306,323
170:47,54,88,141,147,151,161,171,223,243
171:24,69,82,91,101,129,130,170,200,181,207,234,243,312,328
172:91,147,160,162,242,207,289,290,313,326
173:2,46,153,263,178,187,196,213,220,229,233,264
174:8,26,51,74,98,123,127,139,266,202,206,229,233,251,258,294
175:7,8,9,14,49,74,90,122,141,178,190,224,267,314
176:6,29,53,77,86,110,129,133,186,222,308
177:11,20,89,260,197,218,224,228,231,264,294,298
178:56,92,125,136,142,173,175,295,187,191,195,226,301,315
179:59,66,113,132,225,195,199,238,239,250,319,322,325
180:78,97,101,103,114,152,160,218,185,188,213,220,238,253,257,284,313
181:17,23,39,58,78,164,171,262,183,223,231,306,328
182:7,68,98,105,110,117,120,307,226,230,247,277,288
183:1,69,88,162,181,309,257,298,305,312
184:49,72,73,83,86,110,121,123,131,166,247,186,304,312
185:5,6,17,51,128,144,180,296,206,239,266,281,306
186:50,65,86,88,141,176,184,217,215,234,240,241,264,266,284,310
187:52,66,72,83,131,139,142,157,173,178,263,193,208,216,309
188:28,68,72,74,80,94,118,124,126,160,180,266,214,219,221,256,279,288,319
189:112,166,273,208,214,284,289,311,317,320
190:13,33,35,53,63,88,156,168,175,222,211,217,267,291,292
191:4,58,65,91,98,114,131,134,140,147,154,166,178,247,205,224,236,260,294,303
192:10,15,23,56,76,86,87,92,97,98,106,251,221,224,226,227,229,236,241,275,307,308
193:7,85,95,103,187,202,249,264,269
194:6,12,15,40,55,62,81,85,92,121,126,134,203,256,260,272,304,305,321
195:22,26,38,42,48,71,75,79,98,119,146,178,179,241,210,258
196:57,66,72,116,133,166,173,206,229,230,257,263,273,281,299,302
197:1,9,65,88,161,177,244,232,235,290,307,313,324
198:8,24,44,68,75,81,91,100,144,325,268,272,295
199:16,53,56,144,179,229,200,275
200:12,15,42,157,169,171,199,233,214,228,270,275,305,321
201:31,57,68,118,145,150,328,202,238,252,263,287,326
202:0,22,39,53,61,111,126,138,159,174,193,201,228,213,227,265,314,320
203:3,44,75,104,115,123,124,143,194,284,211,219,229,253,268,288,300,301,305,321
204:22,51,61,70,74,160,232,235,260,263,306
205:8,54,69,91,191,307,234,257,323
206:35,41,54,72,73,129,146,174,185,196,310,234,257,286,290,323
207:26,64,66,69,151,171,172,312,269,326
208:2,17,62,67,76,82,158,187,189,214,217,223,258,264,289,327
209:32,80,116,119,150,156,168,304,249,269,279,288,317
210:16,91,131,134,137,195,321,214,292,293,309,317
211:42,45,49,52,190,203,297,269,287,310
212:35,55,99,316,218,222,223,228,237,284
213:20,56,104,134,145,173,180,202,282,235,238,257,260,290
214:46,50,87,90,112,123,131,143,188,189,200,208,210,241,225,255,258,314
215:71,100,111,112,137,143,153,156,157,186,296,237,277,278
216:6,106,163,187,313,237
217:24,32,38,55,106,150,186,190,208,296,224,232,252,273,315,317,323
218:91,144,158,163,177,180,212,329,287,305,313,321
219:32,43,88,100,124,125,188,203,302,253,255,257,295,300,303
220:4,22,51,131,138,154,164,173,180,288,239,243,270,281,299,301
221:80,101,115,167,188,192,291
222:55,69,85,86,118,140,161,176,190,212,282,228,287,290,321
223:50,65,74,91,100,118,127,145,170,181,208,212,241,252,266,319
224:0,1,6,8,24,77,79,175,177,191,192,217,254,287,301,313
225:25,30,31,50,125,126,179,214,324,233,241,258,279,307
226:59,67,85,121,131,141,154,159,178,182,192,260,322
227:24,37,43,61,98,110,112,121,132,140,192,202,320,251,265
228:21,65,75,83,114,122,135,147,177,200,202,212,222,261,235,236,254,257,304,325
229:50,78,117,118,127,158,173,174,192,196,199,203,295,261,266,292,297,329
230:9,31,38,59,69,70,93,102,118,182,196,316,265,291
231:29,59,64,127,177,181,248,235,321,322,323
232:2,10,97,108,122,197,204,217,327,281,300,313,322
233:10,76,93,100,173,174,200,225,291,239,270,311,325
234:22,25,37,62,117,148,150,152,155,171,186,205,206,250,245,246,258,264,292,299,303,310
235:0,3,23,24,46,124,133,143,147,197,204,213,228,231,263,266,325
236:31,34,63,109,123,136,142,162,191,192,228,298,244,322
237:17,21,55,62,87,115,131,136,156,212,215,216,316
238:6,27,34,47,53,55,65,71,113,131,148,153,179,180,201,213,263,310
239:50,58,104,138,149,179,185,220,233,305,260,284,314,326
240:0,38,41,88,97,186,284,309,317
241:6,9,40,41,61,91,140,186,192,195,214,223,225,266,250,255,281,326
242:63,69,110,172,316
243:7,12,46,127,142,167,170,171,220,299,249,251,298
244:19,34,68,94,113,133,161,197,236,293,256,281,327
245:41,46,72,74,81,86,125,129,169,234,258,248,295,313,328
246:84,89,90,98,105,112,113,125,143,154,234,269,255,264,279
247:43,55,87,93,150,151,164,182,184,191,260,319,327
248:53,94,123,136,231,245,296,257,280,281,298,312
249:10,15,44,89,127,133,156,162,193,209,243,268,251,277,305
250:10,19,20,49,59,68,78,96,113,179,234,241,319,253,256,278,296
251:6,19,67,108,174,192,227,243,249,314,263,266
252:0,4,30,38,105,108,113,135,201,217,223,269
253:2,17,21,31,45,53,62,102,133,145,167,180,203,219,250,309,283,303,321
254:51,78,82,224,228,288,257,297,327
255:57,73,131,143,153,164,214,219,241,246,263,261,281
256:13,46,50,63,108,142,160,188,194,244,250,266,300,307
257:17,18,42,43,47,48,57,91,139,164,180,183,196,205,206,213,219,228,248,254,305,285,294,327
258:41,58,64,73,97,151,174,195,208,214,225,234,245,281,292,324
259:11,18,65,86,94,95,97,283,261,285,286,305,320
260:10,23,62,84,91,92,107,132,177,191,194,204,213,226,239,247,276,302
261:4,23,30,34,51,66,92,112,148,228,229,255,259,278,273,274,275,319
262:7,35,64,76,111,159,181,297,329
263:19,93,94,112,141,144,167,173,187,196,201,204,235,238,251,255,285,303,328
264:90,147,160,173,177,186,193,208,234,246,307,294,320
265:68,77,89,93,136,202,227,230,320,277,292
266:42,44,49,77,81,95,158,174,185,186,188,223,229,235,241,251,256,307,300,301,309,312,329
267:27,51,58,64,88,121,131,145,175,190,326,293,302,307,321,328
268:10,12,32,43,100,148,198,203,249,287,272,310,315
269:7,8,22,44,45,47,53,58,89,112,121,163,193,207,209,211,246,252,314,283,295,303,318,321
270:16,20,37,38,43,46,59,92,148,167,200,220,233,310,281,283,317
271:23,52,89,108,155,159,312,279,308
272:12,58,60,97,98,102,105,116,143,194,198,268,321,289,299,305,320
273:8,22,45,60,65,98,111,129,150,155,189,196,217,261,281,293,314,318
274:31,114,122,132,261,327,305
275:32,67,86,125,169,192,199,200,261,307,283
276:9,39,43,69,83,120,135,145,260,311
277:61,62,83,94,119,134,182,215,249,265,310
278:7,69,73,94,130,151,215,250,261,299
279:32,44,47,109,157,188,209,225,246,271,300,290,293,320
280:11,12,16,24,38,40,72,136,248,285,290
281:46,100,106,163,185,196,220,232,241,244,248,255,258,270,273,303,295
282:12,20,29,36,99,124,140,142,163,213,222,306,287,291,300,302
283:12,20,68,77,93,95,112,113,153,155,165,253,259,269,270,275,317,294
284:64,81,82,131,151,180,186,189,203,212,239,240,301,306
285:54,55,66,88,117,151,257,259,263,280,324,288,309,311,315,327
286:41,60,64,68,111,118,145,167,206,259,302
287:86,116,128,137,151,163,201,211,218,222,224,268,282,307,288,302
288:4,7,9,35,91,97,139,162,182,188,203,209,220,254,285,287,319,316
289:4,10,31,47,118,151,172,189,208,272,293
290:1,11,30,51,61,69,100,111,172,197,206,213,222,279,280,297
291:1,45,48,77,90,110,135,161,190,221,230,233,282,298,295
292:33,144,190,210,229,234,258,265,321
293:45,56,64,107,140,160,210,244,267,273,279,289,296,303,317
294:25,48,54,107,174,177,191,257,264,283,329,297,327
295:13,15,25,44,45,75,80,82,85,103,106,126,127,156,178,198,219,229,245,269,281,291,299,314
296:4,16,30,50,110,133,138,166,185,215,217,248,250,293,297,310
297:24,34,67,119,154,158,164,211,229,254,262,290,294,296,299
298:4,43,83,87,90,137,143,159,177,183,236,243,248,291,305
299:3,22,28,94,109,130,131,196,220,234,243,272,278,295,297,308
300:41,59,90,92,203,219,232,256,266,279,282,302,317,320
301:34,64,90,119,133,167,168,178,203,220,224,266,284,315,307,309,322
302:36,54,71,76,103,110,114,147,196,219,260,267,282,286,287,300,324,315,316,322
303:0,14,46,50,71,134,157,165,166,191,219,234,253,263,269,281,293,320,315
304:1,9,13,35,45,135,137,184,194,209,228,313
305:10,31,35,74,78,151,161,183,194,200,203,218,239,249,257,259,272,274,298,327
306:6,46,53,71,91,109,110,120,124,153,159,169,181,185,204,282,284,322,317
307:13,34,70,79,87,111,116,119,151,155,162,182,192,197,205,225,256,264,266,267,275,287,301,329,310
308:18,29,53,55,90,104,109,176,192,271,299,326,317
309:18,32,42,62,98,109,128,133,183,187,210,240,253,266,285,301,321
310:3,33,41,44,131,158,161,186,206,211,234,238,268,270,277,296,307,314,312
311:19,74,75,77,81,93,94,132,139,140,154,189,233,276,285,325,317
312:6,8,36,37,41,95,115,128,152,168,171,183,184,207,248,266,271,310,317
313:5,48,60,82,89,112,135,172,180,197,216,218,224,232,245,304,324,320
314:13,40,77,153,168,175,202,214,239,251,269,273,295,310,318
315:10,178,217,268,285,301,302,303,321,317
316:26,30,47,67,212,230,237,242,288,302,327
317:12,15,34,42,69,80,118,153,189,209,210,217,240,270,283,293,300,306,308,311,312,315,325
318:34,55,88,120,149,154,269,273,314,329
319:49,75,87,90,154,179,188,223,247,250,261,288,322
320:19,46,66,99,115,125,155,189,202,227,259,264,265,272,279,300,303,313,327
321:2,48,63,88,96,97,147,166,194,200,203,210,218,222,231,253,267,269,272,292,309,315,323
322:4,12,32,61,89,116,121,130,151,154,179,226,231,232,236,301,302,306,319,324
323:58,71,75,97,98,114,169,205,206,217,231,321,326
324:20,68,112,153,197,225,258,285,302,313,322,328
325:4,11,24,36,37,41,167,179,198,228,233,235,311,317,327
326:76,77,112,117,119,123,146,172,201,207,239,241,267,308,323,327
327:14,18,52,53,55,74,77,106,161,208,232,244,247,254,257,274,285,294,305,316,320,325,326,329
328:0,3,14,25,56,75,82,108,128,131,155,164,171,181,201,245,263,267,324,329
329:104,121,168,218,229,262,266,294,307,318,327,328
