0:6,10,13,21,26,32,45,49,73,85,88,89,92,103,129,148,158,176,184,198,226,228,236,238,267,282,298,318,322,335,336,341,348,366,367
1:48,2,7,24,49,51,64,76,119,138,156,161,167,174,186,207,223,226,234,242,250,256,260,263,270,293,302,318,333,334,344,345,346,348,362,367,368
2:1,332,6,11,19,36,51,52,53,117,122,126,160,166,182,206,211,237,252,267,291,314
3:345,15,32,48,81,82,88,100,131,135,136,146,179,192,218,223,245,261,272,323,334,335,346
4:52,24,27,36,68,88,92,110,114,120,121,125,130,160,173,175,193,216,238,265,288,298,309,315,330,332,348
5:216,7,8,27,28,35,41,42,57,75,80,106,119,133,144,154,185,203,205,212,222,229,232,238,242,252,272,282,292,297,302,317,322,335,354,361
6:0,2,96,16,47,74,113,129,177,183,217,218,241,242,243,244,252,283,305,325,357
7:1,5,109,19,41,48,66,73,131,133,159,167,176,185,211,214,231,248,251,276,291,297,304,306,308,334,352,360,364
8:5,194,26,27,30,35,51,76,90,96,97,99,102,114,191,198,208,220,223,236,307,311,314,316,337,347,355,365
9:70,10,31,39,58,87,88,116,140,160,197,202,256,284,298,310,318,326,337,357
10:0,9,184,31,56,78,87,92,95,100,119,158,197,226,237,260,268,278,282,291,295,311,338,340,343,351,359
11:2,339,13,29,38,42,43,72,88,96,98,101,148,151,160,166,167,179,188,213,215,228,238,265,267,295,296,301,305,311,324,330,331,350,362
12:327,13,26,43,44,56,60,63,76,99,130,132,134,136,148,211,227,247,250,255,256,294,299,304,337,341,355,364
13:0,11,12,364,26,39,56,86,89,93,94,124,193,207,231,232,251,252,261,264,267,268,301,341,347,348,362,366,369
14:103,31,35,41,60,72,74,81,89,100,115,133,140,147,150,168,196,205,224,226,244,267,275,280,295,297,299,319,320,333,362
15:3,308,21,38,41,85,99,101,102,113,126,143,159,193,206,212,218,222,224,260,264,273,287,358
16:6,360,32,39,48,60,64,67,91,104,112,123,126,134,136,151,153,156,176,188,204,219,221,229,235,241,248,260,269,270,278,299,320,323,340
17:300,25,91,104,106,111,116,148,176,187,191,207,208,213,221,253,255,288,344,351,369
18:167,60,73,84,127,129,137,168,172,192,217,219,242,244,247,248,252,270,271,302,309,336,347,355
19:2,7,165,21,31,37,41,52,69,80,84,96,117,122,130,135,140,167,181,193,198,200,220,221,224,225,226,283,289,290,294,296,297,304,329,333
20:255,37,64,72,82,118,121,142,143,144,173,177,202,268,305,309,313,330,340,344,348,364,366
21:0,15,19,126,25,40,64,69,82,87,92,109,135,138,139,143,149,165,177,178,182,198,201,242,254,261,268,289,290,302,321,336,356
22:184,34,60,68,79,128,159,189,206,213,216,226,232,257,266,271,289,301,312,321,329,351,352,363,367
23:156,40,67,82,95,100,104,123,135,140,149,185,205,207,294,303,305,333,351,366
24:1,4,77,25,43,56,94,101,116,134,192,200,206,215,234,272,277,285,309,314,341,343
25:17,21,24,330,33,34,35,46,54,83,89,96,122,129,136,140,142,170,187,207,222,232,233,246,258,266,301,310,316,317,360,365
26:0,8,12,13,189,41,83,95,115,139,156,177,197,216,222,226,228,258,269,294,320,325,332,337,356
27:4,5,8,200,29,39,45,60,81,100,103,110,114,115,129,142,148,150,170,178,196,208,230,263,292,294,312,320,330,341,343
28:5,270,33,39,76,117,120,121,126,131,174,177,207,217,229,242,278,293,313,320,330,333,343,344,359
29:11,27,147,32,34,38,84,102,103,118,122,164,172,191,200,223,227,228,231,238,240,254,268,286,302,312,322,325,329,344,354,361,362,363
30:8,121,42,83,97,105,106,118,166,210,214,223,236,248,254,280,285,305,312,355
31:9,10,14,19,94,47,61,63,103,129,136,180,249,272,273,274,275,276,278,292,295,297,311,315,318,330,341,347
32:0,3,16,29,139,38,53,61,62,81,82,115,119,122,130,131,132,145,161,178,188,209,248,269,281,290,299,301,322,326,327,329,334,338,339,351
33:25,28,73,35,40,42,50,53,60,90,92,120,140,158,196,199,243,247,248,254,274,295,298,317
34:22,25,29,201,106,131,140,142,154,189,215,219,223,229,258,264,293,299,303,305,308,345
35:5,8,14,25,33,172,50,68,79,103,120,127,138,142,164,166,173,186,202,204,220,240,282,284,288,303,320,323,339,361
36:2,4,238,44,52,68,80,103,115,125,156,185,188,205,206,211,218,228,230,252,263,272,289,309,322,323,325,345,356,358
37:19,20,335,61,65,111,132,153,158,165,240,249,251,270,276,285,290,296,313,319,345,360
38:11,15,29,32,117,66,80,114,134,137,150,155,200,234,235,258,262,264,280,285,304,311,312,320,329,351,361,363
39:9,13,16,27,28,347,124,142,144,146,172,173,176,184,187,204,219,221,227,238,239,255,259,274,296,313,317,334,350,358
40:21,23,33,326,49,75,76,86,93,115,140,141,148,189,193,197,239,242,261,263,266,279,291,297,322,355,360,362,367
41:5,7,14,15,19,26,118,47,66,95,97,101,105,110,213,234,240,244,255,259,280,285,321,338,339,359,366
42:5,11,30,33,222,70,73,74,100,112,115,120,122,149,158,160,172,179,208,217,234,235,237,265,276,281,282,309,326
43:11,12,24,249,67,76,79,84,134,141,151,155,187,198,224,229,232,234,247,253,263,291,294,299,307,321,338,347,355,361,365,366
44:12,36,113,52,77,99,147,157,159,192,199,215,241,242,243,245,255,256,271,279,316,318,322,325,332,343,350,363
45:0,27,286,48,63,79,114,151,154,171,188,198,203,207,211,213,228,230,248,266,267,275,285,288,302,306,312,316,340,357
46:25,93,50,67,73,81,82,95,131,138,159,173,182,193,205,231,245,252,261,263,284,295,317,328,346,361,369
47:6,31,41,272,49,64,74,85,95,106,112,132,156,173,191,220,233,234,235,237,265,276,299,306,315,317,322,334,336,353
48:1,3,7,16,45,368,118,124,129,131,133,139,153,164,181,194,229,233,237,249,254,266,267,272,286,292,294,310,314,365
49:0,1,40,47,302,61,69,81,82,113,139,168,176,179,190,192,195,214,217,240,244,262,286,307,308,310,315,331,339,355
50:33,35,46,179,52,54,57,59,92,98,136,153,178,192,210,213,244,256,283,299,301,314,318,325,338,352
51:1,2,8,121,67,86,110,141,150,161,214,238,244,273,279,296,345,346,358
52:2,4,19,36,44,50,356,57,61,72,77,84,86,107,113,134,144,146,147,151,157,160,164,182,193,197,219,231,237,250,257,287,288,307,317,351,355,364
53:2,32,33,235,68,75,78,86,99,107,110,111,116,118,132,135,164,174,175,181,208,210,217,257,278,284,304,306,331,343,356
54:25,50,273,56,75,79,84,101,138,143,146,151,163,176,182,203,240,249,266,269,272,287,295,301,304,321,337,365
55:173,60,71,81,82,91,112,121,128,140,145,149,204,211,216,226,239,259,264,281,316,346,351,354,360
56:10,12,13,24,54,132,57,64,71,72,89,92,124,130,135,138,167,185,198,204,212,226,243,250,274,283,288,293,303,320,346,356,358,369
57:5,50,52,56,268,66,91,95,96,101,149,166,167,197,200,216,229,240,249,276,280,319,322,349
58:9,246,60,66,76,116,128,129,150,167,168,184,199,201,205,222,224,234,238,288,292,295,308,323,334,341
59:50,341,60,66,84,107,121,138,143,179,265,294,305,321,323,355,361,365
60:12,14,16,18,22,27,33,55,58,59,121,70,80,104,113,119,133,154,168,184,202,213,228,251,259,261,266,268,276,287,290,323,333,334,337,360,362
61:31,32,37,49,52,227,73,97,101,121,133,143,145,180,189,193,200,206,228,235,252,254,267,290,304,336,340,351,362
62:32,204,76,100,108,116,131,137,138,144,171,193,201,205,242,281,282,289,317,327,361,364,367
63:12,31,45,135,78,116,120,126,128,148,156,157,169,171,178,183,208,216,236,259,276,301,302,303,309,331
64:1,16,20,21,47,56,225,81,83,89,112,120,137,142,166,169,176,188,195,243,260,263,268,295,298,321,339,341
65:37,256,71,78,111,132,142,145,154,155,157,169,182,186,198,222,228,231,247,254,270,276,278,283,284,294,296,301,322,336,338,363,365
66:7,38,41,57,58,59,146,77,129,143,148,186,204,238,255,284,292,293,304
67:16,23,43,46,51,306,107,114,125,134,137,143,164,185,201,218,219,224,232,238,240,248,255,262,265,276,280,286,295,308,310,316,336,341
68:4,22,35,36,53,76,98,108,121,142,144,152,180,198,225,226,238,245,253,267,273,317,337,342,348,351,361
69:19,21,49,238,75,78,89,106,111,148,161,175,187,200,205,213,215,219,221,222,230,239,250,260,280,300,302,311,315,319,348
70:9,42,60,262,92,109,122,127,129,144,188,191,198,217,231,241,243,245,246,249,250,280,331,336,343,353,360,368
71:55,56,65,172,74,78,85,88,110,112,116,141,148,151,158,160,162,170,171,182,185,198,204,211,223,232,244,252,254,257,269,273,282,299,317,330,356,362
72:11,14,20,52,56,348,88,117,124,157,166,167,171,174,181,199,211,218,274,277,284,292,293,296,313,320,330,343,362
73:0,7,18,33,42,46,61,287,85,103,123,124,128,134,139,148,149,211,215,222,224,250,264,270,305,337,340,357
74:6,14,42,47,71,308,78,79,111,146,211,218,246,262,281,282,296,313,314,316,335,340,346,353
75:5,40,53,54,69,347,80,81,95,150,151,154,155,165,182,198,202,203,221,223,227,234,236,248,253,258,274,276,288,294,297,307,315,319,338,348,351,355
76:1,8,12,28,40,43,58,62,68,98,109,125,126,137,169,175,176,178,190,192,199,222,228,232,233,241,283,311,324,330,333,345,347,360,365,367
77:24,44,52,66,103,81,95,101,104,113,128,141,234,238,242,262,275,281,304,310,346,352,354,361,362
78:10,53,63,65,69,71,74,273,87,92,115,190,212,220,267,328,338,355,358
79:22,35,43,45,54,74,161,131,163,176,200,201,212,215,254,298,314,352,357,365,368
80:5,19,36,38,60,75,243,88,112,123,140,143,158,189,195,203,211,216,237,248,250,259,263,266,290,308,355,364,366
81:3,14,27,32,46,49,55,64,75,77,342,100,112,113,169,171,178,186,187,191,195,203,210,212,226,231,239,270,272,311,324,327,329,340,368
82:3,20,21,23,32,46,49,55,337,91,92,116,123,127,141,200,208,211,223,234,247,264,266,267,268,270,280,286,303,322,339,345,359,367
83:25,26,30,64,179,84,91,94,96,152,162,171,188,190,207,215,226,231,240,287,334
84:18,19,29,43,52,54,59,83,186,97,122,131,145,147,148,150,162,163,164,173,180,182,197,202,220,225,238,262,266,287,308,321,335,340,341,350,364
85:0,15,47,71,73,292,90,133,154,160,183,186,191,192,207,209,226,232,248,255,261,267,268,341
86:13,40,51,52,53,90,99,103,105,119,129,142,147,152,158,170,172,173,180,188,194,199,203,207,217,221,230,266,293,297,299,311,313,317,330,336,345,355
87:9,10,21,78,163,116,164,167,171,192,193,207,218,258,273,276,287,296,309,314,332,333,344,359
88:0,3,4,9,11,71,72,80,274,115,118,127,153,170,172,175,182,186,190,193,211,235,236,251,302,348,352,363,367
89:0,13,14,25,56,64,69,249,106,119,125,140,160,174,187,206,207,222,248,267,269,285,289,296,305,317,348,355
90:8,33,85,86,108,113,122,149,167,189,200,210,211,216,221,229,250,256,261,276,285,289,326,346,368
91:16,17,55,57,82,83,169,111,112,117,132,133,137,152,159,160,180,201,228,244,245,251,265,287,303,336,340,353,358,365
92:0,4,10,21,33,50,56,70,78,82,132,105,113,123,124,158,205,249,266,285,290,304,355,364,365,369
93:13,40,46,175,96,109,110,119,154,191,203,210,244,247,257,258,294,298,303,315,317,318,320,342,356,364
94:13,24,31,83,109,112,115,118,154,173,177,179,186,228,247,252,253,272,278,285,301,311,326,349,353,362
95:10,23,26,41,46,47,57,75,77,323,104,120,138,151,161,176,184,206,229,234,271,273,293,295,307,313,319,330,333,358,361
96:6,8,11,19,25,57,83,93,297,103,104,106,116,121,128,151,156,168,175,203,213,221,228,253,264,298,322,358
97:8,30,41,61,84,273,99,100,113,131,135,136,143,159,177,182,186,203,204,238,247,249,271,275,302,305,326,347,358,360
98:11,50,68,76,162,101,117,118,119,153,170,175,179,181,186,194,209,211,215,216,230,245,259,298,302,307,310,325
99:8,12,15,44,53,86,97,176,133,141,154,165,191,207,232,261,268,276,293,308,310,312,331,338,344,365
100:3,10,14,23,27,42,62,81,97,211,109,120,136,154,170,204,231,276,280,281,292,307,325,335
101:11,15,24,41,54,57,61,77,98,267,119,127,137,153,154,164,173,190,198,203,214,222,228,232,233,238,271,294,300,309,338,348,349,352
102:8,15,29,204,108,117,133,137,154,165,183,185,191,205,216,226,227,233,249,268,303,308,309,320,352
103:0,14,27,29,31,35,36,73,77,86,96,307,107,110,136,167,173,182,188,194,214,299,323,337,350
104:16,17,23,60,77,95,96,246,130,154,176,185,200,248,252,257,282,286,304,316,317,338,362
105:30,41,86,92,265,126,128,140,156,175,188,209,219,221,240,246,304,317,361
106:5,17,30,34,47,69,89,96,116,143,149,155,162,171,186,189,199,217,226,231,244,248,251,258,312,324,336,337,359,368
107:52,53,59,67,103,164,126,146,151,172,180,183,190,203,220,225,233,248,263,268,269,273,284,285,289,329,332,341,354
108:62,68,90,102,249,119,123,124,138,157,159,163,170,178,210,241,250,313,320,329
109:7,21,70,76,93,94,100,291,119,139,141,150,161,174,178,192,194,212,222,225,240,244,251,260,275,279,299,303,335
110:4,27,41,51,53,71,93,103,207,114,122,128,172,176,196,225,246,263,264,271,273,332,350,358
111:17,37,53,65,69,74,91,230,134,149,156,167,176,180,187,195,202,214,227,240,247,255,294,303,319,321,329,366
112:16,42,47,55,64,71,80,81,91,94,208,115,134,158,160,162,209,213,221,225,241,266,274,279,290,298,310,312,326,329,365
113:6,15,44,49,52,60,77,81,90,92,97,158,136,159,163,186,205,214,218,227,231,238,246,249,257,262,273,275,280,288,311,335,360,366
114:4,8,27,38,45,67,110,355,120,130,143,162,176,188,191,211,225,259,260,271,272,281,298,316,319,334,369
115:14,26,27,32,36,40,42,78,88,94,112,243,130,137,174,185,217,220,238,271,275,291,299,302,345
116:9,17,24,53,58,62,63,71,82,87,96,106,354,124,141,149,160,163,185,186,188,194,213,219,256,259,263,270,274,286,290,306,308,314,318,319,332,346,360
117:2,19,28,38,72,91,98,102,315,163,168,172,175,183,205,207,208,222,225,229,234,289,291,300,301,313,327,332,355,362
118:20,29,30,41,48,53,88,94,98,229,138,148,150,158,171,173,193,217,249,253,294,324,339,345,356,361,365
119:1,5,10,32,60,86,89,93,98,101,108,109,267,122,129,130,142,149,165,200,212,227,239,255,275,290,296,314,315,320,331,363
120:4,28,33,35,42,63,64,95,100,114,146,132,156,162,173,180,185,209,211,231,232,234,257,285,289,321,334,345,352,363
121:4,20,28,30,51,55,59,60,61,68,96,126,132,153,154,177,180,189,190,211,222,227,238,256,322,342,356,363
122:2,19,25,29,32,42,70,84,90,110,119,258,138,139,145,195,199,208,211,220,236,246,256,265,286,344
123:16,23,73,80,82,92,108,179,132,180,186,207,221,222,254,272,284,287,290,323,342,343,348,356,362
124:13,39,48,56,72,73,92,108,116,243,126,133,146,164,180,192,193,215,221,232,233,249,264,295,310,327,328,331,346
125:4,36,67,76,89,168,132,158,171,172,204,207,226,235,237,268,275,285,313,322,337,340,344,362,364
126:2,15,16,21,28,63,76,105,107,121,124,133,144,155,173,175,197,204,207,248,257,277,305,328,340,345,349,350,358
127:18,35,70,82,88,101,314,166,185,190,191,195,223,225,232,240,260,281,311,320,347
128:22,55,58,63,73,77,96,105,110,183,133,142,170,184,193,195,213,222,232,276,315,316,324,335,358,359,364,367
129:0,6,18,25,27,31,48,58,66,70,86,119,209,185,199,226,241,245,265,268,281,319,334,343,350,356,367,369
130:4,12,19,32,56,104,114,115,119,309,135,163,171,184,196,210,226,232,233,263,278,289,296,301,328,337
131:3,7,28,32,34,46,48,62,79,84,97,353,137,160,183,187,188,191,192,193,211,213,221,265,271,291,318,329,367
132:12,32,37,47,53,56,65,91,92,120,121,123,125,323,138,147,162,168,175,184,188,197,218,242,258,260,266,270,280,292,309,365
133:5,7,14,48,60,61,85,91,99,102,124,126,128,327,148,159,188,196,217,218,241,265,273,289,316,321,355,368
134:12,16,24,38,43,52,67,73,111,112,138,154,166,199,200,205,223,232,276,280,283,292,303,350,364,369
135:3,19,21,23,53,56,63,97,130,292,137,143,169,170,173,217,226,232,235,240,253,256,267,302,304,311,313,317
136:3,12,16,25,31,50,97,100,103,113,216,161,175,188,235,242,248,256,281,288,321,359
137:18,38,62,64,67,76,91,101,102,115,131,135,269,139,152,164,202,244,249,259,286,301,308,332,333,351,366
138:1,21,35,46,54,56,59,62,95,108,118,122,132,134,210,148,170,179,182,191,209,247,263,308,314,334,363,369
139:21,26,32,48,49,73,109,122,137,277,142,144,145,146,156,161,164,172,177,180,192,207,212,230,288,289,296,310,323,324,333,358
140:9,14,19,23,25,33,34,40,55,80,89,105,303,154,167,170,172,223,228,281,291,299,306,311,316,323,335
141:40,43,51,71,77,82,99,109,116,267,157,170,191,226,236,238,258,262,270,290,296,303,304,307,308,317,334,340,342,354
142:20,25,27,34,35,39,64,65,68,86,119,128,139,340,147,154,179,187,193,224,241,254,282,297,311,314,327,332,343,357,358,368
143:15,20,21,54,59,61,66,67,80,97,106,114,135,349,147,159,167,180,184,194,215,261,269,271,283,293,319,344,347,357
144:5,20,39,52,62,68,70,126,139,153,155,177,194,195,200,203,217,220,249,262,286,304,308,332,345,367
145:32,55,61,65,84,122,139,366,166,173,186,193,196,199,203,204,216,220,238,239,250,258,287,313,315,321,323,334,335,345,353,356,364
146:3,39,52,54,66,74,107,120,124,139,172,150,152,153,157,183,208,211,215,222,225,229,238,244,255,275,301,312,317
147:14,29,44,52,84,86,132,142,143,280,163,169,197,239,259,266,288,294,321,337,344,368
148:0,11,12,17,27,40,63,66,69,71,73,84,118,133,138,336,153,165,208,211,228,248,257,268,272,280,303,313,314,329,332,339,362,366
149:21,23,42,55,57,73,90,106,111,116,119,320,178,213,223,247,250,254,281,285,326,338,350
150:14,27,38,51,58,75,84,109,118,146,258,193,194,197,204,205,218,232,247,249,251,260,274,304,311,316,317,319,330,344
151:11,16,43,45,52,54,71,75,95,96,107,275,171,180,195,207,218,230,235,251,257,259,261,269,271,282,283,300,305,320,324,327,366
152:68,83,86,91,137,146,192,164,178,183,236,276,281,297,336,360
153:16,37,48,50,88,98,101,121,144,146,148,154,160,164,168,213,242,243,252,263,282,287,315,317,331,336,338,340
154:5,34,45,60,65,75,85,93,94,99,100,101,102,104,121,134,140,142,153,277,179,183,191,206,227,231,250,258,268,276,282,306,321,336,353
155:38,43,65,75,106,126,144,310,167,168,172,177,191,195,202,204,207,223,233,235,240,257,263,273,275,290,297,298,315,316,322,329,330,331,357,362,365
156:1,16,23,26,36,47,63,96,105,111,120,139,256,165,178,189,195,231,242,243,255,261,269,271,272,295,304,311,312,354,357,365
157:44,52,63,65,72,108,141,146,277,189,197,212,215,216,223,239,247,265,274,289,304,320,332,343,345,356,363
158:0,10,33,37,42,71,80,86,92,112,113,118,125,305,160,162,164,165,166,167,169,176,187,192,207,236,248,253,254,255,261,274,290,292,293,298,331,339,348,353,362,365
159:7,15,22,44,46,91,97,108,113,133,143,293,187,192,204,227,251,264,270,275,283,296,302,307,309,315,334,337,352,354,361
160:2,4,9,11,42,52,71,85,89,91,112,116,131,153,158,350,176,202,206,218,219,230,237,241,243,247,267,274,295,316,323,352
161:1,32,51,69,79,95,109,136,139,314,163,178,206,232,242,246,261,272,296,316,348,358,359,363
162:71,83,84,98,106,112,114,120,132,158,336,167,202,226,250,253,254,255,261,269,299,329,345,356
163:54,79,84,87,108,113,116,117,130,147,161,219,181,186,205,221,231,263,278,285,286,293,298,300,302,316,319
164:29,35,48,52,53,67,84,87,101,107,124,137,139,152,153,158,309,171,173,175,188,196,197,201,207,217,236,262,267,272,290,346,350,355,361
165:19,21,37,75,99,102,119,148,156,158,309,166,173,174,177,184,185,190,195,198,199,202,218,233,252,268,275,284,326,336,351,353
166:2,11,30,35,57,64,72,127,134,145,158,165,194,167,191,204,210,219,227,229,238,240,244,272,273,301,317,339,352,368
167:1,7,11,18,19,56,57,58,72,87,90,103,111,140,143,155,158,162,166,219,170,174,198,207,214,236,250,265,266,296,300,303,309,321,336,341
168:14,18,49,58,60,96,117,125,132,153,155,221,184,185,186,212,217,228,233,248,250,270,285,286,287,305,320,323,324,336,344,348,349,359
169:63,64,65,76,81,91,135,147,158,254,174,176,228,230,260,271,288,306,346,350,363
170:25,27,71,86,88,98,100,108,128,135,138,140,141,167,367,194,196,201,205,218,228,242,243,263,284,287,299,300,314,334,336,354
171:45,62,63,71,72,81,83,87,106,118,125,130,151,164,252,211,212,221,257,281,307,311,327,333,338,363
172:18,29,35,39,42,71,86,88,107,110,117,125,139,140,146,155,203,189,201,220,223,229,244,273,319,328,338
173:4,20,35,39,46,47,55,84,86,94,101,103,118,120,126,135,145,164,165,231,174,188,190,211,225,227,228,238,246,251,255,258,269,303,328,332,339,343,346,351,368
174:1,28,53,72,89,109,115,165,167,169,173,261,188,190,201,204,209,218,222,226,264,297,306,309,341,347,361
175:4,53,69,76,88,93,96,98,105,117,126,132,136,164,184,183,214,221,253,257,261,263,275,289,306,353,363
176:0,7,16,17,39,49,54,64,76,79,95,99,104,110,111,114,158,160,169,181,184,202,209,211,217,234,239,254,257,268,284,305,352,353
177:6,20,21,26,28,94,97,121,139,144,155,165,318,205,240,261,272,278,283,287,291,304,311,337,338,351,356,369
178:21,27,32,50,63,76,81,108,109,149,152,156,161,293,212,225,226,261,276,302,307,346,366
179:3,11,42,49,50,59,83,94,98,123,138,142,154,326,199,204,236,244,246,250,252,255,280,289,293,305,322,328,350,364
180:31,61,68,84,86,91,107,111,120,121,123,124,139,143,151,348,181,200,241,243,257,267,271,273,279,302,304,307,308,311,313,314,324,336,342,353,362,365,368
181:19,48,53,72,98,163,176,180,312,188,190,201,214,222,230,234,238,260,261,281,284,307,308,334,337,357,360
182:2,21,46,52,54,65,71,75,84,88,97,103,138,250,208,226,266,274,277,287,297,298,307,313,315,329,352,353,363
183:6,63,85,102,107,117,128,131,146,152,154,175,277,196,218,219,235,247,259,261,273,289,308,317,320
184:0,10,22,39,58,60,95,128,130,132,143,165,168,175,176,188,194,199,204,226,247,255,278,287,297,300,306,331,339,352,357
185:5,7,23,36,56,67,71,102,104,115,116,120,127,129,165,168,274,200,201,205,215,227,231,252,253,289,291,304,315,329,334,348,363,364,368
186:1,35,65,66,81,84,85,88,94,97,98,106,113,116,123,145,163,168,280,191,198,201,209,227,232,239,242,253,254,266,269,273,291,310,366,368,369
187:17,25,39,43,69,81,89,111,131,142,158,159,296,191,194,215,221,255,288,289,304,305,306,321,328,333,336,364
188:11,16,32,36,45,64,70,83,86,103,105,114,116,131,132,133,136,164,173,174,181,184,270,193,197,205,233,236,237,250,271,279,310,366
189:22,26,34,40,61,80,90,106,121,156,157,172,341,200,225,248,253,265,266,269,275,295,300,335,352,358,368
190:49,76,78,83,88,101,107,121,127,165,173,174,181,238,194,195,223,230,236,239,258,269,296,299,302,307,312,348,359
191:8,17,29,47,70,81,85,93,99,102,114,127,131,138,141,154,155,166,186,187,367,197,235,284,285,305,308,312,316,321,352,354,359,369
192:3,18,24,44,49,50,76,85,87,109,124,131,139,152,158,159,356,206,211,214,227,257,292,295,310,317,345,350,352,363
193:4,13,15,19,40,46,52,61,62,87,88,118,124,128,131,142,145,150,188,222,234,237,251,258,285,288,304,331,337,341,349,362
194:8,48,86,98,103,109,116,143,144,150,166,170,184,187,190,264,208,211,229,239,241,252,268,280,291,316,321,337,363,364,366
195:49,64,80,81,111,122,127,128,144,151,155,156,165,190,317,209,217,218,222,227,228,256,300,339,352,356,358,361,366
196:14,27,33,110,130,133,145,164,170,183,206,231,266,296,313,336,357,364
197:9,10,26,40,52,57,84,126,132,147,150,157,164,188,191,297,220,221,229,259,270,281,283,298,315,327,329,351,355,359
198:0,8,19,21,43,45,56,65,68,70,71,75,101,165,167,186,228,204,224,236,276,278,298,310,329,334,357,359
199:33,44,58,72,76,86,106,122,129,134,145,165,179,184,227,223,252,272,274,285,316,336,351,360
200:19,24,27,29,38,57,61,69,79,82,90,104,119,134,144,180,185,189,280,217,227,233,237,240,253,258,260,285,320,344,354,356,363
201:21,34,58,62,67,79,91,164,170,172,174,181,185,186,313,205,208,230,232,234,241,262,272,280,293,297,307,318,340,354
202:9,20,35,60,75,84,111,137,155,160,162,165,176,224,231,237,245,258,264,268,280,282,290,297,336,340,354,362
203:5,45,54,75,80,81,86,93,96,97,101,107,144,145,172,355,206,226,252,275,284,289,308,320,357
204:16,35,39,55,56,62,66,71,97,100,102,125,126,145,150,155,159,166,174,179,184,198,232,255,274,284,289,331,341,352,364
205:5,14,23,36,46,58,62,69,92,102,113,117,134,150,163,170,177,185,188,201,300,226,242,249,277,281,288,296,311,339,351
206:2,15,22,24,36,61,89,95,154,160,161,192,196,203,247,224,225,240,262,281,307,310,313,315,330,335,337,347
207:1,13,17,23,25,28,45,83,85,86,87,89,99,110,117,123,125,126,139,151,155,158,164,167,340,211,223,227,233,236,237,244,247,284,289,299,300,308,315,325,334,343,349,364,369
208:8,17,27,42,53,63,82,112,117,122,146,148,182,194,201,364,234,239,240,241,242,262,270,273,276,293,298,303,351,357,369
209:32,85,98,105,112,120,129,138,174,176,186,195,310,223,231,232,235,270,283,289,294,322,327
210:30,50,53,81,90,93,108,130,138,166,358,230,235,252,262,266,275,302,305,320,324,341
211:2,7,12,36,45,55,71,72,73,74,80,82,88,90,98,100,114,120,121,122,131,146,148,171,173,176,192,194,207,327,235,236,250,254,270,330,331,351
212:5,15,56,78,79,81,109,119,139,157,168,171,178,351,222,286,299,321,336,355,366
213:11,17,22,41,45,50,60,69,96,112,116,128,131,149,153,314,216,220,239,241,250,263,269,274,275,276,278,299,312,335,344,346,353
214:7,30,49,51,101,103,111,113,167,175,181,192,269,233,235,238,245,250,254,257,262,289,291,298
215:11,24,34,44,69,73,79,83,98,124,143,146,157,185,187,255,216,247,253,266,296,316,321,323,345
216:4,5,22,26,55,57,63,80,90,98,102,136,145,157,213,215,245,227,229,234,279,289,314,316,328,339,361
217:6,18,28,42,49,53,70,86,106,115,118,133,135,144,164,168,176,195,200,239,222,227,251,287,308,318,345,360,363
218:3,6,15,36,67,72,74,87,113,132,133,150,151,160,165,170,174,183,195,244,231,252,261,264,285,296,321,325,363
219:16,18,34,39,52,67,69,105,116,160,163,166,167,183,235,222,224,275,280,284,326,357,361
220:8,19,35,47,78,84,107,115,122,144,145,172,197,213,254,249,250,259,276,283,299,311,326,341,363
221:16,17,19,39,69,75,86,90,96,105,112,123,124,131,163,168,171,175,187,197,272,226,227,237,243,244,246,271,284,305,310,311,352
222:5,15,25,26,42,58,65,69,73,76,89,101,109,117,121,123,128,146,174,181,193,195,212,217,219,275,239,254,271,314,335,358,369
223:1,3,8,29,30,34,71,75,82,127,134,140,149,155,157,172,190,199,207,209,314,235,250,254,277,280,291,295,296,301,304,311,347,348,357,362
224:14,15,19,43,58,67,73,142,198,202,206,219,290,256,262,297,304,319,326,367
225:19,64,68,84,107,109,110,112,114,117,127,146,173,178,189,206,351,230,245,252,256,278,286,288,297,345,348,358,369
226:0,1,10,14,19,22,26,55,56,68,81,83,85,102,106,125,129,130,135,141,162,174,178,182,184,203,205,221,323,235,258,325,337,345,349,354
227:12,29,39,61,75,102,111,113,119,121,154,159,166,173,185,186,192,195,199,200,207,216,217,221,323,248,272,280,281,285,289,293,321,322,328,332,341,344
228:0,11,26,29,36,45,60,61,65,76,91,94,96,101,140,148,168,169,170,173,195,198,294,277,284,286,300,314,324,332,355,359
229:5,16,28,34,43,48,57,90,95,117,118,146,166,172,194,197,216,243,252,262,291,312,325,329,336,340,341,349
230:27,36,45,69,86,98,111,139,151,160,169,181,190,201,210,225,250,238,240,252,264,287,295,296,307,339,361
231:7,13,29,46,52,65,70,81,83,100,106,113,120,154,156,163,173,185,196,202,209,218,260,241,270,280,294,302,318,327,328
232:5,13,22,25,43,67,71,76,85,99,101,120,124,127,128,130,134,135,150,161,186,201,204,209,363,236,246,248,254,270,290,352,354,355,359
233:25,47,48,76,101,102,107,124,130,155,165,168,188,200,207,214,265,235,238,245,248,257,269,292,298,301,305,317,327,345
234:1,24,38,41,42,43,47,58,75,77,82,95,117,120,176,181,193,201,208,216,307,258,263,269,272,278,288,291,295,303,324,339,358,361
235:16,38,42,47,53,61,88,125,135,136,151,155,183,191,209,210,211,214,219,223,226,233,346,239,250,269,279,291,321,327,347
236:0,8,30,63,75,88,122,141,152,158,164,167,179,188,190,198,207,211,232,291,241,244,254,262,271,299,310,323,339,363,368
237:2,10,42,47,48,52,80,125,160,188,193,200,202,207,221,320,269,277,312,349,351,354,360,366
238:0,4,5,11,29,36,39,51,58,66,67,68,69,77,84,97,101,113,115,121,141,145,146,166,173,181,190,214,230,233,300,277,281,299,324,335,345,359,360,361,367
239:39,40,55,69,81,119,145,147,157,176,186,190,194,208,213,217,222,235,270,277,285,291,332,348
240:29,35,37,41,49,54,57,67,83,105,109,111,127,135,155,166,177,200,206,208,230,344,259,268,290,291,300,306,333,342,346
241:6,16,44,70,76,108,112,129,133,142,160,180,194,201,208,213,231,236,338,242,245,250,255,260,265,268,274,283,287,306,308,318,324,334,344,347
242:1,5,6,18,21,28,40,44,62,77,132,136,153,156,161,170,186,205,208,241,347,246,260,265,267,280,287,289,294,303,316,332,340,349
243:6,33,44,56,64,70,80,115,124,153,156,160,170,180,221,229,352,263,321,327,343,346
244:6,14,18,41,49,50,51,71,91,93,106,109,137,146,166,172,179,207,218,221,236,301,259,285,291,299,320,329,335,344
245:3,44,46,68,70,91,98,129,202,214,216,225,233,241,360,248,260,263,276,321,362
246:25,58,70,74,104,105,110,113,122,161,173,179,221,232,242,344,275,280,285,291,294,302,314,339,347,350,365
247:12,18,33,43,65,82,93,94,97,111,138,149,150,157,160,183,184,206,207,215,348,251,256,260,262,268,277,297,300,363
248:7,16,18,30,32,33,45,67,75,80,85,89,104,106,107,126,136,148,158,168,189,227,232,233,245,301,251,256,283,287,304,310,322,333,342,347,350
249:31,37,43,48,54,57,70,89,92,97,102,108,113,118,124,137,144,150,205,220,252,309,347,357,361,365,367
250:1,12,52,56,69,70,73,80,90,108,145,149,154,162,167,168,179,182,188,211,213,214,220,223,230,235,241,302,256,278,305,308,313,330,346,356,365
251:7,13,37,60,88,91,106,109,150,151,159,173,193,217,247,248,364,265,279,282,288,304,318,326
252:2,5,6,13,18,36,46,61,71,94,104,153,165,171,179,185,194,199,203,210,218,225,229,230,249,263,256,282,284,287,291,334,345,346,353,356
253:17,43,68,75,94,96,118,135,158,162,175,185,186,189,200,215,310,271,272,278,283,288,309
254:21,29,30,33,48,61,65,71,79,123,142,149,158,162,169,176,186,211,214,220,222,223,232,236,354,255,265,293,313
255:12,17,20,39,41,44,66,67,85,111,119,146,156,158,162,173,179,184,187,204,215,241,254,274,259,268,275,276,285,288,305,316,338,352,358,362
256:1,9,12,44,50,65,90,116,121,122,135,136,156,195,224,225,247,248,250,252,281,268,283,289,291,327,330,338,356,363
257:22,52,53,71,93,104,113,120,126,148,151,155,171,175,176,180,192,214,233,326,287,319,344
258:25,26,34,38,75,87,93,106,122,132,141,145,150,154,173,190,193,200,202,226,234,302,278,279,290,319,326,327,333,343,347,352,363
259:39,41,55,60,63,80,98,114,116,137,147,151,183,197,220,240,244,255,289,260,276,279,290,311,324,325,334,339,345,350,360,369
260:1,10,15,16,64,69,109,114,127,132,150,169,181,200,231,241,242,245,247,259,355,267,285,295,300,306,346,356,364,369
261:3,13,21,40,46,60,85,90,99,143,151,156,158,161,162,174,175,177,178,181,183,218,301,269,278,279,296,312,322,343,344
262:38,49,67,70,74,77,84,113,141,144,164,201,206,208,210,214,224,229,236,247,362,265,277,283,300,312,328,333,361
263:1,27,36,40,43,46,64,80,107,110,116,130,138,153,155,163,170,175,213,234,243,245,252,319,274,289,291,299,301,304,336,350
264:13,15,34,38,55,73,82,96,110,124,159,174,194,202,218,230,337,301,317,319,321,326
265:4,11,42,47,59,67,91,105,122,129,131,133,157,167,189,233,241,242,251,254,262,307,295,308,329,345,365
266:22,25,40,45,48,54,60,80,82,84,86,92,112,132,147,167,182,186,189,196,210,215,271,273,277,287,295,300,314,347,359,367
267:0,2,11,13,14,45,48,61,68,78,82,85,89,101,119,135,141,160,164,180,242,260,342,269,359,360,363
268:10,13,20,21,29,57,60,64,82,85,99,102,107,125,129,148,154,165,176,194,202,240,241,247,255,256,330,273,278,329,345
269:16,26,32,54,71,89,107,137,143,151,156,162,173,186,189,190,213,214,233,234,235,237,261,267,339,271,281,284,320,331,333,346,348,361
270:1,16,18,28,37,65,73,81,82,116,132,141,159,168,188,197,208,209,211,231,232,239,353,301,336,349,359,362
271:18,22,44,95,97,101,110,114,115,131,143,151,156,169,180,188,221,222,236,253,266,269,358,278,314,323
272:3,5,24,31,36,47,48,54,81,94,114,123,148,156,161,164,166,177,199,201,221,227,234,253,344,296,303,314,336,339,343,346
273:15,31,51,54,68,71,78,87,95,97,107,110,113,133,155,166,172,180,183,186,208,266,268,285,277,293,357
274:31,33,39,56,72,75,88,112,116,150,157,158,160,182,185,199,204,213,241,255,263,367,276,285,291,298,319,329,341,346
275:14,31,45,77,97,109,113,115,119,125,146,151,155,159,165,175,189,203,210,213,219,222,246,255,308,282,289,290,295,297,307,312,315,318,341,354,363,365,366
276:7,31,37,42,47,57,60,63,65,67,75,87,90,99,100,128,134,152,154,178,198,208,213,220,245,255,259,274,354,282,302,305,329,341,347,355,369
277:24,72,126,139,154,157,182,183,205,223,228,237,238,239,247,262,266,273,283,279,280,323,329,357,367
278:10,16,28,31,53,65,94,130,163,177,184,198,213,225,234,250,253,258,261,268,271,281,282,323,325,331,337,343,353,366
279:40,44,51,109,112,180,188,216,235,251,258,259,261,277,311,305,309,315,318,326,362
280:14,30,38,41,57,67,69,70,82,100,113,132,134,147,148,179,186,194,200,201,202,219,223,227,231,242,246,277,304,315,341
281:32,42,55,62,74,77,100,114,127,129,136,140,149,152,171,181,197,205,206,227,238,256,269,278,338,313,355,368
282:0,5,10,35,42,62,71,74,104,142,151,153,154,202,251,252,275,276,278,358,327,345,347,356,365
283:6,19,50,56,65,76,134,143,151,159,177,197,209,220,241,248,253,256,262,277,334,302,363
284:9,35,46,53,65,66,72,107,123,165,170,176,181,191,203,204,207,219,221,228,252,269,319,291,302,303,305,323,336,338,342,343,357
285:24,30,37,38,41,45,89,90,92,94,107,120,125,149,163,168,191,193,199,200,218,227,239,244,246,255,260,273,274,350,288,290,301,302,303,304,305,317,318,330,341,362
286:29,45,48,49,67,82,104,116,122,137,144,163,168,212,225,228,352,290,303,307,342,357
287:15,52,54,60,73,83,84,87,91,123,145,153,168,170,177,182,184,217,230,241,242,248,252,257,266,292,299,307,312,329,354,357,367
288:4,17,35,45,52,56,58,75,113,136,139,147,169,187,193,205,225,234,251,253,255,285,358,294,304,309,340,365
289:19,21,22,36,62,89,90,107,117,120,130,133,139,157,175,179,183,185,187,203,204,207,209,214,216,227,242,256,259,263,275,291,308,326,332,364
290:19,21,32,37,60,61,80,92,112,116,119,123,141,155,158,164,202,224,232,240,258,259,275,285,286,369
291:2,7,10,40,43,109,115,117,131,140,177,185,186,194,214,223,229,234,235,236,239,240,244,246,252,256,263,274,284,289,347,294,317,330
292:5,27,31,48,58,66,72,85,100,132,134,135,158,192,233,287,354,302,307,309,311,314,324,333,365
293:1,28,34,56,66,72,86,95,99,143,158,159,163,178,179,201,208,227,254,273,356,294,301,307,317,337,338,359,367
294:12,19,23,26,27,43,48,59,65,75,93,101,111,118,147,209,228,231,242,246,288,291,293,324,297,311,315,320,322,342,346
295:10,11,14,31,33,46,54,58,64,67,95,124,156,160,189,192,223,230,234,260,265,266,275,313,297,309,333,334,349,369
296:11,19,37,39,51,65,72,74,87,89,119,130,139,141,159,161,167,187,190,196,205,215,218,223,230,261,272,331,326,335,351,354,356,368
297:5,7,14,19,31,40,75,86,96,142,152,155,174,182,184,197,201,202,224,225,247,275,294,295,322,300,312,317,327,362,367,369
298:0,4,9,33,64,79,93,96,98,112,114,155,158,163,182,197,198,208,214,233,274,352,300,302,315,316,320,354
299:12,14,16,32,34,43,47,50,71,86,103,109,115,140,162,170,190,207,212,213,220,236,238,244,263,287,338,304,330,334,343,352,357,358
300:17,69,101,117,151,163,167,170,184,189,195,205,207,228,238,240,247,260,262,266,297,298,366,315,318,327,349
301:11,13,22,25,32,50,54,63,65,94,117,130,137,146,166,223,233,244,248,261,263,264,270,285,293,353,314,319
302:1,5,18,21,29,45,49,63,69,88,97,98,115,135,159,163,178,180,190,210,231,246,250,258,276,283,284,285,292,298,368,315,339,361
303:23,34,35,56,63,82,91,93,102,109,111,134,140,141,148,167,173,208,234,242,272,284,285,286,311,319,321,323,346,347
304:7,12,19,38,53,54,61,66,77,92,104,105,135,141,144,150,156,157,177,180,185,187,193,223,224,248,251,263,280,285,288,299,321,322,327,331
305:6,11,20,23,30,34,59,73,89,97,126,151,158,168,176,179,187,191,210,221,233,250,255,276,279,284,285,360,325,336,367
306:7,45,47,53,67,116,140,154,169,174,175,184,187,240,241,260,323,310,317,318,329,345,346,358,362
307:8,43,49,52,75,95,98,100,103,141,159,171,178,180,181,182,190,201,206,230,234,265,275,286,287,292,293,315,309,312,313,326,329,336,349,357,359,364
308:7,15,34,49,58,67,74,80,84,99,102,116,137,138,141,144,180,181,183,191,203,207,217,241,250,265,275,289,315,319,323,357
309:4,18,20,24,36,42,63,87,101,102,130,132,159,164,165,167,174,249,253,279,288,292,295,307,358,343
310:9,25,48,49,67,77,98,99,112,124,139,155,186,188,192,198,206,209,221,236,248,253,306,327,349,353,358,366
311:8,10,11,31,38,69,76,81,86,94,113,127,135,140,142,150,156,171,177,180,205,220,221,223,259,279,292,294,303,326,313,323,330,344,363
312:22,27,29,30,38,45,99,106,112,146,156,181,190,191,213,229,237,261,262,275,287,297,307,326,354,368
313:20,28,37,39,72,74,86,95,108,117,125,135,145,148,180,182,196,201,206,250,254,281,295,307,311,336,340,343,361,363
314:2,8,24,48,50,74,79,87,116,119,127,138,142,148,161,170,180,213,216,222,223,228,246,266,271,272,292,301,328,342,353,354,364,369
315:4,31,47,49,69,75,93,117,119,128,145,153,155,159,182,185,197,206,207,275,279,280,294,298,300,302,307,308,346,331,341,365
316:8,25,44,45,55,67,74,104,114,128,133,140,150,155,160,161,163,191,194,199,215,216,242,255,298,343,336,345,353,355
317:5,25,33,39,46,47,52,62,68,71,86,89,93,104,105,135,141,146,150,153,166,183,192,195,233,264,285,291,293,297,306,368,322,324,333,335,337,360,362,363,366
318:0,1,9,31,44,50,93,116,131,177,201,217,231,241,251,275,279,285,300,306,346,319,326
319:14,37,57,69,75,95,111,114,116,129,143,150,163,172,224,257,258,263,264,274,284,301,303,308,318,342,321,366,367
320:14,16,26,27,28,35,38,56,72,93,102,108,119,127,149,151,157,168,183,200,203,210,237,244,269,294,298,361,343,348,363
321:21,22,41,43,54,59,64,84,111,120,133,136,145,147,154,167,187,191,194,212,215,218,227,235,243,245,264,303,304,319,343,327,355,366
322:0,5,29,32,36,40,44,47,57,65,82,96,121,125,155,179,209,227,248,261,294,297,304,317,365,324,339,350,361,367,368
323:3,16,35,36,58,59,60,95,103,123,132,139,140,145,160,168,215,226,227,236,271,277,278,284,303,306,308,311,366,328,330,348,356
324:11,76,81,106,118,128,139,151,168,180,210,228,234,238,241,259,292,294,317,322,352,361
325:6,26,29,36,44,50,98,100,207,218,226,229,259,278,305,354,336,362
326:9,32,40,42,90,94,97,112,149,165,179,219,220,224,251,257,258,264,279,289,296,307,311,312,318,345
327:12,32,62,81,117,124,133,142,151,171,197,209,211,231,233,235,243,256,258,282,297,300,304,310,321,334,330,332,333,343,364,366,369
328:46,78,124,126,130,172,173,179,187,216,227,231,262,314,323,369,331,357,364,365
329:19,22,29,32,38,81,107,108,111,112,131,148,155,162,182,185,197,198,229,244,265,268,274,276,277,287,306,307,338,337,341,350,363
330:4,11,20,25,27,28,31,71,72,76,86,95,150,155,206,211,250,256,268,285,291,299,311,323,327,335,336,363
331:11,49,53,63,70,99,119,124,153,155,158,184,193,204,211,269,278,296,304,315,328,367,352
332:2,4,26,44,87,107,110,116,117,137,142,144,148,157,173,227,228,239,242,289,327,364,334,345,358,369
333:1,14,19,23,28,60,76,87,95,137,139,171,187,240,248,258,262,269,292,295,317,327,352,340,355,363
334:1,3,7,32,39,47,58,60,83,114,120,129,138,141,145,159,170,181,185,198,207,241,252,259,283,295,299,327,332,344,345
335:0,3,5,37,74,84,100,109,113,128,140,145,189,206,213,222,238,244,296,317,330,343,350,365
336:0,18,21,47,61,65,67,70,86,91,106,148,152,153,154,162,165,167,168,170,180,187,196,199,202,212,229,263,270,272,284,305,307,313,316,325,330,364,361
337:8,9,12,26,54,60,68,73,82,103,106,125,130,147,159,177,181,193,194,206,226,264,278,293,317,329,340,342,351,352,358
338:10,32,41,43,50,65,75,78,99,101,104,149,153,171,172,177,241,255,256,281,284,293,299,329,341,351
339:11,32,35,41,49,64,82,118,148,158,166,173,184,195,205,216,230,234,236,246,259,269,272,302,322,349,362
340:10,16,20,45,61,73,74,81,84,91,125,126,141,142,153,201,202,207,229,242,288,313,333,337,354,347
341:0,12,13,24,27,31,58,59,64,67,84,85,107,167,174,189,193,204,210,220,227,229,274,275,276,280,285,315,329,338,368,352,357
342:68,81,93,121,123,141,180,240,248,267,284,286,294,314,319,337,353,363,369
343:10,24,27,28,44,53,70,72,123,129,142,157,173,207,243,258,261,272,278,284,299,309,313,316,320,321,327,335,350,356,360,365,366
344:1,17,20,28,29,87,99,122,125,143,147,150,168,200,213,227,240,241,244,246,257,261,272,311,334,348,355
345:1,3,34,36,37,51,76,82,86,115,118,120,126,144,145,157,162,192,215,217,225,226,233,238,252,259,265,268,282,306,316,326,332,334,353
346:1,3,46,51,55,56,74,77,90,116,124,164,169,173,178,213,235,240,243,250,252,260,269,272,274,294,303,306,315,318,351
347:8,13,18,31,39,43,75,76,97,127,143,174,206,223,235,241,242,246,248,249,258,266,276,282,291,303,340,351,369
348:0,1,4,13,20,68,69,72,75,88,89,101,123,158,161,168,180,185,190,223,225,239,247,269,320,323,344,363,354,367,369
349:57,94,101,126,143,168,193,207,226,229,237,242,270,295,300,307,310,339,353,352
350:11,39,44,84,103,110,126,129,134,149,160,164,169,179,192,246,248,259,263,285,322,329,335,343,358
351:10,17,22,23,32,38,52,55,61,68,75,137,165,173,177,197,199,205,208,211,212,225,237,296,337,338,346,347,363,364,369
352:7,22,50,77,79,88,101,102,120,159,160,166,176,182,184,189,191,192,195,204,221,232,243,255,258,286,298,299,324,331,333,337,341,349,367,353,354,364,366,368
353:47,70,74,91,94,131,145,154,158,165,175,176,180,182,213,252,270,278,301,310,314,316,342,345,349,352,354,361,363
354:5,29,55,77,107,116,141,156,159,170,191,200,201,202,226,232,237,254,275,276,287,292,296,298,312,314,325,340,348,352,353,368,358,367
355:8,12,18,30,40,43,49,52,59,75,78,80,86,89,92,114,117,133,164,197,203,212,228,232,260,276,281,316,321,333,344,369,357,364
356:21,26,36,52,53,56,71,93,118,121,123,129,145,157,162,177,192,195,200,250,252,256,260,282,293,296,323,343,359,358
357:6,9,45,73,79,142,143,155,156,181,184,196,198,203,208,219,223,249,273,277,284,286,287,299,307,308,328,341,355,362,358,369
358:15,36,39,51,56,78,91,95,96,97,110,126,128,139,142,161,189,195,210,222,225,234,255,271,282,288,299,306,309,310,332,337,350,354,356,357,360,359
359:10,28,41,82,87,106,128,136,161,168,190,191,197,198,228,232,238,266,267,270,293,307,356,358,364,365,368,369
360:7,16,25,37,40,55,60,70,76,97,113,116,152,181,199,217,237,238,245,259,267,305,317,343,358,366
361:5,29,35,38,43,46,59,62,68,77,95,105,118,159,164,174,195,216,219,230,234,238,249,262,269,302,313,320,322,324,336,353,364,365,368
362:1,11,13,14,29,40,60,61,71,72,77,94,104,117,123,125,148,155,158,180,193,202,223,245,255,262,270,279,285,297,306,317,325,339,357,363,365,368
363:22,29,38,44,65,88,119,120,121,138,157,161,169,171,175,182,185,192,194,200,217,218,220,232,236,247,256,258,267,275,283,311,313,317,320,329,330,333,342,348,351,353,362,368
364:7,12,13,20,52,62,80,84,92,93,125,128,134,145,179,185,187,194,196,204,207,208,251,260,289,307,314,327,328,332,336,351,352,355,359,361,369
365:8,25,43,48,54,59,65,76,79,91,92,99,112,118,132,155,156,158,180,246,249,250,265,275,282,288,292,315,322,328,335,343,359,361,362,366
366:0,13,20,23,41,43,80,111,113,137,145,148,151,178,186,188,194,195,212,237,275,278,300,310,317,319,321,323,327,343,352,360,365,368,369
367:0,1,22,40,62,76,82,88,128,129,131,144,170,191,224,238,249,266,274,277,287,293,297,305,319,322,331,348,352,354,369
368:1,48,70,79,81,90,106,133,142,147,166,173,180,185,186,189,236,281,296,302,312,317,322,341,352,354,359,361,362,363,366,369
369:13,17,46,56,92,114,129,134,138,177,186,191,207,208,222,225,259,260,276,290,295,297,314,327,328,332,342,347,348,351,355,357,359,364,366,367,368
