0:214,41,79,90,95,98,111,114,142,143,148,167,173,178,200,203,207,210,215,236,251,279,313,335,337,356
1:295,37,44,71,105,120,159,180,192,207,233,238,290,296,331,341,343,355
2:207,20,21,24,58,59,63,70,83,134,151,183,184,202,222,225,256,259,271,276,325,331
3:218,30,51,104,116,138,166,173,175,202,228,235,256,285,329
4:251,13,15,40,51,52,76,86,92,97,110,143,145,147,153,177,184,201,278,351,356
5:78,8,15,28,80,83,89,152,175,192,228,237,272,274,284,308,312,351,353
6:213,11,62,74,85,94,101,118,127,128,131,156,159,211,223,224,249,252,286,294,295,302,313,344,345,355
7:250,32,68,75,113,131,140,186,213,233,235,283,293,315,318,347
8:5,234,49,67,68,73,77,100,128,141,155,170,191,198,203,270,280,305,334
9:230,19,31,52,64,66,71,86,99,112,147,150,154,161,186,193,196,218,227,305,341,345
10:260,13,27,44,50,68,81,89,91,142,175,177,191,197,202,221,238,249,251,252,263,267,269,275,282,302,310,313,314,348,350
11:6,124,12,36,53,58,69,79,88,99,114,116,126,133,150,173,204,217,237,270,332,355
12:11,113,26,35,75,78,88,98,104,122,140,150,154,184,188,214,240,263,268,284,286,288,301,323,326,337,347,355
13:4,10,229,60,68,74,75,87,122,136,150,165,175,179,193,198,220,244,253,270,278,298,317,321,332,359
14:208,30,47,53,74,86,104,162,173,194,238,255,298,326,352,359
15:4,5,358,59,126,180,181,195,210,215,223,236,265,269,280
16:191,42,45,65,66,68,104,114,150,233,236,237,244,264,278,289,304,308,309,314,321,333,353
17:268,18,46,56,63,92,129,139,140,157,187,188,235,236,240,246,290,302,304,314
18:17,172,19,32,39,43,45,50,54,69,73,82,91,94,113,149,190,220,230,234,268,272,278,282,300,303,312,343,350,359
19:9,18,221,31,66,76,101,107,122,136,174,184,186,258,261,283,286,307,313,345
20:2,102,23,51,52,84,93,103,104,116,167,180,182,230,253,299,307,308,340,346,352
21:2,263,25,30,71,74,88,107,109,133,137,144,152,160,164,227,232,251,286,321,322,326
22:50,45,48,53,59,60,64,77,82,99,108,137,165,171,172,220,227,241,243,246,247,256,259,290,296,302,323,334,340,349
23:20,120,26,32,43,65,67,70,93,134,135,144,170,181,182,197,206,218,224,226,234,240,253,254,258,277,301,319,356
24:2,185,40,50,59,89,93,131,144,154,161,192,212,247,258,262,324,325,330,339,355
25:21,287,48,51,59,67,89,91,110,112,142,165,198,219,222,242,246,280,300,314,316,325,335,340
26:12,23,111,28,72,73,80,88,94,97,113,131,165,172,185,190,217,225,268,295,308,310,324,331,334,335,340,342,350
27:10,161,31,34,36,52,110,126,198,200,274,276,284,329
28:5,26,329,36,42,57,66,70,76,121,170,177,191,201,219,231,243,244,255,260,266,277,327,331
29:60,65,71,76,84,104,105,111,118,121,142,157,172,207,247,260,261,291,299,308,316,320,324
30:3,14,21,139,36,38,62,71,73,79,86,92,141,143,147,148,156,164,188,198,205,226,235,244,256,270,304,305,317,325,342,353
31:9,19,27,337,53,64,66,89,151,171,186,216,229,247,256,268,269,271,302,329,347,349
32:7,18,23,118,49,62,63,77,78,135,142,147,148,195,214,217,242,261,271,276,298,300,323,324
33:289,40,41,47,58,102,106,110,116,127,138,142,144,149,151,171,179,183,198,201,231,234,238,269,307,323,332,337
34:27,152,49,96,100,107,124,149,162,183,192,193,230,264,275,320,338,353
35:12,232,68,86,119,131,163,175,182,189,211,214,217,225,254,255,259,273,293,302,304,318,356
36:11,27,28,30,245,38,47,61,70,98,118,156,161,165,197,198,210,211,228,231,247,254,262,298,300,316
37:1,187,85,90,102,114,130,150,156,175,179,214,220,255,264,286,305,309,319,346
38:30,36,238,44,51,57,59,81,92,98,109,150,174,216,222,231,242,251,279,281,306,309,327,333,340
39:18,282,45,54,55,100,106,122,127,153,159,164,183,195,197,200,207,218,231,248,250,268,353
40:4,24,33,236,49,55,102,114,154,157,165,187,207,229,233,248,258,264,266,274,281,286,288,294,301,319,333,334,336
41:0,33,162,43,57,62,92,127,129,145,154,166,167,171,182,208,225,226,246,252,265,295,352
42:16,28,107,53,78,96,100,147,153,158,180,200,203,207,215,283,292,296,312,317,324,332,334,337
43:18,23,41,116,45,51,64,76,97,134,139,159,173,240,247,251,254,260,261,275,313,318,356
44:1,10,38,243,46,51,92,126,168,191,192,199,215,226,242,253,264,283,335,337
45:16,18,22,39,43,318,86,121,153,186,217,223,235,261,263,266,279,287,293,306,349,359
46:17,44,316,53,108,116,128,154,157,163,171,174,184,191,215,243,265,272,286,299,304,329,348,353,357
47:14,33,36,195,60,63,85,98,108,125,153,166,170,204,228,257,267,270,283,298,304,322,330,346
48:22,25,257,76,86,93,110,119,122,130,149,169,174,176,180,188,197,205,209,240,297,304,308,323,359
49:8,32,34,40,149,82,87,101,129,130,143,145,166,168,169,195,205,230,244,255,342
50:10,18,22,24,169,87,138,142,151,178,203,214,215,224,225,254,259,264,293,307,309,342,345,352
51:3,4,20,25,38,43,44,172,58,65,68,91,93,113,117,121,145,147,159,203,205,268,280,285,300,335
52:4,9,20,27,213,53,173,178,197,212,215,247,274,276,277,291,340,349,350,355,359
53:11,14,22,31,42,46,52,155,83,84,86,87,119,122,136,192,201,208,219,256,283,300,302,303
54:18,39,317,58,74,120,123,140,143,146,180,210,229,233,235,271,276,294,315,338
55:39,40,150,62,85,90,109,126,162,183,204,232,246,250,318,320,337,347
56:17,358,63,90,94,97,104,133,158,169,177,196,222,240,257,287,292,301,315,323,332,339,343,350
57:28,38,41,274,69,75,88,89,105,109,137,139,148,156,162,172,193,199,254,262,271,282,285,293,302,303,350,357
58:2,11,33,51,54,72,64,71,78,82,155,163,178,184,232,240,241,262,285,307,350
59:2,15,22,24,25,38,210,62,88,92,174,193,212,218,234,235,250,258,271,278,300,317,347
60:13,22,29,47,137,75,78,84,92,95,98,126,177,187,193,208,275,276,300,343,352,356
61:36,116,77,112,122,132,138,182,202,214,225,226,230,243,276,299,305,307,325,337,342,354,359
62:6,30,32,41,55,59,344,67,72,73,74,78,82,100,101,118,148,156,176,200,236,245,282,286,311
63:2,17,32,47,56,124,79,91,94,96,106,150,157,198,282,304,309
64:9,22,31,43,58,352,78,94,97,134,151,164,174,177,239,250,262,277,315,331,343,348
65:16,23,29,51,178,71,117,123,160,171,202,207,225,246,290,295,298,330,334,341
66:9,16,19,28,31,292,118,145,158,169,170,189,194,216,257,271,273,274,346,350
67:8,23,25,62,339,72,88,98,108,143,166,170,176,177,181,190,191,197,280,292,311,328,331
68:7,8,10,13,16,35,51,346,78,91,104,111,116,117,119,121,134,142,155,182,201,212,219,232,235,246,286,322,350,352
69:11,18,57,214,77,83,104,111,122,126,144,190,249,267,287,288,292,295,318,319,332,340,357
70:2,23,28,36,317,81,87,89,91,106,107,164,193,205,232,246,249,251,263,276,294,300,319,324,349
71:1,9,21,29,30,58,65,126,119,135,174,191,199,254,271,293,303,307,326,338,348,353,354
72:26,58,62,67,159,79,80,92,96,106,109,127,143,160,174,217,221,228,234,243,250,259,261,264,281,283,326,331,332,333
73:8,18,26,30,62,113,85,142,164,171,175,188,222,225,266,277,289,291,294,349,359
74:6,13,14,21,54,62,95,75,108,120,129,145,153,206,243,280,284,344,353
75:7,12,13,57,60,74,225,97,111,112,115,194,210,251,256,271,314,319,323,325,340
76:4,19,28,29,43,48,168,78,83,105,121,172,182,194,210,226,230,244,260,264,279,307,323,324,355
77:8,22,32,61,69,108,78,100,105,113,117,119,129,137,146,156,166,200,210,215,223,235,238,260,265,276,337,338,357
78:5,12,32,42,58,60,62,64,68,76,77,352,142,157,171,189,201,205,218,242,245,248,329,339
79:0,11,30,63,72,286,106,135,192,207,208,243,246,267,289,308,319,336
80:5,26,72,115,82,87,94,153,168,170,172,190,217,236,255,269,273,283,294,305,316,318,334
81:10,38,70,252,123,136,169,170,179,187,202,207,213,218,230,240,254,256,304,325,329,335,338,354,355
82:18,22,49,58,62,80,303,124,151,160,164,172,213,223,250,253,280,291,300,342
83:2,5,53,69,76,202,98,112,186,189,198,208,239,298,301,315,336,344,347,349
84:20,29,53,60,341,162,164,186,201,202,205,215,224,233,240,242,249,255,288,290,300,305,332,336,346
85:6,37,47,55,73,253,106,128,135,136,147,157,160,168,171,176,218,248,256,259,262,285,288,305,312,321,344
86:4,9,14,30,35,45,48,53,150,95,121,122,139,143,147,156,170,187,218,275,283,311,313,315,320,324,352
87:13,49,50,53,70,80,316,94,117,132,142,199,213,220,222,230,259,282,287,305,306,325,328,337,346,356
88:11,12,21,26,57,59,67,257,101,121,128,147,149,166,201,226,244,276,281,292,301,334,356
89:5,10,24,25,31,57,70,263,98,164,225,243,250,253,256,260,261,268,278,283,294,316,329,338,351,358
90:0,37,55,56,215,95,100,115,167,196,211,216,228,251,291,308,348,357
91:10,18,25,51,63,68,70,207,94,104,105,108,126,133,168,182,230,232,281,284,292,313,323,343,348
92:4,17,30,38,41,44,59,60,72,174,96,104,126,131,150,166,191,240,267,270,277,286,320,354
93:20,23,24,48,51,280,101,127,131,144,176,179,180,195,203,235,261,268,273,303,311,314,331,345,354
94:6,18,26,56,63,64,80,87,91,197,121,141,142,164,186,204,211,242,253,272,277,281,282,306,308,329,357
95:0,60,74,86,90,207,137,157,165,178,208,214,251,257,260,276,282,307,322,329
96:34,42,63,72,92,340,101,117,119,122,128,173,177,233,234,258,262,282,298,302,306,313,339,356
97:4,26,43,56,64,75,245,116,125,143,156,203,240,241,244,275,279,318,331
98:0,12,36,38,47,60,67,83,89,286,114,133,149,158,189,202,206,207,218,224,248,285,287,305,311,312,329
99:9,11,22,129,162,195,207,209,211,229,243,254,258,271,290,310,346,351,359
100:8,34,39,42,62,77,90,142,117,120,148,204,217,226,236,255,265,268,297,299,326
101:6,19,49,62,88,93,96,315,111,122,129,132,137,138,155,172,208,258,259,262,275,298,330,346,348,350,351
102:20,33,37,40,159,104,133,140,145,146,184,191,208,275,297,304,324
103:20,167,130,148,151,153,154,268,292,293,330,344,350
104:3,12,14,16,20,29,56,68,69,91,92,102,124,138,142,155,156,164,172,187,241,265,278,284,291,307,323,331,343,353
105:1,29,57,76,77,91,181,124,136,155,195,208,216,223,280,306,346
106:33,39,63,70,72,79,85,359,110,139,148,163,175,176,189,201,206,213,230,231,288,297,303,342,343
107:19,21,34,42,70,146,154,155,202,231,233,259,261,298,305,309,315,325,357
108:22,46,47,67,74,77,91,357,109,158,159,163,169,185,204,208,233,263,284,306,308,336,337
109:21,38,55,57,72,108,305,121,122,123,129,133,185,187,219,223,230,252,259,260,325,334,344,353,357
110:4,25,27,33,48,106,172,133,156,173,176,190,198,208,209,222,229,239,259,261,301,329,349
111:0,26,29,68,69,75,101,270,115,117,126,147,151,159,168,191,211,227,234,236,244,278,325,339,347,356
112:9,25,61,75,83,204,119,129,160,163,165,167,190,211,286,294,323,329,346
113:7,12,18,26,51,73,77,193,130,159,167,172,219,228,234,246,271,310,334,350
114:0,11,16,37,40,98,202,134,151,155,182,212,217,229,247,252,288,296,319
115:75,80,90,111,232,121,129,135,150,153,162,167,179,209,224,246,285,292,293,296,310,330,337,352
116:3,11,20,33,43,46,61,68,97,242,159,169,188,195,212,216,217,235,238,252,265,275,276,296,307,313,314,356
117:51,65,68,77,87,96,100,111,340,119,145,167,175,207,214,232,245,261,270,285,289,306,335
118:6,29,32,36,62,66,259,123,132,138,145,152,161,220,222,231,233,236,246,254,261,302,307
119:35,48,53,68,71,77,96,112,117,122,132,149,150,194,199,215,231,257,297,313
120:1,23,54,74,100,227,132,152,159,180,222,230,231,236,252,276,296,313,348,352,358
121:28,29,45,51,68,76,86,88,94,109,115,186,138,145,149,165,198,218,223,225,233,236,257,268,289,340,354
122:12,13,19,39,48,53,61,69,86,96,101,109,119,260,157,162,188,193,204,269,279,289,291,304,334,353,359
123:54,65,81,109,118,144,126,142,175,176,204,210,213,215,228,235,241,244,258,261,264,279,297,299,302,307,322,354
124:11,34,63,82,104,105,197,156,160,183,198,203,207,241,243,244,255,306,321,352,358
125:47,97,144,132,139,157,169,170,171,188,209,217,220,221,230,232,244,249,255,266,278,318,323,337,343,356
126:11,15,27,44,55,60,69,71,91,92,111,123,296,127,129,169,171,188,193,207,231,288,307,344
127:6,33,39,41,72,93,126,274,128,151,152,157,161,181,193,204,221,224,234,244,250,269,339
128:6,8,46,85,88,96,127,276,160,274,298,316,323,325,332,341,344
129:17,41,49,74,77,99,101,109,112,115,126,243,132,155,216,218,225,230,238,284,316,320,331,332
130:37,48,49,103,113,242,131,160,205,213,216,227,240,247,250,267,279,314,324,334,348
131:6,7,24,26,35,92,93,130,167,134,145,151,171,172,234,244,246,267,269,286,301,309,313,324,332,337,355,359
132:61,87,101,118,119,120,125,129,257,138,172,173,204,214,221,236,243,261,262,279,317,318,329,330,332,346,350
133:11,21,56,91,98,102,109,110,283,163,170,194,205,233,237,239,259,271,272,275,277,291,306,311,313,317,332,337,344,358
134:2,23,43,64,68,114,131,244,145,147,169,170,174,193,207,222,238,243,257,273,292,297,306,315,325,352,355
135:23,32,71,79,85,115,348,162,165,193,196,212,258,286,300,311,327,333,345
136:13,19,53,81,85,105,277,137,145,156,159,208,219,227,249,265,267,304,311,315,322,343
137:21,22,57,60,77,95,101,136,219,144,160,162,165,182,207,215,221,231,244,249,251,256,287,299,323,328,332,338,350
138:3,33,50,61,101,104,118,121,132,352,146,174,179,203,226,232,242,245,261,264,276,312,335,345,349
139:17,30,43,57,86,106,125,233,159,167,179,187,201,222,225,230,232,242,251,261,264,272,293,302,305
140:7,12,17,54,102,170,148,158,167,181,219,222,242,261,274,276,279,308,309,329
141:8,30,94,174,166,195,202,209,223,238,243,248,250,265,303,321,322,338,340,350,353
142:0,10,25,29,32,33,50,68,73,78,87,94,100,104,123,219,156,162,164,165,185,209,217,239,289,294,306,307,317,318,320,326,349,350,354
143:0,4,30,49,54,67,72,86,97,346,144,160,165,169,208,214,218,258,272,278,288,292,297,316,334,339,349,358
144:21,23,24,33,69,93,123,125,137,143,279,182,190,211,221,222,263,349
145:4,41,49,51,66,74,102,117,118,121,131,134,136,205,189,235,253,264,265,266,286,302,306,328,344,348
146:54,77,102,107,138,186,159,213,227,239,291,303,330
147:4,9,30,32,42,51,85,86,88,111,134,166,186,198,209,222,229,251,261,268,346
148:0,30,32,57,62,100,103,106,140,322,150,153,160,207,213,280,296,346,354
149:18,33,34,48,49,88,98,119,121,223,160,177,191,227,230,250,260,268,270,273,314,352
150:9,11,12,13,16,37,38,55,63,86,92,115,119,148,170,158,167,225,228,232,262,315,325,329,341,359
151:2,31,33,50,64,82,103,111,114,127,131,158,153,165,180,198,263,285,293,294
152:5,21,34,118,120,127,155,200,208,212,268,280,283,284,303,308,335,348,357
153:4,39,42,45,47,74,80,103,115,148,151,234,165,207,227,231,242,257,265,271,291,343
154:9,12,24,40,41,46,103,107,297,157,177,192,223,271,274,278,284,290,294,313,331,335,352,358
155:8,53,58,68,101,104,105,107,114,129,152,216,172,194,200,219,233,259,279,291,340,348,350,356,359
156:6,30,36,37,57,62,77,86,97,104,110,124,136,142,268,165,190,200,279,284,306,310,329,333,345
157:17,29,40,46,63,78,85,95,122,125,127,154,302,174,201,208,226,268,295,321,333,344,348
158:42,56,66,98,108,140,150,151,197,181,205,221,223,242,255,260,265,269,271,278,287,312,333,353
159:1,6,39,43,51,72,102,108,111,113,116,120,136,139,146,217,160,173,179,189,243,327,339,340
160:21,65,72,82,85,112,124,128,130,137,143,148,149,159,234,162,164,189,246,278,333,350
161:9,24,27,36,118,127,282,180,207,221,230,242,250,257,262,271,274,300,314,327,338,345
162:14,34,41,55,57,84,99,115,122,135,137,142,160,232,180,196,212,215,238,245,247,312,317
163:35,46,58,106,108,112,133,335,177,188,200,203,238,239,267,276,281,283,337,341,346,356
164:21,30,39,64,70,73,82,84,89,94,104,142,160,308,176,196,200,214,251,261,271,294,313,321,332,344,352
165:13,22,25,26,36,40,95,112,121,135,137,142,143,151,153,156,229,174,180,182,201,221,233,247,249,252,259,261,273,294,295,316,337
166:3,41,47,49,67,77,88,92,141,147,229,177,202,207,261,291,295,321,345
167:0,20,41,90,103,112,113,115,117,131,139,140,150,286,253,309,310
168:44,49,76,80,85,91,111,314,179,181,193,197,217,231,243,245,246,254,279,292,309,328,340,343,345
169:48,49,50,56,66,81,108,116,125,126,134,143,265,171,202,258,299,329,336,338,342,355
170:8,23,28,47,66,67,80,81,86,125,133,134,140,150,321,203,235,238,264,275,279,288,330,332,359
171:22,31,33,41,46,65,73,78,85,125,126,131,169,308,173,190,199,216,243,267,282,284,294,296,328,333,335,349,354
172:18,22,26,29,51,57,76,80,82,101,104,110,113,131,132,155,332,175,179,180,212,253,268,301,312,328,340,357
173:0,3,11,14,43,52,96,110,132,159,171,216,195,233,246,252,256,266,286,306,315,320,334,336
174:19,38,46,48,59,64,71,72,92,134,138,141,157,165,241,213,243,245,277,279,287,300,301,304,318,330,332,333,348
175:3,5,10,13,35,37,73,106,117,123,172,240,215,220,233,251,258,263,277,282,288,299,330,331,358
176:48,62,67,85,93,106,110,123,164,309,180,231,249,254,257,280,283,285,333,336,337,347
177:4,10,28,56,60,64,67,96,149,154,163,166,321,179,190,217,256,318,328,343,346
178:0,50,52,58,65,95,224,220,225,229,252,260,318,336,342,343
179:13,33,37,81,93,115,138,139,159,168,172,177,321,199,201,224,227,251,255,257,259,264,272,274,276,287,302,319,336,341,346
180:1,15,20,42,48,54,93,120,151,161,162,165,172,176,272,197,216,228,236,265,266,287,298,309,315,317,319,324,326,341,351,355
181:15,23,67,105,127,140,158,168,322,182,192,206,231,253,268,273,277,288,335,342
182:20,23,35,41,61,68,76,91,114,137,144,165,181,348,218,251,261,274,312,313,325
183:2,33,34,39,55,124,222,213,214,215,218,230,235,250,256,290,316,347,359
184:2,4,12,19,46,58,102,227,199,220,225,245,247,250,256,305,323,337,340,346
185:24,26,108,109,142,243,194,197,203,225,226,232,239,244,275,283,298,306,308,323
186:7,9,19,31,45,83,84,94,121,146,147,211,191,263,278,314,345
187:17,37,40,60,81,86,104,109,139,262,218,275,276,286,300,328,340,341,352
188:12,17,30,48,73,116,122,125,126,163,298,199,205,222,234,240,250,261,267,308
189:35,66,78,83,98,106,145,159,160,191,192,203,252,270,274,306,320,326,331
190:18,26,67,69,80,110,112,144,156,171,177,320,191,198,206,282,302,312,334,335,336,339,341
191:8,10,16,28,44,46,67,71,92,102,111,149,186,189,190,211,212,223,244,283,299,303,310,316,322
192:1,5,24,34,44,53,79,154,181,189,333,201,207,224,257,260,266,288,309,336,343
193:9,13,34,57,59,60,70,113,122,126,127,134,135,168,298,226,283,320,335,342
194:14,66,75,76,119,133,155,185,324,197,204,225,265,290,301,311,340,352,355
195:15,32,39,47,49,93,99,105,116,141,173,302,201,229,246,248,268,272,277,278,310,348
196:9,56,90,135,162,164,317,199,231,238,251,262,265,277,295,318,346
197:10,23,36,39,48,52,67,94,124,158,168,180,185,194,333,219,252,262,281,282,295,308,312,342
198:8,13,25,27,30,33,36,63,83,110,121,124,147,151,190,342,207,214,221,254,271,274,287,294,299,327,345
199:44,57,71,87,119,171,179,184,188,196,232,200,242,264,322,346,356,359
200:0,27,39,42,62,77,152,155,156,163,164,199,342,206,233,234,237,241,246,261,276,297,320
201:4,28,33,53,68,78,84,88,106,139,157,165,179,192,195,223,203,211,215,239,261,280,288,290,292,304,316,327,343,359
202:2,3,10,61,65,81,83,84,98,107,114,141,166,169,233,231,268,273,283,284,286,293,301,307,308,338,341,342,357
203:0,8,42,50,51,93,97,124,138,163,170,185,189,201,339,210,216,239,277,306,311,314,316
204:11,47,55,94,100,108,112,122,123,127,132,194,303,207,226,251,273,277,280,289,295,301,310,311
205:30,48,49,51,70,78,84,130,133,145,158,188,273,223,281,309,313,318
206:23,74,98,106,181,190,200,262,231,232,264,271,339
207:0,1,2,29,39,40,42,65,79,81,91,95,98,99,117,124,126,134,137,148,153,161,166,192,198,204,242,249,252,286,316,337,353,358
208:14,41,53,60,79,83,95,101,102,105,108,110,136,143,152,157,263,223,225,229,234,237,262,319,325,337
209:48,99,110,115,125,141,142,147,359,225,286
210:0,15,36,54,59,75,76,77,123,203,319,230,264,283,299,315,316
211:6,35,36,90,94,99,111,112,144,186,191,201,234,223,232,241,244,257,282,288,310,329,344
212:24,52,59,68,114,116,135,152,162,172,191,249,241,283,292,296,300,313,341,344
213:6,7,52,81,82,87,106,123,130,146,148,174,183,347,229,271,273,283,314,318,321
214:0,12,32,35,37,50,61,69,95,117,132,143,164,183,198,271,228,230,240,252,261,287,296,300,329,354
215:0,15,42,44,46,50,52,77,84,90,119,123,137,162,175,183,201,344,223,236,264,271,277,285,320,339,349
216:31,38,66,90,105,116,129,130,155,171,173,180,203,238,226,242,244,253,254,260,261,265,286
217:11,26,32,35,45,72,80,100,114,116,125,142,159,168,177,271,240,243,256,261,292,330,332
218:3,9,23,39,59,78,81,85,86,98,121,129,143,182,183,187,310,221,238,249,257,259,281,283,297,300,302,320,327,353,357
219:25,28,53,68,109,113,136,137,140,142,155,197,228,231,266,282,290,296,313,337,349
220:13,18,22,37,87,118,125,175,178,184,311,233,245,247,272,281,300,308,334
221:10,19,72,125,127,132,137,144,158,161,165,198,218,338,272,295,298
222:2,25,38,56,73,87,110,118,120,134,139,140,144,147,183,188,301,229,244,247,249,261,281,284,292,293,294,335,345
223:6,15,45,77,82,105,109,121,141,149,154,158,191,201,205,208,211,215,345,262,272,298,357
224:6,23,50,84,98,115,127,178,179,192,343,234,242,251,267,273,286,324
225:2,26,35,41,50,61,65,73,75,89,121,129,139,150,178,184,185,194,208,209,237,234,241,286,289,298,343,344,347,355
226:23,30,41,44,61,76,88,100,138,157,185,193,204,216,333,245,251,265,290,299,331,342
227:9,21,22,111,120,130,136,146,149,153,179,184,321,261,268,286,287,291,300,302,305,312,325,331,346,349
228:3,5,36,47,72,90,113,123,150,180,214,219,324,231,250,255,256,261,263,274,291,301,304,328,329
229:13,31,40,54,99,110,114,147,165,166,178,195,208,213,222,238,258,265,272,274,285,287,304,308,328,343,346,350
230:9,18,20,34,49,61,76,81,87,91,106,109,120,125,129,139,149,161,183,210,214,249,234,239,247,260,272,282,292,301,328,339,343
231:28,33,36,38,39,106,107,118,119,120,126,137,153,168,176,181,196,202,206,219,228,241,242,266,332,340
232:21,35,55,58,68,70,91,115,117,125,138,139,150,162,185,199,206,211,263,242,262,278,289,294,295,325,326,343,348
233:1,7,16,40,54,84,96,107,108,118,121,133,139,155,165,173,175,200,202,220,235,266,304,306,307,313,326,330,355
234:8,18,23,33,59,72,96,111,113,127,131,153,160,188,200,208,211,224,225,230,238,236,261,330,332,335
235:3,7,17,30,45,54,59,68,77,93,116,123,145,170,183,233,358,251,255,294,337,346
236:0,15,16,17,40,62,80,100,111,118,120,121,132,180,215,234,341,243,260,279,280,293,309
237:5,11,16,133,200,208,225,336,272,281,284,297,298,301,310,331,340,349
238:1,10,14,33,38,77,116,129,134,141,162,163,170,196,216,218,229,234,314,254,290,303,304,323,326
239:64,83,110,133,142,146,163,185,201,203,230,282,281,291,342
240:12,17,23,43,48,56,58,81,84,92,97,130,175,188,214,217,331,244,252,261,262,278,283,355
241:22,58,97,104,123,124,174,200,211,212,225,231,274,253,265,267,273,291,327,343,349,350
242:25,32,38,44,78,84,94,116,130,138,139,140,153,158,161,199,207,216,224,231,232,327,259,266,268,272,289,304,311,314,324,330,354
243:22,28,44,46,61,72,74,79,89,99,124,129,132,134,141,159,168,171,174,185,217,236,353,254,266,275,287,311,314,341,351
244:13,16,28,30,49,76,88,97,111,123,124,125,127,131,134,137,185,191,211,216,222,240,253,264,278,293,299,321,342,349
245:36,62,78,97,117,138,162,168,174,184,220,226,251,252,281,289,290,299,300,317,327,339,347
246:17,22,25,41,55,65,68,70,79,113,115,118,131,160,168,173,195,200,298,268,278,309,316,331,338,348
247:22,24,29,31,36,43,52,114,130,162,165,184,220,222,230,303,311,341
248:39,40,78,85,98,141,195,298,261,262,265,282,303,313,325,341,351
249:6,10,69,70,84,125,136,137,165,176,207,212,218,222,230,258,254,257,268,299,329,334,346
250:7,39,55,59,64,72,82,89,127,130,141,149,161,183,184,188,228,283,252,259,266,268,275,276,282,286,289,315,342
251:0,4,10,21,38,43,70,75,90,95,137,139,147,164,175,179,182,196,204,224,226,235,245,295,272,308,323,339,343,349,357
252:6,10,41,81,109,114,116,120,165,173,178,189,197,207,214,240,245,250,320,273,282,299,306,316,321,323,332,337,341,345,350,356,359
253:13,20,23,44,82,85,89,94,145,167,172,181,216,241,244,306,260,262,305,336
254:23,35,36,43,50,57,71,81,99,118,168,176,198,216,238,243,249,309,324,327,340,351
255:14,28,35,37,49,80,84,100,124,125,158,179,228,235,339,270,299,301,317,341,342,349
256:2,3,22,30,31,53,75,81,85,89,137,173,177,183,184,217,228,299,281,286,331,350
257:47,48,56,66,88,95,119,121,132,134,153,161,176,179,192,211,218,249,307,264,272,282,289,296,320,331,348
258:19,23,24,40,59,96,99,101,123,135,143,169,175,229,249,328,260,330
259:2,22,35,50,72,85,87,101,107,109,110,118,133,155,165,179,218,242,250,349,261,269,273,300,317,327
260:10,28,29,43,76,77,89,95,109,122,149,158,178,192,216,230,236,253,258,300,266,306,308,329,331
261:19,29,32,43,45,72,89,93,107,110,117,118,123,132,138,139,140,147,164,165,166,182,188,200,201,214,216,217,222,227,228,234,240,248,259,314,266,272,289,297,309,311,319,344
262:24,36,57,58,64,85,96,101,132,150,161,187,196,197,206,208,223,232,240,248,253,269,272,279,290,296,298,329,334,336,348,356,358
263:10,12,21,45,70,89,108,144,151,175,186,208,228,232,306,271,303,314,315,317,349,351
264:16,34,37,40,44,50,72,76,123,138,139,145,170,179,199,206,210,215,244,257,294,265,272,305,308,359
265:15,41,46,77,100,104,116,136,141,145,153,158,169,180,194,196,216,226,229,241,248,264,353,267,281,284,332,344
266:28,40,45,73,125,145,173,180,192,219,231,233,242,243,250,260,261,334,284,287,336,340
267:10,47,69,79,92,130,131,136,163,171,188,224,241,265,291,305,333,342
268:12,17,18,26,31,39,51,89,93,100,103,121,147,149,152,156,157,172,181,195,202,227,242,246,249,250,346,287,296,320,328,347,353
269:10,15,31,33,80,122,127,131,158,259,262,309,275,280,293,295,301,324,332
270:8,11,13,30,47,92,111,117,149,189,255,333,274,280,283,307,313,314,319,326,338,347,349,353
271:2,31,32,54,57,59,66,71,75,99,113,133,153,154,158,161,164,198,206,213,214,215,217,263,357,324,336,338,348
272:5,18,46,94,133,139,143,179,180,195,220,221,223,229,230,237,242,251,257,261,262,264,342,278,295,309,311,324,343,352
273:35,66,80,93,134,149,165,181,202,204,205,213,224,241,252,259,283,303,323
274:5,27,40,52,57,66,127,128,140,154,161,179,182,189,198,228,229,241,270,328,275,289,310,330,334,339
275:10,34,43,60,86,97,101,102,116,133,170,185,187,243,250,269,274,328,318,322,329,359
276:2,27,32,52,54,60,61,70,77,88,95,116,120,128,138,140,163,179,187,200,250,321,281,288,296,329,344
277:23,28,52,64,73,92,94,133,136,174,175,181,195,196,203,204,215,347,309,311,328,336
278:4,13,16,18,59,89,104,111,125,143,154,158,160,186,195,232,240,244,246,272,349,300,318,353,358
279:0,38,45,76,97,122,123,130,132,140,144,155,156,168,170,174,236,262,283,281,284,293,313,318,330,351
280:8,15,25,51,67,74,82,93,105,148,152,176,201,204,236,269,270,359,291,302,311,323,328
281:38,40,72,88,91,94,163,197,205,218,220,222,237,239,245,256,265,276,279,348,282,288,299,329,338
282:10,18,39,57,62,63,87,94,95,96,161,171,175,190,197,211,219,230,239,248,250,252,257,281,323,287,290,310,331,348
283:7,19,42,44,47,53,72,80,86,89,133,152,163,176,185,191,193,202,210,212,213,218,240,250,270,273,279,357,287,296,305,320,324,343
284:5,12,27,74,91,104,108,129,152,154,156,171,202,222,237,265,266,279,314,313,316,327,344
285:3,51,57,58,85,98,115,117,151,176,215,229,291,357
286:6,12,19,21,37,40,46,62,68,79,92,98,112,131,135,145,167,173,187,202,207,209,216,224,225,227,250,256,314,315,321,325,327,349,352
287:25,45,56,69,87,98,137,158,174,179,180,198,214,227,229,243,266,268,282,283,343,288,289,290,303,327,334,336,344,352,359
288:12,40,69,84,85,106,114,126,143,170,175,181,192,201,211,276,281,287,322,307,319
289:16,33,73,79,117,121,122,142,204,225,232,242,245,250,257,261,274,287,357,306,316,323,331,336
290:1,17,22,65,84,99,154,183,194,201,219,226,238,245,262,282,287,296,307,327,333,334
291:29,52,73,82,90,104,122,133,146,153,155,166,227,228,239,241,267,280,285,317,300,313,323,355,359
292:42,56,66,67,69,88,91,103,115,134,143,168,201,212,217,222,230,331,308,334,342,346
293:7,35,45,50,57,71,103,115,139,151,202,222,236,244,269,279,346,307,352
294:6,40,54,70,73,80,89,112,142,151,154,164,165,171,198,222,232,235,264,307,295,301,333,346,348
295:1,6,26,41,65,69,157,165,166,196,197,204,221,232,251,269,272,294,359,309,350
296:1,22,42,114,115,116,120,126,148,171,212,214,219,257,262,268,276,283,290,337,315,327,347
297:48,100,102,106,119,123,134,143,154,200,218,237,261,339,307,316,317,322
298:13,14,32,36,47,65,83,96,101,107,128,180,185,188,193,221,223,225,237,246,248,262,329,308,310,311,313,337,347,348
299:20,29,46,61,100,123,137,169,175,191,198,210,226,244,245,249,252,255,256,281,308,317
300:18,25,32,36,51,53,59,60,70,82,84,135,161,174,187,212,214,218,220,227,245,259,260,278,291,305,312,319,330,336,338,339,343,350
301:12,23,40,56,83,88,110,131,172,174,194,202,204,222,228,230,237,255,269,294,318,304,335,343
302:6,10,17,22,31,35,53,57,96,118,123,139,145,157,179,190,195,218,227,280,324,316,317,320,328,335,349,359
303:18,53,57,71,82,93,106,141,146,152,191,204,238,247,248,263,273,287,311,318,321,342,355,358
304:16,17,30,35,46,47,48,63,81,102,122,136,174,201,228,229,233,238,242,301,310,317,348,356,357
305:8,9,30,37,61,80,84,85,87,98,107,109,139,184,227,253,264,267,283,300,313,320,335
306:38,45,87,94,96,105,108,117,124,133,134,142,145,156,173,185,189,203,233,252,253,260,263,289,350,308,321,344,348,351
307:19,20,33,50,58,61,71,76,95,104,116,118,123,126,142,202,233,257,270,288,290,293,294,297,321,317,323,338,344
308:5,16,20,26,29,48,79,90,94,108,140,152,164,171,185,188,197,202,220,229,251,260,264,292,298,299,306,327,310,319,326,350,351
309:16,37,38,50,63,107,131,140,167,168,176,180,192,205,236,246,254,261,269,272,277,295,347,325
310:10,26,99,113,115,156,167,191,195,204,211,218,237,274,282,298,304,308,355,323
311:62,67,86,93,98,133,135,136,194,203,204,220,242,243,247,261,272,277,280,298,303,356,331,352,355,358
312:5,18,42,85,98,138,158,162,172,182,190,197,227,300,336,317,321,345,346,354
313:0,6,10,19,43,86,91,96,116,119,120,131,133,154,164,182,205,212,219,233,248,270,279,284,291,298,305,330,318
314:10,16,17,25,75,93,116,130,149,161,168,186,203,213,238,242,243,261,263,270,284,286,322,319,321,331,356
315:7,54,56,64,83,86,101,107,134,136,150,173,180,210,250,263,286,296,317,325,348,358
316:25,29,36,46,80,87,89,128,129,143,165,183,191,201,203,207,210,246,252,284,289,297,302,327,326,336,341,348
317:13,30,42,54,59,70,132,133,142,162,180,196,245,255,259,263,291,297,299,302,304,307,312,315,353,351,355
318:7,35,43,45,55,69,80,97,125,132,142,174,177,178,196,205,213,275,278,279,301,303,313,333,327,331,336,349
319:23,37,40,69,70,75,79,114,179,180,208,210,261,270,288,300,308,314,328,346,347
320:29,34,55,86,92,129,142,173,189,190,193,200,215,218,252,257,268,283,302,305,333,325,354
321:13,16,21,85,124,141,157,164,166,170,177,179,213,227,244,252,276,286,303,306,307,312,314,355,329,330,337,340,344
322:21,47,68,95,123,136,141,148,181,191,199,275,288,297,314,356,339
323:12,22,32,33,48,56,75,76,91,104,112,125,128,137,184,185,238,251,252,273,280,282,289,291,307,310,358,354
324:24,26,29,32,42,70,76,86,102,130,131,180,194,224,228,242,254,269,271,272,283,302,332,338,340,347,352
325:2,24,25,30,61,75,81,87,107,109,111,128,134,150,182,208,227,232,248,286,309,315,320,344,330,355,357
326:12,14,21,71,72,100,142,180,189,232,233,238,270,308,316,330
327:28,38,135,159,161,198,201,218,241,242,245,254,259,284,286,287,290,296,308,316,318,349,329,341,344,351,355
328:67,87,137,145,168,171,172,177,187,228,229,230,258,268,274,275,277,280,302,319,349
329:3,27,28,31,46,78,81,89,94,95,98,110,112,132,140,150,156,169,211,214,228,249,260,262,275,276,281,298,321,327,335,336,341,355
330:24,47,65,101,103,115,132,146,170,174,175,217,233,234,242,258,274,279,300,313,321,325,326,359,346,348
331:1,2,26,28,64,67,72,93,97,104,129,154,175,189,226,227,237,240,246,256,257,260,282,289,292,311,314,318,334,336,345,359
332:11,13,33,42,56,69,72,84,128,129,131,132,133,137,164,170,172,174,217,231,234,252,265,269,324,350,334,348
333:16,38,40,72,135,156,157,158,160,171,174,176,192,197,226,267,270,290,294,318,320,347,336
334:8,22,26,40,42,65,80,88,109,113,122,130,143,173,190,220,249,262,266,274,287,290,292,331,332,343,340,347
335:0,25,26,44,51,81,117,138,152,154,163,171,181,190,193,222,234,301,302,305,329,339,342,346,348,356
336:40,79,83,84,108,169,173,176,178,179,190,192,237,253,262,266,271,277,287,289,300,312,316,318,329,331,333,355,353,358
337:0,12,31,33,42,44,55,61,77,87,108,115,125,131,133,163,165,176,184,207,208,219,235,252,296,298,321,353,357
338:34,54,71,77,81,89,137,141,161,169,202,221,246,270,271,281,300,307,324,339
339:24,56,67,78,96,111,127,143,159,190,203,206,215,230,245,251,255,274,297,300,322,335,338,353,342,349
340:20,22,25,26,38,52,69,75,96,117,121,141,155,159,168,172,184,187,194,231,237,254,266,321,324,334,356,345,349,351,358
341:1,9,65,84,128,150,163,179,180,187,190,202,212,236,243,247,248,252,255,316,327,329,344
342:26,30,49,50,61,82,106,169,178,181,193,197,198,200,202,226,239,244,250,255,267,272,292,303,335,339,348
343:1,18,56,60,64,91,104,106,125,136,153,168,177,178,192,201,224,225,229,230,232,241,251,272,283,287,300,301,334,353
344:6,62,74,83,85,103,109,126,128,133,145,157,164,211,212,215,225,261,265,276,284,287,306,307,321,325,327,341,356
345:6,9,19,50,93,135,138,156,161,166,168,186,198,222,223,252,312,331,340,352,355
346:20,37,47,66,68,84,87,99,101,105,112,132,143,147,148,163,177,179,184,196,199,227,229,235,249,268,292,293,294,312,319,330,335,350,355
347:7,12,31,55,59,83,111,176,183,213,225,245,268,270,277,296,298,309,319,324,333,334,351,349
348:10,46,64,71,90,91,101,120,130,135,145,152,155,157,174,182,195,232,246,257,262,271,281,282,294,298,304,306,315,316,330,332,335,342,352
349:22,31,45,52,70,73,83,110,138,142,143,144,171,215,219,227,237,241,244,251,255,259,263,270,278,286,302,318,327,328,339,340,347,356,350
350:10,18,26,52,56,57,58,66,68,101,103,113,132,137,141,142,155,160,229,241,252,256,295,300,306,308,332,346,349,357,353
351:4,5,89,99,101,180,243,248,254,263,279,306,308,317,327,340,347,359,352
352:14,20,41,50,60,64,68,78,86,115,120,124,134,138,149,154,164,187,194,272,286,287,293,311,324,345,348,351,356
353:5,16,30,34,39,46,71,74,104,109,122,141,158,207,218,243,265,268,270,278,317,336,337,339,343,350,354
354:61,71,81,92,93,121,123,142,148,171,214,242,312,320,323,353,356
355:1,6,11,12,24,52,76,81,131,134,169,180,194,225,233,240,291,303,310,311,317,321,325,327,329,336,345,346,359
356:0,4,23,35,43,60,87,88,96,111,116,125,155,163,199,252,262,304,311,314,322,335,340,344,349,352,354,359
357:46,57,69,77,90,94,107,108,109,152,172,202,218,223,251,271,283,285,289,304,325,337,350,358
358:15,56,89,120,124,133,143,154,175,207,235,262,278,303,311,315,323,336,340,357,359
359:13,14,18,45,48,52,61,73,99,106,122,131,150,155,170,183,199,201,209,252,264,275,280,287,291,295,302,330,331,351,355,356,358
