0:296,12,31,47,91,95,97,104,160,171,176,184,218,224,234,250,276,280,289,314,320,337,367,373,377,379,403
1:4,10,11,69,89,95,102,128,143,150,163,194,197,208,213,229,240,266,276,293,296,315,364,366,380,386,387,406
2:362,25,38,44,46,65,66,76,123,129,150,157,162,174,177,208,232,246,253,262,267,286,297,315,330,337,338,339,340,345,353,357,407
3:186,15,20,69,83,95,126,128,138,155,171,172,187,203,225,231,237,257,262,282,299,308,322,336,349,369,378,390,391,396
4:1,295,23,32,48,60,70,72,80,104,113,114,138,153,160,169,177,182,186,199,207,213,215,233,237,238,276,277,287,292,320,321,324,325,327,342,365,387,408
5:225,11,29,38,49,81,90,92,93,111,128,138,144,154,158,179,184,189,227,231,242,244,245,248,314,322,326,329,357,368,378,381,386,394
6:234,25,26,34,36,47,68,92,94,99,107,123,124,155,157,174,182,184,202,229,258,275,329,355,371,377,389,398,408
7:155,16,27,35,39,51,60,62,66,92,112,116,131,132,157,166,171,184,214,228,231,232,269,278,285,286,295,314,333,349,357,359,361,371,375,377,384,394,408
8:334,20,22,31,35,38,68,71,76,92,93,96,100,108,109,122,124,132,134,154,163,175,179,205,207,227,242,248,252,257,267,288,306,321,324,325,339,360,367,369,373,384,391
9:313,21,32,42,44,63,83,104,116,142,149,156,166,167,180,202,238,248,283,284,305,309,316,319,326,333,336,364,371,374,379,400
10:1,379,18,24,25,27,68,84,90,104,116,184,190,196,205,210,214,225,235,261,262,285,288,298,302,306,309,313,327,334,360,363,404
11:1,5,206,19,42,74,85,89,120,150,159,172,176,193,195,213,229,232,238,244,254,262,264,268,279,280,282,298,323,338,342,345,365,380,388,399,404,406
12:0,348,13,18,23,61,62,91,102,119,122,149,164,167,189,207,238,241,245,247,249,259,261,264,269,287,307,340,353,354,357,359,380,385
13:12,117,21,23,30,33,40,43,63,65,87,103,105,119,150,151,153,154,156,164,177,205,211,213,219,221,224,232,238,261,273,312,328,329,333,335,356,361,365,383
14:199,16,28,30,50,51,69,105,137,161,162,165,184,202,223,231,234,253,254,261,295,324,331,348,355,369,394,403,404
15:3,17,24,27,30,36,41,85,90,97,98,103,136,147,161,165,167,198,210,231,232,234,237,262,271,300,311,317,333,348,364,368,378,385
16:7,14,331,19,58,75,84,85,87,91,100,101,104,123,126,131,133,153,157,193,195,209,224,226,239,266,281,313,341,343,346,374,383,389
17:15,280,19,31,40,52,61,73,80,89,130,141,143,146,160,189,225,229,236,241,293,302,309,318,326,341,393,400
18:10,12,56,30,43,46,94,108,110,114,151,156,164,167,200,232,251,257,266,269,321,329,339,345,378,393
19:11,16,17,83,20,24,40,41,67,134,136,152,171,193,205,213,216,227,237,259,260,265,279,296,308,315,326,340,341,348,350,369,379,395,396
20:3,8,19,184,22,27,60,94,95,131,134,151,158,163,164,172,175,178,180,186,194,211,228,236,243,259,271,277,284,285,288,353,371,374,384,393,401
21:9,13,25,41,50,52,58,62,63,67,72,85,116,126,139,142,165,168,170,181,195,209,213,236,251,253,259,260,264,281,289,300,315,322,325,347,372,374,382,394,402
22:8,20,218,51,55,58,80,81,89,137,195,208,221,241,245,249,255,283,309,316,328,329,336,346,349,351,353,370,386,394,407
23:4,12,13,165,24,31,36,64,68,83,99,120,121,130,131,145,168,171,179,193,196,203,217,219,245,257,263,285,299,304,307,321,326,345,373,386,394,397
24:10,15,19,23,284,28,46,56,68,78,89,91,140,149,154,169,184,186,195,205,223,227,236,260,268,279,287,295,321,323,325,352,357,375,386
25:2,6,10,21,309,42,49,54,63,69,110,124,140,145,178,188,202,207,209,216,227,257,273,291,339,342,352,358,386
26:6,216,64,67,71,95,117,143,144,151,166,171,173,237,242,246,259,275,284,286,289,294,296,307,322,387,404,407
27:7,10,15,20,296,41,42,43,74,85,86,90,123,149,154,156,181,184,209,217,219,252,259,272,294,314,353,356,366,367,369,372
28:14,24,102,34,36,50,59,75,92,100,109,121,142,144,158,159,175,204,226,236,238,249,252,261,266,268,274,277,279,283,284,289,299,307,309,311,338,355,377,394
29:5,190,30,31,32,40,45,62,67,105,117,160,168,175,179,194,197,204,219,232,269,272,276,278,327,336,349,352,365,375,394,406,409
30:13,14,15,18,29,326,33,42,50,77,78,80,89,147,158,167,169,175,184,195,211,218,223,239,240,242,243,262,272,280,285,289,295,299,312,321,323,334,335,357,368,369,394,396
31:0,8,17,23,29,90,43,45,47,51,76,82,98,105,127,152,166,179,187,199,216,223,224,255,259,276,277,301,314,321,327,328,346,349,393,397
32:4,9,29,227,39,40,55,82,85,88,94,100,102,104,116,126,133,145,152,162,170,203,220,221,233,235,239,279,288,297,298,301,304,309,323,374,378,393,408
33:13,30,44,40,52,71,84,85,101,102,115,133,144,150,155,157,160,174,189,206,221,238,241,260,262,277,278,289,302,307,330,355,361,380,381,388,405
34:6,28,188,49,51,71,83,124,149,159,161,177,185,192,193,195,207,233,245,248,255,283,284,290,292,301,311,314,320,357,369,375,383,389,398,400
35:7,8,292,50,55,61,70,82,85,95,114,119,120,124,168,176,197,201,209,215,217,224,253,261,264,269,276,299,318,326,333,335,370,394,398,400
36:6,15,23,28,132,38,58,86,90,100,126,147,159,180,193,204,206,209,228,235,246,257,264,274,282,306,319,332,342,352,369,378,393,401
37:91,40,97,99,124,135,150,161,190,241,245,248,259,267,275,287,327,360
38:2,5,8,36,201,52,54,56,57,66,68,70,74,86,110,133,149,160,180,188,219,222,252,268,269,272,274,280,287,288,305,318,324,331,335,340,364,377,380,387,388,391,403
39:7,32,258,55,62,81,89,96,141,146,167,172,186,191,217,220,226,237,250,277,280,320,343,378,387,390
40:13,17,19,29,32,33,37,354,45,46,59,86,131,132,136,137,155,157,166,173,213,230,238,296,309,331,342,345,366,391,399
41:15,19,21,27,353,42,45,66,75,97,124,142,173,192,204,212,233,242,245,263,293,315,316,328,356,379,381
42:9,11,25,27,30,41,400,45,67,95,107,130,149,154,166,175,176,177,189,222,226,254,260,281,287,295,301,310,316,317,324,328,337,357,361,366,368,377,394,396,409
43:13,18,27,31,339,49,55,81,86,102,115,117,145,148,189,204,210,254,283,296,297,305,311,327,329,336,346,348,349,358,367,370,381,402,405
44:2,9,33,211,51,60,78,82,107,114,131,133,138,185,199,202,218,230,237,244,274,289,290,309,313,314,322,324,364,366,370,404
45:29,31,40,41,42,72,48,56,65,74,112,120,170,211,217,244,245,251,255,271,274,278,282,283,320,321,338,347,349,351,353,355,364,374,380,386,390,400,403
46:2,18,24,40,315,50,65,82,85,86,99,106,114,119,124,138,154,196,204,211,257,259,293,299,304,308,313,324,334,341,354,363,364,369,373,381,385,399,402
47:0,6,31,210,74,76,86,93,99,101,115,127,192,217,224,229,253,257,274,292,293,302,311,346,363,382,393,394
48:4,45,219,58,116,118,134,162,179,182,197,231,258,270,287,291,314,318,323,326,335,341,345,351,390,406
49:5,25,34,43,180,83,84,94,98,104,110,132,147,166,169,170,171,182,193,201,204,212,218,222,227,230,231,254,257,262,306,309,314,316,320,321,328,329,338,343,353,358,368
50:14,21,28,30,35,46,374,54,59,67,70,88,93,101,115,168,183,184,188,193,201,202,212,234,261,263,267,274,281,285,303,311,315,317,348,351,366,370,376,380,386,390,402
51:7,14,22,31,34,44,187,72,83,87,109,113,133,135,142,156,195,238,271,278,282,300,315,355,366,385,390,408
52:17,21,33,38,274,78,86,92,183,187,191,235,243,249,251,253,258,260,271,277,297,303,323,328,345,352,366,393,394
53:243,55,75,137,150,164,170,172,181,188,195,206,221,265,282,284,307,309,314,321,356,360,363,366,370,383,388,397,398
54:25,38,50,379,60,67,77,80,88,126,149,165,166,177,187,202,269,280,285,289,297,307,312,329,331,332,342,349,350,355,358,362,383,385,392,397,399,409
55:22,32,35,39,43,53,211,71,77,94,116,118,128,132,140,146,165,170,174,177,180,191,201,235,253,261,276,287,290,303,314,315,327,330,332,335,376,382,385,387
56:18,24,38,45,366,63,84,94,100,120,130,136,138,142,153,161,163,178,198,199,214,215,223,224,226,232,240,261,274,281,298,304,306,324,349,373,381,396
57:38,234,63,66,99,111,128,156,163,173,196,211,212,230,232,240,243,246,256,260,272,285,306,307,311,329,354,376,390,394,402
58:16,21,22,36,48,316,70,80,135,144,189,198,209,234,251,261,273,280,333,342,354,369,374,385,393,402,408
59:28,40,50,268,83,86,136,159,174,176,179,180,181,202,218,235,239,240,244,257,279,281,284,288,310,312,315,317,328,346,355,378
60:4,7,20,44,54,73,85,88,97,108,118,124,131,140,153,157,173,178,196,216,238,263,272,287,291,293,295,297,309,347,357,365,376,402,409
61:12,17,35,253,67,100,118,126,144,152,161,171,174,178,188,195,205,209,222,229,232,240,247,261,262,279,283,290,295,299,324,395,403
62:7,12,21,29,39,363,100,108,117,126,127,133,136,139,142,154,164,201,225,239,268,275,279,281,282,287,301,311,316,324,328,330,335,349,359,407
63:9,13,21,25,56,57,340,65,77,83,84,93,99,112,114,133,164,192,193,195,198,199,200,203,204,216,228,229,233,235,238,245,271,279,281,290,297,301,321,334,336,351,353,380,382,384,389,397,405
64:23,26,282,73,79,106,107,115,116,135,136,140,151,166,180,204,217,233,247,255,261,284,294,297,308,315,333,339
65:2,13,45,46,63,227,67,73,76,85,87,101,103,106,108,131,169,183,200,211,229,230,231,246,247,283,290,313,332,333,344,368,372,389
66:2,7,38,41,57,296,89,108,118,134,148,149,151,179,183,185,188,197,226,240,247,250,257,258,273,278,283,306,313,351,352,359,370,386
67:19,21,26,29,42,50,54,61,65,171,92,95,146,157,161,172,177,188,202,221,231,243,260,262,299,314,325,345,356,363,366,368,384
68:6,8,10,23,24,38,364,99,100,105,110,120,121,131,145,165,168,174,182,190,205,206,207,216,225,248,252,264,274,275,277,287,297,340,360,366,369,374,387
69:1,3,14,25,288,76,94,100,136,141,144,159,212,218,219,223,225,232,261,262,287,291,312,342,368,376,377,379,380,382,399
70:4,35,38,50,58,400,85,90,94,98,104,135,138,144,145,146,156,160,206,216,221,231,249,254,267,269,277,279,287,311,331,336,346,348,362,365,369,371,372,376,388
71:8,26,33,34,55,97,82,86,91,122,137,150,158,163,164,173,200,202,205,206,208,238,253,263,267,303,318,326,342,353,357,372,383,406
72:4,21,45,51,327,77,83,94,104,117,132,175,177,178,187,201,208,216,227,242,254,277,279,292,310,332,337,340,348,372,381,391,397
73:17,60,64,65,131,110,152,168,178,197,233,241,246,248,251,260,267,269,271,275,284,287,303,315,317,321,322,325,336,346,352
74:11,27,38,45,47,120,80,81,106,110,113,129,141,146,173,195,199,205,211,220,222,256,257,264,266,331,337,369,376,380,385,386
75:16,28,41,53,409,77,100,101,117,120,123,127,145,179,186,187,193,209,218,221,227,229,234,237,238,242,250,251,263,271,278,303,324,349,353,378,396
76:2,8,31,47,65,69,178,78,85,88,102,125,151,152,163,192,197,200,204,210,226,229,233,279,284,287,302,317,342,345,364,369,370,382,409
77:30,54,55,63,72,75,394,85,89,122,133,138,142,143,152,160,170,173,180,202,218,234,236,247,249,258,259,273,275,289,305,334,351
78:24,30,44,52,76,227,85,90,95,102,103,124,157,169,179,194,197,199,237,242,244,250,255,276,300,307,311,318,378,387,401,403,408
79:64,192,91,111,124,133,141,142,147,175,180,199,235,241,245,259,265,272,297,300,303,354,369,378,382,387
80:4,17,22,30,54,58,74,316,84,87,116,132,150,175,184,185,200,204,210,221,228,243,252,255,270,279,297,298,309,321,342,362,372,375,383,391,399
81:5,22,39,43,74,323,96,98,119,128,129,139,141,167,180,192,193,210,213,246,270,273,285,296,300,311,313,316,337,348,366,368,376,392,405
82:31,32,35,44,46,71,302,94,104,146,151,169,173,195,196,197,207,210,244,250,270,278,279,299,306,321,345,349,353,368,394,404,408
83:3,9,19,23,34,49,51,59,63,72,119,91,94,124,127,166,181,196,214,222,283,290,296,313,315,321,350,364,371,385,400
84:10,16,33,49,56,63,80,366,115,187,204,239,242,253,258,262,276,296,303,316,321,334,352,362
85:11,15,16,21,27,32,33,35,46,60,65,70,76,77,78,130,93,95,99,102,106,142,150,193,209,235,245,262,289,292,299,325,340,351,355,400,406
86:27,36,38,40,43,46,47,52,59,71,263,115,144,147,194,195,212,218,245,246,257,259,267,268,269,274,275,296,297,324,329,349,352,370,373,379,402,404,407
87:13,16,51,65,80,361,92,95,111,122,180,190,198,201,203,205,220,236,242,253,254,258,267,282,283,308,328,347,349,354,365,379,380,383,394
88:32,50,54,60,76,314,89,103,113,114,115,134,143,185,186,192,198,202,207,228,231,234,251,264,268,280,288,294,305,306,311,327,352,358,377,380,391
89:1,11,17,22,24,30,39,66,77,88,211,96,104,127,150,170,178,180,191,198,228,232,234,251,253,254,269,281,284,317,323,329,349,365,369,374,376,394,404
90:5,10,15,27,31,36,70,78,121,113,116,144,147,153,157,161,163,189,224,269,275,278,298,305,311,322,339,341,352,377,396,399,402
91:0,12,16,24,37,71,79,83,155,93,106,113,118,125,151,168,172,175,178,195,202,220,245,271,272,317,324,326,332,356,371
92:5,6,7,8,28,52,67,87,221,101,108,109,111,116,138,155,157,165,172,178,189,204,223,240,243,272,273,279,297,301,309,311,325,337,351,354,364,380,389
93:5,8,47,50,63,85,91,113,152,156,170,177,184,239,254,255,260,285,287,289,299,304,337,357,379,385,390,391,402,407
94:6,18,20,32,49,55,56,69,70,72,82,83,277,95,103,139,157,166,173,181,189,192,210,221,222,224,225,232,235,265,275,283,296,318,329,342,347,362,377
95:0,1,3,20,26,35,42,67,78,85,87,94,180,102,119,127,130,137,156,166,170,188,216,225,231,243,272,294,296,304,325,351,365,386
96:8,39,81,89,317,98,105,121,130,131,150,160,170,173,208,210,218,225,245,247,251,276,277,312,324,334,335,371,391
97:0,15,37,41,60,71,193,117,135,137,138,157,169,178,220,222,238,244,253,255,258,302,314,317,334,338,379,388,408
98:15,31,49,70,81,96,299,106,122,125,156,195,207,211,226,238,241,256,262,267,362
99:6,23,37,46,47,57,63,68,85,191,103,128,132,136,142,151,152,154,163,165,194,197,215,223,243,256,320,323,324,339,341,344,345,349,354,356,359,363,379,380,386,401,407
100:8,16,28,32,36,56,61,62,68,69,75,359,105,123,125,128,130,158,181,184,186,197,209,228,244,249,261,278,279,291,326,328,331,337,339,364,368
101:16,33,47,50,65,75,92,237,123,129,135,151,152,154,159,175,183,187,197,208,218,232,240,241,249,255,266,278,289,296,311,322,326,335,342,357,367,380,383,398
102:1,12,28,32,33,43,76,78,85,95,236,105,129,138,149,153,178,184,198,211,216,223,226,230,281,287,291,313,329,335,350,393,401,407
103:13,15,65,78,88,94,99,167,111,121,122,130,155,173,192,228,260,267,271,282,283,294,298,307,312,313,328,344,356,368,383
104:0,4,9,10,16,32,49,70,72,82,89,198,118,124,128,145,152,174,218,219,241,260,276,281,292,293,297,304,307,309,322,325,340,347,358,369,374,381,387,389,395,396,408,409
105:13,14,29,31,68,96,100,102,143,121,127,134,186,210,217,222,252,274,287,294,306,321,325,346,371,379,395,397,403,404
106:46,64,65,74,85,91,98,186,108,110,111,121,127,136,156,165,195,196,197,198,201,204,207,216,224,225,237,246,270,303,320,325,331,381,392,403
107:6,42,44,64,305,115,116,118,119,148,161,162,172,189,195,207,226,230,250,251,279,289,309,312,320,338,341,344,347,376,402
108:8,18,60,62,65,66,92,106,148,119,140,141,156,162,181,182,199,239,243,249,262,270,279,288,290,294,305,306,313,331,340,348,353,390,394
109:8,28,51,92,180,145,162,184,194,196,206,212,262,288,294,307,316,328,334,355,373,387,397,405
110:18,25,38,49,68,73,74,106,400,116,117,126,147,166,170,177,181,183,187,194,202,221,244,245,260,276,279,285,311,312,320,329,366,372,374,376
111:5,57,79,87,92,103,106,186,123,176,177,189,200,202,213,214,215,233,240,253,292,305,323,324,335,336,394,407
112:7,45,63,321,122,131,140,145,147,161,172,200,241,242,263,265,286,289,310,313,325,330,341,347,397,403
113:4,51,74,88,90,91,93,314,123,136,138,158,164,168,170,179,182,205,211,236,255,256,270,294,303,317,321,330,333,346,357,370,398
114:4,18,35,44,46,63,88,374,119,122,124,132,149,160,195,199,241,242,248,269,274,288,294,319,337,343,347,357,359,361,368,381,400,406
115:33,43,47,50,64,84,86,88,107,307,123,127,143,160,196,214,224,232,245,253,256,266,272,283,285,286,293,296,303,327,363
116:7,9,10,21,32,48,55,64,80,90,92,107,110,254,122,136,151,182,191,192,219,307,308,318,343,384,397,407
117:13,26,29,43,62,72,75,97,110,265,126,145,151,155,157,167,205,207,208,232,238,240,241,251,260,266,276,282,284,298,334,339,351,354,365,386,394,406
118:48,55,60,61,66,91,104,107,375,133,137,153,187,195,228,231,261,278,286,288,301,302,307,319,330,367
119:12,13,35,46,81,83,95,107,108,114,316,126,155,161,165,169,173,189,208,210,216,222,228,241,249,268,271,289,308,317,331,358,381,383,384,395
120:11,23,35,45,56,68,74,75,179,126,144,183,189,192,208,209,218,273,292,324,359,373
121:23,28,68,90,96,103,105,106,206,138,140,220,249,260,292,300,330,352,379
122:8,12,71,77,87,98,103,112,114,116,359,133,141,152,175,194,204,216,217,235,243,258,272,275,329,336,352,358,385,393,395,399,405
123:2,6,16,27,75,100,101,111,113,115,347,125,135,145,147,151,155,188,191,219,227,250,252,253,261,274,304,305,311,332,333,341,367,375,379,393
124:6,8,25,34,35,37,41,46,60,78,79,83,104,114,174,145,153,176,188,204,206,215,238,248,300,321,339,348,353,363,364,369
125:76,91,98,100,123,326,136,182,184,189,206,209,219,239,244,259,277,293,304,312,348,353,379,390,400
126:3,16,21,32,36,54,61,62,110,117,119,120,242,131,136,145,155,159,171,182,184,186,211,234,262,283,291,295,310,311,319,330,332,333,344,360,375
127:31,47,62,75,83,89,95,105,106,115,151,131,161,165,178,180,187,189,194,209,212,220,234,237,275,287,294,303,310,398,408
128:1,3,5,55,57,81,99,100,104,305,129,131,136,150,159,166,171,176,179,187,203,222,237,247,253,285,290,298,301,314,322,328,339,356,360,363,379,387
129:2,74,81,101,102,128,248,131,135,148,170,184,186,227,247,260,262,284,285,291,297,316,337,364,371,375,381,383,398
130:17,23,42,56,85,95,96,100,103,309,148,149,159,174,190,214,216,228,261,262,274,290,302,304,308,318,327,336,353,366,380,402
131:7,16,20,23,40,44,60,65,68,73,96,112,126,127,128,129,377,135,141,152,197,205,210,263,268,291,295,318,320,327,336,347,357,402,405
132:7,8,36,40,49,55,72,80,99,114,375,150,152,159,220,229,234,242,248,256,310,319,320,327,331,344,352,360,365,379,407
133:16,32,33,38,44,51,62,63,77,79,118,122,309,134,138,156,178,186,190,222,225,247,256,257,283,310,321,326,328,334,335,337,338,348,351,353,356,378,394,400
134:8,19,20,48,66,88,105,133,147,168,178,226,234,251,254,256,260,264,308,317,335,341,351,355,359
135:37,51,58,64,70,97,101,123,129,131,174,147,152,169,173,176,196,198,203,236,264,273,286,315,318,321,333,356,389
136:15,19,40,56,59,62,64,69,99,106,113,116,125,126,128,300,139,184,188,193,232,238,240,243,279,284,293,325,344,381,393
137:14,22,40,53,71,95,97,118,172,138,145,167,173,174,183,184,196,214,216,228,244,294,297,316,355,364,373,389,404,405,408
138:3,4,5,44,46,56,70,77,92,97,102,113,121,133,137,327,144,153,156,157,171,187,189,193,208,209,210,236,254,269,277,302,315,324,329,364,369,380,387,390,398,405
139:21,62,81,94,136,246,148,150,182,198,226,245,256,264,294,308,310,332,334,338,364,397
140:24,25,55,60,64,108,112,121,216,142,145,151,159,176,184,242,245,246,252,267,290,307,308,316,317,322,323,331,339,351,357,360,364,375,389,391,395,396
141:17,39,69,74,79,81,108,122,131,364,150,162,166,178,180,189,208,213,234,237,239,270,273,306,323,324,334,355,366,386,389,408
142:9,21,28,41,51,56,62,77,79,85,99,140,367,143,152,154,155,157,172,192,193,203,221,231,249,310,359,360,371,379,390,401,406
143:1,17,26,77,88,105,115,142,286,152,177,181,215,229,254,291,294,301,311,325,326,331,345,380,383,387,403
144:5,26,28,33,58,61,69,70,86,90,120,138,370,145,149,157,165,195,202,216,218,226,233,245,255,277,295,304,320,330,333,338,355,369,381,394,406
145:23,25,32,43,68,70,75,104,109,112,117,123,124,126,137,140,144,403,168,204,218,228,230,235,246,249,260,283,285,295,303,316,327,331,360,362,364,371,399,402,406
146:17,39,55,67,70,74,82,289,150,172,188,189,192,193,205,210,212,244,249,263,264,265,269,274,285,311,318,358,361,363,366,367,383,392
147:15,30,36,49,79,86,90,110,112,123,134,135,311,155,158,160,182,234,239,253,256,262,267,304,319,339,366,385,389
148:43,66,107,108,129,130,139,219,161,176,182,184,191,242,273,277,280,288,302,316,334,369,375,381,386,398,408
149:9,12,24,27,34,38,42,54,66,102,114,130,144,165,158,159,176,235,282,296,325,328,333,364,376,381
150:1,2,11,13,33,37,53,71,80,85,89,96,128,132,139,141,146,384,157,160,169,173,174,195,196,205,217,229,233,259,270,279,315,332,336,340,342,366,370,372,388,406
151:13,18,20,26,64,66,76,82,91,99,101,116,117,123,127,140,268,172,178,193,199,200,212,217,238,275,276,278,284,290,304,306,310,315,318,320,342,348,352,364,395,400,403
152:19,31,32,61,73,76,77,93,99,101,104,122,131,132,135,142,143,354,153,162,163,245,252,258,261,264,265,317,320,323,326,329,353,355,361,374,376,400,405
153:4,13,16,56,60,90,102,118,124,138,152,204,159,186,212,217,253,255,262,269,274,293,312,341,382,392,397,407
154:5,8,13,24,27,42,46,62,99,101,142,197,159,165,214,223,224,233,240,255,265,271,291,294,295,319,366,376,377,389,397
155:3,6,7,33,40,91,92,103,117,119,123,126,142,147,327,162,179,186,188,196,211,218,220,223,226,231,232,245,248,305,320,328,333,347,360,366,388,403
156:9,13,18,27,51,57,70,93,95,98,106,108,133,138,358,164,188,203,210,220,225,237,238,250,267,294,314,341,359,367,369,375,377,390,408
157:2,6,7,16,33,40,60,67,78,90,92,94,97,117,138,142,144,150,234,163,164,166,170,194,209,279,281,289,324,374,390,398,402,406,407
158:5,20,28,30,71,100,113,147,149,182,161,172,187,209,217,275,298,301,302,307,314,319,321,353,367,372,405,409
159:11,28,34,36,59,69,101,126,128,130,132,140,149,153,154,404,171,190,208,229,269,271,288,315,323,364,408
160:0,4,17,29,33,38,70,77,96,114,115,147,150,187,189,190,243,251,254,255,289,290,294,296,302,353,368,372,373,383,396,400,403,404,406
161:14,15,34,37,56,61,67,90,107,112,119,127,148,158,218,163,165,172,175,202,206,213,224,225,255,267,269,272,273,277,281,295,309,326,331,384,397,401
162:2,14,32,48,107,108,109,141,152,155,278,168,183,190,194,202,203,237,238,248,258,289,293,322,343,346,355,409
163:1,8,20,56,57,71,76,90,99,152,157,161,332,169,187,190,223,250,255,257,262,280,316,326,354,355,366,402
164:12,13,18,20,53,62,63,71,113,156,157,172,169,181,188,206,215,217,252,254,256,259,284,289,323,341,342,344,350,352,364,366,375,378,379,383,384,402
165:14,15,21,23,54,55,68,92,99,106,119,127,144,149,154,161,296,173,175,177,196,216,218,221,247,258,281,288,312,327,339,383,386,397
166:7,9,26,31,40,42,49,54,64,83,94,95,110,128,141,157,355,190,193,198,204,222,227,228,229,262,268,304,316,318,334,373,379,384,391,392
167:9,12,15,18,30,39,81,103,117,137,197,179,196,209,217,219,238,239,243,255,284,293,318,340,341,342,359,364
168:21,23,29,35,50,68,73,91,113,134,145,162,316,195,208,216,222,226,240,252,263,271,289,290,296,303,310,332,339,369,370,375,379,392,402,407,408
169:4,24,30,49,65,78,82,97,119,135,150,163,164,275,180,192,193,195,198,235,252,256,261,264,267,300,311,321,328,332,341,354,363,364,378,380,403
170:21,32,45,49,53,55,77,89,93,95,96,110,113,129,157,193,175,197,206,230,243,253,254,265,283,291,311,318,339,374,378,381,396
171:0,3,7,19,23,26,49,61,67,126,128,138,159,233,208,230,241,261,274,355,372,375,382
172:3,11,20,39,53,67,91,92,107,112,137,142,146,151,158,161,164,275,175,184,209,214,233,238,281,291,292,306,315,316,323,333,341,342,378,397,405,406
173:26,40,41,57,60,71,74,77,82,94,96,103,119,135,137,150,165,278,193,286,293,306,307,343,351,358,377,393,394,404
174:2,6,33,55,59,61,68,104,124,130,135,137,150,176,188,194,203,210,212,220,241,267,269,273,291,294,299,349,358,403,405,408
175:8,20,28,29,30,42,72,79,80,91,101,122,161,165,170,172,317,178,225,261,277,282,297,298,315,318,320,348,350,375,405,407,408,409
176:0,11,35,42,59,111,124,128,135,140,148,149,174,306,219,222,241,245,271,274,276,280,287,298,307,312,349,354,356,361,396
177:2,4,13,34,42,54,55,67,72,93,110,111,143,165,239,183,185,208,217,246,272,278,281,283,304,317,321,323,328,346,377,384,398,401,404,406,407
178:20,25,56,60,61,72,73,76,89,91,92,97,102,127,133,134,141,151,175,392,196,221,237,247,257,277,311,334,335,368,374,397,398,400
179:5,8,23,29,31,48,59,66,75,78,113,120,128,155,167,222,199,204,213,216,238,248,251,260,330,351,355,364,373,386,392,404
180:9,20,36,38,49,55,59,64,77,79,81,87,89,95,109,127,141,169,288,198,207,208,227,232,235,252,260,278,287,294,309,323,327,332,333,334,379,389,391,398,399
181:21,27,53,59,83,94,100,108,110,143,164,336,188,196,210,219,228,262,264,282,290,296,314,344,346,349,351,352,387
182:4,6,48,49,68,108,113,116,125,126,139,147,148,158,406,192,193,194,206,238,253,259,273,306,338,363,373,380,399,404
183:50,52,65,66,101,110,120,137,162,177,246,187,215,229,239,242,264,273,279,291,302,309,321,324,348,352,359,367,368,381,394
184:0,5,6,7,10,14,20,24,27,30,50,80,93,100,102,109,125,126,129,136,137,140,148,172,407,191,195,210,211,217,220,243,257,273,289,290,314,315
185:34,44,66,80,88,177,348,192,205,275,283,298,308,345,346,353,368,370,376,383
186:3,4,20,24,39,75,88,100,105,106,111,126,129,133,153,155,330,196,200,211,215,219,241,243,274,284,312,321,367,405,409
187:3,31,51,52,54,72,75,84,101,110,118,127,128,138,158,160,163,183,212,192,209,221,229,242,254,278,285,301,345,351,355,357,361,365,376,383,393,397
188:25,34,38,50,53,61,66,67,95,123,124,136,146,155,156,164,174,181,332,193,198,205,216,217,225,261,275,308,315,321,327,339,376,379,392,403
189:5,12,17,33,42,43,58,90,92,94,107,111,119,120,125,127,138,141,146,160,324,197,229,250,256,271,296,301,303,304,331,349,352,394,398,401
190:10,29,37,68,87,130,133,159,160,162,163,166,296,199,211,222,225,238,252,265,288,299,316,321,342,357,374,378,383,392
191:39,52,55,89,99,116,123,148,184,395,195,206,208,220,221,265,285,308,322,355,361,388,390,396,398,404
192:34,41,47,63,76,79,81,88,94,103,116,120,142,146,169,182,185,187,255,193,196,209,210,217,221,238,248,254,272,300,306,315,335,343,366
193:11,16,19,23,34,36,49,50,63,75,81,85,97,136,138,142,146,151,166,169,170,173,182,188,192,296,203,213,218,227,234,250,256,294,297,312,314,320,346,353,357,382,387,397
194:1,20,29,78,86,99,109,110,122,127,157,162,174,182,248,201,237,244,273,358,360,398,408
195:11,16,21,22,24,30,34,51,53,61,63,74,82,86,91,98,106,107,114,118,144,150,168,169,184,191,196,201,205,215,225,228,257,283,285,296,307,327,339,340,344,359,375,396,404,409
196:10,23,46,57,60,82,83,106,109,115,135,137,150,155,165,167,178,181,186,192,195,275,209,221,224,254,271,291,296,316,324,360,375,389,393,399,403
197:1,29,35,48,66,73,76,78,82,99,100,101,106,131,154,167,170,189,403,201,212,228,238,261,271,288,295,301,311,317,360,380,385
198:15,56,58,63,87,88,89,102,104,106,135,139,166,169,180,188,395,210,212,218,259,273,276,288,312,315,316,320,329,341,377
199:4,14,31,44,56,63,74,78,79,108,114,151,179,190,283,210,230,242,257,259,292,295,296,304,328,336,348,353,355,376,388,394,395
200:18,63,65,71,76,80,111,112,151,186,275,219,221,239,281,282,291,301,317,324,325,330,332,370,374,376,380,389,392,400
201:35,38,49,50,55,62,72,87,106,194,195,197,363,238,248,273,283,289,295,311,313,316,331,337,353,380,385,390
202:6,9,14,25,44,50,54,59,67,71,77,88,91,110,111,144,161,162,262,224,228,232,245,283,291,295,300,309,321,324,332,336,358,360,363,387,396,404
203:3,23,32,63,87,128,135,142,156,162,174,193,406,204,239,246,266,287,297,303,317,321,344,345,349,382,389,407
204:28,29,36,41,43,46,49,63,64,76,80,84,92,106,122,124,145,153,166,179,203,292,227,228,240,294,299,308,320,324,345,351,362,379,386,391
205:8,10,13,19,24,61,68,71,74,87,113,117,131,146,150,185,188,195,398,209,213,219,246,251,253,265,269,298,313,314,320,343,359,377,380,388,389,390,409
206:11,33,36,53,68,70,71,109,121,124,125,161,164,170,182,191,253,231,238,249,251,272,275,276,310,340,348,353,378
207:4,8,12,25,34,68,82,88,98,106,107,117,180,244,230,237,240,247,262,287,297,310,311,329,342,343,352,355,371,392,393,405,408
208:1,2,22,71,72,96,101,117,119,120,138,141,159,168,171,177,180,191,360,212,218,249,252,255,260,265,282,287,306,314,320,325,327,335,339,340,348,355,359,371,384,392,404
209:16,21,25,27,35,36,58,61,75,85,100,120,125,127,138,157,158,167,172,187,192,196,205,395,210,222,232,239,274,281,284,297,311,317,327,352,373,392,396
210:10,15,43,47,76,80,81,82,94,96,105,119,131,138,146,156,174,181,184,192,198,199,209,290,237,245,291,293,298,305,334,354,357,366,369,371,381,386,399,405
211:13,20,30,44,45,46,55,57,65,74,89,98,102,113,126,155,184,186,190,271,212,227,230,232,246,260,263,274,281,283,305,317,333,348,349,361,365,395,406
212:41,49,50,57,69,86,109,127,146,151,153,174,187,197,198,208,211,310,226,239,243,246,247,256,265,291,297,328,348,362,363,364,366,399
213:1,4,11,13,19,21,40,81,111,141,161,179,193,205,299,224,252,262,266,281,283,307,332,338,378,379,392,394
214:7,10,56,83,111,115,130,137,154,172,332,219,228,248,258,273,282,310,318,319,321,337,341,375
215:4,35,56,99,111,124,143,164,183,186,195,244,217,233,238,270,294,298,325,331,350,355,366,376,382,389,391,393,396,397
216:19,25,26,31,60,63,68,70,72,95,102,106,119,122,130,137,140,144,165,168,179,188,351,220,238,253,265,268,273,318,324,336,340,347,348,380,399
217:23,27,35,39,45,47,64,105,122,150,151,153,158,164,167,177,184,188,192,215,313,221,222,243,248,270,273,278,310,316,352,361,375,384,397,401,408
218:0,22,30,44,49,59,69,75,77,86,96,101,104,120,144,145,155,161,165,193,198,208,225,231,243,258,303,328,362,367,406
219:13,23,27,29,38,48,69,104,116,123,125,148,167,176,181,186,200,205,214,342,252,284,286,307,323,324,331,338,344,398,402,409
220:32,39,74,87,91,97,121,127,132,155,156,174,184,191,216,318,228,232,233,250,256,257,269,275,306,314,331,349,393,399
221:13,22,32,33,53,67,70,75,80,92,94,110,142,165,178,187,191,192,196,200,217,295,229,240,270,274,278,282,300,328,332,334,336,361,371,375,393,394,405
222:38,42,49,61,74,83,94,97,105,119,128,133,166,168,176,179,190,209,217,246,224,228,234,245,251,260,273,274,347,359,364,370,390,396,404
223:14,24,30,31,56,69,92,99,102,154,155,163,307,240,249,262,268,279,306,329,360,367,373,389,397,406
224:0,13,16,31,35,47,56,90,94,106,115,154,161,196,202,213,222,342,229,243,244,248,260,262,279,280,281,298,305,306,315,341,343,359,386,389
225:3,5,10,17,62,68,69,94,95,96,106,133,156,161,175,188,190,195,218,242,261,276,277,284,286,294,300,322,323,332,356,380
226:16,28,39,42,56,66,76,98,102,107,134,139,144,155,168,212,232,231,240,286,301,324,348,369,377,383
227:5,8,19,24,25,32,49,65,72,75,78,123,129,166,180,193,204,211,333,257,265,289,291,301,309,312,325,327,330,331,335,339,343,358,360,377,390,409
228:7,20,36,63,80,88,89,100,103,118,119,130,137,145,166,181,195,197,202,204,214,220,222,285,238,253,258,279,292,294,350,361,364,365,366,373,392,399
229:1,6,11,17,47,61,63,65,75,76,132,143,150,159,166,183,187,189,221,224,244,266,276,287,325,349,374,383,391,406
230:40,44,49,57,65,102,107,145,170,171,199,207,211,367,259,299,320,343,362,363,380,389,397
231:3,5,7,14,15,48,49,65,67,70,88,95,118,142,155,206,218,226,332,255,265,273,274,282,287,289,292,294,298,308,340,342,362,388,398,405
232:2,7,11,13,15,18,29,56,57,61,69,89,94,101,115,117,136,155,180,202,209,211,220,226,263,244,260,265,280,301,321,334,340,344,347,356,361,363,393
233:4,32,34,41,63,64,73,76,111,144,150,154,171,172,215,220,342,268,341,354,360,381,389,406
234:0,6,14,15,50,57,58,75,77,88,89,126,127,132,134,141,147,157,193,222,322,242,251,252,256,262,269,281,302,318,345,355,363,381,388,390,396
235:10,32,36,52,55,59,63,79,85,94,122,145,149,169,180,315,242,244,260,269,275,277,299,302,319,331,333,338,352,374,375,378,387,394
236:17,20,21,24,28,77,87,102,113,135,138,393,247,261,264,267,283,295,323,330,335,359,367,405
237:3,4,15,19,26,39,44,75,78,101,106,127,128,141,156,162,178,194,207,210,369,267,273,281,292,296,298,301,312,325,341,348,361,363,372
238:4,9,11,12,13,28,33,40,51,60,63,71,75,97,98,117,124,136,151,156,162,167,172,179,182,190,192,197,201,206,215,216,228,285,251,252,262,265,281,309,334,339,344,345,358,362,368,369,407
239:16,30,32,59,62,84,93,108,125,141,147,167,177,183,200,203,209,212,240,246,247,259,312,328,353,363,382,390,393,398,400
240:1,30,56,57,59,61,66,92,101,111,117,136,154,168,204,207,221,223,226,239,388,241,254,259,300,315,338,342,347,376,407
241:12,17,22,33,37,73,79,98,101,104,112,114,117,119,171,174,176,186,240,409,266,269,281,297,309,323,325,333,362,366,373,377,379,384,400
242:5,8,26,30,41,72,75,78,84,87,112,114,126,132,140,148,183,187,199,225,234,235,348,254,279,297,301,305,349,363,365,368,382,383,385,401
243:20,30,52,53,57,67,80,92,95,99,108,122,136,160,167,170,184,186,212,217,218,224,379,246,247,251,256,271,273,290,294,309,315,327,336,368,394,396,401
244:5,11,44,45,59,78,82,97,100,110,125,137,146,194,207,215,224,229,232,235,359,270,284,301,308,315,316,332,333,352,358,360,370,373,396
245:5,12,22,23,34,37,41,45,63,79,85,86,91,96,110,115,139,140,144,152,155,176,202,210,222,334,248,272,275,335,337,345,397
246:2,26,36,57,65,73,81,86,106,139,140,145,177,183,203,205,211,212,222,239,243,305,258,261,295,309,316,330,348,372,385
247:12,61,64,65,66,77,96,128,129,133,165,178,207,212,236,239,243,340,250,255,260,288,292,299,308,313,327,328,349,372,395
248:5,8,9,34,37,68,73,114,124,129,132,155,162,179,192,194,201,214,217,224,245,312,259,262,274,290,291,302,307,315,322,335,343,364,369,396,404,409
249:12,22,28,52,70,77,100,101,108,119,121,142,145,146,206,208,223,310,267,269,274,281,294,352,376
250:0,39,66,75,78,82,107,123,156,163,189,193,220,247,256,274,286,313,340,354,371,384,387
251:18,21,45,52,58,73,75,88,89,96,107,117,134,160,179,205,206,222,234,238,243,279,269,271,281,315,322,334,398,401
252:8,27,28,38,68,80,105,123,140,152,164,168,169,180,190,208,213,219,234,238,325,274,292,300,303,328,350,355,365,377,402,405
253:2,14,21,35,47,52,55,61,71,84,87,89,97,111,115,123,128,147,153,170,182,205,206,216,228,276,280,283,296,312,315,316,320,332,359,362,375,376,390,399
254:11,14,42,43,49,70,72,87,89,93,116,134,138,143,160,164,170,187,192,196,240,242,362,260,263,275,276,311,332,353,399,402
255:22,31,34,45,64,78,80,93,97,101,113,144,153,154,160,161,163,167,192,208,231,247,328,274,284,324,333,335,337,357,365,369,381,382,407
256:57,74,98,99,113,115,132,133,134,139,147,164,169,189,193,212,220,234,243,250,344,265,277,283,306,311,317,333,348,350,358,368,369,371,378,389
257:3,8,18,23,25,36,46,47,49,59,66,74,86,133,163,178,184,195,199,220,227,316,260,278,284,313,346,353,364,374,385,387,388,408
258:6,39,48,52,66,77,84,87,97,122,152,162,165,214,218,228,246,385,261,292,296,300,303,309,347,371,382,394,409
259:12,19,20,21,26,27,31,37,46,77,79,86,125,150,164,182,198,199,230,239,240,248,288,262,281,303,317,322,326,327,339,341,381,404
260:19,21,24,33,42,52,57,67,73,93,103,104,110,117,121,129,134,145,179,180,208,211,222,224,232,235,247,254,257,314,268,282,286,303,308,345,348,351,401,405,408
261:10,12,13,14,28,35,50,55,56,58,61,64,69,100,118,123,130,152,169,171,175,188,197,225,236,246,258,404,264,266,271,299,316,320,323,328
262:2,3,10,11,15,30,33,49,61,67,69,84,85,98,108,109,126,129,130,147,153,163,166,181,202,207,213,223,224,234,238,248,259,407,273,283,284,297,319,321,344,352,369,381,383
263:23,41,50,60,71,75,86,112,131,146,168,211,232,254,322,264,271,298,332,341,346,394,402
264:11,12,21,35,36,68,74,88,134,135,139,146,152,169,181,183,236,261,263,394,266,271,290,344,353,354,362,371,372,373,378,392,402
265:19,53,79,94,112,117,146,152,154,170,190,191,205,208,212,216,227,231,232,238,256,329,269,315,330,341,343,348,352,360,366,369,371,386
266:1,16,18,28,74,101,115,117,203,213,229,241,261,264,364,282,294,303,311,317,359,380,386,399
267:2,8,37,50,70,71,73,86,87,98,103,140,147,156,161,169,174,236,237,249,296,272,285,323,331,338,344,345,371,387,393
268:11,24,28,38,59,62,86,88,119,131,151,166,216,223,233,260,367,287,304,309,313,321,334,357,359,360,372,382
269:7,12,18,29,35,38,54,70,73,86,89,90,114,138,146,153,159,161,174,205,220,234,235,241,249,251,265,360,272,297,300,313,340,345,354,361,366,370,376,380,395
270:48,80,81,82,106,108,113,141,150,215,217,221,244,392,277,283,289,299,305,318,328,366,374,383,394
271:15,20,45,51,52,63,73,75,91,103,119,154,159,168,176,189,196,197,211,243,251,261,263,264,402,283,287,295,296,297,306,307,315,320,321,338,339,341,371,374,375,386,393,400,408
272:27,29,30,38,57,60,79,91,92,95,115,122,161,177,192,206,245,267,269,350,289,298,330,331,349,360
273:13,25,58,66,77,81,92,120,135,141,148,161,174,182,183,184,194,198,201,214,216,217,222,231,237,243,262,304,277,307,308,327,334,336,345,346,350,362,371,375,397
274:28,36,38,44,45,47,50,52,56,68,86,105,114,123,130,146,153,171,176,186,209,211,221,222,231,248,249,250,252,255,323,280,368,373,388,390
275:6,26,37,62,68,73,77,86,90,94,122,127,151,158,169,172,185,188,196,200,206,220,235,245,254,283,276,278,293,294,300,303,322,330,337,339,369,376,383,391
276:0,1,4,29,31,35,55,78,84,96,104,110,117,151,176,198,206,225,229,253,254,275,382,278,280,284,310,327,329,334,365,369,377,389
277:4,20,28,31,33,39,52,68,70,72,94,96,125,138,144,148,161,175,178,225,235,256,270,273,339,294,316,321,361,370,387,396,399,405
278:7,29,33,45,51,66,75,82,90,100,101,118,151,162,173,177,180,187,217,221,257,275,276,312,302,316,322,330,362,363,378,391,408
279:11,19,24,28,32,59,61,62,63,70,72,76,80,82,92,100,107,108,110,136,150,157,183,223,224,228,242,251,346,280,312,330,340,358,362,365,384,407,408
280:0,11,17,30,38,39,54,58,88,148,163,176,224,232,253,274,276,279,281,295,305,341,359,377,380,390,393,400,401,409
281:16,21,42,50,56,59,62,63,89,102,104,157,161,165,172,177,200,209,211,213,224,234,237,238,241,249,251,259,280,386,312,315,339,362,380,401
282:3,11,36,45,51,53,62,64,87,103,117,149,175,181,200,208,214,221,231,260,266,338,284,296,310,326,331,349,380
283:9,22,28,34,43,45,61,65,66,83,87,94,103,115,126,133,145,170,177,185,195,199,201,202,211,213,236,253,256,262,270,271,275,403,289,294,299,302,324,331,333,350,357,373,384
284:9,20,24,26,28,34,53,59,64,73,76,89,117,129,136,151,164,167,186,209,219,225,244,255,257,262,276,282,311,290,296,307,315,351,360,368,377,386,389,390,394,408
285:7,10,20,23,30,50,54,57,81,93,110,115,128,129,145,146,187,191,195,228,238,267,295,290,307,320,339,356,369,374,387,397
286:2,7,26,112,115,118,135,143,173,219,225,226,250,260,340,297,311,316,322,336,339,349,368,378,388,390,393,398
287:4,12,24,37,38,42,48,55,60,62,68,69,70,73,76,93,102,105,127,176,180,203,207,208,229,231,268,271,346,309,319,327,330,340,345,355,366,374
288:8,10,20,32,38,59,69,88,108,109,114,118,148,159,165,180,190,197,198,247,259,306,292,316,333,358,360,362,363,365,403
289:0,21,26,28,30,33,44,54,77,85,93,101,107,112,119,146,157,160,162,164,168,184,201,227,231,270,272,283,393,296,320,323,333,337,364,376,384,396,400,403
290:34,44,55,61,63,65,83,108,128,130,140,151,160,168,181,184,210,243,248,264,284,285,295,325,333,359,370,399,408
291:25,48,60,69,100,102,126,129,131,143,154,170,172,174,183,196,200,202,210,212,227,248,360,307,348,371,388,394,398,406,407
292:4,34,35,47,72,85,104,111,120,121,172,199,204,228,231,237,247,252,258,288,312,296,301,304,310,316,319,321,329,334,350,360,369,387,397
293:1,17,41,46,47,60,104,115,125,136,153,162,167,173,210,275,336,313,316,344,356,385,386
294:26,27,64,88,95,103,105,108,109,113,114,127,137,139,143,154,156,160,174,180,193,204,215,225,228,231,243,249,266,275,277,283,322,334,351,400,401,403
295:4,7,14,24,30,42,60,61,126,131,144,145,154,161,197,199,201,202,221,236,246,271,280,285,290,375,306,338,343,360,365,390
296:0,1,19,26,27,40,43,66,81,83,84,86,94,95,101,115,149,160,165,168,181,189,190,193,195,196,199,237,253,258,267,271,282,284,289,292,326,303,312,324,341,347,352,363,384,386,398
297:2,32,43,52,54,60,63,64,68,79,80,86,92,104,129,137,175,193,203,207,209,212,241,242,262,269,271,286,299,326,327,367,371,374,391,406,408,409
298:10,11,32,56,80,90,103,117,128,158,175,176,185,205,210,215,224,231,237,263,272,302,301,310,334,346,355,369,380,387,389,401,405,406
299:3,23,28,30,35,46,61,67,82,85,93,98,174,190,204,213,230,235,247,261,270,283,297,341,327,334,336,355,371,372,382,408
300:15,21,51,78,79,81,121,124,136,169,192,202,221,225,240,252,258,269,275,378,307,319,325,331,332,341,345,347,351,375,391,398,404,405
301:31,32,34,42,62,63,92,118,128,143,158,187,189,197,200,226,227,232,237,242,244,292,298,398,309,315,318,323,325,347,353,367,397,402
302:10,17,33,47,76,82,97,118,130,138,148,158,160,183,234,235,248,278,283,298,374,315,317,328,340,348,353,358,379
303:50,52,55,71,73,75,79,84,106,113,115,127,145,168,189,203,218,252,258,259,260,266,275,296,342,306,307,308,317,339,341,356,364,366,374,375,376,393,399
304:23,32,46,56,93,95,104,123,125,130,144,147,151,166,177,189,199,268,273,292,380,308,316,317,345,356,365,367,400,408
305:9,38,43,77,88,90,107,108,111,123,128,155,210,211,224,242,246,270,280,383,341,342,362,363,367,373,379,405
306:8,10,36,49,56,57,66,82,88,105,108,141,151,172,173,176,182,192,208,220,223,224,256,271,288,295,303,363,320,322,330,338,340,343,357,378,382,388,392
307:12,23,26,28,33,53,54,57,78,103,104,109,115,116,118,140,158,173,176,195,213,219,223,248,271,273,284,285,291,300,303,372,342,346,348,360,376,384,405,407
308:3,19,46,64,87,116,119,130,134,139,140,185,188,191,204,231,244,247,260,273,303,304,324,314,332,338,342,343,354,362,364,366,390,405
309:9,10,17,22,25,28,32,40,44,49,53,60,80,92,104,107,130,133,161,180,183,202,227,238,241,243,246,258,268,287,301,337,318,320,321,324,329,331,356,381,389,403,408
310:42,59,72,112,126,127,132,133,139,142,151,168,206,207,212,214,217,249,276,282,292,298,323,347,375,378,399
311:15,28,34,43,47,50,57,62,70,78,81,88,90,92,101,110,123,126,143,146,147,169,170,178,197,201,207,209,254,256,266,284,286,394,350,367,400
312:13,30,54,59,69,96,103,107,110,125,153,165,176,186,193,198,227,237,239,248,253,278,279,281,292,296,362,316,325,326,341,345,360,361,370,376,388,395,401,407
313:9,10,16,44,46,65,66,81,83,102,103,108,112,201,205,217,247,250,257,268,269,293,319,342,346
314:0,5,7,27,31,34,44,48,49,53,55,67,88,97,113,128,156,158,181,184,193,205,208,220,260,308,317,336,354,356,395,407
315:1,2,19,21,41,46,50,51,55,59,64,73,83,135,138,150,151,159,172,175,184,188,192,198,224,235,240,243,244,248,251,253,265,271,281,284,301,302,357,326,337,354,368,379,392,398,404
316:9,22,41,42,49,58,62,80,81,84,109,119,129,137,140,145,148,163,166,168,172,190,196,198,201,217,244,246,253,257,261,277,278,286,288,292,293,304,312,392,321,337,354,369,371,403
317:15,42,50,59,73,76,89,91,96,97,113,119,134,140,152,175,177,197,200,203,209,211,256,259,266,302,303,304,314,380,334,339,342,346,348,354,355,358,365,373,389,394
318:17,35,38,48,71,78,94,116,130,131,135,146,151,166,167,170,175,214,216,220,234,270,301,309,380,320,376,384,392
319:9,36,114,118,126,132,147,154,158,214,235,262,287,292,300,313,393,351,382,399,409
320:0,4,34,39,45,49,99,106,107,110,131,132,144,151,152,155,175,193,198,204,205,208,230,253,261,271,285,289,306,309,318,400,343,353,354,356,372,397,401
321:4,8,18,23,24,30,31,45,49,53,63,73,80,82,83,84,105,112,113,124,133,135,158,169,177,183,186,188,190,202,203,214,232,262,268,271,277,292,309,316,335,329,342,361,363,368,381,387,392,400,403,409
322:3,5,21,26,44,73,90,101,104,128,140,162,191,225,234,248,251,259,263,275,278,286,294,306,378,323,328,331,344,354,368,404
323:11,24,30,32,48,52,81,89,99,111,140,141,152,159,164,172,177,180,219,225,236,241,261,267,274,289,301,310,322,365,326,336,346,348,357,400
324:4,8,14,38,42,44,46,56,61,62,75,86,91,96,99,111,120,138,141,157,183,189,196,200,202,204,216,219,226,255,283,296,308,309,364,339,345,382,384,408
325:4,8,21,24,67,73,85,92,95,104,105,106,112,136,143,149,200,208,215,227,229,237,241,252,290,300,301,312,357,346,371,385,386,396,400,401,405,409
326:5,9,17,19,23,30,35,48,71,91,100,101,125,133,143,152,161,163,259,282,296,297,312,315,323,391,361,369,389,399,408
327:4,10,29,31,37,43,55,72,88,115,130,131,132,138,145,155,165,180,188,195,208,209,227,243,247,259,273,276,287,297,299,399,342,370,378,407
328:13,22,31,41,42,49,52,59,62,87,100,103,109,128,133,149,155,169,177,199,212,218,221,239,247,252,255,261,270,302,322,362,333,350,351,375,384,390,398
329:5,6,13,18,22,43,49,54,57,86,89,94,102,110,122,138,152,198,207,223,265,276,292,309,321,365,338,352,364,366,376,387,392,394,408
330:2,33,55,62,112,113,118,121,126,144,179,186,200,227,236,246,265,272,275,278,279,287,306,395,345,351,365,389,406
331:14,16,38,40,54,70,74,100,106,108,119,132,140,143,145,161,189,201,215,219,220,227,235,267,272,282,283,300,309,322,338,341,342,367,384,385
332:36,54,55,65,72,91,123,126,139,150,163,168,169,180,188,200,202,213,214,221,225,231,244,253,254,263,300,308,334,348,373,389
333:7,9,13,15,35,58,64,65,113,123,126,135,144,149,155,172,180,211,227,235,241,244,255,256,283,288,289,290,328,349,361,393,396,397
334:8,10,30,46,63,77,84,96,97,109,117,133,139,141,148,166,178,180,210,221,232,238,245,251,268,273,276,292,294,298,299,317,332,366,335,338,356,358,361,362,387,396
335:13,30,35,38,48,55,62,96,101,102,111,133,134,178,192,208,227,236,245,248,255,321,334,363,355,357,373,380,398
336:3,9,22,29,43,63,70,73,111,122,130,131,150,181,199,202,216,221,243,273,286,293,299,314,323,337,344,348,351,353,368,369,388,402,405
337:0,2,42,72,74,81,92,93,100,114,129,133,201,214,245,255,275,289,309,315,316,336,340,356,362,377,383,407
338:2,11,28,45,49,97,107,133,139,144,182,213,219,235,240,267,271,282,295,306,308,329,331,334,351,350,391,393,395,401
339:2,8,18,25,43,64,90,99,100,117,124,128,140,147,165,168,170,188,195,208,227,238,259,271,275,277,281,285,286,303,317,324,408,366,371,372,373,379,383,387,392
340:2,12,19,38,63,68,72,85,104,108,150,167,195,206,208,216,231,232,247,250,269,279,286,287,302,306,337,344,347,360,365,391,398,400
341:16,17,19,46,48,90,99,107,112,123,134,153,156,164,167,169,172,198,214,224,233,237,259,263,265,271,280,296,299,300,303,305,312,331,390,368,395
342:4,11,25,36,40,54,58,69,71,76,80,94,101,150,151,164,167,172,190,207,219,224,231,233,240,303,305,307,308,313,317,321,327,331,371,356,366,384,389,393,396,397,409
343:16,39,49,114,116,162,173,192,205,207,224,227,230,248,265,295,306,308,320,384,346,359,362,367,378,391
344:65,99,103,107,126,132,136,164,181,195,203,219,232,238,256,262,264,267,293,322,336,340,382,384,386,394,396,403
345:2,11,18,23,40,48,52,67,76,82,99,143,185,187,203,204,234,238,245,260,267,269,273,287,300,304,312,324,330,406,346,348,353,354,360,378,408
346:16,22,31,43,47,59,70,73,105,113,162,177,181,185,193,257,263,273,279,287,298,307,313,317,323,325,343,345,378,354,358,374,381,386,388
347:21,45,60,87,94,104,107,112,114,123,131,155,216,222,232,240,258,296,300,301,310,340,382,354,365,366,371
348:12,14,15,19,43,50,70,72,81,108,124,125,133,151,175,183,185,199,206,208,211,212,216,226,237,242,246,256,260,265,291,302,307,317,323,332,336,345,364,380,395,400
349:3,7,22,29,31,43,45,54,56,62,75,82,86,87,89,99,174,176,181,189,203,211,220,229,242,247,272,282,286,333,353,356,361,369,372
350:19,54,83,102,164,175,215,228,252,256,272,273,283,292,311,328,338,379,398
351:22,45,48,50,63,66,77,85,92,95,117,133,134,140,173,179,181,187,204,216,260,284,294,300,319,328,330,336,338,409,352,353,363,385,389,394
352:24,25,29,36,52,66,73,84,86,88,90,121,122,132,151,164,181,183,189,207,209,217,235,244,249,262,265,296,329,351,366,354,368,375,381,386,387
353:2,12,20,22,27,41,45,49,63,71,75,82,108,124,125,130,133,152,158,160,185,193,199,201,206,239,254,257,264,301,302,320,336,345,349,351,367,371,401
354:12,40,46,57,58,79,87,92,99,117,152,163,169,176,210,233,250,264,269,308,314,315,316,317,320,322,345,346,347,352,396,360,377,389,391
355:6,14,28,33,45,51,54,59,85,109,134,137,141,144,152,162,163,166,171,179,187,191,199,207,208,215,234,252,287,298,299,317,335,367,389,394
356:13,27,41,53,67,91,99,103,128,133,135,176,225,232,285,293,303,304,309,314,320,334,337,342,349,358,368,376,381,388,396
357:2,5,7,12,24,30,34,42,60,71,93,101,113,114,131,140,187,190,193,210,255,268,283,306,315,323,325,335,407,366
358:25,43,49,54,88,104,119,122,146,156,173,174,194,202,227,238,244,256,279,288,302,317,334,346,356,381,384,400
359:7,12,62,66,99,100,114,120,122,134,142,156,167,183,195,205,208,222,224,236,244,253,266,268,280,290,343,375,377,394
360:8,10,37,53,68,126,128,132,140,142,145,155,194,196,197,202,208,223,227,233,244,265,268,269,272,284,288,291,292,295,307,312,340,345,354,387,375,383,406
361:7,13,33,42,87,114,146,152,176,187,191,211,217,221,228,232,237,269,277,312,321,326,333,334,349,389,367,388,406
362:2,54,70,80,84,94,98,145,204,212,218,230,231,238,241,253,254,264,273,278,279,281,288,305,308,312,328,334,337,343,387,366,369,379,380,392,397,400
363:10,46,47,53,62,67,99,115,124,128,146,169,182,201,202,212,230,232,234,237,239,242,278,288,296,305,306,321,335,351,408,376,381,384,387,407
364:1,9,15,38,44,45,46,68,76,83,92,100,124,129,137,138,139,140,141,145,149,151,159,164,167,169,179,212,222,228,248,257,266,289,303,308,324,329,348,393,366,385,403,404
365:4,11,13,29,60,70,87,89,95,117,132,187,211,228,242,252,255,276,279,288,295,304,317,323,329,330,340,347,401,383,399,405
366:1,27,40,42,44,50,51,52,53,56,67,68,81,84,110,130,141,146,147,150,154,155,163,164,192,210,212,215,228,241,265,269,270,287,303,308,329,334,339,342,347,352,357,362,364,387,409
367:0,8,27,43,101,118,123,142,146,156,158,183,186,218,223,230,236,268,297,301,304,305,311,331,343,353,355,361,371,368,374,377,399,401,404
368:5,15,30,42,49,65,67,69,81,82,100,103,114,160,178,183,185,238,242,243,256,274,284,286,315,321,322,336,341,352,356,367,395,370,374,384
369:3,8,14,19,27,30,34,36,46,58,68,70,74,76,79,89,104,124,138,144,148,156,168,210,226,237,238,248,255,256,262,265,275,276,285,292,298,316,326,336,349,362,402,371,398,400
370:22,35,43,44,50,53,66,76,86,113,144,150,168,185,200,222,244,269,277,290,312,327,368,404,405,408
371:6,7,9,20,70,83,91,96,105,129,142,145,207,208,210,221,250,256,258,264,265,267,271,273,291,297,299,316,325,339,342,347,353,367,369,379,383,385,387,406
372:21,27,65,70,71,72,80,110,150,158,160,171,237,246,247,264,268,299,307,320,339,349,381,394,399,407
373:0,8,23,46,56,86,109,120,137,160,166,179,182,209,223,228,241,244,264,274,283,305,317,332,335,339,378,379,380,384
374:9,16,20,21,32,45,50,58,68,89,104,110,114,152,157,170,178,190,200,229,235,257,270,271,285,287,297,302,303,346,367,368,382,407
375:7,24,29,34,80,118,123,126,129,132,140,148,156,164,168,171,175,195,196,214,217,221,235,253,271,273,295,300,303,310,328,352,359,360,399,391
376:50,55,57,60,69,70,74,81,89,107,110,149,152,154,185,187,188,199,200,215,240,249,253,269,275,289,303,307,312,318,329,356,363,382,394,400
377:0,6,7,28,38,42,69,88,90,94,131,154,156,173,177,198,205,226,227,241,252,276,280,284,337,354,359,367,395,396
378:3,5,15,18,32,36,39,59,75,78,79,133,164,169,170,172,190,206,213,235,256,264,278,286,300,306,310,322,327,343,345,346,373,381,408
379:0,9,10,19,41,54,69,86,87,93,97,99,105,121,123,125,128,132,142,164,166,168,180,188,204,213,241,243,302,305,315,339,350,362,371,373,402,380,391,397
380:1,11,12,33,38,45,50,63,69,74,87,88,92,99,101,130,138,143,169,182,197,200,201,205,216,225,230,266,269,280,281,282,298,304,317,318,335,348,362,373,379,391,392
381:5,33,41,43,46,56,72,104,106,114,119,129,136,144,148,149,170,183,210,233,234,255,259,262,309,321,346,352,356,358,363,372,378,406,389,391,393
382:21,47,55,63,69,76,79,153,171,193,203,215,239,242,255,258,268,276,299,306,319,324,344,347,374,376,400,395,397,405
383:13,16,34,53,54,71,80,87,101,103,119,129,143,146,160,164,165,185,187,190,226,229,242,262,270,275,305,337,339,360,365,371,404
384:7,8,20,63,67,116,119,150,161,164,166,177,208,217,241,250,279,283,289,296,307,318,324,328,331,342,343,344,358,363,368,373,398,404,405
385:12,15,46,51,54,55,58,74,83,93,122,147,197,201,242,246,257,258,293,325,331,351,364,371,387,392
386:1,5,22,23,24,25,45,50,66,74,95,99,117,141,148,165,179,204,210,224,265,266,271,281,284,293,296,325,344,346,352,409,389,394
387:1,4,26,38,39,55,68,78,79,104,109,128,138,143,181,193,202,235,250,257,267,277,285,292,298,321,329,334,339,352,360,362,363,366,371,385,403,390,404
388:11,33,38,53,70,97,150,155,191,199,205,231,234,240,257,274,286,291,306,312,336,346,356,361,389,391,395
389:6,16,34,63,65,92,104,135,137,140,141,147,154,180,196,200,203,205,215,223,224,230,233,256,276,284,298,309,317,326,330,332,342,351,354,355,361,381,386,388,409
390:3,39,45,48,50,51,57,93,108,125,138,142,156,157,191,201,205,222,227,234,239,253,274,280,284,286,295,308,328,341,387,402
391:3,8,38,40,72,80,88,93,96,140,166,180,204,215,229,275,278,297,300,326,338,340,343,354,375,379,380,381,388,397,405,407
392:54,81,106,146,153,166,168,178,179,188,190,200,207,208,209,213,228,264,270,306,315,316,318,321,329,339,362,380,385,393,396,406
393:17,18,20,31,32,36,47,52,58,102,122,123,136,173,187,196,207,215,220,221,232,236,239,267,271,280,286,289,303,319,333,338,342,364,381,392,397,405,407
394:5,7,14,21,22,23,28,29,30,35,42,47,52,57,77,82,87,89,108,111,117,133,144,173,183,189,199,213,221,235,243,258,263,264,270,284,291,311,317,329,344,351,355,359,372,376,386,397,402
395:19,61,104,105,119,122,140,151,191,198,199,209,211,247,269,312,314,330,338,341,348,368,377,382,388,406
396:3,19,30,42,56,75,90,104,140,160,170,176,191,195,202,209,215,222,234,243,244,248,277,289,325,333,334,342,344,354,356,377,392,408,407
397:23,31,53,54,63,72,105,109,112,116,139,153,154,161,165,172,178,187,193,215,217,223,230,245,273,285,292,301,320,333,342,362,379,382,391,393,394,403
398:6,34,35,53,101,113,127,129,138,148,157,177,178,180,189,191,194,205,219,231,239,251,286,291,296,300,301,315,328,335,340,350,369,384,402,407
399:11,40,46,54,69,80,90,122,145,180,182,196,210,212,216,220,228,253,254,266,277,290,303,310,319,326,327,365,367,372,375,408,409
400:9,17,34,35,42,45,70,83,85,110,114,125,133,151,152,160,178,200,239,241,271,280,289,294,304,311,320,321,323,325,340,348,358,362,369,376,382,406,403
401:20,36,78,99,102,142,161,177,189,217,242,243,251,260,280,281,294,298,312,320,325,338,353,365,367,402,404
402:21,43,46,50,57,58,60,86,90,93,107,130,131,145,157,163,164,168,219,252,254,263,264,271,301,336,369,379,390,394,398,401,404
403:0,14,38,45,61,78,105,106,112,143,145,151,155,160,169,174,188,196,197,283,288,289,294,309,316,321,344,364,387,397,400,407,405
404:10,11,14,26,44,82,86,89,105,137,159,160,173,177,179,182,191,195,202,208,222,248,259,261,300,315,322,364,367,370,383,384,387,401,402,407
405:33,43,63,81,109,122,131,137,138,152,158,172,174,175,186,207,210,221,231,236,252,260,277,298,300,305,307,308,325,336,365,370,382,384,391,393,403,407
406:1,11,29,48,71,85,114,117,142,144,145,150,157,160,172,177,182,203,211,218,223,229,233,291,297,298,330,345,360,361,371,381,392,395,400,407
407:2,22,26,62,86,93,99,102,111,116,132,153,157,168,175,177,184,203,238,240,255,262,279,291,307,312,314,327,337,357,363,372,374,391,393,396,398,403,404,405,406,408
408:4,6,7,32,51,58,78,82,97,104,127,137,141,148,156,159,168,174,175,194,207,217,257,260,271,278,279,284,290,297,299,304,309,324,326,329,339,345,363,370,378,396,399,407,409
409:29,42,54,60,75,76,104,158,162,175,186,195,205,219,227,241,248,258,280,297,319,321,325,342,351,366,386,389,399,408
