0:197,6,9,13,14,22,24,32,62,74,75,79,88,94,109,125,164,178,205,228,245,253,266,306,307,308,317,318,340,341,406
1:175,5,23,25,30,32,67,75,81,113,133,152,161,176,188,191,192,202,205,206,209,242,271,275,281,296,319,333,337,338,342,343,359
2:156,11,15,33,41,53,66,69,106,107,145,161,168,180,201,224,226,232,250,269,276,281,332,363,382,383
3:317,6,10,11,36,67,72,73,76,92,95,99,104,113,122,147,162,175,182,185,204,207,209,251,279,281,288,289,290,291,295,300,328,332,367,371,374,408
4:198,15,21,24,49,55,83,115,116,137,145,156,160,163,171,176,192,206,216,224,226,232,251,257,268,271,276,280,284,296,299,338,348,358,366,369,371,395,407
5:1,149,9,12,28,34,36,64,94,108,144,178,204,210,215,224,251,264,269,270,291,311,355,362,379,382,396,400
6:0,3,152,10,27,30,39,46,52,57,77,84,92,110,137,156,164,173,184,196,197,199,217,226,236,238,246,264,265,286,288,292,307,313,327,332,336,374,402,405,408
7:130,21,25,29,33,43,46,53,57,65,70,78,79,91,114,117,122,129,136,177,180,188,218,220,224,235,277,281,304,315,327,386,399
8:235,30,39,46,68,69,80,96,116,124,134,143,168,171,172,181,184,185,221,230,234,241,265,272,273,282,291,292,302,322,328,333,335,338,339,355,356,360,363,367,369,379,401,405
9:0,5,263,10,12,26,32,90,104,143,145,155,160,173,176,179,188,193,218,224,228,229,233,248,270,290,291,338,364,373,380,385,397,399,405
10:3,6,9,283,24,30,56,109,119,133,136,183,184,186,190,194,211,220,253,255,279,294,305,315,317,326,329,344,348,352,361,375
11:2,3,132,16,58,63,80,82,107,167,168,172,182,190,193,199,206,214,233,277,281,292,293,299,308,325,329,330,351,370,376,392,398
12:5,9,137,18,19,20,30,44,69,73,100,101,104,117,118,123,159,236,238,241,242,243,252,267,363,365,367,380,401,405
13:0,400,21,46,67,71,79,90,97,103,123,131,163,178,185,197,215,222,227,229,261,297,314,324,328,329,347,348,352,361,366,385,405
14:0,74,16,23,24,28,32,41,47,70,71,73,93,107,124,136,160,163,166,170,174,196,212,223,239,247,264,284,290,299,318,337,338,387,393,395,400,402
15:2,4,60,32,42,66,86,111,140,161,165,168,184,197,198,222,224,236,252,256,257,264,269,289,300,307,341,358,366,397
16:11,14,221,18,34,35,57,69,76,79,83,91,100,117,119,152,173,192,223,224,263,271,276,285,295,300,303,307,319,321,324,332,337,343,352,355,356,393,404
17:212,19,30,52,53,61,62,72,116,179,191,202,205,213,231,263,264,274,288,322,339,340,371,374,389,391
18:12,16,261,20,28,41,49,51,60,62,89,96,111,119,129,152,174,198,209,219,248,266,268,312,323,325,336,345,352,365,388,402
19:12,17,328,23,34,46,54,59,67,72,83,84,98,102,116,131,137,147,161,171,177,210,259,271,291,307,308,309,341,346,352,357,364,389,393
20:12,18,88,34,38,115,117,157,175,185,186,194,209,233,235,253,269,273,275,277,314,315,322,323,355,369,376,377,379,396
21:4,7,13,378,46,134,138,146,188,195,198,205,237,243,250,263,266,268,281,285,289,309,311,317,324,330,336,341,347,354,357,360,383,390,391,402
22:0,172,36,88,100,112,113,124,125,129,149,156,162,179,180,191,208,214,241,250,254,263,272,278,289,290,303,307,310,352,384,395
23:1,14,19,89,41,49,76,83,91,92,97,98,99,103,128,130,151,153,162,165,183,184,189,196,209,210,221,226,227,228,235,253,258,298,300,309,316,343,346,368,371
24:0,4,10,14,152,52,61,80,94,100,110,128,166,167,184,186,209,212,237,240,255,267,268,278,299,305,311,321,354,361,362,372,378,379,387,405
25:1,7,27,28,38,54,60,61,70,90,92,111,121,132,148,168,172,190,197,209,216,220,235,263,266,276,285,326,338,356,365,367,378,391,407
26:9,85,36,40,42,46,58,64,79,103,112,114,119,121,135,138,146,151,164,176,184,191,202,208,211,220,234,238,241,245,265,267,292,305,320,336,342,350,358,371,381,397,406
27:6,25,38,28,57,68,88,104,120,136,152,158,167,179,206,221,266,291,294,327,329,341,349,361,365,371,398,404
28:5,14,18,25,27,278,42,43,71,76,99,136,147,148,164,165,176,185,193,195,212,216,235,242,263,277,284,289,294,297,301,309,326,332,341,356,362,382,395,397,398
29:7,204,41,46,52,61,69,71,83,96,126,132,146,167,169,173,217,218,232,236,240,249,265,301,324,341,351,353,358,378,395,403,409
30:1,6,8,10,12,17,409,51,56,73,82,102,110,113,145,184,191,214,216,233,239,248,250,270,286,312,316,338,342,350,352,379,387,395
31:273,41,55,77,80,98,102,110,115,134,139,143,148,153,176,181,185,186,194,201,203,206,228,238,257,261,263,283,285,301,330,351,354,356,374,376,377,388
32:0,1,9,14,15,74,33,48,50,78,87,90,96,118,124,138,140,144,161,164,200,206,216,218,221,244,263,280,303,325,329,339,355,377,383,392,409
33:2,7,32,96,49,100,104,105,117,130,136,139,142,146,230,231,239,276,280,281,282,288,289,296,297,304,307,320,333,335,344,348,365,373,387,405
34:5,16,19,20,297,43,61,75,84,89,95,96,111,123,138,142,170,176,189,205,218,226,242,250,254,261,265,270,288,298,314,333,348,363,374,384,388
35:16,243,36,55,61,103,129,131,164,176,192,193,195,220,261,268,293,307,320,341,346,352,360,367,374,386,389,406
36:3,5,22,26,35,140,78,85,95,101,105,120,128,165,181,182,198,209,214,238,259,265,268,277,287,305,309,311,320,326,337,350,352,387,403
37:344,71,79,109,122,124,143,145,150,167,170,178,183,188,193,198,215,226,228,229,233,263,268,285,299,311,330,358,364,373,400
38:20,25,27,116,40,53,73,75,89,104,106,114,128,154,176,193,212,221,230,247,253,266,292,293,313,320,321,342,345,351,354,379,399,400,405
39:6,8,378,50,64,86,91,116,135,150,161,164,165,178,191,198,206,231,245,256,279,294,295,299,313,318,324,330,359,386,393
40:26,38,167,42,48,51,55,62,68,72,76,77,79,85,109,128,141,161,170,174,184,187,197,228,230,238,250,252,280,295,327,355,364,400,406,408
41:2,14,18,23,29,31,408,57,66,79,96,103,113,158,161,191,196,197,207,216,230,246,248,252,267,272,278,295,298,301,315,335,339,377,380,399,402
42:15,26,28,40,53,45,70,83,86,109,114,120,122,127,130,137,141,148,157,180,185,193,215,220,227,236,246,252,276,277,283,317,334,340,344,345,350,381
43:7,28,34,234,52,63,78,80,86,104,106,107,108,145,156,160,170,181,214,221,250,262,291,298,306,308,335,344,353,364,371,373,374,384,385,392,398,405
44:12,57,99,130,134,143,171,176,185,210,217,229,270,279,287,300,301,304,317,323,334,335,342,345,347,351,353,365,400
45:42,392,62,76,82,87,94,104,121,134,138,139,148,164,178,201,217,251,252,255,265,270,277,282,285,333,357,370,383
46:6,7,8,13,19,21,26,29,408,48,60,64,74,91,98,118,119,128,136,192,197,214,220,237,242,266,279,281,288,311,317,332,342,350,352,368,372,382,383,385,386,393,406
47:14,253,69,83,89,107,114,118,127,130,152,158,164,177,193,195,198,211,240,244,266,317,327,340,342,347,353,370,371,374,382,384,392,405,406,408
48:32,40,46,252,49,51,60,72,81,91,111,117,133,145,151,154,160,166,199,207,213,228,240,245,251,270,311,323,341,350,382,396
49:4,18,23,33,48,342,52,91,95,100,123,132,138,143,147,170,175,195,197,206,230,244,249,258,263,265,268,278,281,282,285,305,324,330,338,352,381,394,408,409
50:32,39,315,57,64,80,82,84,88,97,121,135,139,154,157,238,242,253,256,276,297,302,324,332,336,338,355,391,398,400,403
51:18,30,40,48,141,63,65,74,108,110,139,140,155,159,169,184,194,208,232,252,253,267,278,301,308,325,346,394,399,404,405
52:6,17,24,29,43,49,378,68,101,106,111,136,141,154,171,204,211,216,226,242,268,331,346,361,362,388,395,404,409
53:2,7,17,38,42,183,57,62,71,94,101,153,156,157,158,168,179,192,202,209,210,224,257,268,277,283,296,300,334
54:19,25,118,67,78,108,114,133,149,162,167,176,203,233,245,262,276,278,310,314,335,340,349,382,384,398
55:4,31,35,40,154,56,71,99,106,111,113,118,119,127,143,150,162,185,199,238,252,267,271,287,289,298,305,349,384,385,392
56:10,30,55,271,64,82,90,97,98,100,107,118,129,141,171,192,204,209,235,240,247,248,251,267,292,316,324,356,361,366,372,374,375,388,391,405,408
57:6,7,16,27,41,44,50,53,274,62,86,88,92,94,100,117,121,126,141,160,162,164,193,209,229,293,324,340,358,406,408,409
58:11,26,329,59,61,64,76,108,129,133,140,168,181,198,205,213,220,236,255,284,288,317,325,335,346,364,371,381
59:19,58,326,100,158,170,180,209,224,247,250,261,263,265,271,277,298,299,302,305,318,335,349,400
60:15,18,25,46,48,197,79,90,104,126,128,139,192,220,229,242,257,258,263,334,348,354,362,364,367,380
61:17,24,25,29,34,35,58,311,77,98,113,130,132,155,156,166,174,195,256,266,300,302,309,321,378,389,390,395,403
62:0,17,18,40,45,53,57,148,70,71,99,123,132,178,205,268,281,296,311,327,337,342,353,391,396,397,405
63:11,43,51,272,75,79,85,107,109,136,158,161,213,224,232,238,243,250,286,301,324,336,338,345,348,365,393,404
64:5,26,39,46,50,56,58,287,77,79,85,92,96,111,124,132,145,152,162,165,245,262,275,284,292,294,307,324,360,382,408
65:7,51,84,67,81,85,88,89,99,119,124,138,146,180,186,191,199,200,202,214,264,267,307,326,347,358,372,375,399,401,402
66:2,15,41,96,100,102,105,117,125,128,134,183,188,210,214,225,236,240,244,263,281,319,324,348,352,374,379,385
67:1,3,13,19,54,65,97,72,75,80,84,123,125,126,142,151,171,176,184,187,201,230,242,259,296,334,349,354,379,397,406
68:8,27,40,52,277,85,101,110,117,122,127,156,158,224,245,259,262,299,310,311,326,338,345,358,362,367,402
69:2,8,12,16,29,47,282,79,83,89,109,119,159,172,187,196,198,216,222,245,253,287,301,311,321,335,350,372,382,402,406
70:7,14,25,42,62,248,100,111,114,176,183,190,193,194,211,213,225,234,246,247,261,328,367,376,379,384,406
71:13,14,28,29,37,53,55,62,87,74,128,136,146,158,167,173,174,213,217,222,236,261,281,284,297,309,366,368,370,376,383,389,392,397
72:3,17,19,40,48,67,342,78,79,80,94,111,130,139,168,176,178,201,235,268,280,300,308,309,318,327,345,354,355,372,376,384
73:3,12,14,30,38,341,123,133,150,161,169,200,210,211,214,227,228,229,233,237,241,248,251,272,280,286,307,316,369,401,407
74:0,14,32,46,51,71,285,88,106,111,114,117,118,123,126,130,143,147,195,227,244,250,259,271,277,282,295,296,308,315,319,333,345,359,363,364,379
75:0,1,34,38,63,67,209,127,140,179,191,193,194,245,272,277,281,292,316,328,333,341,382,387,393,402
76:3,16,23,28,40,45,58,278,77,82,88,91,110,113,117,126,128,129,177,189,191,200,213,248,259,266,306,308,351,367,368,384,385,404
77:6,31,40,61,64,76,269,80,114,116,125,129,158,167,181,201,205,208,209,214,226,253,270,273,302,320,321,330,331,349,350,355,362,366,393
78:7,32,36,43,54,72,406,95,111,120,136,138,139,173,183,184,186,203,219,243,251,253,278,296,306,323,328,341,350,352,357,361,365,378,396,408
79:0,7,13,16,26,37,40,41,60,63,64,69,72,315,83,94,98,119,124,144,158,174,210,238,239,259,276,286,298,304,319,327,349,357,366,374,404
80:8,11,24,31,43,50,67,72,77,109,85,90,91,102,105,107,124,147,151,168,182,184,191,193,208,212,229,234,252,254,265,282,284,299,311,321,334,343,348,352,375,378,398,400,403
81:1,48,65,377,102,106,112,120,122,126,130,132,134,146,149,156,173,177,182,184,200,212,239,252,266,300,306,310,350,355,356,369,371,382,385
82:11,30,45,50,56,76,145,98,105,122,170,177,228,238,253,262,274,276,282,288,290,293,326,330,335,339,347,389
83:4,16,19,23,29,42,47,69,79,189,92,105,124,137,145,152,200,230,234,236,255,263,286,306,319,320,321,324,331,336,359,390,400
84:6,19,34,50,65,67,400,89,107,113,134,143,144,152,160,165,185,186,192,239,240,253,275,311,317,334,366,384
85:26,36,40,63,64,65,68,80,233,103,107,110,120,121,125,126,168,191,211,222,225,239,244,295,298,339,353,374,382,383,394,403,405
86:15,39,42,43,57,101,96,112,119,155,168,178,183,185,208,213,230,246,275,279,289,297,302,304,314,327,335,337,346,355,370,371,372,390,400,404
87:32,45,71,207,102,104,145,153,175,176,186,205,219,227,249,280,332,336,339,350,351,352,356,357,359
88:0,20,22,27,50,57,65,74,76,407,104,141,149,151,192,227,233,240,257,273,274,277,302,308,334,358,359,371,380,383,402,409
89:18,23,34,38,47,65,69,84,215,106,127,133,139,166,182,189,222,231,251,254,256,257,272,280,283,300,316,322,336,337,344,360,363,366,376,406
90:9,13,25,32,56,60,80,266,100,104,123,126,136,174,185,188,198,240,265,281,298,302,303,350,352,373,389,401,403,408
91:7,16,23,39,46,48,49,76,80,296,103,105,106,107,110,138,147,194,204,224,232,287,292,299,327,342,360,366,371,402
92:3,6,23,25,57,64,83,168,93,106,126,138,143,144,148,153,189,191,194,196,197,206,216,222,223,224,231,242,243,256,278,280,286,287,289,292,310,313,343,394,396
93:14,92,260,99,126,141,143,144,146,148,166,170,171,172,190,196,227,246,247,264,275,285,287,290,293,315,318,325,346,351,368,377,379,386,388,396
94:0,5,24,45,53,57,72,79,135,126,134,147,150,183,187,215,222,268,275,287,289,305,306,310,372,384,403
95:3,34,36,49,78,226,127,139,149,153,162,173,175,191,196,222,227,262,265,269,271,295,301,313,324,330,333,340,370,377,397
96:8,18,29,32,33,34,41,64,66,86,302,118,128,129,130,135,146,183,187,214,227,235,256,262,272,330,348,388
97:13,23,50,56,67,256,111,123,126,133,141,176,179,185,186,201,218,233,236,239,244,245,248,291,301,322,327,345,357,358,368,370,387,395,400
98:19,23,31,46,56,61,79,82,356,111,113,116,118,123,128,134,142,158,170,196,211,212,228,239,240,251,258,269,300,349,364,378,380
99:3,23,28,44,55,62,65,93,163,104,124,143,154,174,179,184,185,204,205,206,210,240,254,270,278,284,286,297,309,325,358,364,369,376,384,403
100:12,16,22,24,33,49,56,57,59,66,70,90,222,104,118,160,185,191,271,275,321,328,330,364,365,379,398
101:12,36,52,53,68,86,298,114,118,179,186,188,191,193,199,209,225,232,241,254,265,272,274,309,340,371,397
102:19,30,31,66,80,81,87,247,139,144,147,148,154,158,162,187,196,214,218,227,261,333,334,335,345,349,350,385,406
103:13,23,26,35,41,85,91,351,107,110,122,134,141,180,202,206,246,263,281,303,309,316,335,382,388
104:3,9,12,27,33,38,43,45,60,87,88,90,99,100,385,122,135,140,176,186,190,213,217,251,267,270,275,277,279,299,312,318,319,329,361
105:33,36,66,80,82,83,91,166,119,121,135,136,160,170,179,195,196,197,200,209,217,251,270,305,309,319,331,343,354,356,358,361,376,383,385,388,395,407
106:2,38,43,52,55,74,81,89,91,92,345,133,135,158,167,186,193,212,285,288,292,310,318,319,331,354,356,371,372
107:2,11,14,43,47,56,63,80,84,85,91,103,291,116,119,122,167,169,181,193,197,226,229,234,237,256,269,275,278,280,322,354,357,363,369,380,395
108:5,43,51,54,58,337,118,125,127,128,136,166,179,187,200,202,216,217,218,223,261,262,281,283,297,309,311,313,324,343,347,349,359,361,370,373,377,394
109:0,10,37,40,42,63,69,80,312,119,124,130,140,141,149,164,168,176,193,207,230,258,263,275,296,297,336,346,394,399,402
110:6,24,30,31,51,68,76,85,91,103,287,155,157,160,165,178,194,196,218,237,246,251,306,312,316,320,323,361,386
111:15,18,25,34,48,52,55,64,70,72,74,78,97,98,284,122,141,159,165,174,228,241,255,257,275,277,287,311,326,334,361,366,403,404,408
112:22,26,81,86,276,116,118,134,140,159,161,166,172,212,235,239,256,282,285,300,302,309,321,346,367,369,371,374,393,399
113:1,3,22,30,41,55,61,76,84,98,128,165,184,201,218,244,312,339,345,346,349,354,357,367,372,376,396,397
114:7,26,38,42,47,54,70,74,77,101,149,148,155,164,182,189,201,210,211,212,224,290,296,312,317,318,323,325,342,385,404
115:4,20,31,358,148,174,199,203,237,253,259,261,262,264,266,331,336,348,408,409
116:4,8,17,19,38,39,77,98,107,112,150,179,189,194,204,213,231,235,236,238,248,254,262,347,360,386
117:7,12,16,20,33,48,57,66,68,74,76,284,122,125,127,130,144,156,171,191,194,219,225,236,238,245,255,272,275,283,293,306,318,323,330,335,355,361,362,364,386,407
118:12,32,46,47,54,55,56,74,96,98,100,101,108,112,392,119,137,138,200,213,216,261,265,274,303,317,325,342,347,349,350,365,367,375,381,397
119:10,16,18,26,46,55,65,69,79,86,105,107,109,118,289,154,205,218,233,242,251,273,286,291,300,320,322,329,338,343,381,382,402,403,407
120:27,36,42,78,81,85,165,206,209,218,226,237,244,250,275,283,287,299,330,336,340,343,355
121:25,26,45,50,57,85,105,319,151,159,166,173,191,194,201,206,243,270,283,288,300,335,348,351,361,368,369,384,386,388,389,390,396,402,403
122:3,7,37,42,68,81,82,103,104,107,111,117,311,165,182,190,191,204,216,245,262,274,278,282,297,315,328,329,336,347,354,357,367,402
123:12,13,34,49,62,67,73,74,90,97,98,280,138,184,189,192,193,211,222,240,244,253,254,258,265,276,282,286,312,317,352,354,383,395,404,408
124:8,14,22,32,37,64,65,79,80,83,99,109,184,128,129,168,170,171,183,188,194,208,215,218,236,238,246,254,268,276,278,299,323,342,349,379,388,399
125:0,22,66,67,77,85,108,117,407,128,203,214,221,228,236,240,258,286,291,293,309,329,354,357,362,366,383,386,395
126:29,57,60,67,74,76,81,85,90,92,93,94,97,374,145,154,208,210,216,219,229,232,246,285,286,302,312,315,347,376,386
127:42,47,55,68,75,89,95,108,117,173,146,150,163,170,191,206,215,219,243,261,278,320,328,334,386,397
128:23,24,36,38,40,46,60,66,71,76,96,98,108,113,124,125,299,135,140,148,169,173,203,217,220,242,246,253,264,275,284,287,322,328,333,348,371,397
129:7,18,22,35,56,58,76,77,96,124,159,134,151,158,161,163,166,169,178,181,186,194,209,231,233,240,247,248,255,261,262,268,282,294,300,303,308,326,331,343,360,361,373,377,393,402
130:7,23,33,42,44,47,61,72,74,81,96,109,117,244,142,161,174,180,183,194,216,224,232,236,245,254,259,264,290,306,314,319,330,384,388
131:13,19,35,276,144,147,163,166,179,201,211,232,253,256,265,270,271,293,301,311,317,326,329,361,395,407,409
132:11,25,29,49,61,62,64,81,376,154,158,161,171,189,203,230,237,249,254,283,285,294,317,335,365,372,373,387,403,404
133:1,10,48,54,58,73,89,97,106,389,139,146,151,156,172,174,196,198,201,202,203,225,236,267,272,298,309,341,360,380,386,391,401,407
134:8,21,31,44,45,66,81,84,94,98,103,112,129,245,149,154,195,203,211,227,242,256,266,277,298,315,318,320,333,343,364,382,385
135:26,39,50,94,96,104,105,106,128,403,141,154,160,166,167,169,199,202,219,234,275,276,316,325,350,352,359,365,400,406
136:7,10,14,27,28,33,46,52,63,71,78,90,105,108,399,139,188,209,223,226,251,259,307,332,335,337,357,367,369,379,380,389
137:4,6,12,19,42,83,118,208,150,154,176,180,189,191,203,220,226,238,244,245,266,271,286,307,314,315,319,322,341,364,383,384
138:21,26,32,34,45,49,65,78,91,92,118,123,270,139,151,152,173,177,194,213,216,219,231,240,253,257,283,295,323,360,362,393,394,399
139:31,33,45,50,51,60,72,78,89,95,102,133,136,138,164,149,155,166,179,183,198,225,227,234,285,289,295,307,348,351,369,405,408
140:15,32,36,51,58,75,104,109,112,128,364,147,157,162,174,206,207,225,229,233,249,251,253,254,263,270,293,300,301,313,337,339,354,374,383,387,396,398
141:40,42,51,52,56,57,88,93,97,103,109,111,135,247,184,186,188,205,209,212,216,258,270,273,289,311,313,322,326,349,354,384,386,391,397,399
142:33,34,67,98,130,274,144,167,178,185,189,217,223,233,244,283,292,294,296,298,310,339,349,371,380
143:8,9,31,37,44,49,55,74,84,92,93,99,171,172,173,194,198,201,246,259,287,306,318,326,339,342,353,363,390
144:5,32,79,84,92,93,102,117,131,142,233,161,162,166,186,219,235,254,260,262,272,273,295,311,325,345,364,375,391
145:2,4,9,30,37,43,48,64,82,83,87,126,176,154,157,245,247,254,273,275,277,284,290,302,314,322,330,342,366,372,395,399,407
146:21,26,29,33,65,71,81,93,96,127,133,248,158,164,165,171,209,210,222,231,240,241,293,305,317,318,332,338,341,354,364
147:3,19,28,49,74,80,91,94,102,131,140,148,157,162,190,191,202,203,222,244,256,267,270,280,304,325,328,336,338,349,376,384
148:25,28,31,42,45,62,92,93,102,114,115,128,147,236,152,218,234,240,273,281,285,345,373,378,406
149:5,22,54,81,88,95,109,114,134,139,325,179,182,221,249,269,292,301,304,305,307,308,331,358,374,396
150:37,39,55,73,94,116,127,137,350,158,172,182,208,209,210,211,234,244,249,252,278,286,292,322,327,335,385,387,398,399,401
151:23,26,48,67,80,88,121,129,133,138,184,167,169,178,200,215,219,240,256,271,284,291,325,338,351,375,378,380
152:1,6,16,18,24,27,47,64,83,84,138,148,270,153,156,183,187,193,202,216,225,283,302,314,332,343,346,353,395,399,409
153:23,31,53,87,92,95,152,345,162,169,173,180,197,218,236,242,263,264,282,292,298,303,309,312,324,335,358,380,385,400
154:38,48,50,52,55,99,102,119,126,132,134,135,137,145,339,178,190,212,215,221,231,243,252,265,272,279,281,291,293,300,306,307,332,340,361,363,370,402
155:9,51,61,86,110,114,139,202,164,166,175,180,186,206,207,220,236,246,251,257,259,286,291,303,335,337,345,365,366,370,372,375,388,397
156:2,4,6,22,43,53,61,68,81,117,133,152,183,167,177,184,193,212,240,266,277,305,312,322,337,356,397
157:20,42,50,53,110,140,145,147,407,159,169,177,186,212,216,236,267,272,278,280,282,289,303,316,356,359,391,403
158:27,41,47,53,59,63,68,71,77,79,98,102,106,129,132,146,150,378,166,167,196,217,242,253,256,295,312,318,326,327,332,341,354,358,382,399
159:12,51,69,111,112,121,129,157,363,173,194,238,251,268,278,280,285,286,326,368,370,382,386,404
160:4,9,14,43,48,57,84,100,105,110,135,375,161,186,199,201,202,224,258,279,285,286,298,304,308,322,341,345,348,356,358,360,361,363,367,396,402
161:1,2,15,19,32,39,40,41,63,73,112,129,130,132,144,160,339,170,183,197,204,210,218,230,253,257,270,276,277,284,300,315,335,361,364,374
162:3,22,23,54,55,57,64,95,102,140,144,147,153,326,168,175,195,201,204,208,215,221,229,235,240,253,263,268,271,274,278,302,305,310,332,346,348,351,387
163:4,13,14,99,127,129,131,240,189,219,256,259,274,291,315,322,326,331,361,363,369,372,374,387,405
164:0,6,26,28,32,35,39,45,47,57,109,114,139,146,155,280,174,184,249,269,281,289,312,322,334,337,346,350,394,406
165:15,23,28,36,39,64,84,110,111,113,120,122,146,379,172,182,199,218,224,231,249,254,256,257,258,296,300,302,323,333,334,348,368,370
166:14,24,48,61,89,93,105,108,112,121,129,131,135,139,144,155,158,317,178,212,215,226,227,268,272,278,282,292,296,316,319,333,360,375,380,398
167:11,24,27,29,37,40,54,71,77,106,107,135,142,151,156,158,230,193,194,200,205,207,214,228,243,246,252,276,292,303,309,313,314,355,372,377,394
168:2,8,11,15,25,53,58,72,80,85,86,92,109,124,162,298,177,198,227,249,253,272,277,284,288,289,306,322,329,341,343,363,373,379,387,389,392,399
169:29,51,73,107,128,129,135,151,153,157,222,175,234,254,266,270,271,277,293,307,353,375,393,395
170:14,34,37,40,43,49,59,82,93,98,105,124,127,161,405,183,216,223,225,241,246,247,251,260,270,275,279,288,289,324,332,353,358,372,395,399,400,407
171:4,8,19,44,52,56,67,93,117,124,132,143,146,217,201,226,256,261,266,270,280,283,301,357,361,368,387,388,391
172:8,11,22,25,69,93,112,133,143,150,165,221,189,208,223,245,246,249,256,279,281,291,306,328,355,392
173:6,9,16,29,71,78,81,95,121,127,128,138,143,153,159,317,178,186,207,246,255,272,287,289,307,336,338,340,364,365,391,405
174:14,18,40,61,71,79,90,99,111,115,130,133,140,164,259,175,205,213,251,275,291,295,296,301,304,331,352,359,387,402,408,409
175:1,3,20,49,87,95,155,162,169,174,252,178,180,190,192,196,211,220,234,250,272,277,278,281,286,299,350,364,399,403
176:1,4,9,26,28,31,34,35,38,44,54,67,70,72,87,97,104,109,137,145,200,180,205,227,248,272,281,323,354,389,409
177:7,19,47,76,81,82,138,156,157,168,201,193,275,277,278,279,285,287,293,299,301,341,346,354,363,373,401,402,404
178:0,5,13,37,39,45,62,72,86,110,129,142,151,154,166,173,175,297,185,188,196,202,203,207,220,222,249,269,288,291,306,318,335,336,360,365,376
179:9,17,22,27,53,75,97,99,101,105,108,116,131,139,149,339,181,182,211,221,224,231,269,286,294,298,308,328,334,370,373,381,394,400,401,402,405
180:2,7,22,42,59,65,103,130,137,153,155,175,176,260,190,208,224,230,232,234,247,307,309,316,330,350,361,367,374,379,391,392,402,408
181:8,31,36,43,58,77,107,129,179,287,183,186,189,228,242,259,269,277,280,289,333,339,348,355,363,368,372,377,395,398,406
182:3,11,36,80,81,89,114,122,149,150,165,179,234,188,195,221,253,281,303,304,311,331,334,342,344,356,389,406,408
183:10,23,37,53,66,70,78,86,94,96,124,130,139,152,156,161,170,181,407,200,207,209,216,219,225,235,244,291,295,304,323,326,356,381,391,395,400
184:6,8,10,15,23,24,26,30,40,51,67,78,80,81,99,113,123,124,141,151,156,164,312,199,201,241,257,274,278,285,300,309,310,323,334,336,341,351,361,375,379,381,405,408
185:3,8,13,20,28,31,42,44,55,84,86,90,97,99,100,142,178,390,186,188,190,203,224,230,232,240,255,260,267,280,282,291,301,318,322,323,344,346,374,385
186:10,20,24,31,65,78,84,87,97,101,104,106,129,141,144,155,157,160,173,181,185,359,190,205,209,224,229,230,235,240,246,252,258,264,294,301,315,339,350,368,371,399,401
187:40,67,69,94,96,102,108,152,260,204,206,208,209,223,238,251,279,288,290,297,300,309,322,331,339,340,342,355,360,376
188:1,7,9,21,37,66,90,101,124,136,141,178,182,185,386,195,197,221,254,258,287,294,306,330,331,337,375,390,403,405
189:23,34,76,83,89,92,114,116,123,132,137,142,163,172,181,198,200,202,214,251,254,258,261,275,325,332,337,378,381,385
190:10,11,25,70,93,104,122,147,154,175,180,185,186,271,205,250,251,256,259,263,282,310,325,336,339,355,367,369,386
191:1,17,22,26,30,39,41,65,75,76,80,85,92,95,100,101,117,121,122,127,137,147,279,223,283,317,329,335,348,392
192:1,4,16,35,46,53,56,60,84,88,123,175,381,209,214,227,230,281,297,335,357,372,383,393
193:9,11,28,35,37,38,42,47,57,70,75,80,101,106,107,109,123,152,156,167,177,241,197,203,216,218,225,271,300,320,324,338,352,363,378,399
194:10,20,31,51,70,75,91,92,110,116,117,121,124,129,130,138,143,159,167,228,212,252,264,271,272,278,295,343,362,363,375,379,395,402,403
195:21,28,35,47,49,61,74,105,134,162,182,188,218,196,199,207,234,249,265,300,305,323,331,339,362,382,384,398,409
196:6,14,23,41,69,92,93,95,98,102,105,110,133,158,175,178,195,202,204,212,217,219,220,235,236,237,242,260,288,319,324,330,335,348,360,398,402,408
197:0,6,13,15,25,40,41,46,49,60,92,105,107,153,161,188,193,224,199,215,232,245,248,252,268,270,273,297,303,306,314,352,361,375,376,391
198:4,15,18,21,36,37,39,47,58,69,90,133,139,143,168,189,270,214,218,221,245,256,331,352,386,388
199:6,11,48,55,65,101,115,135,160,165,184,195,197,226,208,224,233,244,250,283,300,330,337,357,359,363,370,379,399
200:32,65,73,76,81,83,105,108,118,151,167,176,183,189,259,202,206,221,225,256,293,300,303,321,332,356,365,369,379,396,403
201:2,31,45,67,72,77,97,113,114,121,131,133,143,160,162,171,177,184,366,222,247,258,270,278,286,300,302,310,317,336,344,360,363,373,390,398
202:1,17,26,53,65,103,108,133,135,147,152,155,160,178,189,196,200,309,223,239,266,277,287,306,347,374,380,385,400
203:31,54,78,115,125,128,132,133,134,137,147,178,185,193,379,220,239,255,321,324,326,329,354,369,377,389,400
204:3,5,29,52,56,91,99,116,122,161,162,187,196,208,213,231,234,237,248,278,291,293,294,298,308,319,334,375,380
205:0,1,17,21,34,58,62,77,87,99,119,141,167,174,176,186,190,237,209,245,261,271,289,343,359,376,380
206:1,4,11,27,31,32,39,49,92,99,103,120,121,127,140,155,187,200,240,208,219,231,252,263,270,274,298,302,329,398,409
207:3,41,48,87,109,140,155,167,173,178,183,195,236,228,234,263,268,272,275,285,301,314,363,381,382,386,388,393,408
208:22,26,51,77,80,86,124,126,137,150,162,172,180,187,199,204,206,283,225,239,240,298,307,325,328,360,370,385,399
209:1,3,18,20,23,24,25,36,53,56,57,59,75,77,101,105,120,129,136,141,146,150,183,186,187,192,205,296,213,221,225,242,268,282,309,314,347,358,386,389
210:5,19,23,44,53,66,73,79,99,114,126,146,150,161,369,217,234,249,255,260,270,292,300,326,331,342,355,385
211:10,26,47,52,70,73,85,98,114,123,131,134,150,175,179,241,212,214,225,255,261,277,281,308,310,323,351,373,375,377,392
212:14,17,24,28,38,80,81,98,106,112,114,141,154,156,157,166,194,196,211,309,214,219,222,225,227,229,248,276,284,290,296,297,321,380,385,409
213:17,48,58,63,70,71,76,86,104,116,118,138,174,204,209,329,215,233,243,269,270,285,298,300,326,353,363,368,384,397
214:11,22,30,36,43,46,65,66,73,77,96,102,125,167,189,192,198,211,212,391,224,227,244,266,269,272,279,293,296,297,311,336,354,360,370,381,384,394
215:5,13,37,42,89,94,124,127,151,154,162,166,197,213,373,218,223,230,242,273,286,289,297,305,306,310,316,318,322,340,349,378,379,384,402
216:4,25,28,30,32,41,52,69,92,108,118,122,126,130,138,141,152,157,170,183,193,266,222,233,248,255,262,272,303,324,326,327,331,346,359,391,406
217:6,29,44,45,71,104,105,108,128,142,158,171,196,210,283,227,254,255,278,280,289,318,328,355,363,399
218:7,9,29,32,34,97,102,108,110,113,119,120,124,148,153,161,165,193,195,198,215,246,223,239,248,266,267,280,282,289,291,294,302,315,337,344,351,356,389,390,395,405
219:18,78,87,117,126,127,135,138,144,151,163,183,196,206,212,256,315,332,339,354,363,371,381,385,407
220:7,10,25,26,35,42,46,58,60,128,137,155,175,178,196,203,367,228,236,261,276,288,290,295,334,354,371,387,388
221:8,16,23,27,32,38,43,125,149,154,162,172,179,182,188,198,200,209,271,245,252,257,258,268,272,277,278,297,307,315,321,324,348,352,362,373,388,390
222:13,15,69,71,85,89,92,94,95,100,123,146,147,169,178,201,212,216,344,223,224,233,236,238,240,271,300,315,346,371,384,399
223:14,16,92,108,136,142,170,172,187,191,202,215,218,222,324,224,225,231,249,257,267,305,349,367,370,374,376,382
224:2,4,5,7,9,15,16,53,59,63,68,91,92,114,130,160,165,179,180,185,186,197,199,214,222,223,319,228,247,266,271,273,284,306,308,312,313,314,344,351,352,354,359,378
225:66,70,85,101,117,133,139,140,152,170,183,193,200,208,209,211,212,223,265,235,238,250,259,268,270,289,291,296,336,353,360,363,368,372,373,380,399,408
226:2,4,6,23,34,37,52,77,95,107,120,136,137,166,171,199,333,238,248,257,301,303,304,307,309,314,327,337,345,360,362,363,367,394,400,406,409
227:13,23,42,73,74,87,88,93,95,96,102,134,139,166,168,176,192,212,214,217,347,232,233,235,258,280,285,288,302,303,320,322,325,330,348,367,373,394
228:0,9,23,31,37,40,48,73,82,98,111,125,167,181,194,207,220,224,384,254,275,278,294,309,315,319,320,345,359,361,365,368
229:9,13,37,44,57,60,73,80,107,126,140,162,186,212,239,232,257,278,286,313,337,340,348,368,370,376
230:8,33,38,40,41,49,67,83,86,109,132,161,167,180,185,186,192,215,378,233,239,245,250,255,262,264,282,283,293,304,306,339,355,357,361,364,372,389,393
231:17,33,39,89,92,116,129,138,146,154,165,179,204,206,223,373,245,263,269,271,275,278,298,330,358,367,377,378,395,397,404
232:2,4,29,51,63,91,101,126,130,131,180,185,197,227,229,331,251,271,282,328,343,352,360,376,385,390
233:9,11,20,30,37,54,73,85,88,97,119,129,140,142,144,199,213,216,222,227,230,389,248,260,263,270,293,300,303,304,314,356,373,374,387,395,401
234:8,26,43,70,80,83,107,135,139,148,150,169,175,180,182,195,204,207,210,329,235,241,251,266,283,290,305,318,319,320,322,326,335,351,357
235:7,8,20,23,25,28,56,72,96,112,116,144,162,183,186,196,225,227,234,238,236,247,284,294,295,301,309,317,323,325,338,344,361,375,380,385,387,399,401,403
236:6,12,15,29,42,58,66,71,83,97,116,117,124,125,130,133,148,153,155,157,196,207,220,222,235,320,240,251,261,263,264,271,282,285,296,309,315,329,339,351,359,360,390
237:21,24,46,73,107,110,115,120,132,196,204,205,251,245,250,254,260,272,294,301,303,306,323,365,366,392,403
238:6,12,26,31,36,40,50,55,63,79,82,116,117,124,137,159,187,222,225,226,235,314,239,240,245,250,257,293,296,324,349,386
239:14,30,33,79,81,84,85,97,98,112,202,203,208,218,229,230,238,335,244,265,287,293,299,364,379,393,395
240:24,29,47,48,56,66,84,88,90,98,99,123,125,129,138,146,148,151,156,162,163,185,186,206,208,222,236,238,387,241,264,277,293,314,390
241:8,12,22,26,73,101,111,146,170,184,193,211,234,240,258,250,253,268,272,278,291,297,302,314,340,341,347,357,359,398
242:1,12,28,34,46,50,52,60,67,92,119,128,134,153,158,181,196,209,215,382,248,292,307,308,316,322,354,359,378,383
243:12,21,35,63,78,92,121,127,154,167,213,367,245,261,285,314,366,375,400
244:32,47,49,66,74,85,97,113,120,123,130,137,142,147,150,183,199,214,239,305,260,266,272,273,278,285,296,310,369,376,386
245:0,26,39,48,54,64,68,69,75,97,117,122,130,134,137,145,172,197,198,205,221,230,231,237,238,243,367,293,296,303,315,316,377,383
246:6,41,42,70,86,93,103,110,124,126,128,143,155,167,170,172,173,186,218,261,266,273,279,288,293,303,307,345,385,388,401
247:14,38,56,59,70,93,102,129,141,145,170,180,201,224,235,388,294,299,385,389,398,402,403,405
248:9,18,30,41,56,70,73,76,97,116,129,146,176,197,204,212,216,218,226,233,242,280,250,256,285,293,302,305,322,332,333,351,366,370
249:29,49,87,132,140,149,150,164,165,168,172,178,195,210,223,394,294,321,324,335,366,374,386,391,392
250:2,21,22,30,34,40,43,59,63,74,120,175,190,199,225,230,237,238,241,248,279,271,285,321,342,374,387,396
251:3,4,5,45,48,56,73,78,89,98,104,105,110,119,136,140,155,159,170,174,187,189,190,232,234,236,237,308,259,264,306,334,344,355,366,371,378,381,397,400
252:12,15,40,41,42,45,48,51,55,80,81,150,154,167,175,186,194,197,206,221,305,253,257,268,269,275,277,303,319,326,340,360,365,383,386,405,406,408
253:0,10,20,23,38,47,50,51,69,77,78,82,84,115,123,128,131,138,140,158,161,162,168,182,241,252,271,261,265,270,276,289,304,314,347,369,400,408
254:22,34,80,89,99,101,116,123,124,130,132,140,144,145,165,169,188,189,217,228,237,303,277,285,305,312,325,335,344,349,371,388,395,402
255:10,24,45,58,83,111,117,129,173,185,203,210,211,216,217,230,264,313,327,343,351,353,357,362,366,380
256:15,39,50,61,89,92,96,97,107,112,131,134,147,151,158,163,165,171,172,190,198,200,219,248,294,286,296,318,350,367,375,386,394
257:4,15,31,53,60,88,89,111,138,155,161,165,184,221,223,226,229,238,252,259,263,277,279,283,285,291,292,294,305,306,309,346,363,374
258:23,49,60,98,109,123,125,141,160,165,186,188,189,201,221,227,241,395,259,265,294,310,311,324,345,374,383,409
259:19,36,67,68,74,76,79,115,130,136,143,155,163,174,181,190,200,225,251,257,258,341,266,270,272,289,290,302,311,316,320,332,334,338,352,384,393,409
260:93,144,170,180,185,187,196,210,233,237,244,385,268,281,287,297,323,328,333,357,396,400
261:13,18,31,34,35,59,70,71,102,108,115,118,127,129,171,189,205,211,220,236,243,246,253,309,262,278,306,314,331,333,347,351,390,399,402
262:43,54,64,68,82,95,96,108,115,116,122,129,144,216,230,261,408,282,295,345,352,365
263:9,16,17,21,22,25,28,31,32,37,49,59,60,66,83,103,109,140,153,162,190,206,207,231,233,236,257,386,266,267,295,305,345,348,349,360,364,374,388,402
264:5,6,14,15,17,65,93,115,128,130,153,186,194,230,236,240,251,255,392,322,359,361,370,380
265:6,8,26,29,34,36,45,49,59,80,90,95,101,118,123,131,154,195,225,239,253,258,377,300,303,328,346,406
266:0,18,21,25,27,38,46,47,61,76,81,90,115,134,137,156,169,171,202,214,216,218,224,234,244,246,259,263,299,267,284,313,355,362,366,367,370,371,385,400
267:12,24,26,41,51,55,56,65,104,133,147,157,185,218,223,263,266,407,283,293,346,359,376,399,401
268:4,18,21,24,35,36,37,49,52,53,62,72,94,124,129,159,162,166,197,207,209,221,225,241,252,260,280,269,282,298,306,310,330,349,353,377,391,396
269:2,5,15,20,77,95,98,107,149,164,178,179,181,213,214,231,252,268,300,274,280,341,345,352,355,356,378,388
270:5,9,30,34,44,45,48,77,99,104,105,121,131,138,140,141,147,152,161,169,170,171,197,198,201,206,210,213,225,233,253,259,355,297,299,300,306,322,324,341
271:1,4,16,19,55,56,59,74,95,100,131,137,151,162,169,190,193,194,205,221,222,224,231,232,236,250,253,333,288,291,294,295,301,322,327,340,349,361,373,377,382,389,390,407
272:8,22,41,63,73,75,89,96,101,117,133,144,154,157,166,168,173,175,176,194,207,214,216,221,237,241,244,259,345,276,277,278,284,294,301,307,313,329,348,352,356,367,374,376,380,390,393,404,406
273:8,20,31,77,88,119,141,144,145,148,197,215,224,244,246,348,285,293,302,303,316,321,322,324,334,364,369,375,377,391
274:17,57,82,88,101,118,122,142,162,163,184,206,269,293,277,302,304,307,330,351,358,379,388,405
275:1,20,64,84,86,93,94,100,104,107,109,111,117,120,128,135,145,170,174,177,189,207,228,231,252,363,278,280,287,291,321,359,367,372,379,385,405,409
276:2,4,16,25,33,42,50,54,79,82,112,123,124,131,135,161,167,212,220,253,272,407,293,294,305,317,318,345,356,357,382,387,391,396
277:7,11,20,28,36,42,45,53,59,68,74,75,88,104,111,134,145,156,161,168,169,175,177,181,202,211,221,240,252,254,257,272,274,407,280,286,288,305,347,349,362,375,398
278:22,24,28,41,49,51,54,76,78,92,99,107,122,124,127,150,157,159,162,166,175,177,184,194,201,204,217,221,228,229,231,241,244,261,272,275,283,293,297,312,327,332,339,350,360,389,396
279:3,10,39,44,46,86,104,154,160,170,172,177,187,191,214,246,250,257,387,281,291,303,333,358,363
280:4,32,33,40,72,73,87,89,92,107,123,147,157,159,164,171,181,185,217,218,227,248,268,269,275,277,386,299,302,325,327,346,362,372,378,383,387,399,406
281:1,2,3,7,11,21,33,46,49,62,66,71,75,90,103,108,148,154,164,172,175,176,182,192,211,260,279,286,285,303,332,340,346,364,403,408
282:8,33,45,49,69,74,80,82,112,122,123,129,153,157,166,185,190,209,218,230,232,236,262,268,336,283,332,340,345,349,372,389,394
283:10,31,42,53,89,108,117,120,121,132,138,142,152,171,191,199,208,217,230,234,257,267,278,282,361,300,316,348,358,362,367,370,398
284:4,14,28,58,64,71,80,99,111,117,128,145,151,161,168,212,224,235,266,272,362,288,300,301,319,327,347,353,358,365,375,383,384,392,399,400,404
285:16,21,25,31,37,45,49,74,93,106,112,126,132,139,148,159,160,177,184,207,213,227,236,243,244,248,250,254,257,273,281,320,289,296,304,318,322,328,330,337,354,355,359,360,369,377,380,401
286:6,30,63,73,79,83,92,99,119,123,125,126,137,150,155,159,160,175,179,201,215,229,256,277,281,296,292,299,308,312,321,322,328,332,350,360,380,395,397,406
287:36,44,55,64,69,91,92,93,94,110,111,120,128,143,173,177,181,188,202,239,260,275,296,291,298,304,312,346,351,358,370,383,388,397,398,404
288:3,6,17,33,34,46,58,82,106,121,168,170,178,187,196,220,227,246,271,277,284,310,293,297,299,301,314,317,356,385,391
289:3,15,21,22,28,33,55,86,92,94,119,139,141,157,164,168,170,173,181,205,215,217,218,225,253,259,285,385,337,341,373,402,407
290:3,9,14,22,82,93,114,130,145,187,212,220,234,259,329,299,303,304,307,321,322,330,369,380,385,386,392
291:3,5,8,9,19,27,43,97,107,119,125,151,154,155,163,172,174,178,183,185,204,218,225,241,257,271,275,279,287,392,305,320,349,350,354,361,395,405,406
292:6,8,11,26,38,56,64,75,91,92,106,142,149,150,153,166,167,210,242,257,286,396,302,305,326,374,392,402
293:11,35,38,57,82,93,117,125,131,140,146,154,169,177,200,204,214,230,233,238,239,240,245,246,248,267,273,274,276,278,288,395,297,344,349,359,378,384,388,400,407
294:10,27,28,39,64,129,132,142,179,186,188,204,218,228,235,237,247,249,256,257,258,271,272,276,318,300,310,323,339,364,367,379,385
295:3,16,39,40,41,74,85,95,138,139,144,158,174,183,194,220,235,262,263,271,381,311,335,338,344,356,362,365
296:1,4,33,53,62,67,74,78,91,109,114,142,165,166,174,209,212,214,225,236,238,244,245,256,285,286,287,362,310,314,323,353,357,378,382,400,407,409
297:13,28,33,34,50,71,86,99,108,109,122,178,187,192,197,212,214,215,221,241,260,270,278,288,293,390,320,321,385,391,395,397,400,403,408
298:23,34,41,43,55,59,79,85,90,101,133,134,142,153,160,168,179,204,206,208,213,231,268,287,343,305,307,317,334,341,351,354,366,370
299:4,11,14,24,37,39,59,68,80,91,104,120,124,128,175,177,239,247,266,270,280,286,288,290,326,306,307,336,345,375,397,406
300:3,15,16,23,44,53,61,72,81,89,98,112,119,121,129,140,154,161,165,184,187,193,195,199,200,201,210,213,222,233,265,269,270,283,284,294,396,318,336,339,381
301:28,29,31,41,44,51,63,69,95,97,131,140,149,171,174,177,185,186,207,226,235,237,271,272,284,288,389,304,319,320,331,334,338,349,376,379,382,385,388,396
302:8,50,59,61,77,86,88,90,96,112,126,145,152,162,165,201,206,218,227,241,248,259,273,274,280,292,370,318,322,338,348,358,365,371,374,393,395,400,406
303:16,22,32,90,103,118,129,153,155,157,167,182,197,200,216,226,227,233,237,245,246,252,254,265,273,279,281,290,310,320,325,331,336,346,347,353,356,374,377
304:7,33,44,79,86,147,149,160,174,182,183,226,230,233,253,274,285,287,290,301,382,325,333,343,350,353,354,363,395
305:10,24,26,36,49,55,59,94,105,146,149,156,162,195,215,223,234,244,248,252,254,257,263,276,277,291,292,298,321,331,334,338,339,350,355,361,388
306:0,43,76,78,81,83,94,110,117,130,143,154,168,172,178,188,197,202,215,224,230,237,251,257,261,268,270,299,309,310,321,354,363,370,374,376,407
307:0,6,15,16,19,22,33,35,64,65,73,136,137,139,149,154,169,173,180,208,221,226,242,246,272,274,290,298,299,383,319,330,332,352,375,377,381,389,392,398
308:0,11,19,43,51,72,74,76,88,129,149,160,179,204,211,224,242,251,286,331,316,326,330,332,333,361,362,387,393,400
309:19,21,23,28,36,61,71,72,99,101,103,105,108,112,125,133,153,167,180,184,187,202,209,212,226,228,235,236,257,261,306,381,314,333,338,351,366,368,396
310:22,54,68,81,92,94,106,142,162,184,190,201,211,215,244,258,268,288,294,296,303,306,394,312,319,323,329,334,340,353,364,377,396,401,405,406,409
311:5,21,24,36,37,46,48,61,62,68,69,80,84,108,111,122,131,141,144,182,214,258,259,295,383,330,359
312:18,30,104,109,110,113,114,123,126,153,156,158,164,184,224,254,278,286,287,310,317,342,359,366,385,396
313:6,38,39,92,95,108,140,141,167,224,229,255,266,272,395,317,355,359,371,393,409
314:13,20,34,54,86,130,137,145,152,167,197,207,209,224,226,233,238,240,241,243,253,261,288,296,309,332,323,338,339,349,373,391,401,402,406
315:7,10,20,41,50,74,79,93,122,126,134,137,161,163,186,218,219,221,222,228,236,245,337,329,335,338,357,362,364,390,391,393,396,399,407
316:23,30,56,73,75,89,103,110,135,157,166,180,215,242,245,259,273,283,308,402,339,349,368,384
317:0,3,10,21,42,44,46,47,58,84,114,118,123,131,132,146,166,173,191,201,235,276,288,298,312,313,362,337,341,342,353,359,370,376,382,388,395,404
318:0,14,39,59,72,93,104,106,114,117,134,143,146,158,178,185,215,217,234,256,276,285,294,300,302,370,334,336,364,366,367,373,374,379,394,400,402,409
319:1,16,66,74,79,83,104,105,106,121,130,137,166,196,204,224,228,234,252,284,301,307,310,388,323,328,329,353,371,380,386,391,396
320:26,33,35,36,38,77,83,110,119,127,134,193,227,228,234,236,259,285,291,297,301,303,329,323,333,365
321:16,24,38,61,69,77,80,83,100,112,200,203,212,221,249,250,273,275,286,290,297,305,306,344,328,333,334,336,337,343,352,358,371,390,391
322:8,17,20,89,97,107,119,128,137,141,145,150,156,160,163,164,168,185,187,215,227,234,242,248,264,270,271,273,285,286,290,302,378,340,349,370,373,383,391,392,404
323:18,20,44,48,78,110,114,117,124,138,165,176,183,184,185,195,211,235,237,260,294,296,310,314,319,320,386,363,374,380,383,399,401
324:13,16,21,29,39,49,50,56,57,63,64,66,83,95,108,153,170,193,196,203,216,221,223,238,249,258,270,273,391,331,347,357,362,371,378,406
325:11,18,32,51,58,93,99,114,118,135,144,147,149,151,189,190,208,227,235,254,280,303,304,376,335,338,344,348,377,397,400,403,409
326:10,25,28,36,59,65,68,82,111,129,131,141,143,158,159,162,163,183,203,210,213,216,234,252,292,299,308,345,343,347,348,366,371,372,386,387
327:6,7,27,40,47,62,72,79,86,91,97,150,158,216,226,255,271,278,280,284,361,343,373,391,406
328:3,8,13,19,70,75,78,100,122,127,128,147,172,179,208,217,232,260,265,285,286,319,321,357,336,370,371,384,407
329:10,11,13,27,32,58,104,119,122,125,131,168,191,203,206,213,234,236,272,290,310,315,319,320,407,354,369,382,402,409
330:11,21,31,37,39,49,77,82,95,96,100,117,120,130,145,180,188,196,199,227,231,268,274,285,290,307,308,311,398,334,339,357,369,373,375,385,395,406
331:52,77,83,105,106,115,129,149,163,174,182,187,188,195,198,210,216,232,261,301,303,305,308,324,391,364,375,376,377,382,396,409
332:2,3,6,16,28,46,50,87,136,146,152,154,158,162,170,189,200,219,248,259,278,281,282,286,307,308,314,380,334,339,364,365,379,385,391
333:1,8,33,34,45,74,75,95,102,128,134,165,166,181,226,248,260,261,271,279,304,308,309,320,321,379,364,374,399,408
334:42,44,53,60,67,80,84,88,102,111,127,164,165,179,182,184,204,220,251,259,273,298,301,305,310,318,321,330,332,405,352,356,357,361,367,391,396
335:8,33,41,43,44,54,58,59,69,82,86,102,103,117,121,132,136,150,153,155,161,178,191,192,196,234,239,249,254,295,315,325,373,342,360,369,372,389,396,397,398
336:6,18,21,26,50,63,83,87,89,109,115,120,122,147,173,178,184,190,201,214,225,282,299,300,303,318,321,328,401,341,368,381
337:1,14,16,36,62,86,89,108,136,140,155,156,164,188,189,199,218,226,229,285,289,315,317,321,373,339,351,356
338:1,4,8,9,14,25,30,49,50,63,68,119,146,147,151,173,193,235,259,295,301,302,305,309,314,315,325,397,346,348,355,364,379
339:8,17,32,41,82,85,87,113,140,142,143,154,161,179,181,186,187,190,195,219,230,236,278,294,300,305,314,316,330,332,337,371,340,351,383,386,396,403,408
340:0,17,42,47,54,57,95,101,120,154,173,187,215,229,241,252,271,281,282,310,322,339,351,352,353,357,378,389,397
341:0,15,19,21,27,28,29,35,48,73,75,78,133,137,146,158,160,168,177,184,241,259,269,270,289,298,317,336,365,360,367,369,374,377,384
342:1,26,30,38,44,46,47,49,62,72,91,114,118,124,143,145,182,187,210,250,312,317,335,348,366,368,385,386,396
343:1,16,23,80,92,105,108,119,120,129,134,152,168,194,205,232,255,298,304,321,326,327,377,348,365,403
344:10,33,37,42,43,89,182,185,201,218,222,224,235,251,254,293,295,321,325,382,348,350,353,362,377,385,397,406,409
345:18,38,42,44,63,68,72,74,97,102,106,113,144,148,153,155,160,226,228,246,258,262,263,269,272,276,282,299,326,370,347,360,367,372
346:19,23,35,51,52,58,86,93,109,112,113,152,162,164,177,185,216,222,257,265,267,280,281,287,303,338,372,362,365,369,371,376,378,383
347:13,21,44,47,65,82,108,116,118,122,126,202,209,227,241,253,261,277,284,303,324,326,345,404,353,355,385,403
348:4,10,13,33,34,60,63,66,80,96,115,121,128,139,160,162,165,181,191,196,221,227,229,263,272,273,283,302,325,326,338,342,343,344,393,353,359,369,376,405
349:27,54,55,59,67,77,79,98,102,108,113,118,124,141,142,147,215,223,238,254,263,268,271,277,282,291,293,301,314,316,322,369,377,393
350:26,30,36,42,46,48,69,77,78,81,87,90,102,118,135,150,164,175,180,186,256,278,286,291,304,305,344,406,378,404
351:11,29,31,38,44,76,87,93,103,121,139,151,162,184,211,218,224,234,236,248,255,261,274,287,298,309,337,339,340,378,368,376,392,396,398,400
352:10,13,16,18,19,22,30,35,36,46,49,66,78,80,87,90,123,135,174,193,197,198,221,224,232,259,262,269,272,307,321,334,340,360,365
353:29,43,44,47,62,85,143,152,169,170,213,225,255,268,284,296,303,304,310,317,319,340,344,347,348,369,355,363,408
354:21,24,31,38,60,67,72,105,106,107,113,122,123,125,140,141,146,158,176,177,203,214,219,220,224,242,285,291,298,304,306,329,390,364,393,404
355:5,8,16,20,32,40,50,72,77,81,86,117,120,167,172,181,187,190,210,217,230,251,266,269,270,285,305,313,338,347,353,377,359,363,380,388,391,399,409
356:8,16,25,28,31,56,81,87,98,105,106,156,157,160,182,183,200,218,233,269,272,276,288,295,303,334,337,405,364,379,381,383,394
357:19,21,45,78,79,87,97,107,113,122,125,136,171,192,199,230,234,241,255,260,276,296,315,324,328,330,334,340,374,386,388,404
358:4,15,26,29,37,57,65,68,88,97,99,105,115,149,153,158,160,170,209,231,274,279,283,284,287,302,321,383,369,373,390,405
359:1,39,74,83,87,88,108,135,157,174,186,199,205,216,224,228,236,241,242,264,267,275,285,293,311,312,313,317,348,355,386,361,365,370,372,374,384,399,404
360:8,21,35,64,89,91,116,129,133,138,160,166,178,187,196,201,208,214,225,226,232,236,252,263,278,285,286,335,341,345,352,373,369,375,376
361:10,13,24,27,52,56,78,104,105,108,110,111,117,121,129,131,154,160,161,163,171,180,184,197,228,230,235,264,271,283,291,305,308,327,334,359,390,376,384,407
362:5,24,28,52,60,68,77,117,125,138,194,195,221,226,255,266,277,280,283,284,295,296,308,315,317,324,344,346,378,364,368,369,375,381,396,400
363:2,8,12,34,74,89,107,143,154,159,160,163,168,177,181,193,194,199,201,207,213,217,219,225,226,257,275,279,304,306,323,353,355,368,375,380,389,404,406
364:9,19,37,40,43,58,60,74,98,99,100,117,134,137,140,144,146,161,173,175,230,239,263,273,281,294,310,315,318,331,332,333,338,354,356,362,369,376,406,407
365:12,18,25,27,33,44,63,78,100,118,132,135,155,173,178,200,228,237,252,262,284,295,302,320,332,341,343,346,352,359,380,387
366:4,13,15,56,71,77,79,84,89,91,111,125,145,155,201,237,243,248,249,251,255,266,298,309,312,318,326,342,405,391,397
367:3,8,12,25,35,60,68,70,76,112,113,118,122,136,160,180,190,220,223,226,227,231,243,245,256,266,272,275,283,294,318,334,341,345,408,369,370,373,378,392,409
368:23,46,71,76,93,97,121,159,165,171,181,186,213,225,228,229,309,316,336,342,351,362,363,404,371,374,375,384,385,396
369:4,8,20,73,81,99,107,112,121,136,139,163,190,200,203,210,244,253,273,285,290,329,330,335,341,346,348,349,353,358,360,362,364,367,404,398
370:11,45,47,71,86,95,97,108,154,155,159,165,179,199,208,214,223,229,248,264,266,283,287,298,302,306,317,318,322,328,345,359,367,386,378,381
371:3,4,17,23,26,27,43,47,58,81,86,88,91,101,106,112,128,142,186,219,220,222,251,254,266,302,313,319,321,324,326,328,339,346,368,380,376,377,386,390,398
372:24,46,56,65,69,72,86,94,106,113,132,145,155,163,167,170,181,192,225,230,275,280,282,326,335,345,346,359,396,402,407
373:9,33,37,43,90,108,129,132,148,168,177,179,201,211,215,221,225,227,231,233,271,289,314,318,322,327,330,335,337,358,360,367,390,389,400,405,408
374:3,6,17,31,34,35,43,47,56,66,79,85,112,126,140,149,161,163,180,185,202,223,233,249,250,257,258,263,272,292,302,303,306,318,323,333,341,357,359,368,394,401,405
375:10,56,65,80,118,144,151,155,160,166,169,184,188,194,197,204,211,235,243,256,273,277,284,299,307,330,331,360,362,363,368,379,383,385,395,407,408,409
376:11,20,31,70,71,72,89,99,105,113,126,132,147,178,187,197,205,223,229,232,244,267,272,301,306,317,325,331,346,348,351,360,361,364,371,381,389
377:20,31,32,41,81,93,95,108,129,167,181,203,211,231,245,265,268,271,273,285,303,307,310,325,331,341,343,344,349,355,371,383,391,396,400
378:21,24,25,29,39,52,61,78,80,98,148,151,158,189,193,215,224,230,231,242,251,269,280,293,296,322,324,340,346,350,351,362,367,370,405,395
379:5,8,20,24,30,38,66,67,70,74,93,100,124,136,165,168,180,184,194,199,200,203,215,239,274,275,294,301,318,332,333,338,356,375,394,382,387
380:9,12,41,60,88,98,107,133,136,142,151,153,166,202,204,205,212,225,235,255,264,272,285,286,290,319,323,332,355,363,365,371,384,391,409
381:26,42,49,58,118,119,179,183,184,189,192,207,214,219,251,295,300,307,309,336,356,362,370,376,395,385,403
382:2,5,28,46,47,48,54,64,69,75,81,85,103,119,134,158,159,195,207,223,242,271,276,296,301,304,317,329,331,344,379,396,409
383:2,21,32,45,46,71,85,88,105,123,125,137,140,192,242,245,252,258,280,284,287,307,311,322,323,339,346,356,358,375,377,385,386,395,401
384:22,34,43,47,54,55,70,72,76,84,94,99,121,130,137,141,147,195,213,214,215,222,228,259,284,293,316,328,341,359,361,368,380,390,395,405
385:9,13,43,46,55,66,76,81,102,104,105,114,134,150,153,185,189,202,208,210,212,219,232,235,246,247,260,266,275,288,289,290,294,297,301,312,330,332,342,344,347,368,375,381,383,393,390
386:7,35,39,46,93,110,116,117,121,125,126,127,133,141,159,188,190,198,207,209,238,244,249,252,256,263,280,290,319,323,326,339,342,357,359,370,371,383,403,391,406
387:14,24,30,33,36,75,97,132,140,150,162,163,168,171,174,220,233,235,240,250,276,279,280,308,326,365,379,399,403
388:18,31,34,52,56,93,96,103,105,121,124,130,155,171,198,207,220,221,246,247,254,263,269,274,287,293,301,305,317,319,355,357,407,406,409
389:17,19,35,61,71,82,90,121,133,136,168,176,182,203,209,218,230,233,247,271,278,282,301,307,335,340,363,373,376,394,405,406
390:21,61,83,86,121,143,185,188,201,218,221,232,236,240,261,271,272,297,315,321,354,358,361,371,373,384,385,392
391:17,21,25,50,56,62,133,141,144,157,171,173,180,183,197,214,216,249,268,273,276,288,297,314,315,319,321,322,324,327,331,332,334,355,366,377,380,386,392,400
392:11,32,43,45,47,55,71,118,168,172,180,191,211,237,249,264,284,290,291,292,307,322,351,367,390,391,402,401
393:14,16,19,39,46,63,75,77,112,129,138,169,192,207,230,239,259,272,302,308,313,315,348,349,354,385,399,395
394:49,51,85,92,108,109,138,164,167,179,214,226,227,249,256,282,310,318,356,374,379,389,397
395:4,14,22,28,29,30,52,61,97,105,107,123,125,131,145,152,169,170,181,183,194,218,231,233,239,254,258,286,291,293,297,302,304,313,317,330,375,378,381,383,384,393,398
396:5,20,48,62,78,92,93,113,121,140,149,160,200,250,260,268,276,278,292,300,301,309,310,312,315,319,331,334,335,339,342,351,362,368,372,377,382,399
397:9,15,26,28,62,67,71,95,101,113,118,127,128,141,155,156,213,231,251,286,287,297,299,325,335,338,340,344,366,394,407
398:11,27,28,43,50,54,80,100,140,150,166,181,195,196,201,206,241,247,277,283,287,307,330,335,351,369,371,395,399
399:7,9,38,41,51,65,109,112,124,136,138,141,145,150,152,158,168,170,175,186,193,199,208,217,222,225,235,261,267,280,284,315,323,333,355,359,387,393,396,398,402,406
400:5,13,14,37,38,40,44,50,59,80,83,84,86,97,135,153,170,179,183,202,203,226,243,251,253,260,266,284,293,296,297,302,308,318,325,351,362,373,377,391,404,402
401:8,12,65,73,90,133,150,177,179,186,233,235,246,267,285,310,314,323,336,374,383,392,405,403,409
402:6,14,18,21,41,65,68,69,75,88,91,109,119,121,122,129,154,160,174,177,179,180,194,196,215,247,254,261,263,289,292,314,316,318,329,372,392,399,400,406
403:29,36,50,61,80,85,90,94,99,111,119,121,132,135,157,175,188,194,200,235,237,247,281,297,325,339,343,347,381,386,387,401,406
404:16,27,51,52,63,76,79,86,111,114,123,132,159,177,231,272,284,287,317,322,347,350,354,357,359,363,368,369,400,408,406
405:6,8,9,12,13,24,33,38,43,47,51,56,62,85,139,163,170,173,179,184,188,218,247,252,274,275,291,310,334,348,356,358,366,373,374,378,384,389,401,406
406:0,26,35,40,46,47,57,67,69,70,78,89,102,135,148,164,181,182,216,226,252,265,272,280,286,291,299,302,310,314,324,327,330,344,350,363,364,386,388,389,399,402,403,404,405,407
407:4,25,73,88,105,117,119,125,131,133,145,157,170,183,219,267,271,276,277,289,293,296,306,315,328,329,361,364,372,375,388,397,406,409
408:3,6,40,41,46,47,49,56,57,64,78,90,111,115,123,139,174,180,182,184,196,207,225,252,253,262,281,297,333,339,353,367,373,375,404,409
409:29,30,32,49,52,57,88,115,131,152,174,176,195,206,212,226,258,259,275,296,310,313,318,325,329,331,344,355,367,375,380,382,388,401,407,408
