0:469,1,18,50,58,61,68,76,95,131,139,140,150,159,177,187,208,217,218,219,230,234,236,248,258,267,286,290,306,315,324,340,349,360,364,379,386,392,433,434
1:0,373,11,28,52,73,90,102,111,120,144,156,171,218,249,251,275,339,356,375,376,377,430,437,439,460,462
2:136,4,28,32,54,64,65,112,134,179,195,202,212,261,280,283,300,307,317,366,406,442,445,453,469,480
3:322,57,105,109,115,116,120,131,137,162,175,180,213,222,232,250,251,263,303,361,409,415,420,430,435,441,464,465,466,477
4:2,484,45,51,98,109,137,166,200,209,215,220,231,239,257,265,305,331,346,355,356,360,363,396,400,412,442,468
5:397,19,34,55,62,128,132,212,228,237,253,262,287,295,308,321,343,346,348,371,386,394,413,429,431,468,469
6:144,12,25,47,50,52,55,59,75,76,99,107,110,132,140,156,159,190,228,250,264,269,293,296,369,371,414,431,442,448,459,460,478
7:88,19,62,64,78,122,139,146,156,159,197,267,318,343,344,348,371,378,381,397,407,419,424,476,479
8:467,24,28,102,107,141,163,181,199,228,230,236,246,247,261,278,279,299,320,323,334,373,382,406,417,419,423,424,425,428,441,449,457,473
9:372,25,26,37,52,68,80,94,111,125,134,146,150,171,182,217,223,230,237,239,257,275,298,320,322,326,350,376,390,391,407,464
10:98,17,41,42,151,156,171,178,179,212,238,253,307,318,320,362,365,405,421,422,425,432,443,446
11:1,258,22,31,34,39,44,51,77,96,99,102,108,145,154,179,193,265,281,295,300,301,321,328,340,358,389,391,399,450,458
12:6,453,18,24,40,48,57,58,93,128,154,157,158,174,238,245,253,267,285,294,298,306,344,367,368,393,395,422,454,466
13:122,27,31,57,66,68,71,94,111,127,134,157,167,188,208,215,228,239,254,278,281,297,301,305,318,325,336,348,351,354,370,374,452
14:137,30,96,139,157,158,195,200,251,260,283,294,311,327,347,355,370,387,439,451,472,486
15:198,38,56,97,142,159,160,183,218,220,223,227,232,240,241,266,377,402,403,419,470,481
16:231,21,22,26,34,37,65,69,78,83,84,104,119,121,146,153,172,180,183,186,215,220,227,252,254,266,297,298,306,315,316,350,354,379,403,408,416,426,447,451,462,465
17:10,263,39,49,52,53,66,70,86,102,136,162,165,176,183,201,206,208,228,233,247,253,288,300,305,306,343,347,373,409,417,418
18:0,12,42,66,74,104,111,146,149,240,249,251,259,264,276,290,297,312,313,329,334,364,369,384,396,427,436,474
19:5,7,220,69,74,76,86,89,98,108,117,122,138,140,164,170,181,186,192,199,216,291,306,310,313,331,360,365,386,398,416,423,433,455,461,463,472
20:371,23,35,42,48,52,76,109,128,141,187,191,222,223,224,231,274,302,328,357,358,374,414,417,419,440,446
21:16,326,38,83,108,141,148,168,169,173,186,193,210,251,263,264,272,275,284,286,299,320,355,387,388,403,408,445,471,472,474
22:11,16,338,68,78,105,112,124,128,137,140,150,213,215,216,220,235,244,252,253,272,284,287,342,343,362,375,376,426,439,445,448,453,463,482,488
23:20,40,28,43,67,78,81,94,106,128,133,141,142,154,165,169,176,179,180,187,191,239,270,276,278,283,329,345,350,369,398,403,407,413,423,459,462,464,486
24:8,12,56,55,59,75,84,88,91,114,136,139,141,151,187,189,213,221,244,250,286,288,294,304,353,380,382,407,412,414,416,438,444,448,460
25:6,9,400,37,51,59,62,63,66,73,99,107,116,126,150,217,229,231,248,313,381,382,390,425,432,436,467,472,481
26:9,16,426,27,37,97,108,115,196,202,224,236,244,248,255,265,278,298,300,302,311,330,341,355,364,367,374,383,392,398,410,416,467,475
27:13,26,47,69,82,100,137,143,155,167,185,231,241,259,266,275,278,329,330,341,348,381,397,402,448,455,460,475,477,485,487
28:1,2,8,23,350,32,77,79,81,89,153,157,180,185,253,277,298,375,380,413,467,475,476,480
29:286,32,35,52,53,74,81,139,141,160,165,170,185,203,213,246,257,265,301,310,312,331,344,356,363,368,415,425,428,458,464,465,489
30:14,58,45,51,63,68,89,92,99,120,158,166,168,215,218,220,234,244,269,286,287,312,317,329,343,381,395,403,417,443,447
31:11,13,401,32,81,89,91,104,111,121,125,132,136,144,148,204,228,241,308,330,340,344,368,385,407,417,438,449,452,466
32:2,28,29,31,260,38,44,51,54,60,76,103,114,122,145,151,165,192,195,210,221,224,235,254,275,276,282,293,309,311,313,347,368,392,410,412,422,449,459
33:245,34,42,55,64,110,113,123,124,144,223,261,285,287,367,372,374,377,381,383,430,436,441,442,449
34:5,11,16,33,62,36,38,48,60,82,96,123,126,142,144,145,181,211,252,303,306,369,392,395,397,414,424,459,463,486
35:20,29,138,55,110,120,147,148,163,166,183,192,195,204,205,206,261,287,290,336,344,371,383,395,401,406,410,465,469,480
36:34,460,54,76,102,109,148,153,163,166,167,176,182,236,237,262,291,293,304,307,322,425,474,485
37:9,16,25,26,376,52,60,76,84,97,101,112,152,185,187,194,212,214,245,265,274,299,302,312,324,328,332,340,345,349,370,389,397,410,411,427,431,463,479,481,486
38:15,21,32,34,312,52,88,115,137,140,169,183,193,195,197,222,228,283,315,328,336,346,347,372,384,418,419,422,453,458,471
39:11,17,452,53,70,79,83,84,91,92,96,99,106,111,132,173,202,214,228,232,241,279,320,337,349,367,380,402,415,422,425,441,445,447,458,482,484,486
40:12,23,80,50,87,112,113,154,157,195,205,234,237,241,242,256,285,286,311,315,331,334,402,408,413,418,421,426,436,441,453,456,457,460
41:10,455,45,47,49,59,77,88,91,112,153,161,204,225,233,247,259,276,308,352,369,381,394,438,448,466,477,479
42:10,18,20,33,204,51,59,80,104,172,180,203,208,220,255,294,320,325,337,341,354,368,374,399,409,422,450,480
43:23,273,59,69,101,111,122,125,135,140,156,162,166,178,186,190,191,196,210,228,256,262,305,333,348,387,399,403,406,411,418,445,464,474,486
44:11,32,411,49,58,78,100,110,130,140,143,157,165,183,207,208,222,246,256,295,331,332,341,384,391,392,407,420,457,484
45:4,30,41,354,74,116,119,127,132,137,168,184,188,201,209,240,277,309,355,366,371,383,390,439,464,466
46:423,90,112,129,182,192,200,206,220,225,229,323,335,339,354,445,450,458,468,479
47:6,27,41,212,68,72,76,108,113,115,134,151,164,184,188,194,199,235,271,289,294,304,312,317,324,339,346,357,368,387,413,431,474,483
48:12,20,34,324,63,69,90,148,174,178,195,196,220,227,240,241,254,339,356,360,377,382,389,390,396,401,404,405,411,451,471,477
49:17,41,44,197,65,77,97,100,146,165,167,173,205,289,299,303,369,373,389,395,412,419,426,433,458,477
50:0,6,40,245,70,79,81,91,104,105,112,145,150,151,160,180,190,199,203,218,222,225,226,233,253,259,266,272,295,318,332,333,411,420,432,433,454,455,460,482
51:4,11,25,30,32,42,166,54,56,62,64,73,100,108,109,151,182,196,202,204,205,211,224,240,258,276,324,327,329,359,365,371,377,410,412,424,436,467
52:1,6,9,17,20,29,37,38,122,89,107,121,147,157,168,199,234,238,254,259,269,286,323,344,358,379,394,415,424,428,457,469,470
53:17,29,39,473,67,76,112,119,128,169,182,241,244,264,299,306,318,329,352,364,377,386,396,402,403,425,430,434,438,451,459,470,475,480,482,489
54:2,32,36,51,371,70,83,105,123,127,128,141,147,181,233,244,246,261,281,292,313,314,332,365,367,394,406,415,420,480,485
55:5,6,24,33,35,153,73,82,91,107,147,157,167,168,197,203,220,224,225,250,254,281,305,307,350,362,367,373,375,481
56:15,24,51,138,66,95,103,105,113,118,119,147,151,183,192,209,217,219,227,270,302,320,340,359,368,371,382,391,409,415,438,448,450,477
57:3,12,13,60,65,74,89,92,112,128,138,151,185,191,197,211,214,236,238,240,254,310,366,420,425,437,449,461,478,481
58:0,12,30,44,235,105,109,143,148,156,170,190,221,230,244,265,283,378,395,405,409,451,454,464
59:6,24,25,41,42,43,259,92,143,145,194,202,226,271,276,296,318,337,361,363,367,374,380,406,412,417,433,443,453,458
60:32,34,37,57,267,85,100,126,147,164,173,193,234,259,283,293,297,324,329,341,362,400,416,442,452,459,479
61:0,452,96,122,128,136,165,177,203,230,234,240,266,283,293,332,337,426,430,440,483
62:5,7,25,34,51,415,155,185,193,234,314,336,367,370,379,382,438,440,454,458,468,482
63:25,30,48,458,176,178,179,209,211,216,229,235,238,253,297,304,309,324,335,343,378,425,450,452,478
64:2,7,33,51,401,67,85,101,107,156,185,216,218,231,269,272,293,302,314,317,373,375,378,387,389,414,431,450,452
65:2,16,49,57,350,70,79,85,93,101,113,127,149,176,186,190,192,199,209,225,234,255,284,324,326,340,353,356,382,388,391,393,418,431,463,481
66:13,17,18,25,56,281,78,80,116,131,143,154,155,179,197,201,229,266,267,302,303,335,386,405,431,434,452
67:23,53,64,178,97,115,146,177,197,231,251,262,266,269,312,319,353,369,379,380,414,446,451
68:0,9,13,22,30,47,247,97,115,117,143,170,180,194,197,258,267,277,280,286,294,316,338,349,382,385,394,396,413,422,435,460,480,483
69:16,19,27,43,48,382,106,109,132,141,156,178,179,210,212,220,231,239,271,276,283,294,314,330,362,393,409,411,415,425,462,468
70:17,39,50,54,65,346,82,86,94,97,102,131,132,175,189,197,209,238,249,272,278,308,325,358,412,438,442,480
71:13,222,141,143,165,168,193,196,259,271,299,304,324,377,386,391,393,451,489
72:47,485,83,107,116,126,140,143,166,171,192,198,206,218,225,267,284,289,299,324,350,389,459,474,486
73:1,25,51,55,250,89,123,134,141,183,200,209,211,214,226,241,244,254,283,316,318,334,416,438,443,489
74:18,19,29,45,57,487,80,95,112,144,145,200,235,256,258,314,341,353,381,388,393,412,413,420,424,455,475,482,488
75:6,24,116,78,102,119,130,141,199,215,241,248,256,257,265,266,310,315,328,334,362,378,379,380,392,400,406,433,471,473
76:0,6,19,20,32,36,37,47,53,274,79,100,129,152,153,217,264,265,275,305,321,335,340,342,377,398,422,460,464,472
77:11,28,41,49,131,82,83,87,96,99,105,109,115,122,124,163,169,226,232,238,239,249,254,263,269,289,304,305,347,364,369,404,418,421,432,451,462
78:7,16,22,23,44,66,75,241,86,88,90,105,108,114,141,146,159,170,184,206,239,250,277,278,282,301,315,318,319,340,345,347,383,384,407,419,453,474,485
79:28,39,50,65,76,93,108,128,144,147,159,174,195,215,289,305,327,341,385,405,422,427,434,441,448,461,471,473,475
80:9,40,42,66,74,173,82,115,142,145,169,266,279,299,319,324,327,357,369,380,399,403,413,420,424,430,435,446,447,454
81:23,28,29,31,50,303,94,148,153,168,174,186,202,248,258,292,293,306,308,309,311,314,336,337,382,386,390,417,422,454,471,472,480
82:27,34,55,70,77,80,433,129,142,143,145,147,155,165,177,192,195,208,226,231,237,262,280,312,364,395,405,419,436,451,464,466
83:16,21,39,54,72,77,302,87,106,129,155,165,171,208,209,235,244,291,297,307,338,366,378,387,427,442,472,474
84:16,24,37,39,114,126,154,159,161,171,190,205,206,211,228,306,307,324,334,337,338,346,357,365,375,405,407,447,450
85:60,64,65,95,87,116,139,158,222,235,239,246,248,304,310,318,357,396,397,418,419,445,449,458
86:17,19,70,78,162,99,104,147,166,167,169,223,228,252,263,267,287,296,318,323,339,344,400,426,431,432,438,445,484
87:40,77,83,85,173,90,133,134,152,156,180,209,238,256,309,332,362,379,413,416,488
88:7,24,38,41,78,92,98,105,117,121,190,208,226,268,288,364,368,371,394,396,423,476
89:19,28,30,31,52,57,73,332,112,113,123,137,138,141,143,145,149,152,158,188,199,218,227,237,242,265,270,294,299,316,336,375,441,485
90:1,46,48,78,87,480,96,126,171,177,209,214,228,236,248,296,316,339,361,377,388,392,405,413,435,439,471
91:24,31,39,41,50,55,206,128,131,195,205,222,241,251,277,281,300,336,353,382,392,411,420,437,470
92:30,39,57,59,88,289,97,115,125,139,143,172,190,192,225,228,240,257,290,337,388,394,407,419,462,464,479,481,485
93:12,65,79,240,111,123,148,216,220,221,249,256,287,345,361,376,393,410,416,419,430,448
94:9,13,23,70,81,290,96,108,149,202,204,209,253,264,293,294,295,299,307,316,352,378,391,392,420,449,458
95:0,56,74,85,201,130,146,169,184,219,222,238,264,289,293,332,353,355,364,373,379,386,396,412,413,426,429,443,480
96:11,14,34,39,61,77,90,94,458,104,109,111,143,144,228,276,283,333,335,353,373,386,402,405,424,477,482
97:15,26,37,49,67,68,70,92,373,129,149,181,186,211,232,241,250,251,281,285,327,328,367,372,375,382,429,453
98:4,10,19,88,218,127,153,166,168,180,187,197,198,203,204,233,246,274,293,297,310,334,363,412,443,450,456,482,485
99:6,11,25,30,39,77,86,468,111,119,137,143,176,192,193,195,196,209,229,230,238,330,335,403,404,427,450,463
100:27,44,49,51,60,76,200,125,136,141,151,181,202,218,221,240,243,281,299,324,329,330,343,345,346,358,398,407,413,425,431,438,476,477,488
101:37,43,64,65,134,117,142,185,204,231,233,253,268,297,338,369,370,374,388,420,432,437,455,469,482,483
102:1,8,11,17,36,70,75,230,107,130,131,146,150,160,209,237,263,275,305,335,391,448,449,465
103:32,56,309,112,116,124,137,158,162,165,175,191,229,237,260,268,292,347,423,426,437,446,452
104:16,18,31,42,50,86,96,256,111,146,173,240,260,269,289,339,363,369,377,398,414,424,435,443,447,473
105:3,22,50,54,56,58,77,78,88,152,141,170,173,177,201,278,298,307,314,320,324,356,358,390,441,470
106:23,39,69,83,197,108,158,183,201,238,240,252,253,270,272,276,301,322,328,330,351,363,366,381,388,389,390,409,415,436,447,454,464,466,475
107:6,8,25,52,55,64,72,102,223,128,132,140,152,159,169,207,214,217,221,225,226,278,295,302,324,345,346,388,392,397,402,445,446,448,457,489
108:11,19,21,26,47,51,78,79,94,106,111,140,151,155,177,181,190,286,292,313,338,339,350,354,366,378,416,428,456,462
109:3,4,20,36,51,58,69,77,96,208,110,126,136,137,149,156,164,188,199,232,274,284,301,312,335,347,355,380,382,393,427,437,453,463,464,468,476
110:6,33,35,44,109,165,130,171,177,202,214,223,249,261,268,275,282,285,291,294,313,329,339,361,365,371,380,398,426,471,479,484
111:1,9,13,18,31,39,43,93,96,99,104,108,359,117,127,152,158,166,182,185,192,210,218,219,275,306,311,316,329,330,342,358,369,371,375,386,406,410,426,444
112:2,22,37,40,41,46,50,53,57,74,89,103,213,115,133,158,173,194,201,217,222,230,235,297,299,303,307,317,324,334,336,341,364,374,389,391,451,467,484,486
113:33,40,47,56,65,89,136,137,148,184,186,191,223,225,305,319,340,365,379,391,403,415,457,465,478,488
114:24,32,78,84,370,147,158,159,165,173,190,200,215,245,266,331,351,376,386,400,401,433,436,469,478
115:3,26,38,47,67,68,77,80,92,112,332,122,132,137,149,166,210,217,245,261,265,283,293,322,328,369,374,398,399,401,407,415,426,437,467,480
116:3,25,45,66,72,75,85,103,266,189,201,202,234,241,252,262,292,293,302,320,359,371,393,413,430,454,457,463,476
117:19,68,88,101,111,283,131,135,174,177,213,214,219,223,258,263,282,293,298,347,371,378,421,428,437,463,485
118:56,443,132,145,154,156,157,169,170,196,214,222,226,251,307,319,325,356,364,392,399,419,432,437,456,459
119:16,45,53,56,75,99,156,122,130,147,169,180,196,197,218,232,255,270,275,308,309,317,321,329,339,342,352,395,417,420,486
120:1,3,30,35,303,121,130,135,165,169,177,233,237,250,254,267,269,275,281,283,287,313,363,365,367,374,385,401,416,425,454,458,467
121:16,31,52,88,120,169,175,182,211,251,259,262,266,276,284,297,307,310,311,324,363,372,378,411,447,458,460,466,467,480,481
122:7,13,19,32,43,52,61,77,115,119,477,163,169,175,236,271,277,280,288,306,310,318,324,325,331,339,345,376,386,391,426,433,437,459,466,481,483
123:33,34,54,73,89,93,378,146,161,186,199,206,211,216,234,259,281,296,303,320,324,333,336,352,376,402,409,415,418
124:22,33,77,103,259,125,130,137,140,145,146,148,164,188,214,217,256,266,293,306,318,331,332,338,354,396,456,458,468,477,487,489
125:9,31,43,92,100,124,322,132,136,139,143,172,173,185,208,214,216,218,225,250,252,253,254,256,267,271,280,326,368,390,415,416,460,467
126:25,34,60,72,84,90,109,371,129,194,202,216,233,277,295,296,314,322,346,367,414,421,422,428,429,451,489
127:13,45,54,65,98,111,285,132,169,194,207,208,215,236,238,258,262,275,301,312,313,361,364,374,395,397,430,454
128:5,12,20,22,23,53,54,57,61,79,91,107,167,136,179,184,193,209,222,225,275,294,321,338,347,359,368,369,386,393,408,418,422,434,438,449
129:46,76,82,83,97,126,337,154,162,202,214,219,224,244,247,254,256,362,373,397,400,415,424,450,458,474,479,480
130:44,75,95,102,110,119,120,124,172,138,140,164,191,195,214,217,227,258,265,293,313,325,328,344,355,370,378,391,401,403,405,407,422,430,452,458,469,478
131:0,3,66,70,77,91,102,117,377,141,157,205,216,221,226,235,243,245,277,295,308,328,329,331,350,357,360,362,367,369,390,398,417,461,462,474,485
132:5,6,31,39,45,69,70,107,115,118,125,127,285,152,163,177,192,232,270,276,283,328,354,406,429,436,448,484
133:23,87,112,312,142,203,206,228,239,277,280,352,370,376,394,412,458
134:2,9,13,47,73,87,101,293,146,152,158,186,190,192,198,199,216,222,241,259,265,275,277,307,327,368,393,400,420,424,438,450,481
135:43,117,120,161,177,189,245,247,251,293,297,317,355,381,399,409
136:2,17,24,31,61,100,109,113,125,128,209,142,169,188,199,204,215,242,289,311,312,329,338,342,346,360,392,401,443,463,468,469,480,485
137:3,4,14,22,27,38,45,89,99,103,109,113,115,124,150,139,157,159,163,193,197,209,224,237,238,245,254,267,287,328,377,397,415,436,449,451,452
138:19,35,56,57,89,130,486,154,157,167,225,253,260,279,281,297,350,379,386,389,404,431,444,464
139:0,7,14,24,29,85,92,125,137,290,155,186,224,245,254,265,266,268,269,280,295,301,319,336,346,348,391,407,408,419,442,447,459,465,466,480,482
140:0,6,19,22,38,43,44,72,107,108,124,130,305,149,160,173,188,196,218,260,262,266,273,274,289,300,310,331,344,348,356,383,417,436,437,446
141:8,20,21,23,24,29,54,69,71,73,75,78,89,100,105,131,472,163,184,190,196,204,225,258,283,285,291,331,338,345,356,367,373,404,420,423,474,480
142:15,23,34,80,82,101,133,136,373,168,225,230,246,254,295,298,336,338,357,372,395,404,435,436,437,465,480,484
143:27,44,58,59,66,68,71,72,82,89,92,96,99,125,346,163,164,170,174,199,201,203,205,208,215,224,249,261,264,272,285,305,328,347,355,363,411,426,449,462
144:1,6,31,33,34,74,79,96,218,172,173,244,281,287,292,316,317,344,351,355,393,434,436,479,486
145:11,32,34,50,59,74,80,82,89,118,124,204,155,178,187,223,239,265,271,272,289,291,294,318,346,355,362,372,383,443,456,477,484,485
146:7,9,16,18,49,67,78,95,102,104,123,124,134,307,175,199,248,256,257,293,302,322,334,347,373,421,447,487
147:35,52,54,55,56,60,79,82,86,114,119,425,161,169,176,190,220,228,230,235,291,294,295,297,322,325,365,372,389,400,419,442,477
148:21,31,35,36,48,58,81,93,113,124,311,175,213,219,228,250,254,266,275,280,317,324,358,371,405,419,430,455,488
149:18,65,89,94,97,109,115,140,466,157,183,221,244,253,328,364,419,424,430,479,484
150:0,9,22,25,50,102,137,459,153,162,170,171,224,237,262,272,274,281,283,289,293,294,313,339,358,359,377,380,417,427,454,460
151:10,24,32,47,50,51,56,57,100,108,371,211,226,231,260,288,289,296,307,330,350,384,387,454
152:37,76,87,89,105,107,111,132,134,345,192,212,230,315,320,323,337,373,377,381,415,423,424,425,439,474,475
153:16,28,36,41,55,76,81,98,150,350,166,197,198,254,255,262,266,284,298,306,340,355,365,391,402,422,439,445,455,458,459,466,475
154:11,12,23,40,66,84,118,129,138,330,173,227,236,272,273,290,297,316,318,360,361,376,395,453,486
155:27,62,66,82,83,108,139,145,468,158,160,163,167,238,286,302,314,323,340,371,378,388,394,395,396,411,419,445
156:1,6,7,10,43,58,64,69,87,109,118,119,182,157,186,188,190,197,206,207,218,230,304,323,336,353,363,372,378,382,426,433,443,444,453,458,471,485
157:12,13,14,28,40,44,52,55,118,131,137,138,149,156,170,161,164,167,198,204,214,273,301,309,312,333,346,347,357,364,374,377,387,391,398,409,417,420,451
158:12,14,30,85,89,103,106,111,112,114,134,155,220,176,177,186,214,223,225,226,232,239,254,272,286,303,348,398,406,409,414,426,439,464
159:0,6,7,15,78,79,84,107,114,137,306,162,204,240,279,287,303,308,322,342,349,357,392,412,413,456,457,458,462,466,468,474,480
160:15,29,50,102,140,155,181,170,178,204,211,224,230,284,312,324,341,354,371,373,409,426,436,451,453,475,477,481,484
161:41,84,123,135,147,157,422,165,178,203,214,224,231,264,270,304,317,322,358,424,439,464,469
162:3,17,43,86,103,129,150,159,469,180,216,229,241,251,286,295,299,302,311,320,359,373,396,421,426,456
163:8,35,36,77,122,132,137,141,143,155,447,166,169,183,187,242,255,296,312,330,336,360,365,393,422,433,466,489
164:19,47,60,109,124,130,143,157,322,182,190,228,255,267,291,296,304,305,328,342,346,362,380,391,396,402,436,439,462
165:17,23,29,32,44,49,61,71,82,83,103,110,114,120,161,353,168,197,240,261,284,288,289,298,303,308,309,314,329,335,336,367,409,427,435,437,457,463,481,486
166:4,30,35,36,43,51,72,86,98,111,115,153,163,280,186,249,267,291,296,327,353,367,430,481,484
167:13,27,36,49,55,86,128,138,155,157,472,170,185,198,222,238,239,274,284,294,318,320,340,380,392,435,438,456,483
168:21,30,45,52,55,71,81,98,142,165,225,208,218,241,265,292,295,330,359,362,385,408,426,434,456,460,463,466,482
169:21,23,38,53,77,80,86,95,107,118,119,120,121,122,127,136,147,163,483,201,203,208,218,244,246,265,267,275,289,290,328,335,338,394,424,437,446,464,474,485
170:19,29,58,68,78,105,118,143,150,157,160,167,435,190,211,214,228,259,264,279,330,348,349,384,393,409,411,419,422,423,426,428,431,434,436,443,463,479
171:1,9,10,72,83,84,90,110,150,327,175,176,221,235,255,290,301,311,321,361,363,394,400,418,438,453,460
172:16,42,92,125,130,144,262,183,198,220,233,251,278,285,289,333,335,348,360,368,375,382,383,423,433,436,447,453,456,464,473,476,484,486,488
173:21,39,49,60,80,87,104,105,112,114,125,140,144,154,303,174,197,199,268,285,287,332,348,351,352,354,355,361,369,402,413,424,426,450,455,459,480
174:12,48,79,81,117,143,173,295,179,183,221,230,243,267,268,286,344,349,366,400,406,421,441,446,447,454,480
175:3,70,103,121,122,146,148,171,487,184,215,218,220,237,255,264,267,284,300,330,354,365,376,381,403,414,431,455,473,479
176:17,23,36,63,65,99,147,158,171,218,187,211,269,337,357,387,430,444,452,465
177:0,61,67,82,90,105,108,110,117,120,132,135,158,312,222,261,269,274,283,321,324,360,396,398,435,445,465,466,483
178:10,43,48,63,67,69,145,160,161,379,189,217,223,235,236,261,270,297,340,343,366,382,389,403,411,447,477,485
179:2,10,11,23,63,66,69,128,174,420,199,205,213,218,268,348,351,374,386,423,458,484,486
180:3,16,23,28,42,50,68,87,98,119,162,250,199,229,259,290,303,327,340,355,361,362,368,421,438,442,462,464
181:8,19,34,54,97,100,108,160,220,187,211,218,226,236,261,271,278,280,286,291,341,365,373,380,442,463,467,482,489
182:9,36,46,51,53,111,121,156,164,261,236,280,306,356,359,381,422,436,476,478
183:15,16,17,35,38,44,56,73,106,149,163,172,174,279,230,296,337,346,359,365,385,394,397,409,427,430,441,460
184:45,47,78,95,113,128,141,175,241,188,215,275,294,325,384,387,414,486
185:27,28,29,37,57,62,64,101,111,125,167,230,187,196,199,215,234,240,316,336,352,353,376,389,407,434,448,449,459,468,477
186:16,19,21,43,65,81,97,113,123,134,139,156,158,166,289,188,212,221,232,243,254,272,280,290,292,296,306,307,372,384,408,424,440,447,452,453,455,466,471,488
187:0,20,23,24,37,98,145,163,176,181,185,292,196,198,199,204,225,239,240,246,258,264,265,275,281,297,337,367,389,394,405,472
188:13,45,47,89,109,124,136,140,156,184,186,206,199,227,238,244,281,287,293,294,333,345,362,369,451,488
189:24,70,116,135,178,237,200,203,263,271,291,338,339,341,374,376,385,386,387,431,438,440,459,467,473,489
190:6,43,50,58,65,84,88,92,108,114,134,141,147,156,164,170,481,212,269,285,291,299,321,367,402,404,424,440,468,471,478
191:20,23,43,57,103,113,130,302,200,253,286,349,370,440,451,485
192:19,32,35,46,56,65,72,82,92,99,111,132,134,152,440,219,258,277,279,281,316,367,378,379,412,421,468,489
193:11,21,38,60,62,71,99,128,137,388,197,200,223,304,337,346,363,380,398,422,457,466
194:37,47,59,68,112,126,127,306,203,213,226,237,282,300,309,325,334,343,345,348,363,365,366,418,419,424,440,465,483,485
195:2,14,32,35,38,40,48,79,82,91,99,130,262,208,213,231,252,259,267,279,293,297,317,319,323,362,400,402,407,449,462,473
196:26,43,48,51,71,99,118,119,140,141,185,187,215,198,254,275,279,290,315,316,325,346,355,384,392,407,410,428,432,452,458,469,488
197:7,38,49,55,57,66,67,68,70,98,106,119,137,153,156,165,173,193,476,225,227,269,281,289,294,317,319,324,346,377,407,421,426,483
198:15,72,98,134,153,157,167,172,187,196,330,205,207,252,294,353,368,370,384,393,432,437,445,448,449,454
199:8,19,47,50,52,65,75,89,109,123,134,136,143,146,173,179,180,185,187,188,324,223,226,231,246,269,277,292,302,306,310,317,338,416,437,451
200:4,14,46,73,74,100,114,189,191,193,414,201,204,208,211,213,227,229,311,313,357,361,363,366,367,374,386,428,459,468,472,480
201:17,45,66,95,105,106,112,116,143,169,200,344,249,250,261,276,287,299,311,329,339,341,389,416,450,476,479
202:2,26,39,51,59,81,94,100,110,116,126,129,340,231,234,241,250,269,271,325,328,332,358,402,422,438,453,455,457
203:29,42,50,55,61,98,133,143,161,169,189,194,333,206,249,269,303,326,331,347,350,370,376,380,395,403,412,417,450,456,470,472
204:31,35,41,42,51,94,98,101,136,141,145,157,159,160,187,200,243,237,249,256,261,275,276,301,340,341,355,373,387,425,430,431,440,469,473
205:35,40,49,51,84,91,131,143,179,198,333,215,254,260,266,272,283,286,296,301,313,343,368,383,385,390,397,406,416,420,425,450,464,479
206:17,35,46,72,78,84,91,123,133,156,188,203,233,230,237,238,257,261,271,282,283,288,294,298,389,402,420,426,433,469,479,481,483
207:44,107,127,156,198,472,228,237,245,255,259,270,276,283,288,324,328,351,376,403,428,437,455
208:0,13,17,42,44,82,83,88,109,125,127,143,168,169,195,200,368,238,241,250,259,279,297,305,349,351,354,370,383,386,391,395,403,436,438,446,479,483,487
209:4,45,56,63,65,70,73,83,87,90,94,99,102,128,136,137,378,227,239,243,268,286,298,300,301,353,370,383,388,391,421,445,453,488
210:21,32,43,69,111,115,345,243,278,284,288,309,317,325,347,349,379,393,425,433,438,444,458,466
211:34,51,57,63,73,84,97,121,123,151,160,170,176,181,200,269,225,241,252,261,294,301,324,329,342,363,371,378,379,393,406,442,451,483
212:2,5,10,37,47,69,152,186,190,373,233,237,264,267,273,304,323,334,338,346,352,360,374,375,382,383,427,436,441,455,459,468,469,474
213:3,22,24,29,112,117,148,179,194,195,200,285,219,239,275,309,347,355,367,387,389,423,434,449,452,481,487
214:37,39,57,73,90,107,110,117,118,124,125,129,130,157,158,161,170,411,216,235,239,247,248,264,267,273,287,289,290,300,318,339,360,384,407,454,467,471
215:4,13,16,22,30,75,79,114,127,136,143,175,184,185,196,205,313,247,269,277,281,325,337,356,367,383,387,394,397,403,409,414,451
216:19,22,63,64,93,123,125,126,131,134,162,214,365,227,237,241,268,269,283,284,314,329,335,363,369,378,397,412,424,428,436,440,441,461,470,487
217:0,9,25,56,76,107,112,115,124,130,178,235,249,265,271,273,319,320,329,348,389,431,444
218:0,1,15,30,50,64,72,89,98,100,111,119,125,140,144,156,168,169,175,176,179,181,437,228,260,307,312,321,322,374,394,423,430,440,476
219:0,56,95,111,117,129,148,192,213,283,220,238,268,281,291,310,311,321,344,380,432,444,471
220:4,15,16,19,22,30,42,46,48,55,69,93,147,158,172,175,181,219,292,228,237,240,242,280,289,293,304,343,354,358,390,402,407,436,440,448,489
221:24,32,58,93,100,107,131,149,171,174,186,252,231,243,245,294,312,314,330,406,419,427,447
222:3,20,38,44,50,71,85,91,95,112,118,128,134,167,177,266,223,231,290,344,347,361,363,377,395,402,413,437,444,450,458,476,486
223:9,15,20,33,86,107,110,113,117,145,158,178,193,199,222,327,229,265,310,325,338,341,346,363,407,429,432,449,477
224:20,26,32,51,55,129,137,139,143,150,160,161,259,248,302,307,315,341,377,401,415,481,482,489
225:41,46,50,55,65,72,92,107,113,125,128,138,141,142,158,168,187,197,211,277,241,286,297,309,329,373,416,466,486,487
226:50,59,73,77,82,88,107,118,131,151,158,181,194,199,245,246,273,279,291,305,347,351,354,375,399,404,409,437,438,446,473,481,486
227:15,16,48,56,89,130,154,188,197,200,209,216,277,231,237,245,246,276,381,396,413,434,447,487
228:5,6,8,13,17,31,38,39,43,84,86,90,92,96,133,147,148,164,170,207,218,220,454,237,254,269,302,309,321,325,333,356,363,388,419,487
229:25,46,63,66,99,103,162,180,200,223,297,238,245,260,278,287,296,319,329,330,342,370,372,392,400,404,406,478
230:0,8,9,58,61,99,102,112,142,147,152,156,160,174,183,185,206,380,268,278,281,288,312,325,333,391,398,410,425,449,456,458,471,488
231:4,16,20,25,27,64,67,69,82,101,151,161,195,199,202,221,222,227,262,284,288,291,325,331,380,394,461,463,480,487
232:3,15,39,77,97,109,119,132,158,186,267,241,247,253,254,259,276,284,287,288,316,324,327,372,381,392,401,484,485
233:17,41,50,54,98,101,120,126,172,206,212,443,237,257,265,266,299,304,316,323,372,381,384,390,399,408,437,440,444,452,475
234:0,30,40,52,60,61,62,65,116,123,185,202,376,255,257,264,268,320,332,351,393,401,408,411,417,438,446,449,469,471,486
235:22,32,47,58,63,74,83,85,112,131,147,171,178,214,217,295,269,272,284,329,336,363,398,400,410,431,466,467,478,488
236:0,8,26,36,57,90,122,127,154,178,181,182,324,241,249,253,268,272,300,312,339,346,347,348,358,380,390,405,434,440,486
237:5,9,36,40,82,89,102,103,120,137,150,175,189,194,204,206,207,212,216,220,227,228,233,320,245,254,264,272,274,338,340,341,359,372,374,378,401,427,452,460,462,470,482
238:10,12,52,57,63,70,77,87,95,99,106,127,137,155,167,188,206,208,219,229,281,243,276,306,314,373,391,400,401,428,431,434,444,471,481,484
239:4,9,13,23,69,77,78,85,133,145,158,167,187,209,213,214,436,275,303,326,327,342,383,385,411,446,457,458,479
240:15,18,45,48,51,57,61,92,93,100,104,106,159,165,185,187,220,325,288,292,306,367,373,374,379,412,443,448,455,474
241:15,27,31,39,40,48,53,73,75,78,91,97,116,134,162,168,184,202,208,211,216,225,232,236,317,243,257,271,292,338,343,415,444,453
242:40,89,136,163,220,352,252,271,279,280,289,337,342,371,385,399,414,471,482
243:100,131,174,186,204,209,210,221,238,241,298,249,252,253,289,294,314,349,356,368,376,397,414,421,428,465,483
244:22,24,26,30,53,54,58,73,83,129,144,149,169,188,436,264,272,274,302,309,313,326,351,379,399,423,440,455,456,478
245:12,33,37,50,114,115,131,135,137,139,207,221,226,227,229,237,306,296,297,339,343,357,359,415,439,448
246:8,29,44,54,85,98,142,169,187,199,226,227,430,273,322,323,343,425
247:8,17,41,68,129,135,214,215,232,415,264,279,295,298,305,322,324,330,343,347,367,389,400,411,433,439,450
248:0,25,26,75,81,85,90,146,214,224,304,261,273,293,326,332,356,377,390,391,413,442,465,473,481
249:1,18,70,77,93,110,143,166,201,203,204,217,236,243,370,260,295,298,312,349,350,364,400,416,425,447,465,467,470,481
250:3,6,24,55,73,78,97,120,125,148,180,201,202,208,346,297,298,318,329,335,337,342,365,373,396,409,422,430,436,452,460,485
251:1,3,14,18,21,67,91,97,118,121,135,162,172,474,274,279,283,306,326,329,362,368,375,389,408,430,436,460,461,468,477,487
252:16,22,34,86,106,116,125,195,198,211,221,242,243,298,304,311,313,327,330,345,360,416,448,451,464,476
253:5,10,12,17,22,28,50,63,94,101,106,125,138,149,191,232,236,243,349,266,287,294,309,326,346,375,404,416,423,442,465,484
254:13,16,32,48,52,55,57,73,77,120,125,129,137,139,142,148,153,158,186,196,205,228,232,237,276,255,257,272,279,285,309,311,322,371,396,405,407,414,419,420,443,455,465,475
255:26,42,65,119,153,163,164,171,175,207,234,254,304,278,284,287,295,313,324,338,340,343,356,366,384,406,408,416,417,421,423,433,439
256:40,43,44,74,75,87,93,104,124,125,129,146,204,462,259,260,267,273,283,328,399,407,421,440,441
257:4,9,29,75,92,146,206,233,234,241,254,405,296,310,313,314,317,326,342,357,365,372,395,398,408,410,463,474,483,487
258:0,11,51,68,74,81,117,127,130,141,187,192,270,262,273,281,285,287,315,342,392,408,411,415,419,441,449
259:18,27,41,50,52,59,60,71,121,123,124,134,170,180,195,207,208,224,232,256,276,267,302,310,316,342,402,404,406,447
260:14,32,103,104,138,140,151,205,218,229,249,256,374,293,313,330,331,391,402,427,440,441,457
261:2,8,33,35,54,110,115,143,165,177,178,181,182,201,204,206,211,248,332,276,284,291,322,349,358,366,374,420,439,450,468,470
262:5,36,43,67,82,116,121,127,140,150,153,172,195,231,258,391,275,310,338,345,368,376,378,396,400,403,422,432,439,479
263:3,17,21,77,86,102,117,189,323,372,380,389,416,420,425,447,456,472,487
264:6,18,21,53,76,94,95,143,161,170,175,187,212,214,234,237,244,247,290,269,310,316,348,363,369,402,417,457,478,485
265:4,11,26,29,37,58,75,76,89,115,130,134,139,145,168,169,187,217,223,233,434,291,310,311,331,333,337,346,358,367,373,414,419,428,429,439,444,456,467
266:15,16,27,50,61,66,67,75,80,114,116,121,124,139,140,148,153,205,222,233,253,396,267,286,288,290,299,301,317,335,338,427,433,435,465
267:0,7,12,60,66,68,72,86,120,125,137,164,166,169,174,175,195,212,214,232,256,259,266,292,285,298,316,344,350,357,404,443,482
268:88,101,103,110,139,173,174,179,209,216,219,230,234,236,398,276,280,283,305,307,320,371,375,382,383,386,389,419,427,444,452
269:6,30,52,64,67,77,104,120,139,176,177,190,197,199,202,203,211,215,216,228,235,264,289,272,281,286,306,324,332,370,372,381,389,404,430,441,456,479,481
270:23,56,89,106,119,132,161,178,207,258,396,273,279,287,301,314,350,359,392,395,419,424,433,462,481
271:47,59,69,71,122,125,145,181,189,202,206,217,241,242,419,272,273,280,281,306,338,350,368,369,405,418,448,452
272:21,22,50,64,70,106,143,145,150,154,158,186,205,235,236,237,244,254,269,271,424,277,289,291,292,346,364,398,413,435,449,453,457,466,484
273:43,140,154,157,212,214,217,226,246,248,256,258,270,271,413,281,322,349,361,370,380,386,389,425,434,479
274:20,37,76,98,109,140,150,167,177,237,244,251,444,289,291,307,333,344,346,352,381,386,431,436,446,448,449,457,470
275:1,9,21,27,32,76,102,110,111,119,120,127,128,134,148,169,184,187,196,204,213,239,262,400,289,303,334,336,349,372,391,399,401,402,428,433,464,479
276:18,23,32,41,51,59,69,96,106,121,132,201,204,207,227,232,238,254,259,261,268,325,282,296,313,326,357,388,399,404,408,418,438,479,489
277:28,45,68,78,91,122,126,131,133,134,192,199,215,225,227,272,410,283,297,307,318,320,335,378,386,403,445,451,466
278:8,13,23,26,27,70,78,105,107,172,181,210,229,230,255,354,293,353,396,404,407,417,474
279:8,39,80,138,159,170,183,192,195,196,208,226,242,247,251,254,270,280,301,313,321,342,347,351,354,381,403,408,410,411,433,465,472
280:2,68,82,122,125,133,139,148,166,181,182,186,220,242,268,271,279,367,290,297,310,319,340,342,350,415,417,425,427,452
281:11,13,54,55,66,91,97,100,120,123,138,144,150,187,188,192,197,215,219,230,238,258,269,271,273,327,288,314,330,363,369,387,394,396,417,471
282:32,78,110,117,194,206,276,408,286,292,317,321,328,348,350,361,372,383,387,401,405,459
283:2,14,23,38,58,60,61,69,73,96,115,117,120,132,141,150,177,205,206,207,216,219,251,256,268,277,488,310,333,339,376,395,407,441,454,465,475
284:21,22,65,72,109,121,153,160,165,167,175,210,216,231,232,235,255,261,419,303,314,324,373,376,396,405,425,435,444
285:12,33,40,97,110,127,132,141,143,172,173,190,213,254,258,267,418,287,321,353,364,411,434,443,463,467,479,481,483,485
286:0,21,24,29,30,40,52,68,108,155,158,162,174,181,191,205,209,225,266,269,282,401,306,310,336,341,370,386,398,406
287:5,22,30,33,35,86,93,120,137,144,159,173,188,201,214,229,232,253,255,258,270,285,344,289,306,310,346,402
288:17,24,88,122,151,165,206,207,210,230,231,232,240,266,281,344,312,346,363,366,380,390,393,397,398,399,416,425,455,456,474,476
289:47,49,72,77,79,92,95,104,136,140,145,150,151,165,169,172,186,197,214,220,242,243,269,272,274,275,287,427,290,298,311,319,330,332,338,341,358,364,369,400,405,406,443,477,483
290:0,18,35,92,94,139,154,169,171,180,186,196,214,222,264,266,280,289,320,321,332,341,394,419,428,463,467,486
291:19,36,83,110,141,145,147,164,166,181,189,190,219,226,231,261,265,272,274,344,302,307,316,324,346,361,378,381,386,389,421,425,436,458,464,477
292:54,81,103,108,116,144,168,186,187,199,220,240,241,267,272,282,462,298,320,332,337,375,376,384,392,445,458,471
293:6,32,36,60,61,64,81,94,95,98,115,116,117,124,130,134,135,146,150,188,195,220,248,260,278,396,310,314,325,332,334,345,354,374,390,395,401,424,433,444,449,484
294:12,14,24,42,47,68,69,89,94,110,128,145,147,150,167,184,188,197,198,206,211,221,243,253,406,295,355,357,382,383,405,411,464,467,488
295:5,11,44,50,94,107,126,131,139,142,147,162,168,174,235,247,249,255,294,474,312,322,328,386,392,403,404,448,451,453
296:6,59,86,90,123,126,151,163,164,166,183,186,205,229,245,257,276,427,306,308,312,325,378,392,404,463,487
297:13,16,18,60,63,83,98,101,112,121,135,138,147,154,178,187,195,208,225,229,245,250,277,280,345,325,368,385,387,413,418,473,482,486
298:9,12,16,26,28,105,117,142,153,165,206,209,243,247,249,250,252,267,289,292,477,333,335,350,366,404,425,428,480,487
299:8,21,37,49,53,71,72,80,89,94,100,112,162,190,201,233,266,394,301,328,332,353,369,370,373,396,398,428,446,453,481,484,485,488
300:2,11,17,26,91,140,175,194,209,214,236,330,310,320,328,352,353,357,373,394,413,426,428,432,446,460,461,466,476
301:11,13,29,78,106,109,127,139,157,171,204,205,209,211,266,270,279,299,323,302,314,324,330,358,361,393,409,481,483
302:20,26,37,56,64,66,83,107,116,146,155,162,191,199,224,228,244,259,291,301,409,309,323,386,406,415,428
303:3,34,49,66,81,112,120,123,158,159,165,173,180,203,239,275,284,309,345,361,382,384,386,394,410,414,452,473,474
304:24,36,47,63,71,77,85,156,161,164,193,212,220,233,248,252,255,424,305,310,321,327,342,360,372,379,385,401,403,407,409,418,422,457,483
305:4,13,17,43,55,76,77,79,102,113,140,143,164,208,226,247,268,304,342,313,334,338,340,354,370,374,381,401,413,455,464,477,482
306:0,12,16,17,19,34,53,81,84,111,122,124,153,159,182,186,194,199,238,240,245,251,269,271,286,287,296,409,318,331,344,358,361,368,376,378,379,411,414,424,435,450,469
307:2,10,36,55,83,84,94,105,112,118,121,134,146,151,186,218,224,268,274,277,291,309,337,355,372,395,396,417,438,466,467,473,484
308:5,31,41,70,81,119,131,159,165,296,487,317,318,319,322,338,347,350,363,368,390,396,412,418,431,437,439,447,478
309:32,45,63,81,87,103,119,157,165,194,210,213,225,228,244,253,254,302,303,307,480,317,320,361,365,376,471,479
310:19,29,57,75,85,98,121,122,140,199,219,223,257,259,262,264,265,280,283,286,287,293,300,304,312,329,343,368,372,434,454,476
311:14,26,32,40,81,111,121,136,148,162,171,200,201,219,252,254,265,289,479,319,321,323,330,345,365,375,377,381,392,401,410,415,419,430,441,444,453,463
312:18,29,30,37,38,47,67,82,109,127,133,136,157,160,163,177,218,221,230,236,249,288,295,296,310,473,318,319,330,354,420,452,482
313:18,19,25,32,54,108,110,120,127,130,150,200,205,215,244,252,255,257,260,276,279,305,365,314,326,357,364,375,385,407,458,460,471
314:54,62,64,69,74,81,105,126,155,165,216,221,238,243,257,270,281,284,293,301,313,369,337,359,363,376,387,400,422,424,434,449,453,454
315:0,16,38,40,75,78,152,196,224,258,323,337,340,346,347,393,406,420,450,453,468
316:16,68,73,89,90,94,111,144,154,185,192,196,232,233,259,264,267,291,411,322,332,358,386,391,406,480
317:2,30,47,64,112,119,135,144,148,161,195,197,199,210,241,257,266,282,308,309,387,320,440,444,451,452,456,459,474,476,478,487
318:7,10,13,50,53,59,73,78,85,86,122,124,145,154,167,214,250,277,306,308,312,423,326,333,335,338,345,346,352,359,424,433,441,446,451,462,467,479
319:67,78,80,113,118,139,195,197,217,229,280,289,308,311,312,386,321,401,413,422,429,446,450,484
320:8,9,10,21,39,42,56,105,116,123,152,162,167,217,234,237,268,277,290,292,300,309,317,476,322,327,330,335,341,373,387,390,398,447,477
321:5,11,76,119,128,171,177,190,218,219,228,279,282,285,290,304,311,319,343,326,394,398,406,408,412,415,423,453
322:3,9,36,106,115,125,126,146,147,159,161,164,218,246,247,254,261,273,295,308,316,320,469,326,335,369,397,409,435,452,453,458,459,468,484
323:8,46,52,86,152,155,156,195,212,233,246,263,301,302,311,315,446,346,362,375,382,386,390,393,433,443,449,454,468,470,478,479,486,487
324:0,37,47,48,51,60,63,65,71,72,80,84,100,105,107,112,121,122,123,148,160,177,197,199,207,211,232,236,247,255,269,284,291,301,342,344,347,398,423,435,453,464,482,484
325:13,42,70,118,122,130,147,184,194,196,202,210,215,223,228,230,231,240,276,293,296,297,390,333,340,386,402,411,415,443,447
326:9,21,65,125,203,239,244,248,251,253,257,276,313,318,321,322,360,343,347,348,373,374,385,393,394,395,401,408,424,426,429,433,455,456,461
327:14,51,79,80,97,134,166,171,180,223,232,239,252,281,304,320,373,349,359,388,398,420,429,432,448,465,472
328:11,20,37,38,75,97,106,115,130,131,132,137,143,149,164,169,202,207,256,282,295,299,300,367,330,343,374,408,412,443,489
329:18,23,27,30,51,53,60,100,110,111,119,131,136,165,201,211,216,217,225,229,235,250,251,310,414,350,407,415,443,481,486
330:26,27,31,69,99,100,106,111,151,154,163,168,170,175,198,221,229,247,252,260,281,289,300,301,311,312,320,328,460,333,339,351,358,383,403,413,416,431,440,443,445,455,471
331:4,19,29,40,44,114,122,124,131,140,141,203,231,260,265,306,485,355,392,412,420,421,445,457,460
332:37,44,50,54,61,87,89,95,115,124,173,202,234,248,261,269,289,290,292,293,299,316,356,339,422,427,429,433,439,440,441,453
333:43,50,96,123,157,172,188,203,205,228,230,265,274,283,298,318,325,330,369,337,373,377,397,406,417,436
334:8,18,40,73,75,84,98,112,146,194,212,275,293,305,410,342,351,361,370,414,473,478
335:46,63,66,76,96,99,102,109,165,169,172,216,250,266,277,298,318,320,322,478,340,344,347,353,376,378,383,415,474,486,487
336:13,35,38,62,81,89,91,112,123,139,142,156,163,165,185,235,275,286,447,342,370,373,378,384,392,396,417,453
337:39,42,59,61,81,84,92,129,152,176,183,187,193,215,242,250,265,292,307,314,315,333,466,387,395,415,426,459
338:22,68,83,84,101,108,124,128,136,141,142,169,189,199,212,223,237,241,255,262,266,271,289,305,308,318,444,340,343,360,426,434,449,472,481,487,489
339:1,46,47,48,86,90,104,108,110,119,122,150,189,201,214,236,245,283,330,332,437,347,369,406,411,439,457,459,460,462,467
340:0,11,31,37,56,65,76,78,113,153,155,167,178,180,202,204,237,255,280,305,315,325,335,338,466,343,363,374,424,428,429,465,474,486
341:26,27,42,44,60,74,79,112,160,181,189,201,204,223,224,237,286,289,290,320,445,376,413,457,464,466,473,474,476
342:22,76,111,119,136,159,164,211,229,239,242,250,257,258,259,279,280,304,305,324,334,336,431,350,372,383,398,435,436,455,470,475
343:5,7,17,22,30,63,100,178,194,205,220,241,245,246,247,255,310,321,326,328,338,340,415,371,376,391,419,422,455,463,478,484
344:7,12,29,31,35,52,86,130,140,144,174,201,219,222,267,274,287,288,291,306,324,335,356,346,361,379,388,398,409,432,449,457,463,483
345:23,37,78,93,100,107,122,141,152,188,194,210,252,262,293,297,303,311,318,470,354,380,397,405,409,414,416,422,465,472
346:4,5,38,47,70,84,100,107,126,136,139,143,145,157,164,183,193,196,197,212,223,236,250,253,265,272,274,287,288,291,315,318,323,344,401,350,373,381,382,425,439,441
347:14,17,32,38,77,78,103,109,117,128,143,146,157,203,210,213,222,226,236,247,279,308,315,324,326,335,339,425,353,377,394,399,403,414,449,468
348:5,7,13,27,43,139,140,158,170,172,173,179,194,217,236,264,282,326,410,378,383,399,416,418,434,438,440,448,459,472,476
349:0,37,39,68,159,170,174,191,208,210,243,249,253,261,273,275,327,441,367,374,389,391,402,418,426,429,433,447,470
350:9,16,23,28,55,65,72,108,131,138,151,153,203,249,267,270,271,280,282,298,308,329,342,346,433,353,369,395,405,406,424,442,444
351:13,106,114,144,173,179,207,208,226,234,244,279,330,334,393,380,390,395,397,406,437,442,444,455,466,470
352:41,53,94,119,123,133,173,185,212,242,274,300,318,440,433,459,464
353:24,65,67,74,91,95,96,156,165,166,185,198,209,278,285,299,300,335,347,350,366,381,384,407,414,419,425,452,475,484
354:13,16,42,45,46,108,124,132,160,173,175,208,220,226,278,279,293,305,312,345,439,371,382,386,394,417,441,462,465,468
355:4,14,21,26,45,95,109,130,135,143,144,145,153,173,180,196,204,213,294,307,331,434,406,440,455,463
356:1,4,29,48,65,105,118,140,141,182,215,228,243,248,255,332,344,385,367,372,396,403,404,443,445,476
357:20,47,80,84,85,131,142,157,159,176,200,245,257,267,276,294,300,313,464,371,388,402,404,405,420,422,427,429,438,469,472,488
358:11,20,52,70,100,105,111,148,150,161,202,220,236,261,265,289,301,306,316,330,470,364,366,368,398,423,432,436,444,445,456
359:51,56,111,116,128,150,162,168,182,183,237,245,270,314,318,327,483,372,377,394,395,441,445,453,462,464
360:0,4,19,48,131,136,154,163,172,177,212,214,252,304,326,338,475,377,399,419,434
361:3,59,90,93,110,127,154,171,173,180,200,222,273,282,291,301,303,306,309,334,344,422,377,413,444,483,486
362:10,22,55,60,69,75,87,129,131,145,164,168,180,188,195,251,323,451,367,373,390,413,425,469
363:4,29,59,98,104,106,120,121,143,156,171,193,194,200,211,216,222,223,228,235,264,281,288,308,314,340,384,364,393,401,403,405,408,412,437,441,462,463,479,486
364:0,18,26,53,77,82,88,95,112,118,127,149,157,249,272,285,289,313,358,363,404,365,376,384,385,453
365:10,19,51,54,84,110,113,120,147,153,163,175,181,183,194,216,250,257,309,311,313,364,366,379,393,406,410,437,449,450,470,489
366:2,45,57,83,106,108,174,178,194,200,255,261,288,298,353,358,365,481,381,389,401,404,406,407,451,465
367:12,26,33,39,54,55,59,62,97,120,126,131,141,165,166,187,190,192,200,213,215,240,247,265,280,328,349,356,362,405,374,380,419,423,427,432,459
368:12,29,31,32,42,47,56,88,125,128,134,172,180,198,205,208,243,251,262,271,297,306,308,310,358,395,370,391,405,423,478,480
369:6,18,23,34,41,49,67,77,80,101,104,111,115,128,131,173,188,216,264,271,281,289,299,314,322,333,339,350,436,374,375,392,419,459,489
370:13,14,37,62,101,114,130,133,191,198,203,208,209,229,249,269,273,286,299,305,334,336,368,452,373,374,380,397,409,413,418,433,444,458,473,477
371:5,6,7,20,35,45,51,54,56,88,110,111,116,117,126,148,151,155,160,211,242,254,268,343,354,357,395,381,384,392,406,407,431,450,461
372:9,33,38,97,121,142,145,147,156,186,229,232,233,237,257,263,269,275,282,304,307,310,342,356,359,463,379,385,390,393,399,409,432
373:1,8,17,49,55,64,95,96,97,129,141,142,146,152,160,162,181,204,212,225,238,240,250,265,284,299,300,320,326,327,333,336,346,362,370,477,393,395,407,415,426,428,429,445,447,457,466
374:13,20,26,33,42,59,101,112,115,120,127,157,179,189,200,212,218,237,240,260,261,293,305,326,328,340,349,367,369,370,489,416,432,445,456,469,476
375:1,22,28,55,64,84,89,97,111,172,212,226,251,253,268,292,311,313,323,369,454,377,394,419,447,484
376:1,9,22,37,93,114,122,123,133,154,175,185,189,203,207,234,243,262,283,284,292,306,309,314,335,341,343,364,434,381,388,389,399,430,467
377:1,15,33,48,51,53,71,76,90,104,131,137,150,152,157,197,222,224,248,311,333,347,359,360,361,375,403,388,393,414,415,458,460
378:7,58,63,64,75,83,94,108,117,121,123,130,155,156,192,209,211,216,237,262,277,291,296,306,335,336,348,434,408,415,418,446,458,465
379:0,16,52,62,67,75,87,95,113,138,178,192,210,211,240,244,304,306,344,365,372,442,430,461,464,469,471
380:24,28,39,59,67,75,80,109,110,150,164,167,181,193,203,219,230,231,236,263,273,288,345,351,367,370,447,391,413,438,440,448,471,474,476
381:7,25,27,30,33,41,74,106,135,152,175,182,227,232,233,269,274,279,291,305,311,346,353,366,371,376,387,399,404,444,457,467,468,485
382:8,24,25,48,56,62,65,68,69,81,91,97,109,156,172,178,212,268,294,303,323,346,354,471,397,407,410,411,415,427,439,445,451,453,483,484,485,486
383:26,33,35,45,78,140,145,172,205,208,209,212,215,239,268,282,294,330,335,342,348,429,398,413,419,447,466,476,489
384:18,38,44,78,151,170,184,186,196,198,214,233,255,292,303,336,353,363,364,371,462,387,409,413,419,449,465,477,489
385:31,68,79,120,168,183,189,205,239,242,297,304,313,326,356,364,372,440,399,426,435,437,441,452,454,461,476
386:0,5,19,53,66,71,81,95,96,111,114,122,128,138,179,189,200,208,268,273,274,277,286,291,295,302,303,316,319,323,325,354,487,391,410,425,457,472
387:14,21,43,47,64,83,151,157,176,184,189,204,213,215,281,282,297,314,317,320,337,381,384,456,393,399,400,402,416,449,452,457,458,461,463,464,465
388:21,65,74,90,92,101,106,107,155,193,209,228,276,327,344,357,376,377,407,422,481,482
389:11,37,48,49,64,72,106,112,138,147,178,185,187,201,206,213,217,247,251,263,268,269,273,291,349,366,376,427,395,401,424,434,436,437,458,470,480,486
390:9,25,45,48,81,105,106,125,131,205,220,233,236,248,288,293,308,320,323,325,351,362,372,472,405,419,425,434,444
391:9,11,44,56,65,71,94,102,112,113,122,130,139,153,157,164,208,209,230,238,248,260,262,275,316,343,349,368,380,386,433,400,401,461,465,486
392:0,26,32,34,44,75,90,91,94,107,118,136,159,167,196,229,232,258,270,292,295,296,311,331,336,369,371,450,399,413,427
393:12,65,69,71,74,93,109,116,128,134,144,163,170,198,210,211,234,288,301,315,323,326,351,363,365,372,373,377,387,443,413,469,476,477,483
394:5,41,52,54,68,88,92,133,155,169,171,183,187,215,218,231,281,290,299,300,303,321,326,347,354,359,375,447,411,451,457,479,488
395:12,30,34,35,49,58,82,119,127,142,154,155,203,208,222,257,270,283,293,307,326,337,350,351,359,368,371,373,389,459,408,409,415,417,444,485,486
396:4,18,48,53,68,85,88,95,124,155,162,164,177,227,250,254,262,266,270,278,281,284,293,299,307,308,336,356,401,398,429,447,449,479
397:5,7,27,34,37,85,107,127,129,137,183,205,215,216,243,288,322,333,345,351,370,382,415
398:19,23,26,76,100,104,110,115,131,157,158,177,193,230,235,257,268,272,286,288,299,320,321,324,327,342,344,358,383,396,465,412,421,442,477
399:11,42,43,80,115,118,135,226,233,242,244,256,275,276,288,347,348,360,372,376,381,385,387,392,450,409,428,439,451,463,489
400:4,25,60,75,86,114,129,134,147,171,174,195,229,235,238,247,249,262,275,289,314,387,391,476,442,464,465,469,471,475,480,484,485
401:31,35,48,64,114,115,120,130,136,224,232,234,237,238,275,282,286,293,304,305,311,319,326,346,363,366,389,391,396,431
402:15,27,39,40,53,96,107,123,153,164,173,190,195,202,206,220,222,259,260,264,275,287,325,349,357,387,459,418,424,456,468
403:15,16,21,23,30,43,53,80,99,113,130,175,178,203,207,208,215,262,277,279,295,304,330,347,356,363,377,461,444,446,465,476
404:48,77,99,138,141,142,190,226,229,253,259,267,269,276,278,295,296,298,356,357,364,366,381,421,406,420,440,464
405:10,48,58,66,79,82,84,90,96,130,148,187,236,254,257,271,282,284,289,294,345,350,357,363,367,368,390,469,415,439,443,461
406:2,8,35,43,54,59,75,111,132,158,174,205,211,221,229,255,259,286,289,294,302,315,316,321,333,339,350,351,355,365,366,371,404,432,411,424,442,469
407:7,9,23,24,31,44,78,84,92,100,115,130,139,185,195,196,197,214,220,223,254,256,278,283,304,313,329,353,366,371,373,382,388,415,409,416,420,437,442,456,470
408:16,21,40,128,139,168,186,233,234,251,255,257,258,276,279,282,321,326,328,363,378,395,412,414,431,434,435,485
409:3,17,42,56,58,69,106,123,135,157,158,160,165,170,183,215,226,250,301,302,304,306,322,344,345,370,372,384,395,399,407,428,421,448,462
410:26,32,35,37,51,93,111,196,230,235,257,277,279,303,311,334,348,365,382,386,431,428
411:37,43,44,48,50,69,91,121,143,155,170,178,214,234,239,247,258,279,285,294,306,316,325,339,382,394,406,418,420,425,426,436,437,450,453
412:4,24,32,49,51,59,70,74,95,98,133,159,192,203,216,240,308,321,328,331,363,398,408,448,418,450,469,485
413:5,23,28,40,47,68,74,80,87,90,95,100,116,159,173,222,227,248,272,273,297,300,305,319,330,341,361,362,370,380,383,384,392,393,485,422,424,437,446,476,488
414:6,20,24,34,64,67,104,126,158,175,184,200,215,242,243,254,265,303,306,329,334,345,347,353,377,408,415,429,430,432,445,459,460,476
415:3,29,39,52,54,56,62,69,106,113,115,123,125,129,137,152,224,241,245,247,258,280,302,311,321,325,329,335,337,343,373,377,378,382,395,397,405,407,414,451,441,448,478,485
416:16,19,24,26,60,73,87,93,108,120,125,199,201,205,225,249,252,253,255,263,288,330,345,348,374,387,407,445,428,459,464,469,472
417:8,17,20,30,31,59,81,119,131,140,150,157,203,234,255,264,278,280,281,307,333,336,354,395,463,420,439,441,445,488
418:17,38,40,43,65,77,85,123,128,171,194,271,276,285,297,304,308,348,349,370,378,402,411,412,484,440,460,470,475,476
419:7,8,15,20,38,49,78,82,85,92,93,118,139,147,148,149,155,170,194,221,228,254,258,265,268,270,271,284,290,311,343,353,360,367,369,375,383,384,390,437,430,434,436,447,468,484
420:3,44,50,54,57,74,80,91,94,101,119,134,141,157,179,205,206,254,261,263,312,315,327,331,357,404,407,411,417,441,426,434,443,456
421:10,40,77,117,126,146,162,174,180,192,197,209,243,255,256,291,331,398,404,409,440,430,435,445,463,466,481
422:10,12,32,38,39,42,68,76,79,81,126,128,130,153,161,163,170,182,193,202,250,262,304,314,319,332,343,345,357,361,388,413,487,450,459,488
423:8,19,23,46,88,103,141,152,170,172,179,213,218,244,253,255,318,321,324,358,367,368,441,425,461,462,463,487,489
424:7,8,34,51,52,74,80,96,104,129,134,149,152,161,169,173,186,190,194,216,270,272,293,304,306,314,318,326,340,350,389,402,406,413,483,436,437,439,442,478,487
425:8,10,25,29,36,39,53,57,63,69,100,120,147,152,204,205,210,230,246,249,263,273,280,284,288,291,298,346,347,353,362,386,390,411,423,430,452,474
426:16,22,26,40,49,61,86,95,103,110,111,115,122,143,156,158,160,162,168,170,173,197,206,300,326,337,338,349,373,385,411,420,457,453,475
427:18,37,79,83,99,109,150,165,183,212,221,237,260,266,268,280,289,296,332,357,367,382,389,392,470,431,443,448,484
428:8,29,52,108,117,126,170,196,200,207,216,238,243,265,275,290,298,299,300,302,340,373,399,409,410,416,448,429,445,447,464,470,488
429:5,95,97,126,132,223,265,319,326,327,332,340,349,357,373,383,396,414,428,474,450,458,481,482,488,489
430:1,3,33,53,61,80,93,116,127,130,148,149,166,176,183,204,218,246,250,251,269,311,376,379,414,419,421,425,487,447,448,456,460,474
431:5,6,37,47,64,65,66,86,100,138,170,175,189,204,217,235,238,274,308,330,342,371,401,408,410,427,459,482,485
432:10,25,50,77,86,101,118,196,198,219,223,262,300,327,344,358,367,372,374,406,414,487,443,448
433:0,19,49,50,59,75,82,114,122,156,163,172,206,210,247,255,266,270,275,279,293,318,323,326,332,349,350,352,370,391,435,448,462,486
434:0,53,66,79,128,144,168,170,185,213,227,236,238,265,273,285,310,314,338,348,355,360,376,378,389,390,408,419,420,469,438,441,455
435:3,68,80,90,104,142,165,167,170,177,266,272,284,306,322,324,342,385,408,421,433,489,440
436:18,25,33,40,51,82,106,114,132,137,140,142,144,160,164,170,172,182,208,212,216,220,239,244,250,251,274,291,333,342,358,369,389,411,419,424,488,446
437:1,57,91,101,103,109,115,117,118,122,140,142,165,169,198,199,207,218,222,226,233,308,339,351,363,365,385,389,407,411,413,419,424,486,442,452,453,484
438:24,31,41,53,56,62,70,73,86,100,128,134,167,171,180,189,202,208,210,226,234,276,307,348,357,380,434,489,458,472
439:1,14,22,45,90,152,153,158,161,164,245,247,255,261,262,265,308,332,339,346,354,382,399,405,417,424,448
440:20,61,62,186,189,190,191,192,194,204,216,218,220,233,236,244,256,260,317,330,332,348,352,355,380,385,404,418,421,435,463,469,485
441:3,8,33,39,40,79,89,105,174,183,212,216,256,258,260,269,283,311,318,332,346,349,354,359,363,385,415,417,420,423,434,451,445,446,477,484,486
442:2,4,6,33,60,70,83,139,147,180,181,211,248,253,350,351,379,398,400,406,407,424,437,443,458,464,474
443:10,30,59,73,95,98,104,118,136,145,156,170,233,240,254,267,285,289,323,325,328,329,330,356,393,405,420,427,432,442,457,447,452,459,460
444:24,111,138,156,176,210,217,219,222,233,238,241,265,268,274,284,293,311,317,338,350,351,358,361,370,381,390,395,403,488,478,486
445:2,21,22,39,43,46,85,86,107,153,155,177,198,209,277,292,330,331,341,356,358,359,373,374,382,414,416,417,421,428,441,455,479,487
446:10,20,67,80,103,107,140,169,174,208,226,234,239,274,299,300,318,319,323,378,403,413,436,441,477,460,468,472,475
447:16,30,39,80,84,104,106,121,139,146,163,172,174,178,186,221,227,249,259,263,308,320,325,336,349,373,375,380,383,394,396,419,428,430,443,469,455,456,470,482
448:6,22,24,27,41,56,79,93,102,107,132,185,198,220,240,245,252,271,274,295,327,348,380,409,412,415,427,428,430,432,433,439,457,454,458,472,487
449:8,31,32,33,57,85,94,102,128,137,143,185,195,198,213,223,230,234,258,272,274,293,314,323,338,344,347,365,384,387,396,458,450,451,464,472
450:11,42,46,56,63,64,84,98,99,129,134,173,201,203,205,222,247,261,306,315,319,365,371,392,399,411,412,422,429,449,489,464,472
451:14,16,48,53,58,67,71,77,82,112,126,137,157,160,188,191,199,211,215,252,277,295,317,318,362,366,382,394,399,415,441,449,481,468,485
452:13,31,39,60,61,63,64,66,103,130,137,176,186,196,213,233,237,250,268,271,280,303,312,317,322,353,370,385,387,425,437,443,477,481
453:2,12,22,38,40,59,78,97,109,154,156,160,171,172,186,202,209,241,272,295,299,311,314,315,321,322,324,332,336,359,364,382,411,426,437,458,464,468,479
454:12,50,58,62,80,81,106,116,120,127,150,151,174,198,214,228,283,310,314,323,375,385,448,489,463,476
455:19,27,41,50,74,101,148,153,173,175,186,202,207,212,240,244,254,288,305,326,330,342,343,351,355,434,445,447,478,461,462,470,471,477,480
456:40,98,108,118,124,145,159,162,167,168,172,203,230,244,263,265,269,288,317,326,358,374,387,402,407,420,430,447,488,458,466,469,478,485,487
457:8,40,44,52,107,113,116,159,165,193,202,239,260,264,272,274,304,331,339,341,344,373,381,386,387,394,426,443,448,488,458,465,483
458:11,29,38,39,46,49,59,62,63,85,94,96,120,121,124,129,130,133,153,156,159,179,196,210,222,230,239,291,292,313,322,370,377,378,387,389,429,438,442,448,449,453,456,457,486,472
459:6,23,32,34,53,60,72,118,122,139,150,153,173,185,189,200,212,282,317,322,337,339,348,352,367,369,395,402,414,416,422,431,443,489,461,480,488
460:1,6,24,27,36,40,50,68,76,121,125,150,168,171,183,237,250,251,300,313,330,331,339,377,414,418,430,443,446,470,476
461:19,57,79,131,216,231,251,300,326,371,379,385,387,391,403,405,423,455,459,481
462:1,16,23,69,77,92,108,131,143,159,164,180,195,237,256,270,292,318,339,354,359,363,384,409,423,433,455,478,468,472,487
463:19,22,34,37,65,99,109,116,117,136,165,168,170,181,231,257,285,290,296,311,343,344,355,363,372,387,399,417,421,423,440,454,481,465,466
464:3,9,23,29,43,45,58,76,82,92,106,109,138,158,161,169,172,180,205,252,275,291,294,305,324,341,352,357,359,379,387,400,404,416,428,442,449,450,453,489,469,475
465:3,16,29,35,102,113,139,142,176,177,194,243,248,249,253,254,266,279,283,327,340,345,354,366,378,384,387,391,398,400,403,457,463,475,486
466:3,12,31,41,45,82,106,121,122,139,149,153,159,163,168,177,186,193,210,225,235,272,277,300,307,337,340,341,351,373,383,421,456,463,475,471
467:8,25,26,28,51,112,115,120,121,125,181,189,214,235,249,265,285,290,294,307,318,339,376,381,487
468:4,5,46,62,69,99,109,124,136,155,159,185,190,192,200,212,251,261,315,322,323,347,354,381,402,419,446,451,453,462,470
469:0,2,5,35,52,101,114,130,136,161,162,196,204,206,212,234,306,322,357,362,374,379,393,400,405,406,412,416,434,440,447,456,464,475,477,480,481,488,489
470:15,52,53,91,105,203,216,237,249,261,274,323,342,345,349,351,358,365,389,407,418,427,428,447,455,460,468,489
471:21,38,48,75,79,81,90,110,156,186,190,214,219,230,234,238,242,281,292,309,313,330,379,380,382,400,455,466,487
472:14,19,21,25,76,81,83,141,167,187,200,203,207,263,279,327,338,345,348,357,386,390,416,438,446,448,449,450,458,462,486,482,484
473:8,53,75,79,104,172,175,189,195,204,226,248,297,303,307,312,334,341,370,489
474:18,21,36,43,47,72,78,83,129,131,141,152,159,169,212,240,251,257,278,288,295,303,317,335,340,341,380,425,429,430,442,481,483
475:26,27,28,53,74,79,106,152,153,160,233,254,283,342,353,360,400,418,426,446,464,465,466,469,488
476:7,28,88,100,109,116,172,182,197,201,218,222,252,288,300,310,317,320,341,348,356,374,380,383,385,393,400,403,413,414,418,454,460,482,478
477:3,27,41,48,49,56,96,100,122,124,145,147,160,178,185,223,251,289,291,298,305,320,370,373,384,393,398,441,446,452,455,469,479,488
478:6,57,63,113,114,130,182,190,229,235,244,264,308,317,323,334,335,343,368,415,424,444,455,456,462,476,484,480,486
479:7,37,41,46,60,92,110,129,144,149,170,175,201,205,206,208,239,262,269,273,275,276,285,309,311,318,323,363,394,396,445,453,477,483
480:2,28,35,42,53,54,68,70,81,90,95,115,121,129,136,139,141,142,159,173,174,200,231,298,309,316,368,389,400,455,459,469,478,486
481:15,25,37,55,57,65,92,121,122,134,160,165,166,190,206,213,224,226,238,248,249,269,270,285,299,301,329,338,366,388,421,429,451,452,461,463,469,474,484,487
482:22,39,50,53,62,74,96,98,101,139,168,181,224,237,242,267,297,305,312,324,388,429,431,447,472,476,484
483:47,61,68,101,122,167,169,177,194,197,206,208,211,243,257,285,289,301,304,344,359,361,382,393,424,457,474,479,487
484:4,39,44,86,110,112,132,142,145,149,160,166,172,179,232,238,253,272,293,299,307,319,322,324,343,353,375,382,400,418,419,427,437,441,472,478,481,482,489
485:27,36,54,72,78,89,92,98,117,131,136,145,156,169,178,191,194,232,250,264,285,299,331,381,382,395,400,408,412,413,415,431,440,451,456,488,489
486:14,23,34,37,39,43,72,112,119,138,144,154,165,172,179,184,222,225,226,234,236,290,297,323,329,335,340,361,363,382,389,391,395,433,437,441,444,458,465,472,478,480,489
487:27,74,124,146,175,208,213,216,225,227,228,231,251,257,263,296,298,308,317,323,335,338,386,422,423,424,430,432,445,448,456,462,467,471,481,483,489
488:22,74,87,100,113,148,172,186,188,196,209,230,235,283,294,299,357,394,413,417,422,428,429,436,444,456,457,459,469,475,477,485,489
489:29,53,71,73,107,124,126,163,181,189,192,220,224,276,328,338,365,369,374,383,384,399,423,429,435,438,450,454,459,464,469,470,473,484,485,486,487,488
