0:71,24,101,128,135,183,188,265,291,302,324,343,355,363,378
1:194,15,24,81,101,104,105,123,125,156,281,297,300,321,324,334,356,362
2:193,16,19,34,44,76,77,89,95,158,245,257,263,272,276,277,309,313,342,355,359,368,375
3:106,5,19,29,36,38,48,67,72,101,123,129,157,187,204,235,264,275,322,349,358,369,372
4:272,70,78,81,91,105,118,129,142,210,225,243,316,317
5:3,124,28,33,54,81,95,111,118,199,209,237,243,289,310,314,365
6:46,25,27,29,31,40,54,59,71,83,111,215,219,233,235,262,299,303,311,314,325,339,369,377
7:61,20,92,110,117,157,171,174,177,186,194,202,204,223,244,269,306,343,355
8:219,10,82,144,179,212,227,257,315,318,329,333,345
9:19,11,17,28,36,39,91,99,102,109,121,143,148,181,191,239,270,313,350,375
10:8,168,31,46,60,66,76,96,138,163,167,171,197,244,245,251,259,272,277,354,356,370
11:9,216,64,98,102,108,126,151,163,182,183,188,192,221,245,277,288,332,337,357
12:98,46,49,80,102,106,112,134,191,196,243,279,281,288,340
13:36,37,38,44,49,88,143,169,256,283,284,292,329,338,355,362
14:182,66,69,71,93,111,112,201,210,255,259,267,326,327,329,365
15:1,236,52,72,91,92,122,147,189,203,217,242,252,331,340,360
16:2,185,37,44,53,73,90,116,132,139,181,203,218,223,232,249,273,287,330,337
17:9,135,29,38,64,83,98,99,100,109,139,149,175,192,196,212,213,256,263,288,297
18:74,54,62,90,96,110,118,146,180,209,227,247,249,256,267,313,317,338,355,363,367,368,371
19:2,3,9,369,25,34,127,159,163,183,195,204,212,227,229,235,313,315,349
20:7,237,25,101,137,150,183,185,279,317
21:137,39,41,214,229,236,240,369
22:306,25,49,66,127,156,160,185,186,253,259,285,300,310,318,331,343,352,374
23:317,24,25,29,32,38,48,66,74,138,155,157,167,183,200,233,241,252,270,298,302,314,324,354
24:0,1,23,270,35,115,187,214,221,228,241,243,255,271,281,283,286,305,344,356
25:6,19,20,22,23,203,37,41,60,69,72,87,118,135,177,186,197,222,244,262,263,357
26:40,56,97,119,137,221,226,233,248,280,295,305,333
27:6,116,203,224,258,261,273,285,291,312,337,344,357
28:5,9,324,30,31,36,53,66,91,128,139,141,156,165,178,205
29:3,6,17,23,71,62,105,129,136,168,185,207,230,238,248,290,334,343,347,354,360,379
30:28,208,56,136,145,152,157,168,259,282,298,299,304,341,349,367,378
31:6,10,28,185,47,83,100,102,110,130,148,175,212,251,252,257,268,290,329,336,343,349,357,365,367,379
32:23,149,123,158,183,205,221,243,248,265,270,277,286,312,316,317,335,340,351,376
33:5,96,53,65,144,191,194,216,253,270,321,354
34:2,19,78,125,140,196,202,205,218,221,228,241,242,293,298,301,310,323,355,367,372
35:24,128,43,150,185,190,194,250,263,273,285,337
36:3,9,13,28,242,68,87,103,138,146,169,238,251,261,283,288,300,316,360
37:13,16,25,368,73,80,83,104,125,163,239,243,309
38:3,13,17,23,48,44,53,55,63,128,155,157,161,173,191,235,265,282,336,348,355,360
39:9,21,287,52,63,82,86,91,92,167,222,254,262,311
40:6,26,75,72,92,117,124,132,219,237,248,281,300,318,345,355,367,371,373
41:21,25,158,79,100,101,105,180,185,263,264,286,327,338,376
42:235,69,71,77,85,108,130,138,157,193,219,222,239,246,259,292,334,348
43:35,297,60,103,104,107,127,161,194,214,236,273,338,343,358,374
44:2,13,16,38,151,49,74,93,114,134,143,168,275,277,285,295,343
45:112,78,79,99,116,124,129,141,176,177,178,206,234,236,246,254,259,309,319,339,346,356
46:6,10,12,352,62,140,144,148,151,194,197,234,243,274,280,281,326,341,344,370,379
47:31,240,114,126,137,150,167,169,211,216,264,267,324,352,361
48:3,23,38,121,60,67,90,116,119,136,145,185,203,207,249,269,336,337
49:12,13,22,44,316,94,167,191,196,198,208,234,267,271,282,300
50:346,51,62,103,137,146,166,168,175,202,210,214,238,278,287,311,334,337,343,344,351,359,365
51:50,123,62,88,108,122,142,179,238,246,260,262,276,308,309,354,365
52:15,39,172,59,82,102,126,127,150,173,196,207,212,235,237,271,273,307,311,338
53:16,28,33,38,361,54,72,84,136,197,199,202,211,234,269,273,328,373
54:5,6,18,53,272,64,94,109,130,134,224,241,247,289,325,330,347,364,368
55:38,89,57,83,100,105,116,121,124,131,201,222,224,278,280,282,297,300,309,320,331,361,368,377
56:26,30,199,141,158,233,241,250,270,284,286,303,305,372
57:55,251,60,93,97,121,142,150,173,213,220,256,286,288,315,337,340,369
58:169,150,200,202,226,231,244,249,259,344,378
59:6,52,328,90,109,146,152,162,197,227,277,278,279,332,350,366,368
60:10,25,43,48,57,168,85,96,107,233,234,253,263,266,267,293,307,313,324,338,340,355
61:7,64,134,138,146,180,181,210,234,237,251,282,333,339,354,363
62:18,29,46,50,51,181,93,98,102,128,137,147,217,218,260,265,287,289,301,310,315,320
63:38,39,118,114,124,143,155,162,189,198,244,250,254,259,355,370,375,377
64:11,17,54,61,131,82,119,143,158,162,210,247,264,288,289,307,322,329,340,341,356
65:33,282,78,85,95,167,170,180,200,206,209,245,259,264,312,318,371
66:10,14,22,23,28,220,105,150,154,184,205,231,251,255,283,303,309,341,343,351,362
67:3,48,200,104,159,257,327,335,356
68:36,353,85,114,117,124,134,135,150,151,198,204,236,246,322,338,342,350,363
69:14,25,42,155,92,103,117,130,167,199,243,304,306,373
70:4,230,82,90,98,131,134,142,156,161,162,183,209,241,252,301,328,355,368
71:0,6,14,29,42,110,75,102,129,130,158,172,217,232,234,244,270,277,300,335
72:3,15,25,40,53,193,107,109,110,121,155,167,260,279,330,346,371
73:16,37,196,77,139,146,167,169,189,221,299,300,306,324,337,366
74:18,23,44,372,86,114,146,233,307,312,335,349,379
75:40,71,292,112,127,135,138,158,213,255,263,277,278,301,310,329
76:2,10,147,81,86,89,163,166,177,242,301,363,365,369,376
77:2,42,73,99,91,101,121,156,173,177,226,246,251,253,283,291,310,316,330,333,345,361,368
78:4,34,45,65,79,91,136,161,228,285,293,325,376
79:41,45,78,311,92,146,158,201,208,215,247,281,302,321,331
80:12,37,268,151,154,157,172,186,213,224,227,259,265,325,352,365
81:1,4,5,76,317,91,99,102,105,133,140,199,213,226,227,352,360
82:8,39,52,64,70,308,113,121,122,172,173,188,243,268,340,349
83:6,17,31,37,55,161,95,126,135,181,190,197,202,232,243,245,267,284,287,288,294,313,317,339,354
84:53,92,98,103,114,123,138,202,225,226,232,236,249,258
85:42,60,65,68,95,86,88,132,168,176,185,199,200,213,216,222,235,245,257,299
86:39,74,76,85,213,90,125,130,142,146,151,167,176,204,236,245,297,300,323,354,363
87:25,36,238,144,162,170,192,214,218,265,287,316,318,348,353,375
88:13,51,85,245,97,109,140,190,242,257,276,305,318,360
89:2,55,76,249,155,210,221,237,310,327,334,346
90:16,18,48,59,70,86,341,118,159,245,265,301,309,311,318,359,372,373
91:4,9,15,28,39,77,78,81,249,116,148,184,192,203,214,217,222,226,236,274,278,303,322,356,377,378
92:7,15,39,40,69,79,84,248,97,127,182,224,225,229,230,338,373
93:14,44,57,62,148,108,177,183,252,296,301,332,334,337,365,372
94:49,54,195,101,120,156,186,192,221,247,251,287,294,338,373
95:2,5,65,83,85,369,108,143,158,237,240,257,355
96:10,18,33,60,202,107,119,127,156,250,255,259,261,327,357,367,378
97:26,57,88,92,284,104,115,153,173,185,186,192,217,245,250,283,312,339,366,377
98:11,12,17,62,70,84,180,100,105,217,218,248,263,270,298,300,304,352,355,377,379
99:9,17,45,77,81,231,107,155,165,166,172,214,239,250,252,290,321,328,358
100:17,31,41,55,98,129,112,215,274,303,314,321,370
101:0,1,3,20,41,77,94,374,155,163,170,172,186,214,219,235,278,282,319,357,373
102:9,11,12,31,52,62,71,81,308,136,150,171,183,199,201,213,219,230,237,256,257,280,283,315,372
103:36,43,50,69,84,261,115,117,119,158,160,182,203,229,279,287,292,309,325,328
104:1,37,43,67,97,164,120,121,191,225,315,318,329
105:1,4,29,41,55,66,81,98,171,110,214,252,276,312,324,342
106:3,12,111,115,116,158,161,266,277,286,289,291,328,332,336
107:43,60,72,96,99,340,120,142,149,157,163,195,208,240,268,303,314,327,357,368
108:11,42,51,93,95,267,157,199,200,214,242,244,262,264,269,285,291,296,314,359,369
109:9,17,54,59,72,88,331,115,156,213,237,282,332,349,360
110:7,18,31,71,72,105,164,131,172,185,186,212,220,222,252,262,338,350,364
111:5,6,14,106,237,134,141,143,223,226,251,279,298,308,315,328,330,331,346
112:12,14,45,75,100,293,133,226,269,292,321,338,354,359,371
113:82,268,162,186,198,212,221,226,229,231,258,284,298,308,343,349
114:44,47,63,68,74,84,363,118,120,127,128,132,143,144,155,258,267,297,334,349,367
115:24,97,103,106,109,240,147,218,306,315,330,333,339,340,375
116:16,27,45,48,55,91,106,306,127,130,133,137,154,175,190,198,265,317,332,370
117:7,40,68,69,103,375,125,140,143,230,242,256,265,282,283,292,320,342
118:4,5,18,25,63,90,114,137,124,125,156,157,202,208,295,298,302,324,336,357
119:26,48,64,96,103,233,150,202,235,266,269,276,327,334,350,357,374
120:94,104,107,114,321,179,243,251,265,331,350,357,373,376,377
121:9,48,55,57,72,77,82,104,276,178,188,190,285,298,310,359,368
122:15,51,82,147,145,151,173,187,194,208,277,289,332
123:1,3,32,51,84,141,127,137,167,193,221,252,282,285,379
124:5,40,45,55,63,68,118,205,136,174,223,234,253,297,335,341,349,359
125:1,34,37,86,117,118,168,126,142,146,195,205,221,222,258,265,280,295,320
126:11,47,52,83,125,262,158,192,196,214,234,240,261,277,285,308
127:19,22,43,52,75,92,96,114,116,123,338,128,177,210,240,247,253,279,288,308,333,366
128:0,28,35,38,62,114,127,350,180,187,194,242,244,258,263,274,282,292,302,358
129:3,4,29,45,71,100,246,153,160,198,247,288,295,304,319,335,339
130:31,42,54,69,71,86,116,311,147,158,159,168,187,199,201,217,228,259,274,304,317,318,327,341,348,358,367
131:55,64,70,110,254,132,198,230,240,260,263,271,282,293,310,311,332,362,366,373
132:16,40,85,114,131,250,156,181,246,280,282,309,335,348,349
133:81,112,116,363,143,148,179,187,222,243
134:12,44,54,61,68,70,111,160,144,181,201,254,261,314,375
135:0,17,25,68,75,83,142,138,164,188,189,198,203,246,256,265,289,330,344,368
136:29,30,48,53,78,102,124,356,162,163,164,193,258,279,316,319,320,324,348,365
137:20,21,26,47,50,62,116,118,123,338,149,180,201,221,356,367
138:10,23,36,42,61,75,84,135,203,144,164,170,217,229,359,367
139:16,17,28,73,189,145,157,188,192,203,212,228,237,262,301,304,345,348,361,371
140:34,46,81,88,117,204,182,286,328,348,355,374,376
141:28,45,56,111,123,373,149,168,183,197,228,251,263,271,273,311,329,333,344,345
142:4,51,57,70,86,107,125,135,245,179,203,234,255,257,262,267,268,307,336,349,351,357,358,371,378,379
143:9,13,44,63,64,95,111,114,117,133,338,178,180,214,225,235,249,274,281,316,339,355,360
144:8,33,46,87,114,134,138,337,148,240,244,285,298,318
145:30,48,122,139,197,165,255,259,261,314,332,353,360
146:18,36,50,59,61,73,74,79,86,125,198,183,193,206,245,252,256,257,270,272,297,308,309,348,355
147:15,62,76,115,122,130,187,170,205,215,234,266,341
148:9,31,46,91,93,133,144,237,152,183,227,228,242,278,293,341,372
149:17,32,107,137,141,295,179,182,229,233,241,248,286,330,335,355,358
150:20,35,47,52,57,58,66,68,102,119,290,154,193,229,234,241,260,282,329,374
151:11,44,46,68,80,86,122,311,217,220,248,260,271,307,341,358,378
152:30,59,148,248,201,285,299,300,337
153:97,129,210,163,182,188,228,277,300,338,376
154:66,80,116,150,234,168,174,187,226,248,255,261,263,266,281,330,359,363,378
155:23,38,63,69,72,89,99,101,114,172,169,194,271,279,281,325,358,369
156:1,22,28,70,77,94,96,109,118,132,342,196,284,347,367
157:3,7,23,30,38,42,80,107,108,118,139,258,164,188,225,233,269,271,303,306,327,371
158:2,32,41,56,64,71,75,79,95,103,106,126,130,214,311,320,330
159:19,67,90,130,234,207,247,250,291,300,311,312,323,337,340,346,348,377
160:22,103,129,134,246,219,237,282,299,330,366
161:38,43,70,78,83,106,308,221,292,317,340
162:59,63,64,70,87,113,136,220,187,193,210,218,300,316,355,369
163:10,11,19,37,76,101,107,136,153,339,164,171,184,191,195,216,226,236,257,258
164:104,110,135,136,138,157,163,264,166,198,199,257,265,267,269,287,291,294,313,317,355,379
165:28,99,145,207,177,189,217,283,296,361,375
166:50,76,99,164,201,245,247,249,257,268,282,283,292,313,342,345,354,376
167:10,23,39,47,49,65,69,72,73,86,123,243,175,179,185,191,207,226,271,286,313
168:10,29,30,44,50,60,85,125,130,141,154,379,178,196,232,237,274,280,300,311,324,343,345,354,368
169:13,36,47,58,73,155,210,179,206,211,240,254,258,259,282,285,306,347,365,375
170:65,87,101,138,147,186,226,233,250,266,277,283,364,371,375
171:7,10,102,105,163,206,209,210,227,233,234,236,331,332
172:52,71,80,82,99,101,110,155,377,194,211,240,251,265,273,304,308,319,324,362,367
173:38,52,57,77,82,97,122,242,201,245,246,253,262,293,325,330,332,339
174:7,124,154,189,190,194,195,201,203,229,265,270,276,280,284,316,345
175:17,31,50,116,167,330,247,253,285,295,363,367
176:45,85,86,277,182,185,289,335
177:7,25,45,76,77,93,127,165,324,199,208,250,258,349
178:28,45,121,143,168,271,182,268,293,305,335,349,356
179:8,51,120,133,142,149,167,169,229,186,208,225,293,296,324,353,370
180:18,41,61,65,98,128,137,143,232,211,231,243,268,285,343,345,352,360
181:9,16,61,62,83,132,134,185,207,211,223,227,243,250,265,286,292,295,314,334,349
182:11,14,92,103,140,149,153,176,178,286,195,210,225,242,246,265,266,270,328
183:0,11,19,20,23,32,70,93,102,141,146,148,237,209,210,217,271,328,346,355,368,375,377
184:66,91,163,378,195,227,232,237,261,263,288,292,333,349,375
185:16,20,22,29,31,35,41,48,85,97,110,167,176,181,211,194,215,227,244,276,304,313,315,336,346,356,367
186:7,22,25,80,94,97,101,110,113,170,179,372,193,197,217,228,260,262,283,289,291,309,343,356,373,375
187:3,24,122,128,130,133,147,154,162,214,193,203,208,218,225,240,241,253,262,291,301
188:0,11,82,121,135,139,153,157,344,217,240,282,312,320,325,353,366,378
189:15,63,73,135,139,165,174,236,212,237,242,243,343,348
190:35,83,88,116,121,174,244,194,195,198,214,215,254,298,311,321,324,348,352,365,372,373,375
191:9,12,33,38,49,104,163,167,285,216,224,228,234,236,249,253,280,330,338,339
192:11,17,87,91,94,97,126,139,350,209,251,272,284,291,309,313,370,374
193:2,42,72,123,136,146,150,162,186,187,246,219,231,237
194:1,7,33,35,43,46,122,128,155,172,174,185,190,238,216,225,231,253,287,304,324,345,349,375
195:19,94,107,125,163,174,182,184,190,223,213,227,231,244,278,310,312,323,347,350,378
196:12,17,34,49,52,73,126,156,168,197,204,264,266,272,290,317,350,366,378
197:10,25,46,53,59,83,141,145,186,196,248,240,277,285,309,320,333,364,377
198:49,63,68,113,116,129,131,135,146,164,190,327,209,216,223,241,245,256,265,311,335,367,376
199:5,53,56,69,81,85,102,108,130,164,177,325,206,213,229,323,327,355
200:23,58,65,67,85,108,356,221,232,264,280,293,313,320,349
201:14,55,79,102,130,134,137,152,166,173,174,289,202,207,221,235,244,245,258,261,282,285,321,359,378
202:7,34,50,53,58,83,84,96,118,119,201,338,215,230,348
203:15,16,25,27,48,91,103,135,138,139,142,174,187,295,233,244,267,273,346,368,369
204:3,7,19,68,86,140,196,344,206,218,219,250,271,294,299,315,321,339,377
205:28,32,34,66,124,125,147,227,240,319,338,345,368,369
206:45,65,146,169,171,199,204,256,246,252,268,297,312,378
207:29,48,52,159,165,167,181,201,294,237,239,254,271,278,282,320,327,339,352,368
208:30,49,79,107,118,122,177,179,187,228,223,232,236,242,279,280,329,349
209:5,18,65,70,171,183,192,198,264,211,230,250,312,315,316,328,369,376
210:4,14,50,61,64,89,127,153,162,169,171,182,183,292,218,226,227,242,243,293,319,360,377
211:47,53,169,172,180,181,185,209,213,223,224,233,263,264,295,304,317,325,332,341,351,371,375,377
212:8,17,19,31,52,110,113,139,189,299,214,255,275,367
213:17,57,75,80,81,85,86,102,109,195,199,211,312,231,239,247,248,290,318,335,341
214:21,24,43,50,87,91,99,101,105,108,126,143,158,187,190,212,350,228,281,294,329,340
215:6,79,100,147,185,190,202,307,225,239,242,248,259,265,313,326,349,355,356,365,372
216:11,33,47,85,163,191,194,198,263,226,229,242,252,298,318,326,377,378
217:15,62,71,91,97,98,130,138,151,165,183,186,188,235,221,325,327
218:16,34,62,87,98,115,162,187,204,210,330,221,234,332,366
219:6,8,40,42,101,102,160,193,204,359,235,256,265,328,364,379
220:57,66,110,151,162,312,223,246,255,260,269,275,281,289,296,301,317,325,332,365
221:11,24,26,32,34,73,89,94,113,123,125,137,161,200,201,217,218,309,238,274,294,323,324,328,337,348,351
222:25,39,42,55,85,91,110,125,133,358,226,247,263,268,288,318,319,322,323,354,371
223:7,16,111,124,181,195,198,208,211,220,315,237,238,242,265,333,340
224:27,54,55,80,92,191,211,321,225,242,267,290,351,358
225:4,84,92,104,143,157,179,182,187,194,215,224,237,226,232,236,240,249,259,290,297,301,310,313,343,352
226:26,58,77,81,84,91,111,112,113,154,163,167,170,210,216,222,225,369,339,360
227:8,18,19,59,80,81,148,171,181,184,185,195,205,210,371,242,248,302,328,366,369,375
228:24,34,78,130,139,141,148,153,186,191,208,214,360,247,263,295,299,337
229:19,21,92,103,113,138,149,150,174,179,199,216,349,252,313,318,327,355,362
230:29,70,92,102,117,131,202,209,303,274,297,311,334,371
231:58,66,99,113,180,193,194,195,213,250,234,252,260,266,283,285,329,334,339
232:16,71,83,84,168,180,184,200,208,225,366,246,248,252,255,368
233:6,23,26,56,60,74,119,149,157,170,171,203,211,256,237,248,299,305,312,331,350,364,376,378
234:45,46,49,53,60,61,71,124,126,142,147,150,154,159,171,191,218,231,271,314,326,342,363,369,374
235:3,6,19,38,42,52,85,101,119,143,201,217,219,308,255,269,292,306,317,326
236:15,21,43,45,68,84,86,91,163,171,189,191,208,225,373,248,254,321,365
237:5,20,40,52,61,89,95,102,109,111,139,148,160,168,183,184,189,193,207,223,225,233,379,249,326,333,365
238:29,36,50,51,87,194,221,223,363,241,242,249,296,305,314,336
239:9,37,42,99,207,213,215,246,251,262,279,305,314,318,330
240:21,47,95,107,115,126,127,131,144,169,172,187,188,197,205,225,283,273,323,326,331,335,338,343,345,358,376
241:23,24,34,54,56,70,149,150,187,198,238,330,250,252,255,261,270,283,289,310,325,331
242:15,34,36,76,88,108,117,128,148,173,182,189,208,210,215,216,223,224,227,238,279,243,304,313,337,364,370,376,379
243:4,5,12,24,32,37,46,69,82,83,120,133,167,180,181,189,210,242,349,253,259,272,284,293,359
244:7,10,25,58,63,71,108,128,144,185,190,195,201,203,358,269,272,292,295,300,302,321,350,357,365
245:2,10,11,65,83,85,86,88,90,97,142,146,166,173,198,201,293,273,289,295,310,326,362,369
246:42,45,51,68,77,129,132,135,160,173,182,193,206,220,232,239,316,253,269,271,277,292,320,332,351,361
247:18,54,64,79,94,127,129,159,166,175,213,222,228,327,253,255,267,274,276,281,343,365,366
248:26,29,32,40,92,98,149,151,152,154,197,213,215,227,232,233,236,356,266,267,288,312,327,350,351
249:16,18,48,58,84,89,91,143,166,191,225,237,238,295,270,326,350,373
250:35,56,63,96,97,99,132,159,170,177,181,204,209,231,241,279,260,272,284,294,307,319,327,329,376
251:10,31,36,57,61,66,77,94,111,120,141,172,192,239,357,263,291,292,315,318,332,335,350,366,369
252:15,23,31,70,93,99,105,110,123,146,206,216,229,231,232,241,350,305,359,371
253:22,33,60,77,124,127,173,175,187,191,194,243,246,247,287,258,264,268,295,326,358
254:39,45,63,131,134,169,190,207,236,328,283,287,305,309,326,330
255:14,24,66,75,96,142,145,154,212,220,232,235,241,247,273,266,282,290,316,327,340
256:13,17,18,57,102,117,135,146,198,206,219,233,307,291,321,328,357
257:2,8,31,67,85,88,95,102,142,146,163,164,166,304,290,303,316,324,345,358,375
258:27,84,113,114,125,128,136,157,163,169,177,201,253,284,286,289,297,309,373
259:10,14,22,30,42,45,58,63,65,80,96,130,145,169,215,225,243,361,276,305,309,327,337,349
260:51,62,72,131,150,151,186,220,231,250,334,263,271,275,281,321,366,368,372
261:27,36,96,103,126,134,145,154,184,201,241,354,267,268,349,373
262:6,25,39,51,108,110,126,139,142,173,186,187,239,310,283,302,325
263:2,17,25,35,41,60,75,98,128,131,141,154,184,211,216,222,228,251,260,294,297,326,327,363
264:3,41,47,64,65,108,164,196,200,209,211,253,348,290,309,323,346,373
265:0,32,38,62,80,87,90,116,117,120,125,135,164,172,174,181,182,198,215,219,223,310,267,307,326,343,358,373
266:60,106,119,147,154,170,182,196,231,248,255,276,270,311,318,320,329,333,362,378
267:14,18,47,49,60,83,108,114,142,164,203,224,247,248,261,265,339,269,282,289,290,292,342,343,356,359,362
268:31,80,82,107,113,142,166,178,180,206,222,253,261,371,301,302,306,351,352,373
269:7,48,53,108,112,119,157,164,220,235,244,246,267,345,272,285,317,325,347,368,374
270:9,23,24,32,33,56,71,98,146,174,182,241,249,266,328,280,292,312,320
271:24,49,52,131,141,151,155,157,167,178,183,204,207,234,246,260,288,297,322,339,356,368
272:2,4,10,54,146,192,196,243,244,250,269,369,300,363
273:16,27,35,43,52,53,141,172,203,240,245,255,289,301,330,335,346
274:46,91,100,128,130,143,168,221,230,247,339,284,375
275:3,44,212,220,260,298,285,325,330,357,372
276:2,51,88,105,119,121,174,185,247,259,266,306,293,314,320,331,362,377
277:2,10,11,32,44,59,71,75,106,122,126,153,170,176,197,246,377,289,329,336,360,363,364,373
278:50,55,59,75,91,101,148,195,207,324,285,296,308,317,359,362
279:12,20,59,72,103,111,127,136,155,208,239,242,250,370,303,316,337,376
280:26,46,55,102,125,132,168,174,191,200,208,270,307,295,341,351,374,377
281:1,12,24,40,46,79,143,154,155,214,220,247,260,322,285,358
282:30,38,49,55,61,65,101,109,117,123,128,131,132,150,160,166,169,188,201,207,255,267,325,286,345
283:13,24,36,66,77,97,102,117,165,166,170,186,231,240,241,254,262,356,300,302,307,310,315,340,343,360,373
284:13,56,83,97,113,156,174,192,243,250,258,274,354,319,321,324,345,355,370,376
285:22,27,35,44,78,108,121,123,126,144,152,169,175,180,191,197,201,231,269,275,278,281,376,286,289,345,361
286:24,32,41,56,57,106,140,149,167,181,182,258,282,285,335,312,322,334,336,351
287:16,39,50,62,83,87,94,103,164,194,253,254,379,312,323
288:11,12,17,36,57,64,83,127,129,184,222,248,271,357,303,338,348,367
289:5,54,62,64,106,122,135,176,186,201,220,241,245,258,267,273,277,285,346,308,319,321,337,343,348,365,367
290:29,31,99,150,196,213,224,225,255,257,264,267,291,320,328,335
291:0,27,77,106,108,159,164,186,187,192,251,256,290,337,294,313
292:13,42,75,103,112,117,128,161,166,181,184,210,235,244,246,251,267,270,352,300,315,327
293:34,60,78,112,131,148,173,178,179,200,210,243,245,276,361,326,367
294:83,94,164,204,207,214,221,250,263,291,334,327,357,379
295:26,44,118,125,129,149,175,181,203,211,228,244,245,249,253,280,350,302,313,364
296:93,108,165,179,220,238,278,303,305,321,350,354
297:1,17,43,55,86,114,124,146,206,225,230,258,263,271,308,344,346,361
298:23,30,34,98,111,113,118,121,144,190,216,275,328,315,326,331
299:6,30,73,85,152,160,204,212,228,233,324,342,358,378
300:1,22,36,40,49,55,71,73,86,98,152,153,159,162,168,244,272,283,292,364,309,311,312,328,347,358
301:34,62,70,75,76,90,93,139,187,220,225,268,273,321,305,310,313,335,377
302:0,23,79,118,128,227,244,262,268,283,295,336,313,315
303:6,56,66,91,100,107,157,230,257,279,288,296,359,304,311
304:30,69,98,129,130,139,172,185,194,211,242,257,303,338,311,313,318
305:24,26,56,88,178,233,238,239,252,254,259,296,301,354,332
306:7,22,69,73,115,116,157,169,235,268,276,317,321,344,356
307:52,60,64,74,142,151,215,250,256,265,280,283,354,329,343,366,378
308:51,82,102,111,113,126,127,146,161,172,235,278,289,297,370,339,345,377
309:2,37,45,51,55,66,90,103,132,146,186,192,197,221,254,258,259,264,300,366,311,315,322,337,345,348,361
310:5,22,34,62,75,77,89,121,131,195,225,241,245,262,265,283,301,368,313,329,356,362,378
311:6,39,50,52,79,90,130,131,141,151,158,159,168,190,198,230,266,300,303,304,309,342,316,359
312:27,32,65,74,97,105,159,188,195,206,209,213,220,233,248,270,286,287,300,370,313,329,340,368
313:2,9,18,19,60,83,164,166,167,185,192,200,215,225,229,242,291,295,301,302,304,310,312,359,376
314:5,6,23,100,107,108,134,145,181,234,238,239,276,360,336,337,352,370
315:8,19,57,62,102,104,111,115,185,204,209,223,251,283,292,298,302,309,353,360,365,379
316:4,32,36,49,77,87,136,143,162,174,209,246,255,257,279,311,374,371
317:4,18,20,23,32,81,83,116,130,161,164,196,211,220,235,269,278,306,360,367,371,372
318:8,22,40,65,87,88,90,104,130,144,213,216,222,229,239,251,266,304,376,323,334,355
319:45,101,129,136,172,205,210,222,250,284,289,351,335,339,347,349
320:55,62,117,125,136,158,188,197,200,207,246,266,270,276,290,371,347
321:1,33,79,99,100,112,120,190,201,204,224,236,244,256,260,284,289,296,301,306,327,342,360
322:3,64,68,91,222,271,281,286,309,340,339,379
323:34,86,159,195,199,221,222,240,264,287,318,358,340,344,370
324:0,1,23,28,47,60,73,105,118,136,168,172,177,179,190,194,221,257,278,284,299,337,366
325:6,54,78,80,103,155,173,188,199,211,217,220,241,262,269,275,282,330,341,355,379
326:14,46,215,216,234,235,237,240,245,249,253,254,263,265,293,298,341,367
327:14,41,67,89,96,107,119,130,157,198,199,207,217,229,247,248,250,255,259,263,292,294,321,338,377
328:53,59,70,99,103,106,111,140,182,183,209,219,221,227,254,256,270,290,298,300,362,337,344,379
329:8,13,14,31,64,75,104,141,150,208,214,231,250,266,277,307,310,312,366,361
330:16,54,72,77,111,115,135,149,154,158,160,173,175,191,218,239,241,254,273,275,325,353,343,350,363
331:15,22,55,79,109,111,120,171,233,240,241,276,298,352,353,367,375
332:11,59,93,106,109,116,122,131,145,171,173,211,218,220,246,251,305,333,350
333:8,26,61,77,115,127,141,184,197,223,237,266,332,378
334:1,29,42,50,89,93,114,119,181,230,231,260,286,294,318,360,342,349,356
335:32,67,71,74,124,129,132,149,176,178,198,213,240,251,273,286,290,301,319,349
336:31,38,48,106,118,142,185,238,277,286,302,314,371,369,377
337:11,16,27,35,48,50,57,73,93,144,152,159,221,228,242,259,279,289,291,309,314,324,328,365
338:13,18,41,43,52,60,68,92,94,110,112,127,137,143,153,191,202,205,240,288,304,327,356,365
339:6,45,61,83,97,115,129,143,163,173,191,204,207,226,231,267,271,274,308,319,322,342,368
340:12,15,32,57,60,64,82,107,115,159,161,214,223,255,283,312,322,323,358,364
341:30,46,64,66,90,124,130,147,148,151,211,213,280,325,326,377,363,364,369
342:2,68,105,117,156,166,234,267,299,311,321,334,339,368,352,372,375
343:0,7,22,29,31,43,44,50,66,113,168,180,186,189,225,240,247,265,267,283,289,307,330,376,370
344:24,27,46,50,58,135,141,188,204,297,306,323,328,370,358,371,373
345:8,40,77,139,141,166,168,174,180,194,205,240,257,269,282,284,285,308,309,371,365
346:45,50,72,89,111,159,183,185,203,264,273,289,297,376,371
347:29,54,156,169,195,269,300,319,320,371,368
348:38,42,87,130,132,136,139,140,146,159,189,190,202,221,264,288,289,309,352,365
349:3,19,30,31,74,82,109,113,114,124,132,142,177,178,181,184,194,200,208,215,229,243,259,261,319,334,335,371,379
350:9,59,68,110,119,120,128,192,195,196,214,233,244,248,249,251,252,295,296,330,332,358,357
351:32,50,66,142,211,221,224,246,248,268,280,286,319,368,362,372,374
352:22,46,47,80,81,98,180,190,207,225,268,292,314,331,342,348,376,357,365,367
353:68,87,145,179,188,315,330,331,365
354:10,23,29,33,51,61,83,86,112,166,168,222,261,284,296,305,307,368,372
355:0,2,7,13,18,34,38,40,60,63,70,95,98,140,143,146,149,162,164,183,199,215,229,284,318,325,358,359
356:1,10,24,45,64,67,91,136,137,178,185,186,200,215,248,267,271,283,306,310,334,338,379,358
357:11,25,27,31,96,101,107,118,119,120,142,244,251,256,275,288,294,350,352,366,371
358:3,43,99,128,130,142,149,151,155,222,224,240,244,253,257,265,281,299,300,323,340,344,350,355,356,367,361,370
359:2,50,90,108,112,121,124,138,154,201,219,243,252,267,278,303,311,313,355,373
360:15,29,36,38,81,88,109,143,145,180,210,226,228,277,283,314,315,317,321,334,371
361:47,53,55,77,139,165,246,259,285,293,297,309,329,358,362
362:1,13,66,131,172,229,245,266,267,276,278,310,328,351,361,367
363:0,18,61,68,76,86,114,133,154,175,234,238,263,272,277,330,341,373,369
364:54,110,170,197,219,233,242,277,295,300,340,341,377
365:5,14,31,50,51,76,80,93,136,169,190,215,220,236,237,244,247,289,315,337,338,345,348,352,353,373,366
366:59,73,97,127,131,160,188,196,218,227,232,247,251,260,307,309,324,329,357,365,375,371
367:18,30,31,34,40,96,114,130,137,138,156,172,175,185,198,212,288,289,293,317,326,331,352,358,362,373
368:2,18,37,54,55,59,70,77,107,121,135,168,183,203,205,207,232,260,269,271,310,312,339,342,347,351,354,376,373,379
369:3,6,19,21,57,76,95,108,155,162,203,205,209,226,227,234,245,251,272,336,341,363,377,373
370:10,46,63,100,116,179,192,242,279,284,308,312,314,323,343,344,358,377
371:18,40,65,72,112,139,142,157,170,211,222,227,230,252,268,316,317,320,336,344,345,346,347,349,357,360,366,377
372:3,34,56,74,90,93,102,148,186,190,215,260,275,317,342,351,354,379
373:40,53,69,90,92,94,101,120,131,141,186,190,236,249,258,261,264,265,268,277,283,344,359,363,365,367,368,369,378
374:22,43,101,119,140,150,192,234,269,280,316,351,375
375:2,9,63,87,115,117,134,165,169,170,183,184,186,190,194,211,227,257,274,331,342,366,374,377,378
376:32,41,76,78,120,140,153,166,198,209,233,240,242,250,279,284,285,313,318,343,346,352,368,378,377
377:6,55,63,91,97,98,120,159,172,183,197,204,210,211,216,276,277,280,301,308,327,336,341,364,369,370,371,375,376,379
378:0,30,58,91,96,142,151,154,184,188,195,196,201,206,216,233,266,299,307,310,333,373,375,376,379
379:29,31,46,74,98,123,142,164,168,219,237,242,287,294,315,322,325,328,349,356,368,372,377,378
