0:287,5,25,33,91,100,114,115,141,147,159,199,202,213,218,230,313,336,350,363
1:169,43,57,65,70,82,86,90,93,94,109,110,113,114,142,143,154,157,170,190,193,203,206,213,223,229,230,233,241,244,247,274,278,282,286,298,312,327,344,351,356
2:129,3,7,42,76,84,98,106,119,128,156,157,158,176,215,220,246,267,283,291,345,346
3:2,276,6,39,47,50,58,72,92,99,104,118,129,130,152,182,192,202,205,236,256,275,281,283,284,296,301,317
4:75,11,19,30,47,48,55,60,78,80,95,105,124,142,143,144,149,150,167,174,184,207,215,219,228,247,256,268,272,288,304,315,334,342,356,363
5:0,205,45,50,55,68,73,84,89,112,146,168,176,182,195,196,203,208,210,221,231,243,248,266,289,294,298,319,323,349,362
6:3,319,19,20,44,51,59,74,121,132,147,153,154,157,198,204,215,228,234,243,249,260,277,278,283,286,296,317,338,340,350,351
7:2,155,13,44,58,66,73,80,84,97,100,126,127,140,170,172,192,202,219,222,270,271,352
8:228,15,33,41,63,64,96,99,105,112,121,128,146,147,159,185,230,253,274,275,276,279,284,292,298,300,316,343,344,360,363
9:30,13,28,40,42,89,98,109,135,139,143,150,162,220,256,265,273,276,285,288,330,361,363,367,368
10:245,12,43,48,68,72,93,119,120,125,126,146,152,153,171,177,181,194,199,208,248,258,277,281,284,294,312,326,329,360,365
11:4,188,20,25,29,30,56,89,97,113,134,135,152,160,162,182,207,214,218,223,227,236,262,270,277,289,333,349,363
12:10,51,13,25,30,42,47,60,85,95,97,108,133,139,142,155,159,163,172,178,184,233,279,289,295,319,326,333,345,362,367
13:7,9,12,112,41,50,73,98,105,122,152,164,185,189,191,196,212,223,226,236,244,250,263,266,285,331,366
14:271,16,36,46,48,65,70,88,90,99,109,110,120,126,128,163,164,172,209,211,217,225,228,241,254,298,302,311,317,319,335,355,359,365
15:8,212,19,22,27,30,43,44,46,52,82,87,113,117,131,132,159,160,198,202,206,210,213,222,224,230,251,295,303,313,314,346,348,349,356,368
16:14,141,31,32,38,41,49,54,77,94,95,99,106,111,116,118,131,132,162,168,187,215,220,282,287,302,305,329,339,340,353
17:129,19,35,37,40,84,102,128,171,184,187,213,218,246,251,256,264,279,284,317,321,323,326,329,333,334,340,347,359,360,362
18:197,25,48,69,79,104,106,113,136,142,150,179,181,184,185,203,204,206,239,243,263,276,281,310,330,340,343
19:4,6,15,17,222,33,43,53,63,67,122,138,143,151,170,175,184,211,215,220,231,245,247,249,267,291,299,304,312,321,335,353,367
20:6,11,53,22,27,34,39,52,54,56,72,77,90,107,112,127,135,137,151,177,186,227,237,240,270,293,314,315,340,343,350
21:140,26,31,39,49,51,53,109,119,153,187,225,226,235,265,268,291,300,308,329,337,345,348,350,356,359
22:15,20,292,23,28,39,49,51,71,83,88,97,108,124,137,155,185,190,192,194,195,221,244,261,263,280,282,325,329
23:22,137,86,102,119,133,140,171,172,183,189,192,225,229,237,240,242,250,257,292,293,299,306,314,322,336,339
24:190,42,55,59,63,71,75,80,82,83,85,112,115,128,129,137,139,161,167,174,176,177,179,184,196,216,219,265,296,300,305,316
25:0,11,12,18,157,54,63,76,85,97,101,103,151,183,191,196,200,209,224,229,231,236,242,262,265,266,272,273,274,279,352,353,357
26:21,241,27,29,43,51,55,68,93,96,97,108,114,140,151,179,180,183,195,203,227,268,272,276,299,312,347,361,368
27:15,20,26,207,31,47,73,81,111,126,147,150,162,194,197,201,212,213,224,229,265,270,273,278,282,291,320,369
28:9,22,79,30,34,38,51,61,74,90,132,141,191,198,201,207,217,219,220,224,249,251,260,267,304,305,345,348,359
29:11,26,144,67,101,106,107,119,124,125,140,147,151,168,199,229,245,251,254,274,279,289,296,302,303,313,321,337,339,343,344,352,361,363
30:4,9,11,12,15,28,282,37,41,45,54,78,80,104,117,134,136,163,166,177,181,183,189,201,202,212,232,238,240,242,287,304,312,343,351,361
31:16,21,27,156,32,47,68,78,79,84,90,94,98,99,107,120,157,177,192,197,199,205,247,249,298,326,344
32:16,31,73,52,74,75,77,83,92,100,118,120,123,134,145,153,162,165,173,176,184,187,197,201,204,226,227,271,304,319,323,332,356
33:0,8,19,100,39,67,98,102,108,127,136,139,157,160,164,195,206,216,226,228,237,247,270,294,298,312,318,322,324,328,334,364
34:20,28,110,130,132,146,195,207,208,219,253,265,271,297,305,306,330,354
35:17,189,39,78,101,111,117,126,129,155,170,173,192,195,196,207,208,241,245,263,277,286,297,315,336,350,361
36:14,71,58,78,86,104,129,134,136,147,164,167,202,214,215,242,246,251,275,283,311,313,315,323,329,346,358,368
37:17,30,57,38,44,47,78,82,96,98,104,133,138,140,147,156,168,169,170,180,197,202,206,208,231,239,256,260,295,300,305,309,315,317,341,358
38:16,28,37,71,44,62,78,82,118,161,172,174,176,186,218,238,256,259,263,265,273,286,290,299,318,319,335,345,357,360,366
39:3,20,21,22,33,35,261,57,62,75,79,83,85,91,102,103,119,122,125,133,134,201,203,204,233,299,326,329,356
40:9,17,369,54,67,72,89,107,165,178,186,195,199,210,223,231,252,258,266,271,290,295,306,332,357
41:8,13,16,30,307,47,62,99,115,130,136,151,160,165,171,180,194,213,219,232,237,263,299,304,325,329,357
42:2,9,12,24,333,47,49,71,162,164,166,173,180,181,198,217,243,278,312,316,322,343,349,352,358,364
43:1,10,15,19,26,202,47,50,64,86,87,91,113,130,138,142,146,149,186,197,198,199,232,239,254,268,275,281,290,323,338,363
44:6,7,15,37,38,188,48,58,104,113,125,153,154,163,169,189,190,194,228,237,241,245,256,282,313,344,356,357,359
45:5,30,314,57,63,73,87,103,107,117,138,161,172,246,248,250,251,358,362
46:14,15,173,58,60,75,94,119,124,126,149,159,160,163,180,197,203,259,279,284,295,317,318,322,326,335,366
47:3,4,12,27,31,37,41,42,43,325,56,68,74,103,108,109,114,128,134,144,170,171,185,197,199,203,230,240,246,266,314,315,321,337,340,362,365
48:4,10,14,18,44,248,54,55,62,70,74,87,91,93,94,130,137,161,177,201,232,237,244,256,260,269,270,273,276,287,293,298,309,316,322,332,336,344,347,354,358,360
49:16,21,22,42,277,65,85,100,114,115,118,135,144,150,154,179,188,206,211,215,216,232,252,253,256,257,269,274,284,288,291,303,307
50:3,5,13,43,297,57,71,73,78,80,94,96,103,104,105,108,122,127,139,145,147,165,166,181,218,220,227,229,234,248,249,260,274,304,310,314
51:6,12,21,22,26,28,174,63,70,72,77,88,93,101,105,131,144,147,150,182,201,214,244,294,316,322,345,355,367
52:15,20,32,277,57,73,119,129,132,136,140,157,167,171,208,215,221,236,241,261,265,268,308,348,353,356
53:19,20,21,316,60,66,72,169,197,198,210,215,237,239,242,260,282,314,321,323,340,348,350,358
54:16,20,25,30,40,48,286,90,137,162,166,206,208,211,239,249,259,261,272,311,313,341
55:4,5,24,26,48,365,57,62,67,78,97,105,127,134,143,177,186,191,198,216,228,233,234,252,295,297,315,330,356,362
56:11,20,47,338,66,142,147,163,168,195,228,229,234,238,294,297,323,339,343,348,369
57:1,37,39,45,50,52,55,76,86,94,109,129,134,141,144,153,154,158,176,183,206,259,273,291,308,311,334,351,356,357,364
58:3,7,36,44,46,344,59,73,90,91,143,148,159,187,192,193,243,265,266,280,282,287,297,300,303,305,307,309,341,345,346
59:6,24,58,307,61,86,89,112,136,154,172,174,181,198,199,225,255,264,270,277,280,287,301,303,321,332,363
60:4,12,46,53,336,91,96,107,111,117,137,140,164,191,210,212,303,307,322,332,351,368
61:28,59,125,68,85,92,129,131,136,143,148,149,163,183,212,217,224,232,240,241,248,261,263,284,290,315,338,350,357,358,360
62:38,39,41,48,55,259,80,121,152,188,193,208,211,219,226,227,242,243,249,258,265,288,302,306,344,353
63:8,19,24,25,45,51,354,74,93,99,101,110,122,124,126,145,166,180,203,229,230,241,248,254,258,286,300,307,313
64:8,43,353,85,95,98,120,127,145,171,172,187,201,227,234,238,282,286,297,309,312,337,357
65:1,14,49,204,74,82,83,119,133,137,143,163,176,194,195,206,228,248,259,275,292,295,311,322,341,349,352,361
66:7,53,56,230,68,71,81,85,86,94,97,136,148,157,194,213,214,220,225,265,274,284,320,323,350,351
67:19,29,33,40,55,369,87,89,125,132,167,188,200,201,203,219,222,230,261,265,299,343
68:5,10,26,31,47,61,66,204,82,95,99,113,114,116,119,129,132,134,143,151,157,202,209,240,276,281,301,310
69:18,369,75,76,82,125,132,159,161,168,191,194,196,197,202,217,224,236,239,243,267,272,293,307,313,321,323,353,361,363
70:1,14,48,51,288,79,126,161,163,177,186,190,197,211,231,232,241,250,258,268,283,300,323,348,356,362,363,364,365
71:22,24,36,38,42,50,66,161,92,114,133,178,183,206,208,219,224,239,247,275,287,331,333,338,340,354,368
72:3,10,20,40,51,53,367,81,93,131,134,151,196,197,203,245,249,251,320,325,330,351
73:5,7,13,27,32,45,50,52,58,337,78,90,95,146,151,177,197,212,219,234,275,277,282,325,333,338,353,355,358,361
74:6,28,32,47,48,63,65,255,82,198,208,211,216,243,254,258,262,268,304,328
75:4,24,32,39,46,69,223,78,86,106,134,152,174,181,187,209,213,225,226,231,232,280,292,295,319,321,345,347,363,367
76:2,25,57,69,111,86,92,102,128,157,169,198,221,249,251,252,268
77:16,20,32,51,312,92,93,126,152,154,165,174,181,198,204,216,220,232,249,253,261,273,274,282,292,295,308,315,322,339,350,361
78:4,30,31,35,36,37,38,50,55,73,75,323,81,101,134,138,149,150,161,172,229,230,242,248,257,269,277,281,287,299,348,358
79:18,28,31,39,70,203,88,100,130,149,156,179,188,198,225,228,242,246,256,258,284,303,318,339,343,344,358,366
80:4,7,24,30,50,62,171,100,106,132,137,148,153,160,162,165,166,167,205,225,228,230,237,245,248,252,267,277,297,316,318,326,334,357
81:27,66,72,78,276,88,99,119,155,160,180,202,219,225,253,259,271,278,315,340,343,356,357
82:1,15,24,37,38,65,68,69,74,325,97,120,130,133,150,158,163,169,170,175,177,182,197,215,261,272,289,305,318,323,324,332,347
83:22,24,32,39,65,316,90,111,117,121,129,134,168,169,177,271,288,310,362
84:2,5,7,17,31,121,94,109,113,156,158,170,223,256,259,269,284,305,321
85:12,24,25,39,49,61,64,66,303,91,98,102,125,132,158,168,196,212,236,246,250,266,272,298,299,302,332,346,360
86:1,23,36,43,57,59,66,75,76,304,90,100,102,148,156,163,174,177,178,181,204,219,239,261,265,273,289,295,296,297,319,326,333,359,368,369
87:15,43,45,48,67,254,91,117,120,152,159,172,179,182,183,193,205,220,225,288,300,304,310,342,353
88:14,22,51,79,81,288,99,133,164,178,183,189,208,218,233,244,256,261,284,295,359
89:5,9,11,40,59,67,309,102,120,124,131,139,149,155,158,163,182,192,195,198,207,211,238,249,262,268,279,297,301,303,318,323,327,330,355,363,364
90:1,14,20,28,31,54,58,73,83,86,243,113,115,138,171,193,212,224,237,261,266,271,278,288,297,314,323,345,347,364,366
91:0,39,43,48,58,60,85,87,138,93,105,125,136,168,175,209,225,233,236,242,297,363
92:3,32,61,71,76,77,198,110,141,178,197,215,225,238,251,261,264,288,292,310,314,330,344,348,366,369
93:1,10,26,48,51,63,72,77,91,299,105,114,123,126,127,130,166,170,172,176,213,225,230,241,266,268,298,316,317,327,333,364
94:1,16,31,46,48,50,57,66,84,166,100,102,103,109,123,148,165,167,191,196,198,210,211,230,275,280,281,305,309,320,321,333,353
95:4,12,16,64,68,73,263,102,127,140,142,153,166,203,207,212,227,231,243,254,259,278,279,286,287,293,340,344,369
96:8,26,37,50,60,208,103,111,129,133,158,168,169,170,199,225,230,258,259,270,279,282,305,346
97:7,11,12,22,25,26,55,66,82,289,117,126,143,169,184,193,200,204,206,215,219,221,229,251,264,278,296,300,307,325,337,360
98:2,9,13,31,33,37,64,85,321,100,109,133,158,176,177,179,231,241,242,247,257,268,301,302,305,320,329,354
99:3,8,14,16,31,41,63,68,81,88,297,102,105,137,142,147,167,180,182,191,194,208,210,229,293,314,344,358,362,363
100:0,7,32,33,49,79,80,86,94,98,230,115,132,137,157,171,175,177,200,209,219,271,295,302,307,327,328,340,343,352,365
101:25,29,35,51,63,78,127,146,152,170,188,194,197,203,213,219,231,258,309,318,361,362
102:17,23,33,39,76,85,86,89,94,95,99,234,124,144,187,190,194,195,211,212,218,222,273,274,279,303,315,329,355,361
103:25,39,45,47,50,94,96,316,117,175,213,218,225,233,243,260,264,290,302,312,321,345,350
104:3,18,30,36,37,44,50,320,112,119,120,155,172,213,258,261,266,290,302,346,364
105:4,8,13,50,51,55,91,93,99,313,117,131,142,147,154,156,160,204,206,212,216,222,226,231,238,246,252,257,271,280,286,289,292,297,304,309,319,327
106:2,16,18,29,75,80,170,115,118,121,174,176,209,216,225,271,288,298,305,310,319,343,354,362,365
107:20,29,31,40,45,60,237,108,121,126,135,137,140,209,222,229,265,271,278,285,306,312,323,326,327,364,367
108:12,22,26,33,47,50,107,330,125,126,152,157,166,179,185,191,206,213,216,226,230,234,269,274,277,278,315,320,324,325,332,347,349,354,360,362,367
109:1,9,14,21,47,57,84,94,98,272,110,112,117,133,231,233,263,264,277,293,325,339,354,358,363
110:1,14,34,63,92,109,313,135,139,148,150,159,171,185,193,195,200,214,215,227,237,255,269,271,272,308,316,346,359,362,368
111:16,27,35,60,76,83,96,287,132,148,156,159,161,171,172,177,183,184,204,217,221,226,229,250,253,282,322,331,338
112:5,8,13,20,24,59,104,109,194,114,116,118,120,122,127,147,172,180,185,204,216,235,242,245,246,253,262,267,275,286,300,313,342,360,369
113:1,11,15,18,43,44,68,84,90,118,115,159,169,178,191,198,209,214,215,225,235,257,260,283,286,308,312,352,358,365
114:0,1,26,47,49,68,71,93,112,307,127,148,159,172,217,255,298,305,311,351,358,359
115:0,24,41,49,90,100,106,113,157,118,143,148,153,203,207,215,256,258,272,278,280,285,287,295,299,313
116:16,68,112,353,123,129,142,143,145,173,195,206,234,254,276,302,309,339,342,347,354
117:15,30,35,45,60,83,87,97,103,105,109,334,119,120,126,210,215,218,219,222,254,260,274,278,325,359
118:3,16,32,38,49,106,112,113,115,282,123,133,135,143,150,191,246,268,270,274,292,297,303,312,345,362
119:2,10,21,23,29,39,46,52,65,68,81,104,117,312,160,162,168,176,180,195,223,226,238,239,273,307,320,344,347,358
120:10,14,31,32,64,82,87,89,104,112,117,237,134,148,177,179,219,224,234,243,247,254,268,278,287,299,341
121:6,8,62,83,84,106,107,123,132,170,183,184,197,200,209,214,234,239,248,250,253,255,266,272,274,289,301,307,342,354,362
122:13,19,39,50,63,112,368,131,132,140,179,196,209,212,230,269,294,305,332,334,350,353,365,367
123:32,93,94,116,118,121,259,134,164,180,188,196,197,210,253,258,288,305,309,312,313,325,326,335,355,357
124:4,22,29,46,63,89,102,254,164,170,172,201,219,249,255,256,261,275,284,285,288,312,361,366
125:10,29,39,44,61,67,69,85,91,108,189,135,137,151,177,190,222,236,238,258,262,269,272,302,305,308,321,329,348,349,354,364
126:7,10,14,27,35,46,63,70,77,93,97,107,108,117,236,138,170,195,207,214,252,261,279,288,295,303,309,319,340,342,348,351,366
127:7,20,33,50,55,64,93,95,101,112,114,245,128,141,155,198,227,231,246,247,261,277,294,301,305,318,322,324,339,344,345,355,357
128:2,8,14,17,24,47,76,127,246,130,150,162,171,182,185,192,202,204,209,212,215,233,254,314,317,323,347,359
129:2,3,17,24,35,36,52,57,61,68,83,96,116,157,130,204,210,228,236,247,257,270,273,281,290,309,314,318,343,348,354,365,368
130:3,34,41,43,48,79,82,93,128,129,215,135,145,147,158,162,166,173,184,188,251,271,280,285,304,310,313,323,359,362
131:15,16,51,61,72,89,105,122,247,133,138,151,153,156,186,188,193,234,236,244,251,260,265,267,284,294,300,301,305,315,322,325,368
132:6,15,16,28,34,52,67,68,69,80,85,100,111,121,122,273,140,161,189,196,218,229,231,245,249,284,289,298,301,302,321,347,355
133:12,23,37,39,65,71,82,88,96,98,109,118,131,363,162,167,168,180,183,199,207,210,215,230,252,265,276,308,321,327,340,349,358,369
134:11,30,32,36,39,47,55,57,68,72,75,78,83,120,123,364,137,185,205,219,234,255,276,285,309,310,329,332,338,342,351,362
135:9,11,20,49,107,110,118,125,130,136,137,152,167,168,193,220,249,273,274,287,306,332,340,345,359
136:18,30,33,36,41,52,59,61,66,91,135,284,138,145,150,171,176,205,221,240,245,246,248,258,261,295,297,314,339,349,356
137:20,22,23,24,48,54,60,65,80,99,100,107,125,134,135,318,163,172,178,194,200,221,231,237,241,256,279,292,311,320,349,350,369
138:19,37,43,45,78,90,91,126,131,136,255,162,163,165,179,193,211,227,259,260,276,299,308,326,349,368
139:9,12,24,33,50,89,110,212,154,163,170,171,181,221,245,262,273,279,281,294,310,331,360
140:7,21,23,26,29,37,52,60,95,107,122,132,313,182,183,191,211,219,220,229,243,256,261,277,287,329,337
141:0,16,28,57,92,127,237,155,166,190,200,206,215,242,253,266,287,307,328,338,352,355,364
142:1,4,12,18,43,56,95,99,105,116,236,147,157,169,170,186,230,234,242,244,245,262,276,289,293,297,300,305,342,360
143:1,4,9,19,55,58,61,65,68,97,115,116,118,249,148,189,198,200,243,244,254,308,309,328,329,336,347,352,358
144:4,29,47,49,51,57,102,274,172,181,201,214,224,249,256,267,307,317,327,334,355,360,369
145:32,50,63,64,116,130,136,200,147,169,170,185,196,199,203,205,227,229,240,269,295,306,321,325,337,338,355,369
146:5,8,10,34,43,73,101,223,149,168,178,205,208,212,216,222,226,232,243,256,270,313,319,333,365
147:0,6,8,27,29,36,37,50,51,56,99,105,112,130,142,145,230,148,150,153,166,194,206,210,216,227,229,240,260,283,290,292,303,315,325,336
148:58,61,66,80,86,94,110,111,114,115,120,143,147,153,149,169,175,185,206,210,215,224,255,284,289,295,299,301,303,333
149:4,43,46,61,78,79,89,146,148,287,152,155,176,179,185,208,229,247,251,267,282,295,343,350
150:4,9,18,27,49,51,78,82,110,118,128,136,147,192,155,163,171,174,186,191,221,228,234,235,248,266,267,272,277,290,321,339,341,343,345,350
151:19,20,25,26,29,41,68,72,73,125,131,275,167,180,187,197,200,209,216,218,220,222,288,300,337,354
152:3,10,11,13,62,75,77,87,101,108,135,149,323,161,166,182,187,214,249,259,273,281,287,288,295,301,305,311,330,353,355,365
153:6,10,21,32,44,57,80,95,115,131,147,148,215,164,185,186,199,222,227,254,264,275,283,284,336,344,364
154:1,6,44,49,57,59,77,105,139,177,158,190,211,227,229,242,243,244,258,276,281,283,290,293,303,315,330,338
155:7,12,22,35,81,89,104,127,141,149,150,222,188,201,203,217,220,228,231,235,237,242,255,264,267,268,275,310,327,333,335,337,357,365,366
156:2,31,37,79,84,86,105,111,131,158,159,169,194,205,224,231,238,241,266,283,287,306,346,367
157:1,2,6,25,31,33,52,66,68,76,100,108,115,129,142,270,160,172,174,179,193,211,214,226,228,236,255,260,285,301,305,309,312,317,327,332,344,354
158:2,57,82,84,85,89,96,98,130,154,156,180,173,203,213,234,236,244,275,287,305,317,321,329,348,365
159:0,8,12,15,46,58,69,87,110,111,113,114,156,300,207,218,227,313,319
160:11,15,33,41,46,80,81,105,119,157,316,171,184,254,263,268,288,306,366
161:24,38,45,48,69,70,71,78,111,132,152,164,188,201,210,221,239,255,257,275,285,317,322,349,354
162:9,11,16,27,32,42,54,80,119,128,130,133,138,244,165,175,177,180,183,184,202,207,242,255,260,279,290,296,308,324,361,369
163:12,14,30,44,46,56,61,65,70,82,86,89,137,138,139,150,310,186,191,211,226,229,296,320,324,335,353,361
164:13,14,33,36,42,60,88,123,124,153,161,229,167,195,196,199,204,208,234,278,290,303,355,363
165:32,40,41,50,77,80,94,138,162,315,170,210,218,241,244,246,255,278,284,312,348,359,365
166:30,42,50,54,63,80,93,94,95,108,130,141,147,152,202,171,181,191,200,217,228,236,242,249,276,284,295,302,318,328,329,339,348,367
167:4,24,36,52,67,80,94,99,133,135,151,164,359,180,189,195,207,211,251,255,260,269,271,272,300,307,322,338,361,366
168:5,16,29,37,56,69,83,85,91,96,119,133,135,146,332,188,193,198,201,225,238,248,259,273,278,304,306,320,329,337,355,366
169:1,37,44,53,76,82,83,96,97,113,142,145,148,156,364,203,205,210,215,229,236,259,261,280,281,295,320,333,352
170:1,7,19,35,37,47,82,84,93,96,101,106,121,124,126,139,142,145,165,306,183,185,192,261,263,272,284,295,298,320,348,349,369
171:10,17,23,41,47,52,64,80,90,100,110,111,128,136,139,150,160,166,237,177,268,318,332,338,347
172:7,12,14,23,38,45,59,64,78,87,93,104,111,112,114,124,137,144,157,275,193,207,212,221,227,297,298,308,325,338,339,344,354,357,366,367
173:32,35,42,46,116,130,158,186,179,199,210,296,310,317,341,361,368
174:4,24,38,51,59,75,77,86,106,150,157,367,177,184,220,245,251,258,260,294,295,300,314,354
175:19,82,91,100,103,148,162,360,198,201,203,213,217,238,259,268,270,302,303,313,315,328,331,333,338,342,357,365
176:2,5,24,32,38,57,65,93,98,106,119,136,149,368,178,188,221,225,233,240,243,248,282,283,288,320,330,338,364
177:10,20,24,30,31,48,55,70,73,82,83,86,98,100,111,120,125,154,162,171,174,287,194,196,203,208,215,243,262,266,290,296,298,303,304,321,331
178:12,40,71,86,88,92,113,137,146,176,211,181,183,207,243,250,269,274,288,291,294,303,317,318,333,337,364
179:18,24,26,49,79,87,98,108,120,122,138,149,157,173,315,218,221,237,244,247,285,292,300,305,309,321,344,352,366
180:26,37,41,42,46,63,81,99,112,119,123,133,151,158,162,167,254,195,198,206,238,281,303,309,335,346
181:10,18,30,42,50,59,75,77,86,139,144,166,178,203,185,195,243,350,361,365
182:3,5,11,51,82,87,89,99,128,140,152,369,190,191,219,245,257,262,268,280,307,315,339,340,346
183:23,25,26,30,57,61,71,87,88,111,121,133,140,162,170,178,320,196,230,269,280,282,288,332,338,345
184:4,12,17,18,19,24,32,97,111,121,130,160,162,174,300,198,203,207,225,226,252,276,286,287,290,297,318,329,364
185:8,13,18,22,47,108,110,112,128,134,145,148,149,153,170,181,261,189,191,204,210,211,231,249,264,271,297,316,335,338,354
186:20,38,40,43,55,70,131,142,150,153,163,173,218,202,213,221,241,252,268,270,283,285,299,301,304,317,323,355,369
187:16,17,21,32,58,64,75,102,151,152,364,191,220,270,288,297,326,344,346,369
188:11,44,49,62,67,79,101,123,130,131,155,161,168,176,279,203,204,207,226,232,235,243,251,310,321,363
189:13,23,30,35,44,88,125,132,143,167,185,342,200,201,208,209,221,242,243,269,281,296,336,352,355,368
190:1,22,24,44,70,102,125,141,154,182,330,201,207,224,229,238,243,259,282,290,296,308,316,318,319,328,359,365
191:13,25,28,55,60,69,94,99,108,113,118,140,150,163,166,182,185,187,222,200,204,227,237,240,259,263,324,337
192:3,7,22,23,31,35,58,89,128,150,170,197,211,226,236,237,247,267,271,312,326,346,349
193:1,58,62,87,90,97,110,131,135,138,157,168,172,339,199,222,228,235,244,250,257,290,301,303,330,348,365
194:10,22,27,41,44,65,66,69,99,101,102,112,137,147,156,177,271,210,224,251,278,280,291,314,347,349
195:5,22,26,33,34,35,40,56,65,89,102,110,116,119,126,164,167,180,181,258,212,226,242,318,322,330,332,348,349,363
196:5,13,24,25,35,69,72,85,94,122,123,132,145,164,177,183,296,197,200,201,216,237,242,266,271,276,288,292,312,316,318,323,324,338,341,344,349,352,361,365
197:18,27,31,32,37,43,46,47,53,69,70,72,73,82,92,101,121,123,151,192,196,299,213,238,244,278,293,296,336,338,340,355,361,365,367
198:6,15,28,42,43,53,55,59,74,76,77,79,89,92,94,113,127,143,168,175,180,184,298,204,237,295,306,330,340,349
199:0,10,29,31,40,43,47,59,96,133,145,153,164,173,193,360,212,238,241,244,248,252,264,312,317,352,355
200:25,67,97,100,110,121,137,141,143,145,151,166,189,191,196,235,213,219,226,230,233,239,246,249,252,265,333,350,365
201:27,28,30,32,39,48,51,64,67,124,144,155,161,168,175,189,190,196,219,207,233,255,270,281,323,356,358
202:0,3,7,15,30,36,37,43,68,69,81,128,162,166,186,233,226,250,262,265,271,273,281,304,312,316,323,340,357
203:1,5,18,26,39,46,47,63,67,72,79,95,101,115,145,155,158,169,175,177,181,184,188,333,207,219,231,238,247,256,270,288,289,306,309,314,318,356,368
204:6,18,32,39,65,68,77,86,97,105,111,112,128,129,164,185,188,191,198,352,206,212,234,251,254,286,293,313,355,367
205:3,5,31,80,87,134,136,145,146,156,169,275,211,249,260,265,270,279,280,282,285,316,327,335,337,340,348,362,367
206:1,15,18,33,37,49,54,57,65,71,97,105,108,116,141,147,148,180,204,347,221,251,253,256,267,273,275,317,319,324,327,356,362,367
207:4,11,27,28,34,35,89,95,115,126,133,159,162,167,172,178,184,188,190,201,203,258,211,218,224,240,246,272,314,335,355,367
208:5,10,34,35,37,52,54,62,71,74,88,96,99,146,149,164,177,189,302,221,230,242,245,247,248,263,284,289,292,304,305,311,322,341,349
209:14,25,68,75,91,100,106,107,113,121,122,128,151,189,327,211,250,253,257,259,282,306,315,316,333,345
210:5,15,40,53,60,94,99,117,123,129,133,147,148,161,165,169,173,185,194,277,214,227,235,267,279,287,290,299,307,326,336
211:14,19,49,54,62,70,74,89,94,102,138,140,154,157,163,167,178,185,192,205,207,209,369,223,245,253,256,265,273,291,292,311,314,348,358,367
212:13,15,27,30,60,61,73,85,90,95,102,105,122,128,139,146,172,195,199,204,348,223,241,254,271,278,281,302,307,309,322,337,349,368
213:0,1,15,17,27,41,66,75,93,101,103,104,108,158,175,186,197,200,291,215,226,249,305,318,319,333,351,368
214:11,36,51,66,110,113,121,126,144,152,157,210,249,215,221,246,256,266,268,279,280,302,311,313,367
215:2,4,6,16,19,36,49,52,53,82,92,97,110,113,115,117,128,130,133,141,148,153,169,177,213,214,240,228,230,253,259,260,261,262,285,286,298,299,315,339,346,350,351,367
216:24,33,49,55,74,77,105,106,108,112,146,147,151,196,220,231,237,252,269,286,298,299,318,333,336,365
217:14,28,42,61,69,111,114,155,166,175,366,238,239,257,291,313,347,348,357
218:0,11,17,38,50,88,102,103,117,132,151,159,165,179,186,207,281,261,291,330,336,352,359,360
219:4,7,24,28,34,41,62,67,71,73,81,86,97,100,101,117,120,124,134,140,182,200,201,203,310,239,253,259,262,279,294,300,316,321,330,345
220:2,9,16,19,28,50,66,77,87,135,140,151,155,174,187,216,354,253,267,286,290,293,322,327,357
221:5,22,52,76,97,111,136,137,139,150,161,172,176,179,186,189,206,208,214,222,266,275,298,305,311,338,344,345
222:7,15,19,67,102,105,107,117,125,146,151,153,155,191,193,221,368,228,243,244,295,306,307,341,352
223:1,11,13,40,75,84,119,146,211,212,258,227,251,261,268,271,273,283,284,289,312,320,321,322,355
224:15,25,27,28,61,69,71,90,120,144,148,156,190,194,207,246,255,257,262,263,265,277,306,324,333,337,340,342,345,348,351,364
225:14,21,23,59,66,75,79,80,81,87,91,92,93,96,103,106,113,168,176,184,353,263,272,338,346,347
226:13,21,32,33,62,75,105,108,111,119,146,157,163,184,188,192,195,200,202,213,284,241,292,316,336,337,357
227:11,20,26,32,50,62,64,95,110,127,138,145,147,153,154,159,172,191,210,223,231,240,243,258,266,308,312,316,318,334,354,355
228:4,6,8,14,33,44,55,56,65,79,80,129,150,155,157,166,193,215,222,369,241,245,267,276,286,288,292,297,302,320,344,359
229:1,23,25,27,29,50,56,63,78,97,99,107,111,132,140,145,147,149,154,163,164,169,190,304,238,241,264,278,289,292,297,299,303,317,333,350,352,353
230:0,1,8,15,47,63,66,67,78,80,93,94,96,100,108,122,133,142,147,183,200,208,215,241,233,246,256,269,335
231:5,19,25,37,40,70,75,95,98,101,105,109,127,132,137,155,156,185,203,216,227,294,251,257,264,298,303,308,310,337,365,367
232:30,41,43,48,49,61,70,75,77,146,188,363,237,247,265,303,326,345,354,362
233:1,12,39,55,88,91,103,109,128,176,200,201,202,230,354,249,298,304,307,308,311,358
234:6,50,55,56,64,73,102,108,116,120,121,131,134,142,150,158,164,204,269,262,263,267,276,277,350,357
235:21,112,113,150,155,188,193,200,210,294,243,252,277,291,307,314,335,336,361
236:3,11,13,25,52,69,85,91,125,126,129,131,142,157,158,166,169,192,294,245,278,288,292,323,347,357,364
237:20,23,33,41,44,48,53,80,90,107,110,120,137,141,155,171,179,191,192,196,198,216,232,323,239,242,244,257,273,287,296,321,332,349,350,358,367
238:30,38,56,64,89,92,105,119,125,156,168,175,180,190,197,199,203,217,229,290,247,294,322,361,367
239:18,37,43,53,54,69,71,86,119,121,161,200,217,219,237,320,243,291,304,322,333,334,342,346,350,353,354
240:20,23,30,47,61,68,136,145,147,176,191,207,215,227,366,249,284,296,302,322,333,351,361
241:1,14,26,35,44,52,61,63,70,93,98,137,156,165,186,199,212,226,228,229,230,340,247,257,269,290,322,323,338,355,359,366
242:23,25,30,36,53,62,78,79,91,98,112,141,142,154,155,162,166,189,195,196,208,237,287,253,270,272,276,291,309,316,326,358,366
243:5,6,18,42,58,62,69,74,90,95,103,120,140,143,146,154,176,177,178,181,188,189,190,222,227,235,239,305,249,257,262,263,264,278,281,284,291,315,338,339,341,342,347,356,365
244:1,13,22,48,51,88,131,142,143,154,158,162,165,179,193,197,199,222,237,254,248,262,267,278,282,296,299,319,326,333,354
245:10,19,29,35,44,72,80,112,127,132,136,139,142,174,182,208,211,228,236,253,258,338,361,362
246:2,17,36,45,47,79,85,105,112,118,127,128,136,165,200,207,214,224,230,248,255,258,260,280,283,317,324,331,339,369
247:1,4,19,31,33,71,98,120,127,129,131,149,179,192,203,208,232,238,241,253,320,323,338,356
248:5,10,45,48,50,61,63,65,78,80,121,136,150,168,176,199,208,244,246,299,251,269,293,294,295,310,334,340,342,344,353,355
249:6,19,28,31,50,54,62,72,76,77,89,124,132,135,143,144,152,166,185,200,205,213,214,233,240,243,347,253,267,270,280,289,310,335,345,348,350,355
250:13,23,45,70,85,111,121,178,193,202,209,273,263,266,280,284,290,291,326,360,368
251:15,17,28,29,36,45,72,76,92,97,130,131,149,167,174,188,194,204,206,223,231,248,252,279,283,307,324,355,366
252:40,49,55,76,80,105,126,133,184,186,199,200,216,235,251,262,255,257,261,263,267,285,296,303,308,309,317,329,333,343,354
253:8,34,49,77,81,111,112,121,123,141,206,209,211,215,219,220,242,245,247,249,290,262,265,291,304,310,331,332,348,368
254:14,29,43,63,74,87,95,116,117,120,124,128,143,153,160,180,204,212,244,297,303,317,334
255:59,74,110,114,121,124,134,138,148,155,157,161,162,165,167,201,224,246,252,276,259,268,272,288,289,290,308,309,312,325,330,338,347,359
256:3,4,9,17,37,38,44,48,49,79,84,88,115,124,137,140,144,146,203,206,211,214,230,349,258,303,309,328
257:23,49,78,98,105,113,129,161,182,193,209,217,224,231,237,241,243,252,283,270,278,293,301,302,344,366,367
258:10,40,62,63,70,74,79,96,101,104,115,123,125,136,154,174,195,207,223,227,245,246,256,320,265,269,272,284,286,293,308,317,352,356
259:38,46,54,57,62,65,81,84,95,96,123,138,152,168,169,175,190,191,209,215,219,255,326,274,284,287,301,304,327,343
260:6,28,37,48,50,53,103,113,117,131,138,147,157,162,167,174,205,215,246,266,277,291,308,349,365,369
261:22,39,52,54,61,67,77,82,86,88,90,92,104,124,126,127,136,140,169,170,185,215,218,223,252,287,267,276,286,326,353,355
262:11,25,74,89,112,125,139,142,177,182,202,215,219,224,234,243,244,252,253,286,263,329,335,337,342,343,363,368
263:13,18,22,35,38,41,61,95,109,160,170,191,208,224,225,234,243,250,252,262,360,264,281,288,300,330
264:17,59,92,97,103,109,153,155,185,199,229,231,243,263,309,273,300,306,314,319,329,349,357
265:9,21,24,25,27,34,38,52,58,62,66,67,86,107,131,133,200,202,205,211,224,232,253,258,342,270,271,306,313,317,323,350,360,366
266:5,13,25,40,47,58,85,90,93,104,121,141,150,156,177,196,214,221,227,250,260,332,269,284,298,347,368,369
267:2,19,28,69,80,112,131,144,149,150,155,192,206,210,220,228,234,244,249,252,261,315,277,283,297,298,308,323,328,330,340,343,346
268:4,21,26,43,52,70,74,76,89,93,98,118,120,155,160,171,175,182,186,214,223,255,307,269,298,339,356
269:48,49,78,84,108,110,122,125,145,167,178,183,189,216,230,234,241,248,258,266,268,303,283,325,334,336
270:7,11,20,27,33,48,59,96,118,129,146,157,175,186,187,201,203,205,242,249,257,265,281,278,293,307
271:7,14,32,34,40,81,83,90,100,105,106,107,110,130,167,185,192,194,196,202,212,223,265,324,273,295,305,318,346,347
272:4,25,26,54,69,82,85,109,110,115,121,125,150,167,170,207,225,242,255,258,346,274,319,332,343,352,354,362
273:9,25,27,38,48,57,77,86,102,119,129,132,135,139,152,168,202,206,211,223,237,250,264,271,366,275,280,302,324,339,357,362,365,367
274:1,8,25,29,49,50,66,77,102,108,117,118,121,135,144,178,259,272,316,275,288,298,302,312,360,369
275:3,8,36,43,65,71,73,94,112,124,151,153,155,158,161,172,205,206,221,273,274,309,276,291,316,365
276:3,8,9,18,26,48,68,81,116,133,134,138,142,154,166,184,196,228,234,242,255,261,275,297,292,300,307,319,320,328,331,346
277:6,10,11,35,49,52,59,73,78,80,108,109,127,140,150,210,224,234,235,260,267,285,278,283,333,365,367
278:1,6,27,42,81,90,95,97,107,108,115,117,120,164,165,168,194,197,212,229,236,243,244,257,270,277,304,289,331,332,333,341,343,351,366,368
279:8,12,17,25,29,46,89,95,96,102,126,137,139,162,188,205,210,214,219,251,322,282,283,286,296,297,326
280:22,58,59,75,94,105,115,130,169,182,183,194,205,214,246,249,250,273,327,289,290,298,299,305,317,329,332,337,347,353,369
281:3,10,18,43,68,78,94,129,139,152,154,169,180,189,201,202,212,218,243,263,270,330,287,292,294,302,311,313,335,338,339,342
282:1,16,22,27,30,44,53,58,64,73,77,96,111,118,149,176,183,190,205,209,244,279,338,293,298,306,315,319,343,346,359
283:2,3,6,36,70,113,147,153,154,156,176,186,223,246,251,257,267,269,277,279,324,303,307,336,368,369
284:3,8,10,17,46,49,61,66,79,84,88,124,131,132,136,148,153,165,166,170,208,223,226,240,243,250,258,259,266,349,287,337,343,366
285:9,13,107,115,124,130,134,157,161,179,186,205,215,252,277,299,300,306,312,314,353
286:1,6,35,38,54,63,64,95,105,112,113,184,204,215,216,220,228,258,261,262,279,328,309,335,348,352
287:0,16,30,48,58,59,71,78,95,111,115,120,135,140,141,149,152,156,158,177,184,210,237,242,259,261,281,284,304,306,310,319,329,335,352,368
288:4,9,49,62,70,83,87,88,90,92,106,123,124,126,151,152,160,176,178,183,187,196,203,228,236,255,263,274,324,336,354
289:5,11,12,29,82,86,97,105,121,132,142,148,203,208,223,229,249,255,278,280,297,307,320,323,330,338,366
290:38,40,43,61,103,104,129,147,150,154,162,164,177,184,190,193,210,220,238,241,250,253,255,280,360,294,299,303,317,344,347,349,351,353,357
291:2,19,21,27,49,57,178,194,211,213,217,218,235,239,242,243,250,253,260,275,365,297,337,338,341,354
292:8,22,23,65,75,77,92,105,118,137,147,179,196,208,211,226,228,229,236,276,281,348,337
293:20,23,48,69,95,99,109,142,154,197,204,220,248,257,258,270,282,368,296,340,344,361,369
294:5,10,33,51,56,122,127,131,139,174,178,219,231,235,236,238,248,281,290,359,334,366
295:12,15,37,40,46,55,65,75,77,86,88,100,115,126,136,145,148,149,152,166,169,170,174,198,222,248,271,324,306,320,321,339
296:3,6,24,29,86,97,162,163,173,177,189,190,196,197,237,240,244,252,279,293,333,303,330,338,359
297:34,35,50,55,56,58,64,80,86,89,90,91,99,105,118,136,142,172,184,185,187,228,229,254,267,276,279,289,291,343,303,313,341,358
298:1,5,8,14,31,33,48,85,93,106,114,132,170,172,177,198,215,216,221,231,233,266,267,268,274,280,282,315,305,324,334,341,355,358,368
299:19,23,26,38,39,41,67,78,85,93,115,120,138,148,186,197,210,215,216,229,244,248,280,285,290,365,307,317,320,333,344
300:8,21,24,37,58,63,70,87,97,112,131,142,151,159,167,174,179,184,219,263,264,276,285,342,303,312,332,360,361,366
301:3,59,68,89,98,121,127,131,132,148,152,157,186,193,257,259,358,304,310,315,333,360,362,367,369
302:14,16,29,62,85,98,100,103,104,116,125,132,166,175,208,212,214,228,240,257,273,274,281,306,323,334,343,357,358,361
303:15,29,49,58,59,60,79,85,89,102,118,126,147,148,154,164,175,177,178,180,193,229,231,232,252,254,256,269,283,290,296,297,300,336,338,345,355,359,363
304:4,19,28,30,32,41,50,74,86,87,105,130,168,177,186,202,208,229,233,239,253,259,278,287,301,330,305,329,347,367
305:16,24,28,34,37,58,82,84,94,96,98,106,114,122,123,125,127,131,142,152,157,158,179,208,213,221,243,271,280,298,304,361,328,339
306:23,34,40,62,107,135,145,156,160,168,170,198,203,209,222,224,264,265,282,285,287,295,302,316,307,308,326,343,347,365
307:41,49,58,59,60,63,69,97,100,114,119,121,141,144,167,182,210,212,222,233,235,251,268,270,276,283,289,299,306,353,343,348,352
308:21,52,57,77,110,113,125,133,138,143,162,172,190,227,231,233,252,255,258,260,267,306,363,309,336,367
309:37,48,58,64,89,94,101,105,116,123,126,129,134,143,157,179,180,203,212,242,252,255,256,264,275,286,308,320,329,341,354,355,356
310:18,50,68,83,87,92,106,130,134,139,155,163,173,188,219,231,248,249,253,287,301,324,315,317,322,338,350
311:14,36,54,57,65,114,137,152,208,211,214,221,233,281,361,325,345,357,369
312:1,10,19,26,30,33,42,64,77,103,107,113,118,119,123,124,157,165,192,196,199,202,223,227,255,274,285,300,357,322,326,331,332,340
313:0,15,29,36,44,54,63,69,105,110,112,115,123,130,140,146,159,175,204,214,217,265,281,297,324,318,340,347
314:15,20,23,45,47,50,53,90,92,99,128,129,136,174,194,203,207,211,235,264,285,348,316,356
315:4,20,35,36,37,47,55,61,77,81,102,108,131,147,154,165,175,179,182,209,215,243,267,282,298,301,310,342,323,336,347,356
316:8,24,42,48,51,53,80,83,93,103,110,160,185,190,196,202,205,209,219,226,227,242,274,275,306,314,368,328,332,334,357,366
317:3,6,14,17,37,46,93,128,144,157,158,161,173,178,186,199,206,229,246,252,254,258,265,280,290,299,310,356,321,360,361
318:33,38,46,79,80,82,89,101,127,129,137,166,171,178,184,190,195,196,203,213,216,227,271,313,327,324,332,340,344
319:5,6,12,14,32,38,75,86,105,106,126,146,159,190,206,213,244,264,272,276,282,287,320,331,337,342,355,359,363
320:27,66,72,94,98,104,108,119,137,163,168,169,170,176,183,223,228,239,247,258,276,289,295,299,309,319,363,333,334,346,348
321:17,19,29,47,53,59,69,75,84,94,98,103,125,132,133,145,150,158,177,179,188,219,223,237,295,317,322,353
322:23,33,42,46,48,51,60,65,77,111,127,131,161,167,195,208,212,220,223,238,239,240,241,279,310,312,321,368,325,327,365
323:5,17,32,36,43,53,56,66,69,70,78,82,89,90,107,128,130,152,186,196,201,202,236,237,241,247,265,267,289,302,315,348,334,351,353,358,364
324:33,82,108,127,162,163,191,196,206,224,246,251,271,273,283,288,295,298,310,313,318,354,334,350,351,366
325:22,41,47,72,73,82,97,108,109,117,123,131,145,147,172,255,269,311,322,363,348,353
326:10,12,17,31,39,46,80,86,107,123,138,187,192,210,232,242,244,250,259,261,279,306,312,360,362
327:1,89,93,100,105,107,133,144,155,157,205,206,209,220,259,280,318,322,352,330,338,339,367
328:33,74,100,141,143,166,175,190,256,267,276,286,305,316,343,349,358
329:10,16,17,21,22,36,39,41,98,102,125,134,140,143,158,166,168,184,252,262,264,280,287,304,309,357,355
330:9,18,34,55,72,89,92,108,152,154,176,190,193,195,198,218,219,255,263,267,281,289,296,304,327,354,347,355,358
331:13,71,111,139,175,177,246,253,276,278,312,319,365,336,362,368,369
332:32,40,48,59,60,82,85,108,122,134,135,157,168,171,183,195,237,253,266,272,278,280,300,312,316,318,348,354,367
333:11,12,17,42,71,73,86,93,94,146,148,155,169,175,178,200,203,209,213,216,224,229,239,240,244,252,277,278,296,299,301,320,342,347,352,356
334:4,17,33,57,80,117,122,144,227,239,248,254,269,294,298,302,316,320,323,324,366,342,348,362,365
335:14,19,38,46,123,155,163,180,185,205,207,230,235,249,262,281,286,287,337,338,339,356,361,367
336:0,23,35,48,60,143,147,153,189,197,210,216,218,226,235,269,283,288,303,308,315,331,362,342,345,355,357,365
337:21,29,47,64,73,97,140,145,151,155,168,178,191,205,212,224,226,231,262,280,284,291,292,319,335,348,343,353
338:6,43,56,61,71,73,111,134,141,145,154,167,171,172,175,176,183,185,196,197,221,225,241,243,245,247,255,281,282,289,291,296,303,310,327,335,339,350,351,355
339:16,23,29,56,77,79,109,116,127,136,150,166,172,182,193,215,243,246,268,273,281,295,305,327,335,338,356,346
340:6,16,17,18,20,47,53,71,81,95,100,126,133,135,182,197,198,202,205,224,241,248,267,293,312,313,318,368,343,348,353,354,355
341:37,54,58,65,120,150,173,196,208,222,243,278,291,297,298,309,352,345,358,364
342:4,87,112,116,121,126,134,142,175,189,224,239,243,248,262,265,281,300,315,319,333,334,336,358,365
343:8,18,20,29,30,42,56,67,79,81,100,106,129,149,150,252,259,262,267,272,278,282,284,297,302,306,307,328,337,340,367,355,358,359,365,366
344:1,8,29,31,44,48,58,62,79,92,95,99,119,127,153,157,172,179,187,196,221,228,248,257,290,293,299,318,353,360
345:2,12,21,28,38,51,58,75,90,103,118,127,135,150,183,209,219,221,224,232,249,303,311,336,341,364,368
346:2,15,36,58,85,96,104,110,156,180,182,187,192,215,225,239,267,271,272,276,282,320,339,364,367
347:17,26,48,75,82,90,108,116,119,128,132,143,171,194,206,217,225,236,243,249,255,266,271,280,290,304,306,313,315,330,333,350,356
348:15,21,28,52,53,56,70,78,92,125,126,129,158,165,166,170,193,195,205,211,212,217,224,249,253,286,292,307,314,320,323,325,332,334,337,340,354
349:5,11,15,42,65,108,125,133,136,137,138,161,170,192,194,195,196,198,208,212,237,256,260,264,284,290,328,358,353,359,360,364
350:0,6,20,21,35,53,61,66,77,103,122,137,149,150,181,200,215,229,234,237,239,249,265,310,324,338,347,361,352,356,357,358
351:1,6,30,57,60,66,72,114,126,134,213,215,224,240,278,290,323,324,338,361
352:7,25,29,42,65,100,113,141,143,169,179,189,196,199,204,218,222,229,258,272,286,287,307,327,333,341,350,362,367
353:16,19,25,52,62,64,69,73,87,94,116,122,152,163,225,229,239,248,261,280,285,290,307,321,323,325,337,340,344,349,369,365
354:34,48,63,71,98,106,108,109,116,121,125,129,151,157,161,172,174,185,220,227,232,233,239,244,252,272,288,291,309,324,330,332,340,348,362,360,361
355:14,51,73,89,102,123,127,132,141,144,145,152,164,168,186,189,197,199,204,207,223,227,241,248,249,251,261,298,303,309,319,329,330,336,338,340,343,361
356:1,4,15,21,32,39,44,52,55,57,70,81,136,201,203,206,243,247,258,268,309,314,315,317,333,335,339,347,350,364
357:25,38,40,41,44,57,61,64,80,81,123,127,155,172,175,202,217,220,226,234,236,264,273,290,302,311,312,316,329,336,350,360,358
358:36,37,42,45,48,53,61,73,78,79,99,109,113,114,119,133,143,201,211,233,237,242,297,298,301,302,323,328,330,341,342,343,349,350,357,368,367
359:14,17,21,28,44,86,88,110,114,117,128,130,135,165,167,190,218,228,241,255,282,294,296,303,319,343,349,362
360:8,10,17,38,48,61,85,97,108,112,139,142,144,175,199,218,250,263,265,274,290,300,301,317,326,344,349,354,357,368
361:9,26,29,30,35,65,69,73,77,101,102,124,162,163,167,173,181,196,197,235,238,240,245,293,300,302,305,311,317,335,350,351,354,355,369
362:5,12,17,45,47,55,70,83,99,101,106,108,110,118,121,130,134,205,206,232,245,272,273,301,326,331,334,336,352,354,359,363
363:0,4,8,9,11,29,43,59,69,70,75,89,91,99,109,133,164,188,195,232,262,303,308,319,320,325,362,367
364:33,42,57,70,89,90,93,104,107,125,134,141,153,169,176,178,184,187,224,236,323,341,345,346,349,356,368
365:10,14,47,55,70,100,106,113,122,129,146,152,155,158,165,175,181,190,193,196,197,200,216,231,243,260,273,275,277,291,299,306,322,331,334,336,342,343,353,367
366:13,38,46,79,90,92,124,126,155,160,167,168,172,179,217,240,241,242,251,257,265,273,278,284,289,294,300,316,324,334,343,368
367:9,12,19,51,72,75,107,108,122,156,166,172,174,197,204,205,206,207,211,214,215,231,237,238,257,273,277,301,304,308,327,332,335,343,346,352,358,363,365,368
368:9,15,26,36,60,71,86,110,122,129,131,138,173,176,189,203,212,213,222,250,253,262,266,278,283,287,293,298,316,322,331,340,345,358,360,364,366,367,369
369:27,40,56,67,69,86,92,95,112,133,137,144,145,162,170,182,186,187,211,228,246,260,266,274,280,283,293,301,311,331,353,361,368
