0:149,73,113,135,146
1:127,50,83
2:54,31,107,151,155,161,177,189
3:192,11,52,57,108,109,164,194
4:188,22,133,184
5:191,8,62,117
6:134,25,46,128,152,184,194
7:156,14,41,47,108,116,131,195
8:5,194,39,62,135,161
9:159,40,84,88,102,154,157
10:33,52,58,92
11:3,62,158,168
12:108,79,140
13:116,32,72,106,110,133,141,148,161,164,167
14:7,23,25,49,167,187
15:74,26,114,162,205
16:53,46,52,104,137
17:59,21,68,86,102,152,179,204
18:39,61,65,146
19:25,33,104,135,141,148
20:62,75,123,149
21:17,136,33,98
22:4,101,53,92,111,113,124,164,206
23:14,56,31,61,154,157,174,179
24:99,130,166,208
25:6,14,19,45,35,39,76,98,120
26:15,146,90,96,103,133,169,175,201
27:114,49,111,119,132,174
28:141,36,39,66,90,119,139,164
29:60,198
30:104,55,74,77,117,132
31:2,23,128,65,142,169,186
32:13,117,88,181,190,209
33:10,19,21,36,35,82,99,126,139,161,185
34:61,72,86
35:25,33,94,59,100,149,173
36:28,33,67,50,88,124,189
37:154,107,139,160,185
38:208,44,46,86,88,101,122
39:8,18,25,28,196,113
40:9,166,127
41:7,106,88,119,122,156
42:201,79,187,205
43:112,74,102,103,154,157,184
44:38,200,52,68,123
45:25,184,80,81,109,207,208
46:6,16,38,194,53,75
47:7,187,95
48:180,146
49:14,27,66,56,67,133
50:1,36,165,69,132,160,190,193
51:180,54,86,126,194,206
52:3,10,16,44,161,106,109,119,169
53:16,22,46,208,121,157,204
54:2,51,160,71,75
55:30,147,67,75,85,89,201
56:23,49,148,122,135,152,153
57:3,173,101,147,165,195
58:10,150,106,127,144
59:17,35,136,67,105,152,172,198
60:29,82,203
61:18,23,34,195,87,165
62:5,8,11,20,131,88,134
63:73,147,167,189
64:107,68,149,151,178
65:18,31,94,105,186,207
66:28,49,190,104,106,117,136,137,156,187,194,201
67:36,49,55,59,153,73,126,158
68:17,44,64,129,95,107,140,209
69:50,208,111,131,153,174
70:139,94,104,192
71:54,188,88,121,127,157,179
72:13,34,155,91,179
73:0,63,67,86,149
74:15,30,43,127,80,110,194
75:20,46,54,55,207,96
76:25,94,82,87,96,143,205,207
77:30,115,105
78:159,120,150,153
79:12,42,88,106,118,144,160
80:45,74,159,92,144,180
81:45,155,108,180
82:33,60,76,158,99
83:1,184
84:9,184,122,142
85:55,143,119,124,134
86:17,34,38,51,73,184,173
87:61,76,192,194
88:9,32,36,38,41,62,71,79,99,96,106,117,143,159,164
89:55,145,126,146,187,190,202
90:26,28,162,118,157
91:72,130
92:10,22,80,176,153
93:139,153,163,181
94:35,65,70,76,197,120,122,145
95:47,68,182,164
96:26,75,76,88,102,129,138
97:198,119,180
98:21,25,168,114
99:24,33,82,88,143
100:35,111,172,202
101:22,38,57,198,107,109
102:9,17,43,96,121,146,209
103:26,43,204,171,183,195
104:16,19,30,66,70,159,112,164,198,201,208
105:59,65,77,197,118,137
106:13,41,52,58,66,79,88,195
107:2,37,64,68,101,187,171
108:3,7,12,81,208,112,135
109:3,45,52,101,138,139,160,178,204
110:13,74,120,119,138,139
111:22,27,69,100,208,136,168
112:43,104,108,166,130,171,193
113:0,22,39,172,138
114:15,27,98,160
115:77,205,171,186,204
116:7,13,143,132
117:5,30,32,66,88,147,163,164,168
118:79,90,105,175,138
119:27,28,41,52,85,97,110,152,201
120:25,78,94,110,138,172
121:53,71,102,181,151,156,209
122:38,41,56,84,94,198,138,204
123:20,44,151,147
124:22,36,85,196,147
125:157,128,173
126:33,51,67,89,205,138,143
127:1,40,58,71,74,158,129,147,155,164
128:6,31,125,129,151,186,191,198,204
129:68,96,127,128,207,175,196,199
130:24,91,112,148,134,170
131:7,62,69,203,165,180
132:27,30,50,116,191
133:4,13,26,49,208
134:6,62,85,130,187
135:0,8,19,56,108,205,140
136:21,59,66,111,189,198,203
137:16,66,105,178,166
138:96,109,110,113,118,120,122,126,176,179,192,206
139:28,33,37,70,93,109,110,202,174,204
140:12,68,135,198,177,203
141:13,19,28,203,187
142:31,84,164,157
143:76,85,88,99,116,126,154,144,166,171
144:58,79,80,143,149,165
145:89,94,189,184
146:0,18,26,48,89,102,203,158
147:55,57,63,117,123,124,127,209,154,159,199
148:13,19,56,130,182,170,172,186
149:0,20,35,64,73,144,202
150:58,78,209,174
151:2,64,121,123,128,205
152:6,17,56,59,119,160,187
153:56,67,69,78,92,93,167,207
154:9,23,37,43,143,147,192,199
155:2,72,81,127,179,177,203
156:7,41,66,121,179,202
157:9,23,43,53,71,90,125,142,186,166,180
158:11,67,82,127,146,161,201
159:9,78,80,88,104,147,205,183
160:37,50,54,79,109,114,152,167,165,166,193
161:2,8,13,33,52,158,171,175,194
162:15,90,202
163:93,117,205,173
164:3,13,22,28,88,95,104,117,127,142,197,185,186,188,194
165:50,57,61,131,144,160,199,205
166:24,40,112,137,143,157,160,184,193
167:13,14,63,153,160,190,173
168:11,98,111,117,186,175,197
169:26,31,52,189
170:130,148,194,201,206
171:103,107,112,115,143,161,186,184
172:59,100,113,120,148,197
173:35,57,86,125,163,167,192,189
174:23,27,69,139,150,205
175:26,118,129,161,168,190,179,188,199
176:92,138,202,178,197
177:2,140,155,188,193
178:64,109,137,176,192,209
179:17,23,71,72,138,155,156,175,182
180:48,51,80,81,97,131,157,204,196
181:32,93,121,209,192
182:95,148,179,190
183:103,159,186,202
184:4,6,43,45,83,84,86,145,166,171,202,204
185:33,37,164,193
186:31,65,115,128,148,157,164,168,171,183,195
187:14,42,47,66,89,107,134,141,152,209,191
188:4,71,164,175,177,197,209
189:2,36,63,136,145,169,173,200,195
190:32,50,66,89,167,175,182,201,202
191:5,128,132,187,197,203,204
192:3,70,87,138,154,173,178,181,206
193:50,112,160,166,177,185,198,204
194:3,6,8,46,51,66,74,87,161,164,170,202
195:7,57,61,103,106,186,189,199,196
196:39,124,129,180,195,208
197:94,105,164,168,172,176,188,191,208
198:29,59,97,101,104,122,128,136,140,193,206
199:129,147,154,165,175,195,203,200
200:44,189,199,203
201:26,42,55,66,104,119,158,170,190,204
202:89,100,139,149,156,162,176,183,184,190,194,205,207
203:60,131,136,140,141,146,155,191,199,200,208
204:17,53,103,109,115,122,128,139,180,184,191,193,201,209
205:15,42,76,115,126,135,151,159,163,165,174,202,208
206:22,51,138,170,192,198,207
207:45,65,75,76,129,153,202,206,209
208:24,38,45,53,69,104,108,111,133,196,197,203,205,209
209:32,68,102,121,147,150,178,181,187,188,204,207,208
