0:144,7,31,168,178,199,210
1:41,85,154,229
2:180,71,190,203,204,250
3:129,97,112,113
4:179,18,66,83
5:183,87,108,177
6:10,40,118,124,127,149
7:0,119,254
8:236,78,80,181
9:222,18,33,68,81,158
10:6,39,78,240
11:206,99,141,192,203
12:176,23,36,106,241,264
13:87,110,120,172
14:252,118,253
15:40,31,221
16:243,30,39,126,152,194,252
17:240,38,103,119,194,210
18:4,9,41,26,71,149,163
19:78,37,69,186,204
20:27,32,84,107,132
21:219,93,174,178,184,215
22:160,59
23:12,203,177,181,207
24:78,38,130,137,150,248
25:171,65,74,216
26:18,247,35,63,100,143
27:20,208,34,98,156,180,223
28:240,69,105,119,164,268
29:139,60,92,215,239
30:16,130,76,103,110,137,140,156,261
31:0,15,263,46,94,95,247
32:20,194,188,202
33:9,66,44,49,78,226,227
34:27,152,156,163,218,266
35:26,176,40,152
36:12,177,95,100
37:19,259,43,85
38:17,24,123,114
39:10,16,58,44,46,149,167,236
40:6,15,35,158,138,163
41:1,18,148
42:143,128,157
43:37,47,49,162,248,257
44:33,39,129,48
45:260,86,91,144,252
46:31,39,74,87,132,178
47:43,55,52,132
48:44,259
49:33,43,207,118
50:190,105,115,134
51:241,72,214
52:47,242,184,191
53:103,156,211,218
54:127,97,112,117,118
55:47,239,69,94,188
56:71,126
57:63,103,114,152
58:39,108
59:22,106,70,126
60:29,202,128,155,183
61:216,89,223
62:131,95,106
63:26,57,179,165,190,194
64:101,112,246,269
65:25,113,68
66:4,33,261,257
67:103,99,160,166
68:9,65,81,110,224,227
69:19,28,55,104,212,263
70:59,108
71:2,18,56,82
72:51,94,191,255,264
73:110,107,131
74:25,46,202,220
75:129,235
76:30,267,115,143,163,229
77:169,229,231
78:8,10,19,24,33,94,91,200
79:263,139,166,191
80:8,166,171,187,236,257
81:9,68,108,116,241
82:71,237,177
83:4,210,136,264
84:20,218,148,253
85:1,37,134,128,136,153,202
86:45,222,148
87:5,13,46,259,164,215,256
88:139,149,205
89:61,205,92,93,96
90:222,218,232
91:45,78,234,170,210,242
92:29,89,94,119,263
93:21,89,248,152
94:31,55,72,78,92,193,172
95:31,36,62,213,109,145,158,223,248
96:89,257,131,185
97:3,54,203,206,210,253
98:27,146,200,259
99:11,67,157
100:26,36,208,178,216
101:64,262,165,199,204
102:220,148,175,253
103:17,30,53,57,67,250,149,156
104:69,229,194
105:28,50,110,120,221
106:12,59,62,196,176,191,201
107:20,73,248,120,187
108:5,58,70,81,115,150,192
109:95,174,251
110:13,30,68,73,105,111,192,196,213
111:110,120
112:3,54,64,244,196
113:3,65,134,164,250
114:38,57,152,207,229
115:50,76,108,141,144,152,153
116:81,161
117:54,176,191,192,196
118:6,14,49,54,174,131,210
119:7,17,28,92,134,149,158
120:13,105,107,111,157,147,227,232
121:242,169,190,193,194
122:150,176
123:38,260,155,248,252
124:6,210,257
125:209,197
126:16,56,59,161,138,151,157
127:6,54,235,159,233,236
128:42,60,85,163,157
129:3,44,75,206
130:24,30,248
131:62,73,96,118,233
132:20,46,47,185,192,250
133:180,263
134:50,85,113,119,154,135,144,207,231
135:134,148,171,197
136:83,85,183,165,194
137:24,30,253,138
138:40,126,137,265,163,217,219
139:29,79,88,183,165
140:30,178,148
141:11,115,224
142:230,170
143:26,42,76,147,251
144:0,45,115,134,268
145:95,149,158
146:98,180
147:120,143,236,238
148:41,84,86,102,135,140,195,255
149:6,18,39,88,103,119,145,209,196
150:24,108,122,241
151:126,247,176,197
152:16,34,35,57,93,114,115,237,220,258,261
153:85,115,205
154:1,134,158
155:60,123,211,265
156:27,30,34,53,103,250,247
157:42,99,120,126,128,176
158:9,40,95,119,145,154,180,208
159:127,166,232
160:22,67,252,175,216
161:116,126,244,213,219,264
162:43,166,204,220
163:18,34,40,76,128,138,239,170,192,240
164:28,87,113,263
165:63,101,136,139,180,260
166:67,79,80,159,162,183
167:39,225
168:0,195,247
169:77,121,177
170:91,142,163,251,176,187,246
171:25,80,135,219,186,209,267
172:13,94,253
173:211,215,220
174:21,109,118,245,225
175:102,160,207
176:12,35,106,117,122,151,157,170,232,260
177:5,23,36,82,169,220
178:0,21,46,100,140,267,211
179:4,63,203,201,222
180:2,27,133,146,158,165,263,254
181:8,23,227,213,251
182:230,211
183:5,60,136,139,166,219,227,251
184:21,52,233
185:96,132,206,196,233,261
186:19,171,263,265
187:80,107,170,217,264
188:32,55,222,203
189:239,192,209,212
190:2,50,63,121,210
191:52,72,79,106,117,256
192:11,108,110,117,132,163,189,205,199,265
193:94,121,220,195
194:16,17,32,63,104,121,136,255,262
195:148,168,193,242
196:106,110,112,117,149,185,234,199
197:125,135,151,251,201
198:215,200
199:0,101,192,196,242
200:78,98,198,249,250
201:106,179,197,243
202:32,60,74,85,219
203:2,11,23,97,179,188,225
204:2,19,101,162,259
205:88,89,153,192,268
206:11,97,129,185,228
207:23,49,114,134,175,260,245,258
208:27,100,158,216,215,225,235
209:125,149,171,189,256
210:0,17,83,91,97,118,124,190,256
211:53,155,173,178,182,262
212:69,189,267
213:95,110,161,181,222
214:51,266,219,257
215:21,29,87,173,198,208,257,227,255
216:25,61,100,160,208,232
217:138,187,219
218:34,53,84,90,231
219:21,138,161,171,183,202,214,217,266
220:74,102,152,162,173,177,193,236
221:15,105,231,235
222:9,86,90,179,188,213,243
223:27,61,95,242,240
224:68,141,235,232
225:167,174,203,208,266
226:33,259
227:33,68,120,181,183,215,229,252
228:206,266
229:1,76,77,104,114,227,265
230:142,182,258
231:77,134,218,221,256
232:90,120,159,176,216,224,269
233:127,131,184,185,236,243
234:91,196,260
235:75,127,208,221,224,260
236:8,39,80,127,147,220,233,240,251
237:82,152,266,253
238:147,243
239:29,55,163,189,253
240:10,17,28,163,223,236,262
241:12,51,81,150,244,264
242:52,91,121,195,199,223,262
243:16,201,222,233,238,264
244:112,161,241,251
245:174,207,251
246:64,170,248
247:26,31,151,156,168,260
248:24,43,93,95,107,123,130,246,266
249:200,256
250:2,103,113,132,156,200,267
251:109,143,170,181,183,197,236,244,245,259
252:14,16,45,123,160,227,269,263
253:14,84,97,102,137,172,237,239,263
254:7,180,258
255:72,148,194,215,267
256:87,191,209,210,231,249,266
257:43,66,80,96,124,214,215,262
258:152,207,230,254,261
259:37,48,87,98,204,226,251,263
260:45,123,165,176,207,234,235,247,267
261:30,66,152,185,258,268
262:101,194,211,240,242,257,265
263:31,69,79,92,133,164,180,186,252,253,259,267,269
264:12,72,83,161,187,241,243,266
265:138,155,186,192,229,262,269
266:34,214,219,225,228,237,248,256,264,267
267:76,171,178,212,250,255,260,263,266,268
268:28,144,205,261,267,269
269:64,232,252,263,265,268
