0:145,17,21,63,68,77,80,81,111,127,160,197,201,204,220,224,225,226,235,277
1:224,2,29,31,35,61,67,71,89,91,94,99,129,135,138,147,152,160,164,172,197,231,237,263,266,271,274,276,278
2:1,80,53,66,67,121,128,152,157,167,168,172,222,223,232,233,234,235,248,254,255,262,263,272,278
3:78,4,15,19,33,34,36,49,54,57,59,61,80,87,101,116,118,123,128,137,140,147,150,159,163,200,216,222,225,237,259,268
4:3,267,27,31,94,97,103,109,113,153,162,166,177,178,182,184,193,211,222,225,250,251,271
5:251,6,22,26,33,37,65,72,80,82,84,85,87,91,137,150,152,157,191,199,202,231,250,271
6:5,22,8,53,62,86,92,99,109,123,131,132,141,178,185,192,194,198,217,221,234,236,250,265,273,278
7:181,17,20,28,51,100,102,118,120,140,145,156,157,158,159,173,174,185,198,226,236,247,252,264,269
8:6,118,17,25,30,36,40,42,45,48,52,56,73,74,77,99,100,104,134,139,145,157,195,209,218,233,243,251,254,255,259,265,272,273,275,276,277
9:120,36,42,73,75,82,85,115,124,138,142,153,176,177,178,188,202,203,207,212,215,227,229,275
10:212,18,24,27,40,68,75,83,84,88,91,95,97,102,114,127,133,142,145,188,192,193,205,211,218,220,230,234,244,254,259,260,268,279
11:52,13,14,36,50,62,71,75,84,85,88,102,126,130,133,140,147,152,156,171,186,190,195,209,227,243,250,257,266,276
12:43,13,31,44,46,65,66,71,84,111,112,127,128,137,143,146,150,153,159,160,169,173,174,179,198,203,223,234,239,256,262,275
13:11,12,236,17,20,25,26,29,30,31,57,64,116,139,142,143,146,152,153,156,162,168,172,189,216,218,235,246,251,272,273
14:11,17,31,36,45,48,50,57,67,69,91,122,125,135,139,142,158,161,164,167,172,174,185,200,244,271
15:3,105,23,31,62,84,107,110,119,120,121,131,135,149,151,153,156,177,188,190,194,195,198,203,204,211,212,218,220,223,246,256,270,276,278
16:94,27,39,42,50,53,88,118,166,196,199,201,211,223,224,230,237,239,240,253
17:0,7,8,13,14,143,23,28,34,49,56,64,83,103,131,137,146,152,181,204,217,225,237,251
18:10,59,53,54,57,69,72,76,81,97,104,106,118,119,149,173,184,189,194,198,199,201,202,217,221,235,242
19:3,108,24,43,57,75,79,88,89,106,113,131,144,155,163,187,193,203,219,229,241,269,274
20:7,13,74,61,70,79,82,91,111,149,160,176,179,180,191,193,201,214,228,229,242,249,251,264,267,270
21:0,54,26,45,49,62,80,99,102,106,107,110,136,140,168,176,192,207,208,217,221,233,251,271
22:5,6,117,41,50,53,64,85,91,96,104,107,126,133,145,154,165,167,176,182,218,267
23:15,17,74,58,67,70,93,110,111,142,158,163,167,174,175,176,178,179,183,196,218,219,229,239,270,272
24:10,19,99,33,35,55,62,65,74,86,126,127,128,142,148,167,193,195,202,210,211,212,220,239,258,265,266,270,279
25:8,13,151,33,36,47,107,114,123,135,142,192,194,201,213,223,234,251,259,264,266,267,273,277
26:5,13,21,66,39,42,45,52,60,67,70,74,117,137,163,169,171,179,187,229,239,244,255
27:4,10,16,212,41,46,54,80,89,100,132,134,135,137,149,150,166,169,198,199,205,221,223,228,232,234,237,241,259,268,273
28:7,17,239,52,67,72,78,92,99,126,131,138,139,142,150,170,181,190,203,219,230,236,265,267,268
29:1,13,122,31,37,48,53,54,57,59,60,76,77,82,99,105,123,131,140,142,154,183,187,193,196,207,212,223,228,231,252,256
30:8,13,187,41,43,50,57,58,63,139,192,209,219,256
31:1,4,12,13,14,15,29,75,33,36,43,50,55,61,66,72,76,78,89,94,95,118,144,152,154,173,184,187,197,206,247,259,264
32:265,35,54,59,61,62,63,65,87,90,99,106,111,126,145,158,169,176,180,204,234,242,252,262,267
33:3,5,24,25,31,151,51,56,57,66,67,79,80,93,103,106,114,117,118,124,127,131,166,180,181,182,193,215,220,225,227,228,248,267,273
34:3,17,83,46,61,104,145,147,150,152,163,187,192,211,213,234,237,238,240,242,255,261,275
35:1,24,32,52,45,58,71,82,83,89,93,101,105,123,144,146,150,160,165,176,250,262,265,273,274
36:3,8,9,11,14,25,31,239,43,61,71,72,75,78,82,95,96,137,141,161,165,186,187,202,210,224,225,229,267
37:5,29,153,41,61,64,68,75,77,92,95,131,134,140,141,142,148,149,158,170,183,186,201,202,210,216,234,238,245
38:218,45,60,63,73,83,90,99,106,134,143,147,167,170,186,189,233,253,259,265
39:16,26,211,49,56,67,70,73,84,97,108,111,118,122,158,165,178,183,191,205,206,213,227,228,231,235,239,242,256,279
40:8,10,279,51,53,55,57,68,71,73,75,134,142,148,159,196,216,218,226,229,246,252,260,264,265,267,269,274
41:22,27,30,37,179,42,45,46,50,52,53,126,127,129,131,134,136,139,145,150,159,163,171,187,190,193,194,202,212,214,221,250,256
42:8,9,16,26,41,159,68,76,77,95,115,117,175,187,209,236,243,253,255,279
43:12,19,30,31,36,150,51,71,81,90,96,114,120,122,130,154,163,171,189,202,225,231,243,245,267,271,273,275
44:12,225,47,50,56,61,69,74,75,91,93,98,107,116,134,140,156,162,172,183,184,185,188,197,219,229,238,244,246,252,257,270
45:8,14,21,26,35,38,41,271,83,88,90,100,107,124,130,142,171,176,195,196,202,205,214,222,244,251,273
46:12,27,34,41,225,53,64,69,80,84,96,112,118,125,128,138,143,146,165,169,192,194,200,211,229,230,237,255
47:25,44,213,59,61,77,86,97,114,116,126,130,141,148,158,169,181,183,186,190,202,210,265
48:8,14,29,192,77,80,92,95,96,100,102,111,113,115,116,117,133,177,184,185,190,193,219,227,254,256
49:3,17,21,39,114,57,74,77,92,102,139,150,158,163,203,242,244,277
50:11,14,16,22,30,31,41,44,95,61,112,128,131,147,165,166,175,177,189,190,197,212,219,221,223,236,244,245,250,255,275
51:7,33,40,43,109,70,72,74,84,91,99,105,106,108,130,137,157,171,186,195,220,226,240,243,245,247,260
52:8,11,26,28,35,41,203,55,72,79,84,86,93,111,151,214,220,225
53:2,6,16,18,22,29,40,41,46,142,62,63,64,85,109,116,131,134,143,152,156,159,176,196,199,210,218,223,226,243,250,255,270,274,276
54:3,18,21,27,29,32,272,57,67,92,101,111,123,127,134,138,144,169,185,199,213,215,217,233,247,250,255,260,267
55:24,31,40,52,204,68,78,80,82,88,90,93,96,98,108,111,124,132,133,156,158,175,188,240,244,250,267,272,274
56:8,17,33,39,44,61,66,86,87,88,90,121,151,155,170,182,186,192,193,204,212,226,263,266
57:3,13,14,18,19,29,30,33,40,49,54,84,65,68,73,78,104,108,114,115,148,159,172,177,180,182,202,230,232,252,253,261,273,275
58:23,30,35,81,61,65,71,122,123,130,152,167,189,197,208,222,225,235,250,254,265,271,274,275
59:3,18,29,32,47,103,79,84,87,91,109,121,140,146,153,160,167,184,186,188,190,211,212,227,272
60:26,29,38,179,63,67,72,77,81,88,92,94,105,111,129,138,142,146,168,169,173,174,180,182,192,196,212,224,225,241,243,244,248,255,264,267,269,275,277
61:1,3,20,31,32,34,36,37,44,47,50,56,58,159,67,107,110,124,131,141,152,161,162,167,181,205,214,220,221,233,240,242,256,259
62:6,11,15,21,24,32,53,254,64,66,72,78,81,109,165,186,187,189,190,197,208,210,221,232
63:0,30,32,38,53,60,270,65,76,84,89,120,127,136,137,143,151,186,217,218,234,247,252,267,274
64:13,17,22,37,46,53,62,74,95,106,110,115,117,132,147,157,173,184,185,191,199,208,214,222,225,232,235,237,239,258,260
65:5,12,24,32,57,58,63,224,71,72,82,84,100,114,151,170,174,185,187,197,202,203,212,214,216,248,273
66:2,12,26,31,33,56,62,205,67,75,99,111,113,118,126,127,130,159,173,175,201,207,213,222,253,258,272
67:1,2,14,23,26,28,33,39,54,60,61,66,228,68,72,75,81,86,90,93,99,105,106,127,133,151,161,170,173,179,193,197,227,256,259
68:0,10,37,40,42,55,57,67,210,70,72,86,90,98,152,170,219,222,227,236,249,261,266,277
69:14,18,44,46,192,70,77,81,86,96,108,113,119,125,132,148,151,156,168,175,176,197,199,211,224,226,231,232,238,243,247,257,258,259,262
70:20,23,26,39,51,68,69,147,76,88,138,142,164,172,203,240,248,252,266,267,273
71:1,11,12,35,36,40,43,58,65,240,78,80,90,99,103,122,132,146,152,154,159,167,182,190,201,220,234,255,257,258,265,268,271,276
72:5,18,28,31,36,51,52,60,62,65,67,68,99,80,88,90,91,109,123,136,138,192,218,232,246,260,262,270
73:8,9,38,39,40,57,185,75,94,102,104,106,109,111,124,126,129,136,155,159,161,168,169,182,187,194,203,226,244,260,261,265,270
74:8,20,23,24,26,44,49,51,64,162,76,88,89,99,101,114,125,139,144,148,161,166,172,176,180,184,192,206,216,222,225,229,231,238,241,265
75:9,10,11,19,31,36,37,40,44,66,67,73,244,81,111,119,133,136,141,143,144,145,152,159,162,164,168,184,185,213,219,222,223,242,262,263,279
76:18,29,31,42,63,70,74,251,77,81,100,122,129,134,152,160,168,190,212,220,222,236,240,248,252,270,276
77:0,8,29,37,42,47,48,49,60,69,76,122,79,81,85,114,123,128,131,139,140,153,162,224,228,234,236,255,257,263,264
78:3,28,31,36,55,57,62,71,189,84,88,97,119,121,125,133,134,137,140,143,155,156,160,161,171,172,182,201,206,215,244,261,269,276,277
79:19,20,33,52,59,77,178,84,96,114,117,119,135,139,165,172,174,189,192,195,207,222,229,257,266,271,274
80:0,2,3,5,21,27,33,46,48,55,71,72,227,83,88,92,105,119,128,134,145,146,165,170,179,192,195,202,218,223,231,232,238,240,267,277
81:0,18,43,58,60,62,67,69,75,76,77,121,98,104,108,134,136,138,153,161,163,172,182,185,186,187,188,198,201,203,207,214,233,241,273
82:5,9,20,29,35,36,55,65,254,91,105,129,131,138,145,157,173,180,200,201,207,218,240,251,256,259,265,271,279
83:10,17,34,35,38,45,80,233,91,100,105,107,122,128,164,182,183,194,199,203,204,211,232,246,256,259,271,274
84:5,10,11,12,15,39,46,51,52,57,59,63,65,78,79,248,94,110,111,120,144,145,171,174,185,188,203,205,212,222,228,233,276
85:5,9,11,22,53,77,143,93,96,115,120,130,135,149,156,198,200,216,227,228,263,268
86:6,24,47,52,56,67,68,69,182,97,116,128,129,152,164,178,181,189,209,217,221,222,239,241,255,256,267,274
87:3,5,32,56,59,210,90,98,126,179,185,190,195,207,211,215,218,239,247,256,263
88:10,11,16,19,45,55,56,60,70,72,74,78,80,150,91,102,109,112,118,120,123,131,136,137,165,196,206,207,209,240,245,250,255,257,262,270
89:1,19,27,31,35,63,74,264,111,120,123,124,134,156,163,166,175,201,234,245,250,267
90:32,38,43,45,55,56,67,68,71,72,87,235,114,149,156,157,161,169,172,189,213,238,239,244,249,250,259
91:1,5,10,14,20,22,44,51,59,72,82,83,88,196,108,111,118,122,136,142,150,152,154,205,208,209,217,220,222,227,232,237
92:6,28,37,48,49,54,60,80,230,99,110,115,119,127,132,140,145,150,152,155,174,190,212,234,241,256,258
93:23,33,35,44,52,55,67,85,181,102,107,120,122,146,158,160,164,170,172,179,187,191,194,203,204,210,212,215,217,247,249,252,257,263,276
94:1,4,16,31,60,73,84,236,101,129,139,145,163,171,187,188,200,202,205,216,221,252,264,269
95:10,31,36,37,42,48,50,64,147,109,123,129,136,145,174,179,194,211,245,267
96:22,36,43,46,48,55,69,79,85,272,98,144,176,185,191,202,211,212,254,258,261,264
97:4,10,18,39,47,78,86,272,111,119,129,132,142,157,163,177,196,198,224,232,245,257,260
98:44,55,68,81,87,96,244,101,104,110,111,125,163,165,185,236
99:1,6,8,21,24,28,29,32,38,51,66,67,71,72,74,92,206,105,142,154,156,162,173,175,176,188,200,211,219,222,243,252,258,271,279
100:7,8,27,45,48,65,76,83,210,127,137,140,145,185,207,208,246,249,266,271
101:3,35,54,74,94,98,181,105,112,116,122,130,149,209,235,242,250,266
102:7,10,11,21,48,49,73,88,93,276,116,159,176,185,194,220,228,238,240,247,252,257,279
103:4,17,33,59,71,159,112,113,125,133,139,142,152,154,156,216,217,219,224,245,250,270
104:8,18,22,34,57,73,81,98,161,117,144,164,166,180,189,198,217,222,251
105:15,29,35,51,60,67,80,82,83,99,101,181,110,132,146,155,173,177,188,196,204,216,247
106:18,19,21,32,33,38,51,64,67,73,260,112,153,160,161,171,197,205,210,223,234,249,257,262
107:15,21,22,25,44,45,61,83,93,168,120,125,129,135,144,145,149,153,171,182,191,211,216,220,222,229,233,236,242,258,266,275
108:19,39,51,55,57,69,81,91,237,133,149,180,197,215,232,236,243,247,249,263
109:4,6,51,53,59,62,72,73,88,95,126,119,134,144,146,171,175,198,212,213,223,226,231,241,250,257,268,269,275
110:15,21,23,61,64,84,92,98,105,236,120,155,161,167,176,182,184,188,224,234,247,258,259,262,270
111:0,12,20,23,32,39,48,52,54,55,60,66,73,75,84,89,91,97,98,244,115,119,121,135,144,160,161,163,177,179,181,182,189,191,195,206,213,214,226,230,239,252,268,273
112:12,46,50,88,101,103,106,165,134,148,155,167,188,198,201,210,225,234,246,254,257,258,273
113:4,19,48,66,69,103,262,122,125,132,152,158,165,170,180,203,204,212,224,238,241,260
114:10,25,33,43,47,49,57,65,74,77,79,90,172,126,127,145,167,171,174,175,186,187,191,196,198,200,203,204,209,213,217,228,256
115:9,42,48,57,64,85,92,111,220,135,142,162,167,188,194,204,207,219,223,238,249,251,268,279
116:3,13,44,47,48,53,86,101,102,256,123,139,151,172,177,200,210,215,219,224,257,267
117:22,26,33,42,48,64,79,104,149,118,160,161,175,179,184,211,217,229,245,260,264,272,279
118:3,7,8,16,18,31,33,39,46,66,88,91,117,171,123,147,150,157,159,166,169,174,178,180,186,187,191,205,219,222,223,239,240,248,259,267,273
119:15,18,69,75,78,79,80,92,97,109,111,122,142,157,169,172,183,184,199,216,226,231,237,244,251,252,272
120:7,9,15,43,63,84,85,88,89,93,107,110,216,131,133,137,143,172,175,183,191,200,201,203,225,238,239,245,254,258,263
121:2,15,56,59,78,81,111,211,124,155,167,170,183,184,201,217,227,238,239,242,254,262
122:14,29,39,43,58,71,76,77,83,91,93,101,113,119,147,130,132,151,154,156,168,169,183,193,195,200,207,229,244,250,260,261,272,277
123:3,6,25,29,35,54,58,72,77,88,89,95,116,118,124,126,142,149,159,189,194,201,203,207,209,240,253,264,274
124:9,33,45,55,61,73,89,121,123,218,131,159,169,189,212,216,225,226,254,271,276
125:14,46,69,74,78,98,103,107,113,145,133,143,148,152,162,172,193,200,215,226,246,249,257,258
126:11,22,24,28,32,41,47,66,73,87,109,114,123,137,129,139,140,144,157,160,162,172,176,182,187,190,203,204
127:0,10,12,24,33,41,54,63,66,67,92,100,114,259,128,131,138,153,164,174,187,197,203,213,218,219,267,270
128:2,3,12,24,46,50,77,80,83,86,127,207,132,151,159,170,243,263
129:1,41,60,73,76,82,86,94,95,97,107,126,165,146,156,159,162,163,170,179,183,193,195,201,203,205,213,215,231,235,259,277
130:11,43,45,47,51,58,66,85,101,122,271,145,153,181,190,200,206,207,231,233,241,255,262,268,270
131:6,15,17,19,28,29,33,37,41,50,53,61,77,82,88,120,124,127,266,141,155,157,166,186,199,201,206,208,221,259,262,273
132:6,27,55,64,69,71,92,97,105,113,122,128,199,134,138,146,155,162,169,184,185,189,193,196,201,212,217,221,224,239,249,254,256,277
133:10,11,22,48,55,67,75,78,103,108,120,125,272,145,153,177,192,201,208,212,215,217,228,232,267,268
134:8,27,37,38,40,41,44,53,54,76,78,80,81,89,109,112,132,213,172,199,232,240,260,264,271,279
135:1,14,15,25,27,79,85,107,111,115,180,148,160,163,183,188,191,192,194,195,200,206,207,227,238,239,245,250,272
136:21,41,63,72,73,75,81,88,91,95,160,169,182,189,197,227,239,241,244,245,255
137:3,5,12,17,26,27,36,51,63,78,88,100,120,126,223,143,147,148,154,155,169,172,178,182,188,189,190,194,195,199,232,241,248,253,279
138:1,9,28,46,54,60,70,72,81,82,127,132,217,149,167,175,192,196,215,220,260,277
139:8,13,14,28,30,41,49,74,77,79,94,103,116,126,223,165,187,188,195,197,210,221,233
140:3,7,11,21,29,37,44,59,77,78,92,100,126,165,144,172,189,212,223,241,255,262,270
141:6,36,37,47,61,75,131,267,145,154,155,162,166,170,179,181,185,186,191,236,245,252,269
142:9,10,13,14,23,24,25,28,29,37,40,45,53,60,70,91,97,99,103,115,119,123,240,157,171,187,221,230,234,238,248,265
143:12,13,17,38,46,53,63,75,78,85,120,125,137,243,154,161,173,184,190,193,196,198,213,228,229,233,234,239,252
144:19,31,35,54,74,75,84,96,104,107,109,111,126,140,194,152,158,165,172,173,201,205,209,219,224,232,243,255,258
145:0,7,8,10,22,32,34,41,75,80,82,84,92,94,95,100,107,114,125,130,133,141,267,150,159,161,186,216,230,232,243,244,252,266
146:12,13,17,35,46,59,60,71,80,93,105,109,129,132,156,164,170,173,174,200,213,225,226,227,233,238,239,243,261
147:1,3,11,34,38,50,64,70,95,118,122,137,232,149,153,154,161,177,198,203,209,211,224,234,243,250,263
148:24,37,40,47,57,69,74,112,125,135,137,240,157,172,173,174,204,212,213,216,221,225,232,268,270
149:15,18,20,27,37,85,90,101,107,108,117,123,138,147,245,161,163,179,183,199,209,243,253,254,262
150:3,5,12,27,28,34,35,41,43,49,88,91,92,118,145,261,169,194,195,197,199,201,215,220,221,225,251,278
151:15,25,33,52,56,63,65,67,69,116,122,128,259,165,170,182,188,206,211,218,224,232,235,265,269
152:1,2,5,11,13,17,31,34,53,58,61,68,71,75,76,86,91,92,103,113,125,144,253,172,185,190,194,195,198,212,221,234,240,246,248,260,263,268
153:4,9,12,13,15,37,59,77,81,106,107,127,130,133,147,234,159,171,176,177,195,198,218,224,226,228,230,244,254,258,264,277
154:22,29,31,43,71,91,99,103,122,137,141,143,147,229,177,178,179,192,193,206,210,228,234,245,246,251,261,270
155:19,56,73,78,92,105,110,112,121,131,132,137,141,187,164,165,172,175,179,181,184,192,193,209,227,251,259,263,268,272
156:7,11,13,15,44,53,55,69,78,85,89,90,99,103,122,129,146,208,187,189,228,233,244,254
157:2,5,7,8,51,64,82,90,97,118,119,126,131,142,148,268,179,197,216,237,240,251,261,273,277
158:7,14,23,32,37,39,47,49,55,93,113,144,276,160,184,188,211,214,219,227,238,239,245,246,248,253,257,278
159:3,7,12,40,41,42,53,57,61,66,71,73,75,102,103,118,123,124,128,129,145,153,245,201,202,209,214,215,232,240,255,271
160:0,1,12,20,35,59,76,78,93,106,111,117,126,135,136,158,251,182,186,190,195,196,199,203,206,214,238,278
161:14,36,61,67,73,74,78,81,90,104,106,110,111,117,143,145,147,149,264,191,213,217,228,242,257,263,271
162:4,13,44,61,74,75,77,99,115,125,126,129,132,141,196,173,174,175,177,191,203,205,206,209,214,216,218,230,235,261,266,274
163:3,19,23,26,34,41,43,49,81,89,94,97,98,111,129,135,149,186,211,222,233,236,243,248,265,269,276,278
164:1,14,70,75,83,86,93,104,127,146,155,246,172,173,182,186,204,213,225,253,264
165:22,35,36,39,46,50,62,79,80,88,98,112,113,129,139,140,144,151,155,266,170,182,197,201,203,210,213,216,222,234,235,245,250,257,267,270,279
166:4,16,27,33,50,74,89,104,118,131,141,208,176,185,192,196,199,212,222,225,240,252,260,263,267
167:2,14,22,23,24,38,58,59,61,71,110,112,114,115,121,138,180,181,197,201,207,213,220,222,223,246,258,274,278
168:2,13,21,60,69,73,75,76,107,122,214,170,178,188,190,196,205,212,231,249,250,251,272,276
169:12,26,27,32,46,47,54,60,73,90,118,119,122,124,132,136,137,150,177,189,191,194,236,237,239,264,266,268,272,273
170:28,37,38,56,65,67,68,80,93,113,121,128,129,141,146,151,165,168,197,183,190,193,216,220,238,241,255,270,278,279
171:11,26,41,43,45,51,78,84,94,106,107,109,114,118,142,153,176,178,186,191,197,209,217,228,232,241,244,248,257,259
172:1,2,13,14,44,57,70,74,78,79,81,90,93,114,116,119,120,125,126,134,137,140,144,148,152,155,164,221,177,181,184,200,219,220,222,234,261
173:7,12,18,31,60,64,66,67,82,99,105,143,144,146,148,162,164,210,177,181,186,188,190,195,204,214,215,217,229,232,234,242,243,271
174:7,12,14,23,60,65,79,84,92,95,114,118,127,146,148,162,177,187,198,199,211,223,229,230,236,245,246,268,270
175:23,42,50,55,66,69,89,99,109,114,117,120,138,155,162,240,188,196,208,254,268,278
176:9,20,21,22,23,32,35,45,53,69,74,96,99,102,110,126,153,166,171,189,208,232,243
177:4,9,15,48,50,57,97,105,111,116,133,147,153,154,162,169,172,173,174,248,182,189,202,206,208,209,221,239,243,244,251,256,258,261,270
178:4,6,9,23,39,79,86,118,137,154,168,171,253,180,192,202,206,222,229,240,241,273
179:12,20,23,26,41,60,67,80,87,93,95,111,117,129,141,149,154,155,157,185,208,216,229,230,249,258,261
180:20,32,33,57,60,74,82,104,108,113,118,135,167,178,195,187,189,202,209,219,239,253,256,258,268,272
181:7,17,28,33,47,61,86,93,101,105,111,130,141,155,167,172,173,183,190,192,195,200,229,252,276,278
182:4,22,33,56,57,60,71,73,78,81,83,86,107,110,111,126,136,137,151,160,164,165,177,238,197,201,220,236,241,254,266
183:23,29,37,39,44,47,83,119,120,121,122,129,135,149,170,181,253,184,190,196,204,222,255,256,257,258,261,274,277,279
184:4,18,31,44,48,59,64,74,75,110,117,119,121,132,143,155,158,172,183,215,197,211,212,239,240,250
185:6,7,14,44,48,54,64,65,73,75,81,84,87,96,98,100,102,132,141,152,166,179,279,189,196,214,221,237,243,252,253,263,267,271,273
186:11,36,37,38,47,51,56,59,62,63,81,114,118,131,141,145,160,163,164,171,173,253,187,217,229,232,234,241,252,254,255,266
187:19,26,29,30,31,34,36,41,42,62,65,73,81,93,94,114,118,126,127,139,142,155,156,174,180,186,217,194,211,223,233,237,252,255,257
188:9,10,15,44,55,59,81,84,94,99,105,110,112,115,135,137,139,151,158,168,173,175,215,202,207,209,228,234,241,258,260,263,265,278
189:13,18,38,43,50,58,62,78,79,86,90,104,111,123,124,132,136,137,140,156,169,176,177,180,185,271,192,215,221,231,253
190:11,15,28,41,47,48,50,59,62,71,76,87,92,126,130,137,143,152,160,168,170,173,181,183,194,196,200,210,211,214,218,221,226,239,259,263,266,279
191:5,20,39,64,93,96,107,111,114,118,120,135,141,161,162,169,171,262,196,207,209,250,265,266
192:6,10,21,25,30,34,46,48,56,60,69,72,74,79,80,133,135,138,154,155,166,178,181,189,198,193,196,219,228,234,259,270,273
193:4,10,19,20,24,29,33,41,48,56,67,122,125,129,132,143,154,155,170,192,223,221,230,237,238,249,250,260,278
194:6,15,18,25,41,46,73,83,93,95,102,115,123,135,137,144,150,152,169,187,190,250,207,211,217,227,229
195:8,11,15,24,45,51,79,80,87,111,122,129,135,137,139,150,152,153,160,173,180,181,225,196,217,218,219,230,250,267,274
196:16,23,29,40,45,53,60,88,91,97,105,114,132,138,143,160,162,166,168,175,183,185,190,191,192,195,276,198,204,262,267
197:0,1,31,44,50,58,62,65,67,69,106,108,127,136,139,150,157,165,167,170,171,182,184,271,231,248,249,263,268,272,275,278
198:6,7,12,15,18,27,81,85,97,104,109,112,114,143,147,152,153,174,192,196,228,205,210,246,248,251
199:5,16,18,27,53,54,64,69,83,119,131,132,134,137,149,150,160,166,174,243,209,210,214,217,218,220,227,240,242,265,268
200:3,14,46,82,85,94,99,114,116,120,122,125,130,135,146,172,181,190,271,204,220,221,241,268,272
201:0,16,18,20,25,37,66,71,78,81,82,89,112,120,121,123,129,131,132,133,144,150,159,165,167,182,236,202,222,228,237,261,271
202:5,9,18,24,36,37,41,43,45,47,57,65,80,94,96,159,177,178,180,188,201,244,206,208,217,219,222,225,234,247
203:9,12,15,19,28,49,52,65,70,73,81,83,84,93,113,114,120,123,126,127,129,147,160,162,165,257,234,259,262,269,278
204:0,15,17,32,55,56,83,93,105,113,114,115,126,148,164,173,183,196,200,213,206,232,237,252,261,265
205:10,27,39,45,61,66,84,91,94,106,118,129,144,162,168,198,242,213,227,257,273,274,276
206:31,39,74,78,88,99,111,130,131,135,151,154,160,162,177,178,202,204,268,209,221,223,226,248,250,254,270
207:9,21,29,66,79,81,82,87,88,100,115,122,123,128,130,135,167,188,191,194,246,209,219,231,236,247,251,253,266
208:21,58,62,64,91,100,131,133,156,166,175,176,177,179,202,227,220,223,256,264
209:8,11,30,42,86,88,91,101,114,123,144,147,149,155,159,162,171,177,180,188,191,199,206,207,223,231,253,260,263
210:24,36,37,47,53,62,68,87,93,100,106,112,116,139,154,165,173,190,198,199,257,227,235,236,241,252,269,277
211:4,10,15,16,24,34,39,46,59,69,83,87,95,96,99,107,117,121,147,151,158,163,174,184,187,190,194,222,251,253,258,259,266
212:9,10,15,24,27,29,41,50,56,59,60,65,76,84,92,93,96,109,113,124,132,133,140,148,152,166,168,184,259,214,225,232,266
213:25,34,39,47,54,66,75,90,109,111,114,127,129,134,143,146,148,161,164,165,167,204,205,279,250,254,255,272
214:20,41,45,52,61,64,65,81,111,158,159,160,162,168,173,185,190,199,212,240,215,219,232,244,246,247,258,261,265,279
215:9,33,54,78,87,93,108,116,125,129,133,138,150,159,173,184,188,189,214,279,220,224,266
216:3,13,37,40,65,74,85,94,103,105,107,119,120,124,145,148,157,162,165,170,179,223,218,226,227,231,233,238,244,267
217:6,17,18,21,54,63,86,91,93,103,104,114,117,121,132,133,138,161,171,173,186,187,194,195,199,202,278,238,239,250,261
218:8,10,13,15,22,23,38,40,53,63,72,80,82,87,124,127,151,153,162,190,195,199,216,255,249,269,273,274
219:19,23,28,30,44,48,50,68,75,99,103,115,116,118,127,144,158,172,180,192,195,202,207,214,253,220,229,240,242,246,249,255,269
220:0,10,15,24,33,51,52,61,71,76,91,102,107,115,138,150,167,170,172,182,199,200,208,215,219,248,223,225,237
221:6,18,21,27,41,50,61,62,86,94,131,132,139,142,148,150,152,172,177,185,189,190,193,200,206,241,222,225,243,248,253,262,267,276
222:2,3,4,45,58,64,66,68,74,75,76,79,84,86,91,99,104,107,118,163,165,166,167,172,178,183,201,202,211,221,253,225,230,232,261,264,271,273,275
223:2,12,15,16,25,27,29,50,53,75,80,106,109,115,118,137,139,140,167,174,187,193,206,208,209,216,220,246,227,229,231,248,254,256
224:0,1,16,36,60,65,69,77,97,103,110,113,116,132,144,147,151,153,215,250,227,230,234,236,263,268
225:0,3,4,17,33,36,43,44,46,52,58,60,64,74,112,120,124,146,148,150,164,166,195,202,212,220,221,222,236,229,231,237,240,247
226:0,7,40,51,53,56,69,73,109,111,119,124,125,146,153,190,206,216,255,230,232,242,247,248,265,266
227:9,11,33,39,48,59,67,68,80,85,91,121,135,136,146,155,158,194,199,205,208,210,216,223,224,257,241,242,251,269,270,278
228:20,27,29,33,39,67,77,84,85,102,114,133,143,153,154,156,161,171,188,192,198,201,250,233,248,265,266,269
229:9,19,20,23,26,36,40,44,46,74,79,107,117,122,143,154,173,174,178,179,181,186,194,219,223,225,251,236,247,253,260,266,269,273,275
230:10,16,28,46,57,92,111,142,145,153,162,174,179,193,195,222,224,226,269,244,249,250,274
231:1,5,29,39,43,69,74,80,109,119,129,130,168,189,197,207,209,216,223,225,235,263,273
232:2,27,57,62,64,69,72,80,83,91,97,108,133,134,137,144,145,147,148,151,159,171,173,176,186,204,212,214,222,226,246,238,244,245,269
233:2,8,21,38,54,61,81,83,84,107,130,139,143,146,156,163,187,216,228,251,241,247,255,265,270
234:2,6,10,12,25,27,32,34,37,63,71,77,89,92,106,110,112,142,143,147,152,153,154,165,172,173,186,188,192,202,203,224,263,259,277
235:0,2,13,18,39,58,64,90,101,129,151,162,165,210,231,238,249,251,259,263,264
236:6,7,13,28,42,50,68,76,77,94,98,107,108,110,141,163,169,174,182,201,207,210,224,225,229,245,256
237:1,3,16,17,27,34,46,64,91,108,119,157,169,185,187,193,201,204,220,225,246,244,270
238:34,37,44,69,74,80,90,102,113,115,120,121,135,142,146,158,160,170,182,193,216,217,232,235,263,243,261,273
239:12,16,23,24,26,28,36,39,64,86,87,90,111,118,120,121,132,135,136,143,146,158,169,177,180,184,190,217,267,250,257,258,264,270,275
240:16,34,51,55,61,70,71,76,80,82,88,102,118,123,134,142,148,152,157,159,166,175,178,184,199,214,219,225,243,253,264,266
241:19,27,60,74,81,86,92,109,113,130,136,137,140,170,171,178,182,186,188,200,210,221,227,233,258,242,245,248,263,279
242:18,20,32,34,39,49,61,75,101,107,121,161,173,199,205,219,226,227,241,267,243,244,266,278
243:8,11,42,43,51,53,60,69,99,108,128,143,144,145,146,147,149,163,173,176,177,185,199,221,238,240,242,247,245,252,262,279
244:10,14,26,44,45,49,50,55,60,73,75,78,90,98,111,119,122,136,145,153,156,171,177,202,214,216,230,232,237,242,278
245:37,43,50,51,88,89,95,97,103,117,120,135,136,141,149,154,158,159,165,174,232,236,241,243,253,260
246:13,15,40,44,72,83,100,112,125,152,154,158,164,167,174,198,207,214,219,223,232,237,250,267,270,276,277
247:7,31,51,54,63,69,87,93,102,105,108,110,202,207,214,225,226,229,233,243,265,252,253,266,267
248:2,33,60,65,70,76,84,118,137,142,152,158,163,171,177,197,198,206,220,221,223,226,228,241,264,258
249:20,68,90,93,100,106,108,115,125,132,168,179,193,197,218,219,230,235,253,258
250:4,5,6,11,35,41,50,53,54,55,58,88,89,90,101,103,109,122,135,147,165,168,184,191,193,194,195,206,213,217,224,228,230,239,246,260,268
251:4,5,8,13,17,20,21,25,45,76,82,104,115,119,150,154,155,157,160,168,177,198,207,211,227,229,233,235,260,256,257,263,264
252:7,29,32,40,44,57,63,70,76,93,94,99,102,111,119,141,143,145,166,181,185,186,187,204,210,243,247,258,257
253:16,38,42,57,66,123,137,149,152,158,164,178,180,183,185,186,189,207,209,211,219,221,222,229,240,245,247,249,254,261,270
254:2,8,10,48,58,62,82,96,112,120,121,124,132,149,153,156,175,182,186,206,213,223,253,278,267,268,275
255:2,8,26,34,42,46,50,53,54,60,71,77,86,88,130,136,140,144,159,170,183,186,187,213,218,219,226,233,267,273,275
256:12,15,29,30,39,41,48,61,67,82,83,86,87,92,114,116,132,177,180,183,208,223,236,251,258,257
257:11,44,69,71,77,79,88,93,97,102,106,109,112,116,125,158,161,165,171,183,187,203,205,210,227,239,251,252,256,264,276
258:24,64,66,69,71,92,96,99,107,110,112,120,125,144,153,167,177,179,180,183,188,211,214,239,241,248,249,252,256,267
259:3,8,10,25,27,31,38,61,67,69,82,83,90,110,118,127,129,131,151,155,171,190,192,203,211,212,234,235,274,263,271
260:10,40,51,54,64,72,73,97,106,113,117,122,134,138,152,166,188,193,209,229,245,250,251,266,262,274
261:34,57,68,73,78,96,122,146,150,154,157,162,172,177,179,183,201,204,214,217,222,238,253,269,266,270,277
262:2,12,32,35,69,72,75,88,106,110,113,121,130,131,140,149,191,196,203,221,243,260,266,267
263:1,2,56,75,77,85,87,93,108,120,128,147,152,155,161,166,185,188,190,197,209,224,231,234,235,238,241,251,259,264
264:7,20,25,31,40,60,77,89,94,96,117,123,134,153,161,164,169,208,222,235,239,240,248,251,257,263,275
265:6,8,24,28,32,35,38,40,47,58,71,73,74,82,142,151,163,188,191,199,204,214,226,228,233,247,278
266:1,11,24,25,56,68,70,79,100,101,107,131,145,162,165,169,182,186,190,191,207,211,212,215,226,228,229,240,242,247,260,261,262,275,270
267:4,20,22,25,28,32,33,36,40,43,54,55,60,63,70,80,86,89,95,116,118,127,133,141,145,165,166,185,195,196,216,221,239,242,246,247,254,255,258,262,274,271,277
268:3,10,27,28,71,85,109,111,115,130,133,148,152,155,157,169,174,175,180,197,199,200,206,224,250,254,272
269:7,19,40,60,78,94,109,141,151,163,203,210,218,219,227,228,229,230,232,261,278,273
270:15,20,23,24,44,53,63,72,73,76,88,103,110,127,130,140,148,154,165,170,174,177,192,206,227,233,237,239,246,253,261,266,273
271:1,4,5,14,21,43,45,58,71,79,82,83,99,100,124,130,134,159,161,173,185,189,197,200,201,222,259,267,273,276
272:2,8,13,23,54,55,59,66,96,97,117,119,122,133,135,155,168,169,180,197,200,213,268,274
273:6,8,13,25,27,33,35,43,45,57,65,70,81,111,112,118,131,157,169,178,185,192,205,218,222,229,231,238,255,269,270,271,274,275
274:1,19,35,40,53,55,58,63,79,83,86,123,162,167,183,195,205,218,230,259,260,267,272,273,276
275:8,9,12,34,43,50,57,58,60,107,109,197,222,229,239,254,255,264,266,273,276
276:1,8,11,15,53,71,76,78,84,93,102,124,158,163,168,181,196,205,221,246,257,271,274,275,279
277:0,8,25,49,60,68,78,80,122,129,132,138,153,157,183,210,234,246,261,267,278
278:1,2,6,15,150,158,160,163,167,170,175,181,188,193,197,203,217,227,242,244,254,265,269,277,279
279:10,24,39,40,42,75,82,99,102,115,117,134,137,165,170,183,185,190,213,214,215,241,243,276,278
