0:97,8,10,30,40,101,109,149,151,200,213,241,278
1:295,15,25,26,50,53,59,71,73,84,86,106,108,128,132,178,184,237,258,264,266,289
2:67,7,44,56,81,89,94,114,137,140,141,168,170,177,212,217,234,278,282,291,293,294
3:262,19,21,39,47,54,61,90,103,115,118,123,137,154,157,215,235,248,277,278,299
4:164,14,23,57,69,94,120,132,158,208,212,229,253,296
5:108,28,48,87,102,115,131,150,154,163,169,183,229,246,256,264,276,287,289
6:179,9,44,49,64,78,80,84,112,118,125,130,144,159,160,166,209,216,220,233,246,269,272,280
7:2,167,35,36,44,55,63,88,91,92,126,130,134,173,175,178,189,231,247,257,258,268,269,271,279
8:0,34,33,40,64,102,105,107,121,125,137,138,144,159,191,192,224,268
9:6,107,14,16,18,19,57,58,63,91,101,117,192,199,202,207,217,260,262,265,295
10:0,78,41,64,72,107,130,138,145,153,158,171,174,176,190,203,234,259,263,288
11:47,21,80,88,111,115,127,169,173,183,204,219,226,228,248,253,254,291,298
12:249,27,28,35,44,119,144,164,167,198,213,221,226,227,243,262,264,283,295,298
13:227,16,30,34,45,87,90,97,119,124,163,165,183,184,221,223,230,247,256,295
14:4,9,270,16,30,43,55,56,63,69,104,108,117,121,133,137,209,221,239,258,263,288
15:1,170,37,71,103,120,150,153,171,175,179,181,203,211,232,251,253,271,276,299
16:9,13,14,153,17,48,54,85,118,131,172,182,219,243,247,261,266,274,280,286
17:16,209,51,64,74,86,104,112,131,167,185,191,198,202,203,211,223,263,287,296
18:9,67,29,48,51,63,99,101,115,121,138,156,160,162,165,166,169,171,245,251,253,255,262,275
19:3,9,262,55,87,123,131,136,169,177,182,183,203,225,233,236
20:217,97,118,144,158,171,211,245,248,286,291
21:3,11,159,43,59,75,113,146,148,177,199,201,205,210,227,287,288
22:130,47,69,82,89,100,112,127,129,146,195,275
23:4,105,43,45,50,117,126,148,174,203,204,220,221,254,266,296,299
24:41,31,44,54,122,162,164,190,214,241,248,272,291,299
25:1,91,26,52,67,69,81,90,94,112,147,156,165,192,205,209,210,225,230,239,241,269,275,293
26:1,25,255,52,64,83,85,94,96,122,160,179,181,185,189,211,215,272,286,287
27:12,155,49,65,71,90,91,123,125,132,153,154,184,192,198,229,230,263,299
28:5,12,183,38,41,85,100,101,116,142,175,179,202,204,211,218,231,236,265,273,281,285,286,293,295
29:18,39,36,46,60,66,75,96,122,123,139,144,166,176,178,185,197,202,246,257,282,295
30:0,13,14,192,38,49,63,67,71,97,100,111,142,154,155,159,161,166,171,175,222,232,243,255,264,284,292
31:24,107,48,50,59,78,89,150,158,202,204,217,258,272,276,298
32:183,48,70,84,106,108,117,187,195,205,243,248,274,298
33:8,44,37,42,47,51,81,116,117,149,166,204,209,218,223,262,264,282,286,287
34:8,13,233,50,51,58,81,107,185,188,212,213,264,266,284
35:7,12,46,62,66,74,139,143,169,173,175,179,208,220,253,266,278,279,297
36:7,29,226,37,55,105,150,151,178,186,194,198,199,202,207,225,227,231,233,239,243,244
37:15,33,36,249,51,62,75,107,114,137,148,152,159,170,175,193,195,196,206,216,227,242,259,262,292,299
38:28,30,251,65,70,73,114,145,154,167,173,178,182,194,205,234,242,260,271,281,292
39:3,29,158,44,52,62,64,67,70,80,83,90,94,105,108,115,144,147,153,175,206,216,255,280,298
40:0,8,69,46,61,87,88,90,100,112,124,139,143,144,151,173,177,188,195,197,202,272,275,279,290
41:10,24,28,232,69,81,111,119,122,132,144,148,155,161,163,166,180,181,184,199,210,213,243,244,265,273,276
42:33,76,68,95,125,126,158,179,181,195,226,235,253,255,265,280
43:14,21,23,56,48,52,137,142,143,155,158,160,174,193,200,203,236,258,259,275
44:2,6,7,12,24,33,39,144,57,70,78,104,111,131,157,185,187,188,198,199,200,242,255,273,289
45:13,23,249,49,50,74,109,114,126,132,135,143,176,214,237,245,258,262,263,265,285
46:29,35,40,268,64,74,79,80,91,93,100,118,126,136,149,156,170,213,229,251,254,255,260,290
47:3,11,22,33,76,49,53,100,102,104,105,131,144,154,182,209,222,239,247,253,263,282
48:5,16,18,31,32,43,167,67,80,103,110,132,152,184,208,233,237,256,257,297
49:6,27,30,45,47,79,53,67,72,85,86,106,107,110,117,161,175,191,203,235,253,263,282,292
50:1,23,31,34,45,257,64,76,102,109,120,145,192,208,210,223,252,289,295
51:17,18,33,34,37,193,54,59,70,109,131,140,142,160,161,175,176,202,209,213,233,242,243,245,246,254,274
52:25,26,39,43,56,55,57,64,83,91,109,123,149,160,195,198,204,207,214,225,226,273,278,280,281
53:1,47,49,144,58,73,77,109,165,182,202,226,243,258,284,293,299
54:3,16,24,51,91,99,119,120,121,136,139,155,174,189,201,224,237,243,266,270,284,298
55:7,14,19,36,52,97,92,99,100,107,118,121,163,183,239,241,246
56:2,14,43,52,202,57,58,103,111,115,122,138,141,143,158,189,192,209,212,223,235,273,275,277,280,286,296
57:4,9,44,52,56,244,60,73,115,116,118,120,122,124,126,136,143,151,159,193,213,227,265,293
58:9,34,53,56,70,64,91,108,109,149,173,181,183,189,213,215,216,224,237,251,274
59:1,21,31,51,201,60,67,106,113,117,122,130,157,220,235,244,245,275,286
60:29,57,59,86,78,93,96,117,134,144,157,180,200,206,219,220,227,230,232,242,243,256,270,274,285,291
61:3,40,286,87,89,93,96,110,139,153,163,180,191,220,223,225
62:35,37,39,131,63,89,93,113,116,161,185,196,214,219,228
63:7,9,14,18,30,62,239,80,85,90,108,138,148,151,153,164,171,175,186,210,216,226,249,264,289,299
64:6,8,10,17,26,39,46,50,52,58,81,72,82,84,105,110,114,132,156,159,170,181,186,223,226,233,285
65:27,38,223,100,190,197,204,211,213,216,238,240,254,265,294
66:29,35,140,72,80,104,106,127,150,171,173,190,232,243,259,294
67:2,18,25,30,39,48,49,59,241,74,98,114,135,148,159,162,217,240,259,272
68:42,150,72,96,105,115,133,137,141,145,193,202,203,251,267
69:4,14,22,25,40,41,188,81,102,103,128,138,145,147,199,206,207,220,226,229,232,233,246
70:32,38,39,44,51,58,102,116,126,138,158,172,174,205,212,231,247,249,253,255,264,276,278,291,298
71:1,15,27,30,96,89,91,102,115,131,133,143,145,158,163,199,210,219,255
72:10,49,64,66,68,176,89,103,121,126,146,157,162,174,188,199,203,209,215,221,236,257,270,273,274,291
73:1,38,53,57,277,74,84,89,99,112,134,142,175,202,284
74:17,35,45,46,67,73,137,83,103,120,160,170,178,180,187,189,207,230,253,265,275
75:21,29,37,141,78,99,113,117,124,167,182,189,256,264,277,281
76:42,47,50,114,89,92,102,126,127,136,138,143,158,168,171,232,244,275,294,296,297
77:53,114,93,117,121,124,127,162,190,197,208,224,273,275,278,292
78:6,10,31,44,60,75,189,91,102,108,109,122,123,126,184,201,243,260,278,286,299
79:46,49,203,89,105,129,144,148,153,198,204,215,218,224,246,267,279,285,297
80:6,11,39,46,48,63,66,244,81,91,104,107,110,119,120,122,125,150,177,190,191,192,225,228,234,259
81:2,25,33,34,41,64,69,80,181,89,141,164,166,176,192,218,274,286,291,299
82:22,64,230,89,101,108,126,159,160,194,218,244,259,263,268,281,297
83:26,39,52,74,230,87,97,109,114,118,135,147,149,176,240,243,260,261,264,281,290,292
84:1,6,32,64,73,252,87,115,119,154,183,215,231,277,289
85:16,26,28,49,63,98,89,106,113,141,151,162,169,192,202,215,218,234,242,252,256,261,264,285,292,297,298
86:1,17,49,60,164,124,132,141,147,158,185,189,190,197,200,216,235,257,263
87:5,13,19,40,61,83,84,246,95,96,108,121,125,128,141,160,209,216,244,267,297
88:7,11,40,232,142,148,153,167,174,186,188,202,203,212,223,252,264,270,273,280,289
89:2,22,31,61,62,71,72,73,76,79,81,82,85,297,90,92,96,99,107,114,126,154,184,191,228,229,237,247,273,296
90:3,13,25,27,39,40,63,89,297,93,109,132,137,152,153,185,203,206,220,221,236,251,261,280,299
91:7,9,25,27,46,52,54,58,71,78,80,255,99,105,111,160,173,181,190,207,219,222,228,230,233,246,260,277,295
92:7,55,76,89,276,101,127,147,158,203,229,262,264,285,286
93:46,60,61,62,77,90,136,96,104,135,142,181,189,191,218,220,230,237,258,262,269,274,294
94:2,4,25,26,39,162,99,119,131,132,136,137,146,147,167,177,214,245
95:42,87,240,117,122,124,134,150,160,212,231,281,282,292
96:26,29,60,61,68,71,87,89,93,165,104,122,158,172,179,182,184,215,246,277,287,294
97:0,13,20,30,55,83,293,107,132,141,153,191,192,215,228,235,242,255,270
98:67,85,155,166,174,193,221,256,259,261,291
99:18,54,55,73,75,89,91,94,251,117,137,143,146,167,189,194,209,246,248,257,291
100:22,28,30,40,46,47,55,65,127,107,114,118,133,140,179,192,202,222,232,249,278
101:0,9,18,28,82,92,186,133,154,160,161,168,169,171,174,178,189,199,218,221,231,234,253,270,283,285,297
102:5,8,47,50,69,70,71,76,78,103,118,120,129,143,170,172,215,237,260,294
103:3,15,48,56,69,72,74,102,242,152,158,160,165,235,239
104:14,17,44,47,66,80,93,96,108,106,145,169,209,211,223,248,250
105:8,23,36,39,47,64,68,79,91,281,119,134,158,159,171,179,190,202,219,224,245,252,256,268,282,291
106:1,32,49,59,66,85,104,208,107,119,133,154,177,184,203,207,210,219,223,262,279,288,293
107:8,9,10,31,34,37,49,55,80,89,97,100,106,219,109,116,149,185,201,202,213,239,242,248,275
108:1,5,14,32,39,58,63,78,82,87,104,164,126,148,156,160,161,169,170,172,199,242,246,283,287,295
109:0,45,50,51,52,53,58,78,83,90,107,186,131,143,148,163,194,214,232,248,273,280,284
110:48,49,61,64,80,184,134,141,154,172,177,183,204,205,236,237,262,264,266,284,286,288,293,297
111:11,30,41,44,56,91,291,127,133,140,159,162,181,186,187,200,244,267
112:6,17,22,25,40,73,210,132,140,143,155,162,195,206,228,241,247,254,278,280,281,291,297
113:21,59,62,75,85,209,134,135,163,167,177,192,223,226,249,267,280,290,292
114:2,37,38,45,64,67,76,77,83,89,100,250,118,150,166,186,190,191,217,239,249,258,260,267
115:3,5,11,18,39,56,57,68,71,84,284,116,135,137,152,206,207,218,241,273
116:28,33,57,62,70,107,115,183,145,147,161,177,191,193,202,203,204,210,214,232,238,242,257,274
117:9,14,23,32,33,49,59,60,75,77,95,99,263,135,167,171,206,221,241,243,245,254,258,277
118:3,6,16,20,46,55,57,83,100,102,114,160,120,126,140,193,212,219,222,246,258,274,284
119:12,13,41,54,80,84,94,105,106,139,142,143,155,156,158,170,216,225,261,288,297
120:4,15,50,54,57,74,80,102,118,266,130,134,145,154,159,163,183,195,208,217,245,273,285,299
121:8,14,18,54,55,72,77,87,161,151,179,197,207,228,234,254,261,264,265,270,284,291
122:24,26,29,41,56,57,59,78,80,95,96,200,125,177,182,185,188,208,210,277,288,290
123:3,19,27,29,52,78,237,154,175,193,200,203,212,221,228,233,248,274
124:13,40,57,75,77,86,95,215,129,137,149,164,175,194,212,219,223,230,236,251,253,254,289
125:6,8,27,42,80,87,122,286,128,133,150,154,212,214,260,263,271,273,278,279,280
126:7,23,42,45,46,57,70,72,76,78,82,89,108,118,145,133,142,158,181,186,204,209,211,214,217,225,227,230,240,242,266,278
127:11,22,66,76,77,92,100,111,220,134,146,154,155,166,191,206,242,261,281,287,293
128:1,69,87,125,176,130,138,151,163,173,184,187,194,225,231,243,251,252,264,272,298
129:22,79,102,124,240,138,151,153,196,204,215,230,242,244,246,278
130:6,7,10,22,59,120,128,222,150,162,181,182,191,235,250,285
131:5,16,17,19,44,47,51,62,71,94,109,250,136,150,159,179,224,225,227,239,274,277,279,285,289,291
132:1,4,27,41,45,48,64,86,90,94,97,112,221,133,160,161,171,173,177,196,210,245,275,297
133:14,68,71,100,101,106,111,125,126,132,191,141,149,185,234,240,259,281,282
134:7,60,73,95,105,110,113,120,127,230,204,205,206,215,222,256,261,264,266,272
135:45,67,83,93,113,115,117,173,152,158,163,166,198,199,221,224,228,234,247,265,269,273,274,289,291
136:19,46,54,57,76,93,94,131,160,174,193,211,268,271,291,295
137:2,3,8,14,37,43,68,74,90,94,99,115,124,166,139,158,160,179,184,190,204,210,250,259,288,294,295
138:8,10,18,56,63,69,70,76,128,129,296,139,259,273
139:29,35,40,54,61,119,137,138,275,166,168,198,236,251,265,281
140:2,51,66,100,111,112,118,247,148,153,159,174,187,207,208,232,244,249,268,272,283,285,290,296
141:2,56,68,75,81,85,86,87,97,110,133,240,143,187,195,198,200,215,216,251,273,285,290
142:28,30,43,51,73,88,93,119,126,203,143,147,166,178,179,185,187,263,265,268,270,281
143:35,40,43,45,56,57,71,76,99,102,109,112,119,141,142,234,155,169,288,295
144:6,8,12,20,29,39,40,41,44,47,53,60,79,185,152,165,172,200,213,236,271,285
145:10,38,50,68,69,71,104,116,120,126,180,149,150,170,207,227,245,250,256,296
146:21,22,72,94,99,127,190,177,215,237,240,241,270,272,280,283,299
147:25,39,69,83,86,92,94,116,142,213,153,174,182,185,187,189,203,204,207,257,275,280,294,298
148:21,23,37,41,63,67,79,88,108,109,140,196,179,191,205,218,247,248,250,254,258,272,293,297
149:0,33,46,52,58,83,107,124,133,145,177,158,160,169,183,203,207,209,214,216,254,255
150:5,15,31,36,66,68,80,95,114,125,130,131,145,274,159,166,185,186,221,223,226,233,255,256,278,297
151:0,36,40,57,63,85,121,128,129,299,175,183,185,188,193,199,227,249,268,271,286,292
152:37,48,90,103,115,135,144,259,170,209,239,249,289
153:10,15,16,27,39,61,63,79,88,90,97,129,140,147,191,170,193,206,209,210,262,285,288,293
154:3,5,27,30,38,47,84,89,101,106,110,120,123,125,127,208,158,161,163,165,168,190,224,226,246,279,294
155:27,30,41,43,54,98,112,119,127,143,206,167,194,203,204,213,242,281
156:18,25,46,64,108,119,239,157,181,182,184,188,194,198,211,220,226,235,244,270,275,278,285
157:3,44,59,60,72,156,299,231,232,252,278,285,295
158:4,10,20,31,39,42,43,56,70,71,76,86,92,96,103,105,119,126,135,137,149,154,287,160,197,216,225,235,236,276,281,298
159:6,8,21,30,37,57,64,67,82,105,111,120,131,140,150,239,166,187,190,193,203,281,289
160:6,18,26,43,51,52,74,82,87,91,95,101,103,108,118,132,136,137,149,158,220,168,180,199,208,242,246,268,269,277,282,284
161:30,41,49,51,62,101,108,116,121,132,154,288,171,173,185,187,190,202,243,257,269
162:18,24,67,72,77,85,94,111,112,130,271,166,215,251,253,255,279,286
163:5,13,41,55,61,71,109,113,120,128,135,154,181,201,210,239,240,283
164:4,12,24,63,81,86,108,124,245,206,241,242,250,254,264,274
165:13,18,25,53,96,103,144,154,245,193,239,257,272,287,294
166:6,18,29,30,33,41,81,98,114,127,135,137,139,142,150,159,162,238,170,174,175,194,213,274,276,294
167:7,12,17,38,48,75,88,94,99,113,117,155,207,172,182,194,195,204,227,242,245,247,259,263,265,275,278,285
168:2,76,101,139,154,160,188,176,185,199,225,226,230,235,241,256
169:5,11,18,19,35,85,101,104,108,143,149,283,194,225,231,266,287,291,294
170:2,15,37,46,64,74,102,108,119,145,152,153,166,226,193,205,221,230,237,238,254,281,291
171:10,15,18,20,30,63,66,76,101,105,117,132,161,256,232,238,241
172:16,70,96,102,108,110,144,167,216,183,215,224,228,229,233,258,265
173:7,11,35,38,40,58,66,91,128,132,135,161,243,179,189,195,208,210,213,217,238,272,277,281,296
174:10,23,43,54,70,72,88,98,101,136,140,147,166,256,182,208,213,222,223,232,262,269,288
175:7,15,28,30,35,37,39,49,51,63,73,123,124,151,166,241,179,184,190,194,202,223,224,235,245,258,261,286,298
176:10,29,45,51,72,81,83,128,168,210,182,209,222,224,234,250,268,296
177:2,19,21,40,80,94,106,110,113,116,122,132,146,149,231,178,179,189,204,234,245,258,286,292
178:1,7,29,36,38,74,101,142,177,297,184,209,214,232,241,244,246,247,257,282,287,294,295
179:6,15,26,28,35,42,96,100,105,121,131,137,142,148,173,175,177,228,186,190,193,195,203,210,216,236,238,243,268,293
180:41,60,61,74,145,160,270,181,186,188,192,200,227,252,264,284,293
181:15,26,41,42,58,64,81,91,93,111,126,130,156,163,180,221,194,200,219,240,253,264,298
182:16,19,38,47,53,75,96,122,130,147,156,167,174,176,185,187,194,195,203,209,217,224,237,243,264,287
183:5,11,13,19,28,32,55,58,84,110,116,120,149,151,172,192,195,211,215,269,285,296
184:1,13,27,41,48,78,89,96,106,110,128,137,156,175,178,243,186,194,195,205,211,231,251,284,286
185:17,26,29,34,44,62,86,90,107,122,133,142,144,147,150,151,161,168,182,196,200,202,229,241,272,280,295
186:36,63,64,88,101,109,111,114,126,150,179,180,184,207,190,202,208,212,227,239,247,271,277,292
187:32,44,74,111,128,140,141,142,147,159,161,182,220,209,224,263,265,276,285
188:34,40,44,69,72,88,122,151,156,168,180,258,212,246,270,276,279,289
189:7,26,54,56,58,74,75,78,86,93,99,101,147,173,177,206,194,229,239,255,259,268,291,298
190:10,24,65,66,77,80,86,91,105,114,137,146,154,159,161,175,179,186,266,210,214,225,236,271,273,279,281,286,294
191:8,17,49,61,80,89,93,97,114,116,127,130,133,148,153,256,206,237,243,265,268,298
192:8,9,25,27,30,50,56,80,81,85,97,100,113,180,183,272,199,216,232,235,279,283
193:37,43,51,57,68,98,116,118,123,136,151,153,159,165,170,179,250,200,221,279,285,297
194:36,38,82,99,109,124,128,155,156,166,167,169,175,181,182,184,189,279,210,213,221,222,231,258
195:22,32,37,40,42,52,112,120,141,167,173,179,182,183,184,206,214,251,257,258
196:37,62,129,132,148,185,261,201,209,215,226,227,230,240,245,297
197:29,40,65,77,86,121,158,246,203,213,214,226,262,285
198:12,17,27,36,44,52,79,135,139,141,156,288,210,220,232,233,239,240
199:9,21,36,41,44,69,71,72,101,108,135,151,160,168,192,277,213,236,248,271,272,274,293,299
200:0,43,44,60,86,111,122,123,141,144,180,181,185,193,234,208,210,220,233,243,244,257,264,299
201:21,54,59,78,107,163,196,252,203,218,228,231,234,249,255,263,270,289,292
202:9,17,28,29,31,36,40,51,53,56,68,73,85,88,100,105,107,116,161,175,185,186,279,223,273,286
203:10,15,17,19,23,43,49,68,72,79,88,90,92,106,116,123,142,147,149,155,159,179,182,197,201,208,223,225,238,262,276,277
204:11,23,28,31,33,52,65,79,110,116,126,129,134,137,147,155,167,177,251,213,224,230,254,271,296
205:21,25,32,38,70,110,134,148,170,184,281,221,232,249,265
206:37,39,60,69,90,112,115,117,127,134,153,155,164,189,191,195,296,215,241,272
207:9,36,52,69,74,91,106,115,121,140,145,147,149,167,186,210,237,249,271,286
208:4,35,48,50,77,106,120,122,140,154,160,173,174,186,200,203,299,218,221,236,257,263,272,289
209:6,14,17,25,33,47,51,56,72,87,99,104,113,126,149,152,153,176,178,182,187,196,273,242,246,251,258,295,297,298
210:21,25,41,50,63,71,106,112,116,122,132,137,153,163,173,176,179,190,194,198,200,207,257,217,245,250,253,266,280
211:15,17,20,26,28,65,104,126,136,156,183,184,247,243,248,275
212:2,4,34,56,70,88,95,118,123,124,125,186,188,218,235,258,263,294
213:0,12,34,41,46,51,57,58,65,107,144,147,155,166,173,174,194,197,199,204,259,253,262,264,268,271,274,285
214:24,45,52,62,94,109,116,125,126,149,178,190,195,197,221,220,236,244,245,256,259,278,280
215:3,26,58,72,79,84,85,96,97,102,124,129,134,141,146,162,172,183,196,206,299,226,238,254,264,272,287,288,290,295
216:6,37,39,58,63,65,86,87,119,141,149,158,172,179,192,271,230,239,242,243,248,274,275,282
217:2,9,20,31,67,114,120,126,173,182,210,289,255,265,277,283,298
218:28,33,79,81,82,85,93,101,115,148,201,208,212,264,226,255,258,266,290,291,292
219:11,16,60,62,71,91,105,106,107,118,124,181,298,221,226,249,258,263,294
220:6,23,35,59,60,61,69,90,93,127,156,160,187,198,200,214,226,221,230,256,267,295
221:12,13,14,23,72,90,98,101,117,123,132,135,150,170,181,193,194,205,208,214,219,220,250,256,261,292
222:30,47,91,100,118,130,134,174,176,194,223,237,290,297
223:13,17,33,50,56,61,64,65,88,104,106,113,124,150,174,175,202,203,222,224,225,239,240
224:8,54,58,77,79,105,131,135,154,172,175,176,182,187,204,223,298,236,249,250,263,279,282,288,291
225:19,25,36,52,61,80,119,126,128,131,158,168,169,190,203,223,248,226,255,256,260,264,267,274,276,298
226:11,12,36,42,52,53,63,64,69,113,150,154,156,168,170,196,197,215,218,219,220,225,233,251,275,284
227:12,13,21,36,37,57,60,126,131,145,151,167,180,186,196,263,236,262,286,295
228:11,62,80,89,91,97,112,121,123,135,172,179,201,249,244,250,255,281,291,292
229:4,5,27,46,69,89,92,172,185,189,247,235,259,262,272,274,279
230:13,25,27,60,74,82,83,91,93,124,126,129,134,168,170,196,204,216,220,283,232,251,292
231:7,28,36,70,84,95,101,128,157,169,177,184,194,201,296,239,262,267,279,280,282,288
232:15,30,41,60,66,69,76,88,100,109,116,140,157,171,174,178,192,198,205,230,299,241,250,252,263,268,282,283,294
233:6,19,34,36,48,51,64,69,91,123,150,172,198,200,226,235,243,246
234:2,10,38,80,85,101,121,133,135,143,176,177,200,201,299,236,237,240,286
235:3,42,49,56,59,86,97,103,130,156,158,168,175,192,212,229,233,276,248,255,267,268
236:19,28,43,72,90,110,124,139,144,158,179,190,199,208,214,224,227,234,262,239,250,261,288
237:1,45,48,54,58,89,93,102,110,123,146,170,182,191,207,222,234,239,270,274,276,290,299
238:65,116,166,170,171,173,179,203,215,281,247,249,271,280,298
239:14,25,36,47,55,63,103,107,114,131,152,156,159,163,165,186,189,198,216,223,231,236,237,289,262
240:65,67,83,95,126,129,133,141,146,163,181,196,198,223,234,267,244,250,261,280,283,289
241:0,24,25,55,67,112,115,117,146,164,168,171,175,178,185,206,232,283,262,271,276,281,288,289
242:37,38,44,51,60,85,97,103,107,108,116,126,127,129,155,160,164,167,209,216,272,259,283
243:12,16,30,32,36,41,51,53,54,60,66,78,83,117,128,161,173,179,182,184,191,200,211,216,233,263,269,275,278,285,298
244:36,41,57,59,76,80,82,87,111,129,140,156,178,200,214,228,240,295,257,271,279,283,291,293
245:18,20,45,51,59,94,105,117,120,132,145,164,165,167,175,177,196,210,214,273,270,281
246:5,6,29,51,55,69,79,87,91,96,99,108,118,129,154,160,178,188,197,209,233,285,252,264,276,283
247:7,13,16,47,70,89,112,135,140,148,167,178,186,211,229,238,295,286,287,298
248:3,11,20,24,32,99,104,107,109,123,148,199,211,216,225,235,297,255,280
249:12,37,45,63,70,100,113,114,140,151,152,201,205,207,219,224,228,238,261,286,291,293,295
250:104,114,130,131,137,145,148,164,176,193,210,221,224,228,232,236,240,269,276,289
251:15,18,38,46,58,68,90,99,124,128,139,141,162,184,195,204,209,226,230,299,253,269,280,283,289
252:50,84,85,88,105,128,157,180,201,232,246,258,254,262,266,283,284,294
253:4,11,15,18,35,42,47,49,70,74,101,124,162,181,210,213,251,268,257,258,260,263,276,278,280,284
254:11,23,46,51,65,112,117,121,124,148,149,164,170,204,215,252,285,271,273,291
255:18,26,30,39,42,44,46,70,71,91,97,149,150,162,189,201,217,218,225,228,235,248,262,259,269,288,289
256:5,13,48,60,75,85,98,105,134,145,150,168,171,174,191,214,220,221,225,276,258,269,283,293,296,297
257:7,29,48,50,72,86,99,116,147,161,165,178,195,200,208,210,244,253,298,259,270,279,287
258:1,7,14,31,43,45,53,93,114,117,118,148,172,175,177,188,194,195,209,212,218,219,252,253,256,291,273,280,287,293
259:10,37,43,66,67,80,82,98,133,137,138,152,167,189,213,214,229,242,255,257,295,269,298
260:9,38,46,78,83,91,102,114,125,225,253,285,278
261:16,83,85,90,98,119,121,127,134,175,196,221,236,240,249,264,276,278,280,282
262:3,9,12,18,19,33,37,45,92,93,106,110,153,174,197,203,213,227,229,231,236,239,241,252,255,268,263,269,299
263:10,14,17,27,45,47,49,82,86,117,125,142,167,187,201,208,212,219,224,227,232,243,253,262,282,276,293,296,297
264:1,5,12,30,33,34,63,70,75,83,85,88,92,110,121,128,134,164,180,181,182,200,213,215,218,225,246,261,273
265:9,28,41,42,45,57,65,74,121,135,139,142,167,172,187,191,205,217,277,272
266:1,16,23,34,35,54,110,120,126,134,169,190,210,218,252,293,278
267:68,79,87,111,113,114,220,225,231,235,240,271,269,276
268:7,8,46,82,105,136,140,142,151,160,176,179,189,191,213,232,235,253,262,277,290,292
269:6,7,25,93,135,160,161,174,183,243,250,251,255,256,259,262,267,286,298
270:14,54,60,72,88,97,101,121,142,146,156,180,188,201,237,245,257,276
271:7,15,38,125,136,144,151,162,186,190,199,204,207,213,216,238,241,244,254,267,278,283,299
272:6,24,26,31,40,67,128,134,140,146,148,165,173,185,192,199,206,208,215,229,242,265,289
273:28,41,44,52,56,72,77,88,89,109,115,120,125,135,138,141,190,202,209,245,254,258,264,288,275
274:16,32,51,58,60,72,81,93,116,118,123,131,135,150,164,166,199,213,216,225,229,237,290,283,285,295
275:18,22,25,40,43,56,59,74,76,77,107,132,139,147,156,167,211,216,226,243,273,294,296
276:5,15,31,41,70,92,158,166,187,188,203,225,235,237,241,246,250,253,256,261,263,267,270,295,286
277:3,56,73,75,84,91,96,117,122,131,160,173,186,199,203,217,265,268,286,292,294
278:0,2,3,35,52,70,77,78,100,112,125,126,129,150,156,157,167,214,243,253,260,261,266,271,287,279
279:7,35,40,79,106,125,131,154,162,188,190,192,193,194,202,224,229,231,244,257,278,288,296,297
280:6,16,39,42,52,56,88,90,109,112,113,125,146,147,185,210,214,231,238,240,248,251,253,258,261,288
281:28,38,52,75,82,83,95,105,112,127,133,139,142,155,158,159,170,173,190,205,228,238,241,245,290
282:2,29,33,47,49,95,105,133,160,178,216,224,231,232,261,263,285
283:12,101,108,140,146,163,169,192,217,230,232,240,241,242,244,246,251,252,256,271,274,290,297
284:30,34,53,54,73,109,110,115,118,121,160,180,184,226,252,253,285
285:28,45,60,64,79,85,92,101,120,130,131,140,141,144,153,156,157,167,183,187,193,197,213,243,246,254,260,274,282,284,289,287
286:16,20,26,28,33,56,59,61,78,81,92,110,125,151,162,175,177,184,190,202,207,227,234,247,249,269,276,277,292
287:5,17,21,26,33,96,108,127,158,165,169,178,182,215,247,257,258,278,285,298
288:10,14,21,106,110,119,122,137,143,153,161,174,198,215,224,231,236,241,255,273,279,280,292
289:1,5,44,50,63,84,88,124,131,135,152,159,188,201,208,217,239,240,241,250,251,255,272,285,298,299
290:40,46,83,113,122,140,141,215,218,222,237,268,274,281,283,298
291:2,11,20,24,60,70,72,81,98,99,105,111,112,121,131,135,136,169,170,189,218,224,228,244,249,254,258,293
292:30,37,38,49,77,83,85,95,113,151,177,186,201,218,221,228,230,268,277,286,288,294,293
293:2,25,28,53,57,97,106,110,127,148,153,179,180,199,244,249,256,258,263,266,291,292,295
294:2,65,66,76,93,96,102,137,147,154,165,166,169,178,190,212,219,232,252,275,277,292,298
295:1,9,12,13,28,29,50,91,108,136,137,143,157,178,185,209,215,220,227,244,247,249,259,274,276,293,297
296:4,17,23,56,76,89,138,140,145,173,176,183,204,206,231,256,263,275,279,297,298
297:35,48,76,79,82,85,87,89,90,101,110,112,119,132,148,150,178,193,196,209,222,248,256,263,279,283,295,296,299
298:11,12,31,32,39,54,70,85,128,147,158,175,181,189,191,209,217,219,224,225,238,243,247,257,259,269,287,289,290,294,296,299
299:3,15,23,24,27,37,53,63,78,81,90,120,146,151,157,199,200,208,215,232,234,237,251,262,271,289,297,298
