0:213,12,23,25,26,45,51,52,54,56,61,70,72,88,95,99,111,116,120,138,149,192,204,220,227
1:178,3,10,16,17,23,39,40,41,57,66,76,78,97,114,120,156,158,173,186,195,211
2:84,6,15,21,29,38,45,51,60,93,107,110,132,150,154,157,163,184,188,190,203,206,209,215
3:1,22,17,51,52,54,57,58,65,94,100,109,124,139,167,190,195,211
4:70,8,24,34,56,63,69,98,103,113,115,128,134,149,168,178,179,180,181,212,215,216,218
5:183,7,8,25,30,34,43,44,57,63,71,76,85,129,136,145,146,169,172,185,197,225,226
6:2,142,21,35,42,53,56,60,61,65,78,84,107,120,128,138,139,140,149,153,160,167,170,183,186,187,193,219,224
7:5,37,10,39,52,54,59,60,65,66,87,101,104,106,111,132,158,169,187,188,189,197,199,201,206,218
8:4,5,225,10,11,27,30,40,51,54,65,66,70,79,93,120,161,172,217,218,227,228
9:154,20,28,35,37,46,49,50,53,54,60,61,72,86,97,110,118,148,158,165,218,222
10:1,7,8,125,15,18,42,52,62,67,69,83,93,95,113,114,123,124,127,133,152,161,164,165,199,200,206,209,217,228,229
11:8,224,17,25,33,41,45,49,61,69,76,87,93,125,139,174,211,225,229
12:0,70,32,39,43,60,65,83,92,111,115,119,120,158,160,162,169,172,183,201,218,220
13:204,22,25,36,50,55,56,58,59,60,73,105,107,112,120,134,146,153,177,180,192,195,198,199,211,214,225
14:97,16,63,68,100,109,142,151,164,174,202,227
15:2,10,47,73,103,105,116,127,130,136,143,156,166,186,189,197,218
16:1,14,23,35,36,38,46,47,53,59,62,63,73,78,95,104,108,116,127,129,145,160,180,186,190,191,203,211,216,217
17:1,3,11,81,25,31,45,58,64,68,72,78,101,103,129,143,160,163,167,168,178,196,215,221
18:10,184,26,30,56,75,89,97,100,133,138,150,151,153,160,161,169,171,180,186,190,195,223,228
19:166,22,38,46,48,52,57,61,63,69,74,80,81,82,94,128,179,194,195,196,199,203,209
20:9,226,21,37,40,46,47,52,58,62,69,75,77,85,86,98,106,109,114,127,138,174,175,178,214,219,222
21:2,6,20,184,36,72,81,87,97,119,176,183,213
22:3,13,19,219,25,30,36,50,54,55,66,82,87,119,124,133,138,178,208,218
23:0,1,16,201,25,30,47,58,66,69,71,79,91,94,132,145,152,164,178,179,187,191,194
24:4,163,31,32,42,84,85,101,103,104,107,110,124,129,130,138,186,207,216
25:0,5,11,13,17,22,23,218,32,33,36,63,81,117,121,124,130,163,171,184,194,207,216,225
26:0,18,130,73,74,85,98,113,115,145,158,172,202,218,223
27:8,101,38,42,46,56,65,66,78,79,84,85,88,89,99,100,113,127,137,138,142,165,180,185,204,205
28:9,176,38,71,81,88,96,111,116,130,139,143,154,155,172,177,179,194,227,228,229
29:2,62,35,38,53,74,77,87,117,136,140,143,148,157,163,172,174,179,186,205,208,216,222,223
30:5,8,18,22,23,35,40,41,57,60,78,83,86,96,119,144,151,177,193,205,211,217
31:17,24,205,143,208,209,217
32:12,24,25,198,53,54,55,70,86,98,99,100,111,118,121,128,155,159,167,175,189,213,218,220
33:11,25,121,38,42,44,71,81,87,107,118,133,151,155,157,159,169,172,175,176,189,195,211,213,227,228
34:4,5,216,49,64,66,74,87,117,121,128,133,144,190,202,210,219,227
35:6,9,16,29,30,162,39,44,59,62,65,75,78,83,86,112,113,124,136,138,155,157,173,178,206,213,218,221,222
36:13,16,21,22,25,96,41,51,85,88,89,121,133,173,203,218
37:7,9,20,221,49,54,68,82,83,95,96,98,111,122,132,143,173,183,197,210,211,219
38:2,16,19,27,28,29,33,48,41,50,58,76,82,85,86,105,110,132,138,148,160,166,168,183,185,211,215,223,227
39:1,7,12,35,109,47,48,49,70,74,86,91,112,114,140,187,191,201,208,213
40:1,8,20,30,172,45,65,69,75,81,82,83,89,94,97,104,122,137,143,144,176,177,195,202,209,216,226
41:1,11,30,36,38,122,42,53,62,71,98,114,120,121,129,147,149,150,157,170,171,183,209,219,227
42:6,10,24,27,33,41,91,44,63,67,76,89,97,98,144,148,182,198,204,205,211,217,229
43:5,12,202,45,54,57,63,65,73,84,98,103,130,156,171,174,181,198,201,206,209,212
44:5,33,35,42,105,47,48,49,100,119,146,178,182,193,195,207,217,222
45:0,2,11,17,40,43,186,53,56,63,75,107,116,126,139,203,210,224,225
46:9,16,19,20,27,144,48,58,63,70,78,86,87,89,97,101,103,108,110,117,122,149,155,157,169,174,194,198,214,217,222,223
47:15,16,20,23,39,44,215,75,90,101,109,120,142,164,172,184,192,194,206
48:19,38,39,44,46,129,61,66,89,104,119,136,149,160,191,227
49:9,11,34,37,39,44,59,54,63,76,81,94,100,103,109,111,115,120,136,137,141,157,191,202,217,218
50:9,13,22,38,171,62,68,87,95,151,157,188,192,207,219,226
51:0,2,3,8,36,74,68,98,104,125,127,146,154,156,159,165,181,187,188,192,212
52:0,3,7,10,19,20,152,120,122,138,163,167,176,182,198,202,203,208,210
53:6,9,16,29,32,41,45,183,54,57,66,110,125,136,148,163,167,192,201,214,215,217,223,228
54:0,3,7,8,9,22,32,37,43,49,53,198,56,80,90,100,102,123,127,128,132,143,166,168,180,182,186,202,210,216,217,229
55:13,22,32,74,62,66,79,80,93,110,114,141,145,188,204
56:0,4,6,13,18,27,45,54,57,62,66,69,81,110,111,114,136,142,153,162,169,188,196
57:1,3,5,19,30,43,53,56,180,77,87,117,127,129,141,146,167,172,173,194,195,214
58:3,13,17,20,23,38,46,80,69,104,118,120,123,140,158,159,171,172,175,195,201,202
59:7,13,16,35,49,208,62,89,99,102,105,106,125,138,139,148,158,171,173,176
60:2,6,7,9,12,13,30,150,85,87,88,91,93,96,111,126,127,129,153,157,170,172,188,228
61:0,6,9,11,19,48,116,92,112,114,120,127,129,132,140,149,152,159,179,186,201,205
62:10,16,20,29,35,41,50,55,56,59,177,65,67,69,71,97,123,125,145,158,166,168,173,201,211,228
63:4,5,14,16,19,25,42,43,45,46,49,67,84,93,100,108,120,161,170,177,191,204,209,214,222
64:17,34,168,68,72,86,128,135,160,170,172,192,213
65:3,6,7,8,12,27,35,40,43,62,176,107,111,141,162,179,189,199,226,227
66:1,7,8,22,23,27,34,48,53,55,56,139,80,82,86,128,134,169,195,198,204,226
67:10,42,62,63,168,91,128,131,146,175,181,183,215
68:14,17,37,50,51,64,73,79,86,88,97,126,129,196,223
69:4,10,11,19,20,23,40,56,58,62,139,83,87,89,92,93,95,101,110,127,143,161,178,180,186,188,199,205,218
70:0,4,8,12,32,39,46,114,73,75,79,84,143,166,174,177,185,188,228,229
71:5,23,28,33,41,62,226,72,90,97,103,107,137,151,183,195,221
72:0,9,17,21,64,71,111,74,96,107,109,134,172,176,181,184,210,227
73:13,15,16,26,43,68,70,203,76,103,128,132,166,187,193,215,225
74:19,26,29,34,39,51,55,72,97,76,104,113,116,144,150,163,216,219
75:18,20,35,40,45,47,70,110,81,82,83,98,117,123,129,132,156,171,173,189,193,197,209,213,218,222,228
76:1,5,11,38,42,49,73,74,140,80,84,87,106,129,151,169,170,188,194,209,213
77:20,29,57,134,79,95,126,129,135,152,173,187,190,204
78:1,6,16,17,27,30,35,46,207,89,93,134,139,168,185,220,223
79:8,23,27,55,68,70,77,104,99,128,134,147,161,174,189,191,207,208,213,220,222,226,229
80:19,54,55,58,66,76,210,83,111,116,118,122,133,211,216,223,225
81:17,19,21,25,28,33,40,49,56,75,204,105,112,115,117,121,126,142,162,163,196
82:19,22,37,38,40,66,75,114,93,97,107,111,137,165,181,182,183,197,217,221
83:10,12,30,35,37,40,69,75,80,163,85,87,104,113,126,145,156,193,200,214,224
84:2,6,24,27,43,63,70,76,223,87,118,120,134,141,151,162,167,187,190,200,205,211,218,229
85:5,20,24,26,27,36,38,60,83,115,94,127,128,144,148,150,151,158,166,169,179,190,224
86:9,20,30,32,35,38,39,46,64,66,68,207,87,90,99,105,111,114,116,136,162,197,203,204,216
87:7,11,21,22,29,33,34,46,50,57,60,69,76,83,84,86,197,94,96,116,120,122,131,146,151,154,161,164,201,216
88:0,27,28,36,60,68,218,93,107,133,135,137,156,158,170,172,174,188,193,203,210
89:18,27,36,40,42,46,48,59,69,78,193,111,122,135,136,142,143,157,168,175,187,188,209,227
90:47,54,71,86,142,92,94,109,124,135,137,152,160,165,182,189,202,204,207,225
91:23,39,42,60,67,111,95,114,119,127,147,178,181,183,186,193,224,228
92:12,61,69,90,198,102,105,140,183,192,193,206,216
93:2,8,10,11,55,60,63,69,78,82,88,205,100,111,141,154,159,162,171,178,182,208,212,215,221,228
94:3,19,23,40,49,85,87,90,185,103,121,131,145,146,150,180,184,198,215
95:0,10,16,37,50,69,77,91,225,120,123,141,147,180,184,217,219
96:28,30,36,37,60,72,87,174,111,126,127,146,165,173,180,202,211
97:1,9,14,18,21,40,42,46,62,68,71,74,82,133,104,113,116,121,149,153,168,173,175,187,189,197,202
98:4,20,26,32,37,41,42,43,51,75,132,99,110,115,134,151,159,181,198,204,221,222,228
99:0,27,32,59,79,86,98,200,103,111,124,127,129,141,148,167,168,174,175,178,201,206
100:3,14,18,27,32,44,49,54,63,93,160,115,129,151,154,165,181
101:7,17,24,27,46,47,69,228,115,121,132,157,175,202,205,229
102:54,59,92,186,114,116,141,145,171,180,203,224
103:4,15,17,24,43,46,49,71,73,94,99,151,112,121,126,129,147,173,175,176,181,218,221
104:7,16,24,40,48,51,58,74,79,83,97,166,116,117,146,156,200,202,216,221
105:13,15,38,44,59,81,86,92,222,106,112,130,131,136,162,168,175,179,207,217,218
106:7,20,59,76,105,129,118,121,122,128,132,137,146,154,176,178,191,195,214,218,225
107:2,6,13,24,33,45,65,71,72,82,88,209,115,124,135,147,164,226
108:16,46,63,199,129,134,136,154,172,173,195
109:3,14,20,39,47,49,72,90,205,111,121,128,130,132,138,146,153,174,181,209,217
110:2,9,24,38,46,53,55,56,69,75,98,191,121,122,124,130,157,159,167,181,182,214
111:0,7,12,28,32,37,49,56,60,65,72,80,82,86,89,91,93,96,99,109,114,116,126,132,155,161,169,170,171,175,198,204,206,208
112:13,35,39,61,81,103,105,210,118,120,133,139,145,164,173,188,196,229
113:4,10,26,27,35,74,83,97,177,127,147,151,162,174,176,182,196,199
114:1,10,20,39,41,55,56,61,70,82,86,91,102,111,228,131,145,186,210
115:4,12,26,49,81,85,98,100,101,107,206,137,181,189,190,207,209,215
116:0,15,16,28,45,61,74,80,86,87,97,102,104,111,166,126,172,203,216
117:25,29,34,46,57,75,81,104,139,119,140,172,212,226,227
118:9,32,33,58,80,84,106,112,192,128,130,147,163,181,183,190,216
119:12,21,22,30,44,48,91,117,151,124,175,180,197,207,208,213,216,225,226
120:0,1,6,8,12,13,41,47,49,52,58,61,63,84,87,95,112,168,147,149,153,154,156,160,162,181,188,225
121:25,32,33,34,36,41,81,94,97,101,103,106,109,110,174,136,139,141,149,156,163,175,211,215
122:37,40,41,46,52,80,87,89,106,110,187,131,133,162
123:10,54,58,62,75,95,219,142,146,153,173,179,181,187
124:3,10,22,24,25,35,90,99,107,110,119,148,146,162,168,174,189,191,216
125:10,11,51,53,59,62,140,134,149,166,178,180,181,187,188,208,219,225,228
126:45,60,68,77,81,83,96,103,111,116,156,128,134,145,148,152,154,159,174,177,199,211,220
127:10,15,16,20,27,51,54,57,60,61,69,85,91,96,99,113,212,164,167,177,180,194
128:4,6,19,32,34,54,64,66,67,73,79,85,106,109,118,126,138,144,150,182,183,199,217,226,227
129:5,16,17,24,41,48,57,60,61,68,75,76,77,99,100,103,106,108,155,134,137,149,158,166,167,201,211,225
130:15,24,25,26,28,43,105,109,110,118,173,132,159,171,174,183,184,187,211,213
131:67,87,94,105,114,122,139,145,176,179,192,208,219,226
132:2,7,23,37,38,54,61,73,75,98,101,106,109,111,130,197,133,137,145,155,181,182,187,188,205,206,218,220,222
133:10,18,22,33,34,36,80,88,97,112,122,132,152,142,145,156,197
134:4,13,66,72,77,78,79,84,98,108,125,126,129,220,139,214,223,229
135:64,77,88,89,90,107,217,142,154,162,166,171,180,185,215,226,228
136:5,15,29,35,48,49,53,56,86,89,105,108,121,169,143,149,150,153,167,183,185,191,203,206,207,210,211
137:27,40,49,71,82,88,90,106,115,129,132,140,164,176,182,184,203,207
138:0,6,18,20,22,24,27,35,38,52,59,109,128,159,148,153,156,176,218
139:3,6,11,28,45,59,66,69,78,112,117,121,131,134,228,184,198,203,219
140:6,29,39,58,61,76,92,117,125,137,196,182,184
141:49,55,57,65,84,93,95,99,102,121,153,164,179,203,213,221
142:6,14,27,47,56,81,89,90,123,133,135,210,145,170,194,204,220,225,228
143:15,17,28,29,31,37,40,54,69,70,89,136,200,167,185,187,197
144:30,34,40,42,46,74,85,128,149,165,168,174,193,195,205,214,228
145:5,16,23,26,55,62,83,94,102,112,114,126,131,132,133,142,185,167,180,200,215,223,227
146:5,13,44,51,57,67,87,94,96,104,106,109,123,124,188,186,204,210,212,218
147:41,79,91,95,103,107,113,118,120,196,153,164,169,173,176,179,190,195,204,224
148:9,29,38,42,53,59,85,99,124,126,138,216,164,186,194,195,197,199,208,227
149:0,4,6,41,46,48,61,97,120,121,125,129,136,144,227,164,200,206,228
150:2,18,41,60,74,85,94,128,136,186,172,183,191,201,223
151:14,18,30,33,50,71,76,84,85,87,98,100,103,113,119,194,179,197,224,225,229
152:10,23,52,61,77,90,126,133,201,154,155,162,164,170,181,199,214,217,220,223,227
153:6,13,18,56,60,97,109,120,123,136,138,141,147,191,157,167,171,190,193,194
154:2,9,28,51,87,93,100,106,108,120,126,135,152,211,155,180,183,188,192,200,203,209
155:28,32,33,35,46,111,129,132,152,154,191,156,173,193,217,227,229
156:1,15,43,51,75,83,88,104,120,121,126,133,138,155,166,159,169,196,209,226
157:2,29,33,35,41,46,49,50,60,89,101,110,153,174,165,167,184,210,216,225,228
158:1,7,9,12,26,58,59,62,85,88,129,225,164,174,181,190,203,213,214,222
159:32,33,51,58,61,93,98,110,126,130,138,156,170,172,183,206,214
160:6,12,16,17,18,38,48,64,90,100,120,162,175,181
161:8,10,18,63,69,79,87,111,203,173
162:12,35,56,65,81,84,86,93,105,113,120,122,124,135,152,160,189,166,172,211
163:2,17,24,25,29,52,53,74,81,83,118,121,207,166,210,227
164:10,14,23,47,87,107,112,127,137,141,147,148,149,152,158,174,165,179,216,220
165:9,10,27,51,82,90,96,100,144,157,164,193,170,178,221,224
166:15,19,38,54,62,70,73,85,104,116,125,129,135,156,162,163,203,167,190,191,208,216,218,223
167:3,6,17,32,52,53,57,84,99,110,127,129,136,143,145,153,157,166,226,171,173,216,228
168:4,17,38,54,62,64,67,78,89,97,99,105,120,124,144,222,170,174,176,184,186,223
169:5,7,12,18,33,46,56,66,76,85,111,136,147,156,225,209
170:6,41,60,63,64,76,88,111,142,152,159,165,168,223,186,200,202,203,207,209,210,213,228
171:18,25,41,43,50,58,59,75,93,102,111,130,135,153,167,204,173,190,193,220
172:5,8,12,26,28,29,33,40,47,57,58,60,64,72,88,108,116,117,150,159,162,214,188,210,217
173:1,35,36,37,57,59,62,75,77,96,97,103,108,112,123,130,147,155,161,167,171,202,174,196
174:11,14,20,29,43,46,70,79,88,96,99,109,113,121,124,126,130,144,157,158,164,168,173,202,179,185,192,212,224
175:20,32,33,58,67,89,97,99,101,103,105,111,119,121,160,217,190,229
176:21,28,33,40,52,59,65,72,103,106,113,131,137,138,147,168,202,182,208
177:13,28,30,40,62,63,70,113,126,127,192,181,195,217
178:1,4,17,20,22,23,35,44,69,91,93,99,106,125,165,223,181,206
179:4,19,23,28,29,61,65,85,105,123,131,141,147,151,164,174,229,199,204,205,207,218
180:4,13,16,18,27,54,57,69,94,95,96,102,119,125,127,135,145,154,228,182,192,205,218
181:4,43,51,67,72,82,91,98,100,103,109,110,115,118,120,123,125,132,152,158,160,177,178,213,194,199,201,203,223
182:42,44,52,54,82,90,93,110,113,128,132,137,140,176,180,210,190,193,196,215
183:5,6,12,21,37,38,41,53,67,71,82,91,92,118,128,130,136,150,154,159,202,193
184:2,18,21,25,47,72,94,95,130,137,139,140,157,168,227,194,203,210,217,222,223
185:5,27,38,70,78,94,135,136,143,145,174,202,204,220
186:1,6,15,16,18,24,29,45,54,61,69,91,102,114,146,148,150,168,170,228,197,209
187:6,7,23,39,51,73,77,84,89,97,122,123,125,130,132,143,219,206,210,215
188:2,7,50,51,55,56,60,69,70,76,88,89,112,120,125,132,146,154,172,198,199,207,216,221,222
189:7,15,32,33,65,75,79,90,97,115,124,162,225,202,216
190:2,3,16,18,34,77,84,85,115,118,147,153,158,166,171,175,182,192,212,224,229
191:16,23,39,48,49,63,79,106,110,124,136,150,153,155,166,205,192,220,223,225
192:0,13,47,50,51,53,64,92,118,131,154,174,177,180,190,191,227,217
193:6,30,44,73,75,83,88,89,91,92,144,153,155,165,171,182,183,201,212,214
194:19,23,25,28,46,47,57,76,127,142,148,151,153,181,184,220,197,209,211
195:1,3,13,18,19,33,40,44,57,58,66,71,106,108,144,147,148,177,210,198,206
196:17,19,56,68,81,112,113,140,147,156,173,182,210,197,202
197:5,7,15,37,75,82,86,87,97,119,132,133,143,148,151,186,194,196,216
198:13,32,42,43,46,52,54,66,92,94,98,111,139,188,195,218,208
199:7,10,13,19,65,69,108,113,126,128,148,152,179,181,188,217,209,213,215,227
200:10,83,84,99,104,143,145,149,154,170,208,217,219
201:7,12,23,39,43,53,58,61,62,87,99,129,150,152,181,193,223,204
202:14,26,34,40,43,49,52,54,58,90,96,97,101,104,170,173,174,176,183,185,189,196,221,208
203:2,16,19,36,45,52,73,86,88,102,116,136,137,139,141,154,158,161,166,170,181,184,208,209
204:0,13,27,42,55,63,66,77,81,86,90,98,111,142,146,147,171,179,185,201,216,218,219,222
205:27,29,30,31,42,61,69,84,93,101,109,132,144,179,180,191,222,213
206:2,7,10,35,43,47,92,99,111,115,132,136,149,159,178,187,195,215,210,217,219,220
207:24,25,44,50,78,79,86,90,105,115,119,136,137,163,170,179,188,222,209,224
208:22,29,31,39,52,59,79,93,111,119,125,131,148,166,176,198,200,202,203,223,211,214
209:2,10,19,31,40,41,43,63,75,76,89,107,109,115,154,156,169,170,186,194,199,203,207,221,215,216
210:34,37,45,52,54,72,80,88,112,114,136,142,146,157,163,170,172,182,184,187,195,196,206,220,214
211:1,3,11,13,16,30,33,37,38,42,62,80,84,96,121,126,129,130,136,154,162,194,208,213,222
212:4,43,51,93,117,127,146,174,190,193,222,227
213:0,21,32,33,35,39,64,75,76,79,119,130,141,158,170,181,199,205,211,218
214:13,20,46,53,57,63,83,106,110,134,144,152,158,159,172,193,208,210,221,227
215:2,4,17,38,47,53,67,73,93,94,115,121,135,145,182,187,199,206,209,216
216:4,16,24,25,29,34,40,54,74,80,86,87,92,104,116,118,119,124,148,157,164,166,167,188,189,197,204,209,215,218,220,224,229
217:8,10,16,30,31,42,44,46,49,53,54,82,95,105,109,128,135,152,155,172,175,177,184,192,199,200,206,218,228
218:4,7,8,9,12,15,22,25,26,32,35,36,49,69,75,84,88,103,105,106,132,138,146,166,179,180,198,204,213,216,217,225
219:6,20,22,34,37,41,50,74,95,123,125,131,139,187,200,204,206,229,221
220:0,12,32,78,79,126,132,134,142,152,164,171,185,191,194,206,210,216,222,221,228,229
221:17,35,37,71,82,93,98,103,104,141,165,188,202,209,214,219,220,225,228
222:9,20,29,35,44,46,63,75,79,98,105,132,158,168,184,188,204,205,207,211,212,220,225,226
223:18,26,29,38,46,53,68,78,80,84,134,145,150,152,166,168,170,178,181,184,191,201,208,229
224:6,11,45,83,85,91,102,147,151,165,174,190,207,216,225,228,229
225:5,8,11,13,25,45,73,80,90,95,106,119,120,125,129,142,151,157,158,169,189,191,218,221,222,224,227,226
226:5,20,40,50,65,66,71,79,107,117,119,128,131,135,156,167,222,225,229,228
227:0,8,14,28,33,34,38,41,48,65,72,89,117,128,145,148,149,152,155,163,184,192,199,212,214,225,228
228:8,10,18,28,33,53,60,62,70,75,91,93,98,101,114,125,135,139,142,144,149,157,167,170,180,186,217,220,221,224,226,227,229
229:10,11,28,42,54,70,79,84,101,112,134,151,155,175,179,190,216,219,220,223,224,226,228
