0:83,51,58,73,75,77,85,147,194,222,240,248
1:120,37,57,60,66,77,124,171,228,241,243
2:248,12,74,134,150,178,186,199,224
3:124,14,39,44,51,53,74,76,88,117,133,142,221,242
4:121,12,15,45,57,83,99,153,165,192,199,209,246
5:138,25,37,52,76,102,106,116,122,129,150,157,175,189,190,197,224,232,242,244
6:173,30,60,80,81,98,129,147,193,229
7:146,26,30,43,51,100,101,115,184,205,225
8:199,35,45,48,54,76,83,86,87,117,177,216,229
9:137,33,49,51,52,70,78,120,134,135,168,170,243
10:186,41,52,131,133,142,196,217
11:159,34,39,68,125,150,158,168,188,192,246
12:2,4,236,17,111,115,162,187,194,228
13:225,15,20,40,75,79,114,146,157,211,242,246
14:3,213,19,25,43,79,96,126,145,211,231
15:4,13,152,63,89,181,200,238
16:170,34,65,70,77,97,99,109,127,135,160,169,211,238
17:12,244,22,49,50,53,59,74,87,105,116,121,123,194,201,220
18:189,59,78,121,133,143,159,192,195,203,206
19:14,68,62,77,122,142,143,145,149,159,186,236
20:13,142,63,140,160,162,202,212,225,234
21:149,66,67,68,78,91,95,110,133,139,161,166,172,189,206
22:17,192,28,63,76,92,98,115,123,137,187,188,223,242,245
23:29,44,49,131
24:133,44,60,92,97,106,114,160,178,204,238,240
25:5,14,202,47,56,64,86,88,112,138,151,170,173,196,197,207
26:7,239,55,68,85,88,101,131,193
27:43,36,42,91,101,107,120,138,139,162,173,246,248
28:22,74,40,52,54,64,94,102,103,161,169,177,180,200,207,238
29:23,105,38,39,55,58,139,175,178,193,207
30:6,7,98,31,49,51,54,57,77,115,146,147,195,205
31:30,229,55,66,71,79,134,162,178,223,225,240
32:196,66,77,148,182,202,224,226
33:9,219,41,57,64,96,177,188,197,246
34:11,16,82,63,90,137,181,207
35:8,40,39,79,87,95,136,150,205,211
36:27,61,67,72,130,147,236
37:1,5,233,62,128,146,156,164,167,218,234,249
38:29,148,75,76,97,99,107,118,160,198,209,214,239
39:3,11,29,35,76,57,62,120,147,149,154,160,170,215,224
40:13,28,35,123,57,62,81,117,142,151,159,165,249
41:10,33,62,46,64,72,87,113,135,144,162,183,187,199,214,237
42:27,93,108,117,130,150,156,179,214,245
43:7,14,27,50,54,85,126,130,144
44:3,23,24,75,76,80,136,137,140,214,241
45:4,8,73,91,149,211
46:41,62,52,102,196,203,216,244,249
47:25,100,53,54,119,122,152
48:8,160,87,235,236
49:9,17,23,30,197,83,84,107,169,207,209,227,230
50:17,43,174,70,78,110,114,138,160,178,187
51:0,3,7,9,30,204,62,102,107,112,127,133,159,201,238,240
52:5,9,10,28,46,237,85,88,108,109,118,135,145,154,223,236
53:3,17,47,184,82,89,115,126,186,192,203,223
54:8,28,30,43,47,112,62,63,93,113,120,121,164,207
55:26,29,31,223,72,146,160,162,169,172,177,211,212,215,218
56:25,198,115,120,151,240
57:1,4,30,33,39,40,121,68,90,114,129,172,177,187,188,215,240
58:0,29,79,75,102,108,122,124,153,181,198,221
59:17,18,246,120,123,125,127,142,144,176
60:1,6,24,232,87,105,117,162,198,240,241
61:36,163,72,77,86,140,167,174,247
62:19,37,39,40,41,46,51,54,131,106,150,198,246,249
63:15,20,22,34,54,199,77,95,99,113,163,164,198,204,211
64:25,28,33,41,119,84,103,197,209,219
65:16,223,91,147,151,166,196,205,206,216
66:1,21,31,32,215,90,94,106,116,130,152,163,169,195,198,237,238,242
67:21,36,138,70,176,186,209
68:11,19,21,26,57,153,96,99,102,122,123,125,164,198,242
69:236,70,81,86,100,134,145,164,181,221,222
70:9,16,50,67,69,124,88,96,107,118,120,122,157,237
71:31,191,81,89,124,126,133,137,157,159,208
72:36,41,55,61,225,122,131,144,151,158,184,185,206,233,235,236,239,245
73:0,45,138,82,105,124,153,161,171,193,225,229
74:2,3,17,28,180,79,118,135,172,191,206,208,218,220,222,233,237
75:0,13,38,44,58,172,83,125,149,182,190
76:3,5,8,22,38,39,44,176,87,147,154,192,199,218,226
77:0,1,16,19,30,32,61,63,219,82,83,88,96,197,238
78:9,18,21,50,193,96,99,117,120,130,160,168,209,240
79:13,14,31,35,58,74,203,91,153,156,201,216,217,241
80:6,44,120,193,195,240
81:6,40,69,71,167,94,95,126,189,203,227
82:34,53,73,77,151,126,159
83:0,4,8,49,75,77,225,127,137,166,223
84:49,64,197,127,133,153,220,221,226,245
85:0,26,43,52,162,114,126,209,227
86:8,25,61,69,131,91,97,123,150,169,174,193,201,208,233
87:8,17,35,41,48,60,76,234,91,127,146,156,160,161,167,175,193,207,209
88:3,25,26,52,70,77,112,111,138,144,154,195,203,215,236
89:15,53,71,221,128,154,186,205,206,224
90:34,57,66,170,93,160,162,163,165,202,239
91:21,27,45,65,79,86,87,123,97,149,187,237,239
92:22,24,112,110,129,180
93:42,54,90,226,98,145,175,212,229
94:28,66,81,173,98,115,188,207,244,246
95:21,35,63,81,116,142,168,172,179,190,215,223,228,249
96:14,33,68,70,77,78,134,115,120,156,170,197,233,234
97:16,24,38,86,91,240,113,140,152,212,232,235,244
98:6,22,30,93,94,128,169,187,195,210,227
99:4,16,38,63,68,78,164,111,121,143,175,196,212,233,240,243,245
100:7,47,69,226,215
101:7,26,27,146,119,122,149,161,225
102:5,28,46,51,58,68,152,103,126,147,168,169,214,227
103:28,64,102,175,127,128,156,174,185,188,214,230,239
104:233,110,121,135,153,157,169,175,237
105:17,29,60,73,154,118,129,157,165,171,174,201,229
106:5,24,62,66,182,138,151,154,155,168,178,187,203,213,214,234
107:27,38,49,51,70,226,122,162,201,202,234,241
108:42,52,58,234,142,182,208,221,245
109:16,52,232,136,139,147,154,155,194,204
110:21,50,92,104,213,198,221,228,230
111:12,88,99,199,125,136,168,220
112:25,51,54,88,92,172,169,199,207,215,225,229,232
113:41,54,63,97,247,135,167,202
114:13,24,50,57,85,140,143,168,176,203,206,226
115:7,12,22,30,53,56,94,96,167,120,137,187,196,209,221
116:5,17,66,95,174,119,180,203
117:3,8,40,42,60,78,228,129,132,133,141,161,210
118:38,52,70,74,105,208,141,153,173,179,187,193,249
119:47,64,101,116,188,131,164,180,196,198,232,237
120:1,9,27,39,54,56,59,70,78,80,96,115,140,159,184,226
121:4,17,18,54,57,99,104,237,137,149,161,189,211,215,229,243
122:5,19,47,58,68,70,72,101,107,173,127,129,131,145,162,202,232
123:17,22,40,59,68,86,91,196,138,161,163,174,202,205,235
124:1,3,58,70,71,73,239,134,166,175,227
125:11,59,68,75,111,172,145,157,167,189,195,197,201,203,204,225,240,241
126:14,43,53,71,81,82,85,102,227,164,189,194,199,208,238
127:16,51,59,83,84,87,103,122,178,169,172,198,239
128:37,89,98,103,219,173,203,241
129:5,6,57,92,105,117,122,224,147,159,170,174,187,212,213
130:36,42,43,66,78,145,159,165,199,211
131:10,23,26,62,72,86,119,122,232,141,145,208,226,234,243
132:117,248,173,200,207,221,233,238,246
133:3,10,18,21,24,51,71,84,117,229,155,156,173,180,195
134:2,9,31,69,96,124,166,138,164,177,222
135:9,16,41,52,74,104,113,214,136,141,164,242
136:35,44,109,111,135,221,138,168,185
137:9,22,34,44,71,83,115,121,197,143,222,226
138:5,25,27,50,67,73,88,106,123,134,136,148,213,229
139:21,27,29,109,216,169,236,244
140:20,44,61,97,114,120,241,170,247
141:117,118,131,135,162,188,194,196,210,224,226
142:3,10,19,20,40,59,95,108,153,169,170,242
143:18,19,99,114,137,153,220,227,239
144:41,43,59,72,88,211,150,151,171,184,200,202,238,240
145:14,19,52,69,93,122,125,130,131,228,185,203,238,244
146:7,13,30,37,55,87,101,215,157,178,184,216,231
147:0,6,30,36,39,65,76,102,109,129,164,167,201,224
148:32,38,138,212,188,194,199,234
149:19,21,39,45,75,91,101,121,153,241
150:2,5,11,35,42,62,86,144,236,172,181
151:25,40,56,65,72,82,106,144,209,163,185,213,218,239
152:15,47,66,97,102,232,170,177,180,183,203,209,224,240,247
153:4,58,68,73,79,84,104,118,142,143,149,182,158,198,202
154:39,52,76,88,89,105,106,109,238,166,211,223,227,244
155:106,109,133,161,170,171,245
156:37,42,79,87,96,103,133,241,212,217,219,220
157:5,13,70,71,104,105,125,146,206,191,222,241
158:11,72,153,206,177
159:11,18,19,40,51,71,82,120,129,130,226,186,223,227,238,249
160:16,20,24,38,39,48,50,55,78,87,90,164,174,214,236,238
161:21,28,73,87,101,117,121,123,155,230,194,206,212
162:12,20,27,31,41,55,60,85,90,107,122,141,239,186,211,214
163:61,63,66,90,123,151,213,174,214
164:37,54,63,68,69,99,119,126,134,135,147,160,235,185,225,237,238,245
165:4,40,90,105,130,210,175,199,204
166:21,65,83,124,134,154,199,179,183,209,248
167:37,61,81,87,113,115,125,147,246,169,189,193,194,203,218
168:9,11,78,95,102,106,111,114,136,209,185,208,225,245
169:16,28,49,55,66,86,98,102,104,112,127,139,142,167,205,191,208,235
170:9,16,25,39,90,96,129,140,142,152,155,182,172,192,248
171:1,73,105,144,155,185,207
172:21,55,57,74,75,95,112,125,127,150,170,244,203,233,234
173:6,25,27,94,118,122,128,132,133,210,199,228,246
174:50,61,86,103,105,116,123,129,160,163,177,175,182,204,233,241,242,243,247
175:5,29,87,93,99,103,104,124,165,174,198,230,232,237,245
176:59,67,76,114,193,183,207,215,235
177:8,28,33,55,57,134,152,158,174,200,185,224,248
178:2,24,29,31,50,106,127,146,198,227
179:42,95,118,166,219,192,222,246,248
180:28,74,92,116,119,133,152,220,200,228
181:15,34,58,69,150,226,219,228
182:32,75,106,108,153,170,174,224,189,196,213
183:41,152,166,176,195,202,205,208,221,228,232,241
184:7,53,72,120,144,146,237,192,202,205,206,210,242
185:72,103,136,145,151,164,168,171,177,222,197,225
186:2,10,19,53,67,89,159,162,201,188,189,205,235
187:12,22,41,50,57,91,98,106,115,118,129,240,198
188:11,22,33,57,94,103,119,141,148,186,249,189,235
189:5,18,21,81,121,125,126,167,182,186,188,193,191,219,220
190:5,75,95,196,234
191:71,74,157,169,189,242,194,218
192:4,11,18,22,53,76,170,179,184,212
193:6,26,29,73,78,80,86,87,118,167,176,189,196,217,237,241
194:0,12,17,109,126,141,148,161,167,191,202,212,214,239,242
195:18,30,66,80,88,98,125,133,183,235,215,245
196:10,25,32,46,65,99,115,119,123,141,182,190,193,234,204
197:5,25,33,49,64,77,84,96,125,137,185,247,199,228,235,248
198:38,56,58,60,62,63,66,68,110,119,127,153,175,178,187,209,208,211,214,218,220,229,247,248
199:2,4,8,41,63,76,111,112,126,130,148,165,166,173,197,222,228,234
200:15,28,132,144,177,180,217
201:17,51,79,86,105,107,125,147,186,213
202:20,25,32,90,107,113,122,123,144,153,183,184,194,243
203:18,46,53,79,81,88,106,114,116,125,128,145,152,167,172,248,206,215,221,228,232
204:24,51,63,109,125,165,174,196,233,208,216
205:7,30,35,65,89,123,169,183,184,186,216,217,220,246
206:18,21,65,72,74,89,114,157,158,161,184,203,213,221,224,229,238
207:25,28,29,34,49,54,87,94,112,132,171,176,241,226,230,233,234
208:71,74,86,108,118,126,131,168,169,183,198,204,232,215,242
209:4,38,49,64,67,78,85,87,115,151,152,166,168,198,230,213,219,225
210:98,117,141,165,173,184,217
211:13,14,16,35,45,55,63,121,130,144,154,162,198,234,238
212:20,55,93,97,99,129,148,156,161,192,194,239
213:14,106,110,129,138,151,163,182,201,206,209,242
214:38,41,42,44,102,103,106,135,160,162,163,194,198,223,231
215:39,55,57,66,88,95,100,112,121,146,176,195,203,208,235
216:8,46,65,79,139,146,204,205,234,244
217:10,79,156,193,200,205,210,223,238
218:37,55,74,76,151,167,191,198,231,240,248
219:33,64,77,128,156,179,181,189,209,247
220:17,74,84,111,143,156,180,189,198,205,230,236
221:3,58,69,84,89,108,110,115,132,136,183,203,206,248,225,232,239
222:0,69,74,134,137,157,179,185,199,227,232
223:22,31,52,53,55,65,83,95,154,159,214,217,245
224:2,5,32,39,89,129,141,147,152,177,182,206,230,236
225:7,13,20,31,72,73,83,101,112,125,164,168,185,209,221,235,232
226:32,76,84,93,100,107,114,120,131,137,141,159,181,207,243,232,240,241
227:49,81,85,98,102,124,126,143,154,159,178,222,232,239
228:1,12,95,110,117,145,173,180,181,183,197,199,203,235
229:6,8,31,73,93,105,112,121,133,138,198,206,230
230:49,103,110,161,175,207,209,220,224,229,233
231:14,146,214,218,235,249
232:5,60,97,109,112,119,122,131,152,175,183,203,208,221,222,225,226,227,239
233:37,72,74,86,96,99,104,132,172,174,204,207,230,235
234:20,37,87,96,106,107,108,131,148,172,190,196,199,207,211,216,237,242,246,249
235:48,72,97,123,164,169,176,186,188,195,197,215,225,228,231,233,243,236
236:12,19,36,48,52,69,72,88,139,150,160,220,224,235,238
237:41,52,66,70,74,91,104,119,121,164,175,184,193,234,240,238
238:15,16,24,28,51,66,77,126,132,144,145,154,159,160,164,206,211,217,236,237,239
239:26,38,72,90,91,103,124,127,143,151,162,194,212,221,227,232,238,242
240:0,24,31,51,56,57,60,78,80,97,99,125,144,152,187,218,226,237,248
241:1,44,60,79,107,125,128,140,149,156,157,174,183,193,207,226,249,248
242:3,5,13,22,66,68,135,142,174,184,191,194,208,213,234,239,247
243:1,9,99,121,131,174,202,226,235,249
244:5,17,46,94,97,139,145,154,172,216,247
245:22,42,72,84,99,108,155,164,168,175,195,223,247
246:4,11,13,27,33,59,62,94,132,167,173,179,205,234,247
247:61,113,140,152,174,197,198,219,242,244,245,246,248
248:0,2,27,132,166,170,177,179,197,198,203,218,221,240,241,247,249
249:37,40,46,62,95,118,159,188,231,234,241,243,248
