0:144,94
1:198,15,43,96,164
2:42,23,64
3:162,7,56,133,134
4:195,96,219
5:175,60,144
6:54,46,95
7:3,98,8,9,137,193,206
8:7,185,40
9:7,103,178,190,208
10:114,40,100,147,152,168,185,202
11:91,205
12:20,76,82,181
13:110,60,145,161
14:69,24,38,208
15:1,22,34,43
16:66,17,144
17:16,138,56,79,122,136
18:89,36,60,144,172,199,204
19:131,42,112
20:12,108,38,154,165,211
21:146,181
22:15,34,65,68,131,184
23:2,151,56,75,78,203,216
24:14,87,25,75,121
25:24,58,29,55
26:216,109,117,167
27:123,194
28:164,107
29:25,59,56,126,170,200
30:179,95,169
31:35,56,138,180,207
32:92,145
33:199,76,167,179
34:15,22,71,214,215
35:31,77,85,96,111,183
36:18,62,76
37:193,103,217
38:14,20,154,64,95,162,196
39:73,45,110,153,188,192
40:8,10,74,153,173
41:44,68,70
42:2,19,134,90,186
43:1,15,211,57,166,204
44:41,59,154,177
45:39,46,100,161,197
46:6,45,165,74,144,182
47:163,76,111
48:190,171
49:73,96
50:176,54,74,129
51:107,123,124,176,218
52:79,63,105,122
53:168,78,117,178
54:6,50,202,133,163,189
55:25,196,57,113,145
56:3,17,23,29,31,174
57:43,55,203,69,81,117
58:25,86,92
59:29,44,134
60:5,13,18,99,82
61:121,75,137,198
62:36,114,167
63:52,164,180,196
64:2,38,89,80,126,202
65:22,204,148,189
66:16,144,76,96,111,156,202
67:143,74,79,105
68:22,41,134,104,105,151,154,200
69:14,57,213
70:41,122,93,135,155
71:34,150,99,139,164,165,190
72:198,187
73:39,49,174,217
74:40,46,50,67,167,100
75:23,24,61,155,104,197
76:12,33,36,47,66,159,104,161
77:35,110,107,168
78:23,53,140,87
79:17,52,67,169,136,191,206
80:64,140,128,154,158
81:57,99
82:12,60,162,101
83:129,197
84:113,90,97,133,189
85:35,92,155,201,207
86:58,189,160
87:24,78,136
88:212,171,179,203
89:18,64,145,119,187
90:42,84,94,157
91:11,94
92:32,58,85,191,110
93:70,156
94:0,90,91,143,95
95:6,30,38,94,120,135,142,192,215
96:1,4,35,49,66,107,120,127
97:84,180,98,158,206,215
98:7,97,173,181,192
99:60,71,81,191,183,184
100:10,45,74,102,144
101:82,161,122,186
102:100,169,132,144,193
103:9,37,177,104
104:68,75,76,103,205,219
105:52,67,68,129,107,169,179,190,194
106:129,193
107:28,51,77,96,105,141,185,191
108:20,130,142,178,196
109:26,123
110:13,39,77,92,129,125,191,206
111:35,47,66,121,193,212
112:19,181,120,134,156
113:55,84,121,185,210
114:10,62,152,121
115:169,124,201,207
116:145,135
117:26,53,57,202,148,167,185,214
118:153,154,164,184,187
119:89,134,161,215
120:95,96,112,197,124,162,179
121:24,61,111,113,114,156,125,208
122:17,52,70,101,147
123:27,51,109,159,156,175,201
124:51,115,120,219,147
125:110,121,194,138,139,213,214
126:29,64,167,177
127:96,158,132,201
128:80,198,129,171
129:50,83,105,106,110,128,192,145,202
130:108,151,147
131:19,22,164
132:102,127,150
133:3,54,84,214
134:3,42,59,68,112,119,202,148
135:70,95,116,142,194
136:17,79,87,183
137:7,61,196,146,189,208,212
138:17,31,125,153,148
139:71,125,178
140:78,80,207,152,162,188
141:107,215,149,186
142:95,108,135,150,178
143:67,94,151,190,208,216
144:0,5,16,18,46,66,100,102,200
145:13,32,55,89,116,129,212,210
146:21,137,214,147,152,163
147:10,122,124,130,146,190,149,154
148:65,117,134,138,200,182,218
149:141,147,205
150:71,132,142,178
151:23,68,130,143,160,175
152:10,114,140,146,179,156,168
153:39,40,118,138,163
154:20,38,44,68,80,118,147,177,219
155:70,75,85,186
156:66,93,112,121,123,152,164
157:90,188
158:80,97,127,207,197,214
159:76,123,175
160:86,151,199
161:13,45,76,101,119,171,174,177
162:3,38,82,120,140,189
163:47,54,146,153,186,175
164:1,28,63,71,118,131,156,210,168
165:20,46,71,175
166:43,217,190,202
167:26,33,62,74,117,126,187
168:10,53,77,152,164,169
169:30,79,102,105,115,168,185,197,209,212
170:29,207,209
171:48,88,128,161,172,188
172:18,171,187,179,203
173:40,98,177,213
174:56,73,161,211
175:5,123,151,159,163,165,202
176:50,51,190
177:44,103,126,154,161,173,182
178:9,53,108,139,142,150,195
179:30,33,88,105,120,152,172,186
180:31,63,97,202,182
181:12,21,98,112,205,197
182:46,148,177,180,190
183:35,99,136,188
184:22,99,118,214
185:8,10,107,113,117,169,191
186:42,101,141,155,163,179,210
187:72,89,118,167,172,193
188:39,140,157,171,183,195
189:54,65,84,86,137,162,190,204,207
190:9,48,71,105,143,147,166,176,182,189,208,196
191:79,92,99,107,110,185,209,200
192:39,95,98,129,207
193:7,37,102,106,111,187,203
194:27,105,125,135,218,198,210
195:4,178,188,216
196:38,55,63,108,137,190,198
197:45,75,83,120,158,169,181,211
198:1,61,72,128,194,196,205
199:18,33,160,214
200:29,68,144,148,191,203
201:85,115,123,127,217
202:10,54,64,66,117,129,134,166,175,180,217
203:23,57,88,172,193,200,206
204:18,43,65,189,206
205:11,104,149,181,198,216
206:7,79,97,110,203,204,217
207:31,85,115,140,158,170,189,192,217
208:9,14,121,137,143,190,212
209:169,170,191,211
210:113,145,164,186,194,218
211:20,43,174,197,209,214
212:88,111,137,145,169,208,217
213:69,125,173,215
214:34,117,125,133,146,158,184,199,211,217
215:34,95,97,119,141,213,219
216:23,26,143,195,205,218,219
217:37,73,166,201,202,206,207,212,214,218
218:51,148,194,210,216,217,219
219:4,104,124,154,215,216,218
