0:218,6,19,33,44,59,69,89,92,94,105,106,123,139,146,156,162,195,228,229,254,256,276
1:225,4,13,22,36,42,43,70,86,95,113,122,129,140,146,159,164,165,173,179,186,191,192,204,206,216,236,245,247,250,252,271
2:28,7,8,19,25,48,53,56,60,63,81,85,89,90,93,138,141,168,187,193,198,205,210,235,243,248,258,270
3:134,17,32,33,39,42,46,57,64,71,72,73,82,96,110,124,126,143,151,159,173,190,194,201,208,213,217,239,265
4:1,154,18,45,51,52,58,81,89,118,127,150,160,181,192,205,211,237,250,252,271,274
5:180,9,11,22,82,87,97,98,106,117,132,140,145,192,195,202,204,209,213,221,222,235,243,255,273
6:0,78,8,13,17,25,28,29,30,32,36,37,46,55,64,66,81,117,142,155,166,169,183,193,208,235,242,247,255,256,267,273
7:2,91,21,27,66,71,85,92,96,97,114,120,121,125,134,159,162,164,185,202,213,215,235,237,247,278
8:2,6,140,21,50,53,84,86,92,127,131,146,147,161,162,176,182,192,200,210,228,230,232,258,264,272,274
9:5,248,14,15,36,54,55,58,61,72,74,75,76,94,102,103,110,125,129,140,147,151,157,177,188,200,214,236,239,257,258,268
10:141,13,20,29,45,56,66,68,98,125,132,153,157,161,167,184,185,197,207,210,213,227,238,272,275
11:5,237,18,26,32,45,50,55,57,64,73,80,88,91,96,105,109,115,116,130,160,166,178,191,193,205,217,218,224,231,233,245,250,262,269
12:237,25,44,62,88,90,91,95,105,111,113,126,131,158,165,180,183,196,213,217,222,249,252,264,267,274,278
13:1,6,10,102,15,34,36,44,68,73,103,108,111,146,150,158,164,165,178,188,190,192,200,214,273,279
14:9,181,25,31,36,37,42,46,76,79,92,109,118,125,131,134,171,187,199,208,221,244,251,262
15:9,13,144,31,42,54,65,66,71,86,118,122,126,128,151,155,158,168,175,180,199,215,220,235,255,265,269,271,274,277
16:270,25,51,63,68,73,78,92,101,132,137,141,157,158,169,187,200,204,206,219,229,236,250,252,253,258,262,266,271
17:3,6,178,23,48,52,74,81,104,109,114,125,127,137,169,174,179,182,184,189,195,204,224,248,249,257,272
18:4,11,22,31,40,61,82,87,90,91,93,98,112,125,127,131,134,135,140,144,150,152,153,231,232,249,259
19:0,2,238,28,37,46,79,92,94,100,114,121,132,133,157,274
20:10,143,22,27,30,39,67,73,77,90,124,125,136,155,170,180,184,198,210,216,236,278
21:7,8,45,33,35,37,39,49,60,66,83,93,105,109,125,142,152,169,171,187,190,197,202,207,209,235,245,251,258
22:1,5,18,20,162,24,40,55,70,75,78,97,132,136,138,153,158,169,189,196,199,240,245,251,252,269
23:17,279,41,42,52,55,57,58,60,67,71,75,90,106,114,123,130,136,144,165,178,188,211,231,237,238,254,270
24:22,188,25,68,72,73,78,80,113,123,132,146,167,168,189,199,211,238,247,248,250,254
25:2,6,12,14,16,24,39,41,44,65,72,76,92,114,137,140,148,157,172,182,195,196,200,201,230,233,241,243,249,251,253,258,259,261,266,268
26:11,188,29,32,55,56,58,70,88,106,119,136,160,221,233,240,244,246,257,274,275
27:7,20,133,37,44,60,66,73,76,79,122,150,157,164,170,199,201,203,211,212,219,236,262,269
28:2,6,19,36,41,45,46,51,55,59,63,77,87,88,89,91,119,122,123,127,128,149,170,174,184,190,211,241,244,260
29:6,10,26,249,33,42,45,62,117,138,148,191,194,197,228,243,246,250,252,262,277
30:6,20,97,37,43,46,60,89,115,124,130,135,167,171,179,217,220,236,268,277,279
31:14,15,18,233,39,42,43,46,48,57,66,68,84,102,109,113,116,121,123,137,139,142,144,150,161,185,189,192,210,212,215,218,222,224,232,237,241,249,255,261,262,269,271,274
32:3,6,11,26,76,41,48,52,62,67,68,97,114,120,121,125,137,139,140,143,144,155,161,180,206,207,212,231,232,234,271
33:0,3,21,29,176,44,57,58,64,67,74,80,87,92,94,101,137,145,165,169,185,200,219,225,229,246,249,267,268
34:13,274,54,62,67,68,76,80,81,87,126,139,149,154,167,175,183,206,207,214,217,223,224,226,230,238,244,254,263,270,273,278
35:21,228,51,57,59,70,77,83,92,100,102,113,130,132,133,139,152,174,183,189,192,210,239,243,245,246,253,255,258,261,266
36:1,6,9,13,14,28,125,52,53,57,74,96,103,108,114,117,124,127,135,148,151,180,198,207,217,260,266,273,275
37:6,14,19,21,27,30,239,38,45,65,73,91,100,103,132,150,154,171,189,241,243,258
38:37,66,62,63,65,72,74,76,78,79,91,98,102,112,116,128,129,139,142,153,165,186,192,195,202,209,211,217,232,234,247,274
39:3,20,21,25,31,57,56,67,72,75,76,78,86,135,141,174,182,188,256,261
40:18,22,195,47,53,63,65,75,97,98,105,142,174,185,192,198,204,221,225,226,228,232,240,242,248,259,261,272,278
41:23,25,28,32,161,72,92,97,186,197,209,214,225,226,231,243,248,254,260,279
42:1,3,14,15,23,29,31,98,50,68,80,85,92,114,121,154,157,183,186,197,199,223,226,233,239,240,263,269
43:1,30,31,222,46,52,57,88,98,110,113,120,128,138,145,151,182,185,220,226,229,252,277
44:0,12,13,25,27,33,49,51,58,79,112,120,132,134,142,143,153,162,174,182,190,199,201,206,211,227,231,254,276
45:4,10,11,21,28,29,37,161,59,65,77,78,79,103,118,119,127,132,138,141,153,167,195,211,238,244,250,258,278
46:3,6,14,19,28,30,31,43,106,49,54,72,79,82,90,91,105,112,122,141,146,147,167,178,208,220,230,245,267
47:40,115,54,55,77,82,83,100,103,109,117,125,154,157,174,180,181,227,229,278
48:2,17,31,32,175,49,52,54,56,75,91,99,123,125,139,141,187,195,211,219,231,233,237,246,248,259,265,273,274,279
49:21,44,46,48,52,53,70,94,125,129,167,180,183,184,191,202,209,213,221,263,276,278
50:8,11,42,177,65,74,77,90,96,97,110,114,117,126,153,174,196,199,206,230,232,240,253,255,263,271,276,277
51:4,16,28,35,44,125,63,73,77,78,89,94,96,145,155,164,172,183,191,193,200,219,232,235,254,264,265,276,278
52:4,17,23,32,36,43,48,49,270,58,61,71,90,91,105,129,134,143,153,171,180,195,199,207,215,227,228,269,278
53:2,8,36,40,49,269,60,61,63,73,80,95,109,116,145,146,157,169,182,190,203,211,212,214,216,223,227,241,255,256,259,266
54:9,15,34,46,47,48,229,57,78,81,97,112,117,169,178,207,221,231,245,264,273
55:6,9,11,22,23,26,28,47,240,63,78,96,104,108,111,112,119,122,135,148,153,181,191,195,198,228,246,256,260,266
56:2,10,26,39,48,167,73,75,76,90,106,109,114,146,193,213,219,226,230,249,265
57:3,11,23,31,33,35,36,39,43,54,114,63,64,101,106,122,129,138,151,170,175,179,197,202,215,219,227,231,239,247,254,265
58:4,9,23,26,33,44,52,193,63,66,85,86,94,112,116,122,133,148,149,155,165,172,196,233,258,261,262
59:0,28,35,45,70,68,105,106,112,114,134,142,148,169,173,184,189,191,229,236,247,249,260,270
60:2,21,23,27,30,53,221,114,120,131,136,149,158,183,190,203,223,234,245,254,257,262
61:9,18,52,53,237,78,91,94,97,101,116,154,172,180,182,193,205,213,217,224,229,246,255,261,266,274,279
62:12,29,32,34,38,124,66,71,85,102,103,106,107,126,143,152,188,213,214,218,229,252,274,275
63:2,16,28,38,40,51,53,55,57,58,230,69,80,103,125,131,152,157,163,169,175,202,205,216,223,233,238,245,253,256,263,266,274
64:3,6,11,33,57,186,71,73,81,95,104,116,122,123,126,144,153,162,195,201,202,210,224,230,247,272,273
65:15,25,37,38,40,45,50,241,72,80,81,83,87,134,146,161,197,210,212,215,223,228,232,236,247,248,257,261,262,264,277
66:6,7,10,15,21,27,31,38,58,62,109,69,78,80,88,96,111,118,147,154,161,172,185,189,191,196,208,230,250,257,269,276
67:20,23,32,33,34,39,102,68,70,104,109,113,117,133,134,145,154,160,163,177,178,192,199,216,224,234,244,250,256,262,268,269,277
68:10,13,16,24,31,32,34,42,59,67,180,72,76,81,83,84,93,94,96,98,100,134,135,161,165,199,223,226,251,272
69:0,63,66,85,144,149,169,182,184,191,202,221,236,242,248,255,275
70:1,22,26,35,49,59,67,116,81,93,109,117,121,133,137,148,154,174,179,205,215,218,223,236,246,256,260,263
71:3,7,15,23,52,62,64,75,84,91,97,105,126,128,145,146,152,154,155,158,189,198,209,214,217,233,237,248,253,267,270
72:3,9,24,25,38,39,41,46,65,68,233,95,110,111,122,129,161,164,165,170,172,176,180,183,188,190,199,210,214,235,237,241,252,261,267,273
73:3,11,13,16,20,24,27,37,51,53,56,64,172,76,88,90,92,94,100,105,110,112,119,143,151,163,209,213,214,237,241,253,254,260,263,271
74:9,17,33,36,38,50,253,96,97,105,106,110,129,143,147,159,165,173,176,180,182,218,232,264
75:9,22,23,39,40,48,56,71,224,81,87,89,95,98,100,105,108,117,142,161,212,221,222,231,240,241,243,274
76:9,14,25,27,32,34,38,39,56,68,73,209,77,78,84,94,111,114,119,135,146,149,154,161,163,168,175,211,218,234,235,249,254
77:20,28,35,45,47,50,51,76,176,81,85,89,94,109,116,128,133,136,144,180,183,197,206,215,243,257,261,271,277
78:6,16,22,24,38,39,45,51,54,55,61,66,76,101,80,99,104,108,110,117,121,128,133,136,143,171,174,213,225,226,234,245,256
79:14,19,27,38,44,45,46,134,83,86,117,119,136,159,178,193,196,201,209,213,223,227,245,273,278
80:11,24,33,34,42,53,63,65,66,78,263,83,93,98,124,133,135,137,138,156,165,168,169,172,176,188,209,213,218,219,224,233,234,248,256,262,279
81:2,4,6,17,34,54,64,65,68,70,75,77,256,83,89,100,108,121,123,149,153,179,193,199,201,207,226,231,233,236,242,247,261,271,277
82:3,5,18,46,47,133,83,101,140,149,167,173,200,206,209,212,213,224,228,234,239,255
83:21,35,47,65,68,79,80,81,82,243,119,124,160,165,178,182,202,218,235,237,239,264,269,276,278
84:8,31,68,71,76,204,85,89,91,97,104,108,125,130,132,133,172,173,174,181,188,190,195,226,233,251,275
85:2,7,42,58,62,69,77,84,144,92,94,109,111,127,151,166,196,219,231,232,236,245,255,262,270
86:1,8,15,39,58,79,178,89,90,123,134,137,142,164,180,182,195,196,198,199,221,244,247,257,271,273
87:5,18,28,33,34,65,75,238,105,113,118,126,156,179,188,195,198,221,222,226
88:11,12,26,28,43,66,73,209,93,101,103,105,112,114,130,137,157,162,169,170,197,212,238
89:0,2,4,28,30,51,75,77,81,84,86,100,108,118,123,131,145,149,151,160,164,166,167,198,200,212,220,242,254,271,272,277
90:2,12,18,20,23,46,50,52,56,73,86,192,96,102,111,142,151,154,179,180,185,187,203,204,213,221,225,242,245,247,269,279
91:7,11,12,18,28,37,38,46,48,52,61,71,84,128,95,106,125,157,172,183,205,243,253
92:0,7,8,14,16,19,25,33,35,41,42,73,85,206,93,115,137,166,179,239,240,241,248,258,269,270,272,277
93:2,18,21,68,70,80,88,92,117,99,118,130,167,180,192,194,211,225,239,268,271
94:0,9,19,33,49,51,58,61,68,73,76,77,85,232,109,118,130,140,142,143,156,215,234,243,248,250,270
95:1,12,53,64,72,75,91,242,100,114,119,123,131,142,144,146,158,168,173,208,212,222,223,236,251,255
96:3,7,11,36,50,51,55,66,68,74,90,173,100,110,121,124,142,168,178,181,183,185,188,190,207,215,226,244,246,267,270,277,278
97:5,7,22,30,32,40,41,50,54,61,71,74,84,126,98,103,109,114,119,168,187,192,194,201,207,213,220,237,252,264,279
98:5,10,18,38,40,42,43,68,75,80,97,269,99,101,107,114,117,127,135,139,143,163,181,189,190,193,201,203,204,220,238,240,255,262,274
99:48,78,93,98,109,111,119,129,137,140,143,147,161,175,204,223,225,229,260
100:19,35,37,47,68,73,75,81,89,95,96,157,105,114,165,182,197,205,215,229,234,235,249,253,261,263,266
101:16,33,57,61,78,82,88,98,177,103,151,158,162,164,185,196,203,206,218,221,223,230,237,238,244,246,248,257
102:9,13,31,35,38,62,67,90,209,104,116,125,129,141,146,161,168,185,194,212,220,221,229,230
103:9,13,36,37,45,47,62,63,88,97,101,279,112,116,119,125,134,135,140,142,154,165,167,174,189,214,218,222,226,233,255,276
104:17,55,64,67,78,84,102,164,114,115,117,118,119,121,123,129,135,143,190,198,200,206,209,212,222,234,248,250,278
105:0,11,12,21,40,46,52,59,71,73,74,75,87,88,100,234,108,111,124,136,163,167,200,202,217,221,222,267,274
106:0,5,23,26,46,56,57,59,62,74,91,109,111,115,143,160,167,181,187,191,195,199,211,225,227,258,262,264,265,268
107:62,98,144,128,130,160,161,162,165,169,191,197,208,223,239,241,243,249,278
108:13,36,55,75,78,81,84,89,105,243,147,182,183,193,197,210,212,226,227,232,236,258,278
109:11,14,17,21,31,47,53,56,66,67,70,77,85,94,97,99,106,126,139,143,150,160,167,168,181,206,208,213,217,221,230,237,245,259
110:3,9,43,50,72,73,74,78,96,173,113,116,117,119,136,182,194,208,223,227,229,273
111:12,13,55,66,72,76,85,90,99,105,106,201,118,122,132,137,138,169,190,194,213,217,218,222,242,244,248,256,271,272,273
112:18,38,44,46,54,55,58,59,73,88,103,248,119,132,143,164,180,197,202,251,265
113:1,12,24,31,35,43,67,87,110,193,127,129,148,156,160,163,171,190,202,207,211,225,233,235,241,242,264,266,269
114:7,17,19,23,25,32,36,42,50,56,57,59,60,76,88,95,97,98,100,104,238,138,140,150,167,176,179,189,190,208,222,226,245,255,262,279
115:11,30,47,92,104,106,158,126,130,146,154,161,185,186,194,219,227,241,248,260,261,262
116:11,31,38,53,58,61,64,70,77,102,103,110,226,132,139,150,169,175,184,200,203,204,208,213,215,221,231,241,265,267,272
117:5,6,29,36,47,50,54,67,70,75,78,79,93,98,104,110,253,126,152,169,195,196,199,201,215,226,258,261,268
118:4,14,15,45,66,87,89,93,94,104,111,224,120,128,139,141,152,155,183,222,233,262
119:26,28,45,55,73,76,79,83,95,97,99,103,104,110,112,196,123,148,157,178,190,193,194,216,217,223,234,240,242,259,267,275
120:7,32,43,44,60,118,208,123,136,149,158,182,186,187,199,200,210,211,241,257,269
121:7,19,31,32,42,70,78,81,96,104,261,122,128,138,146,147,161,169,184,198,203,217,237,242,259
122:1,15,27,28,46,55,57,58,64,72,111,121,152,123,142,147,155,165,171,177,207,223,236,237,243,249
123:0,23,24,28,31,48,64,81,86,89,95,104,119,120,122,135,165,168,183,194,201,208,216,218,219,255,261,278
124:3,20,30,36,62,80,83,96,105,258,152,170,192,225,259
125:7,9,10,14,17,18,20,21,32,36,47,48,49,51,63,84,91,102,103,156,128,131,145,147,175,188,199,201,209,214,215,216,226,233,234,243,248,258
126:3,12,15,34,50,62,64,71,87,97,109,115,117,167,127,133,163,169,184,194,227,228,241,254
127:4,8,17,18,28,36,45,85,98,113,126,262,129,145,153,169,173,178,188,232,237,241,265,270,278
128:15,28,38,43,71,77,78,91,107,118,121,125,239,129,158,171,179,180,183,189,191,193,198,202,226,232,248,249,260
129:1,9,38,49,52,57,72,74,99,102,104,113,127,128,190,142,163,181,193,207,215,219,225,247,276
130:11,23,30,35,84,88,93,94,107,115,165,151,163,166,171,174,181,228,235,238,239,248,262,268
131:8,12,14,18,60,63,89,95,125,192,135,139,140,143,158,167,198,214,228,231,233,263,264,266,270,276
132:5,10,16,19,22,24,35,37,44,45,84,111,112,116,270,134,135,148,151,152,154,161,163,167,205,220,249,254,255,277,279
133:19,27,35,58,67,70,77,78,80,82,84,126,162,138,164,173,182,191,206,225,238,268,276,279
134:3,7,14,18,44,52,59,65,67,68,79,86,103,132,174,148,158,160,172,189,192,203,230,235,236,245,246,252,255,258,278
135:18,30,36,39,55,68,76,80,98,103,104,123,131,132,241,138,145,163,165,175,195,197,208,213,220,236,253,267
136:20,22,23,26,60,77,78,79,105,110,120,163,139,148,173,176,183,185,190,220,228,239,252,262,277
137:16,17,25,31,32,33,70,80,86,88,92,99,111,240,139,175,205,209,217,218,254,258,262,265
138:2,22,29,43,45,57,80,111,114,121,133,135,162,139,157,175,188,197,202,212,220,242,262,266,272
139:0,31,32,34,35,38,48,98,109,116,118,131,136,137,138,145,160,165,172,177,178,206,210,215,230,257,264
140:1,5,8,9,18,25,32,82,94,99,103,114,131,189,151,172,179,181,190,197,199,208,213,220,224,226,230,234,241,244,265,267,268
141:2,10,16,39,45,46,48,102,118,151,155,159,178,212,218,222,229,245,258,268,274,277
142:6,21,31,38,40,44,59,75,86,90,94,95,96,103,122,129,236,148,181,186,191,198,202,220,265
143:3,20,32,44,52,62,73,74,78,94,98,99,104,106,109,112,131,229,169,176,180,181,193,211,233,236,238,253,258,261
144:15,18,23,31,32,64,69,77,85,95,107,167,149,161,163,164,168,201,203,204,215,219,252,269
145:5,33,43,51,53,67,71,89,125,127,135,139,156,146,153,207,212,214,217,229,236,256,276
146:0,1,8,13,24,46,53,56,65,71,76,95,102,115,121,145,266,175,214,231,235,236
147:8,9,46,66,74,99,108,121,122,125,236,152,154,166,170,172,173,196,201,213,244,246,250,251,253
148:25,29,36,55,58,59,70,113,119,132,134,136,142,212,182,213,250,254,274,275
149:28,34,58,60,69,76,81,82,89,120,144,204,154,169,195,201,208,210,222,233,245,252,258,263,268,275
150:4,13,18,27,31,37,109,114,116,241,153,154,157,171,181,182,186,193,197,200,208,212,214,220,223,225,227,237,247,250,254,264
151:3,9,15,36,43,57,73,85,89,90,101,130,132,140,141,216,171,181,203,221,231,256,263
152:18,21,35,62,63,71,117,118,122,124,132,147,240,158,159,168,261
153:10,18,22,38,44,45,50,52,55,64,81,127,145,150,168,174,194,197,204,208,211,224,227,229,236,246,252,257,259,261,265,273,278
154:4,34,37,42,47,61,66,67,70,71,76,90,103,115,132,147,149,150,184,161,163,187,199,203,215,221,228,238,247,267,268
155:6,15,20,32,51,58,71,118,122,141,208,164,170,174,185,199,214,218,219,245,246,250
156:0,80,87,94,113,125,145,208,160,188,203,204,213,239,256,257,271
157:9,10,16,19,25,27,42,47,53,63,88,91,100,119,138,150,164,160,161,166,174,183,197,212,213,256,264,274
158:12,13,15,16,22,60,71,95,101,115,120,128,131,134,152,180,159,166,189,190,193,198,206,208,209,219,220,225,251
159:1,3,7,74,79,141,152,158,186,160,184,187,191,197,202,246,248,253,268
160:4,11,26,67,83,89,106,107,109,113,134,139,156,157,159,263,176,184,197,198,199,209,211,234,249,261,262,272
161:8,10,31,32,41,45,65,66,68,72,75,76,99,102,107,115,121,132,144,154,157,181,167,170,173,191,192,194,225,248,249,251
162:0,7,8,22,44,64,88,101,107,133,138,273,169,185,191,216,228,244,257,263,271
163:63,67,73,76,98,105,113,126,129,130,132,135,136,144,154,254,169,180,190,208,223,234,237,251,253,256
164:1,7,13,27,51,72,86,89,101,104,112,133,144,155,157,253,166,169,182,197,214,220,239,245,256,267
165:1,12,13,23,33,38,58,68,72,74,80,83,100,103,107,122,123,130,135,139,251,183,190,198,201,202,210,219,223,224,232,255,277
166:6,11,85,89,92,130,147,157,158,164,212,174,197,199,202,209,229,231,236,267,274
167:10,24,30,34,45,46,49,56,82,89,93,103,105,106,109,114,126,131,132,144,161,200,175,180,181,196,206,222,226,233,258,266
168:2,15,24,76,80,95,96,97,102,109,123,144,152,153,265,180,190,195,198,204,211,215,227,243,251,270
169:6,16,17,21,22,33,53,54,59,63,69,80,88,107,111,116,117,121,126,127,143,149,162,163,164,265,176,205,221,235,236,252,267
170:20,27,28,57,72,88,124,147,155,161,188,171,172,180,185,211,219,225,241,242,260,265,278,279
171:14,21,30,37,52,78,113,122,128,130,150,151,170,181,194,197,198,206,212,225,226,240,247,251,260,262,279
172:25,51,58,61,66,72,73,80,84,91,134,139,140,147,170,267,180,181,194,208,211,215,223,239,264
173:1,3,59,74,82,84,95,96,110,127,133,136,147,161,178,177,203,211,220,224,225,238,256,261,267,272
174:17,28,35,39,40,44,47,50,70,78,84,103,130,134,153,155,157,166,233,180,184,186,190,195,208,225,226,238,248,276
175:15,34,48,57,63,76,99,116,125,135,137,138,146,167,178,183,186,197,204,208,211,220,269,270,275
176:8,33,72,74,77,80,114,136,143,160,169,209,191,195,221,228,237,241,244,260,264,269,271,272,276
177:9,50,67,101,122,139,173,235,195,205,217,272,279
178:11,13,17,23,46,54,67,79,83,86,96,119,127,139,141,173,175,231,189,202,210,218,224,236,240,248,252,256,264,271,273,276
179:1,17,30,57,70,81,87,90,92,114,128,140,248,184,192,193,220,231,233,244,251,260,270
180:5,12,15,20,32,36,47,49,52,61,68,72,74,77,86,90,93,112,128,143,158,163,167,168,170,172,174,276,184,208,222,231,252,257,268,271
181:4,14,47,55,84,96,98,106,109,129,130,140,142,143,150,151,161,167,171,172,214,192,199,202,208,209,219,234,240,248,253,254,277
182:8,17,25,39,43,44,53,61,69,74,83,86,100,108,110,120,133,148,150,164,253,189,193,213,220,222,246,257,263,273,276
183:6,12,34,35,42,49,51,60,72,77,91,96,108,118,123,128,136,157,165,175,254,189,191,208,215,217,218,240,242,246,248,260,272
184:10,17,20,28,49,59,69,116,121,126,154,159,160,174,179,180,250,187,195,200,223,228,266
185:7,10,31,33,40,43,66,90,96,101,102,115,136,155,162,170,237,218,236,249,255,259,262,266,267,271,275,277
186:1,38,41,42,64,115,120,142,150,159,174,175,213,218,233,240,244,248,250,257,275
187:2,14,16,21,48,90,97,106,120,154,159,184,253,200,201,254,262,268
188:9,13,23,24,26,39,62,72,80,84,87,96,125,127,138,156,170,241,196,212,217,233,248,251,261,279
189:17,22,24,31,35,37,59,66,71,98,103,114,128,134,140,158,178,182,183,210,190,200,205,216,230,232,249,254,271,274
190:3,13,21,28,44,53,60,72,84,96,98,104,111,113,114,119,129,136,140,158,163,165,168,174,189,228,192,209,215,221,222,225,239,267,274,275,276
191:1,11,29,49,51,55,59,66,69,106,107,128,133,142,159,161,162,176,183,263,198,203,238,256,276,278
192:1,4,5,8,13,31,35,38,40,67,90,93,97,124,131,134,161,179,181,190,238,205,207,215,226,228,230,234,240,249,254,255,261,266
193:2,6,11,51,56,58,61,79,81,98,108,113,119,128,129,143,150,158,179,182,226,225,245,252,253,268,270
194:3,29,93,97,102,110,111,115,119,123,126,153,161,171,172,236,201,224,231,234,242,256,272
195:0,5,17,25,38,40,45,48,52,55,64,84,86,87,106,117,135,149,168,174,176,177,184,199,202,239,249,250,254,267,270,272,273,274
196:12,22,25,50,58,66,79,85,86,101,117,119,147,167,188,261,201,245,253,275,277
197:10,21,29,41,42,57,65,77,88,100,107,108,112,135,138,140,150,153,157,159,160,164,166,171,175,241,207,252,254
198:2,20,36,40,55,71,86,87,89,104,121,128,131,142,158,160,165,168,171,191,211,203,213,226,255
199:14,15,22,24,27,42,44,50,52,67,68,72,81,86,106,117,120,125,140,154,155,160,166,181,195,277,222,229,232,234,236,250,274
200:8,9,13,16,25,33,51,82,89,104,105,116,120,150,167,184,187,189,226,215,219,223,236,266
201:3,25,27,44,64,79,81,97,98,111,117,123,125,144,147,149,165,187,194,196,218,202,210,240,260,261
202:5,7,21,38,49,57,63,64,69,83,105,112,113,128,138,142,159,165,166,178,181,195,201,260,208,214,228,242,247,255,256,266,269,273
203:27,53,60,90,98,101,116,121,134,144,151,154,156,173,191,198,269,218,219,221,231,235,238,266
204:1,5,16,17,40,84,90,98,99,116,144,149,153,156,168,175,210,205,211,219,220,224,240,245,247,256,272
205:2,4,11,61,63,70,91,100,132,137,169,177,189,192,204,251,206,215,223,237,242,247,254,267
206:1,16,32,34,44,50,77,82,92,101,104,109,133,139,158,167,171,205,233,208,225,227,231,244,258,274
207:10,21,32,34,36,52,54,81,96,97,113,122,129,145,192,197,217,209,213,216,234,239,245,253,254
208:3,6,14,46,66,95,107,109,110,114,116,120,123,135,140,149,150,153,155,156,158,163,172,174,175,180,181,183,202,206,258,225,230,238,239,241,248,256
209:5,21,38,41,49,71,73,76,79,80,82,88,102,104,125,137,158,160,166,176,181,190,207,228,213,235,249,252,270
210:2,8,10,20,31,35,64,65,72,108,120,139,149,165,178,189,201,204,263,229,237,248,252,254,262,265,266,270,273,274
211:4,23,24,27,28,38,44,45,48,53,76,93,106,113,120,143,153,160,168,170,172,173,175,198,204,222,212,227,234,237,238,248,252,260,277
212:27,31,32,53,65,75,82,88,89,95,102,104,108,138,141,145,148,150,157,166,171,188,211,224,218,250,255,257
213:3,5,7,10,12,49,56,61,62,73,78,79,80,82,90,97,109,111,116,135,140,147,148,156,157,182,186,198,207,209,269,222,258
214:9,13,34,41,53,62,71,72,73,103,125,131,145,146,150,155,164,181,202,259,222,237,239,270,274,277
215:7,15,31,52,57,65,70,77,94,96,100,116,117,125,129,139,144,154,168,172,183,190,192,200,205,241,225,230,247,255
216:1,20,53,63,67,119,123,125,151,162,189,207,261,257,267
217:3,11,12,30,34,36,38,61,71,105,109,111,119,121,137,145,177,183,188,207,262,229,230,234,241,248,249
218:0,11,31,62,70,74,76,80,83,101,103,111,123,137,141,155,178,183,185,186,201,203,212,241,224,230,231,237
219:16,27,33,48,51,56,57,80,85,115,123,129,144,155,158,165,170,181,200,203,204,272,232,247,250,264,270,274
220:15,30,43,46,89,97,98,102,132,135,136,138,140,142,150,158,164,173,175,179,182,204,271,225,243,246,247,249,256,261
221:5,14,26,40,49,54,60,69,75,86,87,90,101,102,105,109,116,151,154,169,176,190,203,225,253,255,257,261
222:5,12,31,43,75,87,95,103,104,105,111,114,118,141,149,167,180,182,190,199,211,213,214,258,223,233,253,266
223:34,42,53,60,63,65,68,70,79,95,99,101,107,110,119,122,150,163,165,172,184,200,205,222,265,225,238,257,264,267,270,277
224:11,17,31,34,61,64,67,75,80,82,118,140,153,165,173,178,194,204,212,218,271,230,237,238,242,264,265,270,272
225:1,33,40,41,78,90,93,99,106,113,124,129,133,150,158,161,170,171,173,174,190,193,206,208,215,220,221,223,251,232,259,264,271,276
226:34,40,41,42,43,56,68,78,81,84,87,96,103,108,114,116,117,125,128,140,167,171,174,192,193,198,200,243,228,234,245
227:10,44,47,52,53,57,79,106,108,110,115,126,150,153,168,206,211,254,231,233,242,258,267
228:0,8,29,35,40,52,55,65,82,126,130,131,136,154,162,176,184,190,192,202,209,226,237,233,251,258,271,273
229:0,16,33,43,47,54,59,61,62,99,100,102,110,141,143,145,153,166,199,210,217,230,240,245,252,260,271,278
230:8,25,34,46,50,56,63,64,66,101,102,109,134,139,140,189,192,208,215,217,218,224,229,254,233,235,243,263,274
231:11,18,23,32,41,44,48,54,57,75,81,85,116,131,146,151,166,178,179,180,194,203,206,218,227,252,243,261,270,279
232:8,18,31,32,38,40,50,51,65,74,85,94,108,127,128,165,189,199,219,225,247,237,239,244,252,270
233:11,25,26,31,42,48,58,63,71,72,80,81,84,103,113,118,125,131,143,149,167,174,179,186,188,206,222,227,228,230,271,236,238,249,250
234:32,38,60,67,76,78,80,82,94,100,104,105,119,125,140,160,163,181,192,194,199,207,211,217,226,259,235,250,251,260,261,264,265
235:2,5,6,7,15,21,51,72,76,83,100,113,130,134,146,169,177,203,209,230,234,263,251
236:1,9,16,20,27,30,59,65,69,70,81,85,95,108,122,134,135,142,143,145,146,147,153,166,169,178,185,194,199,200,233,246,254,267
237:4,7,11,12,23,31,48,61,71,72,73,83,97,101,109,121,122,127,150,163,176,185,205,210,211,214,218,224,228,232,253,242,252,260,261,264
238:10,19,23,24,34,45,63,87,88,98,101,114,130,133,143,154,173,174,191,192,203,208,211,223,224,233,242
239:3,9,35,37,42,57,82,83,92,93,107,128,130,136,156,164,172,190,195,207,208,214,232,274,241,265,266
240:22,26,40,42,50,55,75,92,98,119,137,152,171,178,181,183,186,192,201,204,229,262,242,249,252,257,274
241:25,28,31,37,53,65,72,73,75,92,107,113,115,116,120,126,127,135,140,150,170,176,188,197,208,215,217,218,239,265,257,274
242:6,40,69,81,89,90,95,111,113,119,121,138,170,183,194,202,205,224,227,237,238,240,273,249,259,263,265,266,267,274
243:2,5,25,29,35,37,41,75,77,83,91,94,107,108,122,125,168,220,226,230,231,257,244,252,253,255,263
244:14,26,28,34,45,67,86,96,101,111,140,147,162,176,179,186,206,232,243,259,248,254,257,266
245:1,11,21,22,35,46,54,60,63,78,79,85,90,109,114,134,141,149,155,164,193,196,204,207,226,229,248,275
246:26,29,33,35,48,55,61,70,96,101,134,147,153,155,159,182,183,220,236,261,259
247:1,6,7,24,38,57,59,64,65,81,86,90,129,150,154,171,202,204,205,215,219,220,232,248,276,279
248:2,9,17,24,40,41,48,65,69,71,80,92,94,101,104,111,112,115,125,128,130,159,161,174,178,179,181,183,186,188,208,210,211,217,244,245,247,271,256
249:12,17,18,25,29,31,33,56,59,76,100,107,122,128,132,160,161,185,189,192,195,209,217,220,233,240,242,259,256,261,274,278
250:1,4,11,16,24,29,45,66,67,94,104,147,148,150,155,184,186,195,199,212,219,233,234,264,261,266,278
251:14,21,22,25,68,84,95,112,147,158,161,163,165,168,171,179,188,205,225,228,234,235,259,260,277
252:1,4,12,16,22,29,43,62,72,97,134,136,144,149,153,169,178,180,193,197,209,210,211,229,231,232,237,240,243,275,254,269
253:16,25,35,50,63,71,73,74,91,100,117,135,143,147,159,163,164,181,182,187,193,196,207,221,222,237,243,274,265,266
254:0,23,24,34,41,44,51,57,60,73,76,89,126,132,137,148,150,163,181,183,187,189,192,195,197,205,207,210,227,230,236,244,252,262,271,276
255:5,6,15,31,35,50,53,61,69,82,85,95,98,103,114,123,132,134,165,185,192,198,202,212,215,221,243,268,266,267
256:0,6,39,53,55,63,67,70,78,80,81,111,145,151,156,157,163,164,173,178,191,194,202,204,208,220,248,249,274,275,279
257:9,17,26,60,65,66,77,86,101,120,139,153,156,162,180,182,186,212,216,221,223,240,241,243,244,269,263,267,275
258:2,8,9,16,21,25,35,37,45,58,92,106,108,117,124,125,134,137,141,143,149,167,206,208,213,222,227,228,271,268
259:18,25,40,48,53,109,119,121,124,153,185,214,225,234,242,244,246,249,251,265,267,272
260:28,36,41,55,59,70,73,99,115,128,170,171,176,179,183,201,202,211,229,234,237,251,271,278
261:25,31,35,39,40,58,61,65,72,77,81,100,115,117,121,123,143,152,153,160,173,188,192,196,201,216,220,221,231,234,237,246,249,250,265
262:11,14,16,27,29,31,58,60,65,67,80,85,98,106,114,115,118,127,130,136,137,138,160,171,185,187,210,217,240,254,277,264
263:34,42,49,50,63,70,73,80,100,131,149,151,160,162,182,191,210,230,235,242,243,257,275,266
264:8,12,51,54,65,74,83,97,106,113,131,139,150,157,172,176,178,219,223,224,225,234,237,250,262,265,279
265:3,15,48,51,56,57,106,112,116,127,137,140,142,153,168,169,170,210,223,224,234,239,241,242,253,259,261,264,273
266:16,25,35,36,53,55,61,63,100,113,131,138,146,167,184,185,192,200,202,203,210,222,239,242,244,250,253,255,263,267,268,270,274,278
267:6,12,33,46,71,72,96,105,116,119,135,140,154,164,166,169,172,173,185,190,195,205,216,223,227,236,242,255,257,259,266,279,275
268:9,25,30,33,67,93,106,117,130,133,140,141,149,154,159,180,187,193,255,258,266,273
269:11,15,22,27,31,42,52,53,66,67,83,90,92,98,113,120,144,175,176,202,203,213,252,257,277,275,278
270:2,16,23,34,52,59,71,85,92,94,96,127,131,132,168,175,179,193,195,209,210,214,219,223,224,231,232,266,276,275
271:1,4,15,16,31,32,50,73,77,81,86,89,93,111,156,162,176,178,180,185,189,220,224,225,228,229,233,248,254,258,260,274,278
272:8,10,17,40,64,68,89,92,111,116,138,160,173,176,177,183,194,195,204,219,224,259,279,275
273:5,6,13,34,36,48,54,64,72,79,86,110,111,153,162,178,182,195,202,210,228,242,265,268,274
274:4,8,12,15,19,26,31,34,38,48,61,62,63,75,98,105,141,148,157,166,189,190,195,199,206,210,214,219,230,239,240,241,242,249,253,256,266,271,273,276
275:10,26,36,62,69,84,119,148,149,175,185,186,190,196,245,252,256,257,263,267,269,270,272,278
276:0,44,49,50,51,66,83,103,129,131,133,145,174,176,178,180,182,190,191,225,247,254,270,274,278
277:15,29,30,43,50,65,67,77,81,89,92,96,132,136,141,165,181,185,196,199,211,214,223,251,262,269,278
278:7,12,20,34,40,45,47,49,51,52,79,83,96,104,107,108,123,127,134,153,170,191,229,249,250,260,266,269,271,275,276,277,279
279:13,23,30,41,48,61,80,90,97,103,114,132,133,170,171,177,188,231,247,256,264,267,272,278
