0:80,6,29,31,39,66,200,205,222
1:31,12,18,52,115,148,184,191,216,223,243
2:158,34,40,45,48,77,121,168,231
3:177,79,82,88,112,146,153,163,167,186,256
4:107,13,78,93,99,120,131,135,195,224
5:158,20,63,96,114,132,136,139,165,168,186,218,246,253
6:0,138,52,118,128,132,137,147,183,191
7:216,14,25,106,108,130,135,143,257
8:164,47,84,140,167,191,212
9:178,12,20,35,131,158,168,194,216,218,247
10:63,19,66,162,180,201
11:214,103,174,176
12:1,9,198,25,32,51,79,92,107,113,154,223,236
13:4,59,30,73,83,119,136,173,174
14:7,84,37,52,93,106,155,186,232,242
15:121,75,94,145,192,200
16:234,97,140,149,181,192,202
17:178,60,115,158,173,187,190,192
18:1,39,85,90,105,115,183,188,238,252
19:10,171,43,119,151,170,202
20:5,9,47,81,109,119,121,122,131,143,186,194,203,206,232,238,252
21:40,106,174,224,255
22:100,23,26,49,74,188,252,255
23:22,45,70,91,93,148,161,164,227,233,250
24:83,70,132,153,200,210,244
25:7,12,32,71,80,99,181,196,254
26:22,138,31,95,97,232,235,252,258
27:193,93,100,104,118,186,189,238
28:54,196
29:0,53,33,54,98,139,181,186,196,206,208,210,239
30:13,149,52,127,140,146
31:0,1,26,67,34,66,70,76,132,147,176,181,231
32:12,25,220,43,73,81,100,203,218,249
33:29,199,36,43,64,90,98,186,218
34:2,31,228,36,86,89,131,245,246,249,250
35:9,58,80,99,124,236,241
36:33,34,198,71,92,106,113,134,160,220,230
37:14,216,86,97,100,142,153,195,200,228,236
38:65,84,98,126,128,159,186,188,193,195,241
39:0,18,126,96,145,225,254
40:2,21,259,59,130,132,140,147,181,200,204,205,231
41:116,83,178,181,189,212,254
42:157,60,64,102
43:19,32,33,56,47,71,160,179,209,217,248
44:213,51,73,101,157,167,175
45:2,23,197,48,66,88,99,153,175,183,187
46:77,56,72,92,143,201,205,215,245,257
47:8,20,43,211,51,53,125,127,233,250,256
48:2,45,112,70,97,104,123,134,208,235,237
49:22,243,54,116,141,157,195,218,238
50:106,55,95,126,145,184,195,202,207,228,250
51:12,44,47,56,53,96,106,198,200,253
52:1,6,14,30,65,77,127,138,166,225,232,237,247
53:29,47,51,126,58,66,81,97,104,118,145,240,243
54:28,29,49,153,93,107,120,131,198,224,232,233,242
55:50,146,67,74,167,184,217,227,236,241
56:43,46,51,144,89,111,145,241
57:126,97,139,194,241
58:35,53,256,86,173,181
59:13,40,107,93,98,108,109,146,195,231,241,259
60:17,42,169,142,150,195,213,232,234,237
61:161,172,205,233,242,259
62:257,112
63:5,10,133,165,211,216,226,248
64:33,42,180,86,87,111,197
65:38,52,150,136,153,157,187,188,192,235,252
66:0,10,31,45,53,189,109,113,131,142,200,219,228,229
67:31,55,206,87,137,158,171,252
68:252,78,99,164,167,182,191,195,202,257
69:140,79,84,89,108,126,223
70:23,24,31,48,98,77,81,104,142,192,243
71:25,36,43,77,80,160,165,178,187,203,247
72:46,191,89,95,99,129,153
73:13,32,44,233,94,115,221
74:22,55,242,124,189,227,229,233,238,246
75:15,116,114,117,149,156,210,236,257
76:31,136,98,111,124,129,139,176,180,198,200,216,219,225,257
77:2,46,52,70,71,90,88,110,164,170,200
78:4,68,172,156,185,237
79:3,12,69,111,138,149,167,181
80:0,25,35,71,109,83,92,98,117,121,135,146,159,174,190,205
81:20,32,53,70,101,88,141,195,230,257
82:3,177,84,103,115,218,232
83:13,24,41,80,142,92,105,116,123,126,140,143,200
84:8,14,38,69,82,103,95,137,176,189,230,253
85:18,146,140,182,197,206,210,237
86:34,37,58,64,120,108,223
87:64,67,93,108,144,149,169,176,237,239,245,255
88:3,45,77,81,91,137,151,164,171,247
89:34,56,69,72,222,93,105,147,150,157,201,252
90:18,33,77,133,125,191
91:23,88,184,255
92:12,36,46,80,83,101,111,119,174,193,200,206,257
93:4,14,23,27,54,59,87,89,201,139,153,166,182,203
94:15,73,112,113,123,178,181,185,214,221,237
95:26,50,72,84,193,109,178,224
96:5,39,51,114,100,107,124,137,145,194,204,226,251
97:16,26,37,48,53,57,169,116,131,145,147,163,164,190,201,217
98:29,33,38,59,70,76,80,148,106,167,177,233,239
99:4,25,35,45,68,72,187,101,123,136,151,175,182,229,239
100:22,27,32,37,96,196,154,198,223,242,243
101:44,81,92,99,130,149,176,195,204,221,257
102:42,109,107,108,188,209,230
103:11,82,84,173,122,156,195,216,234,245,254
104:27,48,53,70,255,123,143,162,169,182,212,216,229,237
105:18,83,89,121,156,214
106:7,14,21,36,50,51,98,236,115,124,156,166,226
107:4,12,54,59,96,102,119,133,150,199
108:7,59,69,86,87,102,167,122,139,145,147,173,174,256
109:20,59,66,80,95,102,186,143,155,210,219,235,245
110:77,258,151,176,226,244
111:56,64,76,79,92,248,162,209,219,223,225,230,258
112:3,48,62,94,118,125,130,209
113:12,36,66,94,218,121,124,153,158,235,249
114:5,75,96,232,115,206,229,251,253
115:1,17,18,73,82,106,114,166,162,167,184,205,218
116:41,49,75,83,97,129,124,145,169,193,197
117:75,80,165,221
118:6,27,53,112,207,120,170,232,240
119:13,19,20,92,107,170,144,146,153,192,259
120:4,54,86,118,249,128,148,198,257
121:2,15,20,80,105,113,153,126,134,156,195,249,251
122:20,103,108,153,124,131,132,202,243
123:48,83,94,99,104,243,197,207,210
124:35,74,76,96,106,113,116,122,139,189
125:47,90,112,223,165,189,191,195,248
126:38,39,50,53,57,69,83,121,254,166,211
127:30,47,52,253,176,178,186,202,217,259
128:6,38,120,220,147,173,183
129:72,76,116,133,151,165,185,186
130:7,40,101,112,146,170,171,236
131:4,9,20,34,54,66,97,122,211,192,207,227,232,257
132:5,6,24,31,40,122,135,248
133:63,90,107,129,155,170,204,226,233,238,257
134:36,48,121,191,144,153,183,224
135:4,7,80,132,190,141,175,202,258
136:5,13,65,76,99,179,137,166,192,259
137:6,67,84,88,96,136,170,153,164,177,192,242
138:6,26,52,79,157,161,213
139:5,29,57,76,93,108,124,245,170,205,259
140:8,16,30,40,69,83,85,249,167,202
141:49,81,135,259,153,160,208
142:37,60,66,70,83,171,148,166,236,258
143:7,20,46,83,104,109,242,149,166,241
144:56,87,119,134,186,165,212,230,245,254
145:15,39,50,53,56,96,97,108,116,167,202,224,236,237
146:3,30,55,59,80,85,119,130,163,160,192,214
147:6,31,40,89,97,108,128,163,154,179,196,223,233,238
148:1,23,98,120,142,200,194,207,237
149:16,30,75,79,87,101,143,214,160,174,230,242,245,259
150:60,65,89,107,223,186,193,196
151:19,88,99,110,129,187,200,201
152:223,171,179,243
153:3,24,37,45,54,65,72,93,113,119,121,122,134,137,141,177,158,222
154:12,100,147,229,205,221
155:14,109,133,258,190,200,202,220,221
156:75,78,103,105,106,121,239,240,252,257
157:42,44,49,65,89,138,189,166,205,210,244,248
158:2,5,9,17,67,113,153,230,227
159:38,80,195,196,210,253,254,257
160:36,43,71,141,146,149,164,162,184,204,209,221,237,241,257
161:23,61,138,171,173,180,181,195,213
162:10,104,111,115,160,182,210,220
163:3,97,146,147,166,168,176,179,222,257
164:8,23,68,77,88,97,137,160,191,184,216,253
165:5,63,71,117,125,129,144,255,196,214,219
166:52,93,106,115,126,136,142,143,157,163,199,228
167:3,8,44,55,68,79,98,108,115,140,145,186,170,247,250
168:2,5,9,163,191,219,222
169:60,87,97,104,116,205,181,194,204,213
170:19,77,118,119,130,133,137,139,167,202,189,239,248
171:19,67,88,130,142,152,161,232,196,236,249,252
172:61,78,243,207
173:13,17,58,103,108,128,161,187,212,215,216,222
174:11,13,21,80,92,108,149,212,200,205,214,256
175:44,45,99,135,251,249,250
176:11,31,76,84,87,101,110,127,163,236,229
177:3,82,98,137,153,199,181,197,239,256
178:9,17,41,71,94,95,127,202,195,210,226
179:43,136,147,152,163,243,181,247
180:10,64,76,161,228,194,208,217,221,257
181:16,25,29,31,40,41,58,79,94,161,169,177,179,194,185,253
182:68,85,93,99,104,162,241,227
183:6,18,45,128,134,194,186,208,218,220,223
184:1,50,55,91,115,160,164,187,214,243
185:78,94,129,181,249,244,248
186:3,5,14,20,27,29,33,38,109,127,129,144,150,167,183,226,217,253
187:17,45,65,71,99,151,173,184,203
188:18,22,38,65,102,249,222,243
189:27,41,66,74,84,124,125,157,170,256,200,211
190:17,80,97,135,155,215,218,231,247
191:1,6,8,68,72,90,125,134,164,168,198,197,239
192:15,16,17,65,70,119,131,136,137,146,212,204,206
193:27,38,92,95,116,150,196,199,221,235
194:9,20,57,96,148,169,180,181,183,246,208,215,220,230,242,259
195:4,37,38,49,50,59,60,68,81,101,103,121,125,159,161,178,241
196:25,28,29,100,147,150,159,165,171,193,202,207
197:45,64,85,116,123,177,191,237
198:12,36,51,54,76,100,120,191,212,238,248
199:33,107,166,177,193,221,203,206,207,226,250
200:0,15,24,37,40,51,66,76,77,83,92,148,151,155,174,189,202,208,220,228,233
201:10,46,89,93,97,151,257,211,215,258
202:16,19,50,68,122,127,135,140,145,155,170,178,196,200,224,246
203:20,32,71,93,187,199,229,220,243
204:40,96,101,133,160,169,192,219,236
205:0,40,46,61,80,115,139,154,157,169,174,220,252
206:20,29,67,85,92,114,192,199,220,215,259
207:50,118,123,131,148,172,196,199,223
208:29,48,141,180,183,194,200,232,259
209:43,102,111,112,160,211
210:24,29,75,85,109,123,157,159,162,178,213
211:47,63,126,131,189,201,209,237,241,245,258
212:8,41,104,144,173,174,192,198,227,257
213:44,60,138,161,169,210,221,227,245
214:11,94,105,146,149,165,174,184,227,246
215:46,173,190,194,201,206,223,226,230
216:1,7,9,37,63,76,103,104,164,173,231,237
217:43,55,97,127,180,186,234,226,238,239,241,243,250
218:5,9,32,33,49,82,113,115,183,190,254,258
219:66,76,109,111,165,168,204,254
220:32,36,128,155,162,183,194,200,203,205,206,221,240
221:73,94,101,117,154,155,160,180,193,199,213,220,237
222:0,89,153,163,168,173,188,253,226,233,248,254
223:1,12,69,86,100,111,125,147,150,152,183,207,215,258
224:4,21,54,95,134,145,202,256,254
225:39,52,76,111,256,245
226:63,96,106,110,133,178,186,199,215,217,222,246
227:23,55,74,131,158,182,212,213,214,247,252
228:34,37,50,66,166,180,200,244,251,252,259
229:66,74,99,104,114,154,176,203,257,253
230:36,81,84,102,111,144,149,158,194,215,251,247,258
231:2,31,40,59,190,216,257,239
232:14,20,26,52,54,60,82,114,118,131,171,208,244
233:23,47,54,61,73,74,98,133,147,200,222,236,258,259
234:16,60,103,217,258,248
235:26,48,65,109,113,193,236,243
236:12,35,37,55,75,106,130,142,145,171,176,204,233,235,239
237:48,52,60,78,85,87,94,104,145,148,160,197,211,216,221,248
238:18,20,27,49,74,133,147,198,217,246,248
239:29,87,98,99,156,170,177,191,217,231,236,256,245
240:53,118,156,220,249,255,259
241:35,38,55,56,57,59,143,160,182,195,211,217,243
242:14,54,61,74,100,137,143,149,194,245,249,259
243:1,49,53,70,100,122,123,152,172,179,184,188,203,217,235,241,258,248
244:24,110,157,185,228,232,253,257
245:34,46,87,103,109,139,144,149,211,213,225,239,242,253
246:5,34,74,194,202,214,226,238,259,253
247:9,52,71,88,167,179,190,227,230,254
248:43,63,111,125,132,157,170,185,198,222,234,237,238,243,250
249:32,34,113,120,121,140,171,175,185,188,240,242,250,256
250:23,34,47,50,167,175,199,217,248,249,251
251:96,114,121,175,228,230,250,256
252:18,20,22,26,65,67,68,89,156,171,205,227,228,259,257
253:5,51,84,114,127,159,164,181,186,222,229,244,245,246,258
254:25,39,41,103,126,144,159,218,219,222,224,247,256
255:21,22,87,91,104,165,240,258
256:3,47,58,108,174,177,189,224,225,239,249,251,254,257
257:7,46,62,68,75,76,81,92,101,120,131,133,156,159,160,163,180,201,212,229,231,244,252,256,258
258:26,110,111,135,142,155,201,211,218,223,230,233,234,243,253,255,257,259
259:40,59,61,119,127,136,139,141,149,194,206,208,228,233,240,242,246,252,258
