0:62,63,86,103,148,177
1:162,77,123,216
2:184,102,162
3:165,152
4:157,23
5:139,31,57,91,131,145,194
6:138,21,126,145,197
7:193,27,46,132,174
8:10,12,16,54,139,176,189
9:83,12,48,57,208,216
10:8,49,98,122
11:154,198,214
12:8,9,98,84,148
13:125,23,107
14:188,26,40
15:35,30,39,57,68,78,113,124,126,141,205
16:8,178,164
17:110,114,148,214
18:140,23,152,159,192
19:186,45,50,72,176
20:195,41,174
21:6,155,32
22:70,67,78,136
23:4,13,18,146,87,156,164
24:28,50,71,79,219
25:217,142,156,164,206
26:14,56,77,111,184,200
27:7,143,199
28:24,115,41,47,59,207
29:108,38,96,98,163
30:15,217,122,153
31:5,174,125,143,164
32:21,169,176
33:151,67,98,100,135,203
34:86,202
35:15,179,135
36:117,78,88,133,212
37:170,136,202
38:29,117,80,124,173
39:15,174,58
40:14,86,156,196
41:20,28,124,80,85,113
42:85,97,98,133,212
43:73,68
44:200,219
45:19,142,59,74,144,195
46:7,99,47,219
47:28,46,74,53,62,166
48:9,56,91
49:10,58,171
50:19,24,94,189
51:212,134
52:171,209
53:47,91,60,64,75,128,155
54:8,84,99,107,129,174,206
55:125,86
56:26,48,78,107,130,144,154,191
57:5,9,15,175,129,140,144,201
58:39,49,174
59:28,45,137,129,158
60:53,216,104,180
61:177,96,101
62:0,47,136,109,123
63:0,126,132,197
64:53,89,77,120
65:213,162,174
66:78,200
67:22,33,147,110,152
68:15,43,99,82,87,209
69:115,198
70:22,115,130
71:24,85,118,138,197
72:19,104,125,130,134
73:43,163,144
74:45,47,160,81
75:53,208,78,98,125,130
76:189,200
77:1,26,64,102,90,172
78:15,22,36,56,66,75,143,96,186,188
79:24,178,164
80:38,41,101
81:74,178,108
82:68,140,84,116
83:9,119
84:12,54,82,206,112,139
85:41,42,71,133
86:0,34,40,55,148
87:23,68,169,128,199,213
88:36,108,93
89:64,202,111
90:77,113
91:5,48,53,185,104,167,214
92:108,160,185
93:88,219
94:50,153,98
95:151,124,125,141,196
96:29,61,78,103
97:42,112
98:10,12,29,33,42,75,94,153,124
99:46,54,68,108,192,215
100:33,201,131
101:61,80,206,202
102:2,77,144
103:0,96,182,121,189,216
104:60,72,91,113,149
105:131,170,173,181
106:177,146,195
107:13,54,56,150,177
108:29,81,88,92,99,126,118,154,207
109:62,153,111,187,195
110:17,67,130,113,153,178
111:26,89,109,120,189
112:84,97,179,208,210
113:15,41,90,104,110,132,160,174,218
114:17,179,169,191
115:28,69,70,193,137,141,184
116:82,192,138,160,216
117:36,38,197
118:71,108,130
119:83,213,160,170,175
120:64,111,177,157,184,201
121:103,136,153,160,181
122:10,30,192,177
123:1,62,150,124,134
124:15,38,41,95,98,123,148,128,206
125:13,31,55,72,75,95,179,133
126:6,15,63,108,204
127:177,149,176
128:53,87,124,156
129:54,57,59,214,167,186,212
130:56,70,72,75,110,118,211
131:5,100,105,199,146
132:7,63,113,185,146,199
133:36,42,85,125,165
134:51,72,123,144
135:33,35,183,169
136:22,37,62,121,190,152,154,192
137:59,115,196,169
138:6,71,116,196,207
139:5,8,84,201
140:18,57,82,144,145
141:15,95,115,200,159,212
142:25,45,157,217
143:27,31,78,179
144:45,56,57,73,102,134,140,146
145:5,6,140,188,162
146:23,106,131,132,144,211,213,218
147:67,191,213,216
148:0,12,17,86,124,177
149:104,127,153
150:107,123,158
151:33,95,204,177,208
152:3,18,67,136,172,154,183,186
153:30,94,98,109,110,121,149,199,195,202
154:11,56,108,136,152,170,158
155:21,53,205,197,212,214
156:23,25,40,128,208,196
157:4,120,142,175,210
158:59,150,154,206,182
159:18,141,204
160:74,92,113,116,119,121,182
161:184,200
162:1,2,65,145,198,189,212
163:29,73,182,177
164:16,23,25,31,79,190
165:3,133,174,199
166:47,216,168
167:91,129,184
168:166,171,180
169:32,87,114,135,137,203,215
170:37,105,119,154,172
171:49,52,168,214
172:77,152,170,218
173:38,105,208
174:7,20,31,39,54,58,65,113,165,191
175:57,119,157,203,180,189,193
176:8,19,32,127,209
177:0,61,106,107,120,122,127,148,151,163,192
178:16,79,81,110,185
179:35,112,114,125,143,181,183,210
180:60,168,175,201
181:105,121,179,204
182:103,158,160,163,195
183:135,152,179,192
184:2,26,115,120,161,167,191
185:91,92,132,178,197,204
186:19,78,129,152,210,208
187:109,188
188:14,78,145,187,202
189:8,50,76,103,111,162,175,213,204
190:136,164,213
191:56,114,147,174,184,199
192:18,99,116,122,136,177,183,219
193:7,115,175,216
194:5,210,214
195:20,45,106,109,153,182,198,203
196:40,95,137,138,156,210
197:6,63,71,117,155,185,207
198:11,69,162,195,209
199:27,87,131,132,153,165,191,207
200:26,44,66,76,141,161,214
201:57,100,120,139,180,209
202:34,37,89,101,153,188,212
203:33,169,175,195,219
204:126,151,159,181,185,189,214
205:15,155,212
206:25,54,84,101,124,158,213
207:28,108,138,197,199,214
208:9,75,112,151,156,173,186,210
209:52,68,176,198,201,212
210:112,157,179,186,194,196,208,216
211:130,146,217,216
212:36,42,51,129,141,155,162,202,205,209,219
213:65,87,119,146,147,189,190,206,218
214:11,17,91,129,155,171,194,200,204,207,216
215:99,169,216
216:1,9,60,103,116,147,166,193,210,211,214,215,217
217:25,30,142,211,216,218
218:113,146,172,213,217,219
219:24,44,46,93,192,203,212,218
