0:64,57,60,108,169,171,178,180,190,225,290,293,297
1:182,3,5,7,9,10,28,32,69,95,116,122,133,141,162,164,219,266,273,278,295
2:37,6,7,55,106,124,138,142,160,223,233
3:1,255,5,50,63,72,80,83,106,144,167,168,219,229,233,236,252,254,280,287
4:156,9,15,33,48,54,57,74,146,208,218,234,271
5:1,3,284,25,37,44,48,64,101,102,114,115,124,133,138,150,161,166,199,204,211,241,246,252,257,259,279,286,292
6:2,221,31,40,49,59,96,133,137,139,142,149,167,187,193,200,201,217,219,244,254,293,295
7:1,2,153,70,89,97,118,172,177,184,192,196,198,200,222,223,224,232,234,265,267,268,269
8:222,10,19,33,58,66,99,100,108,122,148,152,162,187,194,204,229,299
9:1,4,15,24,52,68,94,140,148,162,190,202,209,220,244,259,272,278,285,288
10:1,8,146,33,53,66,76,82,99,102,126,129,150,154,177,196,201,215,232,283
11:286,17,35,51,79,90,119,132,138,152,154,156,167,185,190,203,217,231,237
12:205,35,107,113,114,141,170,178,198,203,218,249,282,285
13:93,24,79,81,100,110,143,144,159,172,199,202,245,249,263,273,291,296
14:198,81,111,113,123,137,140,151,157,159,182,186,191,201,245,248,285,290,291
15:4,9,182,16,75,103,135,142,172,187,192,202,204,225,228,232,265,273,281
16:15,104,26,34,82,102,119,132,133,149,155,163,168,176,179,186,222,226,234,242,254,293,294
17:11,81,21,38,40,46,50,129,134,151,152,172,181,191,209,226,231,233,238,252,265,289
18:113,39,73,78,98,154,181,186,187,208,211,246,260,264,290
19:8,114,61,74,81,92,113,117,118,178,199,205,224,235
20:27,21,28,42,52,57,75,92,97,98,112,116,118,140,142,177,192,205,252,265,273,284,292,293
21:17,20,192,23,37,39,65,73,94,127,139,160,162,179,201,229,243,250,265,273
22:39,31,38,40,47,73,75,78,107,113,189,192,202,204,207,209,235,288,294,298
23:21,121,34,62,71,80,82,108,129,132,150,183,192,193,196,253,255,261,278
24:9,13,265,33,35,60,65,66,68,84,107,108,117,135,142,145,179,186,204,229,230,235,242,244,284,296
25:5,131,35,36,38,39,56,122,124,128,133,155,159,160,167,207,216,223,240,252,257,259,263,264,268,292
26:16,118,60,86,87,108,115,146,152,185,191,258,272,299
27:20,205,42,83,104,106,109,117,119,147,172,209,225,262,264,267,288,289,298
28:1,20,63,35,73,86,120,123,129,134,136,143,146,154,164,169,179,190,193,219,223,225,226,240,247,260,264,265
29:38,37,49,85,90,92,96,108,140,174,190,194,212,231,264,284,287
30:210,54,58,87,130,140,141,175,184,216,244,270,271,273,290
31:6,22,211,38,60,62,66,81,87,93,95,100,121,123,129,137,148,150,160,181,190,199,216,227,237,258,283,284,288
32:1,293,50,60,64,93,98,102,108,168,183,185,191,194,198,199,208,218,226,257,275,283,294
33:4,8,10,24,122,34,61,66,78,86,95,116,127,142,197,218,222,242,271
34:16,23,33,124,48,68,83,91,93,102,105,121,125,161,174,175,201,234,236,251,281,291,292,294
35:11,12,24,25,28,120,57,94,97,104,109,118,124,126,130,137,160,161,177,199,201,213,226,229,250,273,291,298
36:25,208,42,48,93,138,150,179,188,242,245,251,257,267,271,289
37:2,5,21,29,39,49,58,85,86,87,108,115,119,129,145,146,149,156,160,203,205,212,224,227,240,249,269,274
38:17,22,25,29,31,276,40,41,46,49,65,69,88,119,133,143,147,167,170,222,254,257
39:18,21,22,25,37,58,40,87,102,106,112,121,126,127,129,150,169,176,178,184,189,202,259,265,268,270
40:6,17,22,38,39,212,78,104,116,118,123,172,175,179,235,254,272,279
41:38,259,81,82,101,109,111,132,135,168,169,177,185,194,207,214,237,241,243,246,298
42:20,27,36,195,49,63,100,107,113,133,134,138,143,156,163,166,187,204,209,217,258,266,268,292,293,296
43:57,76,89,120,130,147,178,205,231,252,256,260,275,277,292
44:5,107,71,90,97,160,165,175,183,210,219,230
45:93,49,51,59,74,76,92,95,111,145,178,194,204,210,222,228,250
46:17,38,246,48,61,73,136,154,156,163,170,188,194,221,238,245,254,275,279,288,291,296
47:22,226,54,67,75,91,117,134,159,193,221,222,234,243,247,254,277
48:4,5,34,36,46,106,76,88,104,129,131,140,149,183,186,220,231,234,237,273,289
49:6,29,37,38,42,45,260,65,71,89,99,110,117,125,137,184,193,199,209,232,266
50:3,17,32,237,52,91,137,153,176,203,221,223,240,262,263,291,295
51:11,45,283,62,75,86,97,101,105,106,123,128,156,186,211,232,243,248,250,254,264,269,276
52:9,20,50,206,80,86,98,135,146,151,158,179,193,213,226,228,231,241,246,257,261
53:10,226,58,65,99,107,121,140,163,176,194,204,248,255,260,261,268,271,283
54:4,30,47,158,66,80,85,93,95,101,111,172,186,203,210,218,240,241,261,264,273
55:2,158,107,108,112,117,146,149,155,172,179,204,213,275
56:25,133,63,87,114,144,159,173,192,193,219,225,245,252
57:0,4,20,35,43,251,64,87,120,150,163,183,190,197,208,217,219,241,250,259,265,298
58:8,30,37,39,53,183,59,64,97,109,120,133,144,149,199,245,248,253,254,261,269,297
59:6,45,58,87,65,96,119,122,128,165,199,231,240,246,264,269,270,281,298
60:0,24,26,31,32,89,62,65,71,85,86,90,92,108,125,134,170,173,182,184,185,192,197,279,289,295
61:19,33,46,166,94,95,124,162,196,197,219,225,234,235,236,239,249,250,257,273,276
62:23,31,51,60,94,78,84,99,110,112,143,147,162,178,192,235,244,252,285
63:3,28,42,56,285,94,98,130,143,145,150,155,162,166,167,178,179,203,221,272,274
64:0,5,32,57,58,203,72,83,91,108,132,145,146,155,173,182,187,209,214,229,230,245,284,285
65:21,24,38,49,53,59,60,180,69,100,176,197,200,204,234,246,254,256
66:8,10,24,31,33,54,225,83,86,106,116,118,121,123,133,157,162,189,204,206,207,221,230,234,273
67:47,268,71,91,108,141,156,191,199,207,224,232,262,280,286
68:9,24,34,261,88,120,122,125,134,149,193,202,206,209,220,241,265
69:1,38,65,126,74,106,108,121,138,166,202,220,255,260,280,284
70:7,71,80,98,104,166,174,186,197,208,214,226,232,233,239,242,249,271,272
71:23,44,49,60,67,70,129,92,135,165,175,178,193,222,228,252,270,291,295
72:3,64,88,89,107,129,138,140,151,152,187,194,221,241,246,258,272,289,296,299
73:18,21,22,28,46,274,80,88,119,122,161,173,186,242,271,279,282,286,292,299
74:4,19,45,69,84,108,123,125,134,135,142,148,162,170,174,193,210,224,234,252,267,278,283,287,288,289,298
75:15,20,22,47,51,116,84,87,131,137,141,161,164,198,200,202,207,213,220,265,268,270,274,278,295,298
76:10,43,45,48,80,90,102,108,125,130,204,219,232,235,241,254,261,276,295
77:267,103,120,134,216,241,297
78:18,22,33,40,62,211,92,95,104,113,122,136,141,144,149,150,151,224,255,261,270
79:11,13,108,84,85,98,113,150,184,185,187,201,225,226,237,254,256,268,290,298
80:3,23,52,54,70,73,76,164,105,118,171,173,184,188,209,215,221,222,250,263,270,274,298
81:13,14,17,19,31,41,197,84,91,95,98,102,147,152,156,183,209,212,230,263,268
82:10,16,23,41,182,90,104,140,152,154,178,195,201,205,220,243,256,291
83:3,27,34,64,66,86,106,109,110,116,148,159,163,166,188,192,197,199,204,225,243,246,255,270,272,279
84:24,62,74,75,79,81,99,92,93,107,112,120,148,153,154,174,186,187,194,197,226,261,277,292
85:29,37,54,60,79,90,95,96,120,123,148,169,181,189,202,232,241,246,262,275
86:26,28,33,37,51,52,60,66,83,206,90,92,102,122,146,163,167,178,182,184,200,208,209,234,247,251,256,263,283,285
87:26,30,31,37,39,56,57,59,75,99,110,121,130,132,133,146,168,172,182,186,194,202,204,244,295
88:38,48,68,72,73,216,92,95,101,113,117,124,136,202,209,239,257,263
89:7,43,49,60,72,237,98,101,107,113,127,162,214,223,225,231,242,250,263,282,285,296
90:11,29,44,60,76,82,85,86,103,146,157,164,167,182,188,194,213,214,233,234,246,249,260,287
91:34,47,50,64,67,81,95,103,106,144,150,151,157,162,172,214,225,234,246,250,264,275,289
92:19,20,29,45,60,71,78,84,86,88,180,100,109,150,161,210,237,241,258,266,271,285
93:13,31,32,34,36,45,54,84,167,97,110,137,180,183,189,191,212,218,251,269,274,282,287
94:9,21,35,61,62,63,259,126,150,152,153,201,283
95:1,31,33,45,54,61,78,81,85,88,91,293,98,115,118,142,162,186,200,235,267
96:6,29,59,85,279,116,129,132,144,150,157,178,182,187,190,191,200,220,225,226,245,251,271
97:7,20,35,44,51,58,93,207,119,122,127,155,163,189,246,251,264,269,286,294
98:18,20,32,52,63,70,79,81,89,95,252,111,134,194,201,215,226,254,290,291,294
99:8,10,49,53,62,84,87,273,115,119,121,131,137,143,147,172,184,221,225,232,242,249,257,264,265,283,287,288
100:8,13,31,42,65,92,244,106,120,188,210,212,226,254,279,289
101:5,41,51,54,88,89,197,109,117,176,205,238,241,247,250,269,283,290
102:5,10,16,32,34,39,76,81,86,179,117,127,149,169,183,203,241,286
103:15,77,90,91,174,122,124,128,133,138,161,208,223,224,228,238,245,246,280,285,297
104:16,27,35,40,48,70,78,82,196,115,134,153,161,170,176,181,186,188,231,236,246,250,255,279,287
105:34,51,80,241,112,124,147,180,213,222,229,251,271,275,290,292,298
106:2,3,27,39,48,51,66,69,83,91,100,295,125,128,144,149,153,154,179,185,186,200,221,236,260,281
107:12,22,24,42,44,53,55,72,84,89,284,115,126,138,150,151,152,171,174,175,182,187,194,210,211,220,252,254,259,282
108:0,8,23,24,26,29,32,37,55,60,64,67,69,74,76,79,173,109,117,133,154,158,163,195,199,217,224,231,248,267,273,288
109:27,35,41,58,83,92,101,108,173,122,149,168,184,197,213,224,244
110:13,49,62,83,87,93,214,123,126,131,134,172,179,188,196,235,257,274,276,282,283,291
111:14,41,45,54,98,270,116,120,141,156,176,196,200,217,269,282,286
112:20,39,55,62,84,105,258,145,146,164,171,173,182,197,198,215,228
113:12,14,18,19,22,42,78,79,88,89,288,174,177,202,207,253
114:5,12,19,56,293,118,129,142,158,165,182,202,211,232,234,243,246,251,283
115:5,26,37,95,99,104,107,180,118,129,137,147,168,175,188,204,206,238,254,283,290,291
116:1,20,33,40,66,75,83,96,111,225,122,128,147,154,158,163,165,199,228,229,243,245,254,268
117:19,24,27,47,49,55,88,101,102,108,246,125,135,140,174,286
118:7,19,20,26,35,40,66,80,95,114,115,289,130,143,146,148,157,162,214,218,224,234,242,258,271,288
119:11,16,27,37,38,59,73,97,99,213,126,133,164,168,182,183,214,230,243,261,276,283,285,291
120:28,35,43,57,58,68,77,84,85,100,111,191,123,130,167,229,249,290
121:23,31,34,39,53,66,69,87,99,149,131,135,136,144,160,167,204,216,235,243,277,293
122:1,8,25,33,59,68,73,78,86,97,103,109,116,232,130,163,171,184,187,193,229,247,280
123:14,28,31,40,51,66,74,85,110,120,181,129,135,137,147,157,162,163,171,199,210,258,263,270,272,275,289
124:2,5,25,34,35,61,88,103,105,190,127,148,186,197,247,250,258,262,271,273,296,297
125:34,49,60,68,74,76,106,117,266,126,136,150,173,180,200,201,210,244,248,257,264,291
126:10,35,39,69,94,107,110,119,125,273,133,138,139,185,189,211,228,239,249,252,275,291
127:21,33,39,89,97,102,124,171,129,133,153,193,199,200,210,247,274,288,295,298
128:25,51,59,103,106,116,277,146,161,162,182,191,235,262,275,278
129:10,17,23,28,31,37,39,48,71,72,96,114,115,123,127,292,142,144,148,161,195,214,228,245,272,274,282,288,291
130:30,35,43,63,76,87,118,120,122,218,150,152,160,178,180,186,195,196,208,215,227,234,236,252,255,263,299
131:25,48,75,99,110,121,152,165,166,173,183,187,214,223,230,262,265
132:11,16,23,41,64,87,96,200,139,147,152,156,164,169,175,188,216,231,236
133:1,5,6,16,25,38,42,56,58,66,87,103,108,119,126,127,163,145,157,168,203,228,229,296
134:17,28,42,47,60,68,74,77,98,104,110,250,152,164,173,194,224,245,266,279,283,284
135:15,24,41,52,71,74,117,121,123,284,162,177,189,226,229,232,233,237,246,251,252,253,257,283
136:28,46,78,88,121,125,239,142,145,155,165,178,190,193,225,226,244,286,288,291,293
137:6,14,31,35,49,50,75,93,99,115,123,250,141,161,171,189,193,215,235,247
138:2,5,11,36,42,69,72,103,107,126,161,146,155,176,201,206,215,230,266,275,279,281,282
139:6,21,126,132,184,151,180,195,217,225,250,260,265
140:9,14,20,29,30,48,53,72,82,117,199,151,153,159,170,178,231,249,255,262,268,291,293
141:1,12,30,67,75,78,111,137,264,152,158,214,221,255,256,258,273,299
142:2,6,15,20,24,33,74,95,114,129,136,177,152,200,223,232,256,257,259
143:13,28,38,42,62,63,99,118,251,149,272,283,286
144:3,13,56,58,78,91,96,106,121,129,169,154,171,172,173,202,217,220,241,247,257,259,291
145:24,37,45,63,64,112,133,136,205,150,161,179,193,194,196,206,228,242,244,265,283
146:4,10,26,28,37,52,55,64,86,87,90,112,118,128,138,173,192,194,218,227,253,297,299
147:27,38,43,62,81,99,105,115,116,123,132,224,163,166,225,253,254,258,269,271,273,279,291,295,299
148:8,9,31,74,83,84,85,118,124,129,245,158,172,179,186,196,202,225,234,238,252,289
149:6,16,37,48,55,58,68,78,102,106,109,121,143,215,158,164,165,175,176,187,203,207,212,225,247,248,251,261,297
150:5,10,23,31,36,39,57,63,78,79,91,92,94,96,107,125,130,145,250,175,176,183,185,202,261,273,279
151:14,17,52,72,78,91,107,139,140,152,164,170,186,237,239,251,262,291
152:8,11,17,26,72,81,82,94,107,130,131,132,134,141,142,151,167,155,156,158,183,195,207,219,231,269,270,275,298
153:7,50,84,94,104,106,127,140,195,177,185,202,220,228,229,231,236,256,259
154:10,11,18,28,46,82,84,106,108,116,144,233,164,170,185,211,224,231,241,251,272
155:16,25,55,63,64,97,136,138,152,288,160,166,220,223,226,258,279,297
156:4,11,37,42,46,51,67,81,111,132,152,281,164,176,232,237,238,256,264,269,279,291
157:14,66,90,91,96,118,123,133,289,159,167,169,173,177,211,226,275,279,297
158:52,54,55,108,114,116,141,148,149,152,194,159,163,170,178,217,238,259,274
159:13,14,25,47,56,83,140,157,158,248,215,223,242,251,291
160:2,21,25,31,35,37,44,121,130,155,221,171,198,205,219,252,256,267
161:5,34,35,73,75,92,103,104,128,129,137,138,145,206,176,189,211,270,278
162:1,8,9,21,61,62,63,66,74,89,91,95,118,123,128,135,182,183,184,213,244,247,255,263,272,273
163:16,42,46,53,57,83,86,97,108,116,122,123,133,147,158,209,170,182,189,192,248,262,298
164:1,28,75,80,90,112,119,132,134,149,151,154,156,222,171,173,181,221,277,280,287
165:44,59,71,114,116,131,136,149,267,171,197,231,245,252,254,255,257,263,289
166:5,42,61,63,69,70,83,131,147,155,205,188,219,224,240,242,250,294
167:3,6,11,25,38,63,86,90,93,120,121,152,157,267,174,175,187,231,238,254,296
168:3,16,32,41,87,109,115,119,133,272,171,178,183,197,199,208,223,242,247,295,299
169:0,28,39,41,85,102,132,144,157,230,184,199,208,238,239,248,252,266
170:12,38,46,60,74,104,140,151,154,158,163,294,179,185,194,201,210,212,240,261,272,279,286,297
171:0,80,107,112,122,123,127,137,144,160,164,165,168,275,191,201,205,242,258,270,273
172:7,13,15,17,27,40,54,55,87,91,99,110,144,148,190,185,244,246,261,271,290
173:56,60,64,73,80,108,109,112,125,131,134,144,146,157,164,194,174,177,178,192,198,203,217,228,229,235,258,267,292
174:29,34,70,74,84,103,107,113,117,167,173,180,199,202,209,211,216,217,220,221,229,255,266
175:30,34,40,44,71,107,115,132,149,150,167,287,190,204,228,231,266,267,269,281
176:16,39,50,53,65,101,104,111,138,149,150,156,161,298,189,209,211,217,232,245,285
177:7,10,20,35,41,113,135,142,153,157,173,295,181,189,233,235,243,244,251,252
178:0,12,19,39,43,45,62,63,71,82,86,96,130,136,140,158,168,173,239,181,188,212,237,249,266,284,290
179:16,21,24,28,36,40,52,55,63,102,106,110,145,148,170,272,182,193,200,211,230,235,238,246,280,291,294
180:0,65,92,93,105,115,125,130,139,174,273,201,223,245,246,248,249,255,267,269,270
181:17,18,31,85,104,123,164,177,178,204,199,206,211,215,223,252,257,261,272,283,298
182:1,14,15,60,64,82,86,87,90,96,107,112,114,119,128,162,163,179,238,197,198,269,272,289,293
183:23,32,44,48,57,58,81,93,102,119,131,150,152,162,168,242,186,189,191,193,200,212,232,249,262,282,295,299
184:7,30,39,49,60,79,80,86,99,109,122,139,162,169,216,196,198,258,268,281,283,289,299
185:11,26,32,41,60,79,106,126,150,153,154,170,172,207,211,231,236,237,275
186:14,16,18,24,48,51,54,70,73,84,87,95,104,106,124,130,148,151,183,234,192,199,212,226,263,297
187:6,8,15,18,42,64,72,79,84,96,107,122,131,149,167,258,201,213,220,233,244,255,271,283,286
188:36,46,80,83,90,100,104,110,115,132,166,178,229,191,192,215,216,235,242,275,281
189:22,39,66,85,93,97,126,135,137,161,163,176,177,183,195,191,198,212,214,285,287
190:0,9,11,28,29,31,57,96,124,136,172,175,208,219,270
191:14,17,26,32,67,93,96,120,128,171,183,188,189,263,216,232,233,264
192:7,15,20,21,22,23,56,60,62,83,146,163,173,186,188,227,195,197,202,248,250,288,299
193:6,23,28,47,49,52,56,68,71,74,122,127,136,137,145,179,183,290,218,229,233,246,247,249,256,277,298
194:8,29,32,41,45,46,53,72,84,87,90,98,107,134,145,146,158,170,173,203,211,216,219,230,258,269
195:42,82,108,129,130,139,152,153,189,192,250,218,244,253,261,262
196:7,10,23,61,104,110,111,130,145,148,184,298,201,213,220,247,251,254,269,286
197:33,57,60,61,65,70,81,83,84,101,109,112,124,165,168,182,192,267,227,239,248,289,291,295
198:7,12,14,32,75,112,160,173,182,184,189,259,202,213,244,267,292
199:5,13,19,31,32,35,49,58,59,67,83,108,116,123,127,140,168,169,174,181,186,210,216,235,239,257,288,289
200:6,7,65,75,86,95,96,106,111,125,127,132,142,179,183,277,215,226,227,232,254,256
201:6,10,14,21,34,35,79,82,94,98,125,138,170,171,180,187,196,205,204,210,219,228,236,240,257,273
202:9,13,15,22,39,68,69,75,85,87,88,113,114,144,148,150,153,174,192,198,261,208,235,236,247,291
203:11,12,37,50,54,63,64,102,133,149,173,194,263,212,213,230,241,247
204:5,8,15,22,24,42,45,53,55,65,66,76,83,87,115,121,175,181,201,252,209,214,219,258,264,287,295
205:12,19,20,27,37,43,82,101,145,160,166,171,201,251,255,257,270,283,289
206:52,66,68,86,115,138,145,161,181,295,214,223,231,239,253,276
207:22,25,41,66,67,75,97,113,149,152,185,274,250,280,281,298
208:4,18,32,36,57,70,86,103,130,168,169,190,202,276,235,272,279,297
209:9,17,22,27,42,49,64,68,80,81,86,88,163,174,176,204,270,230,234,268,271,299
210:30,44,45,54,74,92,100,107,123,125,127,170,199,201,217,211,220,238,277,287,292
211:5,18,31,51,78,107,114,126,154,157,161,174,176,179,181,185,194,210,253,265,272,284,297,298
212:29,37,40,81,93,100,149,170,178,183,186,189,203,297,213,217,234,254,270
213:35,52,55,75,90,105,109,119,162,187,196,198,203,212,253,214,244,245,251,257
214:41,64,70,89,90,91,110,118,119,129,131,141,189,204,206,213,274,235,265,298
215:10,80,98,112,130,137,138,149,159,181,188,200,256,217,229,230,232,271,277
216:25,30,31,77,88,121,132,174,184,188,191,194,199,229,225,228,244,247,253,257,272,278,282
217:6,11,42,57,108,111,139,144,158,173,174,176,210,212,215,287,233,257,282,297
218:4,12,32,33,54,93,118,130,146,193,195,231,226,241,262,274,279
219:1,3,6,28,44,56,57,61,76,152,160,166,190,194,201,204,230,243,255,261,281,288
220:9,48,68,69,75,82,96,107,144,153,155,174,187,196,210,266,242,244,247,250,258,279,286
221:6,46,47,50,63,66,72,80,99,106,141,160,164,174,252,230,231,233,248,257,260,274,277,289
222:7,8,16,33,38,45,47,71,80,105,164,271,223,239,256,283,297,299
223:2,7,25,28,50,89,103,131,142,155,159,168,180,181,206,222,237,242,251,262,266,276,283
224:7,19,37,67,74,78,103,108,109,118,134,147,154,166,275,230,232,247,285,291,299
225:0,15,27,28,56,61,66,79,83,89,91,96,99,116,136,139,147,148,149,216,262,233,235,244,253,259,273,276,298
226:16,17,28,32,35,47,52,53,70,79,84,96,98,100,135,136,155,157,186,200,218,257,244,245,271,272,279,289
227:31,37,130,146,192,197,200,271,234,235,256,264,269,273,277,289
228:15,45,52,71,103,112,116,126,129,133,145,153,173,175,201,216,273,244,249,263,272,282,285,290
229:3,8,21,24,35,64,105,116,120,122,133,135,153,173,174,188,193,215,216,261,230,232,251,273,274,297
230:24,44,64,66,81,119,131,138,169,179,194,203,209,215,219,221,224,229,231,263,274,284
231:11,17,29,43,48,52,59,89,104,108,132,140,152,153,154,165,167,175,185,206,218,221,230,240,232,234,289
232:7,10,15,49,51,67,70,76,85,99,114,122,135,142,156,176,183,191,200,215,224,229,231,278,234,264,289
233:2,3,17,70,90,135,154,177,187,191,193,217,221,225,279,240,250,261,266,285,293
234:4,7,16,34,47,48,61,65,66,74,86,90,91,114,118,130,148,186,209,212,227,231,232,294,251,279
235:19,22,24,40,61,62,76,95,110,121,128,137,173,177,179,188,199,202,208,214,225,227,279,246,258,266,268,286,296
236:3,34,61,104,106,130,132,153,185,201,202,281,241,245,249,275,293,296
237:11,31,41,48,50,79,89,92,135,151,156,178,185,223,290,244,272,274,276,277,291,292
238:17,46,101,103,115,148,156,158,167,169,179,182,210,289,239,250,258,274
239:61,70,88,126,136,151,169,178,197,199,206,222,238,259,270,297
240:25,28,37,50,54,59,166,170,201,231,233,290,255,259
241:5,41,52,54,57,68,72,76,77,85,92,101,102,105,144,154,203,218,236,298,245,246,296
242:16,24,33,36,70,73,89,99,118,145,159,166,168,171,183,188,220,223,245,255,276,281,297
243:21,41,47,51,82,83,114,116,119,121,177,219,298,252,295
244:6,9,24,30,62,87,100,109,125,136,145,162,172,177,187,195,198,213,216,220,225,226,228,237,248,261,282,289,290,295
245:13,14,36,46,56,58,64,96,103,116,129,134,148,165,176,180,213,226,236,241,242,250,266,277,292
246:5,18,41,46,52,59,65,72,83,85,90,91,97,103,104,114,117,135,172,179,180,193,235,241,277,298
247:28,47,86,101,122,124,127,137,144,149,162,168,193,196,202,203,216,220,224,259,254,271,279
248:14,51,53,58,108,125,149,159,163,169,180,192,197,221,244,285,252,286,297,298
249:12,13,37,61,70,90,99,120,126,140,178,180,183,193,228,236,291,250,259,265,271,273,288
250:21,35,45,51,57,61,80,89,91,101,104,124,134,137,139,150,166,192,195,207,220,233,238,245,249,288,252,264,266,281,286
251:34,36,57,86,93,96,97,105,114,135,143,149,151,154,159,177,196,205,213,223,229,234,277,253,254,287,289,295
252:3,5,17,20,25,43,56,62,71,74,98,107,126,130,135,148,160,165,169,177,181,204,221,243,248,250,271,282
253:23,58,113,135,146,147,195,206,211,213,216,225,251,273,262,272,286
254:3,6,16,38,40,46,47,51,58,65,76,79,98,100,107,115,116,147,165,167,196,200,212,247,251,260,268,291,294
255:3,23,53,69,78,83,104,130,140,141,162,165,174,180,187,205,219,240,242,288,256,264,265,281,291,292
256:43,65,79,82,86,141,142,153,156,160,193,200,215,222,227,255,272,270,278,294,295
257:5,25,32,36,38,52,61,88,99,110,125,135,142,144,165,181,199,201,205,213,216,217,221,226,258,299
258:26,31,42,72,92,112,118,123,124,141,147,155,171,173,184,187,194,204,220,235,238,257,285,280,289
259:5,9,25,39,41,57,94,107,142,144,153,158,198,225,239,240,247,249,263,270,276,281
260:18,28,43,49,53,69,90,106,139,221,254,273,265,270,282
261:23,52,53,54,58,68,76,78,84,119,149,150,170,172,181,195,202,219,229,233,244,289,264,274,280,287
262:27,50,67,85,124,128,131,140,151,163,183,195,218,223,225,253,281,275,284,293
263:13,25,50,80,81,86,88,89,123,130,162,165,186,191,203,228,230,259,274,266,290,298
264:18,25,27,28,29,51,54,59,91,97,99,125,141,156,191,204,227,232,250,255,261,274,273,279,294
265:7,15,17,20,21,24,28,39,57,68,75,99,131,139,145,211,214,249,255,260,271,275,278,280,287
266:1,42,49,92,125,134,138,169,174,175,178,220,223,233,235,245,250,263,271,275,277,298,299
267:7,27,36,74,77,95,108,160,165,167,173,175,180,197,198,273,282,289,296
268:7,25,39,42,53,67,75,79,81,116,140,184,209,235,254,295
269:7,37,51,58,59,93,97,101,111,147,152,156,175,180,182,194,196,227,297,289,295,296
270:30,39,59,71,75,78,80,83,111,123,152,161,171,180,190,205,209,212,239,256,259,260,278,299
271:4,30,33,36,53,70,73,92,96,105,118,124,147,172,187,209,215,222,226,227,247,249,252,265,266,284,294
272:9,26,40,63,70,72,83,123,129,143,154,162,168,170,179,181,182,208,211,216,226,228,237,253,256,293,281,292
273:1,13,15,20,21,30,35,48,54,61,66,99,108,124,126,141,147,150,162,171,180,201,225,227,228,229,249,253,260,264,267,292,293,294
274:37,63,73,75,80,93,110,127,129,158,207,214,218,221,229,230,237,238,261,263,264,281,277,282,292
275:32,43,46,55,85,91,105,123,126,128,138,152,157,171,185,188,224,236,262,265,266,296
276:38,51,61,76,110,119,206,208,223,225,237,242,259,297,291
277:43,47,84,121,128,164,193,200,210,215,221,227,237,245,246,251,266,274,282
278:1,9,23,74,75,128,161,216,232,256,265,270,280,286,288,297
279:5,40,46,60,73,83,96,100,104,134,138,147,150,155,156,157,170,208,218,220,226,233,234,235,247,264,297,285
280:3,67,69,103,122,164,179,207,258,261,265,278,299
281:15,34,59,106,138,156,175,184,188,207,219,236,242,250,255,259,262,272,274,298,285
282:12,73,89,93,107,110,111,129,138,183,216,217,228,244,252,260,267,274,277,289
283:10,31,32,51,53,74,86,94,99,101,110,114,115,119,134,135,143,145,181,184,187,205,222,223,286
284:5,20,24,29,31,64,69,107,134,135,178,211,230,262,271,288,286
285:9,12,14,62,63,64,86,89,92,103,119,176,189,224,228,233,248,258,279,281,296,295
286:5,11,67,73,97,102,111,117,136,143,170,187,196,220,235,248,250,253,278,283,284,287
287:3,29,74,90,93,99,104,164,175,189,204,210,217,251,261,265,286,299,290
288:9,22,27,31,46,74,99,108,113,118,127,129,136,155,192,199,219,249,250,255,278,284,298
289:17,27,36,48,60,72,74,91,100,118,123,148,157,165,182,184,197,199,205,221,226,227,231,232,238,244,251,258,261,267,269,282,298,296
290:0,14,18,30,79,98,101,105,115,120,172,178,193,228,237,240,244,263,287,292,298
291:13,14,34,35,46,50,71,82,98,110,115,119,125,126,129,136,140,144,147,151,156,159,179,197,202,224,237,249,254,255,276,299,294
292:5,20,25,34,42,43,73,84,105,129,173,198,210,237,245,255,272,273,274,290,293
293:0,6,16,20,32,42,95,114,121,136,140,182,233,236,262,272,273,292,297,296
294:16,22,32,34,97,98,166,170,179,234,254,256,264,271,273,291,298
295:1,6,50,60,71,75,76,87,106,127,147,168,177,183,197,204,206,243,244,251,256,268,269,285,299
296:13,24,42,46,72,89,124,133,167,235,236,241,267,269,275,285,289,293,298
297:0,58,77,103,124,146,149,155,157,170,186,208,211,212,217,222,229,239,242,248,269,276,278,279,293,299
298:22,27,35,41,57,59,74,75,79,80,105,127,152,163,176,181,193,196,207,211,214,225,241,243,246,248,263,266,281,288,289,290,294,296,299
299:8,26,72,73,130,141,146,147,168,183,184,192,209,222,224,257,266,270,280,287,291,295,297,298
