0:213,6,7,12,44,46,55,75,100,129,131,148,151,159,170,179,195,201,208,215,220,237
1:51,9,16,39,45,48,74,95,99,104,145,157,167,169,188,197,207,223
2:55,6,51,58,62,64,70,84,85,94,103,120,131,132,134,151,200,216,224
3:170,33,47,55,70,75,106,110,128,133,140,154,163,167,168,173,187,233,237
4:161,17,38,41,81,106,112,117,125,156,179,195,205,212,213
5:98,14,17,23,30,41,43,59,83,99,100,111,112,116,127,144,146,149,163,177,191,194,238
6:0,2,196,31,34,40,49,54,67,75,87,90,98,133,137,144,154,172,208
7:0,89,10,17,26,43,45,47,66,70,86,107,162,197,224,227,230
8:12,11,14,51,57,61,71,85,110,130,137,138,155,167,187,189,215,220,226,231
9:1,32,10,25,26,38,52,56,75,95,97,139,160,185,209,233
10:7,9,20,26,38,43,44,105,106,114,120,126,167,175,176,177,188,207,229
11:8,109,12,15,26,47,51,52,79,110,123,151,156,172,198,226,228,235
12:0,8,11,236,15,17,31,32,37,74,78,83,106,117,131,147,148,149,153,160,172,181,215,216,238
13:51,17,36,41,43,49,61,67,77,83,92,107,126,137,147,149,159,168,173,190,202,203,211,220,225,226,228,235,236
14:5,8,168,26,47,92,93,95,109,154,159,167,173,198,222,232,239
15:11,12,100,26,30,40,42,53,62,63,67,72,86,88,89,99,122,130,143,170,195,204,207,232,234
16:1,57,45,58,59,62,77,115,135,137,163,193,195,200,205,215,220
17:4,5,7,12,13,73,33,35,69,82,83,93,109,121,122,144,156,160,170,175,185,198,205,206,239
18:129,24,26,56,59,66,69,74,81,90,96,100,101,102,104,116,125,144,158,177,182,183,211,238
19:128,22,57,58,60,68,73,114,125,135,144,155,202,204,213,230,231,233,234
20:10,198,35,36,38,63,75,97,104,109,118,123,136,147,153,154,186,190,191,192,193,194,219,223,234,235,237
21:76,49,59,99,106,112,113,148,172,191,196,219,220
22:19,213,39,48,50,53,81,90,99,151,153,154,171,208,222,232,236
23:5,219,36,54,86,98,108,137,140,158,169,182,205,208,209,217,220,230
24:18,62,31,33,50,54,57,58,94,99,149,153,160,165,173,179,189,196,199,222,238
25:9,48,29,50,54,62,91,103,105,106,118,138,148,166,195,197,212,217,218,231,233,239
26:7,9,10,11,14,15,18,110,38,40,47,49,61,72,78,84,95,97,100,105,124,125,144,168,176,201,214,219,225
27:187,33,35,43,46,47,52,59,73,75,81,82,86,104,112,115,140,180,192,200,214
28:224,97,107,116,121,149,160,174,178,180,203,208,211,214,222,233
29:25,97,53,62,72,110,129,152,189,203,210,233,236
30:5,15,72,34,65,66,77,90,98,102,114,146,150,155,165,187,204,210
31:6,12,24,217,32,64,89,105,140,145,162,181,183,199,222,225,227,236
32:9,12,31,48,42,45,64,75,101,116,123,143,144,151,154,170,176,180,189,219
33:3,17,24,27,72,40,56,61,75,79,81,89,90,96,101,111,123,136,151,152,161,167,171,177,178,188,210,230,233
34:6,30,71,49,60,72,81,101,107,112,117,119,120,132,185,235
35:17,20,27,149,46,47,52,65,67,71,128,145,153,190,203,213,223,236
36:13,20,23,147,45,46,64,65,74,75,96,99,101,117,131,132,135,138,146,150,166,175,207,208,223,228
37:12,113,59,63,80,81,102,117,118,129,153,162,166,173,216,222
38:4,9,10,20,26,43,44,69,91,94,132,158,165,169,172,182,188,221,236
39:1,22,122,56,64,74,93,103,123,125,135,136,149,153,162,173,216,228
40:6,15,26,33,173,42,45,51,61,68,81,84,89,96,114,127,150,163,178,183,207,221,235
41:4,5,13,88,49,56,68,69,75,83,87,94,109,110,155,170,178,190,202,212
42:15,32,40,84,47,53,57,60,68,98,103,112,138,153,175,180,209,213
43:5,7,10,13,27,38,190,56,62,63,73,80,98,103,105,145,159,174,195,199,222,229
44:0,10,38,184,60,61,66,74,83,98,103,129,142,146,147,156,164,170,175,194,196,197,235
45:1,7,16,32,36,40,90,63,136,167,173,203,226
46:0,27,35,36,152,59,64,74,89,124,171,189,195,201,204,208,227,233
47:3,7,11,14,26,27,35,42,70,48,81,93,139,142,159,167,168,172,179,180,182,188,223,228
48:1,22,25,32,47,138,56,59,90,97,105,108,127,133,135,137,167,174,178,195,202,214
49:6,13,21,26,34,41,92,58,88,97,121,128,141,142,147,156,157,169,196,197,213,219,232,238
50:22,24,25,128,110,132,140,145,173,190,196,212,215,227,231
51:1,2,8,11,13,40,87,54,57,59,75,84,100,136,148,153,165,191,198,216,225
52:9,11,27,35,203,53,54,56,143,146,161,165,186,230,233
53:15,22,29,42,52,186,57,62,76,101,145,147,154,155,162,164,165,178,231
54:6,23,24,25,51,52,153,60,61,76,117,157,159,179,232,235,238
55:0,2,3,192,62,65,74,79,87,99,113,129,133,145,162,167,197,231,237
56:9,18,33,39,41,43,48,52,216,72,86,90,97,110,122,158,159,181,187,189,194,204
57:8,16,19,24,42,51,53,235,58,83,84,149,178,181,187,189,195,211,220,223,231,232
58:2,16,19,24,49,57,59,85,101,105,119,149,158,164,194,199,213,214,228,229,235
59:5,16,18,21,27,37,46,48,51,58,218,61,73,88,98,123,156,176,178,197,234
60:19,34,42,44,54,94,75,76,83,86,138,154,159,160,214
61:8,13,26,33,40,44,54,59,70,94,98,113,131,150,171,229,235,236
62:2,15,16,24,25,29,43,53,55,172,76,102,106,111,113,124,139,154,181,199,215,221
63:15,20,37,43,45,205,83,84,87,90,100,102,113,148,165,177,184,190,196,199,200,208,215,222
64:2,31,32,36,39,46,169,96,116,120,131,150,157,158,171,180,183,187,191,194,220,222,230,238
65:30,35,36,55,181,72,93,101,102,145,146,148,153,155,168,231,232,238
66:7,18,30,44,165,89,91,110,119,123,144,145,153,169,203,229
67:6,13,15,35,112,74,82,93,107,158,166,219,235
68:19,40,41,42,80,77,83,100,163,166,174,177,182,183,208,218,222,228,238
69:17,18,38,41,185,71,79,88,101,123,136,142,167,169,179,190,193,204,219,223
70:2,3,7,47,61,159,92,112,117,121,162,188,223,227
71:8,34,35,69,187,138,139,176,177,182,198,199,201,205,212,238
72:15,26,29,30,33,34,56,65,218,85,144,151,153,155,186,220,221,236
73:17,19,27,43,59,108,74,83,86,109,115,118,126,134,153,171,179,192,196,209,219,226,230,234
74:1,12,18,36,39,44,46,55,67,73,215,79,92,122,140,155,175,178,181,188,206
75:0,3,6,9,20,27,32,33,36,41,51,60,99,89,122,166,193,196,212
76:21,53,54,60,62,158,93,100,102,123,128,151,180,205,214,218,232,234
77:13,16,30,68,176,86,93,122,123,134,139,140,147,161,202,206,220,224,230
78:12,26,83,82,93,95,96,99,111,114,130,162,164,166,174,219
79:11,33,55,69,74,233,91,97,102,114,163,165,192,198,202
80:37,43,68,145,98,107,139,141,146,154,159,175,177,178,179,207
81:4,18,22,27,33,34,37,40,47,142,97,107,130,156,182,184,190,221
82:17,27,67,78,168,103,123,140,149,150,167,206,212,215,228,239
83:5,12,13,17,41,44,57,60,63,68,73,78,239,145,148,156,186,195,196,222
84:2,26,40,42,51,57,63,189,89,114,130,131,132,153,162,176,195,200,229
85:2,8,58,72,132,93,103,105,109,115,121,137,161,165,166,204,206,209,227,238
86:7,15,23,27,56,60,73,77,160,92,93,110,119,120,144,149,152,175,188,195,211,227
87:6,41,51,55,63,227,90,106,140,145,151,187,189,192,201,207,233
88:15,41,49,59,69,197,111,112,126,132,143,190,200,220
89:7,15,31,33,40,46,66,75,84,229,94,102,103,105,111,115,142,160,185,193,214,222,235
90:6,18,22,30,33,45,48,56,63,87,147,109,114,131,154,159,160,184,192,194,216,221
91:25,38,66,79,211,108,117,128,141,153,191,205,206,221,231
92:13,14,49,70,74,86,154,96,97,113,119,126,142,164,177,181,185,189,215,225
93:14,17,39,47,65,67,76,77,78,85,86,227,103,134,136,143,176,207,211,228,233,238
94:2,24,38,41,60,61,89,182,96,105,108,142,145,155,174,181,203,210,212,229
95:1,9,14,26,78,124,134,142,148,158,162,180,184,190,198,227,237,239
96:18,33,36,40,64,78,92,94,220,118,186,199,201,210,223
97:9,20,26,28,29,48,49,56,79,81,92,208,99,131,137,160,163,185,203,207,219
98:5,6,23,30,42,43,44,59,61,80,159,101,112,119,122,126,127,139,141,144,168,183,193
99:1,5,15,21,22,24,36,55,75,78,97,113,101,125,136,139,158,159,186,188,192,193,196,197,202,225
100:0,5,15,18,26,51,63,68,76,158,102,108,138,165,177,188,201,223,234
101:18,32,33,34,36,53,58,65,69,98,99,219,107,110,111,118,191,198,204,210,214,215
102:18,30,37,62,63,65,76,79,89,100,180,169,172,185,213
103:2,25,39,42,43,44,82,85,89,93,136,104,114,119,122,127,132,148,149,151,187,206,235,237
104:1,18,20,27,103,125,106,112,117,138,144,148,150,151,153,163,184,185,192,221
105:10,25,26,31,43,48,58,85,89,94,224,106,121,150,151,164,174,184,205,211,215,217,229
106:3,4,10,12,21,25,62,87,104,105,139,127,173,175,188,190,191,205,212,219,231
107:7,13,28,34,67,80,81,101,190,112,117,127,129,130,148,157,164,173,197,208,230,239
108:23,48,73,91,94,100,208,112,113,119,134,151,157,161,169,174,193,228,234,239
109:11,14,17,20,41,73,85,90,175,120,122,141,171,177,197,206,215,225,228
110:3,8,11,26,29,41,50,56,66,86,101,136,111,126,159,160,185,192,194,196,199,204,212,235,237
111:5,33,62,78,88,89,101,110,163,131,137,138,162,169,171,235
112:4,5,21,27,34,42,67,70,88,98,104,107,108,188,144,155,204,222,229,238
113:21,37,55,61,62,63,92,99,108,167,121,130,147,164,165,176,194,212,218,219,226
114:10,19,30,40,78,79,84,90,103,186,145,149,156,167,171,181,187,213,226,235
115:16,27,73,85,89,236,124,125,140,150,178,181,202,212,221
116:5,18,28,32,64,148,121,122,124,125,134,159,165,186,190,208,219
117:4,12,34,36,37,54,70,91,104,107,210,122,128,136,168,214,220,239
118:20,25,37,73,96,101,141,131,135,149,152,162,164,165,167,169,174,184,189,191,218
119:34,58,66,86,92,98,103,108,136,132,133,135,143,148,161,168,169,193,200,203,214,237,238
120:2,10,34,64,86,109,231,129,176,185,189,218,221
121:17,28,49,70,85,105,113,116,163,142,150,165,172,173,182,193,231
122:15,17,39,56,74,75,77,98,103,109,116,117,206,132,133,147,171,177,193,195,219
123:11,20,32,33,39,59,66,69,76,77,82,208,127,135,145,166,167,194,217,218,220,238
124:26,46,62,95,115,116,149,138,139,142,154,180,207,217,231
125:4,18,19,26,39,99,104,115,116,136,168,204,211,219,221,225,234
126:10,13,73,88,92,98,110,228,128,153,162,187,195,217
127:5,40,48,98,103,106,107,123,142,128,129,147,151,154,167,189,196,198,201,203,223,225,228,232
128:3,19,35,49,50,76,91,117,126,127,196,131,135,139,170,185,193,198,200,227,238
129:0,18,29,37,44,55,107,120,127,202,152,154,167,191,209,228
130:8,15,78,81,84,107,113,239,134,167,173,178,203,230
131:0,2,12,36,61,64,84,90,97,111,118,128,150,136,140,174,213,215,218,225,232
132:2,34,36,38,50,84,85,88,103,119,122,161,140,141,142,143,162,167,169,178,192,202,206,215,216,235,236
133:3,6,48,55,119,122,215,144,146,165,168,203,226,230,232
134:2,73,77,93,95,108,116,130,140,143,161,181,183,184,193,198,209,213,234
135:16,19,36,39,48,118,119,123,128,203,149,162,169,182,199,213
136:20,33,39,45,51,69,93,99,103,110,117,119,125,131,197,159,161,219,225
137:6,8,13,16,23,48,85,97,111,158,145,149,154,156,176,187,195,196,199,215,221
138:8,25,36,42,48,60,71,100,104,111,124,228,139,151,159,174,202,206,207,218
139:9,47,62,71,77,80,98,99,106,124,128,138,161,188,189,194,224
140:3,23,27,31,50,74,77,82,87,115,131,132,134,234,153,157,171,172,183,198,199,204
141:49,80,91,98,109,118,132,216,146,176,192,193,205,227
142:44,47,49,69,81,89,92,94,95,121,124,127,132,202,160,175,177,180,181,183,187,195,215,232
143:15,32,52,88,93,119,132,134,228,160,171,195,207,224,231,236
144:5,6,17,18,19,26,32,66,72,86,98,104,112,133,164,147,153,166,167,168,179,196,211,213
145:1,31,35,43,50,53,55,65,66,80,83,87,94,114,123,137,224,148,208,209
146:5,30,36,44,52,65,80,133,141,197,154,157,216,221,223,231
147:12,13,20,36,44,49,53,77,90,113,122,127,144,209,153,163,168,172,205,221,231,235,237
148:0,12,21,25,51,63,65,83,95,103,104,107,116,119,145,178,155,170,176,201,209,235
149:5,12,13,24,28,35,39,57,58,82,86,103,114,118,124,135,137,222,163,174,209,211,230
150:30,36,40,61,64,82,104,105,115,121,131,154,158,161,183,184,193,194,207,210,221,225
151:0,2,11,22,32,33,72,76,87,103,104,105,108,127,138,211,153,167,169,183,193,199,216,232
152:29,33,46,86,118,129,158,156,174,191,193,201,211,223,229
153:12,20,22,24,35,37,39,42,51,54,65,66,72,73,84,91,104,126,140,144,147,151,167,155,171,179,182,195,201,206,211,213
154:3,6,14,20,22,32,53,60,62,80,90,92,124,127,129,137,146,150,209,159,166,181,207,228,232
155:8,19,30,41,53,65,72,74,94,112,148,153,228,167,192,196,218,224
156:4,11,17,44,49,59,81,83,114,137,152,226,169,177,208,211,214,232,238,239
157:1,49,54,64,107,108,140,146,194,158,178,197,220
158:18,23,38,56,58,64,67,76,95,99,100,137,150,152,157,165,164,207,223
159:0,13,14,43,47,54,56,60,70,80,90,98,99,110,116,136,138,154,226,164,176,196,205,213
160:9,12,17,24,28,60,86,89,90,97,110,142,143,192,162,168,175,179,209,220,236,237,238
161:4,33,52,77,85,108,119,132,134,136,139,150,218,162,173,180,182,187,192,207,235,236
162:7,31,37,39,53,55,70,78,84,95,111,118,126,132,135,160,161,188,168,178,192,195,208
163:3,5,16,40,68,79,97,104,111,121,147,149,223,166,189,195,234,238
164:44,53,58,78,92,105,107,113,118,144,158,159,223,173,186,206,212
165:24,30,38,51,52,53,63,66,79,85,100,113,116,118,121,133,158,211,170,180,194,198,202,208,230
166:25,36,37,67,68,75,78,85,123,144,154,163,200,170,179,196,198,224
167:1,3,8,10,14,33,45,47,48,55,69,82,113,114,118,123,127,129,130,132,144,151,153,155,191,186,200,201,221,223,238
168:3,13,14,26,47,65,82,98,117,119,125,133,144,147,160,162,215,172,183,213,228
169:1,23,38,49,64,66,69,102,108,111,118,119,132,135,151,156,212,172,174,178,186,191,202,228
170:0,3,15,17,32,41,44,128,148,165,166,221,173,176,178,184,187,189,194,198,208,225,230,234
171:22,33,46,61,64,73,109,111,114,122,140,143,153,217,192,194,205,214,226
172:6,11,12,21,38,47,62,102,121,140,147,168,169,218,176,191,208,211,216,230,231
173:3,13,14,24,37,39,40,45,50,106,107,121,130,161,164,170,206,175,194,205,211,222,233
174:28,43,48,68,78,94,105,108,118,131,138,149,152,169,207,210,226
175:10,17,36,42,44,74,80,86,106,109,142,160,173,217
176:10,26,32,59,71,77,84,93,113,120,137,141,148,159,170,172,219,186,221
177:5,10,18,33,63,68,71,80,92,100,109,122,142,156,212,198,225
178:28,33,40,41,48,53,57,59,74,80,115,130,132,148,157,162,169,170,196,183,187,198
179:0,4,24,47,54,69,73,80,144,153,160,166,222,191,205,238
180:27,28,32,42,47,64,76,95,102,124,142,161,165,199,198,204,236
181:12,31,56,57,62,65,74,92,94,114,115,134,142,154,225,202,219,238
182:18,23,38,47,68,71,81,94,121,135,153,161,237,186,197,198,215,225,231,232
183:18,31,40,64,68,98,134,140,142,150,151,168,178,234,199
184:44,63,81,90,95,104,105,118,134,150,170,221,209,237
185:9,17,34,69,89,92,97,102,104,110,120,128,191,211,225,239
186:20,52,53,72,83,96,99,114,116,164,167,169,176,182,225,206,224,227,234
187:3,8,27,30,56,57,64,71,87,103,114,126,137,142,161,170,178,202,201,223,234,235
188:1,10,33,38,47,70,74,86,99,100,106,112,139,162,213,196,220,231,239
189:8,24,29,32,46,56,57,84,87,92,118,120,127,139,163,170,196,230
190:13,20,35,41,43,50,63,69,81,88,95,106,107,116,210,191,192,205,230
191:5,20,21,51,64,91,101,106,118,129,152,167,169,172,179,185,190,201,194,209,224,225,239
192:20,27,55,73,79,87,90,99,104,110,132,141,155,160,161,162,171,190,222,203,223,237
193:16,20,69,75,89,98,99,108,119,121,122,128,134,141,150,151,152,223,196,219,225
194:5,20,44,56,58,64,90,110,113,123,139,150,157,165,170,171,173,191,217,201,210,226,238
195:0,4,15,16,25,43,46,48,57,83,84,86,122,126,137,142,143,153,162,163,218,213,222,231
196:6,21,24,44,49,50,63,73,75,83,99,110,127,128,137,144,155,159,166,178,188,189,193,220,198,214
197:1,7,25,44,49,55,59,88,99,107,109,136,146,157,182,228,203,204,208,224,229,232,234,239
198:11,14,17,20,51,71,79,95,101,127,128,134,140,165,166,170,177,178,180,182,196,230,208,210,223,233
199:24,31,43,58,62,63,71,96,110,135,137,140,151,180,183,213,227,228
200:2,16,27,63,84,88,119,128,166,167,225,228
201:0,26,46,71,87,96,100,127,148,152,153,167,187,191,194,221,204,211
202:13,19,41,48,77,79,99,115,129,132,138,142,165,169,181,187,213,221,234
203:13,28,29,35,45,52,66,94,97,119,127,130,133,135,192,197,220,214,223
204:15,19,30,46,56,69,85,101,110,112,125,140,180,197,201,237,205,212,214,232
205:4,16,17,23,63,71,76,91,105,106,141,147,159,171,173,179,190,204,236,208,218,223,227
206:17,74,77,82,85,91,103,109,122,132,138,153,164,173,186,213,219,226,227
207:1,10,15,36,40,80,87,93,97,124,138,143,150,154,158,161,174,224,208,219,221,226,230,235
208:0,6,22,23,28,36,46,63,68,97,107,108,116,123,145,156,162,165,170,172,197,198,205,207,236,209,213,229,231
209:9,23,42,73,85,129,134,145,147,148,149,154,160,184,191,208,224,218,220,230
210:29,30,33,94,96,101,117,150,174,190,194,198,218,233,236
211:13,18,28,57,86,91,93,105,125,144,149,151,152,153,156,165,172,173,185,201,227,218,231
212:4,25,41,50,71,75,82,94,106,110,113,115,164,169,177,204,216,215
213:0,4,19,22,35,42,49,58,102,114,131,134,135,144,153,159,168,188,195,199,202,206,208,230,214,224,235,236
214:26,27,28,48,58,60,76,89,101,117,119,156,171,196,203,204,213,236
215:0,8,12,16,50,62,63,74,82,92,101,105,109,131,132,133,137,142,168,182,212,220,222,233
216:2,12,37,39,51,56,90,132,141,146,151,172,212,234
217:23,25,31,105,123,124,126,171,175,194,237,230,233,235
218:25,59,68,72,76,113,118,120,123,131,138,155,161,172,195,205,209,210,211,236,225,235
219:20,21,23,26,32,49,67,69,73,78,97,101,106,113,116,122,125,136,176,181,193,206,207,221,228
220:0,8,13,16,21,23,57,64,72,77,88,96,117,123,157,160,188,196,203,209,215,224,231
221:38,40,62,72,81,90,91,104,115,120,125,137,146,147,150,167,170,176,184,201,202,207,219,223,231
222:14,22,24,28,31,37,43,63,64,68,83,89,112,149,173,179,192,195,215,237,229,230
223:1,20,35,36,47,57,69,70,96,100,127,146,152,158,163,164,167,187,192,193,198,203,205,221,234,232,238
224:2,7,28,77,105,139,143,145,155,166,186,191,197,207,209,213,220,236
225:13,26,31,51,92,99,109,125,127,131,136,150,170,177,181,182,185,186,191,193,200,218,237,226,227,228,231
226:8,11,13,45,73,113,114,133,156,159,171,174,194,206,207,225,236,229
227:7,31,46,50,70,85,86,87,93,95,128,141,186,199,205,206,211,225,239
228:11,13,36,39,47,58,68,82,93,108,109,126,127,129,138,143,154,155,168,169,197,199,200,219,225,239,232
229:10,43,58,61,66,84,89,94,105,112,152,197,208,222,226,239
230:7,19,23,33,52,64,73,77,107,130,133,149,165,170,172,189,190,198,207,209,213,217,222,233,239
231:8,19,25,50,53,55,57,65,91,106,120,121,124,143,146,147,172,182,188,195,208,211,220,221,225,235
232:14,15,22,49,54,57,65,76,127,131,133,142,151,154,156,182,197,204,223,228,237
233:3,9,19,25,28,29,33,46,52,79,87,93,173,198,210,215,217,230,239,235
234:15,19,20,59,73,76,100,108,125,134,140,163,170,183,186,187,197,202,216,223,236
235:11,13,20,34,40,44,54,57,58,61,67,89,103,110,111,114,132,147,148,161,187,207,213,217,218,231,233,237
236:12,13,22,29,31,35,38,61,72,115,132,143,160,161,180,205,208,210,213,214,218,224,226,234,238
237:0,3,20,55,95,103,110,119,147,160,182,184,192,204,217,222,225,232,235,239
238:5,12,18,24,49,54,64,65,68,71,85,93,112,119,123,128,156,160,163,167,179,181,194,223,236,239
239:14,17,25,82,83,95,107,108,117,130,156,185,188,191,197,227,228,229,230,233,237,238
