0:124,52,111,134,165
1:203,156
2:227,115,138
3:96,195,208,217
4:221,51,203
5:18,133,260
6:36,213
7:262,21,191,258
8:156,41,70,85,106,208,228
9:105,141
10:222,127,212,256
11:102,59,169,247,259
12:246,243
13:155,137,225,261
14:83,45,239,263
15:123,211,218
16:71,250,256,260
17:40,20,161
18:5,120,42,94,190,211
19:244,36,164,176,190,224
20:17,267,230
21:7,76,38,131,263
22:158,154,247
23:228,110,176
24:37,45,49,113,232,243,264
25:159,35,93,126,236
26:51,170,186,213,230,263
27:255,141,167,247
28:74,91,234
29:217,60
30:115,200
31:91,43,149,202
32:121,78,126,139,170,184,237
33:120,143,238,264,266
34:171,56,69,85,130,175,206
35:25,152,153,204
36:6,19,142,240
37:24,262,88,93,245,247
38:21,119,53,87,112,261
39:75,73,166
40:17,269,136,159
41:8,250,96,132
42:18,174,53,92
43:31,73,222
44:95,86,168,186,195,202
45:14,24,134
46:139,248,269
47:92,57,78,119,224,262,267
48:255,204,219,264
49:24,154,50,267
50:49,189,104,122,228,244
51:4,26,213,55,65,105,141,194
52:0,80,55,132,147,228
53:38,42,108,236
54:96,107,109,187,254
55:51,52,73,201,213,266
56:34,180,66,151,157,164,175,198,212,234
57:47,94,100,221
58:83,84,243
59:11,128,139,193
60:29,131,83,92,235
61:89,266
62:127,140
63:198,69,177,238,263
64:68,139
65:51,68,110,157,209
66:56,269,167,195,213,223,232
67:226,121
68:64,65,89,85,107
69:34,63,91,80,172,185,186,234
70:8,253
71:16,73,103,127,217,220
72:182,94,150
73:39,43,55,71,209
74:28,102,87
75:39,165,82,87,122,181
76:21,215,162
77:169,108,126,199
78:32,47,269,104,110,146
79:187,128,232
80:52,69,248,118,150,217,220,261
81:185,104,158
82:75,131,99,112,157,225,241,242
83:14,58,60,98,156,164,187,247
84:58,260
85:8,34,68,117,168
86:44,215,114
87:38,74,75,96,181
88:37,267,198,239
89:61,68,207,134,176,258
90:127,99,111,168
91:28,31,69,234,203
92:42,47,60,163,156,172,222
93:25,37,101,176,185,208,251
94:18,57,72,229,234,269
95:44,126,114,133
96:3,41,54,87,211,157
97:166,129,131,268
98:83,253,131,150
99:82,90,220,143,183
100:57,178,164
101:93,164,141,154,225
102:11,74,173,215,238
103:71,239
104:50,78,81,230,108,149,189,253
105:9,51,198,108,133,263
106:8,150
107:54,68,201,115,157,167,265
108:53,77,104,105,264,195
109:54,208,122,192
110:23,65,78,116,259
111:0,90,152,122,135,205,255
112:38,82,189,221
113:24,182,119,266
114:86,95,204,119,137,197
115:2,30,107,213,210
116:110,172,210
117:85,261,158,235,262
118:80,130
119:38,47,113,114,237,151
120:18,33,237,144
121:32,67,190,142,187,192,209,226,246
122:50,75,109,111,212,160
123:15,227,133,165
124:0,226
125:174,169,206
126:25,32,77,95,248,259
127:10,62,71,90,231,199
128:59,79,200
129:97,208
130:34,118,180
131:21,60,82,97,98,244,178
132:41,52,191,151,156,238
133:5,95,105,123,192,208,255
134:0,45,89,149,211
135:111,194,192
136:40,161,172,178,216
137:13,114,222,145,215
138:2,218,169,249
139:32,46,59,64,161,160
140:62,173,246
141:9,27,51,101,211,265
142:36,121,260
143:33,99,232,224
144:120,253,178
145:137,199,262
146:78,211,240,257
147:52,180,174,190,217
148:163,167
149:31,104,134,159
150:72,80,98,106,174,203
151:56,119,132,163,170,191,194
152:35,111,197,192
153:35,165,164,254
154:22,49,101,222,193
155:13,171,181,201
156:1,8,83,92,132,249,233
157:56,65,82,96,107,158
158:22,81,117,157,220
159:25,40,149,230,203
160:122,139,207
161:17,136,139,232,165,205,256
162:76,242
163:92,148,151,223,214,219
164:19,56,83,100,101,153,182
165:0,75,123,153,161,211
166:39,97,264,213
167:27,66,107,148,178
168:44,85,90,191
169:11,77,125,138,232
170:26,32,151,181,255
171:34,155,238
172:69,92,116,136,256,183,235
173:102,140,179
174:42,125,147,150,176,218,236
175:34,56,228,210,213
176:19,23,89,93,174,261
177:63,254,246
178:100,131,136,144,167,212,197,199,217,225
179:173,251,242
180:56,130,147,194
181:75,87,155,170,204,222
182:72,113,164,255,209,265
183:99,172,235
184:32,237,236
185:69,81,93,232
186:26,44,69,208,247
187:54,79,83,121,204,235
188:232,209
189:50,104,112,213,194,252
190:18,19,121,147,258
191:7,132,151,168,239,210
192:109,121,133,135,152,194
193:59,154,215
194:51,135,151,180,189,192,224,262,265
195:3,44,66,108,262,239,250
196:207,216,248
197:114,152,178,253,240
198:56,63,88,105,223
199:77,127,145,178,246
200:30,128,225,244
201:55,107,155,210,267
202:31,44,210,257,260,263,267
203:1,4,91,150,159,228,255
204:35,48,114,181,187,233,249
205:111,161,257
206:34,125,254,214
207:89,160,196,263
208:3,8,93,109,129,133,186,241
209:65,73,121,182,188,234,248
210:115,116,175,191,201,202,248,251,267
211:15,18,96,134,141,146,165,240
212:10,56,122,178,253
213:6,26,51,55,66,115,166,175,189,214
214:163,206,213,217,239,245,256
215:76,86,102,137,193,222
216:136,196,240
217:3,29,71,80,147,178,214,228
218:15,138,174,249
219:48,163,260
220:71,80,99,158,254
221:4,57,112,268,250
222:10,43,92,137,154,181,215,251,253,259
223:66,163,198,232
224:19,47,143,194,228
225:13,82,101,178,200,226
226:67,121,124,225,253
227:2,123,252
228:8,23,50,52,175,203,217,224,266,264
229:94,247
230:20,26,104,159,260,234
231:127,246
232:24,66,79,143,161,169,185,188,223,238
233:156,204,252,259
234:28,56,69,91,94,209,230,259,235,253
235:60,117,172,183,187,234,256
236:25,53,174,184,268
237:32,119,120,184,268,251
238:33,63,102,132,171,232,246
239:14,88,103,191,195,214,243,244
240:36,146,197,211,216,267
241:82,208,269
242:82,162,179,257,247
243:12,24,58,239,254,264
244:19,50,131,200,239,267,268
245:37,214,257
246:12,121,140,177,199,231,238,248
247:11,22,27,37,83,186,229,242,261
248:46,80,126,196,209,210,246,261
249:138,156,204,218,252
250:16,41,195,221,269
251:93,179,210,222,237,266
252:189,227,233,249,262
253:70,98,104,144,197,212,222,226,234,255
254:54,153,177,206,220,243,255,262
255:27,48,111,133,170,182,203,253,254,262
256:10,16,161,172,214,235,261
257:146,202,205,242,245,265
258:7,89,190,264,267
259:11,110,126,222,233,234,261
260:5,16,84,142,202,219,230,266
261:13,38,80,117,176,247,248,256,259,266
262:7,37,47,117,145,194,195,252,254,255,267
263:14,21,26,63,105,202,207,267
264:24,33,48,108,166,228,243,258,265
265:107,141,182,194,257,264,268
266:33,55,61,113,228,251,260,261,268
267:20,47,49,88,201,202,210,240,244,258,262,263,269
268:97,221,236,237,244,265,266,269
269:40,46,66,78,94,241,250,267,268
