0:76,172
1:233,36,189,241
2:237,28,179,188
3:144,24,85,111,262,265
4:49,159,161,240
5:191,82,245
6:84,58,243
7:94,21,76,152,165
8:46,12,67,76
9:194,52
10:126,20,149,196
11:61,58,84,246,258
12:8,153,19,136,174,245,258,263
13:183,113,247
14:121,105,252
15:184,136
16:219,85,136,137,178
17:226,36,49,140
18:104,33,179
19:12,50,77,195
20:10,54,22,196,263
21:7,120,145
22:20,229,264
23:102,35,46,73,195,232
24:3,132,176,186,215
25:58,163,208
26:208,63,159
27:108,45
28:2,223,32,45,104,158,211
29:119,47,69,70,111,152,186,192,216,262
30:163,63
31:34,80,127,155,253
32:28,96,57,59,62,207,210,239
33:18,47,138
34:31,177,49
35:23,83,67,99,163
36:1,17,138,132,265
37:122,78,83,164,238,257
38:133,54,57,204,239
39:165,41,45,166,222,237,261
40:126,240
41:39,181,64,106,118,161,250
42:161,136
43:114,125,184,200
44:232,236,251
45:27,28,39,251,62,88,119,152,237
46:8,23,82,191
47:29,33,100,115,149,153,255
48:190,248
49:4,17,34,207,77,135
50:19,71,75,244,261
51:128,127
52:9,118,119,125
53:269,82,170
54:20,38,265,72,77,110,117,130,153,196,217
55:73,198,211,218
56:258,64,76,87,179,183
57:32,38,156,148,154
58:6,11,25,153,131,196
59:32,167
60:187,253,260
61:11,73,170
62:32,45,108,201,226,246
63:26,30,131,101,135,157,190,230
64:41,56,224,143
65:83,185
66:132,81,102
67:8,35,235,239
68:257,75,102,149,207,256
69:29,233,120,164,253
70:29,138
71:50,259,134,236
72:54,74,181,219
73:23,55,61,80,156,184
74:72,252,194,208
75:50,68,142,98,253
76:0,7,8,56,256,86,166,219
77:19,49,54,82,148,237
78:37,200,129
79:186,115,165,264
80:31,73,220,83
81:66,213,148
82:5,46,53,77,260,262
83:35,37,65,80,190,93,256
84:6,11,93,98,134,181,244
85:3,16,264,213,218
86:76,143,87,113,269
87:56,86,245
88:45,225,223,261,264
89:123,103,107,113,202,242
90:101,249,267
91:107,135,175,216,269
92:180,140,171,184,185,224
93:83,84,112,94,130,205,252,265
94:7,93,104,110,114,212
95:206,111
96:32,175
97:236,98,157,243,255
98:75,84,97,113,158,159,202
99:35,256,171,257
100:47,228
101:63,90,163,178,192
102:23,66,68,194,159
103:89,139
104:18,28,94,129,235
105:14,256,171,211,218,224,240
106:41,198,108,109,227
107:89,91,227,267
108:27,62,106,248,144
109:106,116,134,172,261,267
110:54,94,240,225
111:3,29,95,122,258
112:93,170,137
113:13,86,89,98,213,195
114:43,94,156,263
115:47,79,184,130
116:109,267,145,166,203
117:54,185,183,263
118:41,52,124,140,157,197,242,264
119:29,45,52,152,133,218,262
120:21,69,234,225
121:14,199,249
122:37,111,193,132,205
123:89,248,131,174,253
124:118,125
125:43,52,124,191,163,213
126:10,40,185,151,198
127:31,51,236,235,239
128:51,227,139,178,198,221,245
129:78,104,135
130:54,93,115,268,164,178,190
131:58,63,123,261,177,201,217
132:24,36,66,122,195,214,236
133:38,119,149
134:71,84,109,190,159
135:49,63,91,129,208,137,220
136:12,15,16,42,177,243
137:16,112,135,258,248
138:33,36,70,246,248
139:103,128,260,144
140:17,92,118,241,208
141:249,186
142:75,229,227
143:64,86,202,206,215
144:3,108,139,163,232
145:21,116,243,153
146:153,148,202,244,260
147:182,233,249,255,256
148:57,77,81,146,156
149:10,47,68,133,163,188
150:184,187,261
151:126,182,170
152:7,29,45,119,177,220,233
153:12,47,54,58,145,146,194
154:57,162,192,214,249
155:31,164
156:57,73,114,148,245,241
157:63,97,118,219,192,234
158:28,98,248
159:4,26,98,102,134,228,260
160:177,266
161:4,41,42,164,167,210,227
162:154,168
163:25,30,35,101,125,144,149,179,204
164:37,69,130,155,161,167
165:7,39,79,196
166:39,76,116,245,254
167:59,161,164,208,209,233
168:162,210,190,261,265,267
169:250,229
170:53,61,112,151,214,195
171:92,99,105,186,173,177,262
172:0,109,259
173:171,197,178,244,258
174:12,123,258
175:91,96,191
176:24,254,248
177:34,131,136,152,160,171,190,238
178:16,101,128,130,173,179,218,221,246
179:2,18,56,163,178,200
180:92,214,219
181:41,72,84,228,202,243,266
182:147,151,199,187,228,250
183:13,56,117,262,192
184:15,43,73,92,115,150,214
185:65,92,117,126,191
186:24,29,79,141,171,210,242,245
187:60,150,182,262,201
188:2,149,229
189:1,195,217
190:48,63,83,130,134,168,177,216,206,257
191:5,46,125,175,185,223
192:29,101,154,157,183,198,197
193:122,217
194:9,74,102,153,242
195:19,23,113,132,170,189,211,222,232,245
196:10,20,54,58,165,234,239,267
197:118,173,192,224,244,255
198:55,106,126,128,192,238,202
199:121,182,225,241
200:43,78,179,225,228
201:62,131,187,242
202:89,98,143,146,181,198,231,246,262
203:116,266
204:38,163,254
205:93,122,264
206:95,143,190,227,234
207:32,49,68,227,216
208:25,26,74,135,140,167,263
209:167,236,261
210:32,161,168,186,268
211:28,55,105,195,242
212:94,230,219
213:81,85,113,125,229
214:132,154,170,180,184,266
215:24,143,248
216:29,91,190,207,217,244
217:54,131,189,193,216,247,224
218:55,85,105,119,178,257,247
219:16,72,76,157,180,212,253,224,264,268
220:80,135,152,222,241
221:128,178,226,261
222:39,195,220,252,224
223:28,88,191,241
224:64,92,105,197,217,219,222,256,241
225:88,110,120,199,200,240
226:17,62,221,266
227:106,107,128,142,161,206,207,255,263
228:100,159,181,182,200,261,229,233
229:22,142,169,188,213,228,265,231,246,253
230:63,212,240
231:202,229,234,258
232:23,44,144,195,258,249,265
233:1,69,147,152,167,228,256
234:120,157,196,206,231,240
235:67,104,127,245,267
236:44,71,97,127,132,209,248
237:2,39,45,77,244,247,268
238:37,177,198,254
239:32,38,67,127,196,269
240:4,40,105,110,225,230,234,268
241:1,140,156,199,220,223,224,242,248
242:89,118,186,194,201,211,241,248
243:6,97,136,145,181,246,266
244:50,84,146,173,197,216,237,250
245:5,12,87,128,156,166,186,195,235,247
246:11,62,138,178,202,229,243,251
247:13,217,218,237,245,250
248:48,108,123,137,138,158,176,215,236,241,242,263
249:90,121,141,147,154,232,253
250:41,169,182,244,247,263
251:44,45,246,254
252:14,74,93,222,268
253:31,60,69,75,123,219,229,249,257
254:166,176,204,238,251,269
255:47,97,147,197,227,263
256:68,76,83,99,105,147,224,233,262
257:37,68,99,190,218,253,269
258:11,12,56,111,137,173,174,231,232,260
259:71,172,265
260:60,82,139,146,159,258,269
261:39,50,88,109,131,150,168,209,221,228,262
262:3,29,82,119,171,183,187,202,256,261,268
263:12,20,114,117,208,227,248,250,255,265
264:22,79,85,88,118,205,219,268
265:3,36,54,93,168,229,232,259,263,267
266:160,181,203,214,226,243,269
267:90,107,109,116,168,196,235,265,268
268:130,210,219,237,240,252,262,264,267,269
269:53,86,91,239,254,257,260,266,268
