0:36,8,17,41,42,45,46,96,103,137,183,200,218,230
1:69,23,44,48,52,64,78,104,110,111,115,120,130,132,140,141,150,157,167,173,199,205,227,234,236
2:99,8,14,19,24,25,26,28,61,87,118,128,138,143,146,151,164,168,169,178,182,196,197,209,229
3:80,15,36,47,76,84,88,102,109,116,126,134,147,152,153,165,180,190
4:15,18,57,61,74,85,95,97,110,112,116,119,128,133,168,187,203,204,207,232
5:183,20,44,79,109,130,161,163,164,184,199,204,233
6:23,31,39,42,65,86,87,117,122,137,157,171,182,201,209
7:162,12,20,35,52,57,63,72,78,94,103,111,120,134,142,158,164,184
8:0,2,184,35,62,87,92,101,158,180,181,201,209,219
9:94,37,42,82,95,102,106,138,140,147,171,194,199,200,214,217
10:220,21,28,31,49,75,103,105,110,134,153,163,173,187,192,194,200,211,233
11:218,43,48,54,63,74,75,111,116,120,132,145,170,229,235
12:7,200,14,46,62,66,77,85,89,93,99,115,126,172,174,178,212,213
13:196,16,68,92,95,97,100,130,141,152,157,169,180,185,186,190,201,224
14:2,12,206,33,43,52,60,61,66,71,80,83,86,110,112,133,142,155,157,166,176,177,179,181,194,198,216,221
15:3,4,88,22,35,49,76,111,119,121,126,155,176,191,198,214,232
16:13,92,21,27,37,52,65,72,89,127,141,150,151,166,179,185,231,233,239
17:0,38,18,60,62,86,99,103,107,113,121,130,156,194,224,225,231,238
18:4,17,26,20,29,34,59,60,66,77,102,103,107,113,125,136,144,154,155,175,184,199,201,226
19:2,31,23,25,62,64,90,104,109,116,151,181,195,226,236
20:5,7,18,234,39,51,55,74,85,86,92,104,107,113,120,175,203,224,236
21:10,16,126,46,67,91,105,121,124,136,147,155,160,168,202,206,215,218
22:15,182,37,40,55,57,100,105,133,154,177,189,203,233
23:1,6,19,61,30,62,83,86,92,98,109,126,132,169,179,186,217,232
24:2,151,28,31,39,57,79,82,106,108,112,119,125,148,157,167,193,197,199,224
25:2,19,104,57,64,65,72,76,81,95,103,107,110,118,136,143,157,161,174,214,216,223,233,235,237
26:2,18,202,33,38,43,46,54,74,92,105,110,115,141,166,179,182,183,204,209,221,230
27:16,121,48,57,63,67,74,90,95,107,116,123,128,131,147,151,188,199,204,205,220,223
28:2,10,24,218,40,56,121,138,158,186,204,215,220,231,238
29:18,222,40,103,116,136,144,153,154,160,210,218
30:23,158,62,78,87,95,119,123,151,164,166,179,181
31:6,10,19,24,222,47,53,89,106,116,118,134,144,145,160,190,196,203,210,215,221,224
32:214,45,47,71,73,76,114,118,133,140,145,176,185,207,218,219,238
33:14,26,119,82,92,111,126,134,143,146,159,175,178,180,184,221,231,235
34:18,54,57,72,96,112,129,132,143,186,188,193,194,236,239
35:7,8,15,203,47,70,82,91,119,122,123,129,151,170,175,188,214,223
36:0,3,103,39,60,83,85,106,116,127,152,155,175,223
37:9,16,22,195,45,46,50,68,88,96,102,125,131,167,169,175,199,232
38:17,26,164,45,50,53,66,92,116,177,186,187,188,193,207,221,227,233
39:6,20,24,36,204,48,56,90,105,110,145,149,155,158,165,166,172,175,187,190,196,219,236,238
40:22,28,29,186,74,107,111,147,159,194,195,197,218,221
41:0,142,46,53,63,64,136,144,148,149,169,187,198,214,216
42:0,6,9,143,44,47,48,51,63,73,75,100,107,117,126,127,133,146,164,170,171,178,188,196,208
43:11,14,26,74,84,95,97,100,103,129,138,142,143,173,180,185,188,204,217,225,233
44:1,5,42,53,58,73,75,140,145,146,160,167,178,186,206,219,228
45:0,32,37,38,189,52,59,60,79,82,90,109,111,123,144,150,164,173,206,217,220,227,239
46:0,12,21,26,37,41,98,51,69,82,105,126,156,164,168,171,179,199,200,204,214,234
47:3,31,32,35,42,61,52,69,74,85,98,110,168,193,216,218
48:1,11,27,39,42,92,89,127,133,134,136,139,144,203,217,225
49:10,15,170,89,98,113,123,126,134,137,168,178,200,225
50:37,38,164,55,84,94,95,97,98,106,233
51:20,42,46,187,79,113,122,139,148,154,172,194,205,208,216,237
52:1,7,14,16,45,47,177,70,72,82,87,128,130,131,166,181,189,210,214,217,228
53:31,38,41,44,180,54,61,73,78,83,94,127,137,174,190,193,208,218,231
54:11,26,34,53,99,56,67,75,113,120,156,172,176,220
55:20,22,50,140,66,85,100,102,114,121,124,142,145,149,150,173,175,190,207,227,229,231
56:28,39,54,76,60,67,70,78,90,92,98,105,108,116,120,126,141,146,169,175,188,232
57:4,7,22,24,25,27,34,66,68,87,93,117,120,126,128,138,141,177,184,193,225
58:44,182,61,66,78,80,92,102,108,111,112,118,128,136,150,154,166,235
59:18,45,140,62,79,98,108,112,117,124,136,141,152,154,171,178,193,194,196,212,238
60:14,17,18,36,45,56,77,89,104,109,127,159,161,162,188,192,210,231,232,235
61:2,4,14,23,47,53,58,147,82,105,114,140,160,175,182,192,196,201,210,222
62:8,12,17,19,23,30,59,162,72,109,112,126,158,172,177,178,190,195,202,213,237
63:7,11,27,41,42,86,85,101,124,126,143,148,163,173,174,184,234
64:1,19,25,41,163,78,79,85,88,99,125,128,186,194,199,200,217,221
65:6,16,25,178,72,111,112,113,121,125,128,129,150,151,155,169,204,214,216,227
66:12,14,18,38,55,57,58,157,103,146,158,162,182,189,201,204,219,221,227,234,238,239
67:21,27,54,56,207,68,70,73,92,98,103,108,113,118,182,194,199,230
68:13,37,57,67,128,94,116,123,124,139,153,154,165,166,187,192,203,207,225
69:1,46,47,120,71,73,99,115,145,163,167,171,178,192,203,206
70:35,52,56,67,187,72,76,78,96,114,115,121,130,132,167,212
71:14,32,69,74,88,100,104,114,155,157,170,178,189,202
72:7,16,25,34,52,62,65,70,238,82,142,146,160,186,190,193,196,212,232,236
73:32,42,44,53,67,69,109,74,88,98,122,152,153,158,159,165,170,180,198,209,218
74:4,11,20,26,27,40,43,47,71,73,183,82,92,100,111,142,152,155,160,164,175,179,190,203,230
75:10,11,42,44,54,127,89,94,102,123,128,134,162,180,184,204,208,211,222,223
76:3,15,25,32,56,70,141,84,85,105,106,120,126,135,140,145,146,153,165,169,174,194,234
77:12,18,60,200,110,114,125,141,143,166,207,217,220
78:1,7,30,53,56,58,64,70,208,127,130,135,165,173,196,202,205,219
79:5,24,45,51,59,64,184,107,141,143,160,165,170,173,178,197,208,210,219,220,238
80:3,14,58,152,92,112,153,155,161,190,200,211,215,216,230,235
81:25,90,85,100,104,119,125,133,137,146,151,179,217,232
82:9,24,33,35,45,46,52,61,72,74,126,108,111,131,152,175,185,191,214,229
83:14,23,36,53,222,89,90,94,96,110,116,120,132,135,137,144,159,165,170,186,192,204,205,209,215,229,232,235,236
84:3,43,50,76,146,102,111,120,170,209
85:4,12,20,36,47,55,63,64,76,81,122,102,110,126,144,152,184,202,205,214,222,227,237,238
86:6,14,17,20,23,63,239,133,150,155,212,234,238
87:2,6,8,30,52,57,114,88,93,98,126,131,142,160,162,175,178,183,201,214,229
88:3,15,37,64,71,73,87,211,151,153,167,182,184,186,212,219,235
89:12,16,31,48,49,60,75,83,191,90,98,113,129,132,176,177,180,215,228,234
90:19,27,39,45,56,81,83,89,134,103,112,114,129,157,158,167,171,185,186,193,194,207,213,231,238
91:21,35,236,121,130,134,160,180,184,192,195,199,211
92:8,13,16,20,23,26,33,38,48,56,58,67,74,80,209,95,106,139,142,145,146,149,158,168,169,180,183,188,198,211,216,218
93:12,57,87,104,94,117,134,140,147,165,175,194,198,233,238
94:7,9,50,53,68,75,83,93,222,104,112,120,132,146,148,154,162,175,199,200,224
95:4,9,13,25,27,30,43,50,92,238,102,111,118,133,134,150,173,185
96:0,34,37,70,83,219,143,147,151,154,203,230,235,236
97:4,13,43,50,142,100,103,120,144,145,159,179,195,204,207,216,224
98:23,46,47,49,50,56,59,67,73,87,89,203,118,121,147,165,175,198,202,239
99:2,12,17,54,64,69,232,101,105,107,127,147,152,158,164,166,191,197,215,237
100:13,22,42,43,55,71,74,81,97,208,113,119,122,125,135,141,145,166,181,184,212,224,227,230
101:8,63,99,118,137,153,156,164,183,200,202,207,211,239
102:3,9,18,37,55,58,75,84,85,95,124,109,119,122,133,164,173,203,212,228,229,231,233
103:0,7,10,17,18,25,29,36,43,66,67,90,97,238,120,121,124,126,127,128,138,139,145,159,165,187,190,193,203,206,211
104:1,19,20,25,60,71,81,93,94,188,201,215,229
105:10,21,22,26,39,46,56,61,76,99,142,113,120,140,157,161,167,169,180,185,187,235,239
106:9,24,31,36,50,76,92,232,113,118,121,143,144,160,161,167,183,194,208,217,231
107:17,18,20,25,27,40,42,79,99,126,131,133,143,160,171,188,199,205,209,234,235
108:24,56,58,59,67,82,223,117,129,135,136,138,140,153,156,168,185,220,232
109:3,5,19,23,45,60,62,73,102,123,118,151,158,165,167,173,178,209,215,219,236
110:1,4,10,14,25,26,39,47,77,83,85,148,121,125,136,140,151,158,198,223,230
111:1,7,11,15,33,40,45,58,65,74,82,84,95,239,113,121,138,151,188,193,224,226
112:4,14,24,34,58,59,62,65,80,90,94,222,148,151,164,197,221,233
113:17,18,20,49,51,54,65,67,89,100,105,106,111,235,132,149,153,162,163,164,165,166,177,185,197,208,214
114:32,55,61,70,71,77,87,90,147,115,188,195,198,200,204,206,223
115:1,12,26,69,70,114,204,143,159,169,181,191,226
116:3,4,11,19,27,29,31,36,38,56,68,83,221,120,136,148,155,168,187,195,215,216,217,218,227,228,230
117:6,42,57,59,93,108,175,121,128,185,188,198,199,201,212,225,238
118:2,25,31,32,58,67,95,98,101,106,109,182,119,124,138,143,157,165,201,221
119:4,15,24,30,33,35,81,100,102,118,178,134,140,142,154,191,218,233
120:1,7,11,20,54,56,57,69,76,83,84,94,97,103,105,116,222,123,133,136,140,145,154,165,167,178,184,194,225
121:15,17,21,27,28,55,65,70,91,98,103,106,110,111,117,217,137,145,153,155,168,173,179,184
122:6,35,51,73,85,100,102,221,132,133,151,155,174,177,189,210,229,235
123:27,30,35,45,49,68,75,109,120,135,136,141,167,170,175,194,195,206,208,232
124:21,55,59,63,68,102,103,118,220,133,135,157,161,165,174,185,189,194,210,216,218,232
125:18,24,37,64,65,77,81,100,110,164,126,127,173,176,183,196,215
126:3,12,15,21,23,33,42,46,49,56,57,62,63,76,82,85,87,103,107,125,171,143,152,160,175,188,191,217,222,235
127:16,36,42,48,53,60,75,78,99,103,125,219,132,140,153,161,172,194,197,210,212,213,226
128:2,4,27,52,57,58,64,65,68,75,103,117,133,153,154,158,185,204,215,220,221,226,230
129:34,35,43,65,89,90,108,201,153,155,157,161,171,175,181,182,198,227
130:1,5,13,17,52,70,78,91,195,141,159,164,169,202,232
131:27,37,52,82,87,107,156,152,203,206,216,220,227,233
132:1,11,23,34,70,83,89,94,113,122,127,190,158,159,165,178,179,192,202,211
133:4,14,22,32,42,48,81,86,95,102,107,120,122,124,128,206,137,145,153,188,204,213,221,238
134:3,7,10,31,33,48,49,75,90,91,93,95,119,232,143,150,169,172,174,184,187,205,213,215
135:76,78,83,100,108,123,124,217,141,142,182,220,225
136:18,21,25,29,41,48,58,59,108,110,116,120,123,138,139,141,147,163,187,198,201,205,212,228,230
137:0,6,49,53,81,83,101,121,133,140
138:2,9,28,43,57,103,108,111,118,136,231,140,144,195,223,229,233,239
139:48,51,68,92,103,136,193,141,150,187,191,205,209,216,233
140:1,9,32,44,55,59,61,76,93,105,108,110,119,120,127,137,138,214,145,146,152,181,189,192,209,221
141:1,13,16,26,56,57,59,76,77,79,100,123,130,135,136,139,217,148,171,175,182,231
142:7,14,41,43,55,72,74,87,92,97,105,119,135,180,143,151,171,181,196,212,226
143:2,25,33,34,42,43,63,77,79,96,106,107,115,118,126,134,142,169,145,147,149,181,189,208,210,220,225
144:18,29,31,41,45,48,83,85,97,106,138,163,158,200,201,217
145:11,31,32,39,44,55,69,76,92,97,100,103,120,121,133,140,143,221,155,173,197,198,210,216,220,234
146:2,33,42,44,56,66,72,76,81,84,92,94,140,173,180,188,207
147:3,9,21,27,40,61,93,96,98,99,114,136,143,179,148,176,178,186,197,230
148:24,41,51,63,94,110,112,116,141,147,172,169,212,215,234
149:39,41,55,92,113,143,202,154,228
150:1,16,45,55,58,65,86,95,134,139,183,151,153,154,165,179,189,192,197,215,224,227,230,233
151:2,16,19,24,27,30,35,65,81,88,96,109,110,111,112,122,142,150,200,171,172,226,233
152:3,13,36,59,73,74,80,82,85,99,126,131,140,172,239
153:3,10,29,68,73,76,80,88,101,108,113,121,127,128,129,133,150,221,156,157,174,182,185,197,204,225
154:18,22,29,51,58,59,68,94,96,119,120,128,149,150,164,157,160,175,178,187,228
155:14,15,18,21,36,39,65,71,74,80,86,116,121,122,129,145,209,167,177,178,184,200,228,234,235
156:17,46,54,101,108,131,153,157,169,172,183,221,233,234
157:1,6,13,14,24,25,66,71,90,105,118,124,129,153,154,156,216,164,182,188,219,224,236,237
158:7,8,28,30,39,62,66,73,90,92,99,109,110,128,132,144,226,161,168,189,192,213,228
159:33,40,60,73,83,97,103,115,130,132,190,170,179,183,208,213,235
160:21,29,31,44,61,72,74,79,87,91,106,107,126,154,213,166,171,186,193,194,222,225
161:5,25,60,80,105,106,124,127,129,158,232,162,183,198,219,220,233
162:7,60,62,66,75,87,94,113,161,191,190,202,219,221
163:5,10,63,64,69,113,136,144,177,181,194,207,215,221,227,228,238
164:2,5,7,30,38,42,45,46,50,74,99,101,102,112,113,125,130,154,157,173,175,181,185,196,198,221,228
165:3,39,68,73,76,78,79,83,93,98,103,109,113,118,120,124,132,150,223,167,168,186,196,212,219
166:14,16,26,30,39,52,58,68,77,99,100,113,160,225,198,205,220,237
167:1,24,37,44,69,70,88,90,105,106,109,120,123,155,165,192,178,212,216,226,229,231,239
168:2,4,21,46,47,49,92,108,116,121,158,165,200,185,202,226,227
169:2,13,23,37,41,56,65,76,92,105,115,130,134,143,148,156,230,206,216,227
170:11,35,42,49,71,73,79,83,84,123,159,182,174,186,191,203,204,210,239
171:6,9,42,46,59,69,90,107,126,129,141,142,151,160,189,177,179,187,213
172:12,39,51,54,62,127,134,148,151,152,156,226,173,203,216
173:1,10,43,45,55,63,78,79,95,102,109,121,125,145,146,164,172,232,177,181,182,194,203,204,215,239
174:12,25,53,63,76,122,124,134,153,170,231,175,180,184,185,189,195,197,199,232,234,237,238
175:18,20,33,35,36,37,39,55,56,61,74,82,87,93,94,98,117,123,126,129,141,154,164,174,202,189,191,192,196,211,215,217,222,236,239
176:14,15,32,54,89,125,147,194,178,200,215,221,232
177:14,22,38,52,57,62,89,113,122,155,163,171,173,213,192,200,223,230,238
178:2,12,33,42,44,49,59,62,65,69,71,79,87,109,119,120,132,147,154,155,167,176,217,189,199,201,230,235
179:14,16,23,26,30,46,74,81,97,121,132,147,150,159,171,182,193
180:3,8,13,33,43,53,73,75,89,91,92,105,142,146,174,232,184,213,215,231
181:8,14,19,30,52,100,115,129,140,142,143,163,164,173,236,189,202,214,228,235,237
182:2,6,22,26,58,61,66,67,88,118,129,135,141,153,157,170,173,179,236,183,189,191,194,199,218
183:0,5,26,74,87,92,101,106,125,150,156,159,161,182,221,199,205,209
184:5,7,8,18,33,57,63,75,79,85,88,91,100,120,121,134,155,174,180,205,187,208,219,233
185:13,16,32,43,82,90,95,105,108,113,117,124,128,153,164,168,174,198,191,194,206,207,209,219,224,232
186:13,23,28,34,38,40,44,64,72,83,88,90,147,160,165,170,215,204,205,235
187:4,10,38,39,41,51,68,70,103,105,116,134,136,139,154,171,184,210,189,193,208,213,215
188:27,34,35,38,42,43,56,60,92,104,107,111,114,117,126,133,146,157,195,213,228
189:22,45,52,66,71,122,124,140,143,150,158,171,174,175,178,181,182,187,225,192,195,208,215,220,233
190:3,13,31,39,53,55,62,72,74,80,103,132,159,162,234,209,216,222
191:15,82,89,99,115,119,126,139,162,170,175,182,185,203,192,196,213,220
192:10,60,61,68,69,83,91,132,140,150,158,167,175,177,189,191,216,217,223,230
193:24,34,38,47,53,57,59,72,90,103,111,139,160,179,187,216,210,230
194:9,10,14,17,34,40,51,59,64,67,76,90,93,106,120,123,124,127,160,163,173,176,182,185,225,207,216,232
195:19,37,40,62,91,97,114,116,123,130,138,174,188,189,210,196,209,218,219,220,221,230
196:2,13,31,39,42,59,61,72,78,125,142,164,165,175,191,195,212,197
197:2,24,40,79,99,112,113,127,145,147,150,153,174,196,207,214,218,233
198:14,15,41,73,92,93,98,110,114,117,129,136,145,161,164,166,185,222
199:1,5,9,18,24,27,37,46,64,67,91,94,107,117,174,178,182,183,213,220,225,226
200:0,9,10,12,46,49,64,77,80,94,101,114,144,151,155,168,176,177,207,213,234
201:6,8,13,18,61,66,87,104,117,118,129,136,144,178,230,206,210,223
202:21,26,62,71,78,85,98,101,130,132,149,162,168,175,181,204,217,220,231
203:4,20,22,31,35,48,68,69,74,96,98,102,103,131,170,172,173,191,228,230,231,235
204:4,5,26,27,28,39,43,46,65,66,75,83,97,114,115,128,133,153,170,173,186,202,206,215,234,235
205:1,27,51,78,83,85,107,134,136,139,166,183,184,186,238,224
206:14,21,44,45,69,103,114,123,131,133,169,185,201,204,234,223,224,227
207:4,32,38,55,67,68,77,90,97,101,146,163,185,194,197,200,234,208,230
208:42,51,53,75,78,79,100,106,113,123,143,159,184,187,189,207,219
209:2,6,8,26,73,83,84,92,107,109,139,140,155,183,185,190,195,231,210,224
210:29,31,52,60,61,79,122,124,127,143,145,170,187,193,195,201,209,225,221,228,235,236
211:10,75,80,88,91,92,101,103,132,175,239,212,213,220
212:12,59,70,72,86,88,100,102,117,127,136,142,148,165,167,196,211,231,228,238,239
213:12,62,90,127,133,134,158,159,160,171,177,180,187,188,191,199,200,211,214,219,222
214:9,15,25,32,35,41,46,52,65,82,85,87,113,140,181,197,213,234,216,231
215:21,28,31,80,83,89,99,104,109,116,125,128,134,148,150,163,173,175,176,180,186,187,189,204,235,236
216:14,25,41,47,51,65,80,92,97,116,124,131,139,145,157,167,169,172,190,192,193,194,214,218,221
217:9,23,43,45,48,52,64,77,81,106,116,121,126,135,141,144,175,178,192,202,218
218:0,11,21,28,29,32,40,47,53,73,92,116,119,124,182,195,197,216,217,231,226,228
219:8,32,39,44,66,78,79,88,96,109,127,157,161,162,165,184,185,195,208,213,222
220:10,27,28,45,54,77,79,108,124,128,131,135,143,145,161,166,189,191,195,199,202,211,231,223,225,236
221:14,26,31,33,38,40,64,66,112,116,118,122,128,133,140,145,153,156,162,163,164,176,183,195,210,216,231,222
222:29,31,61,75,83,85,94,112,120,126,160,175,190,198,213,219,221,228,231
223:25,27,35,36,75,108,110,114,138,165,177,192,201,206,220,233,224
224:13,17,20,24,31,94,97,100,111,150,157,185,205,206,209,223,231,229,233
225:17,43,48,49,57,68,117,120,135,143,153,160,166,189,194,199,210,220,237,233
226:18,19,111,115,127,128,142,151,158,167,168,172,199,218,233
227:1,38,45,55,65,66,85,100,116,129,131,150,163,168,169,206,231,233,234,236
228:44,52,89,102,116,136,149,154,155,158,163,164,181,188,203,210,212,218,222,231
229:2,11,55,82,83,87,102,104,122,138,167,224,234,233,239
230:0,26,67,74,80,96,100,110,116,128,136,147,150,169,177,178,192,193,195,201,203,207,238
231:16,17,28,33,53,55,60,90,102,106,138,141,167,174,180,202,203,209,212,214,218,220,221,222,224,227,228,233
232:4,15,23,37,56,60,72,81,83,99,106,108,123,124,130,134,161,173,174,176,180,185,194,236,233
233:5,10,16,22,25,38,43,50,93,102,112,119,131,138,139,150,151,156,161,184,189,197,223,224,225,226,227,229,231,232,239
234:1,20,46,63,66,76,86,89,107,145,148,155,156,174,190,200,204,206,207,214,227,229,239
235:11,25,33,58,60,80,83,88,96,105,107,113,122,126,155,159,178,181,186,203,204,210,215,238
236:1,19,20,34,39,72,83,91,96,109,157,175,181,182,210,215,220,227,232,239,238
237:25,51,62,85,99,157,166,174,181,225,238
238:17,28,32,39,59,66,72,79,85,86,90,93,95,103,117,133,163,174,177,205,212,230,235,236,237,239
239:16,34,45,66,86,98,101,105,111,138,152,167,170,173,175,211,212,229,233,234,236,238
