0:72,17,45,61,166,219
1:53,12,26,54,70,144,180
2:35,36,80
3:147,30,85,95,162
4:29,133,144
5:87,58,120,184
6:27,33,51,148,164
7:117,148,159,201
8:160,26,195
9:60,130,205
10:74,70,158,189
11:103,13,99,110,152
12:1,38,144,175,200,205
13:11,90,28,64,73,97,124,158,210
14:196,61,74,161,177,182,205
15:84,125,138,174
16:73,155,201
17:0,208,106,177
18:171,173,177,197
19:61,58,82,99,216
20:96,161
21:101,51,90
22:114,39,144
23:185,82,86,93,158,181,211
24:83,58,107,122
25:138,104,164
26:1,8,219,29,94
27:6,170,84,173
28:13,199,35,61,149,161
29:4,26,164,45,74,97,122,141
30:3,102,37,202,212
31:174,74,92,125
32:134,67,154,166
33:6,55,102,173,204
34:168,195,214,218
35:2,28,104
36:2,40,79,95,122,210
37:30,152,64,112,154,190
38:12,51,89,132,145
39:22,168,121,164,201
40:36,43,64,81,141,201,217
41:164,63
42:136,83
43:40,55,80,111,149
44:216,48,65,204
45:0,29,55,93,130
46:102,67,177,206
47:194,158,215
48:44,105,161,183,185
49:137,120,126,135,167,169,180
50:211,53,76,149
51:6,21,38,152,55
52:126,71,95,128,179,208
53:1,50,78
54:1,193,93,117,134,177
55:33,43,45,51,81,57,142
56:107,139,167
57:55,120,103,138,143,214
58:5,19,24,203,70,117
59:168,149
60:9,212,74,91,196,214
61:0,14,19,28,173
62:181,134,153,158
63:41,149
64:13,37,40,206,92,123,128,192
65:44,139,128
66:107,187
67:32,46,217,177,189
68:85,92,98,117,118
69:114,88
70:1,10,58,88,212
71:52,92,131,155,157
72:0,200
73:13,16,93,131,135
74:10,14,29,31,60,125,140,147,153,182,185,199
75:132,211,217
76:50,102,149
77:93,107,116,142,160
78:53,147,113,175,178
79:36,121,90,198
80:2,43,118,145,158,189
81:40,55,145
82:19,23,124,91
83:24,42,152,160,174
84:15,27,217,138,147,170
85:3,68,113,90,182
86:23,189,193,201
87:5,217,115,165
88:69,70,174,96,114,164
89:38,95,201,213
90:13,21,79,85,108
91:60,82,172
92:31,64,68,71,124,207
93:23,45,54,73,77,195,136,141,172,218
94:26,150,120,179
95:3,36,52,89,124,104
96:20,88,197
97:13,29,126,102,150,160
98:68,216,160,162
99:11,19,206,166
100:169,117,163
101:21,157,176,214
102:30,33,46,76,97,154,175,215
103:11,57,207,159
104:25,35,95,189,148
105:48,212,174,209
106:17,167,148,165,176,209
107:24,56,66,77,108,135,155
108:90,107,150,111
109:128,126,169
110:11,170,131,169,171
111:43,108,191,151,209
112:37,155
113:78,85,150,145
114:22,69,88,206,117,164,166,215
115:87,122,159
116:77,193
117:7,54,58,68,100,114,129,188
118:68,80,191,139
119:161,154,184
120:5,49,57,94,143,161
121:39,79,184,130
122:24,29,36,115,168
123:64,219,135
124:13,82,92,95,175,148,154
125:15,31,74,158
126:49,52,97,109,150
127:129,166
128:52,64,65,109,208
129:117,127,158,134,172,196
130:9,45,121,206
131:71,73,110,202,138,210
132:38,75,212,139
133:4,188,193
134:32,54,62,129,191
135:49,73,107,123,182,170,186
136:42,93,219,216
137:49,141
138:15,25,57,84,131,146
139:56,65,118,132,158,183
140:74,162,161
141:29,40,93,137,195,145,193
142:55,77,195,161,179
143:57,120,148,214
144:1,4,12,22,158
145:38,80,81,113,141,173
146:138,152,198,216
147:3,74,78,84,201,148,210,215
148:6,7,104,106,124,143,147,172,165
149:28,43,50,59,63,76,173
150:94,97,108,113,126,152
151:111,177,175
152:11,37,51,83,146,150,180,196,210
153:62,74,162
154:32,37,102,119,124,212
155:16,71,107,112,199,213
156:183,157
157:71,101,156,194
158:10,13,23,47,62,80,125,129,139,144,190,218
159:7,103,115,185
160:8,77,83,97,98,172
161:14,20,28,48,119,120,140,142,198,178,207
162:3,98,140,153,217
163:100,186,183
164:6,25,29,39,41,88,114,197,177
165:87,106,148,215
166:0,32,99,114,127,215,167,211
167:49,56,106,166,203
168:34,39,59,122,208
169:49,100,109,110,199,211
170:27,84,110,135,205,195
171:18,110,183
172:91,93,129,148,160,203,206
173:18,27,33,61,145,149,179,188
174:15,31,83,88,105,192,183
175:12,78,102,124,151,214
176:101,106,179,196
177:14,17,18,46,54,67,151,164,198
178:78,161,195,193
179:52,94,142,173,176,210
180:1,49,152,198
181:23,62,209
182:14,74,85,135,200
183:48,139,156,163,171,174,192,184
184:5,119,121,183,215
185:23,48,74,159,203
186:135,163,194,188,189,209,217
187:66,215,202
188:117,133,173,186,217,199
189:10,67,80,86,104,186,202,216
190:37,158,196
191:111,118,134,217
192:64,174,183,216
193:54,86,116,133,141,178,198
194:47,157,186,199
195:8,34,93,141,142,170,178,198
196:14,60,129,152,176,190,218
197:18,96,164,210
198:79,146,161,177,180,193,195,219
199:28,74,155,169,188,194,200,210
200:12,72,182,199,211
201:7,16,39,40,86,89,147,212,211
202:30,131,187,189,211
203:58,167,172,185,215
204:33,44,213
205:9,12,14,170,213,207
206:46,64,99,114,130,172,216
207:92,103,161,205,217
208:17,52,128,168,217
209:105,106,111,181,186,214
210:13,36,131,147,152,179,197,199,213
211:23,50,75,166,169,200,201,202,217
212:30,60,70,105,132,154,201,216,217
213:89,155,204,205,210,218
214:34,57,60,101,143,175,209,215
215:47,102,114,147,165,166,184,187,203,214,216
216:19,44,98,136,146,189,192,206,212,215,219
217:40,67,75,84,87,162,186,188,191,207,208,211,212,219
218:34,93,158,196,213,219
219:0,26,123,136,198,216,217,218
