0:39,1,3,4,5,7,8,11,12,14,19,24,31,32,33,35,45,46,48,55,56,57,59,61,63,65
1:0,49,2,9,11,18,26,28,29,31,32,39,41,42,43,44,47,48,50,55,59,62,63,64,67
2:1,66,5,6,9,10,19,28,30,33,35,36,38,44,45,48,49,54,57,61,62,63,69
3:0,49,4,6,7,9,12,14,16,21,22,23,24,28,38,45,46,47,53,54,55,56,58,61,64,65,68,69
4:0,3,60,6,7,11,12,13,28,29,35,38,44,46,47,50,52,53,54,55,56,57,58,61,62,65,66,67,69
5:0,2,69,7,9,10,12,13,14,23,28,30,34,43,46,48,50,54,60,68
6:2,3,4,56,7,12,16,17,19,23,27,29,33,36,38,39,40,46,49,51,52,53,58,59,60,62,63,65,67,69
7:0,3,4,5,6,35,13,15,16,17,19,22,28,32,38,39,41,42,43,45,48,50,54,56,62,64,67,68,69
8:0,26,12,14,17,19,20,22,23,24,27,30,31,32,33,34,35,37,38,46,48,50,53,58,60,64,65
9:1,2,3,5,26,12,13,17,19,20,27,30,31,35,36,38,40,41,45,46,47,50,56,58,61,62,67,69
10:2,5,49,13,16,18,24,26,27,28,30,31,43,44,45,50,65,66
11:0,1,4,56,21,22,23,24,25,27,30,32,33,40,46,48,49,54,60,63,64,65,68
12:0,3,4,5,6,8,9,39,13,14,15,20,25,26,27,33,35,36,38,40,42,46,50,51,52,54,55,60,64,66,67
13:4,5,7,9,10,12,65,17,18,19,21,25,28,29,36,38,39,40,42,44,50,53,56,58,66
14:0,3,5,8,12,47,17,20,23,24,26,29,30,40,41,48,49,50,52,53,56,60,61,63,64,67,68
15:7,12,24,18,19,30,32,35,37,38,45,49,52,53,55,56,58,59,60,62,63,65,67
16:3,6,7,10,66,19,21,23,30,33,35,36,37,38,39,40,43,45,49,52,53,54,57,60,61,62,64,65,69
17:6,7,8,9,13,14,46,18,25,26,32,36,38,40,43,45,47,50,54,55,56,58,59,60,63,66,67,69
18:1,10,13,15,17,57,20,21,23,24,27,28,36,39,41,43,50,55,60,62,63,64,65,67
19:0,2,6,7,8,9,13,15,16,42,28,36,39,40,43,44,50,52,55,58,64,65,67,69
20:8,9,12,14,18,45,22,23,24,25,31,33,34,35,41,44,46,47,48,51,52,53,55,56,57,59,60,61,66,67,68,69
21:3,11,13,16,18,45,23,24,28,29,33,35,36,40,49,50,54,59,62,65,66,67
22:3,7,8,11,20,38,26,30,31,32,40,45,46,51,53,54,55,59,60,61,63,69
23:3,5,6,8,11,14,16,18,20,21,59,24,25,27,34,37,38,46,48,49,51,52,61,62,63,64
24:0,3,8,10,11,14,15,18,20,21,23,66,27,28,30,36,39,41,42,43,47,51,52,56,60,63,64,69
25:11,12,13,17,20,23,51,26,31,32,34,42,43,45,54,55,58,62,64,68
26:1,8,9,10,12,14,17,22,25,69,27,28,30,32,34,35,37,39,43,44,45,46,47,48,52,55,58,59,61,67
27:6,8,9,10,11,12,18,23,24,26,60,28,30,31,33,35,39,45,46,49,51,53,55,56,58,59,63,66,67
28:1,2,3,4,5,7,10,13,18,19,21,24,26,27,68,29,30,31,32,33,34,38,42,45,46,53,55,56,57,58,59,60,61,62,64,69
29:1,4,6,13,14,21,28,59,31,35,43,47,48,50,53,54,55,56,57,58,60,61,64,67
30:2,5,8,9,10,11,14,15,16,22,24,26,27,28,65,31,44,47,48,55,58,59,61,64,68,69
31:0,1,8,9,10,20,22,25,27,28,29,30,42,32,33,38,40,43,44,45,46,48,49,51,54,59,61,64,65,66,67,69
32:0,1,7,8,11,15,17,22,25,26,28,31,69,35,37,38,39,41,43,44,46,49,50,51,56,57,60,63,65,66,67,68
33:0,2,6,8,11,12,16,20,21,27,28,31,62,35,36,37,40,41,42,44,45,47,52,55,58,60,61,64,67,69
34:5,8,20,23,25,26,28,39,35,36,37,38,40,41,43,44,49,55,56,57,59,60,62,63,65,67,69
35:0,2,4,7,8,9,12,15,16,20,21,26,27,29,32,33,34,43,46,48,49,50,51,59,61,65,66
36:2,6,9,12,13,16,17,18,19,21,24,33,34,58,41,42,43,44,47,48,50,56,61,62,63,69
37:8,15,16,23,26,32,33,34,51,38,45,49,52,53,57,59,60,66,69
38:2,3,4,6,7,8,9,12,13,15,16,17,22,23,28,31,32,34,37,65,40,41,42,45,48,49,55,59,60,61
39:0,1,6,7,12,13,16,18,19,24,26,27,32,34,43,40,41,46,51,52,53,54,61,62,65,69
40:6,9,11,12,13,14,16,17,19,21,22,31,33,34,38,39,60,43,45,46,49,50,51,52,54,55,57,58,61,62,66,67,68,69
41:1,7,9,14,18,20,24,32,33,34,36,38,39,57,42,43,45,46,48,49,50,53,54,58,59,61,63,69
42:1,7,12,13,19,24,25,28,31,33,36,38,41,64,44,45,46,48,50,53,54,55,56,60,65,68,69
43:1,5,7,10,16,17,18,19,24,25,26,29,31,32,34,35,36,39,40,41,63,45,58,60,61,62,65,67,68
44:1,2,4,10,13,19,20,26,30,31,32,33,34,36,42,67,45,46,49,50,53,64,65,68
45:0,2,3,7,9,10,15,16,17,20,21,22,25,26,27,28,31,33,37,38,40,41,42,43,44,60,46,47,48,49,51,59,61,62,65,67
46:0,3,4,5,6,8,9,11,12,17,20,22,23,26,27,28,31,32,35,39,40,41,42,44,45,55,48,51,52,53,57,58,60
47:1,3,4,9,14,17,20,24,26,29,30,33,36,45,65,48,53,57,58,59,62,66,68
48:0,1,2,5,7,8,11,14,20,23,26,29,30,31,35,36,38,41,42,45,46,47,67,49,51,52,53,58,60,62,65,66,68
49:1,2,3,6,10,11,14,15,16,21,23,27,31,32,34,35,37,38,40,41,44,45,48,54,52,57,59,63,64,65,66,67
50:1,4,5,7,8,9,10,12,13,14,17,18,19,21,29,32,35,36,40,41,42,44,56,53,54,58,59,60,61,64,65,66,68,69
51:6,12,20,22,23,24,25,27,31,32,35,37,39,40,45,46,48,61,53,54,56,58,59,62,65,66,67
52:4,6,12,14,15,16,19,20,23,24,26,33,37,39,40,46,48,49,54,58,61,67
53:3,4,6,8,13,14,15,16,20,22,27,28,29,37,39,41,42,44,46,47,48,50,51,61,54,55,57,58,64,66,69
54:2,3,4,5,7,11,12,16,17,21,22,25,29,31,39,40,41,42,49,50,51,52,53,58,56,62,68
55:0,1,3,4,12,15,17,18,19,20,22,25,26,27,28,29,30,33,34,38,40,42,46,53,57,60,67
56:0,3,4,6,7,9,11,13,14,15,17,20,24,27,28,29,32,34,36,42,50,51,54,58,57,60,64
57:0,2,4,16,18,20,28,29,32,34,37,40,41,46,47,49,53,55,56,63,62,66,68
58:3,4,6,8,9,13,15,17,19,25,26,27,28,29,30,33,36,40,41,43,46,47,48,50,51,52,53,54,56,61,60,63,64,66,68
59:0,1,6,15,17,20,21,22,23,26,27,28,29,30,31,34,35,37,38,41,45,47,49,50,51,65,63,68
60:4,5,6,8,11,12,14,15,16,17,18,20,22,24,27,28,29,32,33,34,37,38,40,42,43,45,46,48,50,55,56,58,64,61,63,65,66,68
61:0,2,3,4,9,14,16,20,22,23,26,28,29,30,31,33,35,36,38,39,40,41,43,45,50,51,52,53,58,60,68,62,64,66,69
62:1,2,4,6,7,9,15,16,18,21,23,25,28,33,34,36,39,40,43,45,47,48,51,54,57,61,65,66,67
63:0,1,2,6,11,14,15,17,18,22,23,24,27,32,34,36,41,43,49,57,58,59,60,64
64:1,3,7,8,11,12,14,16,18,19,23,24,25,28,29,30,31,33,42,44,49,50,53,56,58,60,61,63,66,67,69
65:0,3,4,6,8,10,11,13,15,16,18,19,21,30,31,32,34,35,38,39,42,43,44,45,47,48,49,50,51,59,60,62,69,66
66:2,4,10,12,13,16,17,20,21,24,27,31,32,35,37,40,47,48,49,50,51,53,57,58,60,61,62,64,65,69,68
67:1,4,6,7,9,12,14,15,17,18,19,20,21,26,27,29,31,32,33,34,40,43,44,45,48,49,51,52,55,62,64,69
68:3,5,7,11,14,20,25,28,30,32,40,42,43,44,47,48,50,54,57,58,59,60,61,66,69
69:2,3,4,5,6,7,9,16,17,19,20,22,24,26,28,30,31,32,33,34,36,37,39,40,41,42,50,53,61,64,65,66,67,68
