0:18,1,2,6,8,9,14,23
1:0,2,8,11,19,24
2:0,1,26,24,27
3:18,6,12,19,20,26,29
4:10,14,21
5:8,10,13,23
6:0,3,28,11,19,21,23
7:22,15,19,21,27
8:0,1,5,21,11,18,24
9:0,10,19,21,22,23,25,27
10:4,5,9,21,12,14,15,23,28
11:1,6,8,15,12,19,27
12:3,10,11,21,13,28,29
13:5,12,20,23,28
14:0,4,10,20,15,19,23
15:7,10,11,14,25,24
16:17,26
17:16,24,23,28
18:0,3,8,28,22,25
19:1,3,6,7,9,11,14,27,21
20:3,13,14,27,23,28,29
21:4,6,7,8,9,10,12,19,28,25
22:7,9,18,29,25,27
23:0,5,6,9,10,13,14,17,20,27,28
24:1,2,8,15,17,26,27
25:9,15,18,21,22,26,28
26:2,3,16,24,25,29
27:2,7,9,11,19,20,22,23,24,29,28
28:6,10,12,13,17,18,20,21,23,25,27,29
29:3,12,20,22,26,27,28
