0:2,4,6,7,10,23,27,30,31,33,36,37,39,40,41,45,53,55,57,59,61,67,68,69
1:66,5,6,7,10,15,17,18,22,27,35,36,37,38,44,47,51,56,58,62,68,69
2:0,33,5,6,11,12,13,14,16,18,23,25,26,27,30,31,36,38,41,42,43,51,55,57,64,66,69
3:22,4,9,10,11,13,15,21,24,27,32,36,37,38,39,43,45,49,50,51,54,55,56,58,59,61,62,64,65,66,67
4:0,3,57,6,7,8,9,11,12,13,17,18,19,23,24,26,28,32,33,35,37,38,40,42,45,49,56,58,60,61,66,67
5:1,2,66,6,17,20,23,26,27,28,37,40,41,43,44,46,47,48,49,50,53,56,57,65,69
6:0,1,2,4,5,10,8,9,14,15,21,22,23,24,26,29,31,35,39,41,42,45,53,56,62,63,64,68
7:0,1,4,43,9,10,15,16,18,19,26,33,34,35,36,37,39,41,44,45,46,48,50,51,52,54,56,57,60,61,65,66,67
8:4,6,50,21,25,26,27,32,39,41,42,46,48,49,51,52,53,54,56,59,63,64,66,67
9:3,4,6,7,28,13,14,19,20,23,24,26,27,29,31,32,33,35,36,37,38,40,41,42,47,49,50,59,60,62,63,64,67,69
10:0,1,3,6,7,33,13,14,20,21,23,26,31,32,36,41,42,43,44,45,46,47,53,54,67,68,69
11:2,3,4,39,12,13,14,15,18,19,20,22,24,26,28,31,33,35,36,37,40,43,46,47,50,52,55,58,60,61,66,67
12:2,4,11,17,14,15,19,20,21,23,25,29,30,35,36,37,40,41,46,47,49,53,55,59,60,61,64,65,67,69
13:2,3,4,9,10,11,66,14,15,16,17,22,23,26,34,37,39,40,44,47,50,52,54,55,56,58,59,60,61,62,63,65,68
14:2,6,9,10,11,12,13,53,17,18,22,23,25,36,40,45,47,50,52,57,62,65,66
15:1,3,6,7,11,12,13,51,19,22,25,26,31,32,37,42,43,44,49,54,55,61,65
16:2,7,13,43,17,24,27,31,32,34,35,37,40,44,46,49,54,55,57,67,69
17:1,4,5,12,13,14,16,56,19,20,23,24,25,26,27,32,33,43,48,49,50,51,52,61,62,67,68
18:1,2,4,7,11,14,36,19,21,24,30,31,35,38,42,43,51,52,53,56,59,61,64,65
19:4,7,9,11,12,15,17,18,29,20,22,24,26,27,28,31,33,38,41,43,44,48,51,52,53,57,58,60,62,63,64,65
20:5,9,10,11,12,17,19,52,21,24,25,27,30,31,32,35,36,38,40,42,44,47,50,53,55,56,58,60,62,64,67,68
21:3,6,8,10,12,18,20,45,25,31,39,41,43,46,47,51,55,56,57,58,59,63,67
22:1,3,6,11,13,14,15,19,40,26,27,29,30,32,36,38,41,42,43,47,48,50,52,60,64
23:0,2,4,5,6,9,10,12,13,14,17,44,24,28,30,31,32,33,34,36,41,46,47,49,50,51,52,56,63,66,68
24:3,4,6,9,11,16,17,18,19,20,23,42,26,27,29,33,41,45,46,47,52,55,56,57,62,63,65,67
25:2,8,12,14,15,17,20,21,44,26,30,32,33,35,40,41,43,49,53,57,65,68
26:2,4,5,6,7,8,9,10,11,13,15,17,19,22,24,25,64,30,31,32,37,38,39,42,51,52,54,55,57,63,67,68,69
27:0,1,2,3,5,8,9,16,17,19,20,22,24,51,28,31,33,34,35,42,43,45,46,48,50,54,57,59,62,63,64,65,66,68,69
28:4,5,9,11,19,23,27,36,30,31,34,38,41,42,44,49,51,55,59,60,62,66,67
29:6,9,12,19,22,24,47,35,36,40,41,44,49,51,52,53,54,56,58,64,65,67
30:0,2,12,18,20,22,23,25,26,28,55,36,38,39,43,44,45,46,53,57,58,61,62,66,68,69
31:0,2,6,9,10,11,15,16,18,19,20,21,23,26,27,28,55,33,34,36,38,40,41,42,45,46,47,49,51,54,57,60,62,63,64,67
32:3,4,8,9,10,15,16,17,20,22,23,25,26,33,36,38,43,44,46,47,48,49,50,51,52,53,55,58,61,63
33:0,2,4,7,9,10,11,17,19,23,24,25,27,31,32,67,35,36,42,46,47,50,53,54,55,61,62,66,69
34:7,13,16,23,27,28,31,41,36,38,45,56,57,61,63,65,66,68
35:1,4,6,7,9,11,12,16,18,20,25,27,29,33,46,39,50,56,57,59,60,62,63,68
36:0,1,2,3,7,9,10,11,12,14,18,20,22,23,28,29,30,31,32,33,34,60,37,38,45,47,51,54,55,56,57,59,67
37:0,1,3,4,5,7,9,11,12,13,15,16,26,36,41,38,43,44,50,51,59,60,63,64
38:1,2,3,4,9,18,19,20,22,26,28,30,31,32,34,36,37,51,41,43,47,49,50,53,56,60,64,66
39:0,3,6,7,8,11,13,21,26,30,35,41,42,44,46,47,49,50,57,59,60,64,65
40:0,4,5,9,11,12,13,14,16,20,22,25,29,31,60,42,46,49,50,54,55,56,57,59,62,63,67,69
41:0,2,5,6,7,8,9,10,12,19,21,22,23,24,25,28,29,31,34,37,38,39,52,43,44,46,47,50,53,55,60,61,64
42:2,4,6,8,9,10,15,18,20,22,24,26,27,28,31,33,39,40,54,44,48,52,53,58,60,61,65,66,67,69
43:2,3,5,7,10,11,15,16,17,18,19,21,22,25,27,30,32,37,38,41,66,47,48,55,57,58,59,60,62,64
44:1,5,7,10,13,15,16,19,20,23,25,28,29,30,32,37,39,41,42,47,45,54,58,59,60,61,69
45:0,3,4,6,7,10,14,21,24,27,30,31,34,36,44,68,46,48,49,53,57,60,61
46:5,7,8,10,11,12,16,21,23,24,27,30,31,32,33,35,39,40,41,45,62,48,49,50,52,58,59,63,64,67
47:1,5,9,10,11,12,13,14,20,21,22,23,24,29,31,32,33,36,38,39,41,43,44,49,50,51,60,62,63,64,66,69
48:5,7,8,17,19,22,27,32,42,43,45,46,65,53,55,58,61,62,69
49:3,4,5,8,9,12,15,16,17,23,25,28,29,31,32,38,39,40,45,46,47,62,55,57,58,61,63,65
50:3,5,7,8,9,11,13,14,17,20,22,23,27,32,33,35,37,38,39,40,41,46,47,63,54,55,58,59,60,61,66,69
51:1,2,3,7,8,15,17,18,19,21,23,26,27,28,29,31,32,36,37,38,47,61,54,57,58,59,62,64,68,69
52:7,8,11,13,14,17,18,19,20,22,23,24,26,29,32,41,42,46,69,53,60,64,67,68
53:0,5,6,8,10,12,14,18,19,20,25,29,30,32,33,38,41,42,45,48,52,64,56,58,59,61,63,66,67
54:3,7,8,10,13,15,16,26,27,29,31,33,36,40,42,44,50,51,57,55,58,59,65,66
55:0,2,3,11,12,13,15,16,20,21,24,26,28,30,31,32,33,36,40,41,43,48,49,50,54,56,59,61,67
56:1,3,4,5,6,7,8,13,17,18,20,21,23,24,29,34,35,36,38,40,53,55,65,58,60,62,64,66,68,69
57:0,2,4,5,7,14,16,19,21,24,25,26,27,30,31,34,35,36,39,40,43,45,49,51,54,68,59,60,63,65,66,69
58:1,3,4,11,13,19,20,21,29,30,32,42,43,44,46,48,49,50,51,53,54,56,65,61,63,64
59:0,3,8,9,12,13,18,21,27,28,35,36,37,39,40,43,44,46,50,51,53,54,55,57,68,65,66,69
60:4,7,9,11,12,13,19,20,22,28,31,35,36,37,38,39,40,41,42,43,44,45,47,50,52,56,57,64,66,67,68
61:0,3,4,7,11,12,13,15,17,18,30,32,33,34,41,42,44,45,48,49,50,51,53,55,58,67,64,68
62:1,3,6,9,13,14,17,19,20,24,27,28,30,31,33,35,40,43,46,47,48,49,51,56,65,68,69
63:6,8,9,13,19,21,23,24,26,27,31,32,34,35,37,40,46,47,49,50,53,57,58,65,66,67,68,69
64:2,3,6,8,9,12,18,19,20,22,26,27,29,31,37,38,39,41,43,46,47,51,52,53,56,58,60,61,65,68,69
65:3,5,7,12,13,14,15,18,19,24,25,27,29,34,39,42,48,49,54,56,57,58,59,62,63,64,68,66,67
66:1,2,3,4,5,7,8,11,13,14,23,27,28,30,33,34,38,42,43,47,50,53,54,56,57,59,60,63,65,69
67:0,3,4,7,8,9,10,11,12,16,17,20,21,24,26,28,29,31,33,36,40,42,46,52,53,55,60,61,63,65,69
68:0,1,6,10,13,17,20,23,25,26,27,30,34,35,45,51,52,56,57,59,60,61,62,63,64,65,69
69:0,1,2,5,9,10,12,16,26,27,30,33,40,42,44,47,48,50,51,52,56,57,59,62,63,64,66,67,68
